Time,Close,High,Low,Open,Volume
09:30,81.22,81.89,81.01,81.83,102397.0
09:31,80.93,81.38,80.93,81.18,10235.0
09:32,81.82,81.85,81.17,81.18,8819.0
09:33,82.02,82.1,81.66,81.7,41215.0
09:34,82.14,82.2,81.96,82.05,3081.0
09:35,81.99,82.39,81.92,82.14,5895.0
09:36,81.97,82.1,81.82,81.99,14574.0
09:37,82.05,82.13,81.91,81.98,5368.0
09:38,82.25,82.25,82.12,82.13,5594.0
09:39,82.0,82.36,81.97,82.25,11728.0
09:40,82.02,82.1,81.72,82.03,9102.0
09:41,82.03,82.07,81.95,82.04,4285.0
09:42,82.11,82.11,81.99,82.06,6469.0
09:43,82.41,82.54,82.17,82.17,27794.0
09:44,82.32,82.44,82.23,82.39,9363.0
09:45,82.54,82.7,82.3,82.32,18463.0
09:46,82.32,82.5,82.22,82.48,6772.0
09:47,82.36,82.36,82.17,82.3,4245.0
09:48,82.39,82.5,82.39,82.4,13950.0
09:49,82.54,82.54,82.37,82.39,11105.0
09:50,82.65,82.85,82.54,82.59,14284.0
09:51,82.56,82.74,82.49,82.74,8395.0
09:52,82.38,82.55,82.38,82.55,6286.0
09:53,82.21,82.56,82.21,82.39,19371.0
09:54,82.09,82.36,82.09,82.22,3891.0
09:55,82.0,82.21,81.96,82.21,3625.0
09:56,81.88,81.9,81.75,81.88,9867.0
09:57,82.07,82.07,81.84,81.89,9453.0
09:58,81.97,82.08,81.85,82.06,8348.0
09:59,81.87,81.92,81.79,81.87,4931.0
10:00,82.11,82.21,81.91,81.91,18604.0
10:01,82.08,82.11,82.02,82.11,4855.0
10:02,82.31,82.38,82.08,82.08,17027.0
10:03,81.85,82.35,81.85,82.35,21453.0
10:04,81.97,82.06,81.91,81.92,4928.0
10:05,81.85,82.0,81.73,82.0,40687.0
10:06,81.75,81.94,81.75,81.85,16594.0
10:07,82.14,82.14,81.82,81.82,12873.0
10:08,82.25,82.29,82.02,82.14,4437.0
10:09,82.15,82.3,82.11,82.23,7301.0
10:10,82.14,82.2,82.01,82.15,5717.0
10:11,82.17,82.18,82.17,82.18,3646.0
10:12,82.64,82.74,82.17,82.17,21807.0
10:13,82.54,82.76,82.48,82.67,33833.0
10:14,82.39,82.49,82.38,82.48,4798.0
10:15,82.39,82.4,82.28,82.34,5939.0
10:16,82.33,82.5,82.27,82.39,8417.0
10:17,82.31,82.33,82.25,82.32,16418.0
10:18,82.38,82.48,82.23,82.24,18162.0
10:19,82.31,82.43,82.26,82.38,5425.0
10:20,82.35,82.36,82.22,82.31,10386.0
10:21,82.58,82.61,82.39,82.39,11082.0
10:22,82.6,82.64,82.55,82.56,6981.0
10:23,82.6,82.71,82.54,82.58,16996.0
10:24,82.54,82.66,82.52,82.65,8323.0
10:25,82.64,82.64,82.5,82.57,7128.0
10:26,82.66,82.66,82.55,82.65,5707.0
10:27,82.53,82.69,82.52,82.64,13471.0
10:28,82.51,82.56,82.5,82.56,9338.0
10:29,82.45,82.58,82.45,82.57,7482.0
10:30,82.49,82.51,82.42,82.5,5742.0
10:31,82.44,82.5,82.37,82.5,5495.0
10:32,82.66,82.69,82.46,82.52,11601.0
10:33,82.69,82.69,82.57,82.65,2177.0
10:34,82.49,82.64,82.47,82.57,10125.0
10:35,82.39,82.57,82.39,82.51,9893.0
10:36,82.47,82.54,82.38,82.44,4731.0
10:37,82.5,82.57,82.47,82.54,3114.0
10:38,82.68,82.69,82.5,82.5,4630.0
10:39,82.67,82.73,82.61,82.68,11239.0
10:40,82.63,82.67,82.58,82.64,8544.0
10:41,82.66,82.7,82.58,82.69,9786.0
10:42,82.56,82.7,82.5,82.7,25552.0
10:43,82.43,82.63,82.42,82.56,10280.0
10:44,82.44,82.52,82.44,82.48,4045.0
10:45,82.44,82.52,82.44,82.52,2366.0
10:46,82.47,82.58,82.43,82.44,8263.0
10:47,82.36,82.49,82.36,82.49,8163.0
10:48,82.48,82.48,82.32,82.35,7449.0
10:49,82.47,82.57,82.38,82.38,8241.0
10:50,82.32,82.51,82.31,82.44,19237.0
10:51,82.34,82.38,82.32,82.32,5614.0
10:52,82.36,82.48,82.35,82.39,23534.0
10:53,82.4,82.41,82.28,82.35,8276.0
10:54,82.41,82.41,82.25,82.34,10461.0
10:55,82.42,82.52,82.41,82.46,9159.0
10:56,82.33,82.44,82.29,82.41,14235.0
10:57,82.51,82.53,82.37,82.37,10772.0
10:58,82.51,82.51,82.43,82.46,7850.0
10:59,82.54,82.54,82.4,82.42,10678.0
11:00,82.74,82.74,82.47,82.49,13283.0
11:01,82.8,82.94,82.71,82.71,20342.0
11:02,82.82,82.87,82.76,82.78,6565.0
11:03,82.94,82.95,82.81,82.86,4265.0
11:04,82.84,82.95,82.71,82.87,23748.0
11:05,82.8,82.85,82.72,82.75,9584.0
11:06,82.95,82.95,82.84,82.85,7783.0
11:07,83.11,83.12,82.95,82.97,15576.0
11:08,83.0,83.1,82.94,83.09,11209.0
11:09,83.11,83.11,82.94,82.96,11667.0
11:10,83.0,83.14,83.0,83.11,8854.0
11:11,83.11,83.16,83.02,83.02,6759.0
11:12,83.12,83.13,83.05,83.1,8977.0
11:13,83.26,83.26,83.12,83.12,5735.0
11:14,83.11,83.31,83.1,83.25,18097.0
11:15,83.05,83.06,82.91,83.06,17941.0
11:16,82.93,83.04,82.93,83.04,10512.0
11:17,83.03,83.08,82.86,82.91,19860.0
11:18,83.01,83.14,83.0,83.03,4530.0
11:19,83.09,83.2,83.06,83.11,5318.0
11:20,83.19,83.19,83.09,83.09,2758.0
11:21,83.14,83.24,83.11,83.14,5401.0
11:22,83.12,83.18,83.11,83.11,4085.0
11:23,83.12,83.15,83.1,83.11,2591.0
11:24,83.17,83.22,83.13,83.17,4590.0
11:25,83.22,83.22,83.14,83.15,4644.0
11:26,83.21,83.22,83.16,83.17,5757.0
11:27,83.16,83.23,83.16,83.21,5457.0
11:28,83.22,83.26,83.17,83.17,3160.0
11:29,83.16,83.26,83.16,83.25,6054.0
11:30,83.18,83.21,83.14,83.21,9379.0
11:31,83.21,83.22,83.14,83.21,3395.0
11:32,83.28,83.28,83.17,83.22,12496.0
11:33,83.23,83.35,83.22,83.3,9337.0
11:34,83.07,83.26,83.07,83.26,9614.0
11:35,83.04,83.1,83.0,83.1,8432.0
11:36,83.1,83.12,83.06,83.07,2534.0
11:37,83.12,83.14,83.12,83.14,1261.0
11:38,83.04,83.09,83.04,83.08,1655.0
11:39,82.98,83.05,82.91,83.05,12362.0
11:40,83.0,83.02,82.92,82.96,3449.0
11:41,82.96,82.98,82.91,82.97,7835.0
11:42,82.91,82.96,82.85,82.93,12014.0
11:43,82.9,82.98,82.9,82.98,3720.0
11:44,82.92,82.94,82.87,82.88,5290.0
11:45,82.93,82.97,82.93,82.96,1377.0
11:46,82.89,82.91,82.88,82.9,6829.0
11:47,82.97,82.97,82.85,82.89,11017.0
11:48,83.14,83.14,82.93,82.97,8384.0
11:49,83.06,83.15,83.05,83.15,7854.0
11:50,83.04,83.08,83.01,83.08,5478.0
11:51,83.02,83.07,83.02,83.07,2879.0
11:52,83.06,83.07,83.06,83.06,3785.0
11:53,83.03,83.06,82.99,83.04,6021.0
11:54,82.96,83.14,82.96,82.97,13446.0
11:55,83.16,83.16,82.99,82.99,5535.0
11:56,82.98,83.04,82.97,83.03,4957.0
11:57,83.03,83.04,82.98,83.0,4607.0
11:58,83.06,83.17,83.06,83.07,5847.0
11:59,83.1,83.14,83.07,83.09,2512.0
12:00,83.11,83.11,83.1,83.1,889.0
12:01,83.11,83.11,83.05,83.11,2678.0
12:02,83.28,83.28,83.09,83.09,13418.0
12:03,83.21,83.32,83.17,83.25,4656.0
12:04,83.19,83.25,83.17,83.21,2106.0
12:05,83.14,83.19,83.11,83.19,2574.0
12:06,83.06,83.16,83.06,83.14,3094.0
12:07,83.07,83.12,83.04,83.12,5775.0
12:08,83.1,83.1,83.06,83.07,3593.0
12:09,83.08,83.1,83.04,83.1,3167.0
12:10,83.03,83.15,83.0,83.15,5912.0
12:11,83.03,83.03,82.97,83.0,9314.0
12:12,83.07,83.11,83.04,83.04,7180.0
12:13,83.08,83.12,83.05,83.11,3440.0
12:14,82.97,83.06,82.96,83.05,6774.0
12:15,83.01,83.01,83.0,83.01,1986.0
12:16,83.08,83.08,83.0,83.0,5355.0
12:17,83.08,83.17,83.02,83.08,7538.0
12:18,83.09,83.1,83.09,83.09,2267.0
12:19,83.08,83.11,83.04,83.09,2298.0
12:20,83.08,83.12,83.05,83.11,4837.0
12:21,83.12,83.16,83.08,83.08,4661.0
12:22,83.05,83.16,83.0,83.16,9167.0
12:23,83.1,83.12,83.04,83.05,2112.0
12:24,83.09,83.12,83.04,83.12,4163.0
12:25,83.1,83.11,83.08,83.08,2363.0
12:26,83.1,83.1,83.03,83.1,6240.0
12:27,82.99,83.05,82.91,83.05,11523.0
12:28,82.93,83.0,82.92,82.99,17672.0
12:29,82.93,82.98,82.91,82.95,5331.0
12:30,82.99,82.99,82.88,82.93,21196.0
12:31,83.02,83.02,82.96,82.98,2902.0
12:32,83.03,83.03,82.96,82.96,5752.0
12:33,83.02,83.07,83.0,83.0,11248.0
12:34,83.05,83.06,82.97,83.01,6054.0
12:35,83.12,83.15,83.06,83.06,2898.0
12:36,83.22,83.22,83.15,83.16,3417.0
12:37,83.38,83.38,83.24,83.25,3480.0
12:38,83.42,83.48,83.36,83.4,9188.0
12:39,83.6,83.6,83.42,83.42,5635.0
12:40,83.67,83.68,83.59,83.65,5467.0
12:41,83.73,83.73,83.67,83.67,5018.0
12:42,83.7,83.76,83.64,83.71,10980.0
12:43,83.67,83.75,83.67,83.69,9930.0
12:44,83.68,83.72,83.66,83.68,3352.0
12:45,83.66,83.68,83.59,83.68,5841.0
12:46,83.6,83.7,83.54,83.7,6778.0
12:47,83.67,83.73,83.66,83.67,3401.0
12:48,83.78,83.84,83.72,83.73,9979.0
12:49,83.88,83.89,83.8,83.8,5817.0
12:50,83.82,83.88,83.81,83.88,4043.0
12:51,83.74,83.79,83.7,83.79,8643.0
12:52,83.79,83.79,83.71,83.71,5906.0
12:53,83.82,83.82,83.72,83.79,3456.0
12:54,83.71,83.8,83.7,83.8,4332.0
12:55,83.73,83.73,83.73,83.73,709.0
12:56,83.84,83.85,83.74,83.75,6206.0
12:57,83.84,83.9,83.83,83.86,4606.0
12:58,83.84,83.87,83.81,83.81,2452.0
12:59,83.79,83.9,83.74,83.88,13639.0
13:00,83.82,83.82,83.76,83.78,6369.0
13:01,83.87,83.91,83.87,83.88,1781.0
13:02,83.69,83.87,83.69,83.87,7257.0
13:03,83.82,83.84,83.7,83.7,4932.0
13:04,83.89,83.95,83.75,83.8,8536.0
13:05,83.93,83.95,83.9,83.93,2777.0
13:06,84.01,84.02,83.91,83.91,9672.0
13:07,84.02,84.1,83.97,84.01,9396.0
13:08,84.0,84.02,83.96,84.0,3813.0
13:09,83.98,84.05,83.96,83.99,7573.0
13:10,83.99,84.04,83.97,83.97,7244.0
13:11,84.08,84.08,83.97,83.99,3616.0
13:12,84.16,84.18,84.1,84.1,2563.0
13:13,84.21,84.25,84.17,84.18,5104.0
13:14,84.2,84.25,84.12,84.25,12749.0
13:15,84.33,84.33,84.17,84.21,14173.0
13:16,84.3,84.33,84.25,84.29,4368.0
13:17,84.11,84.29,84.11,84.29,9553.0
13:18,84.32,84.35,84.18,84.18,6160.0
13:19,84.28,84.34,84.22,84.28,17715.0
13:20,84.19,84.27,84.18,84.27,5186.0
13:21,84.25,84.25,84.16,84.2,8908.0
13:22,84.2,84.23,84.18,84.22,4378.0
13:23,84.24,84.25,84.18,84.25,7462.0
13:24,84.22,84.25,84.19,84.25,4884.0
13:25,84.17,84.23,84.13,84.23,5777.0
13:26,84.11,84.17,84.11,84.15,4952.0
13:27,84.17,84.17,84.13,84.16,3263.0
13:28,84.08,84.18,84.05,84.17,8624.0
13:29,84.04,84.09,84.03,84.09,2809.0
13:30,84.16,84.24,84.06,84.06,16742.0
13:31,84.14,84.17,84.11,84.13,4112.0
13:32,84.22,84.24,84.18,84.18,4143.0
13:33,84.25,84.25,84.2,84.24,1936.0
13:34,84.24,84.25,84.17,84.19,8668.0
13:35,84.26,84.26,84.21,84.21,7121.0
13:36,84.28,84.33,84.24,84.29,9908.0
13:37,84.25,84.31,84.21,84.31,24084.0
13:38,84.27,84.27,84.19,84.26,8229.0
13:39,84.32,84.34,84.27,84.28,3989.0
13:40,84.45,84.45,84.35,84.35,5973.0
13:41,84.47,84.47,84.38,84.43,10454.0
13:42,84.41,84.49,84.37,84.45,13289.0
13:43,84.34,84.41,84.26,84.41,8075.0
13:44,84.38,84.38,84.38,84.38,820.0
13:45,84.22,84.35,84.22,84.35,5502.0
13:46,84.24,84.26,84.22,84.25,2353.0
13:47,84.25,84.29,84.18,84.21,8476.0
13:48,84.23,84.31,84.18,84.25,5678.0
13:49,84.29,84.29,84.18,84.2,5658.0
13:50,84.3,84.36,84.29,84.3,2566.0
13:51,84.33,84.36,84.31,84.36,1239.0
13:52,84.36,84.36,84.29,84.3,2819.0
13:53,84.21,84.37,84.21,84.36,9324.0
13:54,84.12,84.21,84.08,84.21,7328.0
13:55,83.92,84.05,83.9,84.05,4808.0
13:56,83.86,83.93,83.81,83.92,4641.0
13:57,83.96,83.99,83.9,83.92,4778.0
13:58,83.97,84.01,83.93,83.94,3980.0
13:59,84.02,84.04,83.97,83.97,9410.0
14:00,84.12,84.17,84.03,84.04,5920.0
14:01,84.18,84.21,84.13,84.13,8950.0
14:02,84.21,84.22,84.17,84.17,3668.0
14:03,84.14,84.21,84.14,84.21,5383.0
14:04,84.12,84.19,84.12,84.18,6041.0
14:05,84.15,84.2,84.11,84.13,11166.0
14:06,84.13,84.15,84.11,84.14,6374.0
14:07,84.14,84.17,84.11,84.15,4190.0
14:08,84.07,84.11,84.01,84.11,4132.0
14:09,84.11,84.12,84.03,84.03,5276.0
14:10,84.05,84.13,84.01,84.1,7637.0
14:11,84.07,84.07,84.06,84.06,1792.0
14:12,84.05,84.07,84.02,84.02,3227.0
14:13,84.14,84.14,83.98,84.0,4260.0
14:14,84.14,84.19,84.11,84.11,1468.0
14:15,84.12,84.15,84.1,84.12,4114.0
14:16,84.2,84.21,84.11,84.12,4759.0
14:17,84.13,84.2,84.13,84.19,5094.0
14:18,84.23,84.23,84.19,84.19,3467.0
14:19,84.32,84.34,84.23,84.26,6073.0
14:20,84.25,84.35,84.25,84.32,10589.0
14:21,84.15,84.2,84.15,84.2,4239.0
14:22,84.13,84.18,84.1,84.16,6466.0
14:23,84.15,84.17,84.08,84.17,5269.0
14:24,84.11,84.13,84.09,84.13,4052.0
14:25,84.15,84.18,84.12,84.15,4387.0
14:26,84.15,84.17,84.1,84.17,5808.0
14:27,84.16,84.18,84.11,84.12,5911.0
14:28,84.03,84.15,84.03,84.15,5976.0
14:29,84.08,84.08,84.05,84.05,2829.0
14:30,84.11,84.12,84.07,84.11,4499.0
14:31,84.15,84.15,84.11,84.11,1453.0
14:32,84.11,84.14,84.05,84.14,11191.0
14:33,84.19,84.19,84.1,84.11,7916.0
14:34,84.2,84.21,84.14,84.15,5631.0
14:35,84.25,84.28,84.21,84.21,6452.0
14:36,84.24,84.29,84.23,84.25,8639.0
14:37,84.21,84.3,84.2,84.27,6746.0
14:38,84.21,84.22,84.17,84.18,6933.0
14:39,84.29,84.29,84.24,84.25,11054.0
14:40,84.33,84.33,84.26,84.29,11482.0
14:41,84.26,84.32,84.25,84.32,7387.0
14:42,84.14,84.29,84.14,84.26,7946.0
14:43,84.21,84.21,84.17,84.17,5040.0
14:44,84.18,84.21,84.11,84.21,6359.0
14:45,84.16,84.22,84.14,84.14,8565.0
14:46,84.22,84.24,84.2,84.24,6030.0
14:47,84.33,84.33,84.25,84.25,5326.0
14:48,84.23,84.32,84.23,84.32,8832.0
14:49,84.19,84.25,84.12,84.22,8836.0
14:50,84.15,84.15,84.09,84.14,4244.0
14:51,84.05,84.09,84.01,84.09,6370.0
14:52,84.06,84.09,84.03,84.08,4508.0
14:53,84.02,84.07,84.0,84.04,5744.0
14:54,83.99,84.02,83.96,84.01,14959.0
14:55,84.03,84.03,83.97,83.97,5487.0
14:56,84.09,84.09,84.03,84.03,7738.0
14:57,84.08,84.09,84.06,84.06,5173.0
14:58,84.11,84.16,84.1,84.11,11996.0
14:59,84.14,84.15,84.09,84.09,2738.0
15:00,84.18,84.2,84.14,84.14,7011.0
15:01,84.12,84.18,84.1,84.18,14403.0
15:02,84.19,84.19,84.12,84.14,8999.0
15:03,84.19,84.22,84.17,84.19,6070.0
15:04,84.22,84.22,84.15,84.19,7048.0
15:05,84.23,84.23,84.17,84.2,9480.0
15:06,84.19,84.23,84.17,84.23,9106.0
15:07,84.21,84.21,84.18,84.2,3962.0
15:08,84.21,84.24,84.21,84.22,3253.0
15:09,84.25,84.25,84.23,84.23,6536.0
15:10,84.26,84.3,84.22,84.23,13741.0
15:11,84.27,84.28,84.24,84.27,7944.0
15:12,84.33,84.33,84.3,84.3,6152.0
15:13,84.38,84.4,84.31,84.31,11345.0
15:14,84.39,84.4,84.35,84.36,7224.0
15:15,84.38,84.43,84.37,84.39,12226.0
15:16,84.39,84.43,84.37,84.37,14767.0
15:17,84.34,84.42,84.31,84.39,11372.0
15:18,84.35,84.37,84.33,84.33,5043.0
15:19,84.27,84.35,84.27,84.35,11812.0
15:20,84.29,84.3,84.26,84.27,6763.0
15:21,84.32,84.37,84.32,84.33,8542.0
15:22,84.24,84.32,84.23,84.32,13662.0
15:23,84.08,84.23,84.04,84.22,15606.0
15:24,84.05,84.1,84.03,84.1,5477.0
15:25,83.94,84.06,83.94,84.05,7794.0
15:26,83.93,83.96,83.93,83.94,5352.0
15:27,83.92,83.92,83.88,83.92,6796.0
15:28,83.84,83.89,83.81,83.88,9923.0
15:29,83.92,83.92,83.87,83.87,4681.0
15:30,83.99,83.99,83.92,83.93,9826.0
15:31,83.86,84.0,83.84,84.0,13454.0
15:32,83.91,83.93,83.87,83.87,8770.0
15:33,83.93,83.94,83.9,83.9,5038.0
15:34,83.89,83.92,83.85,83.92,6915.0
15:35,83.94,83.95,83.89,83.89,6950.0
15:36,83.91,83.93,83.89,83.9,5290.0
15:37,83.89,83.93,83.87,83.91,6772.0
15:38,83.91,83.96,83.91,83.91,6995.0
15:39,83.95,83.96,83.82,83.9,22544.0
15:40,83.89,83.96,83.89,83.94,9131.0
15:41,83.9,83.92,83.87,83.92,12113.0
15:42,83.87,83.9,83.85,83.9,6603.0
15:43,83.88,83.89,83.83,83.85,9764.0
15:44,83.84,83.88,83.84,83.87,6520.0
15:45,83.83,83.85,83.79,83.84,7617.0
15:46,83.79,83.82,83.79,83.82,5549.0
15:47,83.86,83.87,83.75,83.79,17916.0
15:48,83.83,83.86,83.82,83.85,10412.0
15:49,83.72,83.84,83.72,83.82,15004.0
15:50,83.97,84.0,83.76,83.77,18315.0
15:51,83.94,83.98,83.83,83.97,20917.0
15:52,83.93,83.94,83.91,83.94,13503.0
15:53,83.91,83.95,83.86,83.93,24131.0
15:54,83.86,83.96,83.84,83.93,20606.0
15:55,83.9,84.05,83.84,83.88,47723.0
15:56,83.88,83.93,83.83,83.89,33250.0
15:57,83.87,83.9,83.82,83.89,43902.0
15:58,83.93,83.94,83.86,83.88,62526.0
15:59,83.77,83.96,83.75,83.94,107805.0
