Time,Close,High,Low,Open,Volume
09:30,83.52,83.86,83.51,83.8,64971.0
09:31,84.28,84.28,83.53,83.53,9396.0
09:32,84.79,84.79,84.25,84.25,3526.0
09:33,85.53,85.56,84.84,84.84,6413.0
09:34,85.59,85.59,85.26,85.56,11445.0
09:35,85.83,85.96,85.42,85.55,11761.0
09:36,85.37,85.55,85.2,85.55,5417.0
09:37,84.92,85.4,84.37,85.4,11538.0
09:38,85.05,85.11,84.91,84.93,13396.0
09:39,85.09,85.2,85.04,85.04,14244.0
09:40,84.92,85.19,84.92,85.09,15399.0
09:41,84.65,84.92,84.5,84.92,6736.0
09:42,85.09,85.09,84.64,84.66,15877.0
09:43,84.85,85.09,84.74,85.09,14690.0
09:44,84.76,84.84,84.76,84.84,602.0
09:45,85.09,85.09,84.84,84.84,18120.0
09:46,85.04,85.22,85.04,85.1,8351.0
09:47,85.33,85.38,85.08,85.08,7749.0
09:48,85.04,85.21,85.04,85.21,6072.0
09:49,85.2,85.2,85.0,85.07,6606.0
09:50,85.07,85.19,85.03,85.16,4763.0
09:51,85.24,85.38,85.03,85.03,3292.0
09:52,85.23,85.28,85.23,85.25,3055.0
09:53,85.14,85.3,85.14,85.3,6517.0
09:54,85.01,85.12,84.91,85.12,7933.0
09:55,84.85,85.04,84.85,84.94,12083.0
09:56,84.73,84.93,84.72,84.93,10506.0
09:57,84.76,84.86,84.69,84.74,13649.0
09:58,84.72,84.85,84.68,84.77,12798.0
09:59,84.68,84.85,84.67,84.81,11946.0
10:00,84.65,84.76,84.62,84.71,10728.0
10:01,84.53,84.63,84.4,84.62,32913.0
10:02,84.5,84.54,84.45,84.47,5960.0
10:03,84.34,84.53,84.28,84.52,7218.0
10:04,84.37,84.55,84.32,84.34,24341.0
10:05,84.48,84.49,84.38,84.38,7588.0
10:06,84.41,84.54,84.39,84.4,12658.0
10:07,84.44,84.49,84.43,84.46,4301.0
10:08,84.51,84.58,84.44,84.44,3860.0
10:09,84.54,84.6,84.49,84.54,6493.0
10:10,84.5,84.55,84.41,84.55,4362.0
10:11,84.43,84.5,84.4,84.5,4732.0
10:12,84.44,84.45,84.39,84.43,3720.0
10:13,84.26,84.4,84.2,84.4,10312.0
10:14,84.1,84.35,84.05,84.35,8784.0
10:15,84.07,84.16,84.06,84.1,5804.0
10:16,83.81,84.02,83.81,84.02,7146.0
10:17,83.74,83.85,83.74,83.85,3986.0
10:18,84.02,84.07,83.78,83.78,9479.0
10:19,83.96,84.06,83.96,84.02,7182.0
10:20,84.15,84.15,84.01,84.05,6202.0
10:21,84.03,84.15,83.98,84.15,4364.0
10:22,84.1,84.1,83.95,84.04,8311.0
10:23,83.97,84.15,83.97,84.13,4282.0
10:24,84.09,84.1,83.98,84.04,27663.0
10:25,84.0,84.06,83.96,84.06,5590.0
10:26,83.96,84.0,83.9,84.0,5271.0
10:27,83.95,84.05,83.94,83.94,8394.0
10:28,84.03,84.03,83.98,83.98,1807.0
10:29,83.98,84.09,83.98,83.99,10756.0
10:30,83.9,84.0,83.88,83.98,8427.0
10:31,83.95,83.95,83.87,83.9,2534.0
10:32,83.92,83.95,83.81,83.95,7821.0
10:33,83.89,84.06,83.87,83.88,8354.0
10:34,83.97,83.97,83.91,83.92,6083.0
10:35,83.95,83.97,83.91,83.97,3630.0
10:36,83.94,84.05,83.92,83.98,9362.0
10:37,83.97,83.99,83.94,83.96,7772.0
10:38,83.89,83.93,83.86,83.92,9734.0
10:39,83.83,83.89,83.83,83.89,2365.0
10:40,83.92,83.97,83.89,83.89,8025.0
10:41,83.88,83.94,83.88,83.94,2683.0
10:42,83.87,83.9,83.84,83.9,4311.0
10:43,83.86,83.87,83.8,83.82,7761.0
10:44,83.85,83.9,83.82,83.86,4362.0
10:45,83.88,83.89,83.84,83.89,1815.0
10:46,83.86,83.87,83.78,83.85,7628.0
10:47,83.82,83.92,83.82,83.87,6167.0
10:48,83.83,83.84,83.77,83.82,1903.0
10:49,83.82,83.85,83.79,83.82,2102.0
10:50,83.77,83.83,83.73,83.83,9846.0
10:51,83.86,83.89,83.75,83.75,3875.0
10:52,83.84,83.86,83.8,83.86,3162.0
10:53,83.84,83.84,83.8,83.84,2044.0
10:54,83.88,83.92,83.82,83.85,8303.0
10:55,83.78,83.86,83.78,83.84,3914.0
10:56,83.82,83.82,83.81,83.81,2321.0
10:57,83.78,83.83,83.71,83.83,5510.0
10:58,83.97,83.97,83.77,83.77,7121.0
10:59,83.96,84.04,83.93,83.98,13395.0
11:00,83.97,83.97,83.96,83.96,1606.0
11:01,84.01,84.02,83.97,83.99,3144.0
11:02,83.98,84.0,83.95,83.98,3018.0
11:03,83.94,84.0,83.9,83.95,7875.0
11:04,83.91,83.93,83.9,83.93,1904.0
11:05,83.83,83.92,83.82,83.92,4229.0
11:06,83.88,83.88,83.84,83.84,1733.0
11:07,83.85,83.89,83.84,83.88,2715.0
11:08,83.88,83.88,83.84,83.86,3242.0
11:09,84.06,84.11,83.91,83.92,11723.0
11:10,84.01,84.05,84.01,84.04,2143.0
11:11,84.0,84.01,83.97,84.01,3666.0
11:12,83.9,83.99,83.88,83.99,8492.0
11:13,83.96,83.98,83.93,83.93,2689.0
11:14,84.05,84.06,83.95,83.99,3629.0
11:15,84.15,84.2,84.14,84.14,3653.0
11:16,84.07,84.15,84.06,84.15,3602.0
11:17,84.0,84.05,83.99,84.04,4876.0
11:18,84.0,84.0,83.96,83.96,3984.0
11:19,83.93,84.0,83.93,84.0,3108.0
11:20,83.87,83.97,83.69,83.97,30005.0
11:21,83.88,83.88,83.79,83.86,5012.0
11:22,83.8,83.82,83.76,83.82,4591.0
11:23,83.75,83.82,83.75,83.82,5166.0
11:24,83.69,83.75,83.66,83.72,4124.0
11:25,83.61,83.7,83.61,83.7,3384.0
11:26,83.64,83.64,83.58,83.62,2808.0
11:27,83.77,83.77,83.59,83.59,8746.0
11:28,83.82,83.83,83.78,83.78,8170.0
11:29,83.76,83.83,83.73,83.83,4874.0
11:30,83.77,83.79,83.7,83.75,4688.0
11:31,83.82,83.82,83.74,83.79,3189.0
11:32,83.94,83.94,83.82,83.84,11580.0
11:33,84.05,84.08,83.88,83.94,5389.0
11:34,84.11,84.19,84.06,84.1,3290.0
11:35,84.02,84.18,84.02,84.18,3041.0
11:36,83.88,84.02,83.88,84.02,3776.0
11:37,83.88,83.94,83.88,83.88,3248.0
11:38,83.93,83.97,83.88,83.94,3434.0
11:39,83.9,83.93,83.89,83.93,2385.0
11:40,83.74,83.93,83.74,83.9,6270.0
11:41,83.76,83.76,83.71,83.76,4118.0
11:42,83.74,83.79,83.72,83.79,3077.0
11:43,83.76,83.79,83.71,83.71,3367.0
11:44,83.85,83.85,83.75,83.75,3108.0
11:45,83.84,83.86,83.8,83.85,1790.0
11:46,83.81,83.86,83.8,83.85,2885.0
11:47,83.82,83.85,83.79,83.8,1685.0
11:48,83.84,83.84,83.78,83.83,4329.0
11:49,83.9,83.92,83.78,83.79,2200.0
11:50,83.8,83.9,83.8,83.9,2678.0
11:51,83.92,83.92,83.82,83.86,4781.0
11:52,83.92,83.99,83.86,83.89,3496.0
11:53,83.96,83.98,83.95,83.98,1150.0
11:54,83.95,83.98,83.94,83.98,1998.0
11:55,83.94,83.99,83.92,83.93,2443.0
11:56,83.92,83.96,83.88,83.96,4627.0
11:57,84.01,84.01,83.92,83.92,2415.0
11:58,84.05,84.05,83.93,83.97,2085.0
11:59,84.06,84.06,84.01,84.03,4511.0
12:00,84.01,84.1,84.01,84.06,4052.0
12:01,83.85,84.05,83.85,84.05,4624.0
12:02,83.8,83.85,83.8,83.85,2865.0
12:03,83.93,83.93,83.84,83.84,5475.0
12:04,83.92,83.92,83.9,83.9,1306.0
12:05,83.88,84.02,83.87,83.91,6963.0
12:06,83.89,83.93,83.84,83.92,2450.0
12:07,83.81,83.89,83.8,83.89,3028.0
12:08,83.78,83.83,83.78,83.83,1873.0
12:09,83.65,83.75,83.65,83.75,5420.0
12:10,83.72,83.72,83.68,83.68,1830.0
12:11,83.71,83.71,83.63,83.64,3640.0
12:12,83.73,83.8,83.73,83.76,3528.0
12:13,83.77,83.77,83.76,83.76,1822.0
12:14,83.73,83.77,83.73,83.77,1207.0
12:15,83.78,83.82,83.76,83.76,4559.0
12:16,83.83,83.83,83.75,83.77,3406.0
12:17,83.95,83.95,83.8,83.81,3204.0
12:18,83.79,83.89,83.76,83.89,3486.0
12:19,83.77,83.79,83.77,83.79,2782.0
12:20,83.73,83.79,83.72,83.79,3094.0
12:21,83.75,83.75,83.71,83.74,1298.0
12:22,83.82,83.9,83.75,83.75,6409.0
12:23,83.84,83.89,83.84,83.85,1382.0
12:24,83.84,83.84,83.83,83.84,1784.0
12:25,83.88,83.88,83.8,83.8,2877.0
12:26,83.86,83.88,83.82,83.88,3283.0
12:27,83.9,83.9,83.86,83.86,9544.0
12:28,83.96,84.0,83.91,83.91,3897.0
12:29,83.97,83.99,83.96,83.96,1404.0
12:30,84.06,84.08,83.98,83.98,8579.0
12:31,84.07,84.07,84.03,84.05,3256.0
12:32,84.07,84.16,84.06,84.07,6994.0
12:33,84.14,84.15,84.08,84.08,2840.0
12:34,84.09,84.14,84.08,84.14,3261.0
12:35,83.98,84.09,83.97,84.09,4865.0
12:36,83.93,84.0,83.9,83.97,4855.0
12:37,83.89,83.95,83.89,83.95,1673.0
12:38,83.93,83.93,83.93,83.93,2894.0
12:39,84.02,84.03,83.96,83.96,4499.0
12:40,84.06,84.07,83.99,84.03,2313.0
12:41,83.9,84.05,83.86,84.04,7377.0
12:42,83.96,83.96,83.94,83.94,2778.0
12:43,83.97,84.01,83.97,84.0,3009.0
12:44,83.92,83.99,83.9,83.97,7286.0
12:45,83.89,83.94,83.87,83.94,3609.0
12:46,83.9,83.95,83.89,83.89,3635.0
12:47,84.07,84.09,83.99,83.99,22843.0
12:48,84.12,84.14,84.07,84.08,3555.0
12:49,84.11,84.12,84.1,84.12,1748.0
12:50,84.04,84.08,84.04,84.08,2903.0
12:51,84.02,84.07,84.02,84.07,4810.0
12:52,84.03,84.03,83.98,84.0,3130.0
12:53,84.05,84.05,84.01,84.02,2114.0
12:54,84.0,84.12,83.98,84.07,5910.0
12:55,83.96,83.96,83.91,83.96,3547.0
12:56,83.92,83.94,83.92,83.93,1673.0
12:57,83.82,83.96,83.82,83.96,3476.0
12:58,83.89,83.89,83.81,83.81,3320.0
12:59,83.89,83.89,83.85,83.86,2366.0
13:00,83.93,83.99,83.92,83.94,6058.0
13:01,83.99,84.04,83.95,83.95,5633.0
13:02,83.95,84.03,83.95,84.03,3770.0
13:03,84.03,84.03,83.94,83.97,2698.0
13:04,84.08,84.08,84.04,84.04,2598.0
13:05,84.12,84.12,84.06,84.06,1027.0
13:06,83.97,84.07,83.97,84.07,6022.0
13:07,83.99,83.99,83.99,83.99,347.0
13:08,83.91,83.97,83.91,83.97,5957.0
13:09,83.9,83.92,83.9,83.91,1672.0
13:10,83.87,83.92,83.84,83.92,6028.0
13:11,83.85,83.9,83.82,83.87,6485.0
13:12,83.84,83.89,83.81,83.82,6942.0
13:13,83.8,83.85,83.79,83.83,5474.0
13:14,83.86,83.86,83.8,83.82,5375.0
13:15,83.85,83.86,83.85,83.86,2740.0
13:16,83.73,83.86,83.73,83.86,3717.0
13:17,83.63,83.74,83.63,83.72,5215.0
13:18,83.62,83.65,83.62,83.65,2022.0
13:19,83.61,83.66,83.58,83.62,5065.0
13:20,83.61,83.63,83.59,83.59,5014.0
13:21,83.52,83.64,83.52,83.63,5918.0
13:22,83.54,83.58,83.5,83.54,7331.0
13:23,83.55,83.57,83.54,83.54,2470.0
13:24,83.42,83.55,83.42,83.55,12357.0
13:25,83.39,83.45,83.36,83.43,4306.0
13:26,83.43,83.44,83.39,83.39,4714.0
13:27,83.5,83.5,83.43,83.43,3297.0
13:28,83.44,83.49,83.44,83.49,4739.0
13:29,83.49,83.49,83.43,83.45,3544.0
13:30,83.55,83.57,83.49,83.49,4255.0
13:31,83.56,83.57,83.53,83.57,4766.0
13:32,83.56,83.63,83.52,83.53,6152.0
13:33,83.76,83.77,83.56,83.6,11628.0
13:34,83.67,83.77,83.65,83.76,6577.0
13:35,83.69,83.71,83.68,83.7,1410.0
13:36,83.61,83.69,83.6,83.68,5649.0
13:37,83.57,83.63,83.54,83.62,11927.0
13:38,83.59,83.62,83.56,83.56,6814.0
13:39,83.54,83.54,83.49,83.54,5953.0
13:40,83.6,83.6,83.54,83.54,5949.0
13:41,83.64,83.68,83.57,83.59,7740.0
13:42,83.62,83.71,83.61,83.65,7267.0
13:43,83.7,83.7,83.65,83.66,2446.0
13:44,83.72,83.78,83.7,83.7,3751.0
13:45,83.73,83.79,83.7,83.78,4828.0
13:46,83.6,83.7,83.6,83.7,3550.0
13:47,83.77,83.77,83.6,83.64,10111.0
13:48,83.72,83.77,83.72,83.72,4195.0
13:49,83.63,83.73,83.63,83.73,9700.0
13:50,83.69,83.7,83.68,83.68,1947.0
13:51,83.63,83.69,83.63,83.69,1767.0
13:52,83.49,83.68,83.45,83.65,10396.0
13:53,83.49,83.55,83.46,83.46,6245.0
13:54,83.49,83.52,83.49,83.5,1691.0
13:55,83.54,83.56,83.52,83.52,4466.0
13:56,83.56,83.59,83.5,83.52,3373.0
13:57,83.4,83.56,83.4,83.56,6649.0
13:58,83.46,83.49,83.46,83.47,1183.0
13:59,83.46,83.46,83.4,83.42,3922.0
14:00,83.41,83.46,83.41,83.41,2156.0
14:01,83.43,83.47,83.4,83.41,5616.0
14:02,83.39,83.49,83.36,83.49,5581.0
14:03,83.43,83.43,83.35,83.35,2473.0
14:04,83.53,83.53,83.45,83.45,3235.0
14:05,83.52,83.56,83.52,83.53,7049.0
14:06,83.51,83.56,83.51,83.54,4631.0
14:07,83.53,83.54,83.49,83.54,6343.0
14:08,83.47,83.49,83.45,83.49,4085.0
14:09,83.52,83.52,83.47,83.47,2630.0
14:10,83.54,83.56,83.52,83.52,2765.0
14:11,83.44,83.55,83.44,83.52,16254.0
14:12,83.47,83.47,83.45,83.45,1835.0
14:13,83.48,83.54,83.46,83.48,7717.0
14:14,83.49,83.49,83.46,83.49,1445.0
14:15,83.49,83.49,83.45,83.45,5043.0
14:16,83.53,83.53,83.49,83.49,4963.0
14:17,83.59,83.6,83.53,83.53,18122.0
14:18,83.68,83.68,83.56,83.6,7058.0
14:19,83.61,83.68,83.6,83.68,6192.0
14:20,83.75,83.75,83.62,83.62,7520.0
14:21,83.75,83.79,83.72,83.76,3602.0
14:22,83.89,83.89,83.77,83.77,3440.0
14:23,83.89,83.92,83.86,83.92,7822.0
14:24,83.81,83.88,83.75,83.88,9405.0
14:25,83.82,83.83,83.74,83.77,7405.0
14:26,83.77,83.83,83.74,83.82,10282.0
14:27,83.81,83.82,83.8,83.8,4220.0
14:28,83.83,83.85,83.82,83.84,6123.0
14:29,83.89,83.92,83.81,83.83,7313.0
14:30,83.9,83.92,83.87,83.92,8352.0
14:31,83.95,83.95,83.9,83.91,7780.0
14:32,83.9,83.96,83.87,83.96,8879.0
14:33,83.94,84.0,83.91,83.91,12378.0
14:34,83.93,83.95,83.92,83.94,7907.0
14:35,83.93,83.94,83.9,83.93,6971.0
14:36,83.64,83.93,83.64,83.93,5998.0
14:37,83.67,83.74,83.64,83.65,5742.0
14:38,83.6,83.66,83.56,83.66,4471.0
14:39,83.62,83.62,83.6,83.6,4833.0
14:40,83.58,83.62,83.53,83.62,6364.0
14:41,83.72,83.72,83.51,83.56,10506.0
14:42,83.71,83.71,83.71,83.71,1333.0
14:43,83.77,83.77,83.69,83.69,3591.0
14:44,83.75,83.77,83.7,83.77,6286.0
14:45,83.82,83.82,83.72,83.75,4921.0
14:46,83.85,83.86,83.84,83.84,2475.0
14:47,83.88,83.89,83.82,83.85,3229.0
14:48,83.82,83.95,83.79,83.89,19697.0
14:49,83.82,83.82,83.78,83.82,5364.0
14:50,83.81,83.91,83.8,83.85,8679.0
14:51,83.81,83.87,83.81,83.81,8976.0
14:52,83.88,83.88,83.79,83.85,9050.0
14:53,83.82,83.88,83.79,83.87,4550.0
14:54,83.82,83.9,83.82,83.82,8128.0
14:55,83.76,83.81,83.67,83.81,7741.0
14:56,83.76,83.82,83.76,83.79,6578.0
14:57,83.77,83.78,83.77,83.78,976.0
14:58,83.85,83.88,83.76,83.76,7283.0
14:59,83.78,83.84,83.76,83.82,3790.0
15:00,83.68,83.78,83.68,83.78,6182.0
15:01,83.7,83.72,83.67,83.71,4370.0
15:02,83.67,83.7,83.65,83.66,2382.0
15:03,83.69,83.72,83.66,83.66,4459.0
15:04,83.67,83.67,83.63,83.67,6155.0
15:05,83.65,83.67,83.63,83.64,4265.0
15:06,83.69,83.69,83.64,83.66,4744.0
15:07,83.75,83.75,83.69,83.69,5098.0
15:08,83.83,83.83,83.76,83.77,5526.0
15:09,83.8,83.8,83.75,83.8,4517.0
15:10,83.58,83.75,83.58,83.75,9791.0
15:11,83.57,83.58,83.55,83.58,5593.0
15:12,83.54,83.57,83.53,83.57,6232.0
15:13,83.54,83.54,83.53,83.53,2462.0
15:14,83.54,83.54,83.51,83.54,3468.0
15:15,83.46,83.54,83.46,83.54,4060.0
15:16,83.5,83.53,83.48,83.49,10970.0
15:17,83.44,83.5,83.44,83.5,3920.0
15:18,83.48,83.48,83.42,83.42,3885.0
15:19,83.47,83.48,83.42,83.46,6254.0
15:20,83.43,83.48,83.43,83.47,7353.0
15:21,83.38,83.43,83.36,83.43,6501.0
15:22,83.39,83.41,83.36,83.38,8774.0
15:23,83.33,83.39,83.33,83.39,3332.0
15:24,83.46,83.46,83.36,83.38,3964.0
15:25,83.39,83.44,83.38,83.44,5028.0
15:26,83.41,83.41,83.39,83.39,3309.0
15:27,83.4,83.43,83.39,83.43,5611.0
15:28,83.42,83.42,83.41,83.42,2678.0
15:29,83.45,83.47,83.42,83.44,12178.0
15:30,83.46,83.52,83.46,83.49,7908.0
15:31,83.36,83.45,83.36,83.45,5278.0
15:32,83.42,83.42,83.36,83.36,5595.0
15:33,83.37,83.4,83.37,83.4,3008.0
15:34,83.42,83.44,83.37,83.38,7342.0
15:35,83.52,83.52,83.44,83.44,6180.0
15:36,83.51,83.51,83.48,83.51,5851.0
15:37,83.45,83.5,83.44,83.5,7868.0
15:38,83.49,83.49,83.45,83.46,4428.0
15:39,83.5,83.5,83.46,83.5,7322.0
15:40,83.57,83.57,83.49,83.49,14007.0
15:41,83.45,83.58,83.45,83.58,9455.0
15:42,83.43,83.44,83.41,83.44,9505.0
15:43,83.4,83.43,83.39,83.43,3984.0
15:44,83.4,83.47,83.39,83.43,9658.0
15:45,83.21,83.39,83.17,83.39,15791.0
15:46,83.18,83.21,83.16,83.21,5945.0
15:47,83.21,83.22,83.18,83.18,7452.0
15:48,83.27,83.27,83.19,83.23,15308.0
15:49,83.26,83.3,83.25,83.27,21616.0
15:50,83.26,83.3,83.17,83.27,17999.0
15:51,83.36,83.36,83.22,83.26,24317.0
15:52,83.27,83.37,83.26,83.34,21257.0
15:53,83.27,83.32,83.26,83.27,19606.0
15:54,83.19,83.25,83.18,83.25,18456.0
15:55,83.19,83.19,83.11,83.17,46560.0
15:56,83.18,83.22,83.17,83.18,42655.0
15:57,83.14,83.21,83.11,83.18,47693.0
15:58,83.08,83.15,83.06,83.13,75535.0
15:59,83.08,83.12,83.0,83.08,125102.0
