Time,Close,High,Low,Open,Volume
09:30,89.0,89.76,88.86,89.76,158576.0
09:31,89.1,89.48,88.86,89.04,46680.0
09:32,88.82,89.48,88.6,89.16,49663.0
09:33,89.24,89.51,88.99,89.09,37349.0
09:34,89.24,89.48,89.05,89.11,10520.0
09:35,89.08,89.44,89.05,89.37,18588.0
09:36,89.07,89.37,89.07,89.14,10230.0
09:37,89.01,89.25,88.9,89.18,11318.0
09:38,89.11,89.25,88.99,88.99,40002.0
09:39,89.2,89.22,88.79,89.11,25808.0
09:40,89.37,89.55,89.04,89.18,22246.0
09:41,89.28,89.34,89.17,89.31,6648.0
09:42,88.91,89.41,88.86,89.41,15390.0
09:43,88.26,88.91,88.2,88.88,32956.0
09:44,88.63,88.63,88.25,88.26,10833.0
09:45,88.67,88.79,88.5,88.57,22959.0
09:46,88.72,88.75,88.51,88.55,12668.0
09:47,88.63,88.75,88.63,88.75,6791.0
09:48,88.41,88.61,88.41,88.58,10970.0
09:49,88.03,88.5,88.03,88.4,60192.0
09:50,88.24,88.31,87.94,88.01,70781.0
09:51,89.02,89.02,88.24,88.31,21265.0
09:52,89.07,89.17,89.0,89.0,13109.0
09:53,89.08,89.14,89.0,89.0,20842.0
09:54,88.99,89.17,88.99,89.1,26171.0
09:55,88.89,89.23,88.89,89.07,20764.0
09:56,89.23,89.35,88.76,88.94,14823.0
09:57,89.42,89.43,89.16,89.25,9745.0
09:58,89.41,89.48,89.14,89.32,15120.0
09:59,89.4,89.54,89.39,89.54,15209.0
10:00,89.53,89.6,89.35,89.46,19024.0
10:01,89.38,89.51,89.29,89.51,14349.0
10:02,89.0,89.3,88.94,89.3,11603.0
10:03,88.98,89.12,88.96,89.0,10166.0
10:04,88.78,88.9,88.76,88.89,13681.0
10:05,89.03,89.03,88.78,88.84,12731.0
10:06,88.94,89.12,88.89,89.03,10388.0
10:07,89.07,89.09,88.96,88.98,6474.0
10:08,89.02,89.28,89.02,89.09,7446.0
10:09,89.23,89.3,89.08,89.13,16167.0
10:10,89.28,89.44,89.2,89.25,15603.0
10:11,89.15,89.29,89.09,89.29,12152.0
10:12,89.39,89.45,89.25,89.25,8735.0
10:13,89.36,89.5,89.33,89.34,5679.0
10:14,89.32,89.36,89.14,89.36,16206.0
10:15,89.2,89.39,89.2,89.27,15585.0
10:16,89.36,89.42,89.17,89.18,11684.0
10:17,89.44,89.46,89.29,89.29,12170.0
10:18,89.5,89.55,89.41,89.44,16507.0
10:19,89.41,89.54,89.35,89.45,12760.0
10:20,89.53,89.53,89.26,89.43,7935.0
10:21,89.47,89.6,89.35,89.53,8894.0
10:22,89.29,89.59,89.29,89.47,9432.0
10:23,89.25,89.31,89.05,89.23,14154.0
10:24,89.32,89.32,89.17,89.25,17186.0
10:25,89.35,89.39,89.26,89.26,7831.0
10:26,89.33,89.48,89.27,89.29,13401.0
10:27,89.36,89.38,89.28,89.31,9647.0
10:28,89.48,89.53,89.29,89.36,6697.0
10:29,89.55,89.6,89.51,89.54,6425.0
10:30,89.73,89.73,89.5,89.58,13038.0
10:31,89.78,89.85,89.66,89.71,11414.0
10:32,89.82,89.91,89.72,89.77,10126.0
10:33,89.68,89.87,89.66,89.79,14397.0
10:34,89.54,89.68,89.49,89.68,5759.0
10:35,89.26,89.49,89.21,89.49,6005.0
10:36,89.29,89.3,89.13,89.21,5152.0
10:37,89.39,89.39,89.29,89.29,2231.0
10:38,89.35,89.45,89.25,89.44,7804.0
10:39,89.43,89.43,89.24,89.3,5453.0
10:40,89.49,89.49,89.33,89.38,4922.0
10:41,89.53,89.54,89.44,89.51,6674.0
10:42,89.41,89.61,89.33,89.46,21093.0
10:43,89.52,89.57,89.39,89.41,4223.0
10:44,89.74,89.74,89.51,89.6,5137.0
10:45,89.89,90.03,89.75,89.75,32899.0
10:46,89.96,90.07,89.84,89.97,9072.0
10:47,90.0,90.12,89.9,89.91,23370.0
10:48,90.05,90.05,89.94,90.0,5958.0
10:49,89.9,90.0,89.82,90.0,13854.0
10:50,89.7,89.92,89.7,89.88,9446.0
10:51,89.68,89.69,89.62,89.69,4288.0
10:52,89.83,89.83,89.68,89.68,3717.0
10:53,89.96,90.1,89.84,89.84,11986.0
10:54,89.97,89.97,89.83,89.94,9828.0
10:55,89.92,89.92,89.82,89.88,8729.0
10:56,89.93,89.96,89.82,89.91,4837.0
10:57,90.07,90.11,89.91,89.93,7760.0
10:58,90.06,90.07,89.97,90.05,11452.0
10:59,90.03,90.07,89.97,90.07,4838.0
11:00,90.06,90.06,89.97,89.97,4622.0
11:01,90.04,90.06,89.97,90.03,5454.0
11:02,90.02,90.1,89.96,90.07,5813.0
11:03,90.05,90.07,89.92,89.96,8814.0
11:04,90.02,90.08,89.98,90.0,2624.0
11:05,89.82,90.08,89.82,90.08,8858.0
11:06,89.87,89.9,89.77,89.82,10714.0
11:07,90.08,90.1,89.98,89.98,22992.0
11:08,90.0,90.15,89.99,90.08,12450.0
11:09,89.89,90.0,89.82,89.98,12545.0
11:10,89.74,89.86,89.72,89.86,10530.0
11:11,89.77,89.84,89.73,89.83,13698.0
11:12,89.84,89.99,89.78,89.78,13595.0
11:13,89.89,89.92,89.83,89.84,3098.0
11:14,89.86,90.02,89.84,89.89,11825.0
11:15,89.92,89.92,89.83,89.83,16628.0
11:16,89.92,89.93,89.82,89.87,6674.0
11:17,89.96,89.96,89.91,89.91,2898.0
11:18,89.99,89.99,89.89,89.93,87353.0
11:19,90.19,90.22,89.99,89.99,15230.0
11:20,90.21,90.23,90.12,90.14,4270.0
11:21,90.27,90.27,90.17,90.18,10901.0
11:22,90.29,90.37,90.24,90.26,8275.0
11:23,90.25,90.28,90.08,90.26,13439.0
11:24,90.21,90.24,90.15,90.24,3233.0
11:25,90.11,90.21,90.08,90.21,11270.0
11:26,90.09,90.14,90.03,90.14,8640.0
11:27,90.24,90.24,90.12,90.12,5231.0
11:28,90.1,90.17,90.04,90.12,6869.0
11:29,90.03,90.11,90.0,90.11,12030.0
11:30,90.08,90.1,90.0,90.03,5675.0
11:31,90.11,90.14,90.0,90.06,9251.0
11:32,90.1,90.19,90.1,90.12,4282.0
11:33,90.14,90.19,90.08,90.17,4918.0
11:34,90.1,90.15,90.07,90.1,13652.0
11:35,90.09,90.15,90.06,90.08,7778.0
11:36,90.05,90.07,90.0,90.06,12015.0
11:37,90.08,90.19,90.05,90.05,4153.0
11:38,90.18,90.3,90.11,90.12,7904.0
11:39,90.31,90.31,90.17,90.2,2427.0
11:40,90.19,90.37,90.15,90.35,11702.0
11:41,90.19,90.24,90.13,90.13,6531.0
11:42,90.21,90.21,90.14,90.19,5564.0
11:43,90.14,90.2,90.11,90.2,4568.0
11:44,90.13,90.13,90.07,90.1,9292.0
11:45,89.96,90.11,89.96,90.11,5950.0
11:46,89.98,90.03,89.96,90.01,5768.0
11:47,89.96,89.96,89.88,89.96,5815.0
11:48,90.02,90.02,89.96,89.98,8818.0
11:49,90.03,90.04,89.97,90.02,2006.0
11:50,90.12,90.13,90.02,90.05,9590.0
11:51,90.15,90.16,90.09,90.09,7726.0
11:52,90.14,90.21,90.11,90.15,4351.0
11:53,90.2,90.23,90.17,90.17,2771.0
11:54,90.17,90.25,90.17,90.25,5567.0
11:55,90.13,90.15,90.08,90.15,9387.0
11:56,90.17,90.19,90.17,90.17,1891.0
11:57,90.15,90.18,90.13,90.17,8134.0
11:58,90.25,90.25,90.14,90.15,10693.0
11:59,90.19,90.26,90.16,90.21,17369.0
12:00,90.26,90.27,90.19,90.19,9293.0
12:01,90.15,90.26,90.15,90.24,9065.0
12:02,90.13,90.16,90.12,90.14,6544.0
12:03,90.05,90.14,90.04,90.11,8269.0
12:04,90.07,90.09,90.01,90.02,3691.0
12:05,90.19,90.24,90.1,90.1,6844.0
12:06,90.21,90.21,90.15,90.18,4648.0
12:07,90.21,90.25,90.18,90.18,5445.0
12:08,90.23,90.25,90.21,90.25,6769.0
12:09,90.26,90.29,90.2,90.24,7185.0
12:10,90.14,90.24,90.14,90.24,8024.0
12:11,90.17,90.17,90.13,90.15,6913.0
12:12,90.21,90.21,90.2,90.2,1063.0
12:13,90.25,90.28,90.12,90.2,6226.0
12:14,90.34,90.35,90.23,90.3,6579.0
12:15,90.38,90.38,90.34,90.34,1668.0
12:16,90.2,90.38,90.19,90.33,12421.0
12:17,90.26,90.27,90.24,90.24,2145.0
12:18,90.21,90.26,90.2,90.26,4637.0
12:19,90.29,90.29,90.22,90.22,2612.0
12:20,90.27,90.29,90.23,90.29,7091.0
12:21,90.31,90.35,90.27,90.27,5122.0
12:22,90.45,90.45,90.33,90.33,2897.0
12:23,90.58,90.58,90.46,90.46,8957.0
12:24,90.72,90.72,90.0,90.56,28432.0
12:25,90.68,90.77,90.68,90.73,7904.0
12:26,90.62,90.69,90.62,90.69,4865.0
12:27,90.66,90.7,90.65,90.65,4221.0
12:28,90.6,90.68,90.56,90.68,4945.0
12:29,90.54,90.61,90.53,90.57,5163.0
12:30,90.65,90.67,90.61,90.61,1864.0
12:31,90.67,90.78,90.66,90.68,7070.0
12:32,90.7,90.75,90.68,90.71,6093.0
12:33,90.75,90.75,90.7,90.71,5194.0
12:34,90.82,90.87,90.82,90.83,3825.0
12:35,90.87,90.87,90.82,90.85,3288.0
12:36,90.9,90.95,90.85,90.89,11861.0
12:37,91.04,91.05,90.9,90.93,81934.0
12:38,90.99,91.01,90.97,91.0,7888.0
12:39,90.81,91.0,90.74,90.98,12321.0
12:40,90.84,90.86,90.82,90.82,4267.0
12:41,90.75,90.86,90.73,90.84,12564.0
12:42,90.74,90.76,90.68,90.76,6985.0
12:43,90.74,90.79,90.74,90.74,1869.0
12:44,90.78,90.81,90.73,90.75,15163.0
12:45,90.82,90.82,90.76,90.76,2711.0
12:46,90.77,90.79,90.74,90.79,5928.0
12:47,90.62,90.77,90.61,90.77,14244.0
12:48,90.56,90.61,90.5,90.61,11578.0
12:49,90.56,90.57,90.53,90.57,2320.0
12:50,90.43,90.62,90.43,90.59,48234.0
12:51,90.25,90.5,90.25,90.43,6109.0
12:52,90.33,90.35,90.29,90.29,3354.0
12:53,90.33,90.35,90.3,90.34,5715.0
12:54,90.39,90.39,90.23,90.36,117326.0
12:55,90.37,90.41,90.31,90.41,6947.0
12:56,90.33,90.39,90.32,90.38,4026.0
12:57,90.28,90.33,90.21,90.32,4673.0
12:58,90.16,90.26,90.16,90.23,5489.0
12:59,90.11,90.15,90.07,90.13,4987.0
13:00,90.02,90.15,90.0,90.11,19265.0
13:01,90.06,90.14,90.05,90.05,6415.0
13:02,90.12,90.12,90.02,90.08,5045.0
13:03,90.09,90.15,90.04,90.04,2529.0
13:04,90.14,90.14,90.08,90.14,6607.0
13:05,90.23,90.24,90.08,90.14,13870.0
13:06,90.14,90.26,90.14,90.26,6697.0
13:07,90.07,90.14,90.07,90.11,4614.0
13:08,90.12,90.14,90.06,90.07,5440.0
13:09,90.14,90.15,90.08,90.15,1745.0
13:10,90.22,90.28,90.1,90.1,7121.0
13:11,90.1,90.18,90.08,90.16,5934.0
13:12,90.04,90.11,90.03,90.11,6760.0
13:13,90.04,90.04,89.99,90.01,3051.0
13:14,90.02,90.05,90.0,90.05,1438.0
13:15,90.1,90.1,90.01,90.03,5388.0
13:16,90.07,90.14,90.02,90.11,4328.0
13:17,90.14,90.15,90.03,90.07,4469.0
13:18,90.16,90.16,90.12,90.12,2027.0
13:19,90.19,90.27,90.12,90.13,13700.0
13:20,90.2,90.25,90.19,90.2,4177.0
13:21,90.24,90.31,90.2,90.25,6728.0
13:22,90.43,90.43,90.29,90.29,3419.0
13:23,90.41,90.47,90.39,90.43,7083.0
13:24,90.46,90.5,90.4,90.4,4533.0
13:25,90.47,90.49,90.42,90.46,8699.0
13:26,90.38,90.43,90.38,90.43,6516.0
13:27,90.39,90.42,90.36,90.42,3940.0
13:28,90.4,90.44,90.39,90.39,2176.0
13:29,90.44,90.44,90.39,90.44,4964.0
13:30,90.4,90.44,90.4,90.4,2416.0
13:31,90.3,90.43,90.29,90.4,10965.0
13:32,90.32,90.32,90.32,90.32,1129.0
13:33,90.29,90.35,90.23,90.32,11120.0
13:34,90.24,90.29,90.21,90.29,5740.0
13:35,90.28,90.31,90.24,90.24,7833.0
13:36,90.36,90.36,90.29,90.29,5871.0
13:37,90.23,90.32,90.23,90.3,5198.0
13:38,90.21,90.3,90.18,90.29,12365.0
13:39,90.21,90.23,90.21,90.21,3487.0
13:40,90.1,90.21,90.08,90.19,6643.0
13:41,90.13,90.16,90.11,90.11,3496.0
13:42,90.11,90.17,90.1,90.14,4839.0
13:43,90.03,90.15,90.01,90.12,10994.0
13:44,90.06,90.06,89.98,90.0,5542.0
13:45,90.2,90.2,90.07,90.07,13353.0
13:46,90.23,90.24,90.15,90.17,7997.0
13:47,90.35,90.35,90.25,90.25,3335.0
13:48,90.31,90.36,90.28,90.32,9033.0
13:49,90.24,90.32,90.24,90.32,5105.0
13:50,90.18,90.29,90.17,90.29,8699.0
13:51,90.13,90.18,90.13,90.17,7822.0
13:52,90.06,90.12,90.06,90.12,19156.0
13:53,90.02,90.1,90.02,90.07,28298.0
13:54,90.01,90.06,90.01,90.04,6758.0
13:55,89.97,90.01,89.93,90.0,7903.0
13:56,89.96,89.97,89.89,89.93,10854.0
13:57,90.03,90.03,89.94,89.94,4225.0
13:58,89.97,90.08,89.95,90.08,5845.0
13:59,89.97,90.01,89.95,89.97,3420.0
14:00,90.09,90.09,89.98,90.01,6560.0
14:01,90.06,90.09,90.06,90.09,3084.0
14:02,90.13,90.13,90.01,90.06,21198.0
14:03,90.06,90.09,90.04,90.08,4004.0
14:04,90.07,90.12,89.99,90.06,8252.0
14:05,90.12,90.12,90.02,90.05,5669.0
14:06,90.14,90.14,90.05,90.12,14832.0
14:07,90.13,90.14,90.06,90.14,3353.0
14:08,90.25,90.26,90.06,90.08,8350.0
14:09,90.2,90.26,90.2,90.26,13061.0
14:10,90.15,90.22,90.13,90.18,14904.0
14:11,90.14,90.2,90.13,90.15,9021.0
14:12,90.11,90.14,90.09,90.13,7571.0
14:13,90.16,90.16,90.11,90.12,5910.0
14:14,90.11,90.21,90.11,90.12,12930.0
14:15,90.1,90.1,90.08,90.1,6627.0
14:16,90.02,90.07,90.01,90.07,6556.0
14:17,90.0,90.03,90.0,90.01,4504.0
14:18,89.97,90.07,89.97,90.04,31253.0
14:19,90.06,90.07,89.9,90.0,13539.0
14:20,90.02,90.06,90.0,90.06,2947.0
14:21,90.04,90.06,89.96,90.04,4446.0
14:22,90.11,90.12,90.09,90.09,2537.0
14:23,90.11,90.11,90.06,90.08,5763.0
14:24,90.06,90.15,90.06,90.15,9561.0
14:25,90.08,90.09,90.05,90.09,5909.0
14:26,90.0,90.07,90.0,90.07,5652.0
14:27,90.07,90.07,89.98,90.01,6221.0
14:28,90.12,90.12,90.02,90.05,5881.0
14:29,90.08,90.12,90.06,90.08,2907.0
14:30,90.21,90.23,90.11,90.13,11920.0
14:31,90.14,90.21,90.12,90.17,4715.0
14:32,90.12,90.17,90.11,90.13,5141.0
14:33,90.14,90.17,90.12,90.15,3583.0
14:34,90.18,90.18,90.14,90.16,5966.0
14:35,90.19,90.22,90.15,90.15,4045.0
14:36,90.16,90.19,90.07,90.19,16699.0
14:37,90.09,90.2,90.09,90.19,4334.0
14:38,90.17,90.17,90.1,90.11,6528.0
14:39,90.18,90.26,90.17,90.2,14359.0
14:40,90.08,90.18,90.08,90.17,6931.0
14:41,90.13,90.13,90.1,90.1,479.0
14:42,90.1,90.13,90.08,90.13,5422.0
14:43,90.1,90.14,90.09,90.1,9295.0
14:44,90.14,90.16,90.11,90.11,4554.0
14:45,90.17,90.17,90.12,90.13,10384.0
14:46,90.13,90.17,90.04,90.17,16612.0
14:47,89.96,90.1,89.9,90.09,10216.0
14:48,89.87,89.97,89.87,89.97,3314.0
14:49,89.84,89.93,89.84,89.89,6885.0
14:50,89.93,89.96,89.85,89.92,10187.0
14:51,89.96,89.99,89.89,89.89,10430.0
14:52,89.96,90.0,89.94,89.96,8953.0
14:53,90.0,90.0,89.97,89.97,8019.0
14:54,90.0,90.0,89.99,90.0,17421.0
14:55,90.06,90.15,90.0,90.0,88378.0
14:56,90.14,90.14,90.09,90.09,4304.0
14:57,90.26,90.27,90.14,90.14,16499.0
14:58,90.32,90.35,90.27,90.29,7252.0
14:59,90.28,90.3,90.24,90.26,7283.0
15:00,90.36,90.36,90.28,90.3,8165.0
15:01,90.5,90.55,90.35,90.36,16040.0
15:02,90.56,90.58,90.5,90.5,6406.0
15:03,90.56,90.6,90.53,90.55,8500.0
15:04,90.64,90.66,90.57,90.62,13698.0
15:05,90.59,90.72,90.59,90.61,18807.0
15:06,90.61,90.64,90.52,90.6,14800.0
15:07,90.54,90.6,90.53,90.55,11141.0
15:08,90.63,90.67,90.51,90.54,8224.0
15:09,90.64,90.69,90.61,90.69,4264.0
15:10,90.63,90.69,90.61,90.64,11304.0
15:11,90.55,90.61,90.54,90.6,9530.0
15:12,90.49,90.59,90.47,90.59,9991.0
15:13,90.6,90.6,90.49,90.51,13592.0
15:14,90.7,90.74,90.61,90.61,10688.0
15:15,90.85,90.86,90.67,90.67,13657.0
15:16,90.92,90.92,90.81,90.85,8982.0
15:17,90.91,90.95,90.87,90.92,7637.0
15:18,90.93,90.96,90.87,90.89,9778.0
15:19,90.88,90.91,90.84,90.91,11207.0
15:20,90.9,90.93,90.88,90.88,11178.0
15:21,90.88,90.93,90.86,90.93,5924.0
15:22,90.88,90.91,90.86,90.88,6252.0
15:23,90.88,90.95,90.88,90.88,12415.0
15:24,90.86,90.89,90.86,90.89,8323.0
15:25,90.9,90.92,90.85,90.86,7318.0
15:26,90.96,90.96,90.89,90.89,6709.0
15:27,90.82,90.98,90.82,90.96,23236.0
15:28,90.83,90.85,90.8,90.81,7566.0
15:29,90.88,90.88,90.79,90.83,13413.0
15:30,90.97,90.97,90.89,90.89,4512.0
15:31,91.14,91.15,90.96,90.97,25900.0
15:32,91.1,91.25,91.07,91.15,27787.0
15:33,91.0,91.07,90.99,91.07,16463.0
15:34,90.99,91.04,90.98,90.99,11910.0
15:35,91.02,91.02,90.98,90.99,10241.0
15:36,91.01,91.03,90.96,91.03,16859.0
15:37,90.9,91.0,90.86,91.0,10958.0
15:38,91.0,91.01,90.92,90.92,11346.0
15:39,90.96,91.03,90.95,91.0,47270.0
15:40,90.89,91.0,90.89,90.96,22396.0
15:41,90.84,90.92,90.84,90.89,13115.0
15:42,90.82,90.85,90.75,90.84,15807.0
15:43,90.76,90.81,90.73,90.8,17683.0
15:44,90.76,90.8,90.71,90.74,29698.0
15:45,90.79,90.81,90.76,90.76,14242.0
15:46,90.92,90.92,90.79,90.79,28128.0
15:47,90.97,91.0,90.92,90.92,15864.0
15:48,90.98,91.05,90.96,90.97,26635.0
15:49,90.93,90.97,90.92,90.97,15006.0
15:50,91.05,91.06,90.92,90.96,28066.0
15:51,91.07,91.09,91.01,91.05,33351.0
15:52,91.07,91.12,91.05,91.07,33286.0
15:53,90.93,91.06,90.88,91.06,58924.0
15:54,90.96,90.97,90.89,90.93,41131.0
15:55,91.07,91.07,90.97,90.97,54956.0
15:56,90.97,91.1,90.97,91.06,80666.0
15:57,91.01,91.02,90.77,90.98,82025.0
15:58,91.12,91.19,91.0,91.01,162814.0
15:59,91.07,91.14,91.03,91.1,155471.0
