Time,Close,High,Low,Open,Volume
09:30,94.2,94.59,94.19,94.19,190585.0
09:31,94.5,94.53,94.4,94.53,6565.0
09:32,94.51,94.51,94.51,94.51,446.0
09:33,94.6,94.6,94.51,94.53,1545.0
09:34,94.0,94.9,94.0,94.6,105807.0
09:35,93.46,94.06,93.45,94.06,27933.0
09:36,94.3,94.3,93.49,93.49,25939.0
09:37,94.45,94.48,94.21,94.29,14987.0
09:38,94.57,94.57,94.38,94.42,8063.0
09:39,94.63,94.63,94.48,94.48,22690.0
09:40,94.61,94.68,94.53,94.63,32117.0
09:41,94.79,94.88,94.67,94.67,12863.0
09:42,94.58,94.88,94.58,94.82,22317.0
09:43,94.68,94.68,94.52,94.6,7935.0
09:44,94.71,94.76,94.68,94.74,9704.0
09:45,94.77,94.9,94.63,94.75,17016.0
09:46,94.86,94.95,94.71,94.83,8853.0
09:47,94.81,95.0,94.8,94.88,24376.0
09:48,94.79,94.9,94.78,94.81,6554.0
09:49,94.86,94.92,94.75,94.8,9201.0
09:50,94.97,95.03,94.86,94.95,40154.0
09:51,94.99,95.0,94.92,94.97,13634.0
09:52,94.98,95.0,94.91,94.99,10131.0
09:53,94.81,94.96,94.74,94.95,9985.0
09:54,94.98,94.98,94.76,94.81,6003.0
09:55,94.78,95.0,94.78,94.88,19855.0
09:56,94.76,94.81,94.76,94.79,1716.0
09:57,94.97,95.02,94.82,94.82,34335.0
09:58,94.89,95.02,94.86,94.97,39603.0
09:59,94.97,95.02,94.86,94.86,18187.0
10:00,94.81,94.92,94.81,94.91,7106.0
10:01,94.64,94.94,94.55,94.89,31625.0
10:02,94.65,94.68,94.53,94.62,17638.0
10:03,94.59,94.66,94.51,94.64,14393.0
10:04,94.4,94.64,94.35,94.64,19343.0
10:05,94.33,94.44,94.3,94.43,13936.0
10:06,94.43,94.43,94.28,94.32,14312.0
10:07,94.59,94.59,94.39,94.42,12549.0
10:08,94.71,94.73,94.55,94.61,12968.0
10:09,94.76,94.8,94.68,94.7,15247.0
10:10,94.52,94.73,94.52,94.73,8480.0
10:11,94.63,94.72,94.44,94.58,12190.0
10:12,94.67,94.75,94.63,94.63,5952.0
10:13,94.69,94.78,94.65,94.76,6835.0
10:14,94.77,94.77,94.69,94.72,4222.0
10:15,94.81,94.89,94.74,94.74,10263.0
10:16,94.9,94.9,94.8,94.81,7718.0
10:17,94.97,94.99,94.86,94.88,8130.0
10:18,94.86,95.0,94.85,94.95,17227.0
10:19,94.9,94.94,94.83,94.84,8309.0
10:20,94.91,94.92,94.87,94.9,3469.0
10:21,94.84,94.94,94.8,94.9,12252.0
10:22,94.91,94.92,94.84,94.84,3304.0
10:23,94.83,94.92,94.79,94.92,9646.0
10:24,94.85,94.86,94.77,94.83,10614.0
10:25,94.92,95.0,94.87,94.87,11507.0
10:26,94.92,94.97,94.86,94.92,8219.0
10:27,94.97,95.0,94.9,94.94,11328.0
10:28,94.77,94.96,94.77,94.96,17365.0
10:29,94.9,94.9,94.78,94.79,7893.0
10:30,94.7,94.89,94.6,94.85,9913.0
10:31,94.73,94.73,94.6,94.63,3867.0
10:32,94.66,94.73,94.64,94.7,21353.0
10:33,94.61,94.71,94.58,94.68,8114.0
10:34,94.78,94.78,94.56,94.61,13676.0
10:35,94.69,94.78,94.69,94.78,7769.0
10:36,94.75,94.77,94.71,94.71,3943.0
10:37,94.75,94.77,94.72,94.75,4339.0
10:38,94.64,94.75,94.58,94.72,11164.0
10:39,94.67,94.69,94.58,94.64,15964.0
10:40,94.86,95.0,94.67,94.67,28083.0
10:41,94.91,94.92,94.84,94.89,4261.0
10:42,94.99,94.99,94.88,94.93,10260.0
10:43,94.99,95.0,94.9,94.99,7001.0
10:44,94.97,95.0,94.96,94.98,6019.0
10:45,94.93,94.97,94.84,94.97,8166.0
10:46,94.86,94.93,94.83,94.93,4739.0
10:47,94.8,94.92,94.8,94.85,6747.0
10:48,94.89,94.95,94.85,94.85,3363.0
10:49,94.94,94.97,94.93,94.95,6722.0
10:50,94.93,94.99,94.86,94.99,6398.0
10:51,94.89,94.93,94.89,94.91,5026.0
10:52,94.92,94.94,94.84,94.89,5046.0
10:53,94.85,94.89,94.85,94.89,7487.0
10:54,94.89,94.95,94.86,94.86,4743.0
10:55,94.86,94.89,94.77,94.87,8451.0
10:56,94.85,94.94,94.85,94.86,6925.0
10:57,94.9,94.9,94.85,94.85,1789.0
10:58,94.91,94.91,94.83,94.83,2485.0
10:59,94.9,94.91,94.85,94.91,3712.0
11:00,94.91,94.91,94.78,94.89,13149.0
11:01,95.07,95.1,94.91,94.91,19372.0
11:02,95.04,95.09,95.04,95.07,6968.0
11:03,95.07,95.08,95.0,95.04,6813.0
11:04,95.1,95.15,95.08,95.13,7711.0
11:05,95.01,95.03,94.96,95.03,8015.0
11:06,95.01,95.06,95.01,95.01,2340.0
11:07,94.97,95.02,94.92,94.96,4427.0
11:08,94.77,95.04,94.77,94.95,20058.0
11:09,94.81,94.82,94.72,94.77,5385.0
11:10,94.67,94.71,94.61,94.71,4635.0
11:11,94.51,94.58,94.51,94.58,3299.0
11:12,94.48,94.58,94.45,94.53,4614.0
11:13,94.53,94.59,94.41,94.41,16747.0
11:14,94.51,94.58,94.51,94.57,6351.0
11:15,94.64,94.64,94.49,94.53,5984.0
11:16,94.6,94.67,94.58,94.62,3188.0
11:17,94.6,94.67,94.57,94.61,5916.0
11:18,94.55,94.7,94.52,94.63,7346.0
11:19,94.56,94.59,94.5,94.57,4654.0
11:20,94.64,94.64,94.51,94.57,2951.0
11:21,94.55,94.64,94.55,94.6,3614.0
11:22,94.54,94.57,94.45,94.57,4015.0
11:23,94.47,94.53,94.36,94.53,5950.0
11:24,94.3,94.48,94.29,94.47,7070.0
11:25,94.29,94.35,94.26,94.26,6729.0
11:26,94.29,94.29,94.09,94.25,4918.0
11:27,94.37,94.38,94.27,94.29,3752.0
11:28,94.25,94.37,94.23,94.37,6730.0
11:29,94.23,94.34,94.16,94.24,7058.0
11:30,94.29,94.31,94.23,94.24,6459.0
11:31,94.3,94.34,94.22,94.27,7575.0
11:32,94.33,94.34,94.24,94.29,6329.0
11:33,94.53,94.55,94.29,94.31,14163.0
11:34,94.4,94.49,94.39,94.49,9336.0
11:35,94.42,94.42,94.34,94.39,4589.0
11:36,94.53,94.54,94.48,94.48,3200.0
11:37,94.54,94.54,94.5,94.54,2301.0
11:38,94.57,94.57,94.5,94.55,3933.0
11:39,94.57,94.57,94.51,94.54,4024.0
11:40,94.63,94.63,94.57,94.57,3869.0
11:41,94.54,94.69,94.54,94.61,4327.0
11:42,94.51,94.54,94.51,94.54,4979.0
11:43,94.5,94.58,94.49,94.51,3216.0
11:44,94.42,94.53,94.41,94.49,6714.0
11:45,94.43,94.46,94.42,94.42,3362.0
11:46,94.44,94.47,94.42,94.42,1820.0
11:47,94.53,94.54,94.48,94.48,3425.0
11:48,94.44,94.53,94.44,94.53,4561.0
11:49,94.42,94.42,94.38,94.39,4256.0
11:50,94.4,94.44,94.4,94.43,2819.0
11:51,94.46,94.49,94.45,94.45,2915.0
11:52,94.24,94.5,94.22,94.46,21546.0
11:53,94.28,94.32,94.27,94.27,3655.0
11:54,94.42,94.42,94.29,94.31,5381.0
11:55,94.49,94.49,94.4,94.4,2484.0
11:56,94.43,94.48,94.38,94.46,2985.0
11:57,94.45,94.52,94.45,94.47,5186.0
11:58,94.38,94.42,94.37,94.42,2783.0
11:59,94.44,94.44,94.37,94.38,4456.0
12:00,94.5,94.52,94.39,94.39,33667.0
12:01,94.61,94.61,94.55,94.55,1787.0
12:02,94.79,94.79,94.59,94.61,3549.0
12:03,94.85,94.85,94.76,94.83,6248.0
12:04,94.84,94.86,94.78,94.85,3215.0
12:05,94.79,94.81,94.75,94.81,3919.0
12:06,94.77,94.86,94.75,94.75,4917.0
12:07,94.83,94.84,94.83,94.84,2511.0
12:08,94.82,94.88,94.82,94.88,1300.0
12:09,94.82,94.87,94.75,94.87,7197.0
12:10,94.81,94.86,94.81,94.85,1759.0
12:11,94.87,94.89,94.87,94.87,3307.0
12:12,94.97,94.97,94.9,94.9,2381.0
12:13,94.96,95.0,94.94,94.98,4698.0
12:14,94.92,94.98,94.91,94.93,6953.0
12:15,94.95,94.95,94.92,94.95,1191.0
12:16,94.99,95.05,94.95,94.95,17467.0
12:17,95.1,95.1,95.01,95.01,5166.0
12:18,95.08,95.08,95.06,95.06,1195.0
12:19,95.1,95.11,95.08,95.08,3455.0
12:20,95.13,95.2,95.09,95.09,13901.0
12:21,95.22,95.22,95.11,95.12,5732.0
12:22,95.1,95.23,95.06,95.19,5124.0
12:23,95.13,95.13,95.08,95.11,4868.0
12:24,95.04,95.13,95.04,95.11,9672.0
12:25,95.04,95.07,95.04,95.04,2904.0
12:26,95.15,95.15,95.01,95.03,13282.0
12:27,95.14,95.18,95.14,95.14,2213.0
12:28,95.16,95.18,95.12,95.13,9399.0
12:29,95.17,95.2,95.17,95.17,5862.0
12:30,95.22,95.22,95.17,95.18,5817.0
12:31,95.27,95.29,95.21,95.21,11233.0
12:32,95.19,95.25,95.17,95.24,10218.0
12:33,95.26,95.26,95.15,95.18,16421.0
12:34,95.22,95.36,95.22,95.25,15667.0
12:35,95.16,95.21,95.16,95.21,2237.0
12:36,95.1,95.16,95.08,95.16,6322.0
12:37,95.14,95.14,95.1,95.12,3953.0
12:38,95.07,95.16,95.07,95.13,7967.0
12:39,95.07,95.1,95.07,95.07,7787.0
12:40,95.08,95.08,95.06,95.06,1260.0
12:41,94.98,95.1,94.98,95.06,11229.0
12:42,95.08,95.14,94.99,94.99,6316.0
12:43,95.08,95.08,95.08,95.08,2521.0
12:44,95.08,95.11,95.07,95.07,7745.0
12:45,95.09,95.12,95.05,95.08,12473.0
12:46,95.16,95.23,95.12,95.12,6743.0
12:47,95.14,95.19,95.12,95.18,9276.0
12:48,95.07,95.11,95.07,95.11,2396.0
12:49,95.02,95.08,95.02,95.08,10261.0
12:50,94.94,95.02,94.94,95.02,9209.0
12:51,94.91,94.93,94.91,94.93,2942.0
12:52,94.96,94.96,94.9,94.9,3069.0
12:53,94.95,94.97,94.92,94.93,3554.0
12:54,94.97,94.98,94.91,94.92,4794.0
12:55,94.93,94.96,94.9,94.96,3682.0
12:56,94.76,94.89,94.76,94.89,3556.0
12:57,94.75,94.76,94.73,94.76,4002.0
12:58,94.82,94.85,94.72,94.75,5892.0
12:59,94.72,94.82,94.7,94.82,8620.0
13:00,94.74,94.81,94.65,94.68,10948.0
13:01,94.75,94.78,94.7,94.73,5028.0
13:02,94.8,94.8,94.75,94.75,2772.0
13:03,94.82,94.84,94.75,94.81,6554.0
13:04,94.75,94.82,94.73,94.82,5732.0
13:05,94.81,94.81,94.7,94.72,6115.0
13:06,94.87,94.87,94.82,94.82,2304.0
13:07,94.94,94.99,94.89,94.93,7026.0
13:08,94.94,94.99,94.9,94.99,5930.0
13:09,94.98,94.98,94.93,94.93,2365.0
13:10,94.93,94.98,94.9,94.94,2591.0
13:11,95.0,95.02,94.89,94.93,73344.0
13:12,95.0,95.01,94.94,94.97,116082.0
13:13,95.0,95.01,94.98,95.0,76260.0
13:14,94.87,95.0,94.85,95.0,66609.0
13:15,94.96,94.98,94.86,94.89,12172.0
13:16,95.0,95.02,94.99,94.99,2527.0
13:17,95.02,95.02,94.95,94.96,6081.0
13:18,95.01,95.02,94.98,95.02,5072.0
13:19,95.04,95.08,94.98,95.01,7907.0
13:20,95.1,95.1,95.04,95.06,4369.0
13:21,95.09,95.09,95.06,95.07,2399.0
13:22,95.16,95.16,95.1,95.1,5259.0
13:23,95.22,95.22,95.15,95.18,5725.0
13:24,95.03,95.22,95.01,95.16,19743.0
13:25,94.85,95.02,94.85,95.02,5390.0
13:26,94.84,94.87,94.82,94.84,9154.0
13:27,94.79,94.91,94.78,94.88,32742.0
13:28,94.67,94.82,94.67,94.78,41723.0
13:29,94.67,94.8,94.66,94.68,23098.0
13:30,94.72,94.74,94.57,94.63,16050.0
13:31,94.74,94.83,94.7,94.72,46415.0
13:32,94.58,94.74,94.58,94.74,21705.0
13:33,94.63,94.63,94.59,94.6,3389.0
13:34,94.69,94.69,94.62,94.63,3500.0
13:35,94.68,94.75,94.64,94.69,8463.0
13:36,94.8,94.8,94.7,94.72,5176.0
13:37,94.92,94.96,94.67,94.8,17377.0
13:38,95.05,95.08,94.93,94.93,3558.0
13:39,94.89,95.06,94.89,94.98,6757.0
13:40,94.88,94.92,94.86,94.92,4327.0
13:41,94.89,94.93,94.83,94.9,10041.0
13:42,94.94,94.95,94.82,94.89,17138.0
13:43,94.99,95.0,94.91,94.94,2674.0
13:44,94.98,95.05,94.97,95.0,5348.0
13:45,94.88,94.96,94.88,94.96,15596.0
13:46,94.9,94.92,94.88,94.88,3275.0
13:47,94.97,94.99,94.91,94.92,2801.0
13:48,94.98,94.98,94.94,94.97,2199.0
13:49,94.99,94.99,94.9,94.97,6159.0
13:50,94.98,94.99,94.92,94.98,4962.0
13:51,94.99,95.0,94.98,94.98,2624.0
13:52,95.08,95.08,94.97,94.97,7550.0
13:53,95.17,95.19,95.06,95.08,42052.0
13:54,95.06,95.18,94.98,95.18,28793.0
13:55,95.17,95.17,95.09,95.09,3615.0
13:56,95.05,95.14,94.93,95.14,178982.0
13:57,95.07,95.08,95.0,95.05,2161.0
13:58,94.97,95.07,94.97,95.07,6319.0
13:59,94.96,95.02,94.96,94.97,9187.0
14:00,94.93,95.04,94.93,94.96,6016.0
14:01,94.94,95.1,94.86,94.92,29070.0
14:02,94.84,94.97,94.82,94.97,12027.0
14:03,94.78,94.81,94.77,94.81,5514.0
14:04,94.8,94.83,94.79,94.79,3832.0
14:05,94.89,94.9,94.81,94.81,6051.0
14:06,94.88,94.9,94.84,94.85,7770.0
14:07,94.89,94.9,94.83,94.9,8491.0
14:08,94.94,94.94,94.89,94.9,2810.0
14:09,94.94,94.95,94.9,94.94,5818.0
14:10,94.94,94.98,94.94,94.94,4842.0
14:11,94.94,95.04,94.92,94.96,15744.0
14:12,94.93,94.93,94.87,94.92,5031.0
14:13,95.0,95.0,94.93,94.93,2828.0
14:14,94.98,95.01,94.95,95.0,4350.0
14:15,94.9,94.98,94.89,94.98,5125.0
14:16,94.87,94.94,94.87,94.89,8774.0
14:17,94.79,94.86,94.78,94.86,8090.0
14:18,94.83,94.83,94.79,94.8,2678.0
14:19,94.84,94.84,94.81,94.84,5070.0
14:20,94.75,94.84,94.74,94.81,10904.0
14:21,94.72,94.8,94.64,94.73,36548.0
14:22,94.75,94.75,94.66,94.71,10585.0
14:23,94.74,94.77,94.72,94.76,2351.0
14:24,94.7,94.72,94.68,94.7,3849.0
14:25,94.73,94.73,94.67,94.69,15434.0
14:26,94.67,94.71,94.65,94.71,7198.0
14:27,94.65,94.67,94.64,94.67,6782.0
14:28,94.65,94.67,94.63,94.64,5616.0
14:29,94.65,94.68,94.63,94.65,6484.0
14:30,94.71,94.73,94.63,94.63,7244.0
14:31,94.76,94.78,94.71,94.71,5721.0
14:32,94.64,94.76,94.63,94.76,15323.0
14:33,94.65,94.65,94.64,94.65,2679.0
14:34,94.61,94.67,94.6,94.64,12196.0
14:35,94.65,94.67,94.61,94.61,6526.0
14:36,94.56,94.67,94.55,94.67,10061.0
14:37,94.55,94.58,94.54,94.54,1719.0
14:38,94.5,94.54,94.45,94.54,14875.0
14:39,94.51,94.56,94.5,94.51,5007.0
14:40,94.52,94.53,94.5,94.53,4522.0
14:41,94.5,94.56,94.5,94.55,6616.0
14:42,94.52,94.53,94.5,94.5,5864.0
14:43,94.45,94.54,94.43,94.52,7720.0
14:44,94.47,94.5,94.45,94.46,5770.0
14:45,94.51,94.51,94.46,94.5,8216.0
14:46,94.46,94.55,94.46,94.49,8822.0
14:47,94.47,94.47,94.42,94.46,8562.0
14:48,94.51,94.56,94.44,94.44,10129.0
14:49,94.55,94.57,94.51,94.52,4958.0
14:50,94.64,94.68,94.54,94.57,18506.0
14:51,94.78,94.79,94.65,94.66,9766.0
14:52,94.82,94.82,94.74,94.75,9415.0
14:53,94.82,94.83,94.78,94.83,7253.0
14:54,94.77,94.82,94.73,94.81,8028.0
14:55,94.88,94.88,94.79,94.81,4126.0
14:56,94.82,94.88,94.81,94.88,12488.0
14:57,94.83,94.83,94.8,94.83,3056.0
14:58,94.82,94.84,94.79,94.83,8384.0
14:59,94.81,94.83,94.79,94.83,8801.0
15:00,94.78,94.78,94.74,94.78,9827.0
15:01,94.75,94.8,94.75,94.78,8929.0
15:02,94.83,94.83,94.75,94.75,5300.0
15:03,94.85,94.9,94.84,94.84,10489.0
15:04,94.88,94.89,94.83,94.84,7090.0
15:05,94.9,94.9,94.84,94.86,7194.0
15:06,94.82,94.9,94.82,94.88,9508.0
15:07,94.8,94.81,94.75,94.81,8588.0
15:08,94.81,94.83,94.79,94.8,6784.0
15:09,94.83,94.83,94.78,94.8,7130.0
15:10,94.89,94.89,94.82,94.83,6551.0
15:11,94.86,94.89,94.86,94.89,9020.0
15:12,94.94,94.94,94.86,94.87,5257.0
15:13,94.98,95.01,94.95,94.97,7861.0
15:14,94.95,94.98,94.92,94.97,19991.0
15:15,94.89,94.94,94.89,94.94,6039.0
15:16,94.79,94.9,94.79,94.9,10154.0
15:17,94.74,94.8,94.74,94.8,9046.0
15:18,94.77,94.77,94.73,94.75,8670.0
15:19,94.85,94.85,94.78,94.78,7075.0
15:20,94.83,94.91,94.8,94.85,29197.0
15:21,94.71,94.85,94.71,94.84,13225.0
15:22,94.68,94.7,94.68,94.7,3079.0
15:23,94.7,94.75,94.64,94.68,276279.0
15:24,94.62,94.7,94.58,94.7,15142.0
15:25,94.76,94.8,94.6,94.6,70145.0
15:26,94.78,94.79,94.75,94.75,10233.0
15:27,94.78,94.8,94.76,94.78,13355.0
15:28,94.68,94.78,94.68,94.78,18473.0
15:29,94.71,94.73,94.65,94.67,15591.0
15:30,94.7,94.75,94.69,94.7,17283.0
15:31,94.68,94.71,94.64,94.7,21306.0
15:32,94.71,94.76,94.71,94.72,15511.0
15:33,94.69,94.74,94.68,94.71,29336.0
15:34,94.54,94.69,94.54,94.69,25487.0
15:35,94.38,94.54,94.38,94.54,16980.0
15:36,94.26,94.38,94.26,94.37,10309.0
15:37,94.28,94.31,94.23,94.25,17248.0
15:38,94.23,94.28,94.18,94.27,17716.0
15:39,94.3,94.44,94.19,94.19,43431.0
15:40,94.22,94.3,94.17,94.29,33441.0
15:41,94.3,94.3,94.21,94.22,25997.0
15:42,94.34,94.36,94.27,94.29,39751.0
15:43,94.34,94.35,94.29,94.33,19203.0
15:44,94.19,94.35,94.19,94.35,24432.0
15:45,94.23,94.23,94.16,94.19,14448.0
15:46,94.14,94.23,94.11,94.23,28832.0
15:47,94.2,94.24,94.14,94.15,48362.0
15:48,94.08,94.23,94.07,94.18,34985.0
15:49,94.14,94.16,94.06,94.08,25945.0
15:50,93.91,94.2,93.91,94.14,44278.0
15:51,93.96,94.08,93.9,93.9,45831.0
15:52,93.9,94.04,93.9,93.96,44858.0
15:53,93.85,93.89,93.83,93.89,30982.0
15:54,93.79,93.87,93.75,93.85,39692.0
15:55,93.7,93.83,93.67,93.79,48238.0
15:56,93.69,93.76,93.68,93.7,93803.0
15:57,93.63,93.69,93.61,93.68,79572.0
15:58,93.79,93.81,93.62,93.64,146217.0
15:59,93.7,93.81,93.64,93.79,202342.0
