Time,Close,High,Low,Open,Volume
09:30,92.67,93.16,92.01,92.12,144637.0
09:31,92.26,92.75,92.13,92.67,29240.0
09:32,91.31,92.26,91.14,92.26,51566.0
09:33,91.99,92.21,91.22,91.34,16943.0
09:34,92.69,92.82,92.1,92.27,14414.0
09:35,92.51,92.67,92.2,92.6,24669.0
09:36,92.44,92.56,92.21,92.53,31479.0
09:37,92.74,92.92,92.37,92.37,22007.0
09:38,92.69,93.07,92.64,92.85,16793.0
09:39,92.76,92.82,92.64,92.79,10525.0
09:40,92.5,92.78,92.35,92.57,13841.0
09:41,93.12,93.18,92.61,92.61,36867.0
09:42,92.84,93.27,92.84,93.13,31707.0
09:43,92.74,92.96,92.68,92.96,11717.0
09:44,92.74,92.86,92.63,92.74,7477.0
09:45,92.75,92.99,92.71,92.86,21552.0
09:46,92.48,92.78,92.35,92.78,12941.0
09:47,92.42,92.73,92.42,92.64,10572.0
09:48,92.72,92.84,92.35,92.45,14302.0
09:49,92.5,92.74,92.35,92.74,9754.0
09:50,92.7,92.8,92.38,92.38,15799.0
09:51,92.48,92.5,92.02,92.5,10082.0
09:52,92.43,92.5,92.33,92.37,6923.0
09:53,92.59,92.75,92.48,92.54,40338.0
09:54,92.66,92.92,92.55,92.61,19909.0
09:55,92.4,92.61,92.31,92.61,9356.0
09:56,91.82,92.32,91.6,92.29,11963.0
09:57,91.81,92.03,91.62,91.68,7252.0
09:58,91.83,91.95,91.78,91.8,9672.0
09:59,91.63,91.82,91.61,91.79,11067.0
10:00,91.84,92.0,91.51,91.61,13949.0
10:01,91.18,91.92,91.11,91.84,12979.0
10:02,91.15,91.35,90.94,91.12,27178.0
10:03,90.9,91.1,90.75,91.09,16717.0
10:04,91.0,91.07,90.75,90.93,21117.0
10:05,90.89,91.29,90.71,91.04,34882.0
10:06,90.92,91.17,90.76,90.76,35309.0
10:07,90.93,91.13,90.73,90.84,45577.0
10:08,90.7,90.93,90.44,90.8,51781.0
10:09,90.83,90.93,90.66,90.72,35295.0
10:10,90.67,90.71,90.54,90.67,13193.0
10:11,90.83,90.97,90.59,90.61,22517.0
10:12,90.92,91.04,90.78,90.83,24816.0
10:13,90.7,90.89,90.68,90.79,13876.0
10:14,90.81,90.88,90.66,90.7,28283.0
10:15,90.73,91.0,90.65,90.82,38589.0
10:16,90.56,90.76,90.44,90.72,36404.0
10:17,90.29,90.68,90.05,90.52,71587.0
10:18,90.19,90.5,90.14,90.35,28640.0
10:19,90.43,90.56,90.15,90.15,36111.0
10:20,89.96,90.49,89.87,90.43,77796.0
10:21,89.48,89.91,89.42,89.91,43181.0
10:22,90.0,90.03,89.37,89.52,62534.0
10:23,90.22,90.39,89.98,90.01,33684.0
10:24,90.51,90.53,89.97,90.23,37327.0
10:25,90.47,90.78,90.32,90.5,19358.0
10:26,90.03,90.45,89.94,90.4,21617.0
10:27,89.74,90.14,89.65,90.0,18309.0
10:28,89.49,89.66,89.36,89.53,19675.0
10:29,89.26,89.42,89.11,89.42,16032.0
10:30,89.31,89.43,89.0,89.19,26945.0
10:31,89.13,89.3,89.05,89.22,17652.0
10:32,89.31,89.38,89.08,89.14,24355.0
10:33,89.09,89.34,89.01,89.27,15561.0
10:34,88.93,89.16,88.85,89.1,42817.0
10:35,88.63,88.93,88.46,88.93,38426.0
10:36,88.53,88.71,88.5,88.63,108852.0
10:37,88.54,88.66,88.4,88.6,57015.0
10:38,88.47,88.61,88.28,88.57,61877.0
10:39,88.48,88.52,88.31,88.47,34062.0
10:40,88.35,88.54,88.25,88.49,24899.0
10:41,88.39,88.53,88.23,88.32,110518.0
10:42,88.61,88.66,88.34,88.4,77102.0
10:43,88.99,89.14,88.61,88.61,101884.0
10:44,89.2,89.4,89.0,89.0,27550.0
10:45,89.14,89.21,88.89,89.17,65388.0
10:46,89.32,89.4,89.04,89.09,37277.0
10:47,89.38,89.43,89.15,89.32,21826.0
10:48,89.4,89.54,89.34,89.39,19354.0
10:49,89.57,89.57,89.22,89.43,25268.0
10:50,89.34,89.5,89.19,89.5,16200.0
10:51,89.21,89.36,89.09,89.36,15978.0
10:52,89.18,89.25,89.03,89.25,13502.0
10:53,89.48,89.48,89.09,89.18,17112.0
10:54,89.78,89.96,89.61,89.61,19528.0
10:55,89.74,89.81,89.6,89.72,11444.0
10:56,89.58,89.68,89.46,89.68,15658.0
10:57,89.5,89.77,89.48,89.6,36101.0
10:58,89.46,89.52,89.33,89.51,21118.0
10:59,89.41,89.46,89.3,89.46,22643.0
11:00,89.3,89.55,89.19,89.39,33145.0
11:01,89.29,89.29,89.13,89.24,15591.0
11:02,88.84,89.21,88.84,89.2,35632.0
11:03,88.81,88.88,88.72,88.88,22387.0
11:04,88.6,88.8,88.51,88.8,23977.0
11:05,88.28,88.62,88.28,88.62,22619.0
11:06,88.47,88.5,88.28,88.28,23100.0
11:07,88.7,88.78,88.46,88.47,22943.0
11:08,88.94,89.07,88.78,88.78,24332.0
11:09,88.88,88.99,88.74,88.94,17949.0
11:10,88.83,88.95,88.75,88.87,13466.0
11:11,88.82,88.9,88.75,88.87,14054.0
11:12,88.97,89.0,88.82,88.86,18418.0
11:13,89.15,89.19,88.93,88.93,17361.0
11:14,88.86,89.09,88.86,89.08,25475.0
11:15,88.85,88.9,88.68,88.84,33190.0
11:16,89.11,89.11,88.85,88.85,10218.0
11:17,89.06,89.19,89.0,89.11,12932.0
11:18,88.75,89.07,88.72,89.03,14072.0
11:19,88.83,88.88,88.75,88.75,16934.0
11:20,89.18,89.23,88.83,88.89,24797.0
11:21,89.29,89.31,89.11,89.18,15172.0
11:22,89.13,89.37,89.13,89.29,19232.0
11:23,89.18,89.29,89.11,89.14,58627.0
11:24,89.15,89.26,89.14,89.18,53775.0
11:25,89.28,89.44,89.11,89.15,46901.0
11:26,89.49,89.56,89.3,89.3,15741.0
11:27,89.46,89.56,89.45,89.48,15832.0
11:28,89.37,89.58,89.28,89.43,20778.0
11:29,89.46,89.49,89.35,89.41,21033.0
11:30,89.47,89.54,89.4,89.46,29965.0
11:31,89.21,89.47,89.19,89.47,15665.0
11:32,89.37,89.43,89.14,89.2,19308.0
11:33,89.46,89.5,89.35,89.38,43056.0
11:34,89.52,89.59,89.4,89.47,43619.0
11:35,89.51,89.53,89.42,89.53,16738.0
11:36,89.72,89.74,89.54,89.54,10325.0
11:37,89.79,89.88,89.68,89.72,24895.0
11:38,89.87,89.88,89.72,89.79,18412.0
11:39,89.72,89.88,89.7,89.88,17103.0
11:40,89.84,90.01,89.7,89.72,48475.0
11:41,89.59,89.85,89.59,89.83,20032.0
11:42,89.65,89.72,89.6,89.6,13518.0
11:43,89.71,89.71,89.57,89.63,10859.0
11:44,89.66,89.72,89.62,89.68,10471.0
11:45,89.48,89.65,89.37,89.65,20977.0
11:46,89.56,89.63,89.45,89.45,10153.0
11:47,89.75,89.75,89.51,89.56,17145.0
11:48,89.77,90.0,89.7,89.81,9957.0
11:49,89.73,89.75,89.64,89.74,8855.0
11:50,89.77,89.82,89.59,89.7,14981.0
11:51,89.85,90.0,89.79,89.79,17280.0
11:52,90.08,90.08,89.84,89.85,25968.0
11:53,90.03,90.16,89.98,90.08,19113.0
11:54,90.01,90.07,89.94,90.03,18112.0
11:55,90.06,90.15,90.0,90.04,38059.0
11:56,90.12,90.13,90.0,90.06,46719.0
11:57,90.31,90.36,90.08,90.1,32210.0
11:58,90.54,90.57,90.31,90.36,25609.0
11:59,90.61,90.69,90.54,90.56,18353.0
12:00,90.26,90.75,90.23,90.61,35810.0
12:01,90.3,90.33,90.22,90.3,15148.0
12:02,90.29,90.33,90.2,90.22,14891.0
12:03,90.29,90.35,90.14,90.29,12077.0
12:04,90.55,90.55,90.34,90.34,11095.0
12:05,90.49,90.57,90.41,90.53,14282.0
12:06,90.55,90.55,90.47,90.49,11013.0
12:07,90.46,90.57,90.46,90.57,14641.0
12:08,90.5,90.59,90.37,90.46,10745.0
12:09,90.53,90.58,90.5,90.5,14686.0
12:10,90.42,90.55,90.4,90.49,10671.0
12:11,90.34,90.48,90.31,90.48,16154.0
12:12,90.43,90.44,90.13,90.34,25894.0
12:13,90.39,90.48,90.37,90.39,17533.0
12:14,90.57,90.62,90.42,90.42,15311.0
12:15,90.59,90.63,90.46,90.57,11777.0
12:16,90.44,90.46,90.35,90.46,13590.0
12:17,90.5,90.54,90.39,90.44,14691.0
12:18,90.58,90.59,90.5,90.5,4822.0
12:19,90.41,90.59,90.36,90.59,12019.0
12:20,90.31,90.38,90.21,90.38,11809.0
12:21,90.45,90.48,90.35,90.35,30476.0
12:22,90.65,90.72,90.43,90.43,15953.0
12:23,90.67,90.74,90.64,90.68,14682.0
12:24,90.79,90.87,90.67,90.67,13319.0
12:25,90.68,90.81,90.66,90.79,16756.0
12:26,90.58,90.67,90.55,90.67,12782.0
12:27,90.49,90.58,90.39,90.58,11911.0
12:28,90.36,90.57,90.31,90.55,18300.0
12:29,90.39,90.46,90.36,90.36,10752.0
12:30,90.39,90.42,90.28,90.4,25736.0
12:31,90.43,90.5,90.4,90.42,15036.0
12:32,90.5,90.51,90.44,90.44,17829.0
12:33,90.49,90.53,90.41,90.5,23338.0
12:34,90.39,90.48,90.39,90.44,19888.0
12:35,90.46,90.51,90.37,90.39,20288.0
12:36,90.53,90.53,90.45,90.46,9554.0
12:37,90.39,90.5,90.37,90.5,18783.0
12:38,90.22,90.45,90.22,90.44,10058.0
12:39,90.14,90.24,90.14,90.24,13766.0
12:40,90.17,90.27,90.14,90.19,11300.0
12:41,90.17,90.18,90.06,90.17,16415.0
12:42,90.24,90.24,90.09,90.14,10233.0
12:43,90.32,90.36,90.21,90.23,27684.0
12:44,90.28,90.34,90.22,90.32,13960.0
12:45,90.3,90.46,90.21,90.28,29421.0
12:46,90.26,90.32,90.17,90.3,18715.0
12:47,90.21,90.28,90.15,90.26,16950.0
12:48,90.22,90.26,90.15,90.21,16919.0
12:49,90.29,90.35,90.22,90.22,32319.0
12:50,90.13,90.25,90.07,90.25,20127.0
12:51,90.13,90.15,90.08,90.09,10618.0
12:52,90.06,90.13,90.0,90.1,18286.0
12:53,90.03,90.12,90.03,90.06,8503.0
12:54,90.39,90.39,89.99,90.02,30964.0
12:55,90.42,90.5,90.38,90.39,60814.0
12:56,90.46,90.46,90.34,90.39,21888.0
12:57,90.42,90.45,90.35,90.45,17167.0
12:58,90.37,90.46,90.33,90.43,19216.0
12:59,90.46,90.48,90.38,90.38,14344.0
13:00,90.41,90.5,90.32,90.48,46188.0
13:01,90.4,90.42,90.35,90.4,13803.0
13:02,90.22,90.41,90.19,90.4,9846.0
13:03,90.3,90.3,90.15,90.22,24433.0
13:04,90.17,90.3,90.15,90.3,9896.0
13:05,90.05,90.12,89.97,90.11,19029.0
13:06,90.22,90.25,90.05,90.05,18275.0
13:07,90.09,90.19,90.04,90.19,13484.0
13:08,90.14,90.18,90.04,90.1,16618.0
13:09,90.15,90.19,90.09,90.15,7288.0
13:10,90.08,90.16,90.04,90.15,19692.0
13:11,90.14,90.14,90.05,90.1,16287.0
13:12,90.14,90.17,90.07,90.14,16285.0
13:13,90.1,90.15,90.05,90.11,7078.0
13:14,90.1,90.1,90.02,90.06,13426.0
13:15,89.94,90.07,89.84,90.07,19956.0
13:16,89.99,90.02,89.84,89.94,10154.0
13:17,89.89,89.97,89.82,89.95,9676.0
13:18,89.98,89.98,89.84,89.84,11962.0
13:19,90.08,90.11,89.99,89.99,18115.0
13:20,90.09,90.15,90.02,90.02,11139.0
13:21,90.14,90.18,90.08,90.11,12982.0
13:22,90.03,90.13,90.01,90.13,16095.0
13:23,90.03,90.07,89.98,90.0,8204.0
13:24,90.0,90.03,89.95,90.03,8466.0
13:25,90.17,90.19,89.91,89.95,13333.0
13:26,90.02,90.18,89.99,90.18,9928.0
13:27,90.12,90.14,89.98,90.02,9999.0
13:28,90.13,90.23,90.1,90.18,10950.0
13:29,90.24,90.24,90.06,90.07,6476.0
13:30,90.38,90.41,90.18,90.22,16171.0
13:31,90.39,90.43,90.33,90.38,12152.0
13:32,90.38,90.51,90.33,90.43,24031.0
13:33,90.19,90.43,90.17,90.38,12517.0
13:34,90.26,90.3,90.16,90.19,8082.0
13:35,90.26,90.33,90.25,90.27,10307.0
13:36,90.36,90.36,90.24,90.33,6000.0
13:37,90.28,90.33,90.25,90.33,6181.0
13:38,90.28,90.29,90.22,90.29,5860.0
13:39,90.25,90.34,90.25,90.28,14977.0
13:40,90.07,90.29,90.07,90.25,6649.0
13:41,89.98,90.1,89.98,90.08,9117.0
13:42,90.04,90.04,90.0,90.04,3648.0
13:43,90.1,90.11,90.04,90.08,10413.0
13:44,90.18,90.18,90.07,90.1,11247.0
13:45,90.18,90.22,90.16,90.18,9430.0
13:46,90.17,90.21,90.11,90.18,8276.0
13:47,90.15,90.17,90.09,90.13,9780.0
13:48,90.35,90.52,90.14,90.15,16687.0
13:49,90.43,90.5,90.39,90.39,14109.0
13:50,90.47,90.57,90.39,90.49,68169.0
13:51,90.48,90.51,90.41,90.48,39513.0
13:52,90.3,90.47,90.3,90.47,17739.0
13:53,90.32,90.4,90.27,90.3,10082.0
13:54,90.19,90.35,90.18,90.35,7045.0
13:55,90.39,90.39,90.15,90.24,13435.0
13:56,90.31,90.4,90.29,90.39,9265.0
13:57,90.21,90.31,90.14,90.31,6921.0
13:58,90.32,90.33,90.06,90.19,30861.0
13:59,90.22,90.33,90.18,90.25,13193.0
14:00,90.38,90.44,90.22,90.22,12262.0
14:01,90.14,90.38,90.14,90.38,16701.0
14:02,90.18,90.18,90.1,90.18,6667.0
14:03,90.18,90.18,90.15,90.18,3921.0
14:04,90.27,90.32,90.21,90.24,7138.0
14:05,90.28,90.33,90.2,90.28,19244.0
14:06,90.39,90.39,90.27,90.29,13038.0
14:07,90.56,90.61,90.43,90.43,29496.0
14:08,90.8,90.85,90.54,90.56,67489.0
14:09,91.04,91.19,90.81,90.82,48178.0
14:10,91.03,91.28,90.99,91.03,22128.0
14:11,90.9,91.06,90.88,91.06,23000.0
14:12,91.0,91.06,90.91,90.93,9403.0
14:13,91.03,91.03,90.98,91.02,5571.0
14:14,91.01,91.08,91.0,91.02,8055.0
14:15,90.84,91.0,90.72,91.0,12284.0
14:16,90.9,90.9,90.82,90.85,6437.0
14:17,90.93,91.0,90.83,90.89,6772.0
14:18,90.99,91.07,90.79,90.93,24814.0
14:19,91.12,91.18,91.01,91.01,7453.0
14:20,91.14,91.18,91.03,91.08,17554.0
14:21,91.21,91.23,91.12,91.15,16768.0
14:22,91.14,91.24,91.14,91.19,12152.0
14:23,90.99,91.19,90.98,91.14,9624.0
14:24,91.0,91.1,90.95,91.06,8835.0
14:25,91.04,91.1,91.04,91.05,5363.0
14:26,91.04,91.09,91.01,91.07,6111.0
14:27,91.03,91.17,91.03,91.05,7659.0
14:28,91.09,91.09,91.03,91.06,6513.0
14:29,91.14,91.17,91.11,91.15,7007.0
14:30,91.01,91.15,91.01,91.12,10442.0
14:31,90.95,91.02,90.93,91.02,7636.0
14:32,90.79,90.96,90.79,90.94,7496.0
14:33,90.8,90.88,90.75,90.83,11219.0
14:34,90.7,90.79,90.65,90.78,8067.0
14:35,90.86,90.86,90.75,90.75,8026.0
14:36,90.89,90.89,90.79,90.86,11664.0
14:37,90.88,90.94,90.83,90.88,13189.0
14:38,90.86,90.94,90.8,90.93,24093.0
14:39,90.79,90.86,90.74,90.86,17716.0
14:40,90.71,90.89,90.71,90.76,14501.0
14:41,90.82,90.82,90.67,90.7,13448.0
14:42,90.86,90.86,90.67,90.82,8058.0
14:43,90.66,90.82,90.63,90.8,18731.0
14:44,90.58,90.7,90.53,90.67,12613.0
14:45,90.49,90.58,90.47,90.57,11253.0
14:46,90.43,90.52,90.42,90.5,8352.0
14:47,90.43,90.44,90.33,90.43,10135.0
14:48,90.55,90.58,90.47,90.47,16942.0
14:49,90.48,90.58,90.46,90.51,6281.0
14:50,90.44,90.52,90.44,90.45,10884.0
14:51,90.44,90.48,90.44,90.44,5472.0
14:52,90.44,90.53,90.43,90.49,6396.0
14:53,90.22,90.44,90.22,90.44,6585.0
14:54,90.3,90.3,90.15,90.22,9960.0
14:55,90.4,90.41,90.34,90.34,4823.0
14:56,90.39,90.43,90.38,90.4,4451.0
14:57,90.31,90.4,90.29,90.4,8273.0
14:58,90.32,90.36,90.31,90.31,3633.0
14:59,90.36,90.4,90.33,90.33,10411.0
15:00,90.28,90.36,90.28,90.34,13724.0
15:01,90.24,90.29,90.15,90.29,17072.0
15:02,90.18,90.24,90.15,90.24,4354.0
15:03,90.11,90.19,90.11,90.17,6325.0
15:04,90.16,90.16,90.08,90.11,11314.0
15:05,90.08,90.2,90.02,90.2,9807.0
15:06,90.03,90.16,90.01,90.1,8561.0
15:07,90.09,90.09,90.05,90.06,5615.0
15:08,90.12,90.12,89.97,90.08,9921.0
15:09,90.13,90.15,90.07,90.15,14038.0
15:10,90.12,90.18,90.05,90.15,27412.0
15:11,90.04,90.15,89.98,90.12,17821.0
15:12,90.08,90.09,89.98,90.05,27982.0
15:13,89.99,90.06,89.97,90.06,13663.0
15:14,90.06,90.07,89.97,90.0,27702.0
15:15,90.14,90.19,90.04,90.07,25813.0
15:16,90.12,90.17,90.07,90.14,19377.0
15:17,90.05,90.14,90.03,90.13,27128.0
15:18,90.04,90.09,90.04,90.04,12498.0
15:19,90.02,90.07,89.99,90.03,23655.0
15:20,90.07,90.11,90.0,90.01,33558.0
15:21,90.04,90.06,89.95,90.04,27991.0
15:22,90.06,90.11,90.02,90.06,16358.0
15:23,90.03,90.07,89.88,90.06,35675.0
15:24,90.06,90.07,90.0,90.03,17813.0
15:25,90.14,90.14,90.04,90.06,19445.0
15:26,90.02,90.15,90.0,90.15,19666.0
15:27,89.93,90.1,89.93,90.06,13791.0
15:28,89.94,90.0,89.85,89.94,9246.0
15:29,89.86,89.9,89.81,89.9,11268.0
15:30,89.74,89.87,89.74,89.86,42765.0
15:31,89.76,89.78,89.68,89.74,17890.0
15:32,89.71,89.75,89.69,89.75,12653.0
15:33,89.77,89.81,89.66,89.71,24029.0
15:34,89.87,89.87,89.75,89.79,16807.0
15:35,89.96,90.03,89.85,89.88,23353.0
15:36,89.95,89.99,89.95,89.97,10813.0
15:37,89.79,89.94,89.78,89.94,17210.0
15:38,89.81,89.86,89.78,89.79,10697.0
15:39,89.8,89.86,89.77,89.8,23832.0
15:40,89.73,89.81,89.67,89.79,25318.0
15:41,89.72,89.81,89.68,89.72,15312.0
15:42,89.61,89.74,89.61,89.72,22689.0
15:43,89.67,89.7,89.57,89.61,21911.0
15:44,89.58,89.66,89.57,89.65,33506.0
15:45,89.64,89.66,89.59,89.6,21350.0
15:46,89.65,89.7,89.64,89.65,25411.0
15:47,89.61,89.7,89.58,89.64,34649.0
15:48,89.51,89.6,89.4,89.6,52316.0
15:49,89.36,89.52,89.36,89.5,39699.0
15:50,89.52,89.63,89.34,89.35,78369.0
15:51,89.54,89.57,89.46,89.51,46112.0
15:52,89.43,89.57,89.43,89.54,73051.0
15:53,89.33,89.46,89.33,89.43,40563.0
15:54,89.28,89.38,89.26,89.33,66362.0
15:55,89.18,89.31,89.14,89.28,118792.0
15:56,89.19,89.25,89.14,89.18,145935.0
15:57,89.12,89.26,89.11,89.2,178506.0
15:58,89.18,89.26,89.11,89.12,215930.0
15:59,89.24,89.4,89.16,89.18,504210.0
