Time,Close,High,Low,Open,Volume
09:30,104.02,104.21,104.0,104.0,18046.0
09:31,102.91,103.99,102.87,103.99,53316.0
09:32,102.22,102.96,102.16,102.9,56264.0
09:33,102.39,102.49,102.12,102.22,31826.0
09:34,102.6,102.78,102.3,102.44,15449.0
09:35,102.61,102.62,102.42,102.59,11215.0
09:36,102.57,102.76,102.42,102.51,18584.0
09:37,102.43,102.57,102.21,102.57,15111.0
09:38,102.11,102.41,102.11,102.41,7729.0
09:39,102.0,102.34,101.9,102.11,12372.0
09:40,101.76,102.26,101.75,102.0,13245.0
09:41,102.07,102.3,102.0,102.14,11367.0
09:42,101.88,102.12,101.75,102.07,10599.0
09:43,101.57,101.87,101.51,101.81,23220.0
09:44,101.45,101.65,101.31,101.63,16683.0
09:45,101.25,101.64,101.22,101.48,29588.0
09:46,101.37,101.49,101.22,101.24,26881.0
09:47,101.43,101.5,101.25,101.29,19485.0
09:48,101.62,101.62,101.1,101.36,14032.0
09:49,101.64,101.69,101.34,101.62,17255.0
09:50,101.76,102.02,101.75,101.96,20731.0
09:51,101.76,101.82,101.63,101.76,13170.0
09:52,101.8,101.81,101.62,101.76,10257.0
09:53,101.6,101.81,101.56,101.78,15824.0
09:54,101.52,101.63,101.45,101.6,19178.0
09:55,101.71,101.74,101.42,101.55,18414.0
09:56,101.92,102.0,101.69,101.76,13346.0
09:57,101.99,102.1,101.86,101.93,14181.0
09:58,101.76,102.0,101.76,102.0,12314.0
09:59,101.51,101.81,101.5,101.76,18308.0
10:00,101.68,101.7,101.36,101.5,36238.0
10:01,101.4,101.66,101.2,101.63,50022.0
10:02,101.38,101.47,101.29,101.32,10079.0
10:03,101.17,101.45,101.07,101.39,15914.0
10:04,100.87,101.24,100.86,101.18,30319.0
10:05,101.01,101.03,100.8,100.86,21280.0
10:06,101.06,101.12,101.01,101.01,10921.0
10:07,101.06,101.23,101.0,101.1,19205.0
10:08,101.2,101.23,101.03,101.03,13513.0
10:09,101.32,101.39,101.2,101.2,14843.0
10:10,101.19,101.38,101.19,101.31,25549.0
10:11,101.32,101.35,101.23,101.3,6943.0
10:12,101.36,101.43,101.25,101.32,10729.0
10:13,101.37,101.4,101.26,101.32,14122.0
10:14,101.56,101.66,101.42,101.43,12522.0
10:15,101.87,101.87,101.55,101.63,17815.0
10:16,101.93,102.01,101.8,101.85,11428.0
10:17,102.04,102.24,101.83,101.87,152083.0
10:18,101.99,102.12,101.81,102.05,41442.0
10:19,101.84,102.0,101.84,102.0,5471.0
10:20,101.82,101.82,101.6,101.76,19308.0
10:21,101.53,101.77,101.5,101.77,4475.0
10:22,101.36,101.61,101.33,101.58,15614.0
10:23,101.23,101.31,101.16,101.31,5783.0
10:24,101.32,101.4,101.21,101.25,18410.0
10:25,101.22,101.32,101.07,101.32,12870.0
10:26,101.22,101.27,101.03,101.25,9185.0
10:27,101.19,101.31,101.15,101.29,11288.0
10:28,101.28,101.29,101.13,101.15,12886.0
10:29,101.35,101.41,101.23,101.23,9953.0
10:30,101.36,101.42,101.32,101.39,7148.0
10:31,101.4,101.44,101.29,101.3,10143.0
10:32,101.4,101.41,101.33,101.41,7053.0
10:33,101.25,101.41,101.24,101.38,12234.0
10:34,101.21,101.24,101.08,101.22,7693.0
10:35,101.15,101.23,101.05,101.2,7976.0
10:36,101.15,101.22,101.14,101.18,7334.0
10:37,101.1,101.23,101.09,101.18,9932.0
10:38,101.04,101.28,101.03,101.16,10685.0
10:39,101.19,101.19,101.03,101.08,6101.0
10:40,101.18,101.24,101.11,101.15,7434.0
10:41,101.18,101.29,101.14,101.23,11889.0
10:42,101.14,101.18,101.08,101.18,7585.0
10:43,101.13,101.3,101.11,101.14,13703.0
10:44,100.91,101.19,100.91,101.19,26407.0
10:45,101.06,101.08,100.94,100.94,13069.0
10:46,100.9,101.07,100.88,101.07,13039.0
10:47,100.82,100.88,100.76,100.87,12352.0
10:48,100.7,100.8,100.63,100.8,28415.0
10:49,100.68,100.76,100.64,100.65,6690.0
10:50,100.94,100.95,100.69,100.69,18180.0
10:51,101.03,101.04,100.95,100.98,7173.0
10:52,100.88,101.07,100.88,101.04,5939.0
10:53,100.96,100.97,100.88,100.93,16108.0
10:54,100.86,100.92,100.77,100.86,8563.0
10:55,100.78,100.86,100.75,100.86,5968.0
10:56,100.97,100.98,100.78,100.78,16131.0
10:57,101.04,101.07,100.92,100.94,11914.0
10:58,101.2,101.25,100.98,101.02,12538.0
10:59,101.69,101.74,101.18,101.18,15032.0
11:00,101.87,101.89,101.67,101.7,9855.0
11:01,101.69,101.88,101.62,101.77,13767.0
11:02,101.45,101.75,101.43,101.74,18879.0
11:03,101.31,101.57,101.25,101.5,9035.0
11:04,101.16,101.31,101.11,101.31,5895.0
11:05,101.06,101.12,101.0,101.12,19109.0
11:06,101.03,101.1,101.01,101.02,19226.0
11:07,101.17,101.2,101.01,101.06,8207.0
11:08,101.24,101.24,101.14,101.14,7918.0
11:09,101.38,101.41,101.24,101.24,8716.0
11:10,101.22,101.38,101.22,101.38,6038.0
11:11,101.29,101.33,101.23,101.27,21443.0
11:12,101.2,101.34,101.19,101.34,4773.0
11:13,101.29,101.29,101.14,101.23,15638.0
11:14,101.42,101.42,101.27,101.29,5363.0
11:15,101.35,101.5,101.35,101.46,10638.0
11:16,101.26,101.36,101.14,101.35,8421.0
11:17,101.24,101.32,101.24,101.24,15821.0
11:18,101.29,101.31,101.21,101.31,4732.0
11:19,101.15,101.29,101.12,101.27,17612.0
11:20,101.27,101.32,101.15,101.15,8600.0
11:21,101.19,101.29,101.11,101.29,5690.0
11:22,101.26,101.27,101.2,101.2,5411.0
11:23,101.45,101.56,101.27,101.28,8433.0
11:24,101.35,101.44,101.34,101.44,7582.0
11:25,101.36,101.39,101.29,101.35,16650.0
11:26,101.39,101.43,101.36,101.36,4052.0
11:27,101.42,101.43,101.36,101.39,7651.0
11:28,101.53,101.6,101.4,101.43,15209.0
11:29,101.39,101.53,101.38,101.53,5290.0
11:30,101.33,101.44,101.33,101.37,9195.0
11:31,101.48,101.5,101.36,101.36,5054.0
11:32,101.38,101.5,101.36,101.5,8777.0
11:33,101.0,101.33,100.96,101.33,13746.0
11:34,101.11,101.15,100.99,101.03,11437.0
11:35,101.11,101.2,101.08,101.15,13850.0
11:36,100.67,101.08,100.62,101.08,51864.0
11:37,100.85,100.85,100.56,100.72,18033.0
11:38,100.75,100.82,100.69,100.81,7639.0
11:39,100.57,100.81,100.52,100.81,10888.0
11:40,100.53,100.63,100.5,100.59,27593.0
11:41,100.63,100.63,100.54,100.54,13110.0
11:42,100.56,100.62,100.53,100.57,7741.0
11:43,100.59,100.67,100.56,100.56,6903.0
11:44,100.69,100.72,100.62,100.64,19846.0
11:45,100.65,100.69,100.61,100.66,11740.0
11:46,100.63,100.67,100.61,100.63,17998.0
11:47,100.76,100.85,100.54,100.6,23301.0
11:48,100.72,100.87,100.72,100.81,12536.0
11:49,100.86,100.86,100.72,100.75,9966.0
11:50,100.74,100.86,100.74,100.86,4358.0
11:51,100.83,100.87,100.71,100.78,28304.0
11:52,100.48,100.8,100.42,100.79,35053.0
11:53,100.36,100.51,100.31,100.43,53251.0
11:54,100.36,100.54,100.35,100.36,31427.0
11:55,100.28,100.44,100.22,100.31,24621.0
11:56,100.28,100.33,100.24,100.27,11297.0
11:57,100.2,100.31,100.19,100.28,31637.0
11:58,100.26,100.28,100.18,100.19,9076.0
11:59,100.3,100.4,100.26,100.26,19596.0
12:00,100.26,100.37,100.2,100.27,16910.0
12:01,100.12,100.26,100.09,100.26,10658.0
12:02,100.06,100.17,99.98,100.14,50899.0
12:03,100.19,100.22,100.03,100.11,31046.0
12:04,100.34,100.37,100.12,100.15,13880.0
12:05,100.18,100.35,100.15,100.35,10081.0
12:06,100.05,100.21,100.04,100.18,15141.0
12:07,100.04,100.1,99.99,100.02,9545.0
12:08,100.0,100.1,99.98,100.04,10728.0
12:09,99.79,100.04,99.76,100.0,42317.0
12:10,99.73,99.81,99.66,99.79,49061.0
12:11,99.9,99.9,99.69,99.72,24389.0
12:12,99.83,99.9,99.8,99.87,9263.0
12:13,99.89,99.93,99.8,99.81,13932.0
12:14,99.8,99.93,99.8,99.93,12451.0
12:15,99.96,100.0,99.83,99.85,25298.0
12:16,100.0,100.04,99.93,99.99,26745.0
12:17,100.06,100.08,99.99,100.01,20487.0
12:18,100.02,100.1,99.96,100.06,17148.0
12:19,100.07,100.16,99.99,99.99,8736.0
12:20,99.89,100.11,99.85,100.06,34720.0
12:21,99.8,99.93,99.8,99.86,5829.0
12:22,99.89,99.89,99.8,99.82,4209.0
12:23,100.0,100.0,99.87,99.89,11667.0
12:24,99.9,99.99,99.84,99.99,6567.0
12:25,99.93,99.93,99.76,99.89,9389.0
12:26,99.8,99.9,99.76,99.89,6521.0
12:27,99.89,99.9,99.83,99.85,4155.0
12:28,99.96,99.97,99.88,99.88,10510.0
12:29,100.0,100.03,99.96,99.97,10294.0
12:30,100.28,100.28,100.0,100.0,88788.0
12:31,100.39,100.5,100.2,100.24,14014.0
12:32,100.48,100.53,100.34,100.35,13363.0
12:33,100.51,100.62,100.44,100.5,10626.0
12:34,100.55,100.62,100.51,100.54,7551.0
12:35,100.3,100.58,100.28,100.54,16771.0
12:36,100.19,100.31,100.18,100.3,7138.0
12:37,100.08,100.19,100.06,100.19,17266.0
12:38,99.97,100.09,99.9,100.08,21483.0
12:39,100.04,100.07,99.97,99.97,57681.0
12:40,100.13,100.13,100.01,100.04,18331.0
12:41,99.96,100.07,99.9,100.07,7433.0
12:42,100.0,100.04,99.96,99.96,7532.0
12:43,99.9,100.1,99.9,100.03,7576.0
12:44,99.79,99.94,99.76,99.94,5285.0
12:45,99.72,99.82,99.7,99.79,18840.0
12:46,99.7,99.73,99.6,99.73,8974.0
12:47,99.53,99.69,99.53,99.67,11007.0
12:48,99.67,99.68,99.57,99.57,10527.0
12:49,99.69,99.76,99.61,99.69,12100.0
12:50,99.76,99.76,99.61,99.69,10797.0
12:51,99.68,99.79,99.68,99.78,4180.0
12:52,99.64,99.72,99.62,99.66,8847.0
12:53,99.74,99.74,99.67,99.67,4935.0
12:54,99.8,99.84,99.73,99.73,6923.0
12:55,99.72,99.8,99.67,99.78,7681.0
12:56,99.6,99.73,99.6,99.72,5047.0
12:57,99.58,99.64,99.54,99.6,7092.0
12:58,99.61,99.63,99.5,99.62,22990.0
12:59,99.49,99.58,99.4,99.58,20623.0
13:00,99.6,99.61,99.49,99.52,8697.0
13:01,99.53,99.65,99.53,99.61,3997.0
13:02,99.67,99.71,99.54,99.54,11614.0
13:03,99.65,99.65,99.65,99.65,2199.0
13:04,99.56,99.65,99.54,99.65,6346.0
13:05,99.47,99.58,99.41,99.58,8727.0
13:06,99.55,99.62,99.46,99.47,46184.0
13:07,99.51,99.6,99.41,99.58,25319.0
13:08,99.46,99.54,99.4,99.47,7910.0
13:09,99.42,99.5,99.42,99.45,22505.0
13:10,99.67,99.72,99.44,99.48,24494.0
13:11,99.93,99.96,99.62,99.66,13835.0
13:12,99.87,100.03,99.84,99.98,28780.0
13:13,99.72,99.9,99.72,99.89,10790.0
13:14,99.72,99.76,99.68,99.72,5293.0
13:15,99.85,99.9,99.76,99.76,18836.0
13:16,99.79,99.88,99.78,99.84,8313.0
13:17,99.72,99.82,99.72,99.82,6155.0
13:18,99.81,99.85,99.75,99.77,9996.0
13:19,99.79,99.82,99.76,99.81,8381.0
13:20,99.71,99.83,99.58,99.82,27279.0
13:21,99.76,99.76,99.58,99.66,8443.0
13:22,99.75,99.8,99.66,99.78,7185.0
13:23,99.76,99.86,99.72,99.75,3855.0
13:24,99.8,99.8,99.64,99.75,13163.0
13:25,99.72,99.72,99.64,99.72,4459.0
13:26,99.69,99.75,99.64,99.69,5739.0
13:27,99.73,99.85,99.65,99.69,13665.0
13:28,99.68,99.73,99.65,99.73,4859.0
13:29,99.75,99.75,99.6,99.68,15295.0
13:30,99.69,99.75,99.66,99.72,5215.0
13:31,99.62,99.71,99.62,99.7,5388.0
13:32,99.69,99.73,99.64,99.64,6831.0
13:33,99.57,99.68,99.57,99.64,4677.0
13:34,99.51,99.61,99.51,99.56,7058.0
13:35,99.57,99.59,99.5,99.55,16820.0
13:36,99.57,99.6,99.52,99.54,7853.0
13:37,99.53,99.61,99.48,99.57,27359.0
13:38,99.53,99.61,99.49,99.55,16349.0
13:39,99.58,99.58,99.48,99.54,3732.0
13:40,99.58,99.62,99.53,99.57,7869.0
13:41,99.57,99.57,99.51,99.55,11349.0
13:42,99.46,99.61,99.46,99.58,7885.0
13:43,99.56,99.58,99.46,99.46,7358.0
13:44,99.6,99.63,99.5,99.56,18234.0
13:45,99.83,99.83,99.57,99.61,53935.0
13:46,99.66,99.86,99.66,99.81,17695.0
13:47,99.67,99.72,99.62,99.66,16926.0
13:48,99.62,99.73,99.62,99.67,3453.0
13:49,99.72,99.72,99.62,99.64,15144.0
13:50,99.75,99.82,99.68,99.7,12321.0
13:51,99.89,99.92,99.69,99.75,9780.0
13:52,99.91,99.94,99.85,99.92,9092.0
13:53,99.82,99.93,99.75,99.91,24157.0
13:54,99.64,99.85,99.6,99.82,16270.0
13:55,99.64,99.7,99.62,99.64,10991.0
13:56,99.8,99.8,99.58,99.64,9332.0
13:57,99.79,99.79,99.73,99.75,5296.0
13:58,99.8,99.94,99.8,99.82,7983.0
13:59,99.73,99.76,99.72,99.75,6016.0
14:00,99.73,99.78,99.66,99.77,5596.0
14:01,99.81,99.9,99.7,99.72,20215.0
14:02,99.92,99.92,99.74,99.8,10837.0
14:03,99.96,100.03,99.85,99.92,22513.0
14:04,100.04,100.05,99.97,99.99,13478.0
14:05,100.01,100.07,99.97,100.04,21663.0
14:06,100.0,100.04,99.94,100.01,14229.0
14:07,99.94,100.04,99.93,100.04,13552.0
14:08,99.94,100.0,99.9,99.94,7871.0
14:09,100.01,100.01,99.94,99.98,6878.0
14:10,99.97,100.02,99.94,99.98,8644.0
14:11,99.93,100.02,99.93,99.97,4079.0
14:12,99.81,99.94,99.81,99.93,7500.0
14:13,99.84,99.87,99.8,99.81,8664.0
14:14,99.86,99.89,99.82,99.86,5135.0
14:15,99.87,99.93,99.85,99.91,11317.0
14:16,99.91,99.93,99.85,99.89,5994.0
14:17,99.95,99.99,99.89,99.9,10439.0
14:18,100.01,100.02,99.94,99.97,17213.0
14:19,99.96,100.0,99.92,99.99,8698.0
14:20,100.0,100.04,99.95,99.98,34196.0
14:21,100.03,100.04,99.95,100.0,24127.0
14:22,100.16,100.21,100.01,100.03,24149.0
14:23,100.21,100.21,100.11,100.17,26154.0
14:24,100.22,100.26,100.14,100.21,32610.0
14:25,100.52,100.54,100.21,100.21,25374.0
14:26,100.51,100.57,100.47,100.54,11776.0
14:27,100.59,100.67,100.51,100.53,24245.0
14:28,100.64,100.71,100.58,100.59,22639.0
14:29,100.65,100.71,100.61,100.68,8644.0
14:30,100.43,100.63,100.42,100.62,15896.0
14:31,100.31,100.51,100.27,100.5,9978.0
14:32,100.48,100.49,100.31,100.36,9998.0
14:33,100.5,100.51,100.45,100.49,5985.0
14:34,100.49,100.59,100.46,100.52,6278.0
14:35,100.48,100.51,100.42,100.45,4867.0
14:36,100.51,100.56,100.47,100.5,8954.0
14:37,100.54,100.58,100.49,100.51,34672.0
14:38,100.44,100.56,100.38,100.56,20206.0
14:39,100.51,100.54,100.46,100.5,7861.0
14:40,100.33,100.47,100.32,100.46,8670.0
14:41,100.32,100.32,100.29,100.31,1499.0
14:42,100.39,100.4,100.25,100.25,6088.0
14:43,100.54,100.54,100.38,100.38,13892.0
14:44,100.54,100.55,100.47,100.55,15472.0
14:45,100.47,100.6,100.47,100.54,18394.0
14:46,100.44,100.49,100.39,100.44,5392.0
14:47,100.35,100.5,100.35,100.44,7473.0
14:48,100.27,100.4,100.27,100.37,4149.0
14:49,100.3,100.36,100.3,100.36,4250.0
14:50,100.34,100.41,100.31,100.38,7590.0
14:51,100.18,100.33,100.11,100.33,6696.0
14:52,100.14,100.22,100.14,100.19,5899.0
14:53,100.14,100.19,100.11,100.11,6179.0
14:54,100.1,100.17,100.1,100.14,5469.0
14:55,100.12,100.17,100.02,100.08,12748.0
14:56,100.29,100.3,100.09,100.09,8733.0
14:57,100.32,100.32,100.24,100.29,6918.0
14:58,100.65,100.69,100.32,100.32,13771.0
14:59,100.86,100.9,100.62,100.64,22792.0
15:00,101.11,101.11,100.73,100.86,15471.0
15:01,100.97,101.17,100.94,101.09,12548.0
15:02,100.99,101.0,100.88,100.95,12599.0
15:03,101.19,101.26,100.94,100.99,14658.0
15:04,101.17,101.2,101.13,101.15,9164.0
15:05,101.06,101.13,101.02,101.11,14483.0
15:06,101.15,101.15,101.02,101.06,7970.0
15:07,101.02,101.09,100.97,101.09,18357.0
15:08,101.34,101.35,101.03,101.03,8638.0
15:09,101.23,101.33,101.18,101.29,16109.0
15:10,101.26,101.29,101.17,101.23,9124.0
15:11,101.49,101.49,101.29,101.29,17563.0
15:12,101.57,101.57,101.46,101.52,8796.0
15:13,101.52,101.62,101.49,101.54,21424.0
15:14,101.32,101.53,101.32,101.48,19123.0
15:15,101.25,101.3,101.22,101.26,11052.0
15:16,101.3,101.36,101.2,101.25,10553.0
15:17,101.11,101.32,101.11,101.29,7904.0
15:18,101.39,101.4,101.1,101.11,20908.0
15:19,101.42,101.44,101.31,101.35,23285.0
15:20,101.07,101.35,101.0,101.35,14728.0
15:21,101.06,101.07,100.96,101.0,6661.0
15:22,101.09,101.21,101.06,101.06,14938.0
15:23,101.07,101.18,101.06,101.18,14645.0
15:24,101.19,101.21,101.1,101.1,18915.0
15:25,101.16,101.18,101.07,101.18,6451.0
15:26,101.06,101.13,101.04,101.13,8496.0
15:27,101.06,101.14,101.03,101.04,17350.0
15:28,101.02,101.19,100.99,101.1,18183.0
15:29,101.14,101.17,101.04,101.06,8639.0
15:30,101.16,101.3,101.15,101.15,18335.0
15:31,101.21,101.26,101.15,101.16,17310.0
15:32,101.23,101.31,101.19,101.23,17984.0
15:33,100.88,101.22,100.88,101.22,18639.0
15:34,101.1,101.19,100.88,100.88,13198.0
15:35,101.33,101.39,101.1,101.1,9347.0
15:36,101.42,101.46,101.31,101.33,21463.0
15:37,101.34,101.46,101.32,101.42,29600.0
15:38,101.36,101.43,101.33,101.35,15203.0
15:39,101.44,101.45,101.36,101.45,15849.0
15:40,101.42,101.47,101.4,101.46,16771.0
15:41,101.25,101.4,101.25,101.4,20731.0
15:42,101.21,101.33,101.21,101.3,17560.0
15:43,101.22,101.42,101.11,101.22,33475.0
15:44,101.27,101.32,101.16,101.32,22378.0
15:45,101.18,101.3,101.15,101.26,32972.0
15:46,101.3,101.35,101.07,101.18,29174.0
15:47,101.06,101.31,101.03,101.29,24816.0
15:48,100.96,101.16,100.96,101.07,25424.0
15:49,100.67,101.0,100.65,101.0,20007.0
15:50,100.85,100.99,100.69,100.69,37445.0
15:51,101.02,101.04,100.83,100.89,28613.0
15:52,100.98,101.04,100.85,100.98,31042.0
15:53,101.14,101.19,100.97,100.98,36821.0
15:54,100.94,101.18,100.91,101.14,48233.0
15:55,100.97,101.08,100.82,100.93,59522.0
15:56,100.94,101.04,100.87,100.97,43690.0
15:57,101.08,101.08,100.9,100.93,48177.0
15:58,101.24,101.25,101.04,101.08,104184.0
15:59,101.22,101.29,101.21,101.24,204716.0
