Time,Close,High,Low,Open,Volume
09:30,346.54,347.38,345.25,346.0,312600.0
09:31,345.72,346.83,343.17,346.54,105448.0
09:32,343.7,346.49,342.32,345.73,39670.0
09:33,343.95,345.0,343.03,343.75,52091.0
09:34,343.54,344.46,342.39,343.25,39540.0
09:35,344.0,344.08,342.11,343.41,45836.0
09:36,346.31,346.34,343.33,343.97,65280.0
09:37,346.25,346.5,345.43,346.32,35313.0
09:38,345.76,346.54,345.42,345.94,41483.0
09:39,346.83,347.21,345.63,345.77,28475.0
09:40,347.77,348.0,346.62,347.01,57211.0
09:41,349.3,349.61,347.5,347.5,110896.0
09:42,347.71,349.68,346.81,349.5,72127.0
09:43,347.79,348.07,347.07,347.86,24579.0
09:44,348.44,348.89,347.71,347.74,17349.0
09:45,349.66,349.96,348.33,348.45,58869.0
09:46,350.32,350.73,349.51,349.51,92625.0
09:47,349.52,350.47,349.49,350.24,105623.0
09:48,347.89,349.6,347.88,349.36,43124.0
09:49,346.77,348.36,346.7,347.62,46674.0
09:50,348.66,348.82,346.84,347.06,28414.0
09:51,349.99,349.99,348.63,348.67,24147.0
09:52,350.28,350.4,349.33,349.74,34664.0
09:53,349.84,350.98,349.56,350.0,71443.0
09:54,349.82,350.45,349.54,349.97,30011.0
09:55,349.39,350.17,349.39,349.7,27607.0
09:56,348.58,349.55,348.58,349.35,27676.0
09:57,349.2,349.49,348.57,348.65,11029.0
09:58,350.48,350.51,349.27,349.44,31573.0
09:59,349.53,350.49,349.38,350.46,56266.0
10:00,350.26,350.28,349.25,349.45,19790.0
10:01,349.54,350.25,349.45,350.07,24529.0
10:02,348.35,349.67,348.35,349.56,28046.0
10:03,347.63,348.75,347.51,348.45,27943.0
10:04,347.8,348.11,347.23,347.75,37994.0
10:05,348.29,348.76,347.73,347.8,29223.0
10:06,347.85,348.29,347.57,348.16,25547.0
10:07,347.1,347.88,347.1,347.88,20569.0
10:08,347.47,347.99,346.34,347.01,186780.0
10:09,348.27,348.27,347.23,347.42,33466.0
10:10,348.81,349.44,348.03,348.03,41833.0
10:11,348.86,348.97,348.2,348.8,11325.0
10:12,348.05,348.76,348.01,348.75,22738.0
10:13,347.39,348.42,347.39,348.01,16203.0
10:14,347.24,347.72,346.68,347.51,14901.0
10:15,346.33,347.18,346.33,347.02,44975.0
10:16,347.18,347.45,346.49,346.49,15525.0
10:17,346.0,347.3,345.94,347.02,26412.0
10:18,345.87,346.34,345.7,346.09,21437.0
10:19,345.97,346.28,345.8,346.0,12715.0
10:20,345.46,346.0,345.46,345.73,20954.0
10:21,345.67,345.67,345.24,345.45,11884.0
10:22,346.15,346.32,345.67,345.71,19160.0
10:23,346.3,346.68,346.0,346.15,27291.0
10:24,346.25,346.53,346.04,346.36,12332.0
10:25,345.73,346.39,345.69,346.12,19087.0
10:26,345.07,346.02,345.0,345.8,24104.0
10:27,345.11,345.26,344.9,345.2,10267.0
10:28,344.58,345.07,344.58,345.03,14327.0
10:29,343.64,344.78,343.63,344.78,28706.0
10:30,343.89,344.04,343.24,343.71,19858.0
10:31,344.24,344.29,343.72,343.86,23004.0
10:32,343.99,344.26,343.96,344.26,10591.0
10:33,343.86,344.18,343.72,343.99,8742.0
10:34,343.53,343.87,343.2,343.66,19615.0
10:35,343.06,343.33,343.02,343.28,16983.0
10:36,342.55,343.4,342.55,343.21,26658.0
10:37,342.42,342.98,342.42,342.79,18807.0
10:38,342.5,342.72,342.32,342.45,17898.0
10:39,342.53,342.88,342.3,342.55,16816.0
10:40,343.67,343.8,342.85,342.85,20240.0
10:41,344.13,344.17,343.57,343.83,13511.0
10:42,344.55,345.0,343.84,344.1,25819.0
10:43,345.11,345.12,344.18,344.18,15713.0
10:44,345.9,345.99,344.99,345.23,24193.0
10:45,346.35,346.37,345.4,345.67,21180.0
10:46,345.95,346.6,345.72,346.28,13030.0
10:47,346.33,346.56,345.95,345.95,11216.0
10:48,346.38,346.65,346.21,346.29,11340.0
10:49,346.13,346.57,346.01,346.24,23411.0
10:50,345.37,346.2,345.3,346.19,18862.0
10:51,345.82,345.84,345.52,345.52,10342.0
10:52,345.71,345.88,345.54,345.62,10077.0
10:53,345.51,345.83,345.24,345.54,24414.0
10:54,344.95,345.6,344.95,345.59,10592.0
10:55,344.75,345.0,344.67,344.89,12872.0
10:56,345.24,345.56,344.83,344.83,16589.0
10:57,345.38,345.47,345.23,345.38,2468.0
10:58,345.39,345.5,345.22,345.38,11003.0
10:59,345.11,345.4,344.92,345.19,19164.0
11:00,344.13,345.11,343.92,345.05,13686.0
11:01,344.03,344.23,343.75,343.95,8766.0
11:02,343.92,344.12,343.68,344.02,31299.0
11:03,343.39,343.96,343.24,343.92,23473.0
11:04,343.16,343.38,342.86,343.28,10024.0
11:05,344.39,344.47,342.83,343.16,17368.0
11:06,344.23,344.47,343.98,344.18,9021.0
11:07,344.07,344.27,343.94,344.16,5997.0
11:08,344.0,344.42,344.0,344.23,13693.0
11:09,344.15,344.41,344.08,344.09,9236.0
11:10,344.74,344.8,343.98,344.27,14079.0
11:11,344.89,345.05,344.67,344.74,17088.0
11:12,344.98,345.31,344.92,345.04,15334.0
11:13,344.4,345.03,344.23,344.81,13943.0
11:14,344.78,344.78,344.29,344.29,11130.0
11:15,344.86,345.02,344.69,344.79,10578.0
11:16,344.04,344.98,343.78,344.66,14490.0
11:17,343.75,344.09,343.75,344.09,6813.0
11:18,343.77,343.81,343.56,343.71,10199.0
11:19,343.92,343.93,343.67,343.71,10035.0
11:20,344.08,344.1,343.69,343.84,11375.0
11:21,343.25,344.12,343.25,344.12,28795.0
11:22,342.96,343.12,342.76,343.12,21876.0
11:23,343.73,343.9,342.95,342.95,17214.0
11:24,343.42,343.75,343.39,343.7,9074.0
11:25,343.26,344.0,343.26,343.42,12449.0
11:26,343.16,343.35,343.15,343.3,11053.0
11:27,342.99,343.26,342.95,343.26,9167.0
11:28,342.42,342.9,342.31,342.9,15194.0
11:29,341.92,342.5,341.83,342.42,30976.0
11:30,342.1,342.28,341.58,341.95,27950.0
11:31,342.15,342.5,342.09,342.1,13218.0
11:32,342.19,342.36,341.92,342.36,6726.0
11:33,342.12,342.25,341.93,342.09,7517.0
11:34,343.0,343.0,342.12,342.12,11935.0
11:35,343.46,343.55,342.86,342.89,12712.0
11:36,343.23,343.68,343.21,343.42,14395.0
11:37,342.89,343.29,342.58,343.28,7767.0
11:38,343.24,343.24,342.8,342.9,12485.0
11:39,343.16,343.39,343.13,343.2,6060.0
11:40,343.34,343.6,343.17,343.4,13614.0
11:41,343.38,343.6,343.25,343.35,9702.0
11:42,343.32,343.45,343.16,343.45,9526.0
11:43,343.64,343.82,343.21,343.34,15369.0
11:44,343.53,343.66,343.35,343.56,7020.0
11:45,343.71,343.82,343.52,343.52,6890.0
11:46,343.68,343.86,343.68,343.77,3553.0
11:47,343.79,343.82,343.49,343.49,9407.0
11:48,343.98,344.17,343.71,343.71,14851.0
11:49,343.86,344.12,343.86,344.12,8868.0
11:50,343.88,343.91,343.72,343.87,7983.0
11:51,343.52,343.86,343.37,343.86,6826.0
11:52,343.45,343.63,343.23,343.57,4863.0
11:53,343.4,343.46,343.26,343.26,2953.0
11:54,343.45,343.62,343.42,343.62,4417.0
11:55,343.58,343.59,343.38,343.41,5860.0
11:56,343.24,343.47,343.16,343.47,10669.0
11:57,343.61,343.71,343.17,343.24,18880.0
11:58,343.45,343.77,343.33,343.44,8081.0
11:59,343.39,343.39,343.28,343.38,6286.0
12:00,342.74,343.52,342.64,343.39,14790.0
12:01,342.5,342.74,342.26,342.74,18347.0
12:02,342.45,342.61,342.28,342.42,6716.0
12:03,342.25,342.55,342.25,342.35,10412.0
12:04,342.07,342.42,342.0,342.17,12696.0
12:05,342.24,342.38,342.01,342.11,9460.0
12:06,342.29,342.44,342.25,342.42,11017.0
12:07,342.13,342.36,342.13,342.29,2899.0
12:08,342.55,342.56,342.07,342.22,8261.0
12:09,342.88,342.9,342.48,342.61,14638.0
12:10,342.8,343.0,342.66,342.98,6605.0
12:11,342.73,342.99,342.58,342.6,23263.0
12:12,342.72,342.86,342.61,342.62,8851.0
12:13,342.42,342.7,342.42,342.67,9707.0
12:14,343.22,343.22,342.42,342.42,9431.0
12:15,343.17,343.35,342.89,342.93,6705.0
12:16,343.0,343.3,342.96,343.11,8371.0
12:17,343.15,343.35,342.95,342.95,13393.0
12:18,343.43,343.66,343.16,343.45,13168.0
12:19,343.44,343.52,343.17,343.45,11962.0
12:20,343.33,343.7,343.24,343.57,12530.0
12:21,343.33,343.47,343.33,343.47,7136.0
12:22,343.24,343.48,343.18,343.48,6984.0
12:23,343.15,343.47,343.15,343.3,7380.0
12:24,342.79,343.11,342.75,343.05,6231.0
12:25,342.45,342.75,342.39,342.75,6098.0
12:26,342.75,342.96,342.5,342.53,10383.0
12:27,343.02,343.02,342.62,342.79,7974.0
12:28,342.98,343.1,342.98,343.02,5470.0
12:29,343.83,344.0,343.01,343.08,15113.0
12:30,343.88,343.88,343.67,343.76,6621.0
12:31,343.41,343.94,343.36,343.94,15472.0
12:32,342.87,343.63,342.87,343.63,6968.0
12:33,343.21,343.38,342.92,342.92,13133.0
12:34,342.83,343.18,342.78,343.14,8079.0
12:35,342.64,342.84,342.56,342.71,5551.0
12:36,342.45,342.74,342.41,342.57,16715.0
12:37,342.5,342.54,342.35,342.36,6905.0
12:38,342.64,342.88,342.64,342.74,6000.0
12:39,342.21,342.59,342.15,342.59,7038.0
12:40,342.28,342.4,341.95,342.4,18042.0
12:41,341.86,342.14,341.64,342.14,13691.0
12:42,341.32,341.71,341.29,341.71,14998.0
12:43,341.29,341.46,341.0,341.35,23274.0
12:44,340.98,341.32,340.83,341.29,8989.0
12:45,341.26,341.58,340.75,340.86,30682.0
12:46,341.3,341.5,341.14,341.35,37425.0
12:47,341.73,341.77,341.3,341.3,9785.0
12:48,341.99,342.34,341.71,341.74,17027.0
12:49,341.89,342.21,341.89,342.08,5771.0
12:50,341.9,342.12,341.9,341.97,11078.0
12:51,341.7,342.11,341.7,341.96,13636.0
12:52,341.18,341.91,341.18,341.82,15908.0
12:53,341.27,341.34,340.61,341.16,20479.0
12:54,341.85,341.89,340.97,340.97,12294.0
12:55,341.99,342.14,341.72,341.72,9866.0
12:56,341.77,341.99,341.77,341.99,5358.0
12:57,341.61,341.77,341.6,341.73,3925.0
12:58,342.45,342.49,341.6,341.6,9651.0
12:59,342.21,342.36,342.09,342.29,5688.0
13:00,342.39,342.63,342.2,342.2,5782.0
13:01,342.32,342.74,342.32,342.5,7335.0
13:02,341.95,342.38,341.95,342.38,5974.0
13:03,342.07,342.07,341.89,342.01,6762.0
13:04,341.96,342.13,341.82,342.11,8250.0
13:05,341.96,342.13,341.9,341.95,6296.0
13:06,342.47,342.49,341.96,342.12,7339.0
13:07,342.3,342.61,342.3,342.35,6853.0
13:08,342.38,342.55,342.3,342.3,4542.0
13:09,342.24,342.42,342.06,342.42,10840.0
13:10,342.23,342.33,342.08,342.23,4053.0
13:11,342.3,342.34,342.18,342.24,15878.0
13:12,342.46,342.54,342.19,342.32,8738.0
13:13,342.74,342.76,342.4,342.5,6978.0
13:14,342.77,342.93,342.63,342.9,4517.0
13:15,342.7,342.8,342.56,342.64,7328.0
13:16,342.71,342.85,342.66,342.7,2272.0
13:17,342.61,342.73,342.39,342.71,7787.0
13:18,342.98,343.01,342.39,342.52,10843.0
13:19,342.94,343.01,342.83,343.0,7156.0
13:20,342.58,342.99,342.58,342.81,11403.0
13:21,342.51,342.75,342.49,342.68,3223.0
13:22,342.38,342.59,342.38,342.43,8043.0
13:23,342.12,342.52,341.92,342.36,8134.0
13:24,342.03,342.13,341.81,342.08,5194.0
13:25,341.55,342.11,341.55,341.92,10628.0
13:26,341.7,341.76,341.51,341.54,12523.0
13:27,342.38,342.38,341.68,341.7,8917.0
13:28,342.36,342.36,342.2,342.2,3266.0
13:29,342.67,342.85,342.48,342.48,11217.0
13:30,342.61,342.74,342.51,342.67,46430.0
13:31,342.29,342.71,342.23,342.71,10368.0
13:32,341.96,342.29,341.96,342.28,5813.0
13:33,341.79,341.96,341.54,341.89,15073.0
13:34,341.67,341.92,341.6,341.71,5811.0
13:35,341.8,341.84,341.58,341.84,5096.0
13:36,341.8,341.8,341.8,341.8,2679.0
13:37,341.47,341.78,341.43,341.78,18552.0
13:38,341.83,341.97,341.52,341.52,9564.0
13:39,341.82,342.0,341.79,341.83,10733.0
13:40,342.08,342.15,341.73,341.74,15141.0
13:41,342.24,342.3,342.05,342.12,8559.0
13:42,342.11,342.41,342.07,342.27,16468.0
13:43,341.98,342.31,341.98,342.17,13477.0
13:44,341.66,342.16,341.66,341.97,14987.0
13:45,341.58,341.88,341.58,341.69,7241.0
13:46,341.75,341.83,341.52,341.52,5483.0
13:47,341.67,341.81,341.59,341.7,7168.0
13:48,342.35,342.35,341.53,341.58,17488.0
13:49,341.94,342.42,341.82,342.42,10162.0
13:50,341.61,341.92,341.48,341.76,7601.0
13:51,341.51,341.53,341.25,341.51,9085.0
13:52,341.56,341.59,341.28,341.39,7661.0
13:53,341.28,341.46,341.27,341.4,5963.0
13:54,341.4,341.49,341.22,341.27,9133.0
13:55,341.35,341.5,341.28,341.34,13218.0
13:56,341.1,341.28,341.08,341.28,8462.0
13:57,340.89,341.1,340.81,341.1,8302.0
13:58,341.4,341.4,340.89,340.9,11090.0
13:59,341.1,341.29,341.03,341.09,6951.0
14:00,341.35,341.56,341.09,341.39,15686.0
14:01,341.1,341.35,341.1,341.3,6328.0
14:02,341.25,341.54,341.17,341.35,7463.0
14:03,341.25,341.4,341.15,341.25,7941.0
14:04,341.33,341.49,341.3,341.3,8074.0
14:05,341.39,341.5,341.2,341.25,15711.0
14:06,341.42,341.48,341.31,341.31,7355.0
14:07,341.3,341.46,341.3,341.44,6034.0
14:08,341.22,341.29,341.11,341.2,11540.0
14:09,341.2,341.32,340.89,341.09,8720.0
14:10,341.29,341.33,341.15,341.15,6989.0
14:11,341.21,341.3,341.13,341.16,7140.0
14:12,341.03,341.42,341.02,341.42,4425.0
14:13,340.96,341.14,340.92,341.03,6809.0
14:14,340.79,341.11,340.67,340.96,10042.0
14:15,340.64,340.87,340.5,340.64,8522.0
14:16,340.8,340.84,340.61,340.64,4730.0
14:17,340.8,340.81,340.62,340.62,4595.0
14:18,340.82,340.95,340.81,340.81,6914.0
14:19,340.77,340.86,340.7,340.86,5304.0
14:20,340.72,340.83,340.62,340.8,8155.0
14:21,340.64,340.79,340.62,340.76,21274.0
14:22,340.74,340.87,340.63,340.65,7270.0
14:23,341.3,341.3,340.64,340.76,10168.0
14:24,340.8,341.22,340.76,341.12,8115.0
14:25,340.83,340.83,340.68,340.78,3530.0
14:26,340.76,340.79,340.62,340.77,5660.0
14:27,340.61,340.63,340.34,340.62,13649.0
14:28,340.57,340.68,340.26,340.45,10211.0
14:29,340.55,340.74,340.34,340.55,4507.0
14:30,340.66,340.73,340.58,340.7,7887.0
14:31,340.77,340.9,340.6,340.75,9989.0
14:32,340.85,340.89,340.58,340.76,15337.0
14:33,341.34,341.43,340.86,340.89,20029.0
14:34,341.13,341.45,341.13,341.35,21186.0
14:35,339.58,341.12,339.58,341.12,35949.0
14:36,339.71,339.94,339.21,339.58,21302.0
14:37,339.37,339.91,339.2,339.91,13336.0
14:38,339.65,339.77,339.0,339.27,35993.0
14:39,339.28,339.7,339.28,339.67,32997.0
14:40,339.61,339.74,339.12,339.24,25530.0
14:41,339.32,339.71,339.25,339.48,15615.0
14:42,339.99,339.99,339.2,339.25,47278.0
14:43,340.82,340.96,339.88,340.0,19272.0
14:44,340.12,340.59,340.12,340.59,12192.0
14:45,340.6,340.77,339.8,340.0,15730.0
14:46,340.8,340.88,340.3,340.43,7909.0
14:47,340.36,340.89,340.36,340.77,7465.0
14:48,340.58,340.59,340.28,340.29,11463.0
14:49,340.8,340.8,340.5,340.52,5835.0
14:50,341.07,341.29,340.69,340.8,24402.0
14:51,341.02,341.2,340.85,341.11,13526.0
14:52,340.92,341.07,340.71,341.07,18799.0
14:53,340.98,341.17,340.92,340.94,7353.0
14:54,341.46,341.46,341.02,341.04,29328.0
14:55,341.64,341.89,341.42,341.5,40334.0
14:56,340.83,341.52,340.64,341.52,11955.0
14:57,340.91,341.24,340.79,340.88,7225.0
14:58,340.36,340.89,340.3,340.89,15410.0
14:59,340.34,340.57,339.97,340.37,18840.0
15:00,340.7,340.78,340.3,340.46,14620.0
15:01,340.77,340.77,340.46,340.68,13924.0
15:02,340.9,340.94,340.7,340.79,14795.0
15:03,340.34,340.99,340.34,340.91,16166.0
15:04,340.48,340.48,340.26,340.45,5893.0
15:05,340.59,341.27,340.48,340.48,14212.0
15:06,340.7,340.92,340.67,340.79,10013.0
15:07,340.96,341.05,340.8,340.85,14290.0
15:08,340.82,340.96,340.69,340.96,10251.0
15:09,340.9,340.96,340.8,340.86,12782.0
15:10,341.42,341.42,340.89,340.89,11538.0
15:11,341.27,341.5,341.26,341.4,6800.0
15:12,341.02,341.41,340.96,341.41,8404.0
15:13,341.07,341.22,340.89,340.92,6851.0
15:14,341.44,341.53,341.07,341.08,7186.0
15:15,341.56,341.7,341.44,341.44,18350.0
15:16,341.17,341.62,341.17,341.55,10059.0
15:17,340.65,341.18,340.65,341.18,11572.0
15:18,340.9,341.0,340.71,340.77,20306.0
15:19,340.96,341.12,340.92,341.09,13470.0
15:20,341.03,341.09,340.76,341.06,20374.0
15:21,340.92,341.03,340.88,341.02,7199.0
15:22,341.15,341.31,340.92,340.92,19023.0
15:23,340.99,341.1,340.91,341.1,7352.0
15:24,341.29,341.35,340.86,340.98,27442.0
15:25,341.83,341.83,341.17,341.22,25961.0
15:26,341.55,341.98,341.55,341.75,18698.0
15:27,341.51,341.57,341.27,341.51,8711.0
15:28,341.3,341.51,341.27,341.51,11984.0
15:29,341.14,341.36,340.92,341.3,20461.0
15:30,341.43,341.67,341.01,341.14,28888.0
15:31,341.44,341.49,341.27,341.49,14781.0
15:32,341.48,341.48,341.24,341.43,20889.0
15:33,341.33,341.53,341.2,341.53,8166.0
15:34,341.32,341.33,341.13,341.21,12433.0
15:35,341.01,341.34,341.0,341.34,14456.0
15:36,340.86,341.08,340.71,341.08,9312.0
15:37,341.12,341.24,340.8,340.85,29267.0
15:38,341.36,341.4,341.08,341.08,11433.0
15:39,341.47,341.58,341.27,341.35,22016.0
15:40,341.25,341.5,341.25,341.5,17108.0
15:41,341.2,341.37,341.18,341.25,22336.0
15:42,341.55,341.61,341.1,341.25,22380.0
15:43,341.9,341.9,341.5,341.58,25798.0
15:44,341.43,341.9,341.17,341.9,17558.0
15:45,341.74,341.79,341.41,341.43,18058.0
15:46,341.76,341.91,341.61,341.79,18906.0
15:47,341.73,341.99,341.47,341.71,17727.0
15:48,342.34,342.34,341.88,341.88,23544.0
15:49,341.56,342.51,341.56,342.33,16052.0
15:50,341.45,341.79,341.45,341.69,25208.0
15:51,341.56,341.76,341.45,341.55,28849.0
15:52,341.43,341.52,341.35,341.45,18392.0
15:53,341.59,341.78,341.44,341.44,41626.0
15:54,341.33,341.67,341.33,341.6,22662.0
15:55,340.88,341.56,340.88,341.43,58417.0
15:56,341.07,341.07,340.73,340.96,54085.0
15:57,340.86,341.14,340.78,341.07,58582.0
15:58,340.93,340.95,340.79,340.84,72497.0
15:59,341.45,341.47,340.92,340.94,171526.0
