Time,Close,High,Low,Open,Volume
09:30,348.26,348.52,347.49,347.63,111792.0
09:31,349.08,349.08,347.4,347.83,20287.0
09:32,348.45,349.37,348.4,349.37,6139.0
09:33,347.99,348.46,347.99,348.36,7840.0
09:34,348.12,348.2,347.88,347.88,4238.0
09:35,348.64,349.0,348.12,348.18,5551.0
09:36,349.21,349.37,348.48,348.53,8928.0
09:37,349.6,349.6,349.37,349.5,7152.0
09:38,349.74,349.76,349.26,349.76,5389.0
09:39,349.65,349.82,349.3,349.79,13527.0
09:40,349.68,349.92,349.58,349.81,6375.0
09:41,349.62,349.74,349.4,349.74,12249.0
09:42,349.46,349.69,349.36,349.5,6570.0
09:43,349.13,349.71,349.13,349.53,13760.0
09:44,349.96,349.96,349.31,349.43,6835.0
09:45,350.21,350.4,349.95,349.97,16284.0
09:46,350.03,350.21,350.03,350.21,2117.0
09:47,349.61,350.01,349.55,350.01,9391.0
09:48,349.51,349.72,349.03,349.6,20189.0
09:49,349.52,349.7,349.52,349.55,13874.0
09:50,349.18,349.66,349.18,349.43,10593.0
09:51,348.75,349.01,348.66,349.01,7269.0
09:52,349.07,349.07,348.7,348.71,19197.0
09:53,348.95,349.08,348.79,348.79,8757.0
09:54,348.76,348.89,348.7,348.82,8072.0
09:55,348.43,348.6,348.34,348.6,9861.0
09:56,348.48,348.55,348.39,348.42,7277.0
09:57,348.6,348.62,348.48,348.49,16594.0
09:58,348.59,348.74,348.46,348.6,5250.0
09:59,348.44,348.68,348.44,348.58,13607.0
10:00,348.8,348.95,348.43,348.43,12885.0
10:01,348.34,348.54,348.06,348.49,13690.0
10:02,348.5,348.54,348.36,348.36,12276.0
10:03,348.66,349.05,348.39,348.73,4208.0
10:04,348.26,348.58,348.18,348.39,7469.0
10:05,348.13,348.3,348.12,348.29,3363.0
10:06,348.09,348.19,347.73,348.17,12137.0
10:07,348.36,348.45,348.11,348.17,22035.0
10:08,348.85,348.87,348.26,348.36,10182.0
10:09,348.68,348.78,348.54,348.58,4387.0
10:10,348.58,348.62,348.42,348.62,6177.0
10:11,348.27,348.56,348.15,348.56,5777.0
10:12,348.13,348.28,348.02,348.27,11597.0
10:13,348.32,348.38,348.07,348.31,8091.0
10:14,348.4,348.4,348.21,348.33,5364.0
10:15,348.5,348.5,348.27,348.27,2849.0
10:16,348.74,348.74,348.23,348.38,5464.0
10:17,348.68,348.71,348.54,348.58,6096.0
10:18,348.96,349.01,348.55,348.71,9730.0
10:19,349.24,349.24,348.96,348.96,5043.0
10:20,349.38,349.39,349.17,349.17,3989.0
10:21,349.34,349.41,349.34,349.35,6383.0
10:22,349.14,349.37,349.05,349.36,11107.0
10:23,349.23,349.25,349.23,349.23,4648.0
10:24,349.31,349.4,349.29,349.31,4314.0
10:25,349.85,349.89,349.31,349.31,8374.0
10:26,349.77,349.92,349.71,349.86,17245.0
10:27,349.7,349.77,349.68,349.76,3644.0
10:28,349.12,349.6,349.12,349.48,6282.0
10:29,349.15,349.15,349.02,349.12,5841.0
10:30,349.28,349.42,349.2,349.28,3930.0
10:31,348.94,349.14,348.94,349.14,2789.0
10:32,349.04,349.27,349.02,349.02,3438.0
10:33,348.38,349.08,348.38,349.08,5442.0
10:34,348.39,348.43,348.21,348.41,4003.0
10:35,348.47,348.62,348.19,348.22,9146.0
10:36,348.26,348.58,348.26,348.55,4425.0
10:37,348.43,348.61,348.17,348.27,7766.0
10:38,348.32,348.44,348.21,348.33,11712.0
10:39,348.32,348.53,348.21,348.46,10791.0
10:40,348.18,348.37,348.18,348.37,3843.0
10:41,348.11,348.29,348.11,348.29,5847.0
10:42,347.97,348.13,347.96,348.12,6495.0
10:43,347.66,347.99,347.59,347.98,5732.0
10:44,348.05,348.05,347.73,347.81,8208.0
10:45,348.48,348.59,348.08,348.08,6084.0
10:46,348.26,348.52,348.26,348.48,2944.0
10:47,348.48,348.53,348.34,348.4,4127.0
10:48,348.45,348.56,348.45,348.54,4127.0
10:49,348.45,348.53,348.38,348.53,3173.0
10:50,348.65,348.68,348.53,348.53,7549.0
10:51,348.65,348.65,348.64,348.64,1144.0
10:52,348.62,348.64,348.58,348.64,2760.0
10:53,348.76,348.77,348.55,348.55,6276.0
10:54,348.86,348.95,348.79,348.79,2831.0
10:55,348.89,348.91,348.89,348.91,2197.0
10:56,348.88,348.94,348.88,348.89,2684.0
10:57,348.03,348.88,347.92,348.86,20165.0
10:58,347.36,348.04,346.92,348.02,18449.0
10:59,347.08,347.27,346.62,347.27,12748.0
11:00,346.54,347.08,345.92,347.08,19235.0
11:01,346.29,346.7,346.06,346.37,7767.0
11:02,346.17,346.55,345.97,346.55,14668.0
11:03,346.35,346.75,346.19,346.19,16400.0
11:04,346.51,346.51,346.1,346.35,13903.0
11:05,346.2,346.44,345.83,346.24,58878.0
11:06,346.23,346.58,345.98,346.15,14417.0
11:07,345.76,346.4,345.55,346.4,6082.0
11:08,346.02,346.23,345.96,345.96,4360.0
11:09,345.92,346.17,345.67,345.98,6396.0
11:10,347.23,347.23,346.15,346.17,19705.0
11:11,347.16,347.46,347.05,347.26,10034.0
11:12,346.99,347.05,346.8,347.05,6185.0
11:13,347.56,347.56,347.15,347.15,3634.0
11:14,347.31,347.56,347.31,347.44,2296.0
11:15,347.71,347.81,347.31,347.31,10393.0
11:16,347.52,347.76,347.52,347.53,2628.0
11:17,347.94,348.06,347.76,347.76,7543.0
11:18,347.86,347.89,347.62,347.69,5919.0
11:19,347.83,347.84,347.52,347.62,7647.0
11:20,347.64,347.93,347.43,347.77,8738.0
11:21,347.29,347.64,347.29,347.64,8815.0
11:22,347.38,347.38,347.15,347.38,4482.0
11:23,347.27,347.3,346.93,347.3,11531.0
11:24,347.18,347.23,346.7,347.23,8099.0
11:25,346.61,346.98,346.61,346.98,6048.0
11:26,346.71,347.0,346.52,346.61,16161.0
11:27,347.22,347.22,346.85,346.85,18530.0
11:28,346.62,347.08,346.59,347.02,13463.0
11:29,346.92,346.99,346.45,346.62,12931.0
11:30,346.07,346.68,346.07,346.68,13233.0
11:31,346.81,346.81,346.26,346.41,7172.0
11:32,346.27,346.77,346.26,346.77,8955.0
11:33,346.39,346.62,346.03,346.12,12748.0
11:34,346.21,346.48,346.06,346.27,12839.0
11:35,346.66,346.7,346.2,346.2,8195.0
11:36,346.2,346.52,346.01,346.48,10275.0
11:37,346.67,346.78,346.39,346.56,6931.0
11:38,346.07,346.47,345.99,346.45,8499.0
11:39,346.0,346.41,346.0,346.07,9881.0
11:40,345.65,345.94,345.54,345.91,8181.0
11:41,345.92,346.05,345.56,345.76,6835.0
11:42,346.48,346.5,345.72,345.72,14409.0
11:43,346.36,346.43,346.14,346.39,7429.0
11:44,347.01,347.05,346.49,346.5,6897.0
11:45,346.71,347.1,346.7,347.0,11725.0
11:46,346.6,346.92,346.54,346.7,8173.0
11:47,346.19,346.52,346.19,346.43,4341.0
11:48,346.37,346.46,346.03,346.38,5673.0
11:49,346.54,346.54,346.29,346.47,6144.0
11:50,346.6,346.81,346.42,346.42,8307.0
11:51,346.14,346.57,346.14,346.53,10669.0
11:52,345.98,346.06,345.76,345.93,10602.0
11:53,346.0,346.11,345.76,345.99,3263.0
11:54,345.9,345.99,345.72,345.99,4009.0
11:55,345.9,346.0,345.69,345.83,8777.0
11:56,345.65,345.89,345.52,345.89,11729.0
11:57,345.68,345.72,345.51,345.72,8054.0
11:58,345.81,345.81,345.45,345.68,8907.0
11:59,345.64,345.82,345.49,345.81,2988.0
12:00,345.44,345.49,345.33,345.49,5078.0
12:01,345.25,345.53,345.12,345.45,6577.0
12:02,345.05,345.26,345.05,345.21,3060.0
12:03,344.89,345.11,344.86,345.06,13228.0
12:04,344.73,344.89,344.6,344.87,18428.0
12:05,344.88,344.99,344.75,344.78,8971.0
12:06,344.78,344.84,344.62,344.83,4800.0
12:07,344.62,344.83,344.62,344.71,4614.0
12:08,345.13,345.23,344.63,344.64,14799.0
12:09,345.22,345.27,344.9,345.21,4761.0
12:10,344.92,345.14,344.91,344.97,4515.0
12:11,345.39,345.46,344.91,344.94,9723.0
12:12,345.55,345.59,345.38,345.38,5234.0
12:13,345.51,345.79,345.46,345.71,11009.0
12:14,345.53,345.54,345.46,345.54,7757.0
12:15,345.49,345.67,345.44,345.51,8544.0
12:16,345.53,345.62,345.38,345.48,16300.0
12:17,345.38,345.59,345.34,345.59,5818.0
12:18,345.26,345.42,345.21,345.42,8503.0
12:19,345.52,345.64,345.27,345.27,18633.0
12:20,345.46,345.59,345.34,345.35,6532.0
12:21,345.49,345.49,345.19,345.39,7110.0
12:22,345.41,345.59,345.35,345.4,6674.0
12:23,345.82,345.82,345.53,345.59,7735.0
12:24,345.53,345.82,345.4,345.82,9836.0
12:25,345.42,345.42,345.23,345.42,3983.0
12:26,345.46,345.46,345.34,345.34,1321.0
12:27,345.38,345.42,345.21,345.42,1660.0
12:28,345.19,345.33,345.19,345.33,2661.0
12:29,345.39,345.47,345.33,345.43,2859.0
12:30,345.33,345.46,345.23,345.27,9854.0
12:31,345.74,345.85,345.53,345.53,5256.0
12:32,345.82,345.94,345.77,345.8,4824.0
12:33,345.69,345.78,345.68,345.68,2091.0
12:34,345.35,345.63,345.35,345.62,7257.0
12:35,345.38,345.39,345.13,345.3,7393.0
12:36,345.56,345.56,345.54,345.54,1693.0
12:37,345.41,345.69,345.41,345.47,3023.0
12:38,345.6,345.72,345.52,345.59,4705.0
12:39,345.69,345.74,345.57,345.61,4187.0
12:40,345.83,345.88,345.67,345.67,3625.0
12:41,345.81,345.88,345.66,345.83,5077.0
12:42,345.73,346.0,345.51,345.8,6158.0
12:43,345.51,345.58,345.48,345.51,4393.0
12:44,345.55,345.65,345.42,345.47,7294.0
12:45,345.47,345.6,345.34,345.41,4295.0
12:46,345.46,345.47,345.46,345.47,884.0
12:47,345.61,345.62,345.46,345.46,4338.0
12:48,345.24,345.34,345.15,345.34,3061.0
12:49,345.0,345.23,345.0,345.15,2684.0
12:50,344.91,345.08,344.89,345.03,3975.0
12:51,344.91,345.01,344.88,344.89,3974.0
12:52,344.93,344.94,344.93,344.94,1000.0
12:53,344.81,344.93,344.81,344.85,5051.0
12:54,344.86,345.02,344.73,344.79,4793.0
12:55,344.83,344.99,344.83,344.98,3396.0
12:56,345.23,345.23,345.03,345.03,1905.0
12:57,345.05,345.2,345.05,345.08,3988.0
12:58,345.11,345.11,344.91,345.04,4419.0
12:59,345.18,345.18,345.01,345.03,3583.0
13:00,345.18,345.23,345.15,345.23,1990.0
13:01,345.12,345.19,345.02,345.19,1694.0
13:02,344.99,345.36,344.99,345.15,7791.0
13:03,345.0,345.01,344.81,344.93,6310.0
13:04,344.91,345.02,344.91,344.98,1770.0
13:05,344.93,345.02,344.88,344.88,2512.0
13:06,344.86,344.99,344.78,344.79,4917.0
13:07,345.08,345.08,344.91,344.94,1584.0
13:08,345.06,345.15,344.99,345.15,2186.0
13:09,344.88,345.05,344.88,345.05,6345.0
13:10,344.91,344.94,344.71,344.84,3821.0
13:11,345.51,345.51,344.91,344.91,8343.0
13:12,345.47,345.65,345.37,345.5,10797.0
13:13,345.25,345.45,345.25,345.36,6347.0
13:14,345.23,345.37,345.15,345.15,4486.0
13:15,345.42,345.45,345.32,345.32,6366.0
13:16,345.42,345.59,345.42,345.52,961.0
13:17,345.59,345.69,345.29,345.29,6947.0
13:18,345.45,345.61,345.45,345.61,3652.0
13:19,345.3,345.39,345.27,345.36,8387.0
13:20,345.15,345.3,345.07,345.3,2753.0
13:21,345.23,345.31,345.14,345.2,4261.0
13:22,345.67,345.68,345.19,345.34,6610.0
13:23,345.65,345.76,345.61,345.61,2422.0
13:24,345.54,345.85,345.43,345.51,4085.0
13:25,345.7,345.72,345.44,345.49,3091.0
13:26,345.45,345.67,345.41,345.62,8324.0
13:27,345.61,345.74,345.5,345.52,3384.0
13:28,345.76,345.77,345.61,345.68,5566.0
13:29,345.61,345.77,345.39,345.71,5879.0
13:30,345.58,345.71,345.58,345.64,1369.0
13:31,345.4,345.74,345.29,345.74,6930.0
13:32,345.46,345.48,345.31,345.32,5672.0
13:33,345.61,345.61,345.3,345.3,1711.0
13:34,345.7,345.79,345.42,345.55,4158.0
13:35,345.55,345.73,345.54,345.67,3099.0
13:36,345.39,345.76,345.39,345.55,4620.0
13:37,345.7,345.72,345.39,345.57,6936.0
13:38,345.58,345.71,345.47,345.52,4815.0
13:39,345.48,345.63,345.4,345.63,7359.0
13:40,345.64,345.65,345.45,345.46,8872.0
13:41,345.64,345.64,345.55,345.64,5377.0
13:42,345.74,345.74,345.58,345.64,4876.0
13:43,345.68,345.81,345.68,345.78,5434.0
13:44,345.36,345.79,345.36,345.61,10683.0
13:45,345.42,345.47,345.31,345.36,4343.0
13:46,344.95,345.33,344.95,345.31,5153.0
13:47,345.01,345.08,344.9,344.95,3743.0
13:48,345.29,345.29,345.05,345.05,3344.0
13:49,345.22,345.36,345.21,345.34,2412.0
13:50,345.08,345.33,345.08,345.21,6191.0
13:51,344.97,345.21,344.97,345.19,4796.0
13:52,344.85,344.96,344.8,344.96,6251.0
13:53,344.88,345.06,344.88,344.93,3973.0
13:54,345.01,345.07,344.85,344.95,3741.0
13:55,345.44,345.48,345.0,345.0,6232.0
13:56,345.4,345.43,345.38,345.43,3780.0
13:57,345.48,345.5,345.39,345.39,4233.0
13:58,345.64,345.7,345.48,345.48,3942.0
13:59,345.72,345.85,345.64,345.64,2985.0
14:00,345.57,345.92,345.49,345.85,9640.0
14:01,345.48,345.67,345.48,345.53,5099.0
14:02,345.6,345.62,345.42,345.44,2615.0
14:03,345.68,345.71,345.55,345.56,5851.0
14:04,345.68,345.68,345.51,345.54,3142.0
14:05,345.5,345.63,345.48,345.58,2707.0
14:06,345.64,345.74,345.49,345.57,4820.0
14:07,345.73,345.73,345.42,345.65,6558.0
14:08,345.51,345.69,345.45,345.69,11608.0
14:09,345.51,345.52,345.42,345.52,5477.0
14:10,345.6,345.67,345.45,345.48,4832.0
14:11,345.8,345.96,345.5,345.56,34788.0
14:12,345.96,345.96,345.77,345.8,11255.0
14:13,346.06,346.1,345.75,345.75,19221.0
14:14,346.39,346.45,346.03,346.05,5975.0
14:15,346.33,346.52,346.27,346.52,4309.0
14:16,346.12,346.38,346.08,346.38,5791.0
14:17,346.12,346.33,346.11,346.18,5569.0
14:18,346.0,346.23,346.0,346.07,19034.0
14:19,346.09,346.16,345.96,345.98,6887.0
14:20,346.44,346.44,346.22,346.26,5098.0
14:21,346.19,346.42,346.1,346.39,3924.0
14:22,346.17,346.17,346.0,346.09,8321.0
14:23,346.1,346.24,346.1,346.18,2875.0
14:24,346.02,346.26,345.89,346.12,10965.0
14:25,346.04,346.15,346.04,346.06,2159.0
14:26,345.88,346.02,345.81,346.02,4545.0
14:27,345.89,346.0,345.64,345.92,7209.0
14:28,345.87,345.95,345.81,345.83,9963.0
14:29,345.87,345.94,345.79,345.87,5826.0
14:30,345.69,346.04,345.69,345.87,6797.0
14:31,345.68,345.77,345.67,345.71,7175.0
14:32,345.67,345.7,345.51,345.59,6393.0
14:33,345.65,345.7,345.61,345.69,2747.0
14:34,345.56,345.58,345.51,345.52,3512.0
14:35,345.65,345.65,345.51,345.51,4143.0
14:36,345.66,345.7,345.51,345.61,3460.0
14:37,345.7,345.84,345.6,345.6,2287.0
14:38,345.79,345.83,345.79,345.83,1996.0
14:39,345.69,345.8,345.67,345.79,2576.0
14:40,345.61,345.7,345.5,345.67,11360.0
14:41,345.34,345.59,345.34,345.59,10678.0
14:42,345.31,345.39,345.2,345.33,8347.0
14:43,345.29,345.42,345.17,345.42,3365.0
14:44,345.1,345.18,345.08,345.18,6953.0
14:45,345.24,345.29,345.13,345.15,4401.0
14:46,345.28,345.37,345.08,345.17,7321.0
14:47,345.32,345.32,345.23,345.29,2057.0
14:48,345.41,345.43,345.2,345.32,12024.0
14:49,345.34,345.42,345.2,345.2,3975.0
14:50,345.22,345.46,345.22,345.46,5159.0
14:51,345.32,345.45,345.26,345.33,4955.0
14:52,345.16,345.32,345.16,345.32,12294.0
14:53,345.06,345.12,345.05,345.09,5268.0
14:54,345.11,345.18,345.02,345.02,5912.0
14:55,345.35,345.4,345.09,345.09,7431.0
14:56,345.42,345.5,345.31,345.31,9037.0
14:57,345.3,345.42,345.21,345.42,7561.0
14:58,345.27,345.39,345.21,345.3,3704.0
14:59,345.07,345.27,345.01,345.27,9663.0
15:00,345.43,345.51,345.1,345.14,9046.0
15:01,345.07,345.32,345.07,345.32,7448.0
15:02,345.1,345.3,345.02,345.15,12892.0
15:03,345.02,345.12,344.93,345.05,4557.0
15:04,345.18,345.19,345.0,345.0,4046.0
15:05,345.05,345.14,345.04,345.14,4053.0
15:06,345.15,345.25,345.15,345.15,2865.0
15:07,345.1,345.18,345.01,345.13,4008.0
15:08,345.22,345.22,345.04,345.17,6938.0
15:09,345.27,345.27,345.14,345.2,4174.0
15:10,345.37,345.4,345.16,345.2,12251.0
15:11,345.28,345.42,345.27,345.38,6795.0
15:12,345.38,345.39,345.2,345.24,6454.0
15:13,345.32,345.41,345.26,345.4,4451.0
15:14,345.3,345.34,345.29,345.33,3931.0
15:15,345.3,345.3,345.14,345.24,7645.0
15:16,345.48,345.51,345.27,345.33,11820.0
15:17,345.36,345.55,345.35,345.52,4846.0
15:18,345.26,345.35,345.15,345.34,11764.0
15:19,345.33,345.44,345.24,345.24,7029.0
15:20,345.11,345.46,345.11,345.29,15187.0
15:21,344.96,345.02,344.92,345.02,4213.0
15:22,344.78,344.91,344.78,344.88,5792.0
15:23,344.63,344.79,344.62,344.79,13450.0
15:24,344.43,344.61,344.21,344.61,16906.0
15:25,344.32,344.54,344.32,344.45,10334.0
15:26,344.39,344.41,344.28,344.28,7666.0
15:27,344.53,344.56,344.35,344.36,5305.0
15:28,344.48,344.56,344.43,344.56,6600.0
15:29,344.58,344.58,344.43,344.51,9326.0
15:30,344.84,344.84,344.73,344.73,8092.0
15:31,344.64,344.85,344.6,344.77,12622.0
15:32,344.54,344.69,344.41,344.66,11641.0
15:33,344.48,344.53,344.45,344.49,3226.0
15:34,344.35,344.45,344.33,344.44,5717.0
15:35,344.21,344.38,344.05,344.3,12073.0
15:36,344.25,344.28,344.14,344.19,7754.0
15:37,344.07,344.29,344.06,344.29,12774.0
15:38,343.94,344.19,343.91,344.09,11404.0
15:39,343.85,343.93,343.79,343.93,9808.0
15:40,344.14,344.18,343.91,343.91,9821.0
15:41,344.3,344.31,344.06,344.21,7969.0
15:42,344.32,344.4,344.24,344.25,8737.0
15:43,344.54,344.63,344.42,344.42,11387.0
15:44,345.04,345.04,344.56,344.56,10479.0
15:45,345.03,345.37,344.9,345.08,18854.0
15:46,345.1,345.17,344.9,344.98,9797.0
15:47,345.22,345.32,345.05,345.05,11754.0
15:48,345.08,345.31,345.01,345.14,11638.0
15:49,344.94,345.11,344.8,345.11,13529.0
15:50,344.43,345.01,344.41,344.74,19109.0
15:51,344.39,344.54,344.25,344.45,26633.0
15:52,344.24,344.39,344.2,344.35,18725.0
15:53,344.21,344.5,344.13,344.24,18461.0
15:54,343.99,344.34,343.98,344.2,24838.0
15:55,343.55,344.06,343.25,344.01,68957.0
15:56,343.46,343.89,343.4,343.54,33008.0
15:57,343.74,344.09,343.47,343.47,74917.0
15:58,343.6,343.84,343.5,343.72,109990.0
15:59,343.82,343.91,343.34,343.6,172322.0
