Time,Close,High,Low,Open,Volume
09:30,350.98,351.12,350.0,350.01,148594.0
09:31,350.64,351.07,350.64,350.89,7862.0
09:32,349.11,350.6,348.86,350.6,27061.0
09:33,349.08,349.89,349.06,349.23,7114.0
09:34,349.2,349.27,348.8,349.09,12607.0
09:35,347.8,349.13,347.8,348.8,19405.0
09:36,347.02,347.83,346.86,347.83,17399.0
09:37,346.8,347.48,346.72,346.98,18390.0
09:38,346.28,347.16,346.28,346.69,24028.0
09:39,346.02,346.41,345.74,346.34,21084.0
09:40,344.61,346.23,344.61,346.23,52618.0
09:41,344.46,344.98,344.35,344.82,49518.0
09:42,344.86,345.11,344.55,344.55,32619.0
09:43,345.32,345.67,344.86,344.86,10917.0
09:44,344.97,345.72,344.87,345.26,21894.0
09:45,344.77,345.36,344.52,344.91,33906.0
09:46,345.14,345.32,344.63,345.03,27394.0
09:47,345.42,345.95,345.31,345.32,15018.0
09:48,345.48,345.85,345.2,345.38,9142.0
09:49,346.02,346.02,345.42,345.63,9201.0
09:50,345.91,346.2,345.86,346.0,16335.0
09:51,346.0,346.0,345.58,345.76,33090.0
09:52,346.08,346.52,345.57,345.86,34280.0
09:53,346.01,346.12,345.83,346.1,10064.0
09:54,345.56,345.82,345.42,345.82,8116.0
09:55,345.97,346.22,345.58,345.6,18863.0
09:56,346.08,346.25,345.92,346.2,7326.0
09:57,346.36,346.5,345.89,346.08,9281.0
09:58,346.39,346.49,346.3,346.39,6825.0
09:59,345.99,346.49,345.85,346.49,14993.0
10:00,346.47,346.47,345.69,345.99,21305.0
10:01,345.92,346.2,345.75,346.2,17865.0
10:02,345.52,345.89,345.52,345.89,10667.0
10:03,345.56,345.87,345.41,345.58,9139.0
10:04,346.2,346.27,345.57,345.57,15977.0
10:05,346.89,346.93,346.51,346.51,10728.0
10:06,347.43,347.67,346.6,346.98,14435.0
10:07,346.91,347.42,346.81,347.26,18128.0
10:08,346.68,346.89,346.68,346.71,14145.0
10:09,346.48,346.87,346.48,346.8,8096.0
10:10,346.6,346.7,346.51,346.66,20883.0
10:11,346.32,346.69,346.32,346.55,26309.0
10:12,347.01,347.01,346.32,346.4,65562.0
10:13,346.86,347.04,346.66,347.04,20727.0
10:14,346.97,347.15,346.86,346.86,7353.0
10:15,346.96,347.01,346.81,346.98,9808.0
10:16,346.7,346.98,346.66,346.98,9526.0
10:17,346.53,346.8,346.53,346.8,21443.0
10:18,346.98,347.05,346.62,346.63,15775.0
10:19,347.21,347.21,347.07,347.14,10927.0
10:20,347.21,347.21,346.96,347.21,8164.0
10:21,347.2,347.2,346.86,346.97,8626.0
10:22,347.74,347.75,346.94,347.05,11649.0
10:23,347.73,348.0,347.3,347.73,11761.0
10:24,347.94,348.15,347.69,347.8,9151.0
10:25,348.02,348.2,347.92,347.96,32958.0
10:26,348.02,348.05,347.84,348.02,13241.0
10:27,348.21,348.48,348.2,348.2,15266.0
10:28,348.48,348.57,348.23,348.23,21815.0
10:29,348.94,348.98,348.48,348.48,24016.0
10:30,348.32,348.84,348.31,348.84,15078.0
10:31,348.37,348.56,348.23,348.31,25388.0
10:32,348.49,348.69,348.31,348.35,18465.0
10:33,348.35,348.54,348.23,348.54,9293.0
10:34,348.43,348.47,348.27,348.3,8853.0
10:35,348.47,348.55,348.33,348.53,10192.0
10:36,348.31,348.43,348.31,348.38,3785.0
10:37,348.59,348.61,348.21,348.3,13430.0
10:38,348.49,348.58,348.4,348.5,4668.0
10:39,348.64,348.64,348.49,348.58,4136.0
10:40,348.39,348.7,348.33,348.64,29629.0
10:41,348.29,348.42,348.29,348.4,10334.0
10:42,348.33,348.33,348.16,348.27,6650.0
10:43,348.35,348.5,348.24,348.33,13485.0
10:44,348.42,348.48,348.2,348.2,6416.0
10:45,348.03,348.43,348.02,348.42,9952.0
10:46,348.19,348.26,348.03,348.06,6024.0
10:47,348.15,348.3,348.1,348.18,15974.0
10:48,348.14,348.19,348.04,348.14,8684.0
10:49,348.02,348.38,347.98,348.14,22236.0
10:50,348.11,348.12,347.95,348.07,6325.0
10:51,347.92,348.12,347.91,348.11,6427.0
10:52,347.94,348.13,347.94,348.0,4533.0
10:53,347.86,348.08,347.86,347.95,14212.0
10:54,347.98,348.02,347.86,348.02,12282.0
10:55,347.82,348.05,347.75,347.98,22978.0
10:56,347.85,348.0,347.65,347.85,10566.0
10:57,347.67,347.89,347.67,347.86,3765.0
10:58,348.1,348.2,347.68,347.69,18477.0
10:59,348.54,348.58,348.22,348.24,11251.0
11:00,348.58,348.66,348.42,348.49,8336.0
11:01,348.58,348.75,348.48,348.55,9090.0
11:02,348.52,348.55,348.36,348.55,4248.0
11:03,348.42,348.52,348.39,348.52,7440.0
11:04,348.4,348.52,348.4,348.52,4310.0
11:05,348.46,348.46,348.26,348.39,10719.0
11:06,348.39,348.61,348.35,348.55,10700.0
11:07,348.47,348.47,348.12,348.28,7698.0
11:08,348.39,348.46,348.39,348.44,5266.0
11:09,348.41,348.42,348.15,348.15,4725.0
11:10,348.38,348.49,348.37,348.47,4957.0
11:11,348.4,348.45,348.35,348.37,6834.0
11:12,348.35,348.4,348.24,348.24,4205.0
11:13,348.33,348.4,348.3,348.32,3752.0
11:14,347.93,348.32,347.92,348.32,13426.0
11:15,347.98,348.09,347.84,347.93,6228.0
11:16,347.98,348.01,347.88,347.98,6128.0
11:17,347.95,347.95,347.95,347.95,382.0
11:18,348.51,348.51,347.87,347.87,9042.0
11:19,348.61,348.62,348.47,348.51,3380.0
11:20,348.55,348.66,348.52,348.66,6317.0
11:21,348.42,348.55,348.32,348.45,9540.0
11:22,348.23,348.33,348.23,348.3,7783.0
11:23,348.15,348.26,348.15,348.23,5117.0
11:24,348.02,348.17,348.0,348.02,5445.0
11:25,348.15,348.15,347.57,347.86,28716.0
11:26,348.07,348.2,347.94,347.95,18105.0
11:27,347.86,347.93,347.86,347.93,2843.0
11:28,347.86,348.02,347.86,348.01,6069.0
11:29,347.92,347.98,347.82,347.98,5112.0
11:30,348.23,348.23,347.88,347.92,6171.0
11:31,348.26,348.32,348.23,348.26,5338.0
11:32,348.26,348.27,348.16,348.24,6597.0
11:33,348.37,348.37,348.19,348.19,11739.0
11:34,348.52,348.52,348.35,348.37,6336.0
11:35,348.66,348.92,348.53,348.53,13675.0
11:36,348.66,348.75,348.63,348.64,7179.0
11:37,348.62,348.76,348.62,348.65,5728.0
11:38,348.66,348.74,348.59,348.64,8247.0
11:39,348.64,348.71,348.54,348.71,9454.0
11:40,348.53,348.64,348.49,348.64,3001.0
11:41,348.61,348.61,348.6,348.6,3180.0
11:42,348.88,348.89,348.61,348.62,11148.0
11:43,349.01,349.05,348.87,348.87,9444.0
11:44,348.75,349.0,348.73,348.94,6459.0
11:45,348.75,348.81,348.65,348.76,3914.0
11:46,348.69,348.8,348.67,348.75,6719.0
11:47,348.86,348.86,348.6,348.67,12244.0
11:48,348.67,348.89,348.67,348.86,11241.0
11:49,348.76,348.79,348.68,348.68,9341.0
11:50,348.82,348.82,348.66,348.77,8446.0
11:51,348.98,348.98,348.73,348.82,8098.0
11:52,348.93,348.99,348.88,348.99,3218.0
11:53,349.25,349.25,348.95,348.95,12735.0
11:54,349.23,349.24,349.13,349.18,3199.0
11:55,349.27,349.33,349.18,349.19,8412.0
11:56,349.05,349.28,349.05,349.28,9626.0
11:57,348.93,348.93,348.72,348.91,4953.0
11:58,349.31,349.31,349.09,349.09,3295.0
11:59,349.32,349.4,349.22,349.36,7620.0
12:00,349.29,349.32,349.19,349.29,11195.0
12:01,349.24,349.29,349.14,349.29,5111.0
12:02,349.4,349.4,349.2,349.24,4103.0
12:03,349.39,349.4,349.36,349.36,3545.0
12:04,349.29,349.38,349.24,349.38,3408.0
12:05,349.4,349.4,349.29,349.29,2679.0
12:06,349.37,349.44,349.3,349.44,6749.0
12:07,349.35,349.44,349.3,349.44,7893.0
12:08,349.36,349.36,349.29,349.36,3572.0
12:09,349.72,349.72,349.36,349.36,7527.0
12:10,349.57,349.67,349.57,349.66,7185.0
12:11,349.29,349.58,349.24,349.58,8823.0
12:12,349.39,349.39,349.27,349.39,3706.0
12:13,349.45,349.45,349.27,349.27,3663.0
12:14,349.36,349.45,349.31,349.45,6472.0
12:15,349.29,349.36,349.27,349.36,5216.0
12:16,349.13,349.19,349.12,349.19,7309.0
12:17,349.14,349.28,349.14,349.2,6418.0
12:18,348.98,348.98,348.76,348.78,9798.0
12:19,348.91,349.01,348.8,348.89,6206.0
12:20,348.84,348.9,348.8,348.9,3862.0
12:21,348.57,348.82,348.57,348.82,16578.0
12:22,348.65,348.65,348.65,348.65,1049.0
12:23,348.75,348.75,348.61,348.65,5525.0
12:24,348.41,348.75,348.41,348.75,6518.0
12:25,348.41,348.48,348.32,348.43,9935.0
12:26,348.59,348.59,348.48,348.48,5387.0
12:27,348.55,348.55,348.55,348.55,2413.0
12:28,348.61,348.62,348.4,348.54,4258.0
12:29,348.89,348.98,348.59,348.73,6798.0
12:30,348.83,348.83,348.73,348.82,6315.0
12:31,348.75,348.75,348.66,348.66,2533.0
12:32,348.75,348.75,348.75,348.75,1897.0
12:33,348.72,348.73,348.67,348.73,2783.0
12:34,348.52,348.6,348.52,348.6,6207.0
12:35,348.46,348.53,348.42,348.49,3424.0
12:36,348.55,348.6,348.44,348.44,6201.0
12:37,348.42,348.53,348.42,348.5,3506.0
12:38,348.5,348.65,348.42,348.42,8021.0
12:39,348.48,348.5,348.48,348.5,1568.0
12:40,348.73,348.91,348.4,348.4,7729.0
12:41,348.94,348.94,348.73,348.82,4018.0
12:42,348.94,349.0,348.8,348.8,7214.0
12:43,348.96,349.11,348.82,348.86,7264.0
12:44,348.81,348.98,348.72,348.98,11749.0
12:45,348.86,348.86,348.78,348.79,6050.0
12:46,348.95,348.96,348.82,348.91,6394.0
12:47,348.85,349.06,348.85,348.95,7849.0
12:48,348.99,349.04,348.94,348.95,3268.0
12:49,348.96,348.96,348.86,348.96,3862.0
12:50,349.06,349.09,348.8,348.96,13118.0
12:51,348.93,349.09,348.93,349.09,3071.0
12:52,348.52,348.96,348.5,348.96,6137.0
12:53,348.47,348.52,348.47,348.52,2539.0
12:54,348.44,348.47,348.44,348.47,2745.0
12:55,348.18,348.36,348.18,348.36,4060.0
12:56,348.2,348.27,348.16,348.27,2171.0
12:57,348.27,348.27,348.2,348.2,8848.0
12:58,348.45,348.45,348.33,348.33,7107.0
12:59,348.35,348.43,348.31,348.43,8026.0
13:00,348.27,348.28,348.16,348.22,3213.0
13:01,348.28,348.29,348.21,348.21,2580.0
13:02,348.42,348.42,348.28,348.28,5466.0
13:03,348.57,348.57,348.37,348.38,4657.0
13:04,348.53,348.6,348.5,348.6,3518.0
13:05,348.72,348.72,348.49,348.54,8665.0
13:06,348.58,348.67,348.58,348.65,6384.0
13:07,348.53,348.54,348.5,348.54,3854.0
13:08,348.54,348.58,348.49,348.54,2031.0
13:09,348.52,348.62,348.52,348.52,5615.0
13:10,348.61,348.61,348.53,348.54,3149.0
13:11,348.82,348.83,348.58,348.58,5004.0
13:12,348.98,349.0,348.81,348.85,17383.0
13:13,348.98,349.05,348.9,349.0,9208.0
13:14,349.1,349.11,348.98,348.98,3358.0
13:15,349.14,349.15,349.05,349.05,1334.0
13:16,349.15,349.15,349.14,349.14,2049.0
13:17,349.15,349.15,349.1,349.13,5782.0
13:18,348.92,349.24,348.92,349.23,10308.0
13:19,349.11,349.11,348.93,348.93,2518.0
13:20,349.2,349.2,348.99,349.13,4043.0
13:21,349.2,349.2,349.17,349.17,2328.0
13:22,349.32,349.37,349.12,349.12,6149.0
13:23,349.46,349.46,349.32,349.32,10247.0
13:24,349.6,349.6,349.45,349.57,11801.0
13:25,349.45,349.57,349.44,349.57,2952.0
13:26,349.55,349.55,349.46,349.46,3757.0
13:27,349.36,349.58,349.27,349.58,7609.0
13:28,349.37,349.48,349.27,349.47,5984.0
13:29,349.38,349.38,349.28,349.36,4360.0
13:30,349.37,349.39,349.3,349.39,4983.0
13:31,349.49,349.51,349.18,349.29,5508.0
13:32,349.67,349.75,349.49,349.5,10366.0
13:33,349.76,349.76,349.76,349.76,1172.0
13:34,349.54,349.78,349.54,349.77,12285.0
13:35,349.42,349.52,349.35,349.52,8336.0
13:36,349.21,349.45,349.21,349.31,5310.0
13:37,349.16,349.23,349.16,349.23,4697.0
13:38,348.79,349.08,348.79,349.02,16343.0
13:39,349.5,349.51,348.9,348.9,50493.0
13:40,349.57,349.6,349.36,349.5,3143.0
13:41,349.58,349.63,349.41,349.52,11106.0
13:42,349.71,349.85,349.52,349.52,6948.0
13:43,349.84,349.84,349.65,349.71,6194.0
13:44,349.74,349.9,349.61,349.79,12173.0
13:45,349.48,349.75,349.48,349.75,7987.0
13:46,349.6,349.6,349.43,349.51,9523.0
13:47,349.48,349.57,349.42,349.55,4008.0
13:48,349.47,349.7,349.47,349.48,8401.0
13:49,349.54,349.59,349.46,349.52,9409.0
13:50,349.14,349.39,349.05,349.39,4738.0
13:51,349.35,349.35,349.15,349.19,4469.0
13:52,349.55,349.55,349.32,349.33,4044.0
13:53,349.37,349.53,349.3,349.47,4980.0
13:54,349.38,349.5,349.37,349.37,2243.0
13:55,349.4,349.4,349.39,349.39,1702.0
13:56,349.57,349.65,349.5,349.5,2945.0
13:57,349.76,349.76,349.75,349.75,1382.0
13:58,349.61,349.78,349.61,349.68,5137.0
13:59,349.73,349.77,349.69,349.69,2655.0
14:00,349.75,349.76,349.66,349.68,5887.0
14:01,349.69,349.74,349.65,349.66,3496.0
14:02,349.7,349.78,349.7,349.74,2247.0
14:03,349.82,349.93,349.74,349.75,3151.0
14:04,349.71,349.85,349.71,349.83,5840.0
14:05,349.51,349.79,349.51,349.79,9877.0
14:06,349.6,349.75,349.48,349.51,9742.0
14:07,349.62,349.69,349.62,349.64,36803.0
14:08,349.38,349.62,349.38,349.62,8664.0
14:09,349.59,349.64,349.4,349.46,5835.0
14:10,349.44,349.61,349.44,349.58,4231.0
14:11,349.51,349.52,349.42,349.52,5205.0
14:12,349.44,349.57,349.42,349.57,8889.0
14:13,349.29,349.44,349.24,349.43,8399.0
14:14,349.32,349.46,349.29,349.34,5348.0
14:15,349.42,349.42,349.3,349.3,1267.0
14:16,349.44,349.44,349.31,349.42,4523.0
14:17,349.24,349.47,349.2,349.47,8830.0
14:18,349.21,349.27,349.13,349.14,5413.0
14:19,349.0,349.19,349.0,349.15,6526.0
14:20,348.83,349.02,348.83,349.02,4046.0
14:21,348.94,348.96,348.92,348.95,1534.0
14:22,349.02,349.1,348.9,348.97,4253.0
14:23,348.88,349.02,348.88,348.99,6538.0
14:24,348.92,348.92,348.84,348.92,2359.0
14:25,349.1,349.1,348.98,349.0,9622.0
14:26,349.0,349.06,348.98,349.05,8624.0
14:27,349.02,349.02,348.97,349.02,3081.0
14:28,348.99,349.02,348.91,349.02,5449.0
14:29,348.8,348.92,348.72,348.92,8134.0
14:30,348.81,348.86,348.76,348.86,5535.0
14:31,348.75,348.81,348.73,348.81,5622.0
14:32,348.71,348.85,348.71,348.77,3793.0
14:33,348.77,348.82,348.74,348.77,4803.0
14:34,348.62,348.85,348.59,348.8,6112.0
14:35,348.66,348.7,348.56,348.61,7090.0
14:36,348.62,348.71,348.61,348.65,3732.0
14:37,348.73,348.81,348.62,348.62,7149.0
14:38,348.69,348.85,348.61,348.73,7578.0
14:39,348.77,348.85,348.69,348.69,5909.0
14:40,349.01,349.01,348.77,348.77,7249.0
14:41,349.1,349.1,348.98,348.99,2803.0
14:42,348.91,349.06,348.9,348.98,8221.0
14:43,349.04,349.04,349.04,349.04,1265.0
14:44,348.89,349.04,348.88,349.04,10113.0
14:45,348.84,349.06,348.84,348.97,28838.0
14:46,348.93,349.05,348.77,348.91,9294.0
14:47,349.03,349.06,348.86,349.06,6136.0
14:48,348.84,349.02,348.72,349.01,5176.0
14:49,348.7,348.8,348.62,348.8,17953.0
14:50,348.46,348.65,348.42,348.65,7651.0
14:51,348.6,348.68,348.47,348.5,4153.0
14:52,348.57,348.65,348.47,348.6,4110.0
14:53,348.9,348.9,348.56,348.65,5265.0
14:54,348.92,349.0,348.75,348.79,8959.0
14:55,348.86,348.92,348.84,348.92,6922.0
14:56,348.73,348.86,348.73,348.86,7664.0
14:57,348.6,348.69,348.6,348.69,3686.0
14:58,348.62,348.7,348.59,348.7,5604.0
14:59,348.79,348.88,348.7,348.7,7168.0
15:00,348.76,348.78,348.68,348.76,9700.0
15:01,348.82,348.84,348.72,348.73,4731.0
15:02,348.82,348.82,348.69,348.74,3649.0
15:03,348.81,348.81,348.75,348.75,3231.0
15:04,349.02,349.02,348.85,348.9,7257.0
15:05,349.18,349.19,349.02,349.05,6082.0
15:06,349.2,349.32,349.16,349.23,8599.0
15:07,349.31,349.32,349.2,349.2,5608.0
15:08,349.36,349.36,349.14,349.3,8337.0
15:09,349.15,349.29,349.0,349.27,11968.0
15:10,349.25,349.36,349.2,349.2,6903.0
15:11,349.26,349.35,349.12,349.35,1842.0
15:12,349.03,349.27,348.89,349.26,12687.0
15:13,349.16,349.16,348.9,349.04,4067.0
15:14,349.25,349.34,349.05,349.09,5438.0
15:15,349.36,349.38,349.26,349.26,7137.0
15:16,349.32,349.38,349.32,349.38,3521.0
15:17,349.35,349.35,349.27,349.35,10028.0
15:18,349.4,349.42,349.3,349.34,3830.0
15:19,349.4,349.43,349.3,349.41,9595.0
15:20,349.46,349.5,349.39,349.4,8671.0
15:21,349.54,349.58,349.5,349.5,3246.0
15:22,349.54,349.65,349.46,349.49,11560.0
15:23,349.6,349.74,349.53,349.68,13887.0
15:24,349.7,349.7,349.49,349.55,6630.0
15:25,349.74,349.82,349.62,349.62,4800.0
15:26,349.82,349.87,349.73,349.73,6310.0
15:27,349.88,349.89,349.76,349.86,10555.0
15:28,349.9,349.9,349.86,349.88,2920.0
15:29,349.91,349.93,349.85,349.89,5913.0
15:30,349.82,349.88,349.75,349.88,15409.0
15:31,349.85,349.85,349.64,349.64,10038.0
15:32,349.73,349.82,349.69,349.82,6412.0
15:33,349.74,349.74,349.64,349.68,4515.0
15:34,349.78,349.78,349.66,349.74,7205.0
15:35,349.77,349.92,349.73,349.77,10683.0
15:36,349.93,349.93,349.82,349.82,5077.0
15:37,349.88,349.93,349.82,349.9,7871.0
15:38,349.83,349.89,349.82,349.88,11836.0
15:39,349.73,349.8,349.69,349.8,6398.0
15:40,349.6,349.76,349.59,349.76,8801.0
15:41,349.5,349.61,349.47,349.6,6117.0
15:42,349.36,349.48,349.36,349.48,9045.0
15:43,349.58,349.61,349.34,349.34,12433.0
15:44,349.58,349.63,349.48,349.54,17731.0
15:45,349.41,349.53,349.4,349.53,21967.0
15:46,349.52,349.56,349.39,349.42,17036.0
15:47,349.45,349.54,349.41,349.49,6637.0
15:48,349.45,349.49,349.4,349.43,14586.0
15:49,349.42,349.52,349.39,349.45,10166.0
15:50,349.41,349.58,349.37,349.42,23685.0
15:51,349.38,349.42,349.24,349.38,22203.0
15:52,349.27,349.38,349.23,349.38,12236.0
15:53,349.47,349.47,349.22,349.27,18045.0
15:54,349.46,349.6,349.37,349.39,28001.0
15:55,349.58,349.74,349.48,349.48,31665.0
15:56,349.29,349.58,349.08,349.57,56248.0
15:57,349.18,349.53,349.13,349.36,47689.0
15:58,349.22,349.23,349.08,349.15,77984.0
15:59,349.27,349.5,348.98,349.21,138754.0
