Time,Close,High,Low,Open,Volume
09:30,341.52,341.77,340.6,340.61,79787.0
09:31,341.27,341.79,341.05,341.52,5374.0
09:32,341.05,341.49,341.04,341.39,7361.0
09:33,341.12,341.41,340.94,341.04,7714.0
09:34,341.03,341.27,340.69,341.12,13946.0
09:35,341.49,341.49,341.23,341.23,5444.0
09:36,341.04,341.52,340.95,341.52,9387.0
09:37,340.85,341.04,340.85,341.01,4639.0
09:38,340.8,340.93,340.6,340.89,15565.0
09:39,340.97,341.12,340.64,340.66,9446.0
09:40,340.92,341.13,340.92,340.96,2360.0
09:41,341.13,341.22,341.02,341.02,5880.0
09:42,341.34,341.43,341.1,341.11,12371.0
09:43,340.78,341.24,340.7,341.24,12953.0
09:44,340.87,340.87,340.73,340.73,4823.0
09:45,341.15,341.15,340.75,340.89,15521.0
09:46,341.09,341.14,341.01,341.04,3403.0
09:47,341.27,341.29,341.0,341.05,13878.0
09:48,341.33,341.49,341.08,341.17,17443.0
09:49,341.52,341.52,341.09,341.26,10881.0
09:50,341.57,341.57,341.27,341.5,15854.0
09:51,341.49,341.6,341.33,341.58,4947.0
09:52,341.49,341.6,341.48,341.48,2923.0
09:53,341.31,341.55,341.28,341.51,7911.0
09:54,341.52,341.52,341.16,341.3,4476.0
09:55,341.38,341.52,341.28,341.36,7061.0
09:56,341.85,341.85,341.38,341.38,8046.0
09:57,341.5,341.64,341.49,341.61,18187.0
09:58,341.44,341.61,341.39,341.49,18178.0
09:59,341.28,341.51,341.18,341.51,7624.0
10:00,341.61,341.61,341.13,341.36,40046.0
10:01,341.66,341.66,341.34,341.56,26829.0
10:02,341.7,341.92,341.59,341.6,11797.0
10:03,341.75,341.88,341.65,341.7,14192.0
10:04,342.1,342.12,341.75,341.75,13897.0
10:05,341.95,342.31,341.93,342.1,20725.0
10:06,342.2,342.2,341.88,341.89,13826.0
10:07,342.39,342.4,342.11,342.25,22836.0
10:08,342.52,342.62,342.34,342.36,9568.0
10:09,342.58,342.7,342.41,342.52,9506.0
10:10,341.84,342.71,341.84,342.49,18604.0
10:11,341.79,341.95,341.59,341.95,4013.0
10:12,341.38,341.65,341.25,341.65,13782.0
10:13,341.53,341.63,341.35,341.41,5529.0
10:14,341.55,341.66,341.39,341.53,14348.0
10:15,341.55,341.62,341.44,341.55,14595.0
10:16,341.6,341.74,341.42,341.49,21308.0
10:17,341.63,341.84,341.57,341.58,14896.0
10:18,341.28,341.67,341.28,341.57,18580.0
10:19,341.01,341.32,341.01,341.24,18270.0
10:20,340.75,340.98,340.75,340.91,17959.0
10:21,340.53,340.87,340.5,340.75,8131.0
10:22,340.47,340.68,340.42,340.6,6733.0
10:23,340.72,340.72,340.44,340.47,7751.0
10:24,340.92,340.99,340.69,340.77,35098.0
10:25,341.0,341.0,340.72,340.99,8015.0
10:26,341.23,341.33,340.86,340.86,11272.0
10:27,341.27,341.39,341.15,341.28,7202.0
10:28,341.17,341.27,341.15,341.27,4710.0
10:29,341.42,341.46,341.16,341.21,19636.0
10:30,341.77,341.77,341.31,341.48,12756.0
10:31,341.76,341.81,341.68,341.77,5471.0
10:32,342.18,342.18,341.7,341.78,8671.0
10:33,341.95,342.17,341.91,342.07,10306.0
10:34,342.09,342.18,341.91,341.93,4856.0
10:35,342.04,342.17,342.0,342.12,3005.0
10:36,341.58,342.17,341.58,342.17,19684.0
10:37,341.65,341.71,341.58,341.69,3971.0
10:38,341.47,341.67,341.45,341.58,8121.0
10:39,341.23,341.31,341.11,341.31,2193.0
10:40,341.32,341.39,341.06,341.06,4565.0
10:41,341.64,341.75,341.34,341.34,5727.0
10:42,341.95,341.95,341.64,341.64,5649.0
10:43,341.79,341.92,341.79,341.92,5015.0
10:44,341.82,341.84,341.72,341.8,7096.0
10:45,342.01,342.07,341.7,341.78,15820.0
10:46,341.88,341.99,341.83,341.99,7345.0
10:47,341.8,341.91,341.71,341.89,14735.0
10:48,341.7,341.8,341.68,341.8,9055.0
10:49,341.86,341.86,341.7,341.71,6896.0
10:50,341.78,341.94,341.78,341.84,1529.0
10:51,341.78,341.93,341.65,341.84,16043.0
10:52,342.0,342.0,341.65,341.65,9653.0
10:53,341.89,341.98,341.71,341.98,8446.0
10:54,341.92,341.99,341.72,341.85,5728.0
10:55,341.85,341.85,341.85,341.85,6594.0
10:56,341.61,341.79,341.55,341.72,11460.0
10:57,341.46,341.6,341.4,341.6,6081.0
10:58,341.33,341.44,341.15,341.32,11805.0
10:59,341.24,341.32,341.16,341.32,6161.0
11:00,341.22,341.32,341.13,341.24,14250.0
11:01,340.92,341.13,340.89,341.11,7584.0
11:02,340.99,341.01,340.89,340.92,9857.0
11:03,340.83,341.02,340.81,340.99,11923.0
11:04,340.8,340.88,340.73,340.88,5810.0
11:05,340.8,340.85,340.64,340.8,4912.0
11:06,341.09,341.09,340.63,340.63,8259.0
11:07,341.09,341.16,341.02,341.11,6656.0
11:08,340.94,341.12,340.93,341.12,7008.0
11:09,340.77,341.04,340.68,340.92,13821.0
11:10,340.78,340.83,340.64,340.71,4446.0
11:11,340.8,340.85,340.53,340.67,13425.0
11:12,341.02,341.04,340.71,340.77,7802.0
11:13,340.93,340.99,340.85,340.96,5528.0
11:14,340.76,340.99,340.65,340.95,5717.0
11:15,340.67,340.8,340.6,340.8,3995.0
11:16,340.56,340.71,340.5,340.59,6546.0
11:17,340.54,340.59,340.47,340.56,5884.0
11:18,340.26,340.6,340.26,340.59,13021.0
11:19,340.11,340.29,340.11,340.29,14394.0
11:20,340.35,340.46,340.1,340.15,8988.0
11:21,340.33,340.38,340.15,340.26,4567.0
11:22,339.87,340.2,339.87,340.2,31915.0
11:23,339.86,340.01,339.7,340.01,9501.0
11:24,340.04,340.19,339.98,339.98,6991.0
11:25,340.08,340.16,340.06,340.07,3726.0
11:26,340.24,340.3,340.05,340.05,5360.0
11:27,340.24,340.31,340.13,340.24,3961.0
11:28,340.17,340.24,340.12,340.23,2680.0
11:29,340.24,340.32,340.12,340.21,8390.0
11:30,340.21,340.31,340.18,340.26,7028.0
11:31,340.1,340.21,340.08,340.21,5874.0
11:32,340.25,340.25,340.0,340.1,20515.0
11:33,340.44,340.5,340.23,340.23,9171.0
11:34,340.49,340.59,340.4,340.5,8476.0
11:35,340.54,340.54,340.46,340.49,4977.0
11:36,340.55,340.65,340.49,340.49,11979.0
11:37,340.46,340.55,340.43,340.55,7641.0
11:38,340.51,340.59,340.45,340.54,4298.0
11:39,340.43,340.55,340.4,340.46,7278.0
11:40,340.44,340.51,340.4,340.51,5406.0
11:41,340.48,340.48,340.48,340.48,1492.0
11:42,340.29,340.4,340.26,340.4,7696.0
11:43,340.15,340.29,340.15,340.26,2988.0
11:44,340.0,340.2,340.0,340.15,8768.0
11:45,340.03,340.04,339.95,340.0,32520.0
11:46,340.13,340.2,340.02,340.02,4730.0
11:47,340.1,340.12,339.95,340.12,7679.0
11:48,340.13,340.19,340.13,340.19,2568.0
11:49,340.07,340.09,340.02,340.09,5019.0
11:50,340.06,340.06,339.97,340.0,4476.0
11:51,339.96,340.04,339.8,340.04,8229.0
11:52,339.99,340.1,339.97,339.98,2770.0
11:53,340.02,340.05,339.93,340.01,6763.0
11:54,340.07,340.07,339.99,340.04,2850.0
11:55,340.11,340.13,339.95,339.95,10072.0
11:56,340.18,340.23,340.0,340.05,8732.0
11:57,340.09,340.18,340.04,340.18,9642.0
11:58,339.98,340.18,339.98,340.09,7679.0
11:59,339.9,339.94,339.89,339.94,3250.0
12:00,340.1,340.1,339.91,339.92,8171.0
12:01,340.24,340.3,340.08,340.1,7965.0
12:02,340.29,340.4,340.22,340.34,12406.0
12:03,340.14,340.29,340.14,340.28,5354.0
12:04,340.16,340.24,340.13,340.13,3113.0
12:05,339.9,340.14,339.9,340.09,10057.0
12:06,339.73,339.94,339.73,339.88,9525.0
12:07,339.86,339.89,339.76,339.76,7528.0
12:08,340.04,340.05,339.86,339.86,7000.0
12:09,339.99,340.05,339.92,340.04,5143.0
12:10,339.99,340.02,339.97,339.99,6507.0
12:11,340.0,340.0,339.94,339.96,2684.0
12:12,339.9,340.0,339.83,340.0,6507.0
12:13,339.85,339.89,339.82,339.89,2341.0
12:14,339.86,339.87,339.8,339.8,4601.0
12:15,339.87,339.95,339.85,339.86,8911.0
12:16,339.92,340.01,339.92,339.93,4374.0
12:17,339.92,340.0,339.86,339.9,8949.0
12:18,339.88,339.92,339.88,339.92,3062.0
12:19,339.64,339.92,339.61,339.92,10438.0
12:20,339.67,339.68,339.53,339.53,3573.0
12:21,339.58,339.68,339.58,339.67,4742.0
12:22,339.61,339.7,339.53,339.64,6835.0
12:23,339.64,339.68,339.61,339.65,1605.0
12:24,339.64,339.71,339.61,339.65,7296.0
12:25,339.61,339.67,339.56,339.65,3779.0
12:26,339.55,339.75,339.55,339.65,3278.0
12:27,339.64,339.65,339.64,339.64,1962.0
12:28,339.67,339.72,339.56,339.72,6351.0
12:29,339.61,339.65,339.55,339.61,2933.0
12:30,339.6,339.6,339.56,339.6,3141.0
12:31,339.55,339.58,339.55,339.58,4931.0
12:32,339.6,339.72,339.57,339.58,6795.0
12:33,339.58,339.68,339.54,339.68,5476.0
12:34,339.49,339.54,339.49,339.53,5785.0
12:35,339.47,339.53,339.46,339.52,6833.0
12:36,339.52,339.53,339.43,339.48,8155.0
12:37,339.51,339.52,339.43,339.51,3663.0
12:38,339.52,339.6,339.5,339.51,5624.0
12:39,339.5,339.55,339.46,339.53,4296.0
12:40,339.52,339.53,339.5,339.52,2827.0
12:41,339.5,339.52,339.47,339.52,4413.0
12:42,339.46,339.55,339.43,339.52,8114.0
12:43,339.26,339.45,339.21,339.43,6983.0
12:44,339.27,339.32,339.22,339.28,7234.0
12:45,339.53,339.65,339.2,339.22,15472.0
12:46,339.63,339.65,339.43,339.43,5177.0
12:47,339.63,339.63,339.6,339.61,2124.0
12:48,339.67,339.67,339.6,339.62,3292.0
12:49,339.68,339.77,339.65,339.74,7242.0
12:50,339.84,339.84,339.68,339.68,6722.0
12:51,339.87,339.94,339.82,339.85,9986.0
12:52,339.9,339.97,339.82,339.9,3110.0
12:53,339.9,339.9,339.84,339.84,2685.0
12:54,339.91,339.92,339.84,339.89,10917.0
12:55,339.88,339.95,339.84,339.92,5994.0
12:56,339.89,340.0,339.89,339.9,5134.0
12:57,339.8,339.91,339.79,339.89,9738.0
12:58,339.77,339.79,339.77,339.79,1118.0
12:59,339.6,339.77,339.6,339.77,7349.0
13:00,339.59,339.67,339.55,339.67,3623.0
13:01,339.7,339.71,339.58,339.65,4531.0
13:02,339.71,339.76,339.6,339.6,1951.0
13:03,339.86,339.88,339.72,339.77,5910.0
13:04,339.7,339.85,339.7,339.85,5540.0
13:05,339.85,339.85,339.71,339.71,3684.0
13:06,339.76,339.85,339.62,339.72,7122.0
13:07,339.67,339.76,339.53,339.76,7544.0
13:08,339.56,339.62,339.54,339.54,1776.0
13:09,339.5,339.63,339.49,339.63,5207.0
13:10,339.62,339.66,339.5,339.5,3655.0
13:11,339.71,339.8,339.54,339.54,9310.0
13:12,339.71,339.75,339.68,339.74,4286.0
13:13,339.6,339.75,339.6,339.71,5728.0
13:14,339.53,339.58,339.5,339.58,3479.0
13:15,339.47,339.53,339.47,339.53,1293.0
13:16,339.53,339.53,339.53,339.53,1602.0
13:17,339.41,339.53,339.39,339.53,7142.0
13:18,339.39,339.43,339.3,339.41,6534.0
13:19,339.31,339.4,339.29,339.39,4245.0
13:20,339.36,339.38,339.3,339.35,1760.0
13:21,339.31,339.34,339.24,339.29,9439.0
13:22,339.36,339.38,339.28,339.28,2046.0
13:23,339.44,339.48,339.31,339.36,3272.0
13:24,339.31,339.52,339.29,339.33,5930.0
13:25,339.23,339.27,339.23,339.27,885.0
13:26,339.16,339.23,339.11,339.23,10117.0
13:27,339.25,339.3,339.16,339.16,4694.0
13:28,339.25,339.25,339.13,339.13,2874.0
13:29,339.25,339.25,339.15,339.15,1877.0
13:30,339.26,339.4,339.1,339.1,3570.0
13:31,339.14,339.32,339.14,339.32,5080.0
13:32,339.1,339.21,339.09,339.14,5705.0
13:33,339.03,339.16,339.02,339.16,4034.0
13:34,339.11,339.13,339.02,339.03,7615.0
13:35,339.04,339.12,339.03,339.12,3642.0
13:36,339.17,339.19,339.04,339.04,7602.0
13:37,339.14,339.18,339.08,339.18,3675.0
13:38,339.17,339.23,339.15,339.15,6215.0
13:39,339.17,339.19,339.15,339.17,6430.0
13:40,339.4,339.4,339.17,339.25,8182.0
13:41,339.43,339.46,339.37,339.42,4004.0
13:42,339.49,339.55,339.43,339.47,3477.0
13:43,339.49,339.52,339.46,339.52,2068.0
13:44,339.55,339.6,339.47,339.53,10306.0
13:45,339.52,339.56,339.46,339.48,8962.0
13:46,339.38,339.48,339.29,339.47,7056.0
13:47,339.34,339.45,339.33,339.38,4335.0
13:48,339.38,339.38,339.29,339.38,2113.0
13:49,339.27,339.38,339.27,339.29,8215.0
13:50,339.32,339.34,339.26,339.31,5823.0
13:51,339.31,339.32,339.26,339.29,6379.0
13:52,339.25,339.31,339.24,339.31,2941.0
13:53,339.15,339.26,339.14,339.25,11603.0
13:54,339.08,339.12,339.01,339.12,12019.0
13:55,339.21,339.21,339.04,339.08,5503.0
13:56,339.15,339.26,339.04,339.17,5196.0
13:57,339.06,339.14,339.04,339.11,2281.0
13:58,339.32,339.38,339.05,339.07,19824.0
13:59,339.28,339.38,339.22,339.34,9160.0
14:00,339.18,339.36,339.12,339.26,5995.0
14:01,339.28,339.29,339.23,339.23,4516.0
14:02,339.32,339.32,339.23,339.23,1553.0
14:03,339.38,339.38,339.23,339.3,19119.0
14:04,339.39,339.44,339.31,339.38,5629.0
14:05,339.37,339.42,339.34,339.35,3667.0
14:06,339.36,339.37,339.33,339.37,2631.0
14:07,339.45,339.45,339.32,339.35,7708.0
14:08,339.3,339.45,339.29,339.45,14753.0
14:09,339.36,339.4,339.29,339.3,13412.0
14:10,339.29,339.39,339.29,339.32,6003.0
14:11,339.38,339.4,339.32,339.32,6672.0
14:12,339.33,339.36,339.29,339.36,6882.0
14:13,339.36,339.43,339.29,339.33,9645.0
14:14,339.38,339.45,339.29,339.37,5296.0
14:15,339.37,339.37,339.29,339.37,2498.0
14:16,339.4,339.4,339.29,339.3,5805.0
14:17,339.39,339.4,339.29,339.29,4010.0
14:18,339.24,339.4,339.2,339.4,11762.0
14:19,339.18,339.28,339.18,339.2,6666.0
14:20,339.06,339.19,339.05,339.19,2980.0
14:21,338.83,339.08,338.8,339.08,14460.0
14:22,338.96,338.98,338.83,338.83,5998.0
14:23,339.07,339.16,339.01,339.01,5741.0
14:24,339.11,339.15,339.03,339.11,5331.0
14:25,339.14,339.19,339.08,339.11,4606.0
14:26,339.21,339.22,339.13,339.15,7479.0
14:27,339.08,339.27,339.08,339.23,14464.0
14:28,339.03,339.14,339.03,339.14,3541.0
14:29,339.02,339.08,338.97,339.03,4225.0
14:30,338.88,339.15,338.88,339.15,4684.0
14:31,338.95,338.95,338.9,338.94,2382.0
14:32,339.12,339.15,338.95,338.95,16098.0
14:33,339.08,339.14,339.03,339.14,7451.0
14:34,339.03,339.08,339.0,339.08,4485.0
14:35,338.93,339.03,338.93,339.03,3181.0
14:36,338.92,338.97,338.9,338.91,5043.0
14:37,339.02,339.09,338.87,338.95,9470.0
14:38,339.02,339.02,338.98,338.98,2338.0
14:39,339.08,339.1,338.97,339.02,3984.0
14:40,339.24,339.24,339.08,339.12,7027.0
14:41,339.17,339.19,339.16,339.19,6647.0
14:42,339.29,339.29,339.19,339.25,1853.0
14:43,339.16,339.32,339.16,339.29,7781.0
14:44,339.11,339.3,339.11,339.16,7259.0
14:45,338.92,339.09,338.89,339.09,6402.0
14:46,338.82,338.98,338.79,338.88,5439.0
14:47,338.9,338.93,338.78,338.85,3995.0
14:48,339.01,339.06,338.9,338.92,37740.0
14:49,338.98,339.0,338.91,339.0,3267.0
14:50,339.23,339.23,338.98,338.98,12946.0
14:51,339.27,339.36,339.19,339.21,29462.0
14:52,339.3,339.31,339.23,339.23,6310.0
14:53,339.18,339.29,339.16,339.27,9378.0
14:54,339.03,339.22,339.03,339.22,3542.0
14:55,338.99,339.11,338.96,339.11,4133.0
14:56,339.13,339.13,339.04,339.05,3606.0
14:57,339.43,339.45,339.13,339.13,7378.0
14:58,339.46,339.5,339.41,339.43,5203.0
14:59,339.55,339.55,339.45,339.45,4896.0
15:00,339.49,339.59,339.46,339.56,3206.0
15:01,339.77,339.77,339.54,339.58,11812.0
15:02,339.62,339.7,339.59,339.7,7470.0
15:03,339.17,339.59,339.16,339.59,18619.0
15:04,338.98,339.26,338.92,339.21,12367.0
15:05,338.99,339.08,338.96,338.98,7289.0
15:06,339.15,339.15,338.99,338.99,4263.0
15:07,339.12,339.22,339.12,339.15,2680.0
15:08,339.17,339.17,339.12,339.17,5143.0
15:09,339.08,339.16,339.03,339.11,20849.0
15:10,339.08,339.08,339.03,339.03,4443.0
15:11,339.07,339.08,338.98,339.03,19931.0
15:12,339.1,339.12,339.07,339.1,5149.0
15:13,339.04,339.1,339.0,339.07,19800.0
15:14,338.78,339.03,338.72,339.03,13164.0
15:15,338.7,338.8,338.66,338.8,7423.0
15:16,338.65,338.73,338.65,338.73,10041.0
15:17,338.65,338.65,338.49,338.65,14068.0
15:18,338.64,338.77,338.64,338.7,7512.0
15:19,338.78,338.85,338.65,338.65,7467.0
15:20,338.83,338.83,338.76,338.78,4504.0
15:21,338.77,338.88,338.77,338.79,11471.0
15:22,338.78,338.84,338.75,338.8,11303.0
15:23,338.62,338.8,338.58,338.78,18664.0
15:24,338.61,338.65,338.53,338.62,15820.0
15:25,338.55,338.66,338.51,338.66,7440.0
15:26,338.64,338.71,338.55,338.55,27935.0
15:27,338.78,338.87,338.58,338.61,17567.0
15:28,338.88,338.89,338.78,338.83,15254.0
15:29,338.89,338.94,338.83,338.85,8568.0
15:30,338.91,338.91,338.82,338.88,5617.0
15:31,338.84,338.92,338.8,338.86,9646.0
15:32,338.94,339.08,338.83,338.84,26050.0
15:33,338.73,338.98,338.72,338.98,17790.0
15:34,338.77,338.77,338.63,338.63,4574.0
15:35,338.7,338.85,338.67,338.77,10399.0
15:36,338.44,338.67,338.43,338.66,12861.0
15:37,338.47,338.5,338.4,338.44,6128.0
15:38,338.65,338.69,338.4,338.5,9678.0
15:39,338.49,338.6,338.46,338.6,9626.0
15:40,338.59,338.59,338.42,338.48,10533.0
15:41,338.84,338.84,338.61,338.64,8510.0
15:42,338.86,338.9,338.77,338.87,13774.0
15:43,338.77,338.89,338.74,338.86,6232.0
15:44,338.75,338.93,338.75,338.8,9602.0
15:45,338.71,338.88,338.71,338.82,9280.0
15:46,338.83,338.83,338.71,338.74,22292.0
15:47,338.8,338.87,338.76,338.83,10313.0
15:48,338.82,338.9,338.8,338.83,12764.0
15:49,338.84,338.93,338.82,338.85,12612.0
15:50,338.63,339.02,338.52,338.84,34350.0
15:51,338.48,338.62,338.39,338.62,12567.0
15:52,338.74,338.76,338.5,338.5,11326.0
15:53,338.7,338.9,338.7,338.78,13045.0
15:54,338.62,338.81,338.59,338.81,18293.0
15:55,338.9,338.94,338.4,338.62,64414.0
15:56,338.89,338.93,338.83,338.84,50871.0
15:57,338.83,339.12,338.82,338.9,58546.0
15:58,338.97,338.98,338.74,338.83,66095.0
15:59,339.06,339.13,338.87,338.95,123319.0
