Time,Close,High,Low,Open,Volume
09:30,346.68,346.9,345.7,346.2,85676.0
09:31,346.42,346.73,346.15,346.73,14321.0
09:32,346.02,346.41,346.01,346.17,9420.0
09:33,346.14,346.25,345.67,346.02,16054.0
09:34,346.37,346.37,346.37,346.37,1335.0
09:35,346.66,346.66,346.3,346.35,3927.0
09:36,346.76,346.96,346.55,346.81,9525.0
09:37,346.76,346.88,346.5,346.61,9136.0
09:38,346.09,346.77,346.09,346.77,6740.0
09:39,345.81,346.42,345.73,346.42,5750.0
09:40,345.83,345.86,345.69,345.86,6472.0
09:41,346.35,346.37,345.66,345.66,6911.0
09:42,346.13,346.32,346.06,346.32,1972.0
09:43,345.86,346.09,345.74,345.95,3639.0
09:44,345.64,345.74,345.37,345.72,6219.0
09:45,345.8,346.08,345.46,345.8,6563.0
09:46,345.82,346.01,345.78,345.9,4626.0
09:47,345.74,345.98,345.51,345.73,8916.0
09:48,345.66,346.0,345.66,345.88,7067.0
09:49,345.87,345.91,345.62,345.62,3521.0
09:50,345.89,346.1,345.85,345.89,10238.0
09:51,346.02,346.02,345.68,345.77,7438.0
09:52,346.02,346.54,345.88,346.15,10485.0
09:53,345.45,346.04,345.32,346.02,6322.0
09:54,345.45,345.45,345.35,345.35,1079.0
09:55,345.53,345.67,345.45,345.45,5168.0
09:56,345.39,345.65,345.18,345.65,9246.0
09:57,345.28,345.42,345.15,345.26,2781.0
09:58,344.7,345.38,344.61,345.22,10254.0
09:59,345.36,345.36,344.61,344.74,14476.0
10:00,345.41,345.71,345.09,345.09,8451.0
10:01,346.02,346.02,345.55,345.56,7337.0
10:02,345.88,345.88,345.83,345.85,3676.0
10:03,345.58,345.78,345.44,345.78,16801.0
10:04,345.68,345.97,345.54,345.54,9920.0
10:05,345.43,345.68,345.43,345.48,4289.0
10:06,345.24,345.75,345.12,345.59,5034.0
10:07,345.36,345.36,345.13,345.24,4815.0
10:08,345.05,345.3,345.05,345.3,2821.0
10:09,344.86,344.99,344.76,344.99,5004.0
10:10,344.61,345.02,344.61,344.98,5981.0
10:11,344.96,344.98,344.64,344.65,13837.0
10:12,345.5,345.5,344.95,344.96,8869.0
10:13,345.32,345.44,345.29,345.39,5980.0
10:14,345.16,345.35,344.95,345.35,6383.0
10:15,345.21,345.23,344.95,345.21,6387.0
10:16,345.1,345.23,345.02,345.23,3153.0
10:17,345.08,345.25,344.94,345.05,6274.0
10:18,344.9,345.23,344.84,345.2,10567.0
10:19,344.48,344.9,344.46,344.85,20281.0
10:20,344.47,344.96,344.47,344.47,17283.0
10:21,344.77,344.77,344.46,344.47,4308.0
10:22,345.2,345.41,344.72,344.77,9599.0
10:23,345.22,345.22,345.15,345.16,3500.0
10:24,345.16,345.3,345.11,345.3,5549.0
10:25,345.1,345.43,345.1,345.18,10694.0
10:26,345.29,345.43,345.15,345.15,5630.0
10:27,345.18,345.38,345.15,345.22,4394.0
10:28,345.13,345.23,345.05,345.17,7303.0
10:29,345.1,345.12,345.05,345.09,4283.0
10:30,345.13,345.27,345.02,345.06,10124.0
10:31,344.96,345.05,344.96,345.01,3935.0
10:32,344.93,345.01,344.75,344.99,6215.0
10:33,344.77,344.89,344.61,344.86,16378.0
10:34,345.04,345.1,344.73,344.78,9429.0
10:35,345.23,345.29,345.11,345.13,9824.0
10:36,345.48,345.49,345.26,345.26,9975.0
10:37,345.47,345.53,345.36,345.38,6083.0
10:38,345.81,345.82,345.56,345.56,7205.0
10:39,345.78,345.9,345.77,345.89,3156.0
10:40,345.74,345.84,345.68,345.78,5517.0
10:41,345.95,345.95,345.78,345.8,3878.0
10:42,346.04,346.14,345.95,345.95,6614.0
10:43,345.95,346.0,345.9,345.94,7520.0
10:44,346.08,346.19,345.98,345.98,5988.0
10:45,345.67,346.1,345.67,346.1,5739.0
10:46,345.92,345.92,345.85,345.89,2449.0
10:47,345.98,346.08,345.79,345.91,2259.0
10:48,345.95,346.09,345.94,346.03,3251.0
10:49,345.68,345.95,345.68,345.84,4557.0
10:50,345.71,345.74,345.71,345.71,699.0
10:51,345.81,345.81,345.64,345.71,7068.0
10:52,345.6,345.7,345.58,345.7,9739.0
10:53,345.81,345.81,345.46,345.47,3976.0
10:54,345.45,345.81,345.45,345.81,7514.0
10:55,344.89,345.47,344.89,345.44,11084.0
10:56,344.88,345.05,344.86,344.89,5347.0
10:57,344.91,344.99,344.79,344.86,7021.0
10:58,344.89,345.08,344.82,344.82,6353.0
10:59,345.08,345.21,344.95,345.08,5992.0
11:00,345.16,345.22,345.01,345.07,4434.0
11:01,345.01,345.35,345.01,345.35,6013.0
11:02,345.09,345.09,344.93,345.01,4509.0
11:03,345.18,345.23,344.93,344.93,4205.0
11:04,345.28,345.38,345.13,345.22,12693.0
11:05,345.09,345.34,345.06,345.31,10334.0
11:06,345.22,345.22,345.05,345.08,3587.0
11:07,345.3,345.3,345.25,345.3,1841.0
11:08,345.08,345.24,345.07,345.22,3895.0
11:09,345.31,345.35,345.11,345.19,10157.0
11:10,345.15,345.31,345.13,345.21,8183.0
11:11,345.21,345.3,345.13,345.13,4014.0
11:12,345.07,345.14,344.85,345.13,5448.0
11:13,345.09,345.21,345.0,345.18,2717.0
11:14,345.06,345.18,345.0,345.11,4642.0
11:15,345.15,345.34,345.06,345.12,11182.0
11:16,345.14,345.28,345.12,345.27,5903.0
11:17,345.15,345.37,345.12,345.12,4447.0
11:18,345.17,345.18,344.99,345.11,5623.0
11:19,345.1,345.13,344.98,345.13,4697.0
11:20,344.87,344.95,344.82,344.95,3688.0
11:21,344.89,344.91,344.78,344.78,2582.0
11:22,344.83,344.89,344.77,344.77,3245.0
11:23,344.87,344.87,344.77,344.77,3886.0
11:24,344.94,345.03,344.9,344.9,5915.0
11:25,344.99,345.15,344.99,345.08,2402.0
11:26,345.06,345.21,345.01,345.21,4683.0
11:27,345.03,345.03,344.97,344.97,1872.0
11:28,345.35,345.35,345.0,345.0,6091.0
11:29,345.3,345.45,345.3,345.45,1343.0
11:30,345.33,345.41,345.33,345.4,1637.0
11:31,345.27,345.38,345.19,345.38,9644.0
11:32,345.29,345.38,345.25,345.27,2725.0
11:33,345.46,345.46,345.38,345.38,3732.0
11:34,345.39,345.51,345.39,345.51,2650.0
11:35,345.42,345.42,345.42,345.42,372.0
11:36,344.87,345.38,344.87,345.38,6580.0
11:37,344.74,344.92,344.74,344.89,8408.0
11:38,344.84,344.95,344.84,344.93,3150.0
11:39,344.93,344.95,344.84,344.89,1726.0
11:40,345.14,345.14,344.85,344.85,13931.0
11:41,345.22,345.22,345.11,345.14,4246.0
11:42,345.17,345.31,345.11,345.24,9148.0
11:43,345.13,345.34,345.13,345.32,9449.0
11:44,345.07,345.16,344.93,345.03,5448.0
11:45,345.2,345.21,345.2,345.21,3098.0
11:46,345.4,345.41,345.24,345.24,2367.0
11:47,345.35,345.59,345.34,345.47,6711.0
11:48,345.48,345.48,345.42,345.42,3809.0
11:49,345.49,345.6,345.46,345.6,4006.0
11:50,345.47,345.57,345.47,345.57,3214.0
11:51,345.41,345.49,345.35,345.48,5529.0
11:52,345.43,345.53,345.43,345.52,2703.0
11:53,345.48,345.58,345.42,345.54,5713.0
11:54,345.42,345.54,345.42,345.54,896.0
11:55,345.46,345.54,345.41,345.52,6329.0
11:56,345.56,345.6,345.41,345.5,8997.0
11:57,345.5,345.66,345.5,345.63,4244.0
11:58,345.52,345.52,345.52,345.52,1076.0
11:59,345.43,345.64,345.43,345.61,2648.0
12:00,345.43,345.51,345.3,345.51,7448.0
12:01,345.44,345.44,345.43,345.43,855.0
12:02,345.38,345.44,345.37,345.44,1884.0
12:03,345.36,345.48,345.36,345.38,12306.0
12:04,345.41,345.41,345.35,345.35,1799.0
12:05,345.36,345.41,345.31,345.31,2013.0
12:06,345.56,345.56,345.41,345.41,3439.0
12:07,345.7,345.74,345.62,345.62,2826.0
12:08,345.85,345.85,345.5,345.67,1517.0
12:09,345.67,345.67,345.67,345.67,1598.0
12:10,345.65,345.74,345.61,345.64,4523.0
12:11,345.65,345.66,345.65,345.66,1779.0
12:12,345.68,345.69,345.62,345.67,2570.0
12:13,345.79,345.79,345.69,345.69,2341.0
12:14,345.74,345.76,345.62,345.73,5936.0
12:15,345.66,345.84,345.66,345.79,1296.0
12:16,345.72,345.78,345.69,345.78,3430.0
12:17,345.73,345.74,345.64,345.72,5974.0
12:18,345.62,345.74,345.62,345.73,5051.0
12:19,345.68,345.68,345.58,345.63,4179.0
12:20,345.61,345.64,345.52,345.64,5250.0
12:21,345.6,345.61,345.6,345.61,1758.0
12:22,345.6,345.6,345.52,345.52,3187.0
12:23,345.42,345.68,345.37,345.68,7403.0
12:24,345.43,345.44,345.3,345.44,2668.0
12:25,345.44,345.47,345.41,345.41,3051.0
12:26,345.43,345.43,345.43,345.43,1775.0
12:27,345.39,345.46,345.32,345.45,8728.0
12:28,345.49,345.53,345.31,345.38,4710.0
12:29,345.49,345.49,345.48,345.49,1758.0
12:30,345.57,345.57,345.48,345.48,3005.0
12:31,345.65,345.65,345.52,345.56,4954.0
12:32,345.52,345.67,345.52,345.57,2251.0
12:33,345.55,345.61,345.53,345.61,6948.0
12:34,345.66,345.7,345.53,345.53,7511.0
12:35,345.58,345.67,345.57,345.65,8195.0
12:36,345.71,345.71,345.65,345.65,1748.0
12:37,345.92,345.92,345.65,345.69,9064.0
12:38,345.9,346.09,345.88,345.93,8866.0
12:39,345.99,346.06,345.87,345.96,11978.0
12:40,345.89,345.89,345.89,345.89,998.0
12:41,345.89,345.89,345.89,345.89,971.0
12:42,345.79,345.92,345.79,345.84,1660.0
12:43,345.92,345.92,345.9,345.9,2662.0
12:44,346.01,346.01,345.95,345.96,1459.0
12:45,345.96,345.96,345.94,345.94,1495.0
12:46,346.3,346.33,346.04,346.04,4563.0
12:47,346.04,346.2,346.04,346.2,6273.0
12:48,346.07,346.19,345.88,346.15,8963.0
12:49,345.91,346.08,345.91,346.08,9849.0
12:50,345.86,345.98,345.68,345.98,4135.0
12:51,345.73,345.86,345.73,345.81,3158.0
12:52,345.61,345.83,345.59,345.76,4224.0
12:53,345.59,345.75,345.45,345.59,6003.0
12:54,345.56,345.64,345.53,345.64,2540.0
12:55,345.47,345.56,345.47,345.53,2509.0
12:56,345.43,345.6,345.43,345.56,3169.0
12:57,345.31,345.46,345.3,345.46,2928.0
12:58,345.39,345.45,345.3,345.3,4801.0
12:59,345.39,345.44,345.36,345.44,3425.0
13:00,345.51,345.56,345.48,345.49,3140.0
13:01,345.39,345.41,345.39,345.4,1927.0
13:02,345.31,345.34,345.31,345.33,1073.0
13:03,345.3,345.38,345.3,345.32,2936.0
13:04,345.3,345.31,345.3,345.3,3777.0
13:05,345.31,345.31,345.16,345.16,4000.0
13:06,345.06,345.29,345.03,345.29,4348.0
13:07,344.99,345.11,344.99,345.01,4648.0
13:08,344.78,345.03,344.78,344.94,10007.0
13:09,344.75,344.97,344.75,344.79,2669.0
13:10,345.17,345.19,344.81,344.89,4817.0
13:11,345.18,345.22,345.15,345.22,2198.0
13:12,345.31,345.49,345.23,345.26,2152.0
13:13,345.28,345.28,345.22,345.28,3887.0
13:14,345.13,345.13,345.13,345.13,483.0
13:15,345.23,345.37,345.09,345.37,2919.0
13:16,345.2,345.23,345.17,345.23,3220.0
13:17,345.15,345.26,345.15,345.26,5083.0
13:18,345.11,345.21,345.08,345.2,3916.0
13:19,344.93,345.15,344.93,345.08,3977.0
13:20,345.03,345.14,344.93,344.93,8359.0
13:21,345.02,345.03,345.02,345.03,1520.0
13:22,344.94,345.06,344.94,345.03,1199.0
13:23,345.11,345.12,345.09,345.12,2726.0
13:24,345.2,345.31,345.16,345.17,4402.0
13:25,345.23,345.29,345.19,345.29,2268.0
13:26,345.2,345.23,345.19,345.19,2038.0
13:27,345.19,345.27,345.19,345.21,1354.0
13:28,345.48,345.56,345.2,345.2,7972.0
13:29,345.38,345.48,345.37,345.48,3115.0
13:30,345.49,345.49,345.37,345.47,2152.0
13:31,345.39,345.48,345.38,345.38,2749.0
13:32,345.55,345.56,345.45,345.45,4308.0
13:33,345.43,345.69,345.43,345.54,7291.0
13:34,345.62,345.62,345.46,345.58,4287.0
13:35,345.6,345.61,345.56,345.57,1199.0
13:36,345.81,345.84,345.6,345.6,7036.0
13:37,345.95,345.95,345.82,345.83,3568.0
13:38,346.16,346.17,345.86,345.86,20020.0
13:39,346.13,346.14,345.98,346.06,10944.0
13:40,346.14,346.24,346.03,346.21,6766.0
13:41,346.07,346.16,346.07,346.15,2047.0
13:42,346.08,346.25,346.06,346.16,6567.0
13:43,346.02,346.02,346.02,346.02,844.0
13:44,345.87,345.96,345.6,345.96,14337.0
13:45,345.88,345.91,345.74,345.82,15739.0
13:46,345.83,345.88,345.76,345.88,1001.0
13:47,345.6,345.71,345.59,345.71,3291.0
13:48,345.92,345.92,345.65,345.65,4396.0
13:49,345.92,345.92,345.91,345.91,2381.0
13:50,345.88,345.92,345.87,345.92,4188.0
13:51,345.85,345.92,345.82,345.92,5995.0
13:52,345.99,346.0,345.92,345.92,2097.0
13:53,345.91,346.0,345.84,345.84,2966.0
13:54,346.08,346.08,345.89,345.89,3581.0
13:55,346.09,346.09,346.06,346.07,2269.0
13:56,346.18,346.18,346.1,346.1,2998.0
13:57,346.25,346.25,346.22,346.23,3176.0
13:58,346.37,346.37,346.3,346.3,2858.0
13:59,346.37,346.43,346.35,346.43,2700.0
14:00,346.36,346.38,346.26,346.33,2008.0
14:01,346.27,346.36,346.18,346.29,10736.0
14:02,346.32,346.36,346.2,346.29,6267.0
14:03,346.37,346.37,346.21,346.29,1798.0
14:04,346.33,346.33,346.31,346.31,792.0
14:05,346.26,346.33,346.22,346.33,4458.0
14:06,346.29,346.33,346.22,346.22,3712.0
14:07,346.33,346.43,346.27,346.27,2474.0
14:08,346.41,346.41,346.29,346.33,2300.0
14:09,346.33,346.39,346.25,346.38,7239.0
14:10,346.26,346.33,346.26,346.33,2247.0
14:11,346.37,346.37,346.31,346.32,1960.0
14:12,346.32,346.32,346.32,346.32,1354.0
14:13,346.43,346.44,346.38,346.38,2789.0
14:14,346.54,346.55,346.4,346.47,8690.0
14:15,346.4,346.57,346.36,346.55,10803.0
14:16,346.52,346.63,346.31,346.31,1413.0
14:17,346.5,346.54,346.5,346.54,1781.0
14:18,346.47,346.48,346.36,346.36,3003.0
14:19,346.5,346.5,346.42,346.42,3482.0
14:20,346.45,346.45,346.39,346.39,1137.0
14:21,346.49,346.49,346.41,346.41,940.0
14:22,346.49,346.49,346.43,346.46,1555.0
14:23,346.43,346.6,346.38,346.43,3602.0
14:24,346.4,346.4,346.4,346.4,1275.0
14:25,346.52,346.52,346.47,346.52,1637.0
14:26,346.62,346.62,346.51,346.54,4641.0
14:27,346.68,346.68,346.63,346.63,6377.0
14:28,346.6,346.68,346.57,346.68,8906.0
14:29,346.63,346.63,346.62,346.62,721.0
14:30,346.48,346.59,346.46,346.57,6440.0
14:31,346.56,346.56,346.41,346.48,3108.0
14:32,346.59,346.66,346.51,346.51,2347.0
14:33,346.56,346.67,346.51,346.66,4603.0
14:34,346.56,346.67,346.56,346.67,5495.0
14:35,346.7,346.7,346.54,346.54,2165.0
14:36,346.68,346.71,346.56,346.56,5755.0
14:37,346.68,346.68,346.63,346.63,3234.0
14:38,346.65,346.65,346.58,346.59,3662.0
14:39,346.64,346.65,346.56,346.61,3265.0
14:40,346.64,346.64,346.64,346.64,814.0
14:41,346.7,346.71,346.64,346.64,3180.0
14:42,346.73,346.8,346.73,346.73,4038.0
14:43,346.72,346.75,346.7,346.7,2222.0
14:44,346.71,346.79,346.71,346.72,3502.0
14:45,346.71,346.78,346.71,346.77,3318.0
14:46,346.74,346.75,346.65,346.71,2903.0
14:47,346.72,346.74,346.72,346.74,1769.0
14:48,346.66,346.72,346.64,346.64,1995.0
14:49,346.69,346.75,346.69,346.73,2087.0
14:50,346.72,346.72,346.66,346.67,2998.0
14:51,346.64,346.77,346.64,346.67,3646.0
14:52,346.6,346.7,346.57,346.7,4410.0
14:53,346.54,346.63,346.54,346.63,5336.0
14:54,346.52,346.56,346.4,346.53,7028.0
14:55,346.52,346.63,346.5,346.5,2412.0
14:56,346.23,346.55,346.22,346.54,13372.0
14:57,346.26,346.28,346.19,346.28,4462.0
14:58,346.46,346.46,346.19,346.26,5362.0
14:59,346.47,346.47,346.42,346.44,4780.0
15:00,346.47,346.57,346.41,346.56,3428.0
15:01,346.38,346.38,346.38,346.38,556.0
15:02,346.45,346.48,346.45,346.46,1975.0
15:03,346.36,346.47,346.36,346.47,3437.0
15:04,346.48,346.48,346.48,346.48,1237.0
15:05,346.7,346.83,346.38,346.46,9846.0
15:06,346.84,346.95,346.7,346.7,11389.0
15:07,346.86,346.97,346.84,346.84,4402.0
15:08,346.74,346.86,346.74,346.86,2593.0
15:09,346.66,346.77,346.66,346.72,5793.0
15:10,346.74,346.82,346.72,346.72,3115.0
15:11,346.9,346.9,346.73,346.73,3557.0
15:12,346.98,346.98,346.94,346.94,1290.0
15:13,347.02,347.04,346.93,346.95,4326.0
15:14,347.03,347.07,347.0,347.05,5052.0
15:15,346.88,347.02,346.83,347.02,8974.0
15:16,346.9,346.95,346.89,346.9,3018.0
15:17,346.95,346.96,346.89,346.96,3222.0
15:18,346.9,346.9,346.9,346.9,794.0
15:19,346.92,346.92,346.87,346.92,4420.0
15:20,346.88,347.03,346.88,346.97,6069.0
15:21,346.95,346.96,346.85,346.96,4899.0
15:22,347.15,347.15,347.07,347.07,1515.0
15:23,346.92,347.09,346.87,347.05,7072.0
15:24,346.91,346.94,346.85,346.92,3441.0
15:25,346.91,346.94,346.91,346.91,1854.0
15:26,346.77,346.94,346.76,346.94,6738.0
15:27,346.69,346.81,346.68,346.75,4797.0
15:28,346.81,346.86,346.69,346.69,7110.0
15:29,346.8,346.81,346.76,346.81,3544.0
15:30,346.73,346.73,346.68,346.72,6144.0
15:31,346.82,346.9,346.74,346.79,7214.0
15:32,346.82,346.86,346.77,346.77,3242.0
15:33,346.82,346.82,346.76,346.82,4121.0
15:34,346.74,346.82,346.63,346.82,14090.0
15:35,346.65,346.75,346.64,346.64,5486.0
15:36,346.55,346.68,346.53,346.63,6850.0
15:37,346.52,346.61,346.4,346.54,12656.0
15:38,346.6,346.61,346.47,346.47,4608.0
15:39,346.65,346.73,346.55,346.6,6366.0
15:40,346.58,346.67,346.58,346.67,2089.0
15:41,346.48,346.65,346.48,346.61,12407.0
15:42,346.55,346.63,346.55,346.55,6044.0
15:43,346.55,346.6,346.51,346.6,4538.0
15:44,346.57,346.57,346.52,346.56,3774.0
15:45,346.61,346.67,346.57,346.57,7838.0
15:46,346.39,346.64,346.39,346.6,17523.0
15:47,346.27,346.45,346.27,346.39,13533.0
15:48,346.27,346.32,346.17,346.29,8928.0
15:49,346.23,346.29,346.16,346.29,8001.0
15:50,346.03,346.18,345.89,346.16,21763.0
15:51,346.09,346.27,346.05,346.1,17991.0
15:52,346.01,346.18,345.99,346.17,8010.0
15:53,346.23,346.28,345.96,346.02,16094.0
15:54,346.15,346.35,346.1,346.22,24421.0
15:55,345.78,346.24,345.59,346.1,24289.0
15:56,346.07,346.16,345.83,345.83,24995.0
15:57,346.06,346.08,345.83,346.04,45830.0
15:58,345.77,346.06,345.71,346.04,75259.0
15:59,345.98,346.09,345.72,345.8,110219.0
