Time,Close,High,Low,Open,Volume
09:30,344.21,344.25,341.79,342.22,137158.0
09:31,343.3,344.68,343.19,344.21,23126.0
09:32,344.0,344.16,343.24,343.3,17214.0
09:33,344.74,345.31,343.44,343.67,40252.0
09:34,345.24,345.67,344.37,344.6,44185.0
09:35,346.93,346.95,345.32,345.64,36481.0
09:36,348.21,348.61,346.98,346.98,36734.0
09:37,347.52,348.35,347.31,348.21,37356.0
09:38,347.77,348.15,347.47,347.52,16413.0
09:39,348.88,349.05,347.5,347.51,32651.0
09:40,348.16,348.97,347.82,348.97,32888.0
09:41,347.53,348.26,347.3,348.26,24223.0
09:42,347.72,348.4,347.5,347.61,36973.0
09:43,348.22,348.26,347.44,347.58,25470.0
09:44,347.47,348.5,347.3,348.34,42411.0
09:45,347.26,347.8,346.98,347.6,19889.0
09:46,347.44,347.51,347.18,347.32,14130.0
09:47,347.12,347.32,346.65,347.3,19938.0
09:48,346.41,347.07,346.26,346.97,13983.0
09:49,346.15,346.74,346.02,346.4,30377.0
09:50,346.42,346.57,346.0,346.17,29547.0
09:51,346.56,346.79,346.26,346.49,23731.0
09:52,346.73,347.4,346.44,346.44,30199.0
09:53,347.3,347.3,346.68,346.68,3627.0
09:54,347.19,347.89,347.19,347.32,35302.0
09:55,346.79,347.18,346.56,347.18,13617.0
09:56,346.16,347.18,346.11,347.0,16356.0
09:57,345.65,346.4,345.46,346.31,13299.0
09:58,345.83,345.92,345.55,345.9,7084.0
09:59,345.92,346.6,345.82,345.82,15463.0
10:00,346.52,346.66,345.74,345.81,11248.0
10:01,347.22,347.38,346.77,346.77,12943.0
10:02,346.26,347.28,346.12,347.27,18376.0
10:03,346.8,346.9,345.96,345.96,13319.0
10:04,347.15,347.15,346.8,346.8,7486.0
10:05,347.43,347.53,347.06,347.18,10241.0
10:06,347.42,347.42,346.84,347.19,21462.0
10:07,347.05,347.39,346.79,347.37,6487.0
10:08,346.69,347.39,346.55,347.02,12630.0
10:09,346.6,346.85,346.45,346.69,11196.0
10:10,346.58,346.92,346.33,346.56,8122.0
10:11,346.84,347.35,346.69,346.7,29237.0
10:12,346.8,347.3,346.75,347.02,13203.0
10:13,346.85,347.18,346.7,346.9,16005.0
10:14,346.17,346.85,346.07,346.85,15220.0
10:15,345.96,346.28,345.82,346.18,12740.0
10:16,346.92,347.1,345.85,345.85,11966.0
10:17,346.74,347.02,346.72,346.89,5779.0
10:18,346.95,347.04,346.73,346.88,17643.0
10:19,346.78,346.93,346.32,346.79,37533.0
10:20,347.46,347.65,346.52,346.71,23066.0
10:21,347.32,347.59,347.32,347.48,11089.0
10:22,348.09,348.15,347.36,347.36,15899.0
10:23,348.08,348.14,347.81,348.02,6803.0
10:24,347.77,348.08,347.63,347.97,43786.0
10:25,347.91,348.1,347.76,347.91,41335.0
10:26,348.12,348.24,347.72,347.91,42281.0
10:27,348.03,348.24,347.92,348.24,13286.0
10:28,348.27,348.33,347.92,348.08,35834.0
10:29,348.38,348.39,348.05,348.33,12934.0
10:30,348.41,348.5,348.12,348.2,12982.0
10:31,348.32,348.44,348.21,348.41,7977.0
10:32,348.38,348.55,348.27,348.44,13923.0
10:33,347.82,348.46,347.72,348.46,13258.0
10:34,347.55,347.92,347.33,347.92,11533.0
10:35,347.35,347.64,347.2,347.64,13595.0
10:36,347.46,347.56,347.36,347.45,5921.0
10:37,347.86,347.99,347.4,347.64,12741.0
10:38,348.19,348.19,347.84,347.97,6006.0
10:39,348.26,348.39,348.2,348.2,9586.0
10:40,347.99,348.27,347.94,348.01,12143.0
10:41,347.76,348.26,347.75,347.98,10082.0
10:42,347.96,348.09,347.88,347.88,1825.0
10:43,348.28,348.42,347.93,347.93,22494.0
10:44,347.88,348.32,347.88,348.28,7981.0
10:45,348.01,348.03,347.79,347.81,10020.0
10:46,348.64,348.71,348.1,348.1,12574.0
10:47,348.31,348.73,348.1,348.64,15328.0
10:48,348.9,348.9,348.28,348.35,14540.0
10:49,348.4,348.86,348.38,348.83,14208.0
10:50,348.14,348.39,348.14,348.39,8599.0
10:51,348.11,348.24,348.01,348.22,10307.0
10:52,348.55,348.55,348.15,348.15,6183.0
10:53,348.87,349.04,348.75,348.75,17298.0
10:54,349.36,349.36,348.78,348.78,13295.0
10:55,349.7,349.71,349.22,349.38,12753.0
10:56,349.41,349.68,349.35,349.61,11985.0
10:57,349.51,349.66,349.4,349.58,16689.0
10:58,348.8,349.48,348.74,349.45,11179.0
10:59,348.99,348.99,348.72,348.77,19705.0
11:00,349.5,349.5,349.02,349.05,10642.0
11:01,349.17,349.49,349.12,349.41,9381.0
11:02,349.11,349.23,348.9,349.16,5357.0
11:03,349.0,349.22,348.91,349.0,13044.0
11:04,349.27,349.27,348.87,348.99,6926.0
11:05,349.34,349.42,349.27,349.27,11976.0
11:06,349.24,349.43,349.15,349.22,8039.0
11:07,349.15,349.21,348.94,349.08,6807.0
11:08,349.17,349.34,349.02,349.02,7059.0
11:09,349.14,349.42,349.04,349.17,16561.0
11:10,349.5,349.5,349.06,349.14,9123.0
11:11,349.46,349.5,349.25,349.42,17066.0
11:12,349.42,349.49,349.04,349.49,14228.0
11:13,349.45,349.52,349.33,349.42,10579.0
11:14,349.44,349.54,349.4,349.4,6885.0
11:15,349.39,349.48,349.15,349.44,13819.0
11:16,349.45,349.57,349.36,349.38,4950.0
11:17,349.57,349.7,349.36,349.45,27755.0
11:18,349.54,349.7,349.43,349.6,25812.0
11:19,348.98,349.55,348.91,349.42,10449.0
11:20,349.13,349.18,348.95,348.95,13809.0
11:21,349.05,349.25,349.03,349.13,8417.0
11:22,349.08,349.08,348.8,349.05,19518.0
11:23,349.09,349.14,348.9,348.99,5571.0
11:24,349.22,349.22,348.93,348.93,13586.0
11:25,349.09,349.33,349.07,349.23,9446.0
11:26,348.6,349.07,348.36,349.04,9311.0
11:27,348.63,348.76,348.51,348.51,8603.0
11:28,348.51,348.7,348.41,348.62,12433.0
11:29,348.51,348.51,348.4,348.43,6068.0
11:30,348.45,348.59,348.13,348.45,28220.0
11:31,348.5,348.56,348.39,348.46,12398.0
11:32,348.57,348.7,348.5,348.5,6835.0
11:33,348.14,348.74,348.1,348.57,16570.0
11:34,348.2,348.42,348.12,348.14,15644.0
11:35,348.2,348.29,348.16,348.16,7764.0
11:36,347.89,348.33,347.89,348.16,17633.0
11:37,347.92,347.96,347.92,347.93,4415.0
11:38,348.08,348.14,347.91,347.92,12122.0
11:39,347.82,348.15,347.82,348.05,9209.0
11:40,347.48,347.92,347.48,347.92,7326.0
11:41,347.35,347.47,347.26,347.47,9687.0
11:42,347.38,347.49,347.29,347.36,8740.0
11:43,347.35,347.52,347.28,347.49,6443.0
11:44,347.04,347.35,346.91,347.35,18695.0
11:45,347.24,347.27,347.08,347.08,3237.0
11:46,347.4,347.44,347.32,347.35,7838.0
11:47,347.4,347.5,347.26,347.44,12343.0
11:48,347.62,347.62,347.4,347.47,9175.0
11:49,347.5,347.62,347.46,347.62,6550.0
11:50,347.61,347.68,347.5,347.5,9882.0
11:51,347.78,347.87,347.69,347.69,9203.0
11:52,347.64,347.9,347.54,347.83,17545.0
11:53,347.71,347.75,347.57,347.57,4729.0
11:54,348.39,348.39,347.77,347.77,8579.0
11:55,348.55,348.59,348.28,348.38,4447.0
11:56,348.55,348.64,348.46,348.6,8342.0
11:57,348.55,348.65,348.5,348.56,12835.0
11:58,348.73,348.73,348.56,348.61,18340.0
11:59,348.57,348.71,348.44,348.6,10456.0
12:00,348.43,348.71,348.38,348.57,5791.0
12:01,348.29,348.43,348.29,348.43,4192.0
12:02,348.09,348.37,348.08,348.37,4068.0
12:03,348.23,348.35,348.11,348.11,5941.0
12:04,348.34,348.52,348.24,348.24,6343.0
12:05,348.35,348.35,348.12,348.29,8141.0
12:06,348.33,348.51,348.29,348.3,8012.0
12:07,348.43,348.5,348.35,348.5,6265.0
12:08,348.55,348.62,348.43,348.43,7003.0
12:09,348.51,348.62,348.43,348.61,10858.0
12:10,348.36,348.57,348.23,348.57,8890.0
12:11,348.24,348.35,348.07,348.35,3331.0
12:12,347.75,348.05,347.75,348.05,8044.0
12:13,348.0,348.0,347.8,347.8,7933.0
12:14,348.2,348.25,347.98,347.98,9780.0
12:15,348.66,348.66,348.21,348.29,7575.0
12:16,348.73,348.73,348.5,348.54,5418.0
12:17,348.77,348.77,348.57,348.77,11643.0
12:18,348.42,348.89,348.35,348.84,8884.0
12:19,348.37,348.52,348.37,348.48,5794.0
12:20,348.05,348.31,348.05,348.29,5896.0
12:21,347.86,347.96,347.79,347.96,5241.0
12:22,348.11,348.19,347.88,347.89,8379.0
12:23,348.3,348.31,348.15,348.15,7386.0
12:24,348.49,348.55,348.31,348.31,6000.0
12:25,348.53,348.69,348.48,348.56,12367.0
12:26,348.52,348.52,348.38,348.47,5077.0
12:27,348.5,348.68,348.5,348.59,6737.0
12:28,348.41,348.45,348.36,348.43,6076.0
12:29,348.35,348.5,348.24,348.41,19645.0
12:30,348.23,348.35,348.17,348.35,8454.0
12:31,348.07,348.18,347.96,348.15,19656.0
12:32,347.81,348.07,347.81,348.07,3584.0
12:33,347.75,347.85,347.71,347.81,9260.0
12:34,347.67,347.74,347.67,347.7,5240.0
12:35,347.3,347.67,347.3,347.67,15122.0
12:36,347.2,347.61,347.2,347.3,20038.0
12:37,347.28,347.39,347.18,347.28,6005.0
12:38,347.3,347.35,347.08,347.22,7249.0
12:39,347.33,347.37,347.25,347.3,6440.0
12:40,347.26,347.33,347.08,347.33,11917.0
12:41,347.3,347.39,347.18,347.27,5225.0
12:42,347.17,347.33,347.14,347.25,2857.0
12:43,347.13,347.17,346.96,347.17,7203.0
12:44,347.28,347.28,347.14,347.15,6054.0
12:45,347.2,347.25,347.14,347.18,4049.0
12:46,347.52,347.52,347.2,347.2,6153.0
12:47,347.43,347.52,347.31,347.52,6929.0
12:48,347.54,347.54,347.4,347.43,1833.0
12:49,347.69,347.82,347.41,347.41,7416.0
12:50,347.85,347.99,347.74,347.87,5477.0
12:51,347.55,347.86,347.54,347.86,12327.0
12:52,347.71,347.71,347.45,347.45,3814.0
12:53,347.87,347.87,347.7,347.73,3802.0
12:54,347.9,347.99,347.83,347.99,11316.0
12:55,347.95,348.0,347.84,347.9,12547.0
12:56,347.89,347.99,347.81,347.99,5343.0
12:57,347.92,348.04,347.89,347.89,7934.0
12:58,347.83,347.98,347.8,347.92,10586.0
12:59,347.88,347.98,347.82,347.83,6224.0
13:00,347.15,347.77,347.15,347.75,6153.0
13:01,347.16,347.16,346.85,347.09,5726.0
13:02,347.05,347.25,346.82,347.11,7304.0
13:03,347.39,347.39,347.25,347.26,815.0
13:04,347.24,347.38,347.14,347.35,7430.0
13:05,347.42,347.54,347.24,347.24,3216.0
13:06,347.4,347.42,347.26,347.42,4929.0
13:07,347.11,347.37,347.11,347.37,5642.0
13:08,346.81,347.13,346.81,347.13,10968.0
13:09,346.8,346.93,346.72,346.86,10581.0
13:10,346.56,346.77,346.37,346.77,14345.0
13:11,346.49,346.62,346.46,346.49,4575.0
13:12,346.44,346.49,346.3,346.49,7845.0
13:13,346.39,346.46,346.28,346.46,4663.0
13:14,346.46,346.52,346.36,346.38,6593.0
13:15,346.42,346.49,346.35,346.41,4500.0
13:16,346.29,346.46,346.27,346.46,6127.0
13:17,346.42,346.51,346.36,346.39,4667.0
13:18,346.67,346.67,346.36,346.36,6583.0
13:19,346.66,346.88,346.66,346.77,3219.0
13:20,346.64,346.72,346.59,346.66,9222.0
13:21,346.47,346.71,346.41,346.71,3717.0
13:22,346.62,346.62,346.5,346.52,4332.0
13:23,346.6,346.66,346.59,346.59,5170.0
13:24,346.66,346.66,346.58,346.6,2615.0
13:25,346.99,347.0,346.66,346.66,16840.0
13:26,346.94,347.1,346.92,346.96,14841.0
13:27,347.06,347.06,347.03,347.04,4617.0
13:28,347.23,347.23,347.04,347.06,6959.0
13:29,347.16,347.24,347.12,347.24,9568.0
13:30,347.21,347.22,347.12,347.17,9339.0
13:31,347.05,347.22,347.0,347.21,21345.0
13:32,346.66,347.08,346.58,347.07,21676.0
13:33,346.37,346.58,346.37,346.53,13856.0
13:34,346.26,346.36,346.19,346.36,9950.0
13:35,345.77,346.21,345.77,346.21,8140.0
13:36,345.98,345.99,345.79,345.79,8787.0
13:37,345.42,346.06,345.4,345.98,23382.0
13:38,345.48,345.55,345.42,345.42,2434.0
13:39,345.69,345.7,345.54,345.56,5778.0
13:40,345.69,345.84,345.64,345.67,9456.0
13:41,345.76,345.82,345.71,345.71,5272.0
13:42,345.83,345.87,345.72,345.76,11636.0
13:43,345.39,345.76,345.39,345.76,7692.0
13:44,345.52,345.53,345.26,345.51,11205.0
13:45,345.7,345.78,345.55,345.57,7802.0
13:46,345.86,345.86,345.64,345.7,9429.0
13:47,345.88,346.03,345.79,345.92,6529.0
13:48,345.93,345.93,345.79,345.8,8066.0
13:49,346.09,346.09,345.91,345.92,6243.0
13:50,345.56,346.05,345.54,346.05,9509.0
13:51,345.89,345.91,345.61,345.61,3982.0
13:52,345.79,345.88,345.79,345.88,3858.0
13:53,345.71,345.81,345.71,345.74,6145.0
13:54,345.71,345.71,345.55,345.71,5565.0
13:55,345.64,345.79,345.59,345.71,7963.0
13:56,345.64,345.65,345.64,345.65,2629.0
13:57,345.7,345.74,345.67,345.73,6253.0
13:58,345.66,345.69,345.6,345.61,3575.0
13:59,345.73,345.75,345.57,345.66,9465.0
14:00,345.73,345.81,345.7,345.73,7861.0
14:01,345.96,345.99,345.81,345.81,14115.0
14:02,345.73,345.96,345.73,345.96,5684.0
14:03,345.76,345.76,345.73,345.73,2718.0
14:04,345.7,345.76,345.67,345.76,7409.0
14:05,345.78,345.81,345.74,345.78,3790.0
14:06,345.74,345.82,345.72,345.78,6780.0
14:07,345.74,345.83,345.67,345.73,10949.0
14:08,345.76,345.76,345.68,345.71,2568.0
14:09,345.8,345.89,345.73,345.79,8570.0
14:10,345.79,345.82,345.75,345.8,4213.0
14:11,345.67,345.79,345.63,345.79,10052.0
14:12,345.82,345.83,345.7,345.7,8635.0
14:13,345.93,345.93,345.76,345.82,6757.0
14:14,345.91,345.97,345.77,345.92,12179.0
14:15,345.74,345.91,345.7,345.91,7877.0
14:16,345.87,345.91,345.74,345.74,4689.0
14:17,346.01,346.07,345.88,345.89,9431.0
14:18,346.23,346.23,345.93,345.95,7413.0
14:19,346.22,346.25,346.22,346.23,2751.0
14:20,346.18,346.27,346.12,346.23,3974.0
14:21,346.17,346.18,346.03,346.18,12422.0
14:22,346.21,346.25,346.1,346.17,19656.0
14:23,346.21,346.29,346.19,346.24,4791.0
14:24,346.11,346.2,346.11,346.2,4803.0
14:25,346.09,346.25,346.04,346.14,8949.0
14:26,346.15,346.15,346.05,346.09,2783.0
14:27,346.35,346.38,346.12,346.13,9896.0
14:28,346.36,346.38,346.25,346.33,9723.0
14:29,346.51,346.56,346.34,346.35,23930.0
14:30,346.65,346.69,346.47,346.57,9360.0
14:31,346.46,346.58,346.42,346.57,6333.0
14:32,346.28,346.41,346.24,346.41,7111.0
14:33,346.23,346.26,346.06,346.24,14204.0
14:34,346.14,346.3,346.14,346.29,7359.0
14:35,346.14,346.22,346.07,346.14,6893.0
14:36,346.07,346.14,345.95,346.14,9161.0
14:37,345.62,346.05,345.62,346.05,16895.0
14:38,345.67,345.68,345.61,345.61,3594.0
14:39,345.59,345.61,345.47,345.61,11008.0
14:40,345.57,345.65,345.57,345.64,3877.0
14:41,345.47,345.52,345.28,345.5,8321.0
14:42,345.64,345.75,345.57,345.6,5890.0
14:43,345.57,345.66,345.57,345.59,4258.0
14:44,345.72,345.72,345.6,345.61,9699.0
14:45,345.77,346.09,345.69,345.71,21340.0
14:46,345.82,345.82,345.69,345.77,7232.0
14:47,346.0,346.09,345.8,345.8,7299.0
14:48,346.2,346.28,346.08,346.09,8608.0
14:49,346.14,346.21,345.99,346.21,16656.0
14:50,345.98,346.22,345.98,346.1,10629.0
14:51,346.13,346.13,345.98,345.98,6885.0
14:52,346.12,346.19,346.02,346.12,10634.0
14:53,346.15,346.24,346.12,346.12,6149.0
14:54,346.01,346.27,346.01,346.15,8326.0
14:55,346.01,346.08,345.95,346.05,13865.0
14:56,345.76,346.02,345.75,346.02,11131.0
14:57,345.72,345.8,345.68,345.79,8646.0
14:58,345.63,345.72,345.52,345.69,9676.0
14:59,345.6,345.7,345.6,345.67,6120.0
15:00,345.59,345.68,345.38,345.6,12407.0
15:01,345.33,345.59,345.33,345.51,14310.0
15:02,345.02,345.34,345.02,345.34,8651.0
15:03,345.04,345.08,345.0,345.02,8472.0
15:04,345.07,345.1,344.97,345.04,18915.0
15:05,344.76,345.1,344.76,345.07,6845.0
15:06,344.61,344.69,344.49,344.69,9408.0
15:07,344.66,344.67,344.5,344.57,6792.0
15:08,344.64,344.67,344.48,344.67,10183.0
15:09,344.61,344.65,344.55,344.64,11688.0
15:10,344.58,344.71,344.42,344.64,18926.0
15:11,344.21,344.59,344.21,344.57,7751.0
15:12,344.42,344.42,344.17,344.18,9502.0
15:13,344.25,344.44,344.25,344.33,5628.0
15:14,344.31,344.32,344.24,344.24,6676.0
15:15,344.18,344.38,344.16,344.3,21792.0
15:16,344.15,344.15,344.06,344.1,8243.0
15:17,344.23,344.24,343.92,344.15,16672.0
15:18,344.53,344.53,344.2,344.23,11687.0
15:19,344.48,344.5,344.36,344.46,4951.0
15:20,344.57,344.58,344.3,344.46,14805.0
15:21,344.5,344.64,344.45,344.56,15139.0
15:22,344.61,344.66,344.48,344.56,12630.0
15:23,344.81,344.92,344.61,344.67,12020.0
15:24,344.66,344.83,344.66,344.75,12699.0
15:25,344.8,344.9,344.66,344.73,12110.0
15:26,344.93,344.99,344.8,344.82,25249.0
15:27,344.89,344.94,344.8,344.89,13716.0
15:28,345.07,345.07,344.8,344.9,27712.0
15:29,345.29,345.36,345.11,345.11,10263.0
15:30,345.66,345.66,345.35,345.35,8654.0
15:31,345.3,345.63,345.3,345.61,11442.0
15:32,345.14,345.41,345.14,345.4,7964.0
15:33,345.1,345.21,344.96,345.21,14470.0
15:34,345.14,345.2,345.04,345.13,9149.0
15:35,344.89,345.17,344.81,345.08,22474.0
15:36,344.74,344.94,344.74,344.88,9684.0
15:37,344.66,344.77,344.57,344.77,16958.0
15:38,344.55,344.64,344.45,344.64,16071.0
15:39,344.45,344.62,344.45,344.55,18128.0
15:40,344.48,344.55,344.41,344.44,19194.0
15:41,344.68,344.76,344.52,344.54,15494.0
15:42,344.81,344.87,344.61,344.68,15564.0
15:43,344.86,344.88,344.7,344.81,10799.0
15:44,344.64,344.81,344.49,344.77,12772.0
15:45,344.96,345.0,344.62,344.67,20411.0
15:46,344.54,344.92,344.54,344.9,34617.0
15:47,344.5,344.64,344.46,344.64,12864.0
15:48,344.4,344.58,344.3,344.5,15699.0
15:49,344.42,344.67,344.31,344.39,25578.0
15:50,344.17,344.59,344.12,344.41,24833.0
15:51,344.16,344.36,344.14,344.22,37782.0
15:52,344.07,344.27,344.04,344.14,21056.0
15:53,343.99,344.07,343.76,344.07,26853.0
15:54,343.92,344.22,343.89,343.99,29950.0
15:55,343.77,344.07,343.68,343.91,58463.0
15:56,344.14,344.21,343.68,343.81,61192.0
15:57,344.27,344.63,344.1,344.25,135927.0
15:58,344.51,344.55,344.15,344.27,93760.0
15:59,344.87,345.07,344.53,344.55,237799.0
