Time,Close,High,Low,Open,Volume
09:30,336.23,337.23,335.68,336.24,179050.0
09:31,334.17,336.5,333.68,336.36,113199.0
09:32,335.17,335.51,333.47,333.81,48958.0
09:33,336.16,336.56,335.46,335.63,26521.0
09:34,336.27,336.92,336.27,336.3,18741.0
09:35,336.31,336.71,336.06,336.36,12808.0
09:36,336.47,336.71,335.98,336.42,22392.0
09:37,336.8,336.82,336.28,336.42,14168.0
09:38,336.61,336.89,336.47,336.81,7585.0
09:39,337.16,337.49,336.42,336.55,27786.0
09:40,337.03,337.22,336.91,337.22,9568.0
09:41,337.69,337.7,337.12,337.12,11625.0
09:42,337.15,337.6,337.07,337.48,11272.0
09:43,336.9,337.32,336.9,337.05,11094.0
09:44,336.64,336.98,336.61,336.9,11008.0
09:45,336.74,336.78,336.1,336.6,29181.0
09:46,337.15,337.21,336.56,336.57,21332.0
09:47,337.21,337.67,337.02,337.19,26732.0
09:48,337.21,337.29,336.63,337.17,13459.0
09:49,336.92,337.38,336.86,337.18,20610.0
09:50,336.15,336.75,336.0,336.75,11850.0
09:51,336.26,336.41,336.0,336.15,17426.0
09:52,336.32,336.46,336.08,336.46,15718.0
09:53,336.65,336.65,336.03,336.32,12242.0
09:54,336.6,336.6,336.18,336.35,6782.0
09:55,336.19,336.55,336.19,336.54,13389.0
09:56,336.12,336.47,336.0,336.24,17466.0
09:57,336.12,336.24,336.12,336.17,7902.0
09:58,335.9,336.12,335.81,336.12,16887.0
09:59,335.67,335.9,335.66,335.8,20200.0
10:00,336.03,336.1,335.5,335.78,30674.0
10:01,335.65,336.08,335.5,336.08,12337.0
10:02,335.63,335.9,335.49,335.62,11488.0
10:03,335.6,335.72,335.42,335.55,15295.0
10:04,335.14,335.49,335.12,335.49,13802.0
10:05,335.11,335.6,335.11,335.13,20887.0
10:06,335.28,335.38,334.94,335.26,25860.0
10:07,335.48,335.61,335.31,335.31,25980.0
10:08,335.43,335.52,335.25,335.52,9403.0
10:09,335.67,335.87,335.31,335.4,13533.0
10:10,335.31,335.92,335.25,335.72,17047.0
10:11,335.15,335.45,335.03,335.44,30092.0
10:12,335.61,335.66,335.12,335.23,12594.0
10:13,335.68,335.77,335.58,335.72,11345.0
10:14,335.77,335.87,335.57,335.65,16351.0
10:15,335.6,335.65,335.45,335.65,7244.0
10:16,335.6,335.73,335.53,335.6,19738.0
10:17,336.13,336.13,335.58,335.67,6927.0
10:18,336.35,336.36,336.0,336.0,21648.0
10:19,336.51,336.65,336.35,336.35,13345.0
10:20,336.33,336.6,336.33,336.54,14745.0
10:21,336.39,336.42,336.23,336.24,4896.0
10:22,336.33,336.6,336.33,336.42,6308.0
10:23,336.59,336.79,336.47,336.47,13755.0
10:24,336.46,336.8,336.46,336.55,7372.0
10:25,336.51,336.75,336.44,336.6,4766.0
10:26,336.33,336.48,336.24,336.48,18227.0
10:27,336.67,336.67,336.36,336.4,5365.0
10:28,336.49,336.71,336.45,336.67,11447.0
10:29,336.4,336.43,336.28,336.33,13126.0
10:30,336.33,336.57,336.24,336.42,18813.0
10:31,336.4,336.45,336.25,336.33,6109.0
10:32,335.85,336.4,335.85,336.36,12747.0
10:33,336.02,336.04,335.89,335.95,9522.0
10:34,335.38,335.91,335.36,335.91,13130.0
10:35,335.84,335.88,335.32,335.38,18656.0
10:36,335.67,335.84,335.65,335.81,3569.0
10:37,335.88,335.88,335.49,335.69,17193.0
10:38,335.96,335.96,335.63,335.8,15555.0
10:39,336.02,336.07,335.92,335.97,8758.0
10:40,336.21,336.28,335.95,336.08,11927.0
10:41,336.37,336.4,336.27,336.27,10561.0
10:42,336.3,336.42,336.26,336.32,13660.0
10:43,336.33,336.33,336.05,336.33,18091.0
10:44,336.72,336.72,336.33,336.34,8098.0
10:45,336.61,336.81,336.57,336.64,5989.0
10:46,336.67,336.74,336.61,336.61,5701.0
10:47,336.82,337.0,336.69,336.71,12490.0
10:48,337.12,337.26,336.77,336.82,16010.0
10:49,337.06,337.13,337.03,337.12,9051.0
10:50,336.95,337.05,336.89,337.03,13329.0
10:51,337.01,337.12,336.98,337.02,8240.0
10:52,337.18,337.26,337.06,337.12,8402.0
10:53,337.38,337.47,337.23,337.23,4957.0
10:54,337.25,337.43,337.25,337.4,7097.0
10:55,337.22,337.26,337.17,337.18,8913.0
10:56,337.19,337.27,337.19,337.26,6610.0
10:57,336.68,337.18,336.68,337.18,14259.0
10:58,336.88,336.97,336.54,336.72,22716.0
10:59,337.24,337.24,336.85,336.93,15935.0
11:00,337.32,337.33,337.11,337.23,9856.0
11:01,337.06,337.28,336.97,337.23,14211.0
11:02,336.83,337.06,336.77,337.05,8468.0
11:03,337.08,337.14,336.9,336.92,6838.0
11:04,337.13,337.13,336.86,337.03,7046.0
11:05,336.9,337.13,336.84,337.02,15091.0
11:06,336.76,336.9,336.73,336.83,8397.0
11:07,337.1,337.1,336.78,336.78,10449.0
11:08,337.27,337.37,337.1,337.2,9694.0
11:09,337.19,337.27,337.19,337.21,2653.0
11:10,337.55,337.55,337.24,337.26,10884.0
11:11,337.54,337.59,337.54,337.54,6151.0
11:12,337.52,337.71,337.46,337.55,14362.0
11:13,337.49,337.59,337.49,337.52,6605.0
11:14,337.49,337.56,337.49,337.49,10603.0
11:15,337.23,337.51,337.11,337.49,14236.0
11:16,337.26,337.32,337.14,337.14,7792.0
11:17,337.16,337.21,337.06,337.15,7411.0
11:18,337.17,337.23,337.09,337.16,7659.0
11:19,337.19,337.32,337.09,337.16,12592.0
11:20,337.39,337.44,337.17,337.17,8417.0
11:21,337.39,337.46,337.32,337.38,9877.0
11:22,337.48,337.55,337.32,337.33,9029.0
11:23,337.7,337.72,337.45,337.45,9611.0
11:24,337.58,337.65,337.56,337.64,5567.0
11:25,337.47,337.64,337.44,337.52,8546.0
11:26,337.39,337.55,337.33,337.51,8333.0
11:27,337.71,337.74,337.37,337.45,11993.0
11:28,337.66,337.67,337.61,337.61,3105.0
11:29,337.58,337.82,337.58,337.7,12670.0
11:30,337.55,337.55,337.26,337.45,12013.0
11:31,337.63,337.63,337.43,337.48,5130.0
11:32,337.73,337.98,337.62,337.62,21621.0
11:33,337.71,337.8,337.66,337.75,7208.0
11:34,337.36,337.7,337.36,337.65,9716.0
11:35,337.43,337.45,337.33,337.38,4311.0
11:36,337.61,337.61,337.44,337.47,5337.0
11:37,337.74,337.74,337.52,337.55,15026.0
11:38,337.92,337.96,337.75,337.79,7229.0
11:39,337.83,338.03,337.8,337.92,12998.0
11:40,338.2,338.21,337.78,337.78,15395.0
11:41,337.78,338.22,337.7,338.21,17410.0
11:42,337.79,337.83,337.68,337.68,6047.0
11:43,337.58,337.77,337.48,337.77,6419.0
11:44,337.81,337.83,337.55,337.61,7065.0
11:45,337.97,337.97,337.83,337.83,2599.0
11:46,337.83,337.97,337.83,337.97,3186.0
11:47,337.97,338.05,337.84,337.84,11530.0
11:48,338.0,338.05,337.94,337.95,2954.0
11:49,338.05,338.08,338.04,338.07,2998.0
11:50,338.04,338.08,337.96,338.04,8239.0
11:51,337.96,338.1,337.93,338.04,7332.0
11:52,337.81,338.0,337.81,337.96,8264.0
11:53,338.0,338.0,337.64,337.71,5466.0
11:54,338.02,338.06,337.98,337.98,6841.0
11:55,338.13,338.13,337.98,338.04,3077.0
11:56,338.1,338.1,338.08,338.08,1741.0
11:57,338.45,338.47,338.14,338.14,10232.0
11:58,338.49,338.52,338.47,338.49,4476.0
11:59,338.43,338.49,338.42,338.49,4303.0
12:00,338.45,338.49,338.22,338.37,12523.0
12:01,338.39,338.48,338.27,338.45,5964.0
12:02,338.1,338.28,338.1,338.28,3593.0
12:03,338.08,338.15,338.04,338.1,4016.0
12:04,338.36,338.36,338.04,338.06,8742.0
12:05,338.42,338.42,338.27,338.42,2861.0
12:06,338.57,338.57,338.33,338.42,5197.0
12:07,338.59,338.65,338.48,338.52,8834.0
12:08,338.58,338.61,338.57,338.61,4259.0
12:09,338.67,338.67,338.54,338.62,17307.0
12:10,338.29,338.66,338.29,338.66,8903.0
12:11,338.28,338.32,338.07,338.22,12395.0
12:12,338.12,338.32,338.1,338.28,4783.0
12:13,337.96,338.07,337.96,338.01,1320.0
12:14,337.75,337.79,337.64,337.79,3307.0
12:15,337.79,337.91,337.69,337.69,4745.0
12:16,338.03,338.03,337.78,337.78,3709.0
12:17,338.17,338.17,338.02,338.02,2678.0
12:18,338.2,338.34,338.2,338.2,3553.0
12:19,338.13,338.35,337.99,338.15,8447.0
12:20,338.16,338.16,338.07,338.07,1612.0
12:21,338.23,338.25,338.2,338.2,3043.0
12:22,338.17,338.26,338.17,338.26,1255.0
12:23,338.09,338.24,338.09,338.23,4190.0
12:24,338.16,338.2,338.08,338.08,5166.0
12:25,338.19,338.19,338.06,338.11,2538.0
12:26,337.97,338.15,337.97,338.09,2258.0
12:27,337.77,337.89,337.59,337.89,9511.0
12:28,337.75,337.75,337.75,337.75,400.0
12:29,337.9,337.9,337.75,337.83,4514.0
12:30,337.89,337.96,337.86,337.91,4415.0
12:31,337.93,338.05,337.89,337.89,4019.0
12:32,337.81,337.81,337.81,337.81,443.0
12:33,337.8,337.83,337.67,337.83,5443.0
12:34,337.68,337.7,337.67,337.67,4424.0
12:35,337.69,337.74,337.62,337.73,11015.0
12:36,337.73,337.8,337.65,337.66,3845.0
12:37,338.15,338.15,337.71,337.71,13167.0
12:38,338.17,338.18,338.14,338.17,2899.0
12:39,338.21,338.21,338.14,338.14,3421.0
12:40,338.41,338.42,338.33,338.4,7093.0
12:41,338.64,338.64,338.33,338.33,7805.0
12:42,338.66,338.75,338.56,338.75,6020.0
12:43,338.62,338.66,338.55,338.65,10637.0
12:44,338.67,338.68,338.56,338.56,4547.0
12:45,338.79,338.92,338.64,338.64,7385.0
12:46,338.82,338.91,338.75,338.85,25944.0
12:47,338.89,338.91,338.76,338.82,8175.0
12:48,338.88,338.94,338.83,338.9,11342.0
12:49,338.95,339.0,338.86,338.91,11550.0
12:50,338.86,339.07,338.79,338.95,27907.0
12:51,338.82,338.91,338.65,338.85,16853.0
12:52,338.85,338.86,338.85,338.85,2484.0
12:53,338.89,338.89,338.81,338.85,5305.0
12:54,338.85,338.91,338.83,338.87,8836.0
12:55,338.77,338.89,338.66,338.84,9444.0
12:56,338.58,338.77,338.55,338.77,25054.0
12:57,338.67,338.68,338.58,338.59,3940.0
12:58,338.66,338.67,338.66,338.67,3338.0
12:59,338.89,338.89,338.66,338.66,14628.0
13:00,339.01,339.01,338.88,338.88,4888.0
13:01,338.87,339.01,338.85,339.01,7322.0
13:02,338.99,339.15,338.84,338.89,10430.0
13:03,339.08,339.08,339.08,339.08,1197.0
13:04,339.0,339.09,338.96,338.96,9137.0
13:05,338.79,339.01,338.79,339.01,6489.0
13:06,338.73,338.83,338.73,338.82,3833.0
13:07,338.83,338.84,338.83,338.83,2328.0
13:08,338.69,338.82,338.64,338.82,5856.0
13:09,338.72,338.74,338.68,338.73,2603.0
13:10,338.61,338.79,338.61,338.67,14209.0
13:11,338.49,338.61,338.45,338.54,7453.0
13:12,338.55,338.55,338.38,338.38,2722.0
13:13,338.51,338.55,338.48,338.5,3111.0
13:14,338.51,338.58,338.51,338.58,2112.0
13:15,338.51,338.58,338.51,338.51,2461.0
13:16,338.8,338.8,338.41,338.43,25815.0
13:17,339.0,339.01,338.8,338.8,6421.0
13:18,339.05,339.12,339.01,339.02,3102.0
13:19,339.21,339.22,339.0,339.05,17006.0
13:20,339.02,339.25,338.98,339.25,6624.0
13:21,338.98,338.98,338.96,338.96,1115.0
13:22,338.87,339.06,338.84,338.95,4242.0
13:23,338.86,338.89,338.86,338.87,1885.0
13:24,338.76,338.8,338.69,338.77,3330.0
13:25,338.64,338.82,338.54,338.76,3353.0
13:26,338.63,338.69,338.48,338.5,6484.0
13:27,338.72,338.72,338.66,338.71,2969.0
13:28,338.77,338.77,338.67,338.72,2039.0
13:29,338.72,338.78,338.55,338.73,11681.0
13:30,338.79,338.81,338.72,338.72,8523.0
13:31,338.83,338.92,338.79,338.86,4743.0
13:32,338.82,338.88,338.79,338.82,6994.0
13:33,338.8,338.89,338.69,338.83,5776.0
13:34,338.78,338.87,338.71,338.79,4780.0
13:35,338.73,338.86,338.7,338.79,4819.0
13:36,338.67,338.83,338.64,338.74,27646.0
13:37,338.6,338.67,338.58,338.6,2664.0
13:38,338.83,338.83,338.59,338.59,6986.0
13:39,338.83,338.91,338.76,338.76,2765.0
13:40,338.73,338.78,338.65,338.78,2595.0
13:41,338.6,338.66,338.6,338.66,3505.0
13:42,338.62,338.68,338.62,338.62,4601.0
13:43,338.65,338.65,338.62,338.62,2090.0
13:44,338.72,338.77,338.65,338.65,7684.0
13:45,338.9,338.91,338.73,338.75,5775.0
13:46,338.79,338.9,338.78,338.87,6367.0
13:47,338.85,338.85,338.79,338.79,1231.0
13:48,338.95,338.98,338.85,338.85,5019.0
13:49,338.93,338.96,338.91,338.96,3088.0
13:50,338.85,338.92,338.8,338.91,3722.0
13:51,338.9,338.92,338.83,338.86,6176.0
13:52,338.88,338.89,338.88,338.89,2379.0
13:53,338.87,338.88,338.82,338.88,2770.0
13:54,338.91,338.98,338.86,338.86,8445.0
13:55,339.13,339.13,338.92,338.92,8432.0
13:56,338.96,339.07,338.94,339.06,5451.0
13:57,339.01,339.03,338.96,338.96,4865.0
13:58,339.11,339.13,338.96,339.0,7018.0
13:59,339.1,339.16,339.1,339.11,2004.0
14:00,339.04,339.14,339.04,339.08,15259.0
14:01,339.17,339.2,339.04,339.04,5690.0
14:02,339.15,339.2,339.11,339.15,6358.0
14:03,339.29,339.33,339.15,339.2,5218.0
14:04,339.41,339.44,339.28,339.29,4845.0
14:05,339.41,339.43,339.41,339.43,1700.0
14:06,339.76,339.76,339.44,339.44,11504.0
14:07,339.69,339.86,339.69,339.75,10408.0
14:08,339.68,339.74,339.68,339.71,4851.0
14:09,339.53,339.7,339.52,339.68,8903.0
14:10,339.84,339.88,339.54,339.54,10783.0
14:11,339.61,339.84,339.59,339.84,11825.0
14:12,339.6,339.65,339.52,339.65,5520.0
14:13,339.8,339.8,339.58,339.58,8044.0
14:14,339.78,339.86,339.76,339.77,7978.0
14:15,339.68,339.73,339.67,339.72,4402.0
14:16,339.64,339.67,339.58,339.67,3136.0
14:17,339.45,339.56,339.38,339.56,14774.0
14:18,339.3,339.52,339.3,339.52,7121.0
14:19,339.21,339.3,339.21,339.3,3434.0
14:20,339.18,339.29,339.15,339.29,1959.0
14:21,339.06,339.18,339.06,339.15,6061.0
14:22,339.16,339.17,339.09,339.09,6297.0
14:23,339.08,339.14,339.0,339.12,7221.0
14:24,339.04,339.13,339.04,339.11,2324.0
14:25,339.12,339.13,339.07,339.13,3340.0
14:26,339.14,339.21,339.08,339.09,1952.0
14:27,339.08,339.12,339.03,339.06,10614.0
14:28,339.1,339.2,339.07,339.07,10339.0
14:29,339.11,339.15,339.06,339.1,3850.0
14:30,339.44,339.44,339.08,339.08,12179.0
14:31,339.45,339.47,339.38,339.44,3054.0
14:32,339.43,339.44,339.37,339.44,6983.0
14:33,339.5,339.56,339.39,339.39,8137.0
14:34,339.7,339.7,339.54,339.61,8445.0
14:35,339.77,339.78,339.71,339.71,8290.0
14:36,339.74,339.79,339.74,339.76,2807.0
14:37,339.74,339.76,339.7,339.74,6891.0
14:38,339.76,339.76,339.7,339.75,3900.0
14:39,339.77,339.8,339.73,339.79,5755.0
14:40,339.86,339.88,339.8,339.8,7412.0
14:41,339.97,339.97,339.89,339.9,9219.0
14:42,340.13,340.13,340.0,340.0,20217.0
14:43,340.26,340.28,340.17,340.2,4639.0
14:44,340.21,340.26,340.14,340.26,9977.0
14:45,340.3,340.3,340.19,340.19,5530.0
14:46,340.17,340.31,340.14,340.31,17178.0
14:47,340.21,340.27,340.11,340.15,6169.0
14:48,340.4,340.4,340.26,340.26,4707.0
14:49,340.43,340.52,340.42,340.42,8517.0
14:50,340.3,340.54,340.3,340.45,9733.0
14:51,340.42,340.42,340.24,340.33,6423.0
14:52,340.32,340.43,340.32,340.43,6031.0
14:53,340.35,340.36,340.29,340.36,6118.0
14:54,340.23,340.47,340.23,340.34,5932.0
14:55,340.23,340.35,340.23,340.27,4102.0
14:56,340.31,340.33,340.23,340.33,4595.0
14:57,340.32,340.35,340.28,340.35,2027.0
14:58,340.12,340.31,340.11,340.31,13816.0
14:59,340.08,340.17,340.05,340.12,4067.0
15:00,339.82,340.05,339.77,340.05,4096.0
15:01,339.74,339.77,339.49,339.77,9591.0
15:02,339.63,339.79,339.6,339.74,4100.0
15:03,339.65,339.66,339.56,339.6,4965.0
15:04,339.58,339.65,339.57,339.65,3780.0
15:05,339.7,339.76,339.62,339.65,9698.0
15:06,339.57,339.65,339.5,339.65,5105.0
15:07,339.54,339.63,339.47,339.48,2479.0
15:08,339.42,339.54,339.42,339.54,5704.0
15:09,339.56,339.56,339.38,339.42,11410.0
15:10,339.55,339.63,339.48,339.58,5846.0
15:11,339.61,339.65,339.57,339.58,4175.0
15:12,339.65,339.67,339.59,339.64,7540.0
15:13,339.52,339.64,339.48,339.64,5329.0
15:14,339.54,339.55,339.5,339.54,3672.0
15:15,339.64,339.66,339.54,339.54,15605.0
15:16,339.33,339.62,339.33,339.59,7232.0
15:17,339.25,339.36,339.25,339.34,4352.0
15:18,339.19,339.27,339.19,339.23,8371.0
15:19,339.19,339.27,339.11,339.12,15892.0
15:20,339.23,339.28,339.23,339.25,4104.0
15:21,339.28,339.33,339.22,339.25,10765.0
15:22,339.14,339.28,339.1,339.25,8095.0
15:23,339.42,339.48,339.15,339.15,10092.0
15:24,339.11,339.41,339.1,339.41,14182.0
15:25,339.12,339.21,339.1,339.1,6652.0
15:26,338.89,339.12,338.85,339.12,9455.0
15:27,338.92,339.05,338.89,338.89,9224.0
15:28,339.01,339.07,338.93,338.98,6718.0
15:29,338.99,339.06,338.99,339.02,7747.0
15:30,338.83,339.07,338.83,339.03,10335.0
15:31,338.74,338.8,338.71,338.79,4700.0
15:32,338.81,338.86,338.7,338.73,12479.0
15:33,338.84,338.86,338.8,338.84,8630.0
15:34,338.64,338.84,338.62,338.84,16359.0
15:35,338.65,338.69,338.62,338.65,10685.0
15:36,338.62,338.71,338.54,338.66,18243.0
15:37,338.78,338.79,338.6,338.64,10664.0
15:38,339.0,339.11,338.79,338.79,19598.0
15:39,339.13,339.18,339.02,339.07,27902.0
15:40,339.27,339.27,339.13,339.16,13199.0
15:41,339.37,339.48,339.15,339.23,47221.0
15:42,339.41,339.47,339.24,339.44,25942.0
15:43,339.43,339.58,339.4,339.4,20241.0
15:44,339.59,339.6,339.4,339.42,15089.0
15:45,339.55,339.62,339.49,339.56,23505.0
15:46,339.62,339.62,339.57,339.58,3726.0
15:47,339.73,339.73,339.58,339.61,19947.0
15:48,339.74,339.76,339.69,339.72,17813.0
15:49,339.7,339.79,339.64,339.77,22206.0
15:50,339.53,339.77,339.39,339.71,25311.0
15:51,340.09,340.12,339.53,339.54,73924.0
15:52,340.01,340.26,340.0,340.11,26910.0
15:53,340.03,340.24,340.0,340.05,56875.0
15:54,339.9,340.11,339.83,340.02,32705.0
15:55,340.03,340.11,339.85,340.02,38835.0
15:56,339.97,340.05,339.92,340.05,43058.0
15:57,339.62,339.96,339.48,339.96,53887.0
15:58,339.76,339.76,339.55,339.63,67096.0
15:59,340.09,340.12,339.57,339.75,202082.0
