Time,Close,High,Low,Open,Volume
09:30,330.21,331.99,330.1,331.45,140671.0
09:31,329.11,330.42,328.97,330.21,32271.0
09:32,329.16,329.47,328.76,328.97,24603.0
09:33,329.0,329.22,328.52,329.07,22394.0
09:34,329.39,329.39,328.8,329.11,28454.0
09:35,328.61,329.68,328.61,329.36,18825.0
09:36,328.43,328.9,328.1,328.51,15557.0
09:37,327.42,328.51,327.32,328.43,28139.0
09:38,328.13,328.16,327.34,327.34,17023.0
09:39,327.87,328.25,327.87,327.95,8620.0
09:40,327.76,328.1,327.76,327.81,7341.0
09:41,327.62,327.75,327.47,327.75,18092.0
09:42,327.48,327.62,327.21,327.62,29591.0
09:43,328.22,328.22,327.4,327.4,30741.0
09:44,328.7,328.79,328.03,328.3,14613.0
09:45,328.67,328.79,328.27,328.78,15842.0
09:46,329.05,329.06,328.63,328.68,12901.0
09:47,329.01,329.01,328.75,328.92,16469.0
09:48,328.92,329.04,328.73,328.9,13141.0
09:49,328.95,329.19,328.87,328.93,12738.0
09:50,328.78,329.02,328.74,328.99,14952.0
09:51,329.08,329.16,328.85,328.85,12505.0
09:52,329.01,329.17,328.96,329.06,8277.0
09:53,328.59,329.16,328.59,329.07,25422.0
09:54,328.77,328.78,328.45,328.57,14695.0
09:55,328.58,328.82,328.31,328.72,23049.0
09:56,328.65,328.65,328.3,328.55,17773.0
09:57,328.92,328.98,328.65,328.65,18343.0
09:58,329.06,329.19,328.86,328.97,21671.0
09:59,328.93,329.37,328.84,329.06,19731.0
10:00,328.94,329.15,328.8,329.01,19927.0
10:01,329.06,329.28,328.89,328.93,17724.0
10:02,329.23,329.28,328.99,329.0,12848.0
10:03,329.46,329.48,329.08,329.19,21427.0
10:04,329.45,329.6,329.36,329.46,7521.0
10:05,329.5,329.52,329.35,329.4,6235.0
10:06,329.27,329.6,329.19,329.5,16631.0
10:07,329.4,329.57,329.3,329.32,20898.0
10:08,329.81,329.9,329.37,329.4,18033.0
10:09,329.8,329.88,329.67,329.88,20737.0
10:10,329.6,329.8,329.44,329.73,10674.0
10:11,329.62,329.72,329.51,329.62,15564.0
10:12,329.58,329.7,329.52,329.68,8279.0
10:13,329.71,329.77,329.6,329.61,9691.0
10:14,329.87,329.95,329.65,329.66,9509.0
10:15,329.99,329.99,329.77,329.93,8172.0
10:16,329.88,330.1,329.84,329.93,12288.0
10:17,330.15,330.2,329.9,329.92,15781.0
10:18,330.21,330.37,330.15,330.15,10826.0
10:19,330.14,330.33,330.13,330.2,20360.0
10:20,329.98,330.11,329.93,330.1,10596.0
10:21,330.08,330.12,329.8,330.03,17619.0
10:22,330.02,330.19,330.01,330.12,11871.0
10:23,330.14,330.16,330.04,330.08,9160.0
10:24,329.95,330.18,329.9,330.1,25859.0
10:25,329.72,329.94,329.64,329.94,11278.0
10:26,329.56,329.7,329.55,329.67,8995.0
10:27,329.53,329.55,329.44,329.53,14830.0
10:28,329.33,329.59,329.3,329.5,8448.0
10:29,329.2,329.34,329.15,329.26,5008.0
10:30,329.26,329.35,329.15,329.18,8669.0
10:31,329.43,329.58,329.22,329.22,12614.0
10:32,329.77,329.77,329.43,329.43,8284.0
10:33,329.84,329.92,329.75,329.77,7658.0
10:34,329.88,329.96,329.8,329.81,6376.0
10:35,329.88,329.9,329.76,329.81,3599.0
10:36,329.85,330.0,329.82,329.88,18061.0
10:37,329.97,330.05,329.86,329.86,11734.0
10:38,329.99,330.05,329.94,329.97,4793.0
10:39,330.08,330.17,330.0,330.04,13062.0
10:40,330.4,330.42,330.08,330.08,13446.0
10:41,330.47,330.55,330.33,330.4,12491.0
10:42,330.56,330.7,330.44,330.44,9874.0
10:43,330.65,330.77,330.55,330.55,5332.0
10:44,330.65,330.66,330.52,330.58,8882.0
10:45,330.77,330.8,330.6,330.65,4831.0
10:46,330.9,331.0,330.75,330.76,8716.0
10:47,330.99,331.12,330.89,330.89,6328.0
10:48,330.74,331.05,330.68,331.05,12716.0
10:49,330.64,330.78,330.48,330.75,5099.0
10:50,330.84,330.84,330.69,330.73,4102.0
10:51,330.73,330.84,330.55,330.82,5996.0
10:52,330.57,330.8,330.52,330.73,11292.0
10:53,330.55,330.62,330.42,330.57,9292.0
10:54,330.74,330.77,330.48,330.62,9022.0
10:55,331.17,331.17,330.7,330.7,7415.0
10:56,331.28,331.33,331.03,331.1,8520.0
10:57,331.5,331.5,331.23,331.28,21638.0
10:58,331.5,331.5,331.36,331.39,7212.0
10:59,331.53,331.53,331.36,331.43,10578.0
11:00,331.31,331.76,331.28,331.5,16187.0
11:01,331.37,331.49,331.23,331.32,18201.0
11:02,331.49,331.52,331.2,331.36,9279.0
11:03,331.7,331.7,331.45,331.49,5947.0
11:04,331.86,332.0,331.64,331.76,11596.0
11:05,331.97,332.1,331.76,331.85,9856.0
11:06,332.38,332.39,331.95,331.95,14345.0
11:07,332.33,332.5,332.2,332.38,19644.0
11:08,332.41,332.41,332.21,332.33,12520.0
11:09,332.32,332.41,332.1,332.41,9936.0
11:10,332.32,332.41,332.14,332.26,8397.0
11:11,332.6,332.65,332.32,332.32,8913.0
11:12,332.78,332.8,332.6,332.6,9392.0
11:13,332.66,332.73,332.57,332.69,9897.0
11:14,332.54,332.6,332.46,332.57,6198.0
11:15,332.39,332.59,332.34,332.53,12784.0
11:16,332.24,332.42,332.14,332.36,8425.0
11:17,332.26,332.36,332.15,332.24,7695.0
11:18,332.19,332.28,331.92,332.28,8136.0
11:19,331.98,332.19,331.86,332.11,5351.0
11:20,332.18,332.19,331.95,332.02,7816.0
11:21,332.05,332.21,332.02,332.18,8964.0
11:22,332.0,332.05,331.93,332.05,5676.0
11:23,331.91,332.1,331.86,331.98,7299.0
11:24,331.66,331.94,331.56,331.93,8202.0
11:25,331.34,331.65,331.32,331.62,10849.0
11:26,331.33,331.36,331.14,331.31,7100.0
11:27,331.34,331.35,331.17,331.31,11023.0
11:28,331.38,331.49,331.23,331.27,5916.0
11:29,331.34,331.36,331.22,331.3,7653.0
11:30,331.52,331.57,331.26,331.31,12212.0
11:31,331.58,331.68,331.42,331.51,11929.0
11:32,331.35,331.55,331.23,331.53,10524.0
11:33,331.33,331.51,331.31,331.35,9009.0
11:34,331.43,331.43,331.2,331.37,9754.0
11:35,331.66,331.78,331.38,331.47,7238.0
11:36,331.6,331.8,331.52,331.71,9149.0
11:37,331.48,331.62,331.39,331.61,5892.0
11:38,331.49,331.49,331.3,331.48,11550.0
11:39,331.58,331.65,331.46,331.49,10345.0
11:40,331.69,331.79,331.64,331.64,8096.0
11:41,331.54,331.74,331.54,331.73,11300.0
11:42,331.56,331.79,331.55,331.55,8378.0
11:43,331.73,331.73,331.45,331.52,3421.0
11:44,331.6,331.76,331.6,331.76,5711.0
11:45,331.58,331.67,331.54,331.55,4079.0
11:46,331.6,331.65,331.53,331.61,3728.0
11:47,331.69,331.75,331.64,331.64,7945.0
11:48,331.48,331.75,331.48,331.7,10346.0
11:49,331.63,331.66,331.52,331.55,3683.0
11:50,331.76,331.76,331.66,331.66,6167.0
11:51,331.91,331.94,331.82,331.82,4131.0
11:52,331.73,332.0,331.7,331.89,7450.0
11:53,331.73,331.83,331.7,331.71,2417.0
11:54,331.91,331.91,331.71,331.77,7518.0
11:55,331.86,331.98,331.83,331.95,9095.0
11:56,331.81,331.88,331.74,331.8,4865.0
11:57,331.68,331.82,331.68,331.81,9118.0
11:58,331.51,331.73,331.5,331.73,7591.0
11:59,331.63,331.63,331.41,331.56,13630.0
12:00,331.79,331.79,331.55,331.58,7009.0
12:01,331.6,331.85,331.6,331.79,7634.0
12:02,331.77,331.82,331.61,331.61,5369.0
12:03,331.67,331.79,331.63,331.74,6283.0
12:04,331.62,331.69,331.58,331.63,4185.0
12:05,331.58,331.7,331.55,331.55,4363.0
12:06,331.5,331.59,331.47,331.58,2913.0
12:07,331.65,331.69,331.52,331.54,7618.0
12:08,331.56,331.7,331.45,331.67,17576.0
12:09,331.55,331.58,331.47,331.57,6728.0
12:10,331.64,331.74,331.54,331.55,6663.0
12:11,331.64,331.7,331.52,331.67,4005.0
12:12,331.8,331.8,331.63,331.64,3221.0
12:13,331.83,331.87,331.8,331.8,5838.0
12:14,331.9,331.92,331.74,331.85,12304.0
12:15,331.87,331.94,331.84,331.88,5994.0
12:16,331.92,331.98,331.8,331.85,5600.0
12:17,332.01,332.1,331.93,331.94,30073.0
12:18,332.03,332.1,331.98,332.01,4645.0
12:19,332.19,332.32,332.09,332.1,35146.0
12:20,331.98,332.18,331.96,332.18,8820.0
12:21,332.03,332.09,331.92,331.94,5419.0
12:22,331.97,332.08,331.97,332.03,2767.0
12:23,332.0,332.08,331.94,331.96,3246.0
12:24,332.08,332.1,331.99,332.0,23345.0
12:25,332.08,332.13,332.06,332.12,9116.0
12:26,332.05,332.13,332.05,332.08,13930.0
12:27,331.9,332.06,331.89,332.06,5934.0
12:28,331.96,332.0,331.9,331.94,6767.0
12:29,332.06,332.1,331.93,331.96,15491.0
12:30,332.2,332.25,332.07,332.07,28840.0
12:31,332.1,332.28,332.08,332.2,13774.0
12:32,332.02,332.15,331.99,332.11,13399.0
12:33,332.02,332.06,331.98,332.06,9530.0
12:34,332.09,332.12,332.05,332.06,33661.0
12:35,332.08,332.15,332.07,332.09,8576.0
12:36,331.89,332.08,331.84,332.08,10320.0
12:37,331.81,331.95,331.8,331.89,6911.0
12:38,331.73,331.84,331.71,331.81,5606.0
12:39,331.62,331.77,331.6,331.73,10727.0
12:40,331.43,331.66,331.4,331.66,19901.0
12:41,331.31,331.44,331.3,331.44,5377.0
12:42,331.45,331.47,331.26,331.3,11493.0
12:43,331.5,331.53,331.44,331.48,3761.0
12:44,331.39,331.48,331.39,331.48,4024.0
12:45,331.36,331.39,331.22,331.39,7982.0
12:46,331.4,331.44,331.34,331.37,4730.0
12:47,331.38,331.38,331.3,331.37,3546.0
12:48,331.29,331.43,331.27,331.39,4488.0
12:49,331.36,331.42,331.32,331.33,5232.0
12:50,331.27,331.38,331.27,331.33,4327.0
12:51,331.48,331.48,331.26,331.27,9450.0
12:52,331.37,331.47,331.35,331.45,7737.0
12:53,331.3,331.37,331.21,331.35,5023.0
12:54,331.25,331.29,331.2,331.25,3497.0
12:55,331.1,331.25,331.08,331.24,7947.0
12:56,331.02,331.09,330.98,331.08,8630.0
12:57,330.99,330.99,330.9,330.98,7741.0
12:58,330.84,331.03,330.84,330.96,5329.0
12:59,330.76,330.94,330.76,330.87,6036.0
13:00,330.88,330.88,330.66,330.72,5160.0
13:01,330.89,330.92,330.81,330.92,4480.0
13:02,330.92,330.95,330.84,330.87,6116.0
13:03,330.77,330.92,330.73,330.92,8384.0
13:04,330.57,330.79,330.57,330.77,5975.0
13:05,330.36,330.63,330.33,330.56,4547.0
13:06,330.34,330.47,330.31,330.36,6376.0
13:07,330.3,330.47,330.28,330.34,5119.0
13:08,330.16,330.37,330.16,330.34,5253.0
13:09,330.11,330.22,330.11,330.16,7457.0
13:10,330.18,330.18,330.09,330.14,8377.0
13:11,330.2,330.23,330.08,330.14,4470.0
13:12,330.27,330.35,330.14,330.2,12509.0
13:13,330.14,330.29,330.13,330.23,6743.0
13:14,330.03,330.14,329.88,330.14,10677.0
13:15,330.0,330.17,329.95,330.06,6872.0
13:16,330.01,330.18,329.99,330.04,5406.0
13:17,330.07,330.17,330.04,330.1,4028.0
13:18,330.09,330.11,330.0,330.07,4478.0
13:19,330.02,330.09,330.02,330.07,7612.0
13:20,330.17,330.17,330.03,330.04,6834.0
13:21,330.2,330.27,330.12,330.14,9633.0
13:22,330.34,330.34,330.2,330.23,4847.0
13:23,330.32,330.44,330.32,330.37,9560.0
13:24,330.26,330.37,330.22,330.32,7425.0
13:25,330.17,330.26,330.15,330.26,11026.0
13:26,330.02,330.2,329.93,330.15,15727.0
13:27,329.94,330.14,329.9,330.08,14185.0
13:28,330.0,330.01,329.9,329.95,8823.0
13:29,329.89,330.06,329.86,329.99,4571.0
13:30,329.93,329.93,329.8,329.87,11973.0
13:31,329.86,329.98,329.84,329.92,7670.0
13:32,329.66,329.86,329.63,329.81,6857.0
13:33,329.54,329.67,329.54,329.64,5819.0
13:34,329.39,329.52,329.36,329.48,7369.0
13:35,329.42,329.47,329.35,329.43,16237.0
13:36,329.53,329.54,329.4,329.46,9409.0
13:37,329.5,329.57,329.32,329.53,13314.0
13:38,329.5,329.59,329.45,329.51,6870.0
13:39,329.63,329.67,329.49,329.49,7140.0
13:40,329.59,329.77,329.58,329.58,9597.0
13:41,329.67,329.7,329.5,329.61,11731.0
13:42,329.56,329.7,329.56,329.64,7429.0
13:43,329.79,329.79,329.56,329.56,8429.0
13:44,329.95,329.95,329.74,329.84,10918.0
13:45,329.83,329.91,329.83,329.88,4207.0
13:46,330.07,330.1,329.83,329.83,11406.0
13:47,329.92,330.14,329.92,329.99,7615.0
13:48,329.89,329.96,329.88,329.91,7608.0
13:49,329.9,329.94,329.7,329.89,23993.0
13:50,329.99,330.05,329.89,329.89,9000.0
13:51,330.1,330.15,330.02,330.04,4836.0
13:52,330.3,330.3,330.14,330.15,4702.0
13:53,330.36,330.38,330.18,330.34,6264.0
13:54,330.45,330.51,330.34,330.36,5150.0
13:55,330.45,330.53,330.29,330.5,13504.0
13:56,330.23,330.49,330.23,330.45,20433.0
13:57,330.21,330.38,330.16,330.26,13017.0
13:58,330.2,330.24,330.16,330.2,2674.0
13:59,330.3,330.3,330.2,330.2,9544.0
14:00,330.22,330.39,330.22,330.32,5862.0
14:01,330.22,330.23,330.14,330.19,3990.0
14:02,330.35,330.46,330.17,330.21,5783.0
14:03,330.36,330.49,330.35,330.46,5616.0
14:04,330.33,330.43,330.33,330.34,5950.0
14:05,330.43,330.43,330.3,330.33,4154.0
14:06,330.33,330.43,330.3,330.43,4933.0
14:07,330.38,330.44,330.3,330.3,6983.0
14:08,330.27,330.45,330.27,330.43,5601.0
14:09,330.15,330.37,330.15,330.34,8080.0
14:10,330.16,330.21,330.08,330.15,11069.0
14:11,329.94,330.24,329.91,330.2,23505.0
14:12,330.14,330.21,329.93,329.94,6935.0
14:13,330.12,330.17,330.07,330.17,1843.0
14:14,330.02,330.21,329.96,330.17,9481.0
14:15,329.99,330.0,329.95,329.98,4072.0
14:16,330.13,330.17,329.96,329.99,10460.0
14:17,330.02,330.24,330.02,330.24,4735.0
14:18,330.08,330.17,330.03,330.05,3855.0
14:19,330.22,330.22,330.08,330.12,9170.0
14:20,330.17,330.28,330.11,330.25,8685.0
14:21,330.07,330.2,330.04,330.17,2519.0
14:22,330.17,330.19,329.99,330.04,8019.0
14:23,330.0,330.21,330.0,330.15,4762.0
14:24,329.9,330.03,329.87,330.03,5795.0
14:25,330.01,330.01,329.88,329.91,6226.0
14:26,329.96,330.01,329.9,330.01,3487.0
14:27,330.15,330.16,329.97,329.97,4485.0
14:28,330.0,330.08,329.88,330.08,9863.0
14:29,330.1,330.11,329.97,329.97,6535.0
14:30,330.07,330.13,330.03,330.08,5497.0
14:31,330.09,330.16,330.06,330.1,4780.0
14:32,330.11,330.16,330.08,330.11,4754.0
14:33,330.12,330.2,330.11,330.11,3298.0
14:34,330.27,330.27,330.1,330.12,4658.0
14:35,330.21,330.29,330.16,330.24,6318.0
14:36,330.27,330.3,330.2,330.21,8458.0
14:37,330.24,330.34,330.21,330.32,5817.0
14:38,330.26,330.29,330.15,330.23,6277.0
14:39,330.31,330.35,330.25,330.29,6326.0
14:40,330.3,330.41,330.28,330.28,4577.0
14:41,330.32,330.35,330.28,330.32,2859.0
14:42,330.34,330.34,330.26,330.32,2381.0
14:43,330.14,330.38,330.14,330.37,7727.0
14:44,330.25,330.25,330.15,330.17,4636.0
14:45,330.26,330.29,330.23,330.29,1990.0
14:46,330.3,330.35,330.27,330.27,5265.0
14:47,330.3,330.32,330.26,330.29,3282.0
14:48,330.27,330.33,330.25,330.31,4649.0
14:49,330.33,330.33,330.23,330.26,10159.0
14:50,330.35,330.35,330.26,330.3,5918.0
14:51,330.53,330.58,330.33,330.33,6011.0
14:52,330.55,330.55,330.46,330.53,3711.0
14:53,330.58,330.6,330.54,330.55,4490.0
14:54,330.57,330.62,330.51,330.55,4760.0
14:55,330.63,330.63,330.54,330.58,3798.0
14:56,330.57,330.6,330.57,330.59,2676.0
14:57,330.59,330.6,330.51,330.57,5151.0
14:58,330.56,330.63,330.56,330.59,3005.0
14:59,330.42,330.59,330.41,330.55,7140.0
15:00,330.48,330.55,330.4,330.4,7757.0
15:01,330.43,330.47,330.39,330.46,4173.0
15:02,330.4,330.45,330.36,330.39,3419.0
15:03,330.36,330.45,330.35,330.4,2227.0
15:04,330.45,330.46,330.3,330.34,6696.0
15:05,330.43,330.53,330.42,330.42,2925.0
15:06,330.4,330.45,330.4,330.45,6546.0
15:07,330.48,330.51,330.4,330.4,4994.0
15:08,330.42,330.48,330.4,330.48,4152.0
15:09,330.51,330.52,330.39,330.4,6034.0
15:10,330.51,330.58,330.51,330.53,4168.0
15:11,330.44,330.51,330.43,330.49,4741.0
15:12,330.49,330.5,330.43,330.46,6704.0
15:13,330.47,330.56,330.47,330.49,7871.0
15:14,330.46,330.5,330.45,330.47,6237.0
15:15,330.47,330.5,330.45,330.47,5868.0
15:16,330.56,330.56,330.47,330.48,11580.0
15:17,330.56,330.58,330.52,330.55,4961.0
15:18,330.61,330.69,330.55,330.55,11377.0
15:19,330.58,330.61,330.57,330.61,3570.0
15:20,330.62,330.68,330.6,330.6,5464.0
15:21,330.76,330.78,330.62,330.65,10368.0
15:22,330.85,330.86,330.73,330.76,11529.0
15:23,330.85,330.91,330.79,330.86,6828.0
15:24,330.75,330.83,330.7,330.82,7826.0
15:25,330.64,330.8,330.64,330.78,4474.0
15:26,330.64,330.71,330.61,330.63,38177.0
15:27,330.68,330.68,330.5,330.61,8680.0
15:28,330.66,330.7,330.64,330.68,12393.0
15:29,330.66,330.69,330.62,330.65,10232.0
15:30,330.57,330.66,330.52,330.64,8467.0
15:31,330.64,330.69,330.54,330.58,14940.0
15:32,330.66,330.67,330.57,330.63,6635.0
15:33,330.55,330.63,330.49,330.63,7449.0
15:34,330.52,330.67,330.5,330.57,15268.0
15:35,330.54,330.58,330.46,330.52,9203.0
15:36,330.55,330.59,330.51,330.56,6761.0
15:37,330.55,330.62,330.52,330.53,10146.0
15:38,330.52,330.61,330.45,330.55,12954.0
15:39,330.48,330.52,330.44,330.48,9657.0
15:40,330.54,330.58,330.39,330.45,16319.0
15:41,330.54,330.56,330.52,330.55,4256.0
15:42,330.19,330.53,330.17,330.53,41427.0
15:43,330.12,330.19,330.09,330.19,16032.0
15:44,330.04,330.17,330.02,330.15,12579.0
15:45,329.92,330.11,329.92,330.05,16528.0
15:46,329.88,330.23,329.88,329.95,32981.0
15:47,329.87,329.95,329.87,329.89,17208.0
15:48,329.89,329.92,329.65,329.87,29883.0
15:49,330.09,330.11,329.79,329.86,14270.0
15:50,329.91,330.12,329.85,330.09,29468.0
15:51,329.88,330.0,329.87,329.93,19637.0
15:52,329.77,329.99,329.75,329.9,24690.0
15:53,329.7,329.81,329.66,329.77,23749.0
15:54,329.48,329.7,329.44,329.69,27316.0
15:55,329.44,329.51,329.32,329.48,36105.0
15:56,329.45,329.47,329.36,329.45,46015.0
15:57,329.3,329.48,329.24,329.46,47465.0
15:58,329.6,329.6,329.25,329.28,94897.0
15:59,329.61,329.83,329.54,329.61,120450.0
