Time,Close,High,Low,Open,Volume
09:30,334.8,336.08,334.44,335.89,138518.0
09:31,335.54,335.54,333.61,334.8,24449.0
09:32,335.16,335.78,335.15,335.49,11372.0
09:33,335.92,336.02,335.33,335.33,15539.0
09:34,335.53,336.05,335.17,335.79,18738.0
09:35,334.49,335.55,334.46,335.39,25649.0
09:36,333.66,334.61,333.22,334.49,23423.0
09:37,333.71,333.79,333.21,333.66,8529.0
09:38,333.29,334.05,333.22,333.68,26643.0
09:39,333.71,333.79,333.11,333.32,17797.0
09:40,333.33,333.79,333.2,333.64,13145.0
09:41,333.77,334.04,333.43,333.55,6974.0
09:42,333.71,334.08,333.5,333.77,18510.0
09:43,333.29,333.95,333.11,333.86,13210.0
09:44,333.35,333.52,333.18,333.52,5131.0
09:45,333.24,333.28,332.36,333.18,37774.0
09:46,332.88,333.15,332.46,333.15,18006.0
09:47,332.83,333.08,332.57,332.88,9615.0
09:48,332.73,333.34,332.64,332.71,8996.0
09:49,332.38,332.72,332.2,332.71,21803.0
09:50,331.96,332.51,331.78,332.37,26816.0
09:51,332.12,332.21,331.42,332.02,12013.0
09:52,331.39,332.13,331.23,332.13,18831.0
09:53,331.26,332.0,331.26,331.32,14467.0
09:54,331.5,331.61,331.33,331.33,6320.0
09:55,331.82,331.82,331.33,331.42,18661.0
09:56,331.49,331.99,331.39,331.94,20669.0
09:57,331.21,331.59,331.15,331.49,21742.0
09:58,330.94,331.39,330.88,331.21,38088.0
09:59,331.03,331.23,330.88,330.95,16723.0
10:00,331.3,331.3,330.75,331.12,27724.0
10:01,331.23,331.44,331.0,331.3,41374.0
10:02,331.3,331.46,330.93,331.23,22346.0
10:03,331.57,331.68,331.19,331.41,13759.0
10:04,331.82,332.0,331.44,331.58,20587.0
10:05,331.24,331.87,331.0,331.82,18610.0
10:06,331.3,331.45,331.13,331.22,5497.0
10:07,331.39,331.46,331.13,331.2,5949.0
10:08,330.99,331.43,330.91,331.39,30263.0
10:09,331.05,331.21,330.81,331.0,47005.0
10:10,330.97,331.1,330.83,331.01,25619.0
10:11,331.51,331.54,330.96,331.01,68097.0
10:12,331.83,332.0,331.21,331.27,26127.0
10:13,330.84,331.83,330.69,331.83,34377.0
10:14,330.57,330.97,330.42,330.84,23854.0
10:15,330.33,330.63,330.22,330.58,25074.0
10:16,330.99,331.07,330.25,330.25,63937.0
10:17,330.79,331.08,330.68,330.98,28093.0
10:18,330.82,331.08,330.72,331.08,9991.0
10:19,331.05,331.05,330.77,330.96,21261.0
10:20,331.0,331.05,330.87,331.03,26752.0
10:21,331.35,331.41,330.96,331.03,56839.0
10:22,331.09,331.45,331.05,331.35,21608.0
10:23,330.94,331.14,330.74,331.14,13276.0
10:24,330.92,331.01,330.82,330.94,14340.0
10:25,330.51,330.86,330.39,330.84,11974.0
10:26,330.65,330.65,330.3,330.52,7596.0
10:27,330.99,331.0,330.4,330.52,10260.0
10:28,330.6,331.05,330.51,331.05,9714.0
10:29,330.98,331.07,330.61,330.65,17060.0
10:30,330.9,331.2,330.74,331.0,28901.0
10:31,330.49,330.79,330.4,330.77,8100.0
10:32,330.71,330.75,330.47,330.52,4788.0
10:33,330.97,331.06,330.71,330.72,9483.0
10:34,330.98,331.03,330.76,331.03,9181.0
10:35,331.01,331.01,330.87,330.92,8789.0
10:36,331.1,331.1,330.89,331.01,15060.0
10:37,330.98,331.45,330.98,331.08,14937.0
10:38,331.05,331.17,330.93,330.98,10504.0
10:39,330.97,331.15,330.82,331.05,8304.0
10:40,331.17,331.3,330.85,330.98,29248.0
10:41,330.99,331.29,330.94,331.23,11941.0
10:42,331.13,331.3,331.0,331.16,8750.0
10:43,331.5,331.62,331.12,331.16,11220.0
10:44,331.02,331.68,331.02,331.45,14915.0
10:45,331.79,331.88,331.02,331.06,12476.0
10:46,331.76,331.89,331.53,331.79,8566.0
10:47,331.73,331.96,331.6,331.85,11943.0
10:48,331.42,331.77,331.3,331.73,20161.0
10:49,331.18,331.62,331.18,331.4,12506.0
10:50,330.9,331.31,330.89,331.2,12266.0
10:51,331.19,331.23,330.85,330.91,15714.0
10:52,331.24,331.31,331.05,331.18,18361.0
10:53,331.6,331.67,331.2,331.24,25141.0
10:54,332.05,332.05,331.54,331.54,13807.0
10:55,332.01,332.05,331.85,332.04,12312.0
10:56,331.8,332.24,331.51,332.1,14309.0
10:57,331.68,331.9,331.51,331.8,10108.0
10:58,331.55,331.72,331.38,331.68,10285.0
10:59,331.56,331.72,331.36,331.55,14606.0
11:00,331.41,331.73,331.41,331.49,9729.0
11:01,331.59,331.59,331.31,331.48,3867.0
11:02,331.55,331.76,331.5,331.65,7234.0
11:03,331.43,331.56,331.33,331.48,5351.0
11:04,331.25,331.49,331.24,331.43,7085.0
11:05,331.23,331.31,331.02,331.19,10937.0
11:06,331.14,331.31,331.07,331.2,3489.0
11:07,331.2,331.23,331.11,331.14,6046.0
11:08,331.34,331.35,331.09,331.12,6869.0
11:09,331.28,331.54,331.19,331.35,10893.0
11:10,331.34,331.41,331.24,331.36,3492.0
11:11,331.55,331.55,331.25,331.46,4894.0
11:12,331.52,331.56,331.38,331.48,19292.0
11:13,331.66,331.74,331.52,331.52,4913.0
11:14,331.61,331.64,331.53,331.62,4363.0
11:15,331.64,331.64,331.49,331.56,14529.0
11:16,331.5,331.64,331.34,331.58,11085.0
11:17,331.05,331.52,331.05,331.51,10194.0
11:18,331.26,331.3,331.05,331.06,5619.0
11:19,331.21,331.3,331.08,331.26,7446.0
11:20,330.99,331.24,330.94,331.24,13766.0
11:21,331.21,331.25,331.01,331.01,8890.0
11:22,331.21,331.24,331.17,331.21,5288.0
11:23,331.24,331.27,331.15,331.21,16451.0
11:24,331.5,331.53,331.26,331.27,8051.0
11:25,331.43,331.51,331.37,331.46,7759.0
11:26,331.5,331.5,331.36,331.42,4023.0
11:27,331.5,331.52,331.35,331.47,9652.0
11:28,331.72,331.72,331.48,331.5,19841.0
11:29,331.7,331.83,331.54,331.72,16602.0
11:30,331.51,331.81,331.44,331.68,13746.0
11:31,331.52,331.59,331.41,331.51,5488.0
11:32,331.24,331.52,331.16,331.52,13695.0
11:33,331.41,331.44,331.19,331.23,7108.0
11:34,331.4,331.46,331.33,331.41,3147.0
11:35,331.62,331.64,331.34,331.48,18446.0
11:36,331.69,331.75,331.56,331.68,6329.0
11:37,331.75,331.75,331.6,331.73,5857.0
11:38,331.83,332.01,331.76,331.76,8434.0
11:39,331.96,331.99,331.8,331.87,4072.0
11:40,331.95,332.0,331.89,331.95,8882.0
11:41,331.92,332.08,331.89,331.91,19591.0
11:42,331.8,332.0,331.76,331.96,8676.0
11:43,331.91,331.91,331.68,331.77,6366.0
11:44,331.85,331.88,331.75,331.88,7184.0
11:45,331.92,332.0,331.78,331.89,9306.0
11:46,331.7,331.9,331.69,331.9,4885.0
11:47,331.74,331.82,331.56,331.7,5313.0
11:48,331.67,331.78,331.6,331.74,4119.0
11:49,331.89,331.95,331.67,331.71,3285.0
11:50,331.98,332.0,331.89,331.94,7198.0
11:51,331.74,332.0,331.65,331.97,15815.0
11:52,331.82,331.94,331.67,331.77,8916.0
11:53,331.81,331.95,331.7,331.72,4504.0
11:54,331.86,331.9,331.83,331.85,1939.0
11:55,331.83,331.89,331.76,331.83,6965.0
11:56,331.94,331.96,331.87,331.87,5004.0
11:57,331.87,332.0,331.86,331.94,5746.0
11:58,332.07,332.07,331.86,331.96,6229.0
11:59,332.01,332.12,331.94,332.02,7143.0
12:00,332.05,332.07,331.86,331.99,7658.0
12:01,331.99,332.1,331.96,332.0,5562.0
12:02,332.04,332.06,331.91,331.94,3313.0
12:03,332.05,332.1,331.97,332.06,9911.0
12:04,331.98,332.07,331.96,332.04,10742.0
12:05,332.12,332.15,331.94,331.99,15680.0
12:06,332.11,332.17,332.03,332.07,8526.0
12:07,332.09,332.15,332.07,332.12,5992.0
12:08,332.15,332.25,332.07,332.09,13834.0
12:09,332.0,332.21,332.0,332.16,6931.0
12:10,332.01,332.17,331.96,332.0,11910.0
12:11,332.15,332.21,332.01,332.01,10693.0
12:12,332.08,332.25,332.04,332.19,8994.0
12:13,332.02,332.17,331.98,332.04,8639.0
12:14,331.57,332.05,331.57,331.99,8531.0
12:15,331.58,331.73,331.51,331.65,11611.0
12:16,331.6,331.69,331.58,331.58,7719.0
12:17,331.68,331.73,331.63,331.64,3496.0
12:18,331.72,331.74,331.63,331.72,6982.0
12:19,331.65,331.73,331.63,331.73,5566.0
12:20,331.98,331.98,331.65,331.65,8578.0
12:21,331.77,331.94,331.77,331.92,5879.0
12:22,331.82,331.9,331.71,331.75,6478.0
12:23,331.74,331.93,331.67,331.87,8895.0
12:24,331.67,331.74,331.6,331.74,3663.0
12:25,331.46,331.69,331.44,331.67,18104.0
12:26,331.45,331.56,331.25,331.46,8762.0
12:27,331.51,331.54,331.4,331.45,6155.0
12:28,331.66,331.66,331.26,331.45,8618.0
12:29,331.88,331.93,331.61,331.66,4260.0
12:30,331.66,332.06,331.65,331.88,10906.0
12:31,331.73,331.79,331.61,331.62,6714.0
12:32,331.4,331.67,331.38,331.61,6124.0
12:33,331.35,331.5,331.3,331.43,6859.0
12:34,331.52,331.61,331.35,331.35,4408.0
12:35,331.64,331.68,331.48,331.57,5048.0
12:36,331.68,331.85,331.64,331.67,7005.0
12:37,331.79,331.84,331.64,331.68,3338.0
12:38,331.96,332.08,331.79,331.84,6934.0
12:39,331.97,332.07,331.9,331.96,2576.0
12:40,331.78,331.95,331.73,331.93,4895.0
12:41,331.76,331.91,331.71,331.82,5157.0
12:42,331.67,331.83,331.64,331.76,3099.0
12:43,331.44,331.69,331.29,331.62,6856.0
12:44,331.49,331.5,331.34,331.34,3383.0
12:45,331.47,331.64,331.42,331.56,6027.0
12:46,331.36,331.57,331.3,331.46,8586.0
12:47,331.36,331.42,331.31,331.33,3789.0
12:48,331.26,331.36,331.18,331.36,7867.0
12:49,331.2,331.25,331.11,331.25,5769.0
12:50,330.95,331.24,330.95,331.21,9292.0
12:51,330.88,331.0,330.81,330.93,10525.0
12:52,331.06,331.06,330.82,330.88,13146.0
12:53,331.11,331.19,331.03,331.06,5300.0
12:54,331.05,331.19,331.0,331.18,6506.0
12:55,331.19,331.19,330.95,331.05,6781.0
12:56,331.05,331.15,330.98,331.11,5048.0
12:57,331.08,331.12,330.92,331.03,5589.0
12:58,331.06,331.16,331.04,331.11,2519.0
12:59,331.17,331.21,331.05,331.15,8968.0
13:00,331.05,331.3,331.01,331.17,5199.0
13:01,330.96,331.13,330.88,331.05,9394.0
13:02,330.99,330.99,330.8,330.85,6109.0
13:03,330.83,331.04,330.78,330.95,5871.0
13:04,330.73,330.84,330.61,330.83,6390.0
13:05,330.7,330.84,330.58,330.72,6477.0
13:06,330.79,330.88,330.7,330.7,5123.0
13:07,330.86,330.9,330.78,330.85,5241.0
13:08,330.7,330.86,330.64,330.86,3988.0
13:09,330.76,330.79,330.62,330.71,6072.0
13:10,330.94,330.98,330.76,330.77,4942.0
13:11,331.03,331.03,330.77,330.77,4286.0
13:12,331.03,331.23,330.96,331.03,6279.0
13:13,331.02,331.18,330.9,331.03,4790.0
13:14,331.17,331.19,331.07,331.07,4326.0
13:15,331.15,331.19,331.07,331.17,3456.0
13:16,331.08,331.27,331.07,331.15,5790.0
13:17,330.86,331.15,330.86,331.15,5236.0
13:18,330.79,330.89,330.73,330.84,3725.0
13:19,330.61,330.79,330.55,330.77,8700.0
13:20,330.48,330.62,330.4,330.61,9329.0
13:21,330.27,330.49,330.18,330.44,19952.0
13:22,330.17,330.31,330.09,330.27,5461.0
13:23,330.35,330.36,330.09,330.09,5872.0
13:24,330.39,330.47,330.28,330.4,7728.0
13:25,330.27,330.48,330.21,330.36,4469.0
13:26,330.32,330.37,330.15,330.22,26522.0
13:27,330.37,330.47,330.32,330.32,8474.0
13:28,330.21,330.32,330.16,330.31,7274.0
13:29,330.25,330.33,330.22,330.27,7957.0
13:30,330.41,330.41,330.15,330.21,9301.0
13:31,330.34,330.5,330.21,330.47,8793.0
13:32,330.32,330.35,330.21,330.27,5476.0
13:33,330.4,330.41,330.15,330.24,6901.0
13:34,330.26,330.38,330.19,330.38,4708.0
13:35,330.09,330.29,330.0,330.29,13509.0
13:36,329.84,330.07,329.78,330.07,30273.0
13:37,329.86,329.88,329.83,329.88,2502.0
13:38,329.89,330.01,329.84,329.84,10120.0
13:39,329.87,329.92,329.8,329.86,6602.0
13:40,329.73,329.86,329.63,329.86,6168.0
13:41,329.83,329.91,329.59,329.73,9820.0
13:42,329.74,329.86,329.71,329.86,4819.0
13:43,329.75,329.76,329.65,329.74,6520.0
13:44,329.7,329.76,329.65,329.75,7624.0
13:45,329.66,329.72,329.55,329.72,6710.0
13:46,329.53,329.71,329.53,329.61,7674.0
13:47,329.52,329.72,329.51,329.6,3926.0
13:48,329.48,329.6,329.43,329.57,5485.0
13:49,329.37,329.53,329.36,329.48,8302.0
13:50,329.51,329.58,329.38,329.5,6837.0
13:51,329.5,329.52,329.45,329.5,6697.0
13:52,329.61,329.62,329.43,329.5,10916.0
13:53,329.66,329.73,329.55,329.58,10490.0
13:54,329.7,329.75,329.61,329.7,6718.0
13:55,329.78,329.83,329.71,329.73,8338.0
13:56,329.85,329.9,329.66,329.79,35243.0
13:57,329.85,329.94,329.76,329.85,5995.0
13:58,329.86,330.0,329.72,329.88,9553.0
13:59,329.87,329.98,329.74,329.85,2546.0
14:00,329.88,330.0,329.69,329.88,16204.0
14:01,329.9,329.93,329.76,329.85,7973.0
14:02,329.93,329.97,329.86,329.89,12762.0
14:03,329.85,329.98,329.8,329.91,8497.0
14:04,329.76,329.95,329.76,329.91,3497.0
14:05,329.92,330.02,329.85,329.91,7765.0
14:06,329.99,330.01,329.85,329.97,9278.0
14:07,329.77,329.96,329.77,329.93,6113.0
14:08,329.75,329.87,329.74,329.8,3286.0
14:09,329.74,329.84,329.63,329.78,10542.0
14:10,329.77,329.81,329.61,329.69,6692.0
14:11,329.65,329.84,329.65,329.77,10801.0
14:12,329.81,329.83,329.65,329.68,4960.0
14:13,329.77,329.85,329.7,329.82,6743.0
14:14,329.9,329.9,329.69,329.77,10389.0
14:15,330.01,330.01,329.84,329.88,8537.0
14:16,329.85,330.01,329.78,330.0,10721.0
14:17,329.8,329.87,329.7,329.87,8520.0
14:18,329.86,329.98,329.74,329.8,10749.0
14:19,329.92,329.93,329.86,329.92,2936.0
14:20,329.9,330.01,329.83,329.96,10983.0
14:21,330.0,330.01,329.9,329.92,8865.0
14:22,330.12,330.16,330.0,330.0,12272.0
14:23,330.22,330.29,330.15,330.15,10071.0
14:24,330.35,330.39,330.23,330.23,10871.0
14:25,330.12,330.32,330.12,330.31,7715.0
14:26,330.04,330.17,330.0,330.17,10346.0
14:27,330.24,330.24,330.0,330.04,4834.0
14:28,330.45,330.45,330.2,330.26,4854.0
14:29,330.55,330.64,330.45,330.45,7203.0
14:30,330.59,330.72,330.46,330.6,7400.0
14:31,330.36,330.58,330.33,330.5,9731.0
14:32,330.45,330.55,330.37,330.47,5482.0
14:33,330.41,330.5,330.31,330.38,5319.0
14:34,330.42,330.5,330.33,330.41,3235.0
14:35,330.38,330.45,330.28,330.41,6156.0
14:36,330.4,330.47,330.24,330.35,6938.0
14:37,330.39,330.58,330.34,330.4,24018.0
14:38,330.37,330.48,330.33,330.45,5300.0
14:39,330.42,330.56,330.33,330.41,7959.0
14:40,330.15,330.43,330.12,330.43,6474.0
14:41,330.14,330.3,330.13,330.18,8847.0
14:42,330.16,330.25,330.05,330.21,6903.0
14:43,330.1,330.18,330.05,330.17,12057.0
14:44,330.12,330.2,329.94,330.05,29555.0
14:45,330.17,330.25,330.11,330.12,9167.0
14:46,330.2,330.27,330.1,330.17,10723.0
14:47,330.14,330.26,330.14,330.2,12182.0
14:48,329.87,330.11,329.87,330.11,7690.0
14:49,329.83,330.0,329.83,329.91,6015.0
14:50,329.98,330.01,329.8,329.83,5751.0
14:51,330.06,330.06,329.98,330.03,7519.0
14:52,330.01,330.04,329.97,330.02,9386.0
14:53,330.06,330.06,329.95,329.97,8438.0
14:54,329.9,330.07,329.9,330.03,14614.0
14:55,329.95,329.98,329.86,329.92,6135.0
14:56,330.03,330.04,329.91,329.95,11644.0
14:57,330.03,330.06,329.97,330.04,11652.0
14:58,329.95,330.06,329.94,330.03,11655.0
14:59,330.02,330.05,329.94,329.96,15312.0
15:00,329.95,330.06,329.95,330.02,16257.0
15:01,329.95,330.01,329.91,329.98,17253.0
15:02,329.88,329.99,329.86,329.94,16701.0
15:03,329.91,330.01,329.88,329.9,11367.0
15:04,329.77,329.9,329.76,329.9,8881.0
15:05,330.01,330.01,329.65,329.77,17408.0
15:06,329.96,330.01,329.92,329.97,6727.0
15:07,329.99,330.02,329.92,329.96,8919.0
15:08,329.87,330.03,329.83,330.0,10112.0
15:09,329.88,329.88,329.76,329.86,8708.0
15:10,329.96,329.96,329.83,329.83,5526.0
15:11,329.81,329.96,329.81,329.96,6458.0
15:12,329.87,329.92,329.76,329.83,6059.0
15:13,329.82,329.88,329.74,329.86,7386.0
15:14,329.87,329.87,329.77,329.82,4976.0
15:15,329.84,329.91,329.75,329.87,8635.0
15:16,329.95,329.99,329.85,329.88,8460.0
15:17,329.81,330.0,329.81,330.0,10396.0
15:18,329.72,329.88,329.66,329.81,8001.0
15:19,329.7,329.76,329.67,329.72,17039.0
15:20,329.7,329.75,329.67,329.7,7917.0
15:21,329.45,329.73,329.44,329.7,14713.0
15:22,329.51,329.54,329.38,329.45,9892.0
15:23,329.3,329.51,329.18,329.51,29420.0
15:24,329.17,329.3,329.06,329.3,24446.0
15:25,329.35,329.35,329.11,329.17,23629.0
15:26,329.15,329.41,329.12,329.36,13403.0
15:27,329.19,329.23,329.03,329.17,10351.0
15:28,329.2,329.35,329.14,329.22,12928.0
15:29,329.29,329.34,329.2,329.24,7631.0
15:30,329.21,329.26,329.07,329.26,24361.0
15:31,329.14,329.16,329.08,329.15,13958.0
15:32,329.29,329.31,329.11,329.16,12263.0
15:33,329.27,329.38,329.19,329.32,10374.0
15:34,329.24,329.38,329.1,329.32,14876.0
15:35,329.52,329.53,329.24,329.24,11374.0
15:36,329.59,329.69,329.47,329.47,18056.0
15:37,329.5,329.61,329.42,329.61,13809.0
15:38,329.59,329.64,329.42,329.51,36585.0
15:39,329.7,329.75,329.55,329.58,19018.0
15:40,329.6,329.76,329.48,329.71,23035.0
15:41,329.75,329.78,329.6,329.61,23394.0
15:42,329.91,329.95,329.68,329.78,15628.0
15:43,330.0,330.01,329.71,329.87,19441.0
15:44,329.98,330.02,329.89,329.98,25410.0
15:45,329.95,330.02,329.88,329.95,31614.0
15:46,330.15,330.15,329.85,329.95,31437.0
15:47,330.21,330.38,330.15,330.15,27959.0
15:48,330.39,330.64,330.26,330.27,31558.0
15:49,329.91,330.5,329.88,330.42,36675.0
15:50,330.35,330.44,329.9,329.9,33005.0
15:51,330.41,330.48,330.03,330.36,37131.0
15:52,329.96,330.41,329.92,330.36,43020.0
15:53,330.04,330.09,329.9,329.96,65293.0
15:54,329.96,330.11,329.91,330.04,97104.0
15:55,329.7,330.02,329.7,329.96,50253.0
15:56,329.67,329.84,329.62,329.68,51380.0
15:57,329.57,329.72,329.46,329.68,56524.0
15:58,329.89,329.94,329.57,329.6,73567.0
15:59,330.0,330.0,329.86,329.89,153580.0
