Time,Close,High,Low,Open,Volume
09:30,337.48,337.76,336.18,336.73,159085.0
09:31,337.55,337.55,336.22,337.16,27029.0
09:32,338.11,338.17,337.58,337.69,19179.0
09:33,337.86,338.0,337.29,337.96,8171.0
09:34,337.89,338.29,337.46,337.68,16192.0
09:35,337.88,338.23,337.19,337.96,24300.0
09:36,337.43,338.0,337.3,337.88,20840.0
09:37,337.38,337.57,336.97,337.3,16581.0
09:38,337.58,337.74,337.3,337.3,28757.0
09:39,337.88,338.12,337.58,337.58,13330.0
09:40,337.86,338.09,337.82,337.88,23301.0
09:41,337.71,337.91,337.38,337.88,21019.0
09:42,337.48,337.61,337.21,337.61,12120.0
09:43,337.08,337.7,337.08,337.48,28631.0
09:44,337.0,337.1,336.7,337.03,14323.0
09:45,337.39,337.39,336.7,337.11,20095.0
09:46,337.4,337.59,337.13,337.39,11160.0
09:47,337.36,337.71,337.07,337.38,15469.0
09:48,337.41,337.57,337.21,337.45,18895.0
09:49,336.86,337.47,336.86,337.37,23022.0
09:50,337.4,337.49,336.86,336.86,15111.0
09:51,337.25,337.43,337.08,337.34,17306.0
09:52,337.38,337.57,337.14,337.25,21931.0
09:53,337.52,337.62,337.31,337.33,11154.0
09:54,337.43,337.71,337.42,337.6,16523.0
09:55,337.5,337.82,337.35,337.43,15918.0
09:56,337.53,337.63,337.26,337.5,13925.0
09:57,336.7,337.56,336.69,337.49,16812.0
09:58,336.98,337.1,336.69,336.73,17551.0
09:59,337.0,337.05,336.81,336.95,18667.0
10:00,337.13,337.31,336.93,337.02,9948.0
10:01,337.35,337.45,337.04,337.3,13945.0
10:02,337.13,337.35,337.07,337.35,14049.0
10:03,337.02,337.31,336.91,337.06,47390.0
10:04,337.05,337.1,336.87,336.98,8918.0
10:05,336.93,337.18,336.5,337.05,17700.0
10:06,336.55,336.93,336.45,336.93,12821.0
10:07,336.49,336.69,336.2,336.55,17938.0
10:08,336.51,336.7,336.3,336.52,12394.0
10:09,336.78,336.82,336.37,336.37,10019.0
10:10,336.32,336.82,335.88,336.75,22450.0
10:11,336.27,336.4,336.18,336.25,8309.0
10:12,336.58,336.87,336.24,336.32,12265.0
10:13,337.01,337.22,336.66,336.66,24774.0
10:14,336.95,337.13,336.7,337.04,14174.0
10:15,336.6,337.0,336.54,336.9,50605.0
10:16,337.05,337.1,336.53,336.63,7826.0
10:17,337.27,337.42,336.96,337.05,15173.0
10:18,337.01,337.29,336.99,337.22,6552.0
10:19,337.04,337.12,336.84,337.06,11542.0
10:20,337.03,337.11,336.92,337.11,11907.0
10:21,336.89,337.13,336.89,337.04,11143.0
10:22,336.79,336.99,336.69,336.96,9866.0
10:23,336.4,337.0,336.33,336.73,75880.0
10:24,336.25,336.35,336.04,336.32,7520.0
10:25,335.84,336.42,335.66,336.22,14432.0
10:26,335.89,335.95,335.64,335.72,8618.0
10:27,335.93,336.17,335.83,335.83,10269.0
10:28,335.97,336.11,335.82,335.93,10705.0
10:29,335.93,336.04,335.8,336.0,9889.0
10:30,336.16,336.16,335.93,335.93,6321.0
10:31,336.18,336.22,335.96,336.17,6661.0
10:32,336.15,336.45,336.13,336.2,15142.0
10:33,336.26,336.37,336.07,336.15,10688.0
10:34,336.42,336.42,336.14,336.26,5922.0
10:35,336.57,336.76,336.41,336.41,15896.0
10:36,336.94,336.97,336.57,336.62,10930.0
10:37,336.95,337.06,336.86,336.89,13509.0
10:38,336.82,336.94,336.68,336.88,13401.0
10:39,336.69,336.86,336.69,336.73,8852.0
10:40,336.68,336.73,336.45,336.71,8067.0
10:41,336.78,336.83,336.53,336.57,6117.0
10:42,336.67,336.78,336.6,336.78,8343.0
10:43,336.96,337.05,336.67,336.67,9270.0
10:44,336.84,337.02,336.83,336.98,5844.0
10:45,336.7,337.05,336.68,336.94,30903.0
10:46,336.64,336.88,336.61,336.73,4982.0
10:47,336.71,336.8,336.59,336.7,4381.0
10:48,336.68,336.71,336.5,336.71,5451.0
10:49,336.82,336.85,336.64,336.68,7952.0
10:50,337.2,337.35,336.84,336.85,31419.0
10:51,336.67,337.26,336.5,337.2,25552.0
10:52,336.65,336.82,336.56,336.64,15216.0
10:53,336.86,336.99,336.65,336.65,11138.0
10:54,336.62,336.87,336.57,336.87,11187.0
10:55,336.75,336.75,336.55,336.67,10418.0
10:56,336.69,336.8,336.4,336.64,9577.0
10:57,336.73,336.87,336.7,336.7,7745.0
10:58,336.81,336.84,336.7,336.78,6532.0
10:59,336.81,336.85,336.62,336.74,13207.0
11:00,336.73,336.77,336.72,336.77,8937.0
11:01,336.62,336.87,336.6,336.76,11654.0
11:02,336.66,336.67,336.41,336.64,9743.0
11:03,336.85,336.87,336.58,336.68,10525.0
11:04,336.98,336.99,336.79,336.8,8287.0
11:05,337.28,337.28,336.98,336.99,19375.0
11:06,336.88,337.35,336.88,337.28,13254.0
11:07,337.05,337.14,336.9,336.9,32991.0
11:08,337.17,337.31,337.03,337.05,9593.0
11:09,337.09,337.2,337.01,337.2,6291.0
11:10,337.4,337.6,337.11,337.12,14657.0
11:11,337.49,337.5,337.4,337.45,24001.0
11:12,337.68,337.75,337.43,337.46,7503.0
11:13,337.67,337.85,337.62,337.74,6796.0
11:14,337.77,337.84,337.62,337.69,8358.0
11:15,338.0,338.18,337.77,337.77,11706.0
11:16,337.96,338.09,337.89,338.05,7695.0
11:17,337.9,338.24,337.9,338.03,6928.0
11:18,337.82,338.13,337.74,337.84,9244.0
11:19,337.58,337.86,337.58,337.83,5494.0
11:20,337.48,337.83,337.47,337.63,13600.0
11:21,337.5,337.53,337.36,337.52,7466.0
11:22,337.07,337.48,337.0,337.48,3606.0
11:23,336.95,337.07,336.81,337.07,5220.0
11:24,336.64,337.01,336.64,336.89,8103.0
11:25,336.71,336.86,336.64,336.64,7704.0
11:26,336.19,336.75,336.14,336.71,15415.0
11:27,336.35,336.46,336.02,336.14,10964.0
11:28,336.33,336.35,336.23,336.32,4391.0
11:29,336.63,336.63,336.33,336.33,7512.0
11:30,336.57,336.57,336.45,336.54,4626.0
11:31,336.95,337.0,336.54,336.54,4793.0
11:32,336.55,336.95,336.52,336.95,6880.0
11:33,336.62,336.62,336.5,336.55,2403.0
11:34,336.51,336.57,336.46,336.57,3874.0
11:35,336.36,336.54,336.32,336.49,7308.0
11:36,336.38,336.45,336.38,336.4,3535.0
11:37,336.4,336.43,336.32,336.38,2752.0
11:38,336.3,336.53,336.3,336.48,4694.0
11:39,336.51,336.53,336.3,336.36,3229.0
11:40,336.38,336.44,336.38,336.38,5194.0
11:41,336.36,336.42,336.31,336.35,3236.0
11:42,336.52,336.53,336.39,336.4,5557.0
11:43,336.45,336.52,336.34,336.45,2378.0
11:44,336.5,336.51,336.36,336.49,3784.0
11:45,336.39,336.47,336.39,336.47,2240.0
11:46,336.27,336.37,336.23,336.34,4484.0
11:47,336.09,336.28,336.09,336.27,6778.0
11:48,336.11,336.12,336.0,336.06,7184.0
11:49,336.04,336.14,336.04,336.14,2379.0
11:50,335.87,336.11,335.87,335.95,6776.0
11:51,335.99,336.0,335.86,335.86,4568.0
11:52,336.15,336.2,335.96,335.96,5866.0
11:53,336.12,336.24,336.11,336.19,3250.0
11:54,336.02,336.18,335.98,336.17,3603.0
11:55,336.01,336.07,335.95,336.01,3544.0
11:56,336.05,336.1,335.92,335.99,6255.0
11:57,335.93,336.01,335.93,336.0,5980.0
11:58,335.87,335.98,335.87,335.91,3111.0
11:59,335.83,335.92,335.81,335.81,5030.0
12:00,335.45,335.78,335.45,335.78,6552.0
12:01,335.46,335.63,335.4,335.46,7888.0
12:02,335.41,335.46,335.31,335.46,3565.0
12:03,335.32,335.48,335.31,335.4,10441.0
12:04,335.42,335.44,335.32,335.32,2426.0
12:05,335.67,335.68,335.42,335.46,11292.0
12:06,335.49,335.63,335.49,335.63,4392.0
12:07,335.11,335.49,335.1,335.49,18905.0
12:08,335.29,335.29,335.05,335.16,14322.0
12:09,335.26,335.29,335.17,335.28,5825.0
12:10,335.6,335.6,335.22,335.22,5277.0
12:11,335.64,335.64,335.52,335.53,3311.0
12:12,335.57,335.59,335.43,335.59,5519.0
12:13,335.8,335.8,335.55,335.58,4936.0
12:14,335.91,335.95,335.8,335.8,3851.0
12:15,335.84,335.93,335.76,335.85,3049.0
12:16,335.84,335.9,335.77,335.88,3391.0
12:17,336.14,336.26,335.84,335.9,3832.0
12:18,335.74,336.14,335.74,336.14,7965.0
12:19,335.67,335.78,335.48,335.71,10803.0
12:20,335.93,335.96,335.73,335.73,2255.0
12:21,335.91,336.03,335.83,335.9,4265.0
12:22,335.8,335.98,335.68,335.95,6850.0
12:23,335.52,335.7,335.5,335.7,9157.0
12:24,335.93,335.93,335.49,335.55,20218.0
12:25,335.76,335.99,335.71,335.94,5370.0
12:26,335.89,335.91,335.76,335.76,2533.0
12:27,335.89,335.95,335.86,335.91,2972.0
12:28,335.7,335.84,335.66,335.84,3882.0
12:29,335.62,335.81,335.57,335.71,4017.0
12:30,335.63,335.7,335.59,335.67,3284.0
12:31,335.7,335.82,335.7,335.7,3110.0
12:32,335.73,335.8,335.69,335.73,2352.0
12:33,335.57,335.74,335.57,335.74,4234.0
12:34,335.56,335.7,335.56,335.61,2007.0
12:35,335.63,335.76,335.43,335.56,8347.0
12:36,335.22,335.62,335.19,335.53,11391.0
12:37,335.54,335.54,335.15,335.19,9711.0
12:38,335.36,335.54,335.28,335.53,4258.0
12:39,335.33,335.41,335.27,335.28,3615.0
12:40,335.32,335.45,335.32,335.37,4067.0
12:41,335.2,335.36,335.2,335.32,4251.0
12:42,335.31,335.32,335.21,335.24,6192.0
12:43,335.15,335.38,335.13,335.28,7049.0
12:44,335.25,335.3,335.15,335.15,2978.0
12:45,335.27,335.32,335.1,335.21,5422.0
12:46,335.4,335.54,335.26,335.26,7032.0
12:47,335.45,335.52,335.35,335.38,3988.0
12:48,335.08,335.45,334.98,335.45,13721.0
12:49,335.15,335.2,335.12,335.12,1882.0
12:50,335.14,335.23,335.09,335.23,14100.0
12:51,335.24,335.25,335.09,335.09,4272.0
12:52,334.99,335.22,334.96,335.22,5731.0
12:53,335.14,335.24,335.02,335.02,3812.0
12:54,335.2,335.2,335.01,335.14,4347.0
12:55,335.3,335.31,335.2,335.2,3362.0
12:56,335.45,335.49,335.25,335.3,5579.0
12:57,335.53,335.6,335.45,335.45,5724.0
12:58,335.55,335.73,335.51,335.53,4969.0
12:59,335.59,335.66,335.5,335.52,1837.0
13:00,335.77,335.77,335.62,335.64,2664.0
13:01,335.77,335.84,335.73,335.82,3299.0
13:02,335.7,335.79,335.69,335.79,2151.0
13:03,335.72,335.79,335.68,335.73,1426.0
13:04,335.68,335.72,335.58,335.72,3553.0
13:05,335.4,335.61,335.36,335.58,4394.0
13:06,335.43,335.54,335.43,335.44,3049.0
13:07,335.36,335.42,335.33,335.37,2218.0
13:08,335.33,335.39,335.25,335.36,4621.0
13:09,335.35,335.36,335.24,335.36,2866.0
13:10,335.44,335.45,335.37,335.37,2980.0
13:11,335.39,335.46,335.33,335.42,3229.0
13:12,335.28,335.43,335.23,335.43,4179.0
13:13,335.27,335.33,335.19,335.33,4618.0
13:14,335.23,335.4,335.21,335.33,4636.0
13:15,335.12,335.26,335.12,335.2,4068.0
13:16,335.14,335.2,335.08,335.12,3671.0
13:17,335.01,335.16,334.99,335.13,5354.0
13:18,334.96,335.07,334.96,335.04,5150.0
13:19,334.92,334.98,334.85,334.91,5043.0
13:20,334.97,335.02,334.89,334.91,7499.0
13:21,335.02,335.03,334.95,334.96,2942.0
13:22,334.96,335.03,334.9,334.99,4360.0
13:23,335.08,335.08,334.9,334.93,2742.0
13:24,335.34,335.38,335.07,335.07,4455.0
13:25,335.26,335.52,335.26,335.34,5213.0
13:26,335.25,335.37,335.17,335.27,2275.0
13:27,335.18,335.23,335.12,335.23,4652.0
13:28,335.17,335.18,335.11,335.14,2482.0
13:29,335.24,335.24,335.1,335.18,2440.0
13:30,335.35,335.35,335.18,335.26,5807.0
13:31,335.49,335.51,335.33,335.35,7434.0
13:32,335.39,335.62,335.39,335.48,6024.0
13:33,335.41,335.54,335.37,335.4,2023.0
13:34,335.57,335.67,335.53,335.53,2332.0
13:35,335.77,335.77,335.64,335.64,3462.0
13:36,335.75,335.77,335.69,335.77,2425.0
13:37,335.95,335.95,335.8,335.83,5376.0
13:38,335.95,336.03,335.9,335.96,11638.0
13:39,336.15,336.2,335.94,335.95,2040.0
13:40,336.24,336.3,336.15,336.2,4381.0
13:41,336.04,336.31,336.0,336.2,7938.0
13:42,335.98,336.08,335.98,336.06,6774.0
13:43,336.14,336.22,336.1,336.1,1980.0
13:44,336.23,336.23,336.07,336.14,4275.0
13:45,336.2,336.35,336.19,336.23,3189.0
13:46,336.26,336.29,336.2,336.24,2773.0
13:47,336.11,336.24,336.11,336.19,5075.0
13:48,336.05,336.26,336.05,336.19,4913.0
13:49,336.15,336.2,336.08,336.08,1927.0
13:50,336.24,336.26,336.04,336.1,6041.0
13:51,336.31,336.32,336.24,336.25,5339.0
13:52,336.27,336.34,336.25,336.31,6265.0
13:53,336.33,336.36,336.26,336.32,5373.0
13:54,336.25,336.31,336.14,336.31,3779.0
13:55,336.33,336.34,336.2,336.32,4017.0
13:56,336.46,336.59,336.27,336.28,4476.0
13:57,336.58,336.58,336.45,336.45,4142.0
13:58,336.75,336.75,336.62,336.64,5743.0
13:59,336.68,336.8,336.67,336.74,3792.0
14:00,336.37,336.61,336.36,336.61,5119.0
14:01,336.36,336.45,336.31,336.39,3684.0
14:02,336.26,336.4,336.26,336.38,3704.0
14:03,336.38,336.42,336.2,336.23,4240.0
14:04,336.37,336.5,336.37,336.41,4999.0
14:05,336.3,336.45,336.28,336.36,10916.0
14:06,336.5,336.51,336.27,336.27,8686.0
14:07,336.3,336.5,336.3,336.38,3935.0
14:08,336.34,336.44,336.31,336.31,1079.0
14:09,336.19,336.37,336.19,336.37,6804.0
14:10,336.23,336.33,336.1,336.23,7028.0
14:11,336.37,336.37,336.17,336.23,3725.0
14:12,336.52,336.57,336.4,336.4,2762.0
14:13,336.42,336.58,336.42,336.56,2165.0
14:14,336.57,336.62,336.4,336.47,3821.0
14:15,336.87,336.87,336.6,336.6,7282.0
14:16,336.68,336.93,336.68,336.9,4710.0
14:17,336.54,336.69,336.5,336.69,4618.0
14:18,336.56,336.61,336.5,336.57,5713.0
14:19,336.53,336.59,336.5,336.57,4641.0
14:20,336.45,336.55,336.45,336.46,4168.0
14:21,336.34,336.48,336.3,336.45,4590.0
14:22,336.27,336.44,336.27,336.43,5394.0
14:23,336.23,336.32,336.16,336.27,3041.0
14:24,336.12,336.28,336.12,336.25,3396.0
14:25,336.02,336.15,335.92,336.1,4287.0
14:26,336.02,336.05,335.93,335.96,4397.0
14:27,336.02,336.08,335.95,335.95,1498.0
14:28,336.05,336.12,336.02,336.04,6981.0
14:29,335.89,336.05,335.85,336.05,5793.0
14:30,335.9,335.94,335.85,335.94,3818.0
14:31,335.95,336.08,335.89,335.89,8143.0
14:32,335.91,335.95,335.8,335.95,4454.0
14:33,335.89,336.03,335.86,335.93,7469.0
14:34,335.99,336.03,335.88,335.91,5085.0
14:35,336.11,336.13,335.94,336.01,6430.0
14:36,336.26,336.26,336.1,336.1,4607.0
14:37,336.19,336.27,336.07,336.17,2723.0
14:38,336.13,336.23,336.13,336.2,7305.0
14:39,336.46,336.51,336.24,336.24,8497.0
14:40,336.72,336.72,336.44,336.44,11136.0
14:41,336.67,336.91,336.59,336.74,8824.0
14:42,336.59,336.68,336.49,336.64,7713.0
14:43,336.4,336.54,336.36,336.54,4034.0
14:44,336.4,336.43,336.32,336.36,7569.0
14:45,336.41,336.46,336.29,336.43,8174.0
14:46,336.46,336.53,336.42,336.43,8098.0
14:47,336.43,336.48,336.2,336.41,11610.0
14:48,336.58,336.58,336.28,336.41,14189.0
14:49,336.53,336.63,336.45,336.58,6754.0
14:50,336.55,336.59,336.46,336.5,14210.0
14:51,336.7,336.73,336.52,336.55,13385.0
14:52,336.52,336.81,336.45,336.73,6871.0
14:53,336.62,336.66,336.48,336.54,3476.0
14:54,336.58,336.69,336.46,336.61,5806.0
14:55,336.61,336.69,336.54,336.58,4910.0
14:56,336.62,336.66,336.51,336.57,4447.0
14:57,336.5,336.62,336.48,336.62,6921.0
14:58,336.52,336.6,336.51,336.52,3492.0
14:59,336.66,336.69,336.54,336.55,7214.0
15:00,336.48,336.62,336.42,336.62,6896.0
15:01,336.42,336.55,336.38,336.48,7655.0
15:02,336.46,336.56,336.43,336.47,5137.0
15:03,336.8,336.84,336.43,336.46,7634.0
15:04,336.8,336.89,336.79,336.79,7416.0
15:05,336.89,336.9,336.66,336.76,5218.0
15:06,336.75,336.97,336.75,336.95,7172.0
15:07,336.58,336.74,336.43,336.74,12060.0
15:08,336.44,336.58,336.38,336.58,22395.0
15:09,336.69,336.74,336.42,336.44,4764.0
15:10,336.54,336.69,336.37,336.69,9593.0
15:11,336.46,336.55,336.37,336.46,6490.0
15:12,336.45,336.51,336.44,336.46,7484.0
15:13,336.3,336.47,336.3,336.47,10128.0
15:14,336.16,336.37,336.07,336.27,9434.0
15:15,336.1,336.14,336.04,336.1,7794.0
15:16,336.04,336.13,335.98,336.1,6826.0
15:17,336.16,336.16,335.92,336.07,7558.0
15:18,336.08,336.23,336.03,336.18,8961.0
15:19,336.05,336.16,336.02,336.1,11565.0
15:20,336.08,336.14,336.02,336.09,6918.0
15:21,336.04,336.09,335.95,336.08,11382.0
15:22,336.2,336.26,336.01,336.04,9600.0
15:23,335.99,336.29,335.87,336.24,8836.0
15:24,336.04,336.04,335.95,335.95,7993.0
15:25,335.97,336.05,335.9,336.0,10436.0
15:26,335.95,336.01,335.88,335.94,8085.0
15:27,336.19,336.28,335.93,335.97,13931.0
15:28,336.26,336.26,336.13,336.23,12183.0
15:29,336.45,336.48,336.27,336.27,7608.0
15:30,336.34,336.52,336.29,336.4,16019.0
15:31,336.27,336.3,336.14,336.3,11274.0
15:32,336.18,336.26,336.18,336.25,10138.0
15:33,336.25,336.28,336.21,336.21,8947.0
15:34,336.2,336.28,336.17,336.27,10041.0
15:35,336.15,336.27,336.15,336.19,10154.0
15:36,336.16,336.19,336.04,336.15,11973.0
15:37,336.13,336.25,336.08,336.16,13833.0
15:38,336.09,336.14,336.04,336.12,8883.0
15:39,336.3,336.32,336.11,336.13,14337.0
15:40,336.33,336.5,336.31,336.32,11487.0
15:41,336.29,336.33,336.2,336.33,13241.0
15:42,336.38,336.38,336.22,336.32,7664.0
15:43,336.91,337.49,336.36,336.41,126622.0
15:44,336.74,337.05,336.46,336.92,56632.0
15:45,336.82,336.95,336.7,336.74,15133.0
15:46,336.67,336.83,336.58,336.77,15250.0
15:47,336.58,336.78,336.58,336.68,15730.0
15:48,336.72,336.78,336.54,336.62,24878.0
15:49,335.94,336.74,335.94,336.73,29356.0
15:50,335.76,336.25,335.65,335.94,58500.0
15:51,335.82,335.84,335.64,335.82,21092.0
15:52,335.94,335.96,335.78,335.82,25056.0
15:53,335.92,336.04,335.89,335.95,25565.0
15:54,336.3,336.31,335.88,335.91,34536.0
15:55,336.23,336.32,336.02,336.29,52721.0
15:56,335.91,336.24,335.66,336.23,51362.0
15:57,335.8,335.92,335.72,335.92,56989.0
15:58,335.93,335.94,335.73,335.8,72730.0
15:59,336.05,336.11,335.81,335.9,116686.0
