Time,Close,High,Low,Open,Volume
09:30,114.17,114.19,114.0,114.09,14913.0
09:31,114.17,114.19,114.0,114.09,14913.0
09:32,114.17,114.19,114.0,114.09,14913.0
09:33,114.17,114.19,114.0,114.09,14913.0
09:34,114.17,114.19,114.0,114.09,14913.0
09:35,114.17,114.19,114.0,114.09,14913.0
09:36,114.17,114.19,114.0,114.09,14913.0
09:37,114.17,114.19,114.0,114.09,14913.0
09:38,114.17,114.19,114.0,114.09,14913.0
09:39,114.17,114.19,114.0,114.09,14913.0
09:40,114.17,114.19,114.0,114.09,14913.0
09:41,114.17,114.19,114.0,114.09,14913.0
09:42,114.17,114.19,114.0,114.09,14913.0
09:43,114.17,114.19,114.0,114.09,14913.0
09:44,114.17,114.19,114.0,114.09,14913.0
09:45,114.17,114.19,114.0,114.09,14913.0
09:46,114.17,114.19,114.0,114.09,14913.0
09:47,114.17,114.19,114.0,114.09,14913.0
09:48,114.17,114.19,114.0,114.09,14913.0
09:49,114.17,114.19,114.0,114.09,14913.0
09:50,114.17,114.19,114.0,114.09,14913.0
09:51,114.17,114.19,114.0,114.09,14913.0
09:52,114.17,114.19,114.0,114.09,14913.0
09:53,114.17,114.19,114.0,114.09,14913.0
09:54,114.17,114.19,114.0,114.09,14913.0
09:55,114.17,114.19,114.0,114.09,14913.0
09:56,114.17,114.19,114.0,114.09,14913.0
09:57,114.17,114.19,114.0,114.09,14913.0
09:58,114.17,114.19,114.0,114.09,14913.0
09:59,114.17,114.19,114.0,114.09,14913.0
10:00,114.17,114.19,114.0,114.09,14913.0
10:01,114.17,114.19,114.0,114.09,14913.0
10:02,114.17,114.19,114.0,114.09,14913.0
10:03,114.17,114.19,114.0,114.09,14913.0
10:04,114.17,114.19,114.0,114.09,14913.0
10:05,114.17,114.19,114.0,114.09,14913.0
10:06,114.17,114.19,114.0,114.09,14913.0
10:07,114.17,114.19,114.0,114.09,14913.0
10:08,114.17,114.19,114.0,114.09,14913.0
10:09,114.17,114.19,114.0,114.09,14913.0
10:10,114.17,114.19,114.0,114.09,14913.0
10:11,114.17,114.19,114.0,114.09,14913.0
10:12,114.17,114.19,114.0,114.09,14913.0
10:13,114.17,114.19,114.0,114.09,14913.0
10:14,114.17,114.19,114.0,114.09,14913.0
10:15,114.17,114.19,114.0,114.09,14913.0
10:16,114.17,114.19,114.0,114.09,14913.0
10:17,114.17,114.19,114.0,114.09,14913.0
10:18,114.17,114.19,114.0,114.09,14913.0
10:19,114.17,114.19,114.0,114.09,14913.0
10:20,114.17,114.19,114.0,114.09,14913.0
10:21,114.17,114.19,114.0,114.09,14913.0
10:22,114.17,114.19,114.0,114.09,14913.0
10:23,114.17,114.19,114.0,114.09,14913.0
10:24,114.17,114.19,114.0,114.09,14913.0
10:25,114.17,114.19,114.0,114.09,14913.0
10:26,114.17,114.19,114.0,114.09,14913.0
10:27,114.17,114.19,114.0,114.09,14913.0
10:28,114.17,114.19,114.0,114.09,14913.0
10:29,114.17,114.19,114.0,114.09,14913.0
10:30,114.17,114.19,114.0,114.09,14913.0
10:31,114.37,114.37,114.11,114.16,11294.0
10:32,114.32,114.38,114.3,114.38,4722.0
10:33,114.5,114.5,114.39,114.39,2162.0
10:34,114.59,114.64,114.35,114.45,207543.0
10:35,114.59,114.62,114.38,114.6,48327.0
10:36,114.72,114.74,114.58,114.58,27378.0
10:37,114.57,114.72,114.55,114.7,16134.0
10:38,114.57,114.6,114.48,114.57,19949.0
10:39,114.79,114.83,114.57,114.58,39666.0
10:40,114.81,114.82,114.66,114.8,19183.0
10:41,114.86,114.94,114.82,114.82,19726.0
10:42,114.67,114.86,114.67,114.86,18160.0
10:43,114.78,114.89,114.68,114.71,18467.0
10:44,114.72,114.87,114.72,114.78,14272.0
10:45,114.83,114.86,114.68,114.74,18864.0
10:46,114.89,114.9,114.75,114.85,19640.0
10:47,114.87,114.91,114.81,114.89,21986.0
10:48,114.94,114.94,114.88,114.91,21662.0
10:49,114.94,115.02,114.93,114.95,52763.0
10:50,114.93,115.01,114.91,114.93,16013.0
10:51,114.76,114.95,114.76,114.93,20073.0
10:52,114.87,114.89,114.76,114.78,13652.0
10:53,115.04,115.04,114.88,114.88,15297.0
10:54,115.03,115.15,115.01,115.05,53728.0
10:55,115.02,115.03,114.99,115.02,15590.0
10:56,115.01,115.03,114.97,115.01,12073.0
10:57,114.96,115.02,114.95,115.0,19204.0
10:58,114.86,114.96,114.85,114.96,13019.0
10:59,114.82,114.87,114.8,114.85,16483.0
11:00,114.85,114.86,114.75,114.82,24182.0
11:01,114.7,114.89,114.7,114.85,16593.0
11:02,114.82,114.86,114.71,114.73,11877.0
11:03,114.96,114.99,114.84,114.84,16866.0
11:04,115.11,115.11,114.92,114.96,18053.0
11:05,115.02,115.11,115.02,115.1,20424.0
11:06,115.0,115.04,114.96,115.03,16425.0
11:07,115.07,115.07,114.92,115.0,13217.0
11:08,115.12,115.18,115.05,115.07,25401.0
11:09,114.98,115.14,114.93,115.14,18746.0
11:10,114.97,115.04,114.96,114.96,13925.0
11:11,114.77,114.96,114.77,114.96,33269.0
11:12,114.68,114.81,114.68,114.77,33930.0
11:13,114.72,114.75,114.62,114.67,24104.0
11:14,114.9,114.92,114.72,114.73,20807.0
11:15,114.84,114.91,114.82,114.91,15583.0
11:16,114.8,114.85,114.79,114.85,14310.0
11:17,114.85,114.87,114.8,114.8,19751.0
11:18,114.92,114.92,114.85,114.86,16686.0
11:19,114.86,114.95,114.86,114.92,23403.0
11:20,114.87,114.9,114.83,114.88,15057.0
11:21,114.78,114.87,114.78,114.87,18559.0
11:22,114.77,114.82,114.75,114.78,22458.0
11:23,114.71,114.8,114.66,114.8,41128.0
11:24,114.89,114.89,114.71,114.72,21146.0
11:25,114.68,114.88,114.68,114.88,22250.0
11:26,114.77,114.79,114.68,114.68,16158.0
11:27,114.76,114.8,114.74,114.79,8635.0
11:28,114.78,114.82,114.75,114.77,14272.0
11:29,114.88,114.89,114.76,114.78,10625.0
11:30,114.78,114.88,114.71,114.87,34451.0
11:31,114.78,114.8,114.72,114.77,14383.0
11:32,114.74,114.8,114.72,114.79,8446.0
11:33,114.75,114.82,114.72,114.72,10569.0
11:34,114.8,114.83,114.74,114.74,12951.0
11:35,114.8,114.82,114.77,114.81,17601.0
11:36,114.69,114.82,114.68,114.8,16690.0
11:37,114.69,114.71,114.65,114.7,13726.0
11:38,114.63,114.71,114.62,114.69,11346.0
11:39,114.71,114.75,114.64,114.64,17082.0
11:40,114.77,114.78,114.69,114.7,9131.0
11:41,114.8,114.8,114.74,114.79,13012.0
11:42,114.81,114.81,114.76,114.8,10977.0
11:43,114.91,114.91,114.8,114.81,12053.0
11:44,114.87,114.95,114.87,114.91,11819.0
11:45,114.76,114.86,114.74,114.86,10387.0
11:46,114.83,114.84,114.77,114.77,10288.0
11:47,114.79,114.82,114.76,114.82,8189.0
11:48,114.83,114.86,114.78,114.78,11272.0
11:49,114.84,114.86,114.8,114.83,7534.0
11:50,114.83,114.86,114.82,114.84,18751.0
11:51,114.83,114.85,114.77,114.85,12503.0
11:52,114.82,114.84,114.77,114.84,11117.0
11:53,114.8,114.82,114.74,114.82,19095.0
11:54,114.8,114.8,114.75,114.8,11165.0
11:55,114.76,114.81,114.75,114.81,11747.0
11:56,114.76,114.77,114.72,114.77,14078.0
11:57,114.73,114.78,114.72,114.76,12343.0
11:58,114.82,114.82,114.74,114.74,11289.0
11:59,114.9,114.91,114.83,114.83,13952.0
12:00,114.82,114.9,114.79,114.9,12600.0
12:01,114.77,114.83,114.77,114.83,12330.0
12:02,114.68,114.81,114.67,114.76,21029.0
12:03,114.72,114.72,114.67,114.67,11266.0
12:04,114.7,114.72,114.68,114.71,6372.0
12:05,114.71,114.71,114.66,114.7,15645.0
12:06,114.64,114.7,114.61,114.7,12636.0
12:07,114.58,114.65,114.57,114.63,17533.0
12:08,114.57,114.62,114.56,114.58,12762.0
12:09,114.58,114.59,114.55,114.57,15335.0
12:10,114.67,114.67,114.58,114.59,17028.0
12:11,114.62,114.67,114.6,114.65,12746.0
12:12,114.66,114.66,114.6,114.62,9422.0
12:13,114.64,114.67,114.63,114.65,8599.0
12:14,114.53,114.65,114.53,114.65,14676.0
12:15,114.67,114.71,114.54,114.55,27120.0
12:16,114.66,114.68,114.63,114.67,8677.0
12:17,114.65,114.67,114.63,114.66,15406.0
12:18,114.63,114.65,114.6,114.65,11799.0
12:19,114.63,114.67,114.62,114.63,11104.0
12:20,114.65,114.65,114.62,114.64,16858.0
12:21,114.67,114.67,114.63,114.65,7854.0
12:22,114.64,114.69,114.63,114.68,10317.0
12:23,114.63,114.66,114.63,114.65,10231.0
12:24,114.62,114.66,114.61,114.63,12341.0
12:25,114.65,114.66,114.59,114.63,12524.0
12:26,114.64,114.66,114.59,114.65,16586.0
12:27,114.66,114.67,114.6,114.66,13113.0
12:28,114.64,114.67,114.61,114.65,217557.0
12:29,114.62,114.64,114.59,114.64,15078.0
12:30,114.55,114.62,114.5,114.61,57587.0
12:31,114.54,114.55,114.51,114.55,15668.0
12:32,114.55,114.56,114.52,114.53,10801.0
12:33,114.54,114.55,114.5,114.54,9865.0
12:34,114.5,114.54,114.48,114.54,12712.0
12:35,114.47,114.51,114.46,114.51,10465.0
12:36,114.5,114.51,114.46,114.49,26453.0
12:37,114.47,114.52,114.43,114.51,21910.0
12:38,114.49,114.51,114.48,114.49,16717.0
12:39,114.54,114.54,114.49,114.49,17126.0
12:40,114.56,114.57,114.53,114.54,18924.0
12:41,114.66,114.67,114.54,114.56,24695.0
12:42,114.65,114.68,114.64,114.67,17240.0
12:43,114.63,114.68,114.61,114.65,10002.0
12:44,114.5,114.67,114.42,114.62,79363.0
12:45,114.57,114.58,114.47,114.5,16948.0
12:46,114.56,114.6,114.52,114.55,13617.0
12:47,114.69,114.69,114.54,114.55,17710.0
12:48,114.76,114.76,114.69,114.71,11607.0
12:49,114.74,114.76,114.71,114.76,10722.0
12:50,114.72,114.73,114.67,114.73,9134.0
12:51,114.78,114.78,114.69,114.72,10737.0
12:52,114.73,114.78,114.73,114.78,7071.0
12:53,114.72,114.73,114.68,114.73,10081.0
12:54,114.69,114.73,114.69,114.72,8006.0
12:55,114.63,114.7,114.63,114.69,9077.0
12:56,114.63,114.64,114.6,114.63,6630.0
12:57,114.63,114.65,114.62,114.63,6872.0
12:58,114.59,114.62,114.57,114.62,8386.0
12:59,114.53,114.61,114.53,114.61,8559.0
13:00,114.63,114.64,114.54,114.54,11080.0
13:01,114.64,114.66,114.62,114.64,10591.0
13:02,114.68,114.69,114.64,114.65,10678.0
13:03,114.61,114.69,114.6,114.68,9652.0
13:04,114.6,114.65,114.58,114.62,12539.0
13:05,114.58,114.61,114.57,114.61,7222.0
13:06,114.48,114.58,114.47,114.58,14434.0
13:07,114.5,114.54,114.48,114.48,6824.0
13:08,114.56,114.59,114.52,114.52,11122.0
13:09,114.64,114.64,114.57,114.57,8330.0
13:10,114.7,114.7,114.63,114.64,12711.0
13:11,114.67,114.7,114.67,114.69,13033.0
13:12,114.7,114.72,114.68,114.69,5759.0
13:13,114.75,114.77,114.71,114.72,19199.0
13:14,114.78,114.79,114.74,114.76,9254.0
13:15,114.8,114.8,114.72,114.78,13488.0
13:16,114.77,114.81,114.77,114.79,11615.0
13:17,114.75,114.78,114.75,114.78,8106.0
13:18,114.82,114.82,114.75,114.75,12764.0
13:19,114.82,114.83,114.82,114.82,9626.0
13:20,114.88,114.88,114.82,114.82,12513.0
13:21,114.92,114.93,114.85,114.86,13646.0
13:22,114.86,114.92,114.86,114.91,14360.0
13:23,114.89,114.89,114.86,114.88,8437.0
13:24,114.9,114.91,114.88,114.89,12140.0
13:25,114.9,114.93,114.88,114.9,13767.0
13:26,114.92,114.93,114.89,114.9,6295.0
13:27,114.93,114.96,114.91,114.92,11797.0
13:28,114.94,114.97,114.93,114.93,7586.0
13:29,114.96,114.97,114.94,114.94,7537.0
13:30,114.88,114.96,114.88,114.96,25659.0
13:31,114.88,114.92,114.87,114.89,14138.0
13:32,114.89,114.9,114.87,114.88,5980.0
13:33,114.91,114.92,114.86,114.89,10617.0
13:34,114.92,114.93,114.9,114.9,12062.0
13:35,114.95,114.96,114.91,114.93,12378.0
13:36,114.96,114.97,114.95,114.96,9996.0
13:37,114.96,114.97,114.92,114.97,14386.0
13:38,115.0,115.02,114.95,114.95,26755.0
13:39,115.0,115.01,114.98,114.99,9495.0
13:40,114.97,115.01,114.96,115.01,9855.0
13:41,114.93,114.98,114.93,114.97,6916.0
13:42,114.96,114.97,114.93,114.93,13072.0
13:43,114.97,114.98,114.94,114.96,9423.0
13:44,114.97,115.0,114.96,114.97,9663.0
13:45,114.89,114.97,114.89,114.97,13246.0
13:46,114.86,114.89,114.81,114.89,15356.0
13:47,114.84,114.86,114.82,114.86,10875.0
13:48,114.85,114.85,114.82,114.85,6714.0
13:49,114.83,114.85,114.82,114.84,13364.0
13:50,114.75,114.83,114.75,114.83,40395.0
13:51,114.79,114.79,114.76,114.76,14233.0
13:52,114.82,114.83,114.78,114.78,9663.0
13:53,114.85,114.86,114.82,114.82,10686.0
13:54,114.82,114.85,114.82,114.85,8671.0
13:55,114.76,114.81,114.76,114.81,8977.0
13:56,114.8,114.81,114.77,114.77,11831.0
13:57,114.84,114.84,114.79,114.79,7358.0
13:58,114.86,114.87,114.83,114.83,9225.0
13:59,114.82,114.86,114.81,114.86,19849.0
14:00,114.81,114.82,114.77,114.82,9026.0
14:01,114.7,114.81,114.69,114.81,14918.0
14:02,114.72,114.73,114.68,114.68,9062.0
14:03,114.71,114.73,114.7,114.72,7646.0
14:04,114.71,114.72,114.7,114.72,11195.0
14:05,114.71,114.74,114.71,114.72,7516.0
14:06,114.69,114.71,114.65,114.7,15631.0
14:07,114.67,114.71,114.66,114.69,8826.0
14:08,114.67,114.69,114.66,114.67,8735.0
14:09,114.68,114.68,114.66,114.67,7632.0
14:10,114.66,114.68,114.66,114.68,8286.0
14:11,114.64,114.66,114.61,114.66,18026.0
14:12,114.67,114.68,114.64,114.64,7178.0
14:13,114.64,114.67,114.64,114.67,8262.0
14:14,114.74,114.74,114.65,114.65,11207.0
14:15,114.71,114.73,114.68,114.73,14490.0
14:16,114.72,114.73,114.71,114.72,6578.0
14:17,114.72,114.73,114.71,114.72,6682.0
14:18,114.74,114.74,114.71,114.72,13546.0
14:19,114.67,114.73,114.67,114.73,21252.0
14:20,114.65,114.68,114.64,114.68,8858.0
14:21,114.67,114.67,114.65,114.65,8046.0
14:22,114.76,114.76,114.67,114.67,13801.0
14:23,114.77,114.77,114.71,114.75,21511.0
14:24,114.75,114.76,114.71,114.76,13849.0
14:25,114.84,114.86,114.76,114.76,29007.0
14:26,114.9,114.9,114.83,114.85,19509.0
14:27,114.87,114.9,114.84,114.9,9267.0
14:28,114.86,114.89,114.86,114.87,10204.0
14:29,114.89,114.9,114.85,114.85,8191.0
14:30,114.92,114.93,114.89,114.89,15642.0
14:31,114.93,114.94,114.92,114.92,10153.0
14:32,114.87,114.94,114.87,114.93,13287.0
14:33,114.86,114.89,114.86,114.87,10443.0
14:34,114.8,114.87,114.79,114.87,14119.0
14:35,114.8,114.82,114.79,114.8,10654.0
14:36,114.8,114.81,114.79,114.81,5673.0
14:37,114.8,114.83,114.8,114.81,8293.0
14:38,114.88,114.88,114.8,114.8,11713.0
14:39,114.92,114.92,114.88,114.88,7487.0
14:40,114.9,114.94,114.89,114.92,6761.0
14:41,114.9,114.93,114.89,114.9,12302.0
14:42,114.91,114.91,114.87,114.9,7017.0
14:43,114.88,114.92,114.88,114.92,7468.0
14:44,114.9,114.9,114.88,114.88,9255.0
14:45,114.91,114.92,114.89,114.9,13419.0
14:46,114.86,114.89,114.84,114.89,18799.0
14:47,114.92,114.92,114.86,114.87,9084.0
14:48,114.9,114.94,114.88,114.93,18039.0
14:49,114.89,114.9,114.88,114.9,11360.0
14:50,114.88,114.9,114.86,114.89,10048.0
14:51,114.9,114.9,114.83,114.88,24129.0
14:52,114.82,114.9,114.82,114.9,7903.0
14:53,114.82,114.84,114.81,114.82,8841.0
14:54,114.85,114.85,114.81,114.81,7590.0
14:55,114.8,114.86,114.75,114.86,54115.0
14:56,114.75,114.8,114.69,114.8,37090.0
14:57,114.72,114.77,114.71,114.75,9972.0
14:58,114.68,114.75,114.67,114.73,153776.0
14:59,114.72,114.73,114.63,114.69,17210.0
15:00,114.71,114.72,114.64,114.72,17061.0
15:01,114.66,114.72,114.66,114.71,12170.0
15:02,114.59,114.68,114.58,114.66,19831.0
15:03,114.54,114.59,114.54,114.58,10438.0
15:04,114.57,114.57,114.53,114.53,10979.0
15:05,114.47,114.57,114.46,114.57,15786.0
15:06,114.45,114.48,114.45,114.48,10221.0
15:07,114.42,114.46,114.4,114.45,9828.0
15:08,114.32,114.43,114.32,114.42,18380.0
15:09,114.29,114.32,114.26,114.32,23256.0
15:10,114.3,114.37,114.27,114.29,28896.0
15:11,114.36,114.36,114.27,114.29,11070.0
15:12,114.34,114.39,114.32,114.37,19483.0
15:13,114.37,114.38,114.34,114.34,8724.0
15:14,114.42,114.42,114.36,114.36,5826.0
15:15,114.44,114.49,114.42,114.42,9208.0
15:16,114.39,114.44,114.37,114.42,10978.0
15:17,114.39,114.4,114.36,114.39,10173.0
15:18,114.47,114.54,114.38,114.38,10349.0
15:19,114.45,114.49,114.43,114.47,13032.0
15:20,114.4,114.46,114.4,114.46,11571.0
15:21,114.43,114.44,114.41,114.41,10997.0
15:22,114.39,114.44,114.39,114.43,21732.0
15:23,114.36,114.4,114.36,114.39,9982.0
15:24,114.3,114.36,114.3,114.36,14938.0
15:25,114.34,114.38,114.32,114.32,8856.0
15:26,114.35,114.39,114.35,114.36,9653.0
15:27,114.41,114.43,114.37,114.37,12866.0
15:28,114.4,114.41,114.36,114.41,12184.0
15:29,114.35,114.41,114.33,114.39,16103.0
15:30,114.37,114.38,114.26,114.35,15917.0
15:31,114.34,114.37,114.28,114.37,14655.0
15:32,114.31,114.35,114.31,114.34,14642.0
15:33,114.26,114.31,114.25,114.29,9124.0
15:34,114.21,114.26,114.21,114.25,12414.0
15:35,114.14,114.22,114.14,114.21,12742.0
15:36,114.15,114.19,113.98,114.13,50467.0
15:37,114.1,114.14,114.1,114.14,5350.0
15:38,114.08,114.13,114.07,114.11,7868.0
15:39,114.06,114.1,114.05,114.09,7765.0
15:40,114.03,114.06,114.02,114.05,15788.0
15:41,114.08,114.1,114.03,114.03,15601.0
15:42,114.11,114.11,114.07,114.08,7723.0
15:43,114.12,114.13,114.1,114.11,11076.0
15:44,114.12,114.14,114.11,114.11,9030.0
15:45,114.14,114.16,114.1,114.11,13800.0
15:46,114.15,114.15,114.12,114.13,10498.0
15:47,114.11,114.15,114.11,114.15,9052.0
15:48,114.07,114.11,114.03,114.11,29039.0
15:49,114.07,114.09,114.06,114.08,10934.0
15:50,114.06,114.09,114.06,114.07,9966.0
15:51,114.06,114.08,114.05,114.07,4700.0
15:52,114.04,114.06,114.02,114.05,10702.0
15:53,114.08,114.08,114.03,114.06,11279.0
15:54,114.07,114.08,114.07,114.08,9059.0
15:55,114.11,114.11,114.06,114.07,29377.0
15:56,114.12,114.15,114.1,114.1,14054.0
15:57,114.12,114.15,114.11,114.12,13250.0
15:58,114.11,114.11,114.09,114.1,8864.0
15:59,114.09,114.11,114.06,114.11,16559.0
16:00,114.11,114.11,114.08,114.1,24344.0
16:01,114.11,114.17,114.11,114.12,18643.0
16:02,114.09,114.14,114.08,114.11,24419.0
16:03,114.11,114.12,114.1,114.1,8677.0
16:04,114.1,114.12,114.07,114.11,11474.0
16:05,114.13,114.14,114.1,114.11,16622.0
16:06,114.14,114.14,114.12,114.14,10206.0
16:07,114.19,114.2,114.13,114.13,21130.0
16:08,114.18,114.21,114.16,114.2,19991.0
16:09,114.21,114.21,114.14,114.18,17411.0
16:10,114.25,114.28,114.21,114.21,21198.0
16:11,114.21,114.25,114.21,114.25,9730.0
16:12,114.24,114.24,114.2,114.2,10538.0
16:13,114.21,114.23,114.18,114.23,17318.0
16:14,114.18,114.21,114.17,114.21,13201.0
16:15,114.24,114.25,114.18,114.18,14113.0
16:16,114.21,114.24,114.18,114.24,18454.0
16:17,114.16,114.21,114.15,114.21,16242.0
16:18,114.17,114.17,114.12,114.16,17782.0
16:19,114.21,114.22,114.16,114.16,19154.0
16:20,114.26,114.29,114.2,114.21,16427.0
16:21,114.27,114.29,114.25,114.26,12523.0
16:22,114.25,114.3,114.24,114.26,21115.0
16:23,114.26,114.31,114.25,114.25,21337.0
16:24,114.28,114.3,114.25,114.27,14084.0
16:25,114.21,114.27,114.21,114.27,11011.0
16:26,114.22,114.22,114.17,114.22,18045.0
16:27,114.21,114.22,114.2,114.22,15091.0
16:28,114.23,114.23,114.19,114.2,18868.0
16:29,114.22,114.22,114.2,114.22,10517.0
16:30,114.24,114.25,114.22,114.22,18990.0
16:31,114.23,114.26,114.22,114.23,16077.0
16:32,114.25,114.25,114.22,114.24,20812.0
16:33,114.22,114.26,114.22,114.24,19885.0
16:34,114.27,114.27,114.22,114.22,28487.0
16:35,114.25,114.29,114.24,114.28,24374.0
16:36,114.28,114.29,114.24,114.24,20961.0
16:37,114.26,114.29,114.26,114.27,15083.0
16:38,114.29,114.3,114.26,114.26,19170.0
16:39,114.29,114.32,114.28,114.29,21299.0
16:40,114.31,114.31,114.28,114.29,21363.0
16:41,114.32,114.32,114.29,114.31,12670.0
16:42,114.32,114.33,114.29,114.32,21712.0
16:43,114.36,114.36,114.29,114.32,19761.0
16:44,114.3,114.38,114.3,114.35,29508.0
16:45,114.29,114.31,114.25,114.3,35282.0
16:46,114.27,114.28,114.25,114.28,17597.0
16:47,114.22,114.28,114.22,114.28,28332.0
16:48,114.1,114.22,114.1,114.22,32102.0
16:49,114.03,114.08,114.0,114.08,43716.0
16:50,114.05,114.05,113.93,114.04,55232.0
16:51,114.03,114.07,114.01,114.05,737916.0
16:52,114.08,114.09,114.03,114.03,45827.0
16:53,114.14,114.16,114.07,114.09,63028.0
16:54,114.04,114.15,114.04,114.14,60331.0
16:55,113.94,114.05,113.93,114.04,101859.0
16:56,113.96,113.97,113.91,113.94,88019.0
16:57,113.85,113.96,113.85,113.96,96686.0
16:58,113.72,113.85,113.71,113.85,158924.0
16:59,113.71,113.75,113.68,113.72,391351.0
