Time,Close,High,Low,Open,Volume
09:30,117.07,117.14,116.99,116.99,29745.0
09:31,116.96,117.03,116.71,117.03,894753.0
09:32,116.81,117.01,116.65,116.98,69343.0
09:33,116.7,116.89,116.69,116.84,67576.0
09:34,116.47,116.8,116.27,116.75,83964.0
09:35,116.54,116.65,116.46,116.47,22455.0
09:36,116.41,116.65,116.37,116.55,29446.0
09:37,116.56,116.59,116.35,116.4,33374.0
09:38,116.6,116.6,116.45,116.56,24488.0
09:39,116.58,116.69,116.51,116.57,99418.0
09:40,116.55,116.61,116.36,116.58,54682.0
09:41,116.25,116.59,116.2,116.54,60348.0
09:42,116.42,116.44,116.26,116.26,21841.0
09:43,116.35,116.43,116.3,116.42,17993.0
09:44,116.41,116.46,116.32,116.35,14722.0
09:45,116.53,116.59,116.4,116.41,31241.0
09:46,116.51,116.54,116.31,116.54,33836.0
09:47,116.38,116.5,116.37,116.5,21949.0
09:48,116.26,116.37,116.17,116.37,48931.0
09:49,115.99,116.34,115.95,116.28,47669.0
09:50,115.7,115.97,115.65,115.96,50783.0
09:51,115.96,115.98,115.72,115.72,39416.0
09:52,115.9,115.99,115.89,115.99,15634.0
09:53,115.9,115.96,115.77,115.87,27072.0
09:54,115.89,116.04,115.88,115.9,31291.0
09:55,115.86,115.97,115.83,115.88,20824.0
09:56,115.82,115.91,115.71,115.89,23656.0
09:57,115.89,115.98,115.82,115.82,20845.0
09:58,116.01,116.01,115.87,115.89,16473.0
09:59,115.93,116.01,115.86,116.01,43263.0
10:00,115.98,116.05,115.94,115.94,30564.0
10:01,115.85,115.95,115.76,115.95,56966.0
10:02,115.89,115.94,115.85,115.85,25388.0
10:03,115.98,116.0,115.87,115.89,31958.0
10:04,115.75,115.98,115.74,115.97,36261.0
10:05,115.99,116.02,115.78,115.8,40817.0
10:06,116.11,116.14,115.99,116.01,26023.0
10:07,116.02,116.15,116.02,116.09,27148.0
10:08,116.03,116.07,115.96,116.04,34896.0
10:09,116.0,116.08,116.0,116.04,31454.0
10:10,116.13,116.15,115.95,115.99,21747.0
10:11,116.19,116.19,116.03,116.1,36558.0
10:12,116.17,116.24,116.13,116.17,28198.0
10:13,116.18,116.2,116.09,116.18,22836.0
10:14,116.25,116.25,116.16,116.19,23887.0
10:15,116.32,116.37,116.27,116.27,23516.0
10:16,116.41,116.44,116.33,116.33,23842.0
10:17,116.36,116.41,116.24,116.4,27375.0
10:18,116.43,116.45,116.32,116.34,16182.0
10:19,116.44,116.48,116.41,116.44,16193.0
10:20,116.16,116.45,116.13,116.44,38008.0
10:21,116.31,116.31,116.14,116.16,47950.0
10:22,116.37,116.39,116.29,116.3,80941.0
10:23,116.3,116.37,116.26,116.36,48747.0
10:24,116.46,116.46,116.25,116.3,92322.0
10:25,116.48,116.49,116.37,116.46,49195.0
10:26,116.35,116.47,116.26,116.47,18643.0
10:27,116.39,116.43,116.33,116.37,15119.0
10:28,116.32,116.43,116.28,116.39,19277.0
10:29,116.28,116.35,116.25,116.3,27077.0
10:30,116.39,116.42,116.27,116.3,13452.0
10:31,116.54,116.55,116.36,116.38,24638.0
10:32,116.55,116.58,116.5,116.53,12236.0
10:33,116.58,116.63,116.52,116.54,47248.0
10:34,116.5,116.64,116.5,116.58,28517.0
10:35,116.35,116.53,116.35,116.5,34303.0
10:36,116.33,116.48,116.33,116.36,52016.0
10:37,116.28,116.38,116.24,116.35,59433.0
10:38,116.21,116.29,116.19,116.29,34258.0
10:39,116.37,116.62,116.19,116.19,97181.0
10:40,116.34,116.46,116.32,116.36,24736.0
10:41,116.39,116.46,116.3,116.36,21141.0
10:42,116.29,116.38,116.25,116.37,32861.0
10:43,116.41,116.41,116.25,116.28,15539.0
10:44,116.42,116.44,116.35,116.39,13064.0
10:45,116.61,116.62,116.34,116.44,21577.0
10:46,116.68,116.72,116.57,116.61,31511.0
10:47,116.63,116.72,116.62,116.7,25813.0
10:48,116.57,116.67,116.56,116.63,36852.0
10:49,116.57,116.65,116.55,116.59,19242.0
10:50,116.49,116.57,116.45,116.57,22163.0
10:51,116.51,116.53,116.44,116.47,30167.0
10:52,116.48,116.57,116.45,116.5,20947.0
10:53,116.52,116.53,116.47,116.49,13956.0
10:54,116.69,116.71,116.54,116.54,31794.0
10:55,116.65,116.7,116.64,116.68,29069.0
10:56,116.54,116.66,116.49,116.65,40511.0
10:57,116.48,116.55,116.45,116.54,27026.0
10:58,116.48,116.53,116.45,116.48,18879.0
10:59,116.31,116.49,116.3,116.49,34359.0
11:00,116.22,116.32,116.22,116.3,21624.0
11:01,116.32,116.32,116.2,116.24,31411.0
11:02,116.16,116.32,116.13,116.31,31710.0
11:03,115.93,116.15,115.93,116.15,84867.0
11:04,115.97,115.99,115.87,115.92,36583.0
11:05,115.97,116.03,115.91,115.96,48461.0
11:06,115.8,116.0,115.8,115.95,26790.0
11:07,115.89,115.93,115.75,115.8,21965.0
11:08,115.9,115.96,115.86,115.88,17602.0
11:09,115.95,115.96,115.86,115.88,11808.0
11:10,116.0,116.03,115.94,115.97,12359.0
11:11,115.89,116.02,115.89,115.99,19863.0
11:12,116.0,116.0,115.88,115.88,19895.0
11:13,116.08,116.1,115.99,116.0,14363.0
11:14,116.09,116.09,115.98,116.08,16072.0
11:15,116.19,116.22,116.09,116.09,31875.0
11:16,116.25,116.25,116.17,116.18,11370.0
11:17,116.24,116.26,116.16,116.25,14535.0
11:18,116.13,116.26,116.13,116.26,26704.0
11:19,116.24,116.24,116.08,116.13,45823.0
11:20,116.36,116.38,116.22,116.22,16830.0
11:21,116.3,116.36,116.25,116.33,10956.0
11:22,116.32,116.36,116.28,116.29,22853.0
11:23,116.33,116.37,116.3,116.32,21150.0
11:24,116.36,116.36,116.32,116.34,10034.0
11:25,116.43,116.46,116.32,116.38,30223.0
11:26,116.42,116.48,116.39,116.43,39640.0
11:27,116.4,116.47,116.39,116.42,9144.0
11:28,116.43,116.5,116.41,116.43,18665.0
11:29,116.52,116.52,116.43,116.44,10874.0
11:30,116.46,116.56,116.43,116.52,29512.0
11:31,116.43,116.58,116.43,116.45,33738.0
11:32,116.38,116.46,116.37,116.43,73145.0
11:33,116.47,116.51,116.38,116.39,83713.0
11:34,116.56,116.59,116.41,116.5,51083.0
11:35,116.58,116.63,116.54,116.55,17279.0
11:36,116.65,116.72,116.63,116.63,17563.0
11:37,116.56,116.67,116.54,116.66,30952.0
11:38,116.65,116.69,116.58,116.58,19318.0
11:39,116.68,116.68,116.61,116.63,12068.0
11:40,116.67,116.7,116.66,116.69,11705.0
11:41,116.65,116.68,116.63,116.63,10992.0
11:42,116.68,116.74,116.67,116.67,12886.0
11:43,116.72,116.73,116.66,116.69,15083.0
11:44,116.75,116.75,116.7,116.73,15962.0
11:45,116.69,116.79,116.69,116.75,16457.0
11:46,116.71,116.75,116.68,116.69,21468.0
11:47,116.69,116.72,116.64,116.71,45629.0
11:48,116.7,116.74,116.67,116.69,49620.0
11:49,116.66,116.74,116.66,116.7,30274.0
11:50,116.76,116.77,116.62,116.66,38132.0
11:51,116.78,116.85,116.72,116.75,33459.0
11:52,116.81,116.84,116.79,116.79,12578.0
11:53,116.79,116.82,116.79,116.81,8753.0
11:54,116.74,116.78,116.7,116.78,25632.0
11:55,116.83,116.88,116.74,116.74,11336.0
11:56,116.84,116.88,116.82,116.84,15061.0
11:57,116.89,116.93,116.86,116.86,15094.0
11:58,116.94,116.98,116.89,116.89,15812.0
11:59,116.97,116.97,116.88,116.94,25924.0
12:00,116.99,117.04,116.96,116.96,32954.0
12:01,116.95,117.0,116.88,117.0,42179.0
12:02,116.94,116.97,116.92,116.94,15997.0
12:03,116.96,116.99,116.89,116.93,18166.0
12:04,116.93,116.99,116.93,116.97,23818.0
12:05,116.93,116.95,116.9,116.92,16804.0
12:06,116.89,116.93,116.87,116.92,17859.0
12:07,116.96,116.96,116.89,116.89,12449.0
12:08,117.02,117.06,116.99,116.99,29113.0
12:09,116.99,117.05,116.99,117.02,16105.0
12:10,117.05,117.07,116.96,116.98,16709.0
12:11,117.07,117.11,117.0,117.07,19260.0
12:12,117.06,117.08,117.03,117.07,18938.0
12:13,117.02,117.06,116.95,117.06,19765.0
12:14,116.96,117.04,116.96,117.02,15291.0
12:15,116.94,116.96,116.9,116.96,15361.0
12:16,117.05,117.05,116.93,116.95,13751.0
12:17,117.06,117.07,116.98,117.06,16559.0
12:18,117.03,117.08,116.99,117.07,18054.0
12:19,117.0,117.04,116.98,117.03,12755.0
12:20,116.92,116.99,116.89,116.99,21667.0
12:21,116.92,116.94,116.88,116.94,15238.0
12:22,116.85,116.91,116.85,116.9,18595.0
12:23,116.94,116.96,116.87,116.87,16818.0
12:24,116.99,117.02,116.93,116.96,22045.0
12:25,117.03,117.03,116.99,116.99,12309.0
12:26,117.07,117.1,117.03,117.03,15181.0
12:27,117.02,117.06,117.01,117.04,16842.0
12:28,117.01,117.07,117.01,117.03,26202.0
12:29,117.12,117.12,117.0,117.03,14187.0
12:30,117.16,117.19,117.08,117.11,17963.0
12:31,117.09,117.17,117.08,117.16,15725.0
12:32,117.08,117.09,117.06,117.07,7079.0
12:33,116.99,117.07,116.96,117.07,18555.0
12:34,116.96,117.0,116.94,116.97,16718.0
12:35,116.94,116.99,116.94,116.94,19261.0
12:36,117.02,117.03,116.93,116.95,13399.0
12:37,117.01,117.06,117.01,117.04,13907.0
12:38,116.92,117.0,116.91,117.0,9788.0
12:39,117.08,117.08,116.92,116.94,14223.0
12:40,117.17,117.17,117.1,117.1,18851.0
12:41,117.23,117.23,117.14,117.16,13246.0
12:42,117.26,117.27,117.22,117.25,13123.0
12:43,117.35,117.35,117.25,117.25,12734.0
12:44,117.22,117.35,117.21,117.35,24594.0
12:45,117.22,117.27,117.22,117.23,9813.0
12:46,117.16,117.26,117.13,117.23,13578.0
12:47,117.15,117.19,117.15,117.17,11739.0
12:48,117.14,117.16,117.13,117.16,8375.0
12:49,117.18,117.19,117.15,117.15,8568.0
12:50,117.08,117.19,117.08,117.18,14032.0
12:51,117.05,117.11,117.03,117.08,10700.0
12:52,116.94,117.04,116.92,117.04,23185.0
12:53,116.97,116.98,116.93,116.95,11910.0
12:54,117.03,117.07,116.94,116.96,14311.0
12:55,117.05,117.07,116.96,117.05,28912.0
12:56,116.98,117.06,116.98,117.06,13090.0
12:57,116.97,116.99,116.92,116.96,15353.0
12:58,117.01,117.05,116.99,117.0,66215.0
12:59,117.03,117.04,117.0,117.01,9038.0
13:00,117.07,117.1,117.03,117.03,9110.0
13:01,117.11,117.12,117.07,117.07,7012.0
13:02,117.06,117.11,117.05,117.11,10079.0
13:03,117.02,117.04,117.0,117.04,6201.0
13:04,116.89,117.02,116.89,117.02,16168.0
13:05,116.84,116.93,116.83,116.9,19056.0
13:06,116.73,116.83,116.73,116.81,52857.0
13:07,116.75,116.75,116.69,116.73,8225.0
13:08,116.74,116.77,116.73,116.75,6415.0
13:09,116.77,116.79,116.73,116.74,9275.0
13:10,116.76,116.78,116.72,116.75,5229.0
13:11,116.71,116.77,116.71,116.77,8470.0
13:12,116.66,116.73,116.66,116.71,9851.0
13:13,116.65,116.71,116.65,116.68,10922.0
13:14,116.65,116.68,116.63,116.65,5618.0
13:15,116.52,116.64,116.52,116.64,14100.0
13:16,116.58,116.6,116.54,116.54,15200.0
13:17,116.57,116.57,116.54,116.57,8176.0
13:18,116.62,116.66,116.56,116.57,8668.0
13:19,116.6,116.66,116.6,116.62,7729.0
13:20,116.64,116.64,116.58,116.6,8619.0
13:21,116.71,116.71,116.64,116.64,6852.0
13:22,116.66,116.7,116.63,116.7,10005.0
13:23,116.67,116.7,116.65,116.68,15156.0
13:24,116.66,116.68,116.64,116.65,9364.0
13:25,116.64,116.66,116.6,116.66,9229.0
13:26,116.61,116.64,116.57,116.61,10920.0
13:27,116.61,116.62,116.56,116.62,5355.0
13:28,116.63,116.64,116.61,116.63,10858.0
13:29,116.71,116.73,116.63,116.64,15675.0
13:30,116.72,116.74,116.62,116.68,10965.0
13:31,116.8,116.8,116.72,116.74,6683.0
13:32,116.81,116.86,116.79,116.8,15347.0
13:33,116.8,116.86,116.79,116.84,11449.0
13:34,116.78,116.81,116.76,116.81,7024.0
13:35,116.79,116.81,116.78,116.79,5947.0
13:36,116.88,116.88,116.8,116.81,21539.0
13:37,116.92,116.94,116.87,116.87,14908.0
13:38,116.98,116.99,116.91,116.91,9611.0
13:39,116.99,117.05,116.98,116.98,16457.0
13:40,117.03,117.04,116.92,116.99,38858.0
13:41,117.11,117.15,117.02,117.03,39463.0
13:42,117.09,117.12,117.09,117.12,9307.0
13:43,117.1,117.11,117.07,117.1,10673.0
13:44,117.09,117.11,117.08,117.09,5162.0
13:45,117.08,117.12,117.06,117.08,16106.0
13:46,117.07,117.1,117.05,117.08,23194.0
13:47,117.12,117.12,117.06,117.07,9341.0
13:48,117.22,117.3,117.11,117.11,35802.0
13:49,117.22,117.26,117.21,117.23,13571.0
13:50,117.18,117.25,117.17,117.23,17958.0
13:51,117.14,117.22,117.12,117.19,17013.0
13:52,117.13,117.16,117.1,117.12,28011.0
13:53,117.2,117.2,117.14,117.15,15538.0
13:54,117.15,117.21,117.1,117.21,37712.0
13:55,117.14,117.17,117.09,117.16,12668.0
13:56,117.1,117.15,117.09,117.13,9173.0
13:57,117.03,117.1,116.99,117.1,24562.0
13:58,117.08,117.08,117.04,117.05,6712.0
13:59,117.01,117.08,116.99,117.08,27198.0
14:00,117.09,117.09,117.01,117.01,23493.0
14:01,117.11,117.11,117.04,117.1,25984.0
14:02,117.0,117.11,117.0,117.11,16890.0
14:03,117.04,117.08,117.01,117.02,13201.0
14:04,117.07,117.11,117.04,117.06,30149.0
14:05,117.11,117.11,117.04,117.07,15279.0
14:06,117.14,117.17,117.09,117.1,17122.0
14:07,117.13,117.17,117.12,117.14,20280.0
14:08,117.17,117.17,117.11,117.14,10257.0
14:09,117.15,117.21,117.15,117.17,8603.0
14:10,117.16,117.18,117.13,117.15,21847.0
14:11,117.14,117.16,117.12,117.15,14855.0
14:12,117.12,117.14,117.11,117.14,5573.0
14:13,117.12,117.16,117.1,117.13,17877.0
14:14,117.15,117.19,117.11,117.11,7594.0
14:15,117.16,117.2,117.14,117.16,17200.0
14:16,117.18,117.19,117.15,117.16,6129.0
14:17,117.13,117.19,117.1,117.18,22919.0
14:18,117.11,117.12,117.07,117.12,17949.0
14:19,117.19,117.22,117.12,117.12,13812.0
14:20,117.25,117.25,117.18,117.19,13943.0
14:21,117.21,117.25,117.17,117.25,18840.0
14:22,117.23,117.23,117.19,117.21,9130.0
14:23,117.22,117.26,117.22,117.24,24602.0
14:24,117.24,117.27,117.18,117.21,17958.0
14:25,117.23,117.24,117.21,117.23,8822.0
14:26,117.28,117.28,117.2,117.22,9368.0
14:27,117.29,117.3,117.29,117.3,6813.0
14:28,117.28,117.3,117.25,117.3,22671.0
14:29,117.29,117.3,117.26,117.28,8779.0
14:30,117.28,117.32,117.28,117.3,16056.0
14:31,117.29,117.31,117.24,117.29,20328.0
14:32,117.19,117.28,117.19,117.28,19974.0
14:33,117.22,117.24,117.17,117.18,11651.0
14:34,117.14,117.2,117.14,117.2,9762.0
14:35,117.21,117.21,117.16,117.17,8265.0
14:36,117.23,117.27,117.22,117.22,9702.0
14:37,117.21,117.24,117.19,117.22,10130.0
14:38,117.31,117.32,117.21,117.21,10343.0
14:39,117.32,117.38,117.3,117.3,33114.0
14:40,117.3,117.34,117.3,117.32,7601.0
14:41,117.31,117.31,117.26,117.29,24770.0
14:42,117.24,117.31,117.21,117.31,27132.0
14:43,117.15,117.24,117.15,117.24,13031.0
14:44,117.13,117.15,117.08,117.14,24288.0
14:45,117.11,117.15,117.08,117.13,11062.0
14:46,117.11,117.14,117.1,117.1,12792.0
14:47,117.14,117.14,117.07,117.11,12842.0
14:48,117.23,117.23,117.15,117.15,11202.0
14:49,117.18,117.23,117.16,117.23,8287.0
14:50,117.26,117.26,117.18,117.18,10015.0
14:51,117.3,117.3,117.25,117.25,11649.0
14:52,117.32,117.34,117.31,117.31,18823.0
14:53,117.22,117.31,117.22,117.31,16243.0
14:54,117.23,117.24,117.16,117.21,20426.0
14:55,117.28,117.3,117.24,117.24,11572.0
14:56,117.26,117.28,117.23,117.28,7804.0
14:57,117.19,117.26,117.18,117.26,10300.0
14:58,117.2,117.22,117.17,117.19,6272.0
14:59,117.27,117.27,117.19,117.19,13942.0
15:00,117.33,117.34,117.27,117.27,17587.0
15:01,117.33,117.35,117.29,117.34,15569.0
15:02,117.32,117.37,117.32,117.32,11451.0
15:03,117.29,117.35,117.28,117.33,10965.0
15:04,117.31,117.31,117.27,117.29,22411.0
15:05,117.31,117.33,117.27,117.3,17183.0
15:06,117.3,117.38,117.29,117.32,19622.0
15:07,117.29,117.32,117.27,117.31,11448.0
15:08,117.23,117.28,117.23,117.28,15432.0
15:09,117.19,117.23,117.19,117.23,19184.0
15:10,117.13,117.2,117.13,117.2,27598.0
15:11,117.15,117.15,117.08,117.11,20929.0
15:12,117.17,117.19,117.15,117.15,28652.0
15:13,117.16,117.18,117.15,117.17,13625.0
15:14,117.17,117.17,117.12,117.17,12566.0
15:15,117.14,117.16,117.12,117.16,16029.0
15:16,117.15,117.16,117.09,117.13,11875.0
15:17,117.13,117.18,117.12,117.16,15021.0
15:18,117.14,117.15,117.11,117.13,14046.0
15:19,117.16,117.18,117.13,117.14,18863.0
15:20,117.12,117.19,117.09,117.16,35645.0
15:21,117.14,117.15,117.1,117.13,15184.0
15:22,117.08,117.17,117.08,117.15,13982.0
15:23,117.02,117.08,117.02,117.08,17188.0
15:24,117.0,117.01,116.98,117.01,17221.0
15:25,117.03,117.04,117.0,117.0,19063.0
15:26,116.94,117.03,116.92,117.03,21303.0
15:27,116.91,116.95,116.89,116.94,23545.0
15:28,116.92,116.94,116.88,116.89,22256.0
15:29,116.86,116.92,116.85,116.91,20841.0
15:30,116.85,116.87,116.81,116.85,20450.0
15:31,116.9,116.9,116.83,116.85,19468.0
15:32,116.91,116.92,116.87,116.91,17294.0
15:33,116.98,116.98,116.9,116.9,17267.0
15:34,117.0,117.02,116.98,116.98,25698.0
15:35,117.08,117.1,117.0,117.0,30498.0
15:36,117.09,117.15,117.07,117.07,19224.0
15:37,117.05,117.09,117.04,117.08,19811.0
15:38,117.1,117.1,117.05,117.06,17890.0
15:39,117.1,117.13,117.08,117.1,21736.0
15:40,117.1,117.12,117.05,117.09,27432.0
15:41,117.06,117.12,117.05,117.1,29533.0
15:42,117.02,117.06,117.02,117.04,23492.0
15:43,117.04,117.05,117.0,117.02,20985.0
15:44,117.08,117.09,117.03,117.04,27502.0
15:45,117.12,117.14,117.07,117.08,48671.0
15:46,117.18,117.18,117.11,117.12,29245.0
15:47,117.26,117.26,117.19,117.19,25320.0
15:48,117.24,117.29,117.24,117.26,66569.0
15:49,117.21,117.29,117.21,117.23,57669.0
15:50,117.24,117.32,117.15,117.2,66991.0
15:51,117.18,117.25,117.18,117.24,37059.0
15:52,117.2,117.2,117.14,117.18,38088.0
15:53,117.22,117.24,117.18,117.21,720126.0
15:54,117.18,117.25,117.17,117.22,63014.0
15:55,117.15,117.27,117.14,117.18,82277.0
15:56,117.07,117.15,117.05,117.14,90947.0
15:57,117.04,117.07,117.01,117.07,108321.0
15:58,117.05,117.05,116.99,117.04,175195.0
15:59,117.1,117.12,117.02,117.06,446372.0
