Time,Close,High,Low,Open,Volume
09:30,112.19,112.27,111.91,111.97,56764.0
09:31,112.15,112.21,112.15,112.15,1139.0
09:32,112.18,112.32,112.16,112.19,3024.0
09:33,112.32,112.32,112.06,112.13,6767.0
09:34,111.82,112.09,111.82,112.07,8072.0
09:35,112.15,112.18,111.61,111.71,320967.0
09:36,112.25,112.38,112.17,112.2,42415.0
09:37,112.36,112.44,112.17,112.24,203733.0
09:38,112.33,112.38,112.21,112.37,42060.0
09:39,112.55,112.55,112.32,112.32,41466.0
09:40,112.54,112.6,112.46,112.49,34145.0
09:41,112.6,112.6,112.41,112.52,33834.0
09:42,112.47,112.59,112.41,112.59,22046.0
09:43,112.56,112.56,112.44,112.46,20308.0
09:44,112.63,112.63,112.51,112.53,35032.0
09:45,112.59,112.69,112.59,112.61,37123.0
09:46,112.57,112.63,112.48,112.6,39250.0
09:47,112.58,112.61,112.54,112.57,27081.0
09:48,112.68,112.69,112.53,112.59,25097.0
09:49,112.78,112.82,112.65,112.68,54138.0
09:50,112.73,112.8,112.68,112.8,55507.0
09:51,112.73,112.76,112.65,112.71,69479.0
09:52,112.71,112.85,112.69,112.73,102361.0
09:53,112.86,112.91,112.72,112.72,36261.0
09:54,112.77,112.9,112.76,112.88,57384.0
09:55,112.88,112.9,112.77,112.78,32260.0
09:56,112.88,112.9,112.82,112.86,34315.0
09:57,112.85,112.94,112.83,112.89,36768.0
09:58,112.87,112.89,112.8,112.84,21965.0
09:59,112.93,112.96,112.87,112.88,41642.0
10:00,113.04,113.06,112.9,112.93,89985.0
10:01,112.79,113.03,112.78,113.03,41708.0
10:02,112.93,112.96,112.79,112.79,34935.0
10:03,112.93,112.95,112.87,112.93,43328.0
10:04,113.03,113.09,112.92,112.92,42383.0
10:05,112.96,113.05,112.94,113.03,36349.0
10:06,113.02,113.02,112.94,112.98,41256.0
10:07,112.97,113.04,112.89,113.04,40283.0
10:08,112.85,113.0,112.85,112.97,25343.0
10:09,112.68,112.86,112.63,112.85,60696.0
10:10,112.67,112.68,112.61,112.67,32577.0
10:11,112.94,112.94,112.64,112.64,61643.0
10:12,112.83,112.94,112.81,112.94,27445.0
10:13,112.66,112.81,112.65,112.81,26017.0
10:14,112.64,112.74,112.63,112.67,41531.0
10:15,112.56,112.64,112.5,112.64,42113.0
10:16,112.61,112.61,112.51,112.56,18881.0
10:17,112.65,112.65,112.56,112.61,24707.0
10:18,112.66,112.69,112.62,112.65,15955.0
10:19,112.68,112.68,112.61,112.67,14060.0
10:20,112.66,112.75,112.65,112.68,27525.0
10:21,112.62,112.64,112.58,112.63,29943.0
10:22,112.65,112.66,112.6,112.6,16235.0
10:23,112.66,112.68,112.61,112.64,19431.0
10:24,112.71,112.72,112.65,112.66,15628.0
10:25,112.76,112.77,112.69,112.71,18243.0
10:26,112.8,112.84,112.75,112.77,52185.0
10:27,112.83,112.89,112.8,112.8,23169.0
10:28,112.88,112.89,112.79,112.81,12882.0
10:29,112.89,112.94,112.86,112.88,19575.0
10:30,112.88,112.91,112.82,112.89,33650.0
10:31,112.88,112.92,112.81,112.88,21688.0
10:32,112.83,112.86,112.78,112.86,27804.0
10:33,112.68,112.84,112.68,112.84,19592.0
10:34,112.71,112.73,112.67,112.67,17327.0
10:35,112.63,112.71,112.59,112.71,27393.0
10:36,112.57,112.66,112.54,112.63,24718.0
10:37,112.58,112.58,112.52,112.55,13210.0
10:38,112.58,112.62,112.53,112.59,21010.0
10:39,112.58,112.64,112.55,112.6,33922.0
10:40,112.47,112.57,112.47,112.57,26889.0
10:41,112.54,112.58,112.46,112.47,24930.0
10:42,112.42,112.54,112.39,112.54,29991.0
10:43,112.44,112.47,112.42,112.44,17545.0
10:44,112.5,112.51,112.44,112.46,18317.0
10:45,112.43,112.53,112.43,112.47,14372.0
10:46,112.4,112.43,112.39,112.42,26133.0
10:47,112.33,112.4,112.32,112.39,22340.0
10:48,112.25,112.34,112.25,112.33,28471.0
10:49,112.27,112.27,112.22,112.24,18400.0
10:50,112.28,112.32,112.25,112.26,15557.0
10:51,112.29,112.31,112.22,112.28,20385.0
10:52,112.29,112.31,112.25,112.28,21301.0
10:53,112.31,112.37,112.3,112.31,14817.0
10:54,112.28,112.33,112.22,112.31,54512.0
10:55,112.31,112.33,112.28,112.28,16402.0
10:56,112.3,112.38,112.3,112.3,28390.0
10:57,112.37,112.37,112.27,112.29,23870.0
10:58,112.38,112.38,112.28,112.34,19383.0
10:59,112.29,112.38,112.29,112.38,34969.0
11:00,112.31,112.36,112.29,112.3,19935.0
11:01,112.28,112.31,112.27,112.31,20935.0
11:02,112.22,112.31,112.2,112.29,29412.0
11:03,112.16,112.24,112.14,112.21,35354.0
11:04,112.2,112.22,112.16,112.17,19098.0
11:05,112.14,112.22,112.14,112.2,24026.0
11:06,112.12,112.15,112.07,112.15,52572.0
11:07,112.17,112.17,112.13,112.14,17124.0
11:08,112.2,112.23,112.17,112.18,18337.0
11:09,112.18,112.22,112.18,112.21,8748.0
11:10,112.15,112.19,112.14,112.18,18826.0
11:11,112.05,112.15,112.01,112.15,14386.0
11:12,112.0,112.06,111.99,112.04,17354.0
11:13,111.98,111.99,111.92,111.98,37560.0
11:14,112.0,112.01,111.97,111.98,25638.0
11:15,112.04,112.09,111.99,112.0,31670.0
11:16,111.99,112.04,111.98,112.04,19825.0
11:17,112.01,112.04,111.98,111.99,19956.0
11:18,112.01,112.04,111.99,112.04,21705.0
11:19,112.04,112.04,111.96,112.01,14128.0
11:20,112.04,112.07,112.02,112.05,15357.0
11:21,112.01,112.05,112.0,112.03,11257.0
11:22,111.99,112.02,111.92,112.0,13486.0
11:23,112.01,112.02,111.98,112.0,12430.0
11:24,112.02,112.02,111.98,112.02,8774.0
11:25,112.0,112.06,111.99,112.02,17768.0
11:26,112.03,112.03,111.99,112.0,8135.0
11:27,112.01,112.03,111.97,112.03,15161.0
11:28,111.97,112.02,111.97,112.0,27741.0
11:29,111.94,111.99,111.91,111.98,25784.0
11:30,111.88,111.96,111.85,111.96,16188.0
11:31,111.88,111.89,111.82,111.89,18491.0
11:32,111.86,111.88,111.84,111.88,13447.0
11:33,111.89,111.89,111.83,111.86,13281.0
11:34,111.86,111.89,111.86,111.89,13038.0
11:35,111.91,111.91,111.86,111.87,22687.0
11:36,111.78,111.91,111.77,111.91,27676.0
11:37,111.68,111.78,111.68,111.78,24937.0
11:38,111.72,111.73,111.66,111.69,22600.0
11:39,111.83,111.83,111.73,111.73,12865.0
11:40,111.9,111.91,111.84,111.85,9232.0
11:41,111.9,111.96,111.89,111.92,15188.0
11:42,111.88,111.91,111.85,111.91,14205.0
11:43,111.86,111.9,111.85,111.86,15297.0
11:44,111.89,111.9,111.86,111.86,7947.0
11:45,111.89,111.9,111.87,111.89,10398.0
11:46,111.9,111.92,111.88,111.88,11591.0
11:47,111.79,111.93,111.77,111.9,177286.0
11:48,111.82,111.87,111.79,111.79,20693.0
11:49,111.85,111.87,111.81,111.82,13270.0
11:50,111.94,111.95,111.82,111.85,26747.0
11:51,111.9,112.02,111.9,111.93,28972.0
11:52,111.9,111.91,111.87,111.89,11262.0
11:53,111.91,111.93,111.87,111.89,19413.0
11:54,111.89,111.92,111.87,111.91,12601.0
11:55,111.84,111.9,111.84,111.9,14547.0
11:56,111.78,111.84,111.75,111.84,23603.0
11:57,111.87,111.88,111.78,111.78,14007.0
11:58,111.85,111.89,111.82,111.87,12753.0
11:59,111.83,111.86,111.8,111.84,14074.0
12:00,111.78,111.84,111.74,111.83,16039.0
12:01,111.76,111.79,111.72,111.77,14999.0
12:02,111.71,111.77,111.7,111.76,14663.0
12:03,111.73,111.74,111.7,111.71,15694.0
12:04,111.69,111.74,111.69,111.74,22917.0
12:05,111.72,111.78,111.69,111.69,19413.0
12:06,111.69,111.73,111.67,111.72,16099.0
12:07,111.62,111.7,111.62,111.69,13940.0
12:08,111.61,111.64,111.6,111.62,11649.0
12:09,111.61,111.63,111.59,111.62,21032.0
12:10,111.58,111.64,111.56,111.61,12223.0
12:11,111.52,111.57,111.48,111.56,29569.0
12:12,111.51,111.55,111.51,111.52,27229.0
12:13,111.5,111.52,111.47,111.52,35448.0
12:14,111.51,111.53,111.48,111.5,20132.0
12:15,111.48,111.54,111.46,111.52,43601.0
12:16,111.5,111.53,111.46,111.47,42318.0
12:17,111.5,111.52,111.49,111.5,7607.0
12:18,111.49,111.51,111.46,111.49,33959.0
12:19,111.46,111.5,111.45,111.48,9109.0
12:20,111.44,111.48,111.42,111.46,18209.0
12:21,111.43,111.45,111.41,111.45,19987.0
12:22,111.44,111.47,111.39,111.43,67386.0
12:23,111.46,111.47,111.41,111.44,14395.0
12:24,111.41,111.45,111.41,111.45,23763.0
12:25,111.42,111.42,111.38,111.39,9889.0
12:26,111.44,111.44,111.39,111.42,9870.0
12:27,111.43,111.48,111.42,111.44,24555.0
12:28,111.46,111.46,111.42,111.43,13755.0
12:29,111.48,111.52,111.46,111.47,23585.0
12:30,111.48,111.5,111.46,111.48,37994.0
12:31,111.55,111.55,111.48,111.48,22693.0
12:32,111.59,111.59,111.53,111.55,12302.0
12:33,111.53,111.59,111.53,111.59,16414.0
12:34,111.57,111.57,111.52,111.53,10819.0
12:35,111.63,111.63,111.58,111.58,15653.0
12:36,111.71,111.71,111.63,111.63,17830.0
12:37,111.7,111.71,111.67,111.71,14830.0
12:38,111.67,111.72,111.67,111.72,11832.0
12:39,111.64,111.67,111.63,111.67,11534.0
12:40,111.61,111.65,111.6,111.65,11870.0
12:41,111.61,111.63,111.6,111.61,15727.0
12:42,111.58,111.61,111.57,111.6,8975.0
12:43,111.61,111.64,111.58,111.58,19239.0
12:44,111.6,111.62,111.58,111.61,10863.0
12:45,111.61,111.61,111.57,111.6,7616.0
12:46,111.58,111.63,111.57,111.61,7590.0
12:47,111.56,111.6,111.55,111.58,12591.0
12:48,111.51,111.55,111.48,111.55,28962.0
12:49,111.48,111.5,111.48,111.5,17163.0
12:50,111.51,111.51,111.43,111.48,25975.0
12:51,111.47,111.52,111.47,111.5,10429.0
12:52,111.49,111.5,111.46,111.47,13629.0
12:53,111.48,111.51,111.47,111.48,8479.0
12:54,111.47,111.49,111.46,111.47,9737.0
12:55,111.47,111.5,111.43,111.47,20428.0
12:56,111.41,111.47,111.4,111.47,23945.0
12:57,111.34,111.41,111.31,111.41,38694.0
12:58,111.35,111.35,111.31,111.33,17960.0
12:59,111.34,111.36,111.34,111.36,17385.0
13:00,111.32,111.35,111.31,111.34,16114.0
13:01,111.21,111.32,111.21,111.31,43255.0
13:02,111.19,111.21,111.19,111.21,14920.0
13:03,111.2,111.21,111.18,111.19,34392.0
13:04,111.2,111.22,111.17,111.19,24862.0
13:05,111.21,111.21,111.15,111.2,17393.0
13:06,111.18,111.23,111.18,111.21,18996.0
13:07,111.18,111.21,111.17,111.18,28994.0
13:08,111.14,111.18,111.1,111.18,32401.0
13:09,111.12,111.16,111.12,111.14,18086.0
13:10,111.09,111.12,111.07,111.12,26128.0
13:11,111.09,111.11,111.07,111.09,14307.0
13:12,111.09,111.12,111.08,111.09,17097.0
13:13,111.05,111.11,111.05,111.08,31181.0
13:14,111.06,111.07,111.03,111.06,22908.0
13:15,111.1,111.1,111.05,111.06,16222.0
13:16,111.11,111.14,111.08,111.11,21828.0
13:17,111.14,111.14,111.11,111.11,12886.0
13:18,111.2,111.24,111.14,111.14,23767.0
13:19,111.15,111.21,111.13,111.21,105120.0
13:20,111.12,111.17,111.11,111.15,10429.0
13:21,111.15,111.15,111.11,111.12,35038.0
13:22,111.18,111.19,111.14,111.15,17063.0
13:23,111.23,111.24,111.19,111.19,18299.0
13:24,111.31,111.31,111.23,111.23,23232.0
13:25,111.23,111.31,111.22,111.31,17432.0
13:26,111.25,111.26,111.22,111.23,15484.0
13:27,111.26,111.27,111.23,111.25,7710.0
13:28,111.28,111.29,111.25,111.26,12936.0
13:29,111.32,111.32,111.28,111.28,19070.0
13:30,111.26,111.32,111.25,111.32,13327.0
13:31,111.18,111.26,111.16,111.26,35721.0
13:32,111.17,111.21,111.15,111.18,34977.0
13:33,111.21,111.21,111.17,111.18,7517.0
13:34,111.18,111.22,111.17,111.21,18053.0
13:35,111.2,111.21,111.18,111.18,8894.0
13:36,111.19,111.21,111.18,111.21,8681.0
13:37,111.24,111.25,111.2,111.2,13616.0
13:38,111.25,111.25,111.21,111.24,13477.0
13:39,111.24,111.32,111.24,111.26,29620.0
13:40,111.32,111.33,111.24,111.24,51013.0
13:41,111.37,111.37,111.31,111.31,19911.0
13:42,111.34,111.37,111.33,111.36,13692.0
13:43,111.29,111.34,111.28,111.34,16822.0
13:44,111.29,111.31,111.28,111.29,29925.0
13:45,111.18,111.3,111.18,111.29,23437.0
13:46,111.21,111.22,111.15,111.18,17830.0
13:47,111.3,111.31,111.21,111.21,1.0
13:48,111.32,111.32,111.29,111.29,13118.0
13:49,111.29,111.33,111.29,111.32,11966.0
13:50,111.31,111.33,111.29,111.29,15770.0
13:51,111.3,111.31,111.29,111.31,10921.0
13:52,111.29,111.32,111.28,111.31,19438.0
13:53,111.27,111.31,111.25,111.3,14785.0
13:54,111.29,111.29,111.26,111.28,9142.0
13:55,111.3,111.32,111.28,111.29,16707.0
13:56,111.32,111.32,111.29,111.3,15129.0
13:57,111.32,111.33,111.3,111.32,8345.0
13:58,111.35,111.35,111.32,111.32,7964.0
13:59,111.33,111.39,111.32,111.35,24648.0
14:00,111.33,111.34,111.31,111.33,19520.0
14:01,111.29,111.33,111.28,111.33,27025.0
14:02,111.38,111.38,111.29,111.29,15635.0
14:03,111.43,111.43,111.38,111.38,14877.0
14:04,111.46,111.46,111.42,111.44,12140.0
14:05,111.53,111.53,111.45,111.47,20886.0
14:06,111.57,111.58,111.53,111.53,17527.0
14:07,111.58,111.59,111.55,111.56,15707.0
14:08,111.61,111.62,111.57,111.59,12384.0
14:09,111.6,111.61,111.58,111.61,20128.0
14:10,111.56,111.6,111.55,111.59,12421.0
14:11,111.58,111.6,111.56,111.57,11592.0
14:12,111.64,111.66,111.59,111.59,12672.0
14:13,111.51,111.64,111.51,111.64,14746.0
14:14,111.56,111.56,111.5,111.51,18210.0
14:15,111.55,111.56,111.53,111.56,18127.0
14:16,111.56,111.57,111.54,111.55,7709.0
14:17,111.54,111.56,111.52,111.56,19293.0
14:18,111.54,111.56,111.52,111.54,24669.0
14:19,111.54,111.56,111.54,111.54,13873.0
14:20,111.53,111.57,111.53,111.55,14152.0
14:21,111.54,111.57,111.53,111.53,11058.0
14:22,111.5,111.55,111.49,111.55,12871.0
14:23,111.49,111.51,111.47,111.49,13256.0
14:24,111.49,111.49,111.47,111.49,5346.0
14:25,111.46,111.5,111.46,111.49,14237.0
14:26,111.49,111.49,111.44,111.46,13837.0
14:27,111.48,111.5,111.47,111.49,13065.0
14:28,111.43,111.47,111.43,111.47,9218.0
14:29,111.46,111.46,111.43,111.43,4505.0
14:30,111.47,111.48,111.46,111.46,16765.0
14:31,111.48,111.51,111.44,111.46,49635.0
14:32,111.57,111.6,111.48,111.49,29135.0
14:33,111.53,111.57,111.51,111.57,19371.0
14:34,111.54,111.56,111.51,111.52,10657.0
14:35,111.53,111.54,111.53,111.54,13340.0
14:36,111.57,111.58,111.52,111.52,9113.0
14:37,111.61,111.61,111.56,111.57,14610.0
14:38,111.63,111.66,111.61,111.61,63763.0
14:39,111.62,111.64,111.61,111.63,11679.0
14:40,111.57,111.61,111.56,111.61,14874.0
14:41,111.56,111.57,111.55,111.57,10155.0
14:42,111.57,111.59,111.57,111.57,11365.0
14:43,111.57,111.59,111.57,111.57,15685.0
14:44,111.54,111.57,111.54,111.57,7470.0
14:45,111.56,111.56,111.51,111.54,13812.0
14:46,111.56,111.58,111.56,111.57,17503.0
14:47,111.54,111.57,111.52,111.57,9073.0
14:48,111.53,111.55,111.52,111.54,13655.0
14:49,111.5,111.54,111.5,111.53,8909.0
14:50,111.54,111.54,111.5,111.5,9328.0
14:51,111.49,111.54,111.48,111.54,17010.0
14:52,111.52,111.52,111.5,111.5,12520.0
14:53,111.52,111.53,111.49,111.53,18111.0
14:54,111.55,111.55,111.52,111.52,17596.0
14:55,111.57,111.6,111.57,111.57,17765.0
14:56,111.54,111.57,111.49,111.57,17004.0
14:57,111.5,111.54,111.49,111.54,12660.0
14:58,111.47,111.5,111.43,111.5,19278.0
14:59,111.44,111.48,111.43,111.47,18999.0
15:00,111.49,111.51,111.45,111.45,22860.0
15:01,111.45,111.5,111.44,111.5,20505.0
15:02,111.46,111.48,111.46,111.46,12595.0
15:03,111.5,111.5,111.46,111.47,16547.0
15:04,111.54,111.55,111.5,111.5,16225.0
15:05,111.54,111.56,111.53,111.53,12795.0
15:06,111.51,111.53,111.51,111.53,10328.0
15:07,111.46,111.51,111.45,111.51,13994.0
15:08,111.49,111.5,111.45,111.46,7227.0
15:09,111.47,111.5,111.46,111.5,19613.0
15:10,111.42,111.47,111.42,111.47,12669.0
15:11,111.4,111.42,111.4,111.4,23519.0
15:12,111.39,111.43,111.39,111.4,24708.0
15:13,111.43,111.43,111.39,111.4,23367.0
15:14,111.42,111.44,111.42,111.43,33876.0
15:15,111.37,111.41,111.36,111.41,19047.0
15:16,111.42,111.42,111.35,111.36,21477.0
15:17,111.39,111.42,111.37,111.42,16305.0
15:18,111.39,111.43,111.38,111.39,29343.0
15:19,111.39,111.4,111.37,111.39,16984.0
15:20,111.38,111.4,111.36,111.39,12016.0
15:21,111.46,111.49,111.39,111.39,21315.0
15:22,111.48,111.49,111.44,111.46,23211.0
15:23,111.46,111.48,111.45,111.47,22147.0
15:24,111.44,111.46,111.43,111.44,12987.0
15:25,111.47,111.49,111.44,111.44,31280.0
15:26,111.49,111.5,111.46,111.47,13856.0
15:27,111.46,111.49,111.46,111.49,12433.0
15:28,111.47,111.48,111.45,111.46,20793.0
15:29,111.42,111.47,111.42,111.47,24195.0
15:30,111.42,111.44,111.42,111.43,25528.0
15:31,111.36,111.45,111.36,111.43,39210.0
15:32,111.39,111.39,111.36,111.36,21041.0
15:33,111.36,111.39,111.36,111.38,24397.0
15:34,111.33,111.37,111.32,111.36,23770.0
15:35,111.29,111.35,111.29,111.34,26360.0
15:36,111.34,111.36,111.28,111.29,42071.0
15:37,111.35,111.35,111.33,111.34,19176.0
15:38,111.38,111.39,111.35,111.35,22756.0
15:39,111.4,111.41,111.37,111.38,25848.0
15:40,111.38,111.42,111.36,111.41,43635.0
15:41,111.36,111.37,111.32,111.36,203565.0
15:42,111.33,111.36,111.29,111.36,44129.0
15:43,111.39,111.43,111.33,111.33,33389.0
15:44,111.32,111.38,111.32,111.38,43370.0
15:45,111.35,111.37,111.32,111.33,37013.0
15:46,111.38,111.38,111.33,111.36,53372.0
15:47,111.38,111.41,111.35,111.38,117960.0
15:48,111.38,111.4,111.37,111.38,27683.0
15:49,111.38,111.39,111.31,111.38,52002.0
15:50,111.35,111.41,111.33,111.38,83303.0
15:51,111.36,111.4,111.32,111.34,51523.0
15:52,111.36,111.37,111.31,111.36,755550.0
15:53,111.4,111.4,111.32,111.36,41080.0
15:54,111.36,111.4,111.35,111.4,55525.0
15:55,111.48,111.48,111.35,111.37,104237.0
15:56,111.47,111.5,111.43,111.48,92865.0
15:57,111.43,111.47,111.39,111.46,109366.0
15:58,111.43,111.47,111.4,111.43,148830.0
15:59,111.31,111.44,111.3,111.43,440710.0
