Time,Close,High,Low,Open,Volume
09:30,118.2,118.53,118.15,118.45,139358.0
09:31,118.2,118.53,118.15,118.45,139358.0
09:32,118.2,118.53,118.15,118.45,139358.0
09:33,118.2,118.53,118.15,118.45,139358.0
09:34,118.2,118.53,118.15,118.45,139358.0
09:35,118.2,118.53,118.15,118.45,139358.0
09:36,118.2,118.53,118.15,118.45,139358.0
09:37,118.2,118.53,118.15,118.45,139358.0
09:38,118.2,118.53,118.15,118.45,139358.0
09:39,118.2,118.53,118.15,118.45,139358.0
09:40,118.2,118.53,118.15,118.45,139358.0
09:41,118.2,118.53,118.15,118.45,139358.0
09:42,118.2,118.53,118.15,118.45,139358.0
09:43,118.2,118.53,118.15,118.45,139358.0
09:44,118.2,118.53,118.15,118.45,139358.0
09:45,118.2,118.53,118.15,118.45,139358.0
09:46,118.2,118.53,118.15,118.45,139358.0
09:47,118.2,118.53,118.15,118.45,139358.0
09:48,118.2,118.53,118.15,118.45,139358.0
09:49,118.2,118.53,118.15,118.45,139358.0
09:50,118.2,118.53,118.15,118.45,139358.0
09:51,118.2,118.53,118.15,118.45,139358.0
09:52,118.2,118.53,118.15,118.45,139358.0
09:53,118.2,118.53,118.15,118.45,139358.0
09:54,118.2,118.53,118.15,118.45,139358.0
09:55,118.2,118.53,118.15,118.45,139358.0
09:56,118.2,118.53,118.15,118.45,139358.0
09:57,118.2,118.53,118.15,118.45,139358.0
09:58,118.2,118.53,118.15,118.45,139358.0
09:59,118.2,118.53,118.15,118.45,139358.0
10:00,118.2,118.53,118.15,118.45,139358.0
10:01,118.2,118.53,118.15,118.45,139358.0
10:02,118.2,118.53,118.15,118.45,139358.0
10:03,118.2,118.53,118.15,118.45,139358.0
10:04,118.2,118.53,118.15,118.45,139358.0
10:05,118.2,118.53,118.15,118.45,139358.0
10:06,118.2,118.53,118.15,118.45,139358.0
10:07,118.2,118.53,118.15,118.45,139358.0
10:08,118.2,118.53,118.15,118.45,139358.0
10:09,118.2,118.53,118.15,118.45,139358.0
10:10,118.2,118.53,118.15,118.45,139358.0
10:11,118.2,118.53,118.15,118.45,139358.0
10:12,118.2,118.53,118.15,118.45,139358.0
10:13,118.2,118.53,118.15,118.45,139358.0
10:14,118.2,118.53,118.15,118.45,139358.0
10:15,118.2,118.53,118.15,118.45,139358.0
10:16,118.2,118.53,118.15,118.45,139358.0
10:17,118.2,118.53,118.15,118.45,139358.0
10:18,118.2,118.53,118.15,118.45,139358.0
10:19,118.2,118.53,118.15,118.45,139358.0
10:20,118.2,118.53,118.15,118.45,139358.0
10:21,118.2,118.53,118.15,118.45,139358.0
10:22,118.2,118.53,118.15,118.45,139358.0
10:23,118.2,118.53,118.15,118.45,139358.0
10:24,118.2,118.53,118.15,118.45,139358.0
10:25,118.2,118.53,118.15,118.45,139358.0
10:26,118.2,118.53,118.15,118.45,139358.0
10:27,118.2,118.53,118.15,118.45,139358.0
10:28,118.2,118.53,118.15,118.45,139358.0
10:29,118.2,118.53,118.15,118.45,139358.0
10:30,118.2,118.53,118.15,118.45,139358.0
10:31,118.13,118.34,118.1,118.24,19489.0
10:32,117.86,118.08,117.83,118.08,25870.0
10:33,117.88,118.09,117.67,117.84,441412.0
10:34,117.92,118.11,117.79,117.88,89225.0
10:35,117.65,118.01,117.6,117.89,54145.0
10:36,117.42,117.68,117.4,117.64,83233.0
10:37,117.24,117.47,117.04,117.45,57355.0
10:38,117.16,117.38,117.08,117.25,47872.0
10:39,116.96,117.17,116.95,117.13,56234.0
10:40,116.82,116.99,116.66,116.95,71631.0
10:41,117.07,117.11,116.86,116.86,41970.0
10:42,117.0,117.04,116.9,117.04,44704.0
10:43,117.06,117.08,116.96,116.99,41825.0
10:44,117.09,117.11,116.97,117.06,48412.0
10:45,117.16,117.16,116.99,117.08,62001.0
10:46,117.32,117.42,117.13,117.15,54083.0
10:47,117.34,117.41,117.27,117.32,78116.0
10:48,117.29,117.44,117.25,117.31,54470.0
10:49,117.25,117.37,117.19,117.27,51758.0
10:50,117.25,117.3,117.18,117.24,25496.0
10:51,117.32,117.34,117.21,117.26,19552.0
10:52,117.39,117.39,117.23,117.33,28131.0
10:53,117.45,117.52,117.37,117.39,41306.0
10:54,117.39,117.47,117.37,117.46,21126.0
10:55,117.26,117.4,117.22,117.4,29787.0
10:56,117.19,117.28,117.15,117.26,22610.0
10:57,117.31,117.31,117.17,117.19,14570.0
10:58,117.35,117.35,117.25,117.3,28540.0
10:59,117.45,117.45,117.32,117.36,47957.0
11:00,117.5,117.54,117.46,117.48,52200.0
11:01,117.61,117.62,117.5,117.51,36947.0
11:02,117.56,117.63,117.46,117.6,42974.0
11:03,117.53,117.55,117.46,117.55,16444.0
11:04,117.61,117.63,117.53,117.53,22798.0
11:05,117.64,117.71,117.61,117.62,33487.0
11:06,117.69,117.73,117.62,117.64,28787.0
11:07,117.67,117.7,117.62,117.68,37620.0
11:08,117.55,117.71,117.55,117.68,44136.0
11:09,117.64,117.67,117.56,117.58,27622.0
11:10,117.6,117.65,117.59,117.62,30612.0
11:11,117.62,117.65,117.56,117.61,36712.0
11:12,117.69,117.7,117.57,117.61,24061.0
11:13,117.69,117.73,117.66,117.69,21972.0
11:14,117.61,117.73,117.61,117.68,19553.0
11:15,117.53,117.64,117.5,117.62,41938.0
11:16,117.44,117.56,117.44,117.55,38530.0
11:17,117.42,117.5,117.38,117.44,23812.0
11:18,117.5,117.5,117.42,117.42,11420.0
11:19,117.48,117.55,117.44,117.51,29128.0
11:20,117.61,117.64,117.46,117.47,20784.0
11:21,117.68,117.69,117.58,117.62,22779.0
11:22,117.67,117.72,117.65,117.69,16671.0
11:23,117.6,117.69,117.55,117.68,29138.0
11:24,117.61,117.66,117.57,117.59,17603.0
11:25,117.62,117.64,117.54,117.61,14631.0
11:26,117.57,117.72,117.55,117.62,43075.0
11:27,117.78,117.78,117.56,117.58,27677.0
11:28,117.81,117.83,117.75,117.8,45178.0
11:29,117.82,117.82,117.75,117.78,22780.0
11:30,117.92,117.95,117.78,117.8,29044.0
11:31,117.85,117.92,117.82,117.91,29569.0
11:32,117.84,117.89,117.82,117.84,12310.0
11:33,117.81,117.88,117.81,117.84,11107.0
11:34,117.88,117.91,117.82,117.82,17681.0
11:35,117.92,117.95,117.85,117.88,15080.0
11:36,117.95,117.96,117.88,117.91,15559.0
11:37,118.0,118.04,117.91,117.94,25310.0
11:38,117.9,118.02,117.9,118.0,21477.0
11:39,117.91,117.93,117.87,117.92,16935.0
11:40,117.8,117.93,117.79,117.91,35672.0
11:41,117.86,117.9,117.81,117.81,15456.0
11:42,117.89,117.94,117.84,117.86,11717.0
11:43,117.84,117.92,117.82,117.91,17431.0
11:44,117.8,117.86,117.75,117.86,12603.0
11:45,117.85,117.91,117.8,117.81,16319.0
11:46,117.81,117.85,117.76,117.85,20737.0
11:47,117.86,117.9,117.79,117.8,28991.0
11:48,117.87,117.91,117.85,117.86,29733.0
11:49,118.01,118.01,117.86,117.87,22945.0
11:50,118.07,118.07,117.97,118.02,16971.0
11:51,118.12,118.14,118.05,118.07,20683.0
11:52,118.16,118.18,118.1,118.12,11063.0
11:53,118.2,118.2,118.12,118.16,24376.0
11:54,118.18,118.2,118.14,118.19,21889.0
11:55,118.16,118.2,118.14,118.19,13632.0
11:56,118.19,118.2,118.16,118.19,11120.0
11:57,118.28,118.29,118.21,118.21,24381.0
11:58,118.26,118.31,118.24,118.29,20567.0
11:59,118.26,118.27,118.23,118.26,19424.0
12:00,118.25,118.29,118.22,118.27,33827.0
12:01,118.25,118.29,118.19,118.24,25166.0
12:02,118.29,118.31,118.25,118.25,10628.0
12:03,118.26,118.31,118.25,118.29,13856.0
12:04,118.29,118.3,118.26,118.26,15615.0
12:05,118.29,118.3,118.24,118.29,38493.0
12:06,118.28,118.3,118.24,118.29,37888.0
12:07,118.26,118.31,118.25,118.27,23831.0
12:08,118.31,118.31,118.19,118.26,21314.0
12:09,118.39,118.39,118.28,118.3,16753.0
12:10,118.44,118.47,118.4,118.4,22023.0
12:11,118.4,118.44,118.35,118.44,27956.0
12:12,118.44,118.45,118.37,118.4,27945.0
12:13,118.44,118.47,118.43,118.44,22221.0
12:14,118.5,118.52,118.43,118.44,19068.0
12:15,118.47,118.53,118.45,118.5,23192.0
12:16,118.45,118.47,118.42,118.47,16932.0
12:17,118.4,118.45,118.4,118.44,30696.0
12:18,118.46,118.48,118.38,118.4,35057.0
12:19,118.52,118.52,118.46,118.47,10555.0
12:20,118.48,118.59,118.48,118.53,28963.0
12:21,118.54,118.57,118.49,118.49,15719.0
12:22,118.53,118.55,118.5,118.54,12295.0
12:23,118.56,118.56,118.52,118.54,13536.0
12:24,118.63,118.64,118.53,118.55,47178.0
12:25,118.64,118.67,118.62,118.64,13778.0
12:26,118.61,118.64,118.58,118.64,27611.0
12:27,118.62,118.64,118.61,118.61,10884.0
12:28,118.64,118.69,118.64,118.66,22733.0
12:29,118.67,118.68,118.61,118.63,11488.0
12:30,118.69,118.72,118.66,118.67,13926.0
12:31,118.66,118.69,118.65,118.69,14535.0
12:32,118.68,118.69,118.66,118.66,16793.0
12:33,118.65,118.68,118.61,118.68,26324.0
12:34,118.69,118.7,118.66,118.66,14455.0
12:35,118.69,118.75,118.68,118.69,24699.0
12:36,118.74,118.76,118.68,118.68,22070.0
12:37,118.78,118.78,118.74,118.75,22074.0
12:38,118.75,118.83,118.75,118.79,28131.0
12:39,118.83,118.84,118.75,118.75,10902.0
12:40,118.83,118.88,118.82,118.84,18095.0
12:41,118.79,118.83,118.79,118.82,27998.0
12:42,118.75,118.79,118.74,118.78,12404.0
12:43,118.75,118.77,118.75,118.75,14027.0
12:44,118.79,118.8,118.73,118.75,10424.0
12:45,118.73,118.79,118.69,118.79,55036.0
12:46,118.76,118.77,118.72,118.73,12472.0
12:47,118.69,118.77,118.69,118.75,14426.0
12:48,118.71,118.73,118.66,118.69,17436.0
12:49,118.74,118.74,118.68,118.73,7632.0
12:50,118.78,118.81,118.74,118.74,15343.0
12:51,118.77,118.78,118.72,118.78,28012.0
12:52,118.75,118.78,118.71,118.76,24504.0
12:53,118.79,118.81,118.73,118.75,23712.0
12:54,118.79,118.85,118.77,118.79,68757.0
12:55,118.87,118.89,118.79,118.81,72452.0
12:56,118.87,118.94,118.86,118.86,20911.0
12:57,118.91,118.92,118.83,118.88,16230.0
12:58,118.92,118.93,118.88,118.92,10071.0
12:59,118.85,118.93,118.84,118.92,30044.0
13:00,118.78,118.84,118.76,118.84,31335.0
13:01,118.81,118.85,118.78,118.78,17784.0
13:02,118.68,118.81,118.66,118.81,51553.0
13:03,118.66,118.69,118.62,118.69,25404.0
13:04,118.68,118.69,118.57,118.67,23908.0
13:05,118.75,118.77,118.68,118.68,18945.0
13:06,118.73,118.76,118.67,118.75,30050.0
13:07,118.75,118.75,118.68,118.72,21112.0
13:08,118.71,118.76,118.68,118.75,15766.0
13:09,118.71,118.73,118.7,118.72,27975.0
13:10,118.7,118.76,118.7,118.71,14800.0
13:11,118.64,118.72,118.64,118.7,58366.0
13:12,118.65,118.67,118.59,118.64,26699.0
13:13,118.58,118.64,118.56,118.64,12940.0
13:14,118.61,118.63,118.59,118.63,11019.0
13:15,118.64,118.65,118.61,118.61,9970.0
13:16,118.72,118.72,118.61,118.63,13539.0
13:17,118.74,118.75,118.71,118.71,14984.0
13:18,118.72,118.73,118.69,118.73,17849.0
13:19,118.81,118.81,118.72,118.72,8965.0
13:20,118.82,118.85,118.8,118.8,13325.0
13:21,118.81,118.88,118.81,118.83,14842.0
13:22,118.86,118.86,118.8,118.81,21851.0
13:23,118.83,118.89,118.82,118.87,12744.0
13:24,118.82,118.85,118.82,118.83,5663.0
13:25,118.82,118.84,118.8,118.83,8732.0
13:26,118.76,118.83,118.74,118.83,12681.0
13:27,118.83,118.84,118.76,118.77,12494.0
13:28,118.8,118.84,118.78,118.82,27100.0
13:29,118.82,118.85,118.82,118.82,10869.0
13:30,118.78,118.82,118.77,118.81,10790.0
13:31,118.77,118.8,118.75,118.79,19615.0
13:32,118.8,118.82,118.78,118.78,10741.0
13:33,118.86,118.88,118.79,118.8,13990.0
13:34,118.87,118.89,118.85,118.86,9136.0
13:35,118.93,118.93,118.86,118.86,8173.0
13:36,118.93,118.96,118.9,118.92,12841.0
13:37,118.99,118.99,118.93,118.93,18723.0
13:38,118.99,119.0,118.96,118.99,13528.0
13:39,119.04,119.04,118.99,118.99,22327.0
13:40,119.03,119.04,119.0,119.04,24500.0
13:41,118.98,119.06,118.98,119.04,18960.0
13:42,118.98,118.99,118.95,118.98,8154.0
13:43,118.98,119.0,118.94,118.98,11496.0
13:44,118.97,119.0,118.97,118.98,7883.0
13:45,118.96,118.98,118.94,118.97,14746.0
13:46,118.93,118.95,118.9,118.95,16423.0
13:47,118.91,118.95,118.91,118.93,7976.0
13:48,118.97,118.97,118.92,118.92,20850.0
13:49,118.97,119.0,118.96,118.96,16203.0
13:50,118.91,118.97,118.9,118.97,22311.0
13:51,118.93,118.93,118.89,118.92,15824.0
13:52,118.92,118.94,118.9,118.93,12178.0
13:53,118.94,118.95,118.92,118.93,10494.0
13:54,118.93,118.95,118.91,118.95,14353.0
13:55,119.01,119.01,118.93,118.93,8184.0
13:56,118.96,119.02,118.9,119.01,29801.0
13:57,118.97,119.0,118.97,118.97,12886.0
13:58,118.99,118.99,118.95,118.96,26715.0
13:59,118.99,119.01,118.96,118.99,33290.0
14:00,118.93,118.99,118.9,118.99,20793.0
14:01,118.92,118.96,118.92,118.94,7059.0
14:02,118.9,118.92,118.88,118.91,23879.0
14:03,118.94,118.95,118.89,118.9,11002.0
14:04,118.96,118.96,118.92,118.94,19345.0
14:05,118.95,118.97,118.94,118.96,15217.0
14:06,119.0,119.0,118.94,118.94,10200.0
14:07,119.03,119.05,119.0,119.0,32343.0
14:08,118.95,119.03,118.95,119.03,11948.0
14:09,118.98,119.0,118.94,118.96,16561.0
14:10,118.96,118.99,118.94,118.98,22944.0
14:11,118.96,118.99,118.94,118.94,10804.0
14:12,118.98,119.0,118.96,118.97,6363.0
14:13,119.01,119.04,118.98,118.98,13477.0
14:14,119.03,119.04,119.01,119.03,16627.0
14:15,118.96,119.04,118.96,119.04,19003.0
14:16,118.95,118.99,118.95,118.97,10215.0
14:17,118.86,118.97,118.86,118.93,29764.0
14:18,118.89,118.91,118.86,118.86,10668.0
14:19,118.85,118.9,118.84,118.88,14655.0
14:20,118.81,118.86,118.79,118.85,10597.0
14:21,118.82,118.83,118.79,118.81,8485.0
14:22,118.75,118.82,118.75,118.82,12821.0
14:23,118.81,118.81,118.75,118.75,22135.0
14:24,118.81,118.82,118.78,118.82,10330.0
14:25,118.79,118.83,118.79,118.82,13398.0
14:26,118.83,118.84,118.79,118.8,7008.0
14:27,118.84,118.86,118.82,118.83,10415.0
14:28,118.88,118.9,118.83,118.83,10356.0
14:29,118.94,118.95,118.88,118.88,7079.0
14:30,118.97,118.97,118.9,118.93,15028.0
14:31,118.94,118.95,118.93,118.95,6993.0
14:32,118.99,119.01,118.95,118.95,10927.0
14:33,119.04,119.06,118.97,118.97,18061.0
14:34,119.03,119.04,119.0,119.04,16912.0
14:35,119.04,119.07,119.03,119.04,5908.0
14:36,118.99,119.03,118.98,119.03,16443.0
14:37,118.93,119.0,118.93,119.0,17984.0
14:38,118.94,118.96,118.9,118.93,12964.0
14:39,118.95,118.96,118.94,118.95,6892.0
14:40,118.93,118.99,118.92,118.95,12818.0
14:41,118.92,118.93,118.88,118.93,15002.0
14:42,118.92,118.93,118.89,118.93,9417.0
14:43,118.94,118.94,118.91,118.93,9630.0
14:44,118.94,119.0,118.94,118.95,10909.0
14:45,118.93,118.96,118.9,118.94,13402.0
14:46,118.89,118.93,118.89,118.92,13460.0
14:47,118.89,118.93,118.89,118.9,7955.0
14:48,118.86,118.9,118.85,118.89,22957.0
14:49,118.87,118.89,118.85,118.87,7789.0
14:50,118.95,118.97,118.88,118.88,19304.0
14:51,119.03,119.03,118.94,118.94,2117625.0
14:52,119.05,119.06,118.98,119.02,15937.0
14:53,119.06,119.07,119.04,119.04,17157.0
14:54,119.07,119.08,119.06,119.06,12971.0
14:55,119.14,119.15,119.07,119.07,24831.0
14:56,119.13,119.14,119.08,119.14,29215.0
14:57,119.12,119.15,119.11,119.12,14520.0
14:58,119.12,119.13,119.1,119.12,16840.0
14:59,119.11,119.11,119.1,119.11,11336.0
15:00,119.21,119.22,119.11,119.11,23348.0
15:01,119.1,119.21,119.1,119.21,33232.0
15:02,119.11,119.11,119.06,119.1,20426.0
15:03,119.07,119.14,119.07,119.1,7688.0
15:04,119.06,119.08,119.03,119.07,19367.0
15:05,119.04,119.1,119.04,119.06,18744.0
15:06,119.04,119.08,119.03,119.04,20649.0
15:07,119.03,119.06,119.01,119.05,12034.0
15:08,119.0,119.03,118.98,119.02,10863.0
15:09,118.98,119.0,118.97,119.0,9670.0
15:10,119.06,119.07,118.99,118.99,15819.0
15:11,119.03,119.06,119.01,119.05,33740.0
15:12,119.11,119.11,119.03,119.03,14252.0
15:13,119.15,119.15,119.11,119.11,26113.0
15:14,119.17,119.18,119.14,119.15,22892.0
15:15,119.18,119.21,119.17,119.17,26920.0
15:16,119.18,119.19,119.14,119.19,16849.0
15:17,119.18,119.18,119.15,119.17,17145.0
15:18,119.18,119.19,119.17,119.18,14581.0
15:19,119.19,119.19,119.15,119.17,20736.0
15:20,119.21,119.22,119.19,119.19,19063.0
15:21,119.23,119.26,119.21,119.22,26394.0
15:22,119.25,119.25,119.22,119.24,18815.0
15:23,119.26,119.29,119.25,119.26,17549.0
15:24,119.26,119.29,119.26,119.26,15812.0
15:25,119.23,119.29,119.23,119.26,28801.0
15:26,119.26,119.28,119.23,119.24,21423.0
15:27,119.27,119.27,119.25,119.26,12266.0
15:28,119.24,119.28,119.24,119.27,19048.0
15:29,119.25,119.26,119.24,119.25,12058.0
15:30,119.25,119.26,119.24,119.25,16170.0
15:31,119.23,119.24,119.19,119.24,21359.0
15:32,119.23,119.24,119.2,119.23,18182.0
15:33,119.18,119.22,119.17,119.22,21125.0
15:34,119.18,119.2,119.16,119.19,20450.0
15:35,119.15,119.18,119.12,119.17,22976.0
15:36,119.18,119.2,119.14,119.15,22049.0
15:37,119.22,119.23,119.18,119.18,15563.0
15:38,119.28,119.28,119.22,119.23,17265.0
15:39,119.27,119.31,119.27,119.28,21084.0
15:40,119.26,119.29,119.26,119.28,13525.0
15:41,119.32,119.32,119.26,119.26,15556.0
15:42,119.31,119.32,119.29,119.31,31559.0
15:43,119.28,119.32,119.28,119.31,12163.0
15:44,119.31,119.31,119.27,119.28,13294.0
15:45,119.37,119.38,119.31,119.31,20911.0
15:46,119.37,119.4,119.36,119.36,31226.0
15:47,119.36,119.37,119.36,119.37,12456.0
15:48,119.29,119.36,119.28,119.36,26069.0
15:49,119.27,119.28,119.26,119.28,16713.0
15:50,119.3,119.33,119.28,119.28,16488.0
15:51,119.33,119.35,119.29,119.3,21149.0
15:52,119.4,119.4,119.3,119.32,25250.0
15:53,119.42,119.42,119.36,119.4,36141.0
15:54,119.46,119.46,119.43,119.43,29556.0
15:55,119.4,119.48,119.4,119.47,49154.0
15:56,119.42,119.44,119.39,119.41,27538.0
15:57,119.42,119.45,119.42,119.42,22943.0
15:58,119.45,119.46,119.42,119.43,15609.0
15:59,119.47,119.47,119.43,119.44,20976.0
16:00,119.4,119.46,119.4,119.46,28008.0
16:01,119.41,119.44,119.4,119.4,15292.0
16:02,119.43,119.46,119.41,119.41,16762.0
16:03,119.41,119.44,119.41,119.43,11361.0
16:04,119.45,119.46,119.4,119.41,25993.0
16:05,119.46,119.47,119.44,119.44,18310.0
16:06,119.39,119.45,119.39,119.45,25062.0
16:07,119.38,119.41,119.36,119.39,17374.0
16:08,119.37,119.4,119.36,119.36,13265.0
16:09,119.31,119.38,119.3,119.38,25987.0
16:10,119.32,119.36,119.31,119.32,14121.0
16:11,119.28,119.35,119.28,119.32,26354.0
16:12,119.3,119.32,119.28,119.29,13392.0
16:13,119.28,119.33,119.27,119.31,20290.0
16:14,119.27,119.28,119.24,119.27,41233.0
16:15,119.18,119.29,119.18,119.28,33033.0
16:16,119.25,119.25,119.18,119.18,18041.0
16:17,119.24,119.25,119.21,119.25,24540.0
16:18,119.2,119.24,119.2,119.24,30645.0
16:19,119.26,119.27,119.2,119.21,17421.0
16:20,119.32,119.32,119.27,119.27,22343.0
16:21,119.25,119.32,119.25,119.32,27170.0
16:22,119.24,119.25,119.2,119.25,18290.0
16:23,119.25,119.25,119.21,119.23,23660.0
16:24,119.25,119.26,119.22,119.25,22720.0
16:25,119.28,119.28,119.24,119.25,20137.0
16:26,119.22,119.28,119.22,119.28,27133.0
16:27,119.24,119.25,119.2,119.22,18891.0
16:28,119.28,119.3,119.25,119.25,18181.0
16:29,119.25,119.29,119.25,119.27,27366.0
16:30,119.25,119.26,119.23,119.25,24583.0
16:31,119.29,119.29,119.28,119.29,21774.0
16:32,119.35,119.35,119.29,119.29,28946.0
16:33,119.29,119.34,119.26,119.34,29420.0
16:34,119.26,119.29,119.26,119.29,30141.0
16:35,119.32,119.32,119.25,119.26,27523.0
16:36,119.28,119.33,119.27,119.32,21308.0
16:37,119.25,119.29,119.23,119.28,30111.0
16:38,119.25,119.26,119.24,119.24,19525.0
16:39,119.32,119.33,119.24,119.24,26208.0
16:40,119.29,119.32,119.25,119.32,53703.0
16:41,119.21,119.29,119.2,119.28,35585.0
16:42,119.17,119.21,119.17,119.21,28964.0
16:43,119.12,119.18,119.12,119.17,41700.0
16:44,119.14,119.14,119.11,119.12,31237.0
16:45,119.17,119.19,119.11,119.13,66560.0
16:46,119.18,119.2,119.17,119.18,30832.0
16:47,119.14,119.2,119.13,119.18,53426.0
16:48,119.03,119.14,119.03,119.14,78131.0
16:49,119.0,119.03,118.96,119.03,42260.0
16:50,119.07,119.11,118.94,119.0,79370.0
16:51,119.18,119.2,119.07,119.07,112121.0
16:52,119.08,119.18,119.06,119.18,744029.0
16:53,119.19,119.2,119.07,119.08,65149.0
16:54,119.21,119.24,119.19,119.19,73774.0
16:55,119.17,119.24,119.08,119.21,118760.0
16:56,119.21,119.26,119.17,119.18,87087.0
16:57,119.18,119.28,119.18,119.21,93682.0
16:58,119.21,119.23,119.15,119.18,161082.0
16:59,119.29,119.29,119.2,119.21,355642.0
