Time,Close,High,Low,Open,Volume
09:30,115.4,115.73,115.38,115.49,186385.0
09:31,115.5,115.52,115.29,115.44,22844.0
09:32,115.21,115.5,115.2,115.5,28528.0
09:33,115.49,115.56,115.19,115.21,26699.0
09:34,115.43,115.57,115.39,115.53,29283.0
09:35,115.61,115.61,115.33,115.43,72462.0
09:36,115.54,115.66,115.53,115.58,22851.0
09:37,115.68,115.75,115.54,115.54,27239.0
09:38,115.67,115.77,115.64,115.68,21694.0
09:39,115.59,115.67,115.58,115.67,20368.0
09:40,115.58,115.64,115.44,115.64,28420.0
09:41,115.6,115.62,115.49,115.57,23413.0
09:42,115.4,115.61,115.38,115.61,12077.0
09:43,115.46,115.51,115.37,115.37,13344.0
09:44,115.45,115.52,115.43,115.5,14415.0
09:45,115.29,115.46,115.28,115.45,15533.0
09:46,115.36,115.37,115.27,115.3,13044.0
09:47,115.51,115.52,115.36,115.39,16136.0
09:48,115.33,115.51,115.33,115.51,18721.0
09:49,115.28,115.38,115.27,115.34,13497.0
09:50,115.43,115.5,115.26,115.28,31886.0
09:51,115.52,115.52,115.38,115.44,34622.0
09:52,115.63,115.64,115.49,115.49,20291.0
09:53,115.49,115.65,115.49,115.63,11261.0
09:54,115.44,115.51,115.4,115.51,24378.0
09:55,115.53,115.54,115.42,115.44,17841.0
09:56,115.48,115.61,115.45,115.53,29185.0
09:57,115.46,115.51,115.44,115.49,15212.0
09:58,115.5,115.51,115.45,115.46,9231.0
09:59,115.33,115.5,115.33,115.5,20632.0
10:00,115.34,115.35,115.26,115.32,28770.0
10:01,115.41,115.43,115.34,115.34,15190.0
10:02,115.46,115.49,115.39,115.4,20847.0
10:03,115.51,115.55,115.42,115.48,22707.0
10:04,115.57,115.62,115.52,115.55,39694.0
10:05,115.57,115.58,115.46,115.57,26771.0
10:06,115.52,115.64,115.52,115.59,15658.0
10:07,115.51,115.52,115.43,115.51,14191.0
10:08,115.61,115.62,115.51,115.53,17056.0
10:09,115.61,115.65,115.59,115.61,14394.0
10:10,115.61,115.62,115.52,115.6,17770.0
10:11,115.6,115.65,115.58,115.61,18868.0
10:12,115.63,115.63,115.57,115.59,10924.0
10:13,115.69,115.69,115.59,115.6,14911.0
10:14,115.63,115.69,115.63,115.69,11206.0
10:15,115.72,115.72,115.63,115.63,10433.0
10:16,115.72,115.75,115.71,115.72,11443.0
10:17,115.66,115.75,115.65,115.73,9253.0
10:18,115.68,115.72,115.64,115.66,15446.0
10:19,115.81,115.81,115.65,115.68,16242.0
10:20,115.86,115.86,115.76,115.8,10968.0
10:21,115.82,115.85,115.8,115.85,10693.0
10:22,115.81,115.85,115.79,115.81,15326.0
10:23,115.83,115.85,115.8,115.82,12959.0
10:24,115.87,115.87,115.8,115.83,13242.0
10:25,115.89,115.91,115.86,115.88,13835.0
10:26,115.89,115.93,115.87,115.89,23683.0
10:27,115.93,115.93,115.9,115.9,6796.0
10:28,115.92,115.93,115.89,115.92,13559.0
10:29,115.93,115.96,115.91,115.92,21514.0
10:30,115.96,115.96,115.92,115.93,10261.0
10:31,116.0,116.03,115.96,115.97,63046.0
10:32,115.96,116.01,115.95,116.0,12155.0
10:33,115.97,116.0,115.96,115.97,17653.0
10:34,116.0,116.01,115.96,115.97,15482.0
10:35,116.04,116.06,116.01,116.01,17250.0
10:36,116.16,116.16,116.05,116.05,27341.0
10:37,116.17,116.18,116.12,116.17,20250.0
10:38,116.05,116.17,116.05,116.17,14627.0
10:39,116.08,116.1,116.01,116.05,17843.0
10:40,116.02,116.09,116.01,116.09,16314.0
10:41,116.01,116.03,115.96,116.02,13859.0
10:42,116.0,116.08,116.0,116.06,14119.0
10:43,116.0,116.01,115.99,115.99,7265.0
10:44,116.0,116.03,115.99,116.0,12735.0
10:45,116.01,116.08,115.95,116.0,31778.0
10:46,116.06,116.07,115.99,116.0,13827.0
10:47,116.03,116.07,116.02,116.07,13046.0
10:48,116.05,116.07,116.02,116.03,15439.0
10:49,115.94,116.06,115.94,116.04,14472.0
10:50,115.96,115.97,115.92,115.94,17193.0
10:51,115.96,115.97,115.94,115.95,12890.0
10:52,115.88,115.95,115.87,115.95,14956.0
10:53,115.9,115.91,115.85,115.88,14730.0
10:54,115.87,115.91,115.86,115.9,11199.0
10:55,115.77,115.87,115.76,115.87,14801.0
10:56,115.71,115.77,115.69,115.77,19976.0
10:57,115.73,115.75,115.72,115.72,16733.0
10:58,115.59,115.73,115.59,115.72,23826.0
10:59,115.68,115.69,115.57,115.58,44769.0
11:00,115.75,115.75,115.65,115.69,14154.0
11:01,115.7,115.73,115.67,115.73,11664.0
11:02,115.72,115.74,115.65,115.7,17784.0
11:03,115.65,115.78,115.65,115.72,13515.0
11:04,115.68,115.69,115.67,115.67,13184.0
11:05,115.76,115.76,115.69,115.69,17546.0
11:06,115.72,115.76,115.7,115.76,16385.0
11:07,115.65,115.72,115.65,115.71,12877.0
11:08,115.63,115.64,115.61,115.63,15215.0
11:09,115.65,115.67,115.62,115.63,10447.0
11:10,115.7,115.7,115.64,115.65,8316.0
11:11,115.66,115.73,115.66,115.71,10473.0
11:12,115.65,115.65,115.64,115.64,6912.0
11:13,115.66,115.67,115.63,115.64,9960.0
11:14,115.61,115.65,115.61,115.65,6932.0
11:15,115.6,115.64,115.6,115.61,14146.0
11:16,115.57,115.59,115.55,115.59,10412.0
11:17,115.55,115.6,115.53,115.56,10619.0
11:18,115.52,115.58,115.52,115.55,7802.0
11:19,115.53,115.53,115.49,115.53,11127.0
11:20,115.5,115.53,115.5,115.53,5398.0
11:21,115.53,115.54,115.5,115.5,17163.0
11:22,115.49,115.51,115.49,115.51,9819.0
11:23,115.49,115.5,115.46,115.46,9557.0
11:24,115.49,115.49,115.47,115.48,12182.0
11:25,115.48,115.5,115.47,115.48,9179.0
11:26,115.45,115.48,115.45,115.48,7173.0
11:27,115.43,115.46,115.42,115.46,12310.0
11:28,115.44,115.45,115.42,115.43,7211.0
11:29,115.45,115.45,115.43,115.44,15608.0
11:30,115.45,115.46,115.43,115.45,10257.0
11:31,115.44,115.46,115.41,115.44,10145.0
11:32,115.43,115.45,115.41,115.43,11797.0
11:33,115.38,115.42,115.37,115.42,10613.0
11:34,115.28,115.43,115.28,115.38,22435.0
11:35,115.38,115.4,115.29,115.29,20114.0
11:36,115.38,115.42,115.36,115.4,13128.0
11:37,115.3,115.38,115.3,115.38,13322.0
11:38,115.29,115.32,115.29,115.3,9090.0
11:39,115.24,115.31,115.24,115.29,8704.0
11:40,115.27,115.27,115.22,115.24,8695.0
11:41,115.18,115.27,115.18,115.24,11271.0
11:42,115.17,115.18,115.14,115.18,11464.0
11:43,115.17,115.19,115.15,115.17,20732.0
11:44,115.16,115.18,115.16,115.18,12049.0
11:45,115.23,115.24,115.16,115.17,17608.0
11:46,115.18,115.24,115.18,115.23,20559.0
11:47,115.17,115.2,115.15,115.19,14605.0
11:48,115.17,115.22,115.17,115.17,12871.0
11:49,115.21,115.21,115.15,115.16,13429.0
11:50,115.24,115.24,115.19,115.21,9644.0
11:51,115.32,115.32,115.25,115.25,27170.0
11:52,115.33,115.37,115.32,115.32,15879.0
11:53,115.36,115.38,115.32,115.33,14288.0
11:54,115.32,115.38,115.3,115.37,16595.0
11:55,115.28,115.34,115.28,115.33,9162.0
11:56,115.28,115.28,115.23,115.27,11218.0
11:57,115.32,115.33,115.26,115.28,19259.0
11:58,115.31,115.31,115.29,115.31,4361.0
11:59,115.32,115.33,115.31,115.31,6644.0
12:00,115.25,115.32,115.22,115.32,26838.0
12:01,115.25,115.29,115.24,115.25,8047.0
12:02,115.27,115.28,115.24,115.24,14630.0
12:03,115.33,115.33,115.27,115.28,10611.0
12:04,115.33,115.36,115.32,115.33,9855.0
12:05,115.33,115.34,115.31,115.34,6841.0
12:06,115.32,115.33,115.28,115.32,6689.0
12:07,115.27,115.32,115.27,115.32,10522.0
12:08,115.3,115.3,115.25,115.26,7160.0
12:09,115.28,115.31,115.28,115.31,4050.0
12:10,115.3,115.3,115.24,115.28,8772.0
12:11,115.35,115.37,115.3,115.32,9419.0
12:12,115.43,115.45,115.37,115.38,12481.0
12:13,115.44,115.47,115.43,115.44,10370.0
12:14,115.46,115.46,115.42,115.45,8280.0
12:15,115.48,115.49,115.42,115.44,12207.0
12:16,115.48,115.49,115.46,115.47,21031.0
12:17,115.48,115.53,115.47,115.49,12450.0
12:18,115.47,115.49,115.44,115.49,8155.0
12:19,115.47,115.47,115.44,115.46,6529.0
12:20,115.47,115.47,115.43,115.46,11739.0
12:21,115.47,115.48,115.46,115.47,7093.0
12:22,115.46,115.48,115.46,115.47,7949.0
12:23,115.47,115.48,115.46,115.46,6688.0
12:24,115.48,115.51,115.47,115.47,16679.0
12:25,115.44,115.48,115.44,115.48,5154.0
12:26,115.44,115.46,115.43,115.45,7799.0
12:27,115.42,115.5,115.42,115.44,20587.0
12:28,115.36,115.43,115.34,115.43,23291.0
12:29,115.34,115.37,115.33,115.36,7462.0
12:30,115.44,115.52,115.3,115.34,29467.0
12:31,115.39,115.46,115.38,115.45,7987.0
12:32,115.44,115.45,115.39,115.39,10143.0
12:33,115.46,115.47,115.44,115.45,7602.0
12:34,115.45,115.47,115.44,115.46,9586.0
12:35,115.44,115.47,115.43,115.44,8992.0
12:36,115.42,115.46,115.41,115.45,5203.0
12:37,115.44,115.44,115.41,115.41,7103.0
12:38,115.47,115.49,115.43,115.44,17118.0
12:39,115.44,115.46,115.43,115.46,6850.0
12:40,115.45,115.45,115.39,115.44,10484.0
12:41,115.46,115.46,115.44,115.45,6556.0
12:42,115.47,115.47,115.41,115.45,5877.0
12:43,115.47,115.49,115.44,115.47,8367.0
12:44,115.48,115.48,115.46,115.46,6462.0
12:45,115.53,115.53,115.47,115.47,11789.0
12:46,115.55,115.57,115.53,115.53,7954.0
12:47,115.54,115.55,115.53,115.55,7546.0
12:48,115.5,115.52,115.49,115.52,8224.0
12:49,115.47,115.5,115.45,115.49,11305.0
12:50,115.45,115.46,115.44,115.46,7631.0
12:51,115.45,115.46,115.43,115.44,8855.0
12:52,115.5,115.51,115.46,115.46,9084.0
12:53,115.54,115.54,115.5,115.5,9081.0
12:54,115.53,115.53,115.52,115.52,3878.0
12:55,115.54,115.55,115.51,115.52,9211.0
12:56,115.58,115.59,115.53,115.53,12072.0
12:57,115.59,115.61,115.57,115.58,8325.0
12:58,115.58,115.59,115.58,115.59,4179.0
12:59,115.61,115.61,115.59,115.59,6831.0
13:00,115.59,115.61,115.56,115.61,7801.0
13:01,115.6,115.62,115.58,115.6,13256.0
13:02,115.61,115.61,115.6,115.6,7769.0
13:03,115.63,115.63,115.6,115.62,4842.0
13:04,115.65,115.66,115.62,115.62,10635.0
13:05,115.64,115.66,115.64,115.66,5470.0
13:06,115.66,115.68,115.64,115.65,8429.0
13:07,115.66,115.68,115.65,115.66,6308.0
13:08,115.62,115.67,115.62,115.65,7202.0
13:09,115.62,115.64,115.6,115.62,6165.0
13:10,115.6,115.63,115.59,115.62,9447.0
13:11,115.44,115.6,115.42,115.59,14490.0
13:12,115.43,115.46,115.43,115.43,6603.0
13:13,115.42,115.44,115.41,115.43,10119.0
13:14,115.44,115.44,115.42,115.42,4822.0
13:15,115.46,115.51,115.43,115.44,9409.0
13:16,115.47,115.47,115.45,115.46,5581.0
13:17,115.43,115.48,115.43,115.46,8079.0
13:18,115.51,115.51,115.42,115.43,7318.0
13:19,115.53,115.54,115.5,115.51,10279.0
13:20,115.54,115.56,115.52,115.53,6153.0
13:21,115.55,115.58,115.54,115.54,12458.0
13:22,115.54,115.55,115.54,115.54,5016.0
13:23,115.5,115.54,115.5,115.54,5619.0
13:24,115.53,115.54,115.5,115.51,7861.0
13:25,115.45,115.54,115.41,115.52,24606.0
13:26,115.44,115.46,115.43,115.44,5511.0
13:27,115.44,115.46,115.43,115.44,8540.0
13:28,115.44,115.44,115.43,115.44,6466.0
13:29,115.46,115.46,115.44,115.44,4587.0
13:30,115.42,115.46,115.42,115.46,7228.0
13:31,115.42,115.43,115.42,115.43,5699.0
13:32,115.4,115.43,115.39,115.42,13978.0
13:33,115.38,115.39,115.36,115.39,7333.0
13:34,115.38,115.39,115.36,115.38,5513.0
13:35,115.37,115.39,115.35,115.38,14520.0
13:36,115.36,115.37,115.35,115.36,4599.0
13:37,115.34,115.36,115.34,115.35,9868.0
13:38,115.36,115.36,115.35,115.35,6326.0
13:39,115.3,115.36,115.3,115.35,8158.0
13:40,115.28,115.31,115.28,115.3,6315.0
13:41,115.26,115.29,115.24,115.28,28292.0
13:42,115.26,115.27,115.25,115.26,16824.0
13:43,115.28,115.29,115.25,115.25,5032.0
13:44,115.34,115.35,115.29,115.29,6975.0
13:45,115.3,115.33,115.29,115.33,8945.0
13:46,115.27,115.31,115.26,115.29,8090.0
13:47,115.28,115.3,115.26,115.26,11088.0
13:48,115.32,115.32,115.28,115.28,5635.0
13:49,115.31,115.32,115.28,115.32,7750.0
13:50,115.38,115.38,115.31,115.31,8583.0
13:51,115.34,115.37,115.33,115.37,9087.0
13:52,115.33,115.35,115.31,115.33,8664.0
13:53,115.34,115.34,115.29,115.31,10085.0
13:54,115.32,115.33,115.32,115.33,3919.0
13:55,115.37,115.38,115.32,115.33,7156.0
13:56,115.35,115.37,115.34,115.36,9397.0
13:57,115.35,115.36,115.34,115.35,7379.0
13:58,115.33,115.35,115.32,115.34,8155.0
13:59,115.34,115.35,115.32,115.32,8003.0
14:00,115.34,115.37,115.34,115.35,10802.0
14:01,115.33,115.36,115.33,115.34,8677.0
14:02,115.33,115.34,115.32,115.32,14395.0
14:03,115.34,115.37,115.32,115.33,10821.0
14:04,115.31,115.33,115.26,115.33,19004.0
14:05,115.32,115.33,115.29,115.31,11169.0
14:06,115.28,115.31,115.26,115.3,25987.0
14:07,115.25,115.3,115.24,115.28,14830.0
14:08,115.29,115.29,115.22,115.25,14594.0
14:09,115.33,115.35,115.29,115.29,4979.0
14:10,115.35,115.36,115.32,115.33,8363.0
14:11,115.24,115.33,115.23,115.33,15987.0
14:12,115.24,115.26,115.22,115.25,9162.0
14:13,115.26,115.26,115.22,115.25,7683.0
14:14,115.29,115.29,115.25,115.27,8988.0
14:15,115.32,115.32,115.29,115.29,9195.0
14:16,115.32,115.35,115.3,115.32,16218.0
14:17,115.29,115.33,115.29,115.31,11523.0
14:18,115.34,115.34,115.3,115.3,6131.0
14:19,115.36,115.37,115.32,115.34,27130.0
14:20,115.35,115.36,115.35,115.36,8556.0
14:21,115.34,115.36,115.34,115.35,7618.0
14:22,115.36,115.37,115.34,115.34,18192.0
14:23,115.36,115.38,115.36,115.36,9162.0
14:24,115.4,115.41,115.37,115.37,6580.0
14:25,115.33,115.4,115.33,115.4,10033.0
14:26,115.38,115.39,115.33,115.33,10180.0
14:27,115.39,115.39,115.37,115.38,5686.0
14:28,115.35,115.4,115.35,115.38,12009.0
14:29,115.35,115.35,115.34,115.35,6167.0
14:30,115.33,115.35,115.33,115.35,26238.0
14:31,115.31,115.33,115.26,115.33,67730.0
14:32,115.26,115.31,115.25,115.31,8809.0
14:33,115.25,115.26,115.22,115.26,9807.0
14:34,115.28,115.28,115.24,115.26,8227.0
14:35,115.29,115.29,115.23,115.27,8713.0
14:36,115.29,115.31,115.28,115.29,9524.0
14:37,115.25,115.31,115.25,115.31,6649.0
14:38,115.28,115.3,115.25,115.25,6402.0
14:39,115.31,115.31,115.27,115.28,11148.0
14:40,115.32,115.32,115.3,115.31,7865.0
14:41,115.32,115.33,115.31,115.32,7290.0
14:42,115.34,115.35,115.32,115.32,6802.0
14:43,115.35,115.35,115.32,115.33,11379.0
14:44,115.34,115.36,115.34,115.35,3990.0
14:45,115.33,115.34,115.3,115.34,22306.0
14:46,115.31,115.33,115.31,115.33,6026.0
14:47,115.29,115.31,115.28,115.31,6219.0
14:48,115.29,115.31,115.29,115.29,8144.0
14:49,115.3,115.31,115.28,115.29,8611.0
14:50,115.33,115.33,115.3,115.3,10836.0
14:51,115.32,115.35,115.31,115.33,15320.0
14:52,115.31,115.32,115.29,115.32,7173.0
14:53,115.31,115.33,115.31,115.31,8074.0
14:54,115.32,115.33,115.31,115.31,6780.0
14:55,115.31,115.32,115.3,115.31,7262.0
14:56,115.29,115.32,115.29,115.31,11468.0
14:57,115.29,115.29,115.27,115.28,8158.0
14:58,115.28,115.29,115.27,115.29,8669.0
14:59,115.25,115.27,115.24,115.27,31863.0
15:00,115.22,115.25,115.2,115.25,18565.0
15:01,115.24,115.25,115.21,115.23,8674.0
15:02,115.25,115.28,115.24,115.24,11421.0
15:03,115.31,115.31,115.25,115.25,10429.0
15:04,115.35,115.35,115.32,115.32,8262.0
15:05,115.35,115.37,115.33,115.35,13166.0
15:06,115.36,115.37,115.34,115.36,9778.0
15:07,115.32,115.37,115.32,115.36,7700.0
15:08,115.32,115.33,115.3,115.32,16781.0
15:09,115.36,115.36,115.32,115.32,12455.0
15:10,115.36,115.39,115.34,115.36,9723.0
15:11,115.37,115.38,115.36,115.36,13385.0
15:12,115.34,115.37,115.32,115.37,9011.0
15:13,115.34,115.35,115.32,115.33,8270.0
15:14,115.32,115.34,115.3,115.33,12768.0
15:15,115.35,115.35,115.31,115.33,10795.0
15:16,115.35,115.36,115.34,115.35,12108.0
15:17,115.32,115.35,115.32,115.35,11491.0
15:18,115.34,115.39,115.32,115.32,28673.0
15:19,115.35,115.36,115.32,115.34,20167.0
15:20,115.3,115.35,115.29,115.34,21800.0
15:21,115.26,115.3,115.25,115.29,13487.0
15:22,115.25,115.26,115.22,115.26,14572.0
15:23,115.26,115.27,115.25,115.25,18793.0
15:24,115.27,115.28,115.25,115.26,17077.0
15:25,115.22,115.27,115.22,115.26,11649.0
15:26,115.25,115.25,115.21,115.22,15122.0
15:27,115.25,115.26,115.22,115.26,15772.0
15:28,115.3,115.3,115.24,115.25,21191.0
15:29,115.27,115.29,115.26,115.29,17288.0
15:30,115.27,115.28,115.26,115.28,13658.0
15:31,115.21,115.28,115.21,115.27,33368.0
15:32,115.2,115.22,115.2,115.21,13848.0
15:33,115.2,115.22,115.19,115.2,17632.0
15:34,115.2,115.22,115.19,115.21,20605.0
15:35,115.21,115.21,115.19,115.21,13221.0
15:36,115.21,115.22,115.19,115.22,22527.0
15:37,115.22,115.24,115.21,115.21,25029.0
15:38,115.17,115.23,115.17,115.22,22210.0
15:39,115.15,115.2,115.15,115.17,34236.0
15:40,115.18,115.18,115.13,115.15,56861.0
15:41,115.21,115.21,115.17,115.17,17703.0
15:42,115.17,115.21,115.16,115.21,16244.0
15:43,115.2,115.2,115.14,115.17,19312.0
15:44,115.19,115.21,115.19,115.2,19331.0
15:45,115.2,115.23,115.19,115.19,25268.0
15:46,115.23,115.23,115.19,115.2,29737.0
15:47,115.22,115.25,115.21,115.24,25078.0
15:48,115.17,115.21,115.17,115.21,29998.0
15:49,115.14,115.19,115.11,115.18,33466.0
15:50,115.1,115.16,115.07,115.14,53645.0
15:51,115.06,115.11,115.03,115.1,46092.0
15:52,115.04,115.07,115.03,115.06,723472.0
15:53,115.04,115.06,115.03,115.04,35481.0
15:54,115.14,115.14,115.03,115.03,46603.0
15:55,115.14,115.18,115.09,115.14,93375.0
15:56,115.17,115.19,115.14,115.14,62603.0
15:57,115.09,115.2,115.07,115.17,93201.0
15:58,115.07,115.1,115.03,115.1,122865.0
15:59,115.04,115.1,114.99,115.07,243149.0
