Time,Close,High,Low,Open,Volume
09:30,111.46,111.46,111.02,111.4,213209.0
09:31,110.99,111.43,110.87,111.4,77097.0
09:32,111.38,111.39,110.87,110.97,35471.0
09:33,111.59,111.67,111.39,111.39,34977.0
09:34,111.85,111.87,111.55,111.58,75446.0
09:35,111.93,111.97,111.84,111.85,45630.0
09:36,112.21,112.26,111.91,111.93,41695.0
09:37,112.08,112.24,112.05,112.21,32258.0
09:38,112.29,112.3,112.11,112.11,33809.0
09:39,112.32,112.39,112.27,112.29,33504.0
09:40,112.19,112.39,112.16,112.34,72622.0
09:41,112.38,112.4,112.21,112.21,24618.0
09:42,112.18,112.41,112.15,112.38,44525.0
09:43,112.24,112.27,112.12,112.18,37925.0
09:44,112.34,112.34,112.19,112.23,28224.0
09:45,112.31,112.4,112.25,112.35,70054.0
09:46,112.37,112.47,112.33,112.33,28951.0
09:47,112.34,112.39,112.29,112.38,25400.0
09:48,112.3,112.33,112.26,112.33,26069.0
09:49,112.32,112.36,112.29,112.31,17961.0
09:50,112.43,112.47,112.29,112.32,22352.0
09:51,112.44,112.51,112.41,112.44,44115.0
09:52,112.48,112.58,112.46,112.46,34666.0
09:53,112.55,112.61,112.49,112.5,30278.0
09:54,112.58,112.58,112.48,112.55,22413.0
09:55,112.58,112.61,112.54,112.58,33447.0
09:56,112.65,112.66,112.6,112.62,23170.0
09:57,112.53,112.68,112.52,112.66,23162.0
09:58,112.46,112.52,112.42,112.52,35829.0
09:59,112.43,112.47,112.4,112.47,24946.0
10:00,112.52,112.52,112.38,112.42,44973.0
10:01,112.54,112.56,112.43,112.53,32634.0
10:02,112.51,112.56,112.5,112.54,34783.0
10:03,112.41,112.5,112.37,112.5,18476.0
10:04,112.45,112.5,112.4,112.43,25531.0
10:05,112.45,112.49,112.42,112.46,16455.0
10:06,112.46,112.46,112.4,112.44,20628.0
10:07,112.45,112.48,112.41,112.46,13963.0
10:08,112.47,112.51,112.45,112.46,15058.0
10:09,112.43,112.47,112.42,112.46,19515.0
10:10,112.5,112.54,112.43,112.44,30178.0
10:11,112.52,112.57,112.49,112.49,50774.0
10:12,112.6,112.62,112.49,112.51,17567.0
10:13,112.65,112.65,112.58,112.6,17415.0
10:14,112.62,112.65,112.54,112.64,35269.0
10:15,112.62,112.63,112.56,112.63,14237.0
10:16,112.6,112.61,112.51,112.59,18578.0
10:17,112.56,112.62,112.54,112.6,28536.0
10:18,112.63,112.66,112.54,112.55,23020.0
10:19,112.69,112.69,112.62,112.64,22158.0
10:20,112.66,112.7,112.62,112.68,17286.0
10:21,112.58,112.64,112.57,112.64,24321.0
10:22,112.59,112.61,112.57,112.58,24498.0
10:23,112.65,112.65,112.58,112.6,14902.0
10:24,112.68,112.72,112.64,112.66,34599.0
10:25,112.73,112.73,112.68,112.69,30147.0
10:26,112.69,112.76,112.69,112.73,21419.0
10:27,112.71,112.75,112.69,112.7,20385.0
10:28,112.74,112.75,112.68,112.71,28874.0
10:29,112.69,112.75,112.65,112.74,28288.0
10:30,112.69,112.72,112.68,112.71,14845.0
10:31,112.68,112.7,112.64,112.7,22318.0
10:32,112.6,112.71,112.6,112.68,18374.0
10:33,112.55,112.56,112.54,112.55,17172.0
10:34,112.58,112.58,112.53,112.56,12688.0
10:35,112.52,112.59,112.5,112.59,12879.0
10:36,112.47,112.58,112.47,112.53,16507.0
10:37,112.5,112.52,112.46,112.48,22060.0
10:38,112.53,112.53,112.49,112.51,13985.0
10:39,112.42,112.53,112.42,112.53,20271.0
10:40,112.36,112.44,112.34,112.42,21652.0
10:41,112.35,112.42,112.34,112.36,18026.0
10:42,112.32,112.35,112.31,112.35,16014.0
10:43,112.33,112.34,112.29,112.32,13110.0
10:44,112.37,112.39,112.32,112.33,13827.0
10:45,112.4,112.43,112.36,112.38,25689.0
10:46,112.33,112.4,112.32,112.39,22702.0
10:47,112.26,112.34,112.26,112.33,11743.0
10:48,112.24,112.27,112.21,112.26,20572.0
10:49,112.18,112.25,112.18,112.25,14596.0
10:50,112.17,112.21,112.14,112.18,17566.0
10:51,112.24,112.24,112.17,112.17,14916.0
10:52,112.22,112.26,112.22,112.25,14562.0
10:53,112.3,112.3,112.21,112.22,16601.0
10:54,112.26,112.31,112.25,112.29,19780.0
10:55,112.21,112.27,112.18,112.25,72300.0
10:56,112.17,112.24,112.16,112.21,22320.0
10:57,112.17,112.18,112.12,112.18,14461.0
10:58,112.16,112.19,112.13,112.13,25346.0
10:59,112.1,112.16,112.1,112.16,28723.0
11:00,112.09,112.11,112.07,112.1,22477.0
11:01,112.06,112.13,112.05,112.1,34285.0
11:02,112.14,112.15,112.05,112.07,48562.0
11:03,112.12,112.15,112.11,112.14,15591.0
11:04,112.16,112.17,112.12,112.13,21789.0
11:05,112.12,112.16,112.11,112.16,10938.0
11:06,112.04,112.13,112.04,112.1,19600.0
11:07,111.96,112.04,111.96,112.04,24813.0
11:08,111.9,111.97,111.89,111.93,33146.0
11:09,111.88,111.94,111.86,111.89,26703.0
11:10,111.92,111.95,111.88,111.88,9553.0
11:11,111.96,111.96,111.9,111.93,15642.0
11:12,112.04,112.07,111.96,111.96,20789.0
11:13,112.11,112.11,112.04,112.05,13261.0
11:14,112.13,112.14,112.1,112.11,10781.0
11:15,112.13,112.14,112.07,112.12,14429.0
11:16,112.21,112.21,112.12,112.13,15026.0
11:17,112.31,112.31,112.21,112.21,38495.0
11:18,112.36,112.36,112.29,112.3,14996.0
11:19,112.35,112.36,112.33,112.36,19388.0
11:20,112.34,112.38,112.33,112.36,32113.0
11:21,112.3,112.36,112.29,112.36,10609.0
11:22,112.35,112.36,112.3,112.3,16952.0
11:23,112.31,112.36,112.31,112.36,11091.0
11:24,112.36,112.36,112.28,112.31,17368.0
11:25,112.32,112.36,112.31,112.36,34843.0
11:26,112.33,112.35,112.31,112.32,10224.0
11:27,112.36,112.36,112.32,112.32,29614.0
11:28,112.3,112.37,112.28,112.36,43500.0
11:29,112.28,112.3,112.26,112.29,15130.0
11:30,112.36,112.36,112.27,112.28,11918.0
11:31,112.34,112.38,112.33,112.36,16714.0
11:32,112.35,112.35,112.31,112.31,11747.0
11:33,112.39,112.39,112.35,112.35,16958.0
11:34,112.43,112.43,112.36,112.38,36848.0
11:35,112.43,112.45,112.43,112.43,11275.0
11:36,112.44,112.48,112.42,112.43,26110.0
11:37,112.42,112.45,112.41,112.45,12583.0
11:38,112.39,112.43,112.38,112.43,6541.0
11:39,112.36,112.4,112.32,112.4,11631.0
11:40,112.31,112.36,112.31,112.36,7834.0
11:41,112.32,112.37,112.32,112.33,8332.0
11:42,112.31,112.32,112.28,112.32,9482.0
11:43,112.33,112.36,112.3,112.3,60845.0
11:44,112.39,112.39,112.33,112.33,7427.0
11:45,112.46,112.47,112.39,112.39,7207.0
11:46,112.46,112.48,112.46,112.46,7651.0
11:47,112.45,112.46,112.41,112.45,11851.0
11:48,112.39,112.44,112.38,112.44,13604.0
11:49,112.4,112.42,112.39,112.39,7125.0
11:50,112.41,112.43,112.4,112.4,9622.0
11:51,112.39,112.44,112.39,112.42,9565.0
11:52,112.38,112.39,112.37,112.38,6401.0
11:53,112.41,112.41,112.36,112.39,8139.0
11:54,112.44,112.44,112.41,112.42,6886.0
11:55,112.45,112.45,112.4,112.43,10110.0
11:56,112.43,112.46,112.42,112.44,6674.0
11:57,112.43,112.46,112.41,112.44,7751.0
11:58,112.46,112.47,112.43,112.44,10296.0
11:59,112.47,112.49,112.45,112.47,11429.0
12:00,112.46,112.49,112.46,112.48,6939.0
12:01,112.42,112.47,112.42,112.47,8783.0
12:02,112.42,112.42,112.41,112.41,6865.0
12:03,112.4,112.43,112.39,112.43,16557.0
12:04,112.44,112.44,112.41,112.41,7694.0
12:05,112.4,112.44,112.4,112.43,10666.0
12:06,112.36,112.4,112.35,112.4,9111.0
12:07,112.42,112.44,112.36,112.36,12055.0
12:08,112.39,112.43,112.39,112.43,5966.0
12:09,112.32,112.38,112.3,112.38,8756.0
12:10,112.3,112.35,112.29,112.33,11275.0
12:11,112.29,112.3,112.28,112.3,5976.0
12:12,112.31,112.32,112.3,112.3,7059.0
12:13,112.31,112.33,112.31,112.33,6897.0
12:14,112.33,112.33,112.31,112.31,4858.0
12:15,112.35,112.35,112.33,112.33,9517.0
12:16,112.37,112.39,112.35,112.35,8117.0
12:17,112.34,112.38,112.32,112.37,23511.0
12:18,112.34,112.36,112.34,112.35,9641.0
12:19,112.29,112.32,112.29,112.32,4881.0
12:20,112.29,112.31,112.28,112.29,8721.0
12:21,112.32,112.32,112.29,112.29,7289.0
12:22,112.29,112.33,112.29,112.33,10579.0
12:23,112.31,112.32,112.28,112.3,11244.0
12:24,112.31,112.32,112.29,112.32,8366.0
12:25,112.27,112.31,112.25,112.31,6808.0
12:26,112.29,112.29,112.25,112.27,7917.0
12:27,112.31,112.31,112.27,112.28,6343.0
12:28,112.29,112.32,112.29,112.31,8028.0
12:29,112.28,112.29,112.25,112.27,6187.0
12:30,112.23,112.29,112.23,112.29,9448.0
12:31,112.19,112.24,112.19,112.23,4665.0
12:32,112.18,112.19,112.17,112.19,6476.0
12:33,112.24,112.24,112.17,112.18,12258.0
12:34,112.26,112.26,112.19,112.25,31121.0
12:35,112.24,112.29,112.24,112.26,12245.0
12:36,112.26,112.28,112.24,112.24,6691.0
12:37,112.3,112.31,112.25,112.27,7223.0
12:38,112.34,112.34,112.31,112.31,7097.0
12:39,112.42,112.42,112.34,112.35,20358.0
12:40,112.41,112.43,112.4,112.42,11917.0
12:41,112.42,112.43,112.4,112.41,7392.0
12:42,112.4,112.42,112.39,112.42,7394.0
12:43,112.42,112.43,112.41,112.41,7222.0
12:44,112.39,112.42,112.39,112.42,10540.0
12:45,112.36,112.4,112.36,112.39,11106.0
12:46,112.29,112.36,112.29,112.36,6568.0
12:47,112.29,112.3,112.26,112.28,8486.0
12:48,112.26,112.29,112.26,112.29,8371.0
12:49,112.32,112.34,112.26,112.26,9394.0
12:50,112.34,112.34,112.32,112.32,8771.0
12:51,112.32,112.36,112.32,112.35,6377.0
12:52,112.33,112.35,112.33,112.35,6428.0
12:53,112.35,112.38,112.33,112.34,8396.0
12:54,112.36,112.37,112.34,112.36,5536.0
12:55,112.36,112.36,112.36,112.36,6165.0
12:56,112.32,112.36,112.32,112.36,4936.0
12:57,112.34,112.35,112.31,112.32,6430.0
12:58,112.4,112.4,112.34,112.35,11496.0
12:59,112.42,112.44,112.39,112.41,12130.0
13:00,112.38,112.42,112.36,112.42,19796.0
13:01,112.42,112.43,112.39,112.39,7360.0
13:02,112.44,112.44,112.42,112.43,10212.0
13:03,112.43,112.43,112.4,112.42,11796.0
13:04,112.43,112.44,112.43,112.43,7319.0
13:05,112.43,112.45,112.42,112.43,8579.0
13:06,112.33,112.43,112.33,112.43,8311.0
13:07,112.31,112.33,112.29,112.32,7178.0
13:08,112.33,112.33,112.31,112.31,5687.0
13:09,112.37,112.37,112.33,112.33,21092.0
13:10,112.45,112.45,112.39,112.39,16385.0
13:11,112.45,112.46,112.43,112.43,12327.0
13:12,112.46,112.47,112.44,112.46,10215.0
13:13,112.46,112.47,112.44,112.46,5651.0
13:14,112.46,112.47,112.44,112.46,5790.0
13:15,112.43,112.46,112.42,112.46,7981.0
13:16,112.42,112.44,112.42,112.44,6179.0
13:17,112.39,112.42,112.38,112.42,10121.0
13:18,112.36,112.39,112.35,112.39,10418.0
13:19,112.37,112.37,112.36,112.36,2828.0
13:20,112.42,112.42,112.38,112.38,7523.0
13:21,112.4,112.43,112.39,112.42,11068.0
13:22,112.36,112.4,112.34,112.39,9253.0
13:23,112.36,112.36,112.34,112.35,8689.0
13:24,112.32,112.35,112.32,112.35,6515.0
13:25,112.39,112.39,112.33,112.33,8798.0
13:26,112.4,112.41,112.38,112.4,10557.0
13:27,112.39,112.4,112.39,112.4,9395.0
13:28,112.37,112.39,112.37,112.38,12253.0
13:29,112.42,112.42,112.37,112.37,14168.0
13:30,112.43,112.43,112.4,112.42,8470.0
13:31,112.43,112.43,112.41,112.42,8873.0
13:32,112.42,112.43,112.42,112.42,3892.0
13:33,112.46,112.46,112.41,112.42,11554.0
13:34,112.5,112.5,112.46,112.46,13105.0
13:35,112.5,112.51,112.49,112.5,8483.0
13:36,112.56,112.57,112.51,112.51,26353.0
13:37,112.54,112.56,112.54,112.55,6202.0
13:38,112.5,112.53,112.5,112.53,13620.0
13:39,112.5,112.5,112.49,112.5,3189.0
13:40,112.51,112.55,112.5,112.5,16613.0
13:41,112.52,112.53,112.5,112.5,9113.0
13:42,112.52,112.54,112.51,112.52,9273.0
13:43,112.53,112.54,112.51,112.53,12151.0
13:44,112.51,112.54,112.5,112.53,14488.0
13:45,112.52,112.52,112.49,112.51,11086.0
13:46,112.54,112.55,112.53,112.53,10509.0
13:47,112.54,112.58,112.54,112.54,10293.0
13:48,112.54,112.55,112.52,112.54,12460.0
13:49,112.62,112.64,112.54,112.54,67420.0
13:50,112.65,112.66,112.61,112.62,8650.0
13:51,112.6,112.65,112.6,112.65,11371.0
13:52,112.59,112.62,112.57,112.61,11542.0
13:53,112.57,112.6,112.57,112.6,7825.0
13:54,112.56,112.58,112.54,112.57,5601.0
13:55,112.56,112.56,112.52,112.56,12994.0
13:56,112.55,112.56,112.53,112.55,22183.0
13:57,112.53,112.56,112.51,112.55,9275.0
13:58,112.54,112.54,112.5,112.52,14514.0
13:59,112.54,112.56,112.54,112.55,9553.0
14:00,112.56,112.57,112.53,112.54,10645.0
14:01,112.58,112.61,112.56,112.56,15662.0
14:02,112.58,112.61,112.57,112.59,10419.0
14:03,112.61,112.61,112.57,112.57,11071.0
14:04,112.6,112.63,112.59,112.61,12576.0
14:05,112.61,112.61,112.59,112.61,15261.0
14:06,112.64,112.64,112.58,112.61,12605.0
14:07,112.65,112.68,112.64,112.64,16376.0
14:08,112.61,112.67,112.56,112.65,18444.0
14:09,112.61,112.62,112.61,112.61,9597.0
14:10,112.59,112.61,112.57,112.61,14218.0
14:11,112.56,112.6,112.56,112.58,8538.0
14:12,112.56,112.57,112.54,112.56,13558.0
14:13,112.58,112.59,112.55,112.56,14356.0
14:14,112.58,112.6,112.57,112.58,11469.0
14:15,112.61,112.61,112.58,112.58,8629.0
14:16,112.58,112.61,112.58,112.61,14786.0
14:17,112.52,112.6,112.52,112.58,11201.0
14:18,112.54,112.55,112.53,112.53,13578.0
14:19,112.52,112.54,112.5,112.54,16785.0
14:20,112.53,112.55,112.52,112.53,9583.0
14:21,112.56,112.56,112.52,112.53,8043.0
14:22,112.57,112.58,112.55,112.56,9610.0
14:23,112.61,112.61,112.57,112.57,13266.0
14:24,112.68,112.68,112.61,112.61,16052.0
14:25,112.71,112.71,112.66,112.68,14976.0
14:26,112.7,112.72,112.68,112.69,17982.0
14:27,112.66,112.71,112.66,112.7,14010.0
14:28,112.62,112.67,112.61,112.66,16275.0
14:29,112.6,112.64,112.6,112.62,23587.0
14:30,112.63,112.63,112.56,112.59,12548.0
14:31,112.58,112.65,112.58,112.63,17309.0
14:32,112.56,112.57,112.54,112.57,13556.0
14:33,112.57,112.58,112.56,112.56,10048.0
14:34,112.58,112.58,112.56,112.57,6746.0
14:35,112.57,112.62,112.57,112.59,10870.0
14:36,112.67,112.68,112.58,112.58,20643.0
14:37,112.62,112.68,112.61,112.68,14876.0
14:38,112.56,112.62,112.56,112.62,20977.0
14:39,112.6,112.6,112.56,112.57,15428.0
14:40,112.59,112.6,112.57,112.6,11031.0
14:41,112.58,112.6,112.57,112.58,10272.0
14:42,112.57,112.58,112.56,112.58,5074.0
14:43,112.57,112.6,112.56,112.57,8773.0
14:44,112.61,112.63,112.56,112.56,24277.0
14:45,112.55,112.62,112.54,112.62,18626.0
14:46,112.53,112.58,112.5,112.56,17994.0
14:47,112.56,112.56,112.51,112.53,23570.0
14:48,112.56,112.59,112.55,112.57,9006.0
14:49,112.58,112.59,112.56,112.56,5711.0
14:50,112.6,112.6,112.57,112.58,10396.0
14:51,112.62,112.62,112.6,112.6,9309.0
14:52,112.6,112.62,112.59,112.61,14895.0
14:53,112.61,112.62,112.59,112.59,18230.0
14:54,112.61,112.63,112.6,112.61,6912.0
14:55,112.59,112.62,112.58,112.61,10939.0
14:56,112.58,112.6,112.58,112.58,10990.0
14:57,112.61,112.61,112.57,112.58,9684.0
14:58,112.61,112.62,112.58,112.62,10441.0
14:59,112.61,112.63,112.59,112.61,13467.0
15:00,112.6,112.61,112.56,112.61,16471.0
15:01,112.64,112.64,112.59,112.59,12540.0
15:02,112.65,112.65,112.6,112.63,15126.0
15:03,112.65,112.66,112.63,112.65,11513.0
15:04,112.64,112.65,112.63,112.65,8203.0
15:05,112.63,112.65,112.62,112.63,12200.0
15:06,112.58,112.65,112.58,112.64,10681.0
15:07,112.49,112.57,112.49,112.57,14241.0
15:08,112.5,112.5,112.48,112.48,7357.0
15:09,112.52,112.53,112.51,112.51,16500.0
15:10,112.54,112.56,112.5,112.52,19465.0
15:11,112.54,112.54,112.53,112.53,8071.0
15:12,112.57,112.57,112.53,112.53,17010.0
15:13,112.57,112.57,112.54,112.57,7966.0
15:14,112.61,112.61,112.57,112.57,10996.0
15:15,112.64,112.64,112.59,112.61,17448.0
15:16,112.64,112.66,112.64,112.64,14727.0
15:17,112.6,112.64,112.58,112.64,13567.0
15:18,112.61,112.62,112.6,112.6,9460.0
15:19,112.61,112.64,112.6,112.61,14341.0
15:20,112.64,112.64,112.57,112.61,14686.0
15:21,112.59,112.64,112.58,112.63,14679.0
15:22,112.56,112.6,112.54,112.59,10159.0
15:23,112.57,112.58,112.54,112.56,13106.0
15:24,112.56,112.57,112.54,112.57,11325.0
15:25,112.44,112.55,112.4,112.55,50439.0
15:26,112.39,112.44,112.37,112.44,27860.0
15:27,112.31,112.39,112.29,112.38,38270.0
15:28,112.26,112.29,112.26,112.29,28870.0
15:29,112.29,112.29,112.2,112.25,43549.0
15:30,112.32,112.34,112.29,112.29,91366.0
15:31,112.31,112.33,112.29,112.32,29081.0
15:32,112.33,112.34,112.27,112.3,30570.0
15:33,112.39,112.44,112.33,112.34,38096.0
15:34,112.38,112.39,112.36,112.39,30910.0
15:35,112.37,112.4,112.36,112.39,24440.0
15:36,112.4,112.41,112.36,112.37,22514.0
15:37,112.45,112.46,112.39,112.39,41359.0
15:38,112.49,112.5,112.43,112.46,30882.0
15:39,112.43,112.5,112.42,112.5,22746.0
15:40,112.45,112.46,112.41,112.43,26949.0
15:41,112.5,112.51,112.46,112.46,45058.0
15:42,112.51,112.52,112.47,112.49,18599.0
15:43,112.49,112.53,112.47,112.52,20779.0
15:44,112.47,112.49,112.46,112.49,18188.0
15:45,112.35,112.46,112.31,112.46,78716.0
15:46,112.39,112.39,112.34,112.34,34585.0
15:47,112.33,112.39,112.32,112.38,43823.0
15:48,112.4,112.42,112.32,112.33,40543.0
15:49,112.28,112.42,112.27,112.4,38523.0
15:50,112.35,112.4,112.28,112.28,86368.0
15:51,112.25,112.35,112.25,112.34,65469.0
15:52,112.17,112.25,112.16,112.25,780939.0
15:53,112.18,112.22,112.15,112.18,76686.0
15:54,112.25,112.25,112.15,112.18,87941.0
15:55,112.26,112.29,112.19,112.25,96865.0
15:56,112.25,112.29,112.24,112.26,53206.0
15:57,112.31,112.33,112.25,112.26,82701.0
15:58,112.25,112.33,112.22,112.29,223224.0
15:59,112.14,112.28,112.13,112.25,305421.0
