Time,Close,High,Low,Open,Volume
09:30,498.82,500.26,495.09,495.09,1435736.0
09:31,497.81,499.24,497.4,498.71,101126.0
09:32,500.07,500.07,497.54,497.88,117386.0
09:33,500.62,501.0,499.77,500.07,101358.0
09:34,499.75,500.67,499.42,500.58,129659.0
09:35,499.02,500.28,498.88,499.74,99000.0
09:36,499.81,499.84,499.08,499.08,48554.0
09:37,499.36,500.07,499.36,499.84,58689.0
09:38,499.06,499.38,498.77,499.38,55968.0
09:39,499.07,499.65,499.0,499.13,49401.0
09:40,498.97,499.08,498.42,499.08,65730.0
09:41,498.11,499.39,498.07,498.95,41707.0
09:42,497.67,498.3,497.46,498.3,64369.0
09:43,498.27,498.28,497.48,497.68,124630.0
09:44,497.37,498.79,497.3,498.29,92519.0
09:45,497.68,497.68,496.63,497.35,122045.0
09:46,496.58,498.08,496.49,497.76,72197.0
09:47,495.71,496.89,495.65,496.58,90365.0
09:48,496.5,496.55,495.54,495.72,52729.0
09:49,496.34,496.63,495.81,496.49,67897.0
09:50,495.9,496.38,495.78,496.38,36436.0
09:51,495.57,496.14,495.5,495.96,46669.0
09:52,495.65,496.19,495.33,495.56,68585.0
09:53,495.7,496.11,495.6,495.69,48289.0
09:54,495.2,496.0,495.08,495.74,61878.0
09:55,494.77,495.34,494.62,495.15,102425.0
09:56,493.4,494.78,493.4,494.73,103328.0
09:57,493.88,494.0,493.06,493.44,97318.0
09:58,494.0,494.42,493.66,493.84,79966.0
09:59,493.99,494.3,493.71,494.04,134999.0
10:00,496.2,496.44,493.82,493.93,300939.0
10:01,495.38,496.53,494.8,496.22,215633.0
10:02,494.88,496.05,494.1,495.49,207979.0
10:03,493.07,495.59,492.8,495.24,208908.0
10:04,493.26,493.98,492.82,493.07,138101.0
10:05,492.9,493.69,492.5,493.18,171814.0
10:06,494.88,494.88,492.88,492.95,143521.0
10:07,494.53,495.25,494.42,494.78,102923.0
10:08,495.45,495.68,494.42,494.53,102028.0
10:09,495.39,495.49,494.82,495.41,60999.0
10:10,495.35,502.98,495.0,495.32,93101.0
10:11,494.05,495.27,493.89,495.27,53822.0
10:12,493.77,494.44,493.62,494.05,54831.0
10:13,495.56,495.71,493.74,493.83,92951.0
10:14,496.03,496.1,495.42,495.49,58495.0
10:15,495.27,496.41,494.87,496.03,44252.0
10:16,493.89,495.51,493.83,495.38,33501.0
10:17,493.65,494.12,493.43,493.86,70607.0
10:18,493.54,493.88,493.3,493.61,63154.0
10:19,493.93,494.02,493.48,493.59,43507.0
10:20,494.65,494.78,493.87,493.89,50000.0
10:21,494.57,494.79,494.26,494.62,84669.0
10:22,494.39,494.71,494.06,494.67,35498.0
10:23,494.57,494.69,494.27,494.37,45297.0
10:24,494.06,494.75,493.64,494.6,54792.0
10:25,494.41,494.6,493.82,494.14,32751.0
10:26,494.26,494.56,493.96,494.39,40992.0
10:27,494.08,494.4,493.65,494.31,45417.0
10:28,493.58,494.28,493.32,494.07,46308.0
10:29,493.54,493.68,493.37,493.58,29264.0
10:30,493.85,494.0,493.15,493.54,43317.0
10:31,493.2,494.0,493.14,493.8,31049.0
10:32,493.76,493.9,493.1,493.24,51808.0
10:33,493.3,493.9,493.08,493.76,34263.0
10:34,492.85,493.28,492.55,493.28,48131.0
10:35,491.48,492.93,491.38,492.89,108297.0
10:36,490.82,491.63,490.74,491.48,85497.0
10:37,489.61,491.18,489.31,490.77,262530.0
10:38,490.1,490.39,489.47,489.55,101660.0
10:39,490.2,490.22,489.5,490.17,74980.0
10:40,489.93,490.37,489.49,490.27,102002.0
10:41,490.58,490.68,489.71,489.9,85380.0
10:42,490.04,490.67,489.94,490.57,55757.0
10:43,489.98,490.49,489.94,490.04,50668.0
10:44,490.8,491.22,489.92,489.96,69608.0
10:45,490.24,490.91,490.05,490.75,43229.0
10:46,490.39,490.73,490.0,490.22,69612.0
10:47,490.44,490.73,490.15,490.36,43442.0
10:48,490.68,490.89,490.32,490.35,44404.0
10:49,490.47,490.84,490.41,490.68,55290.0
10:50,489.08,490.39,489.0,490.39,104596.0
10:51,489.52,489.66,489.05,489.08,51757.0
10:52,490.36,490.54,489.63,489.65,59412.0
10:53,489.77,490.57,489.72,490.36,39417.0
10:54,490.43,490.44,489.67,489.94,40543.0
10:55,490.77,491.19,490.37,490.48,51135.0
10:56,489.52,490.86,489.44,490.84,76287.0
10:57,489.93,490.05,489.34,489.49,38782.0
10:58,489.39,489.87,489.05,489.78,52686.0
10:59,489.4,489.63,489.13,489.4,37296.0
11:00,489.38,489.7,489.22,489.39,50119.0
11:01,488.38,489.44,488.31,489.44,86979.0
11:02,488.07,488.73,488.07,488.34,55861.0
11:03,487.52,488.08,486.78,488.08,169421.0
11:04,487.84,487.9,487.44,487.5,55313.0
11:05,487.59,488.02,487.32,487.88,44750.0
11:06,487.63,487.76,487.13,487.65,61638.0
11:07,488.4,488.59,487.64,487.66,69894.0
11:08,489.02,489.14,488.3,488.31,79995.0
11:09,489.3,489.4,488.86,489.07,42856.0
11:10,488.99,489.25,488.8,489.22,45004.0
11:11,489.14,489.48,488.94,489.02,53567.0
11:12,488.88,489.36,488.41,489.24,72319.0
11:13,489.22,489.3,488.88,488.92,38342.0
11:14,488.94,489.6,488.89,489.26,38264.0
11:15,488.91,489.01,488.22,488.88,45257.0
11:16,489.44,489.49,488.85,488.93,41795.0
11:17,489.59,489.68,489.17,489.4,48977.0
11:18,490.11,490.24,489.41,489.61,41578.0
11:19,490.26,490.43,489.99,490.07,37839.0
11:20,490.86,490.88,490.17,490.25,47529.0
11:21,490.26,490.9,490.21,490.87,47585.0
11:22,490.54,490.67,490.21,490.26,3655804.0
11:23,490.67,490.67,490.38,490.51,1.0
11:24,491.07,491.2,490.5,490.67,51895.0
11:25,491.51,491.68,491.04,491.05,54827.0
11:26,491.73,491.84,491.32,491.51,38820.0
11:27,492.17,492.42,491.64,491.72,52259.0
11:28,492.32,492.65,492.15,492.23,61793.0
11:29,492.23,492.55,492.1,492.32,52780.0
11:30,491.86,492.29,491.7,492.2,38592.0
11:31,491.91,492.09,491.66,491.9,44142.0
11:32,491.93,492.08,491.62,491.96,33439.0
11:33,491.92,492.07,491.65,491.95,37333.0
11:34,491.76,491.97,491.51,491.94,34899.0
11:35,491.72,491.92,491.39,491.71,73112.0
11:36,491.77,491.8,491.5,491.72,25288.0
11:37,492.39,493.0,491.62,491.77,217508.0
11:38,494.14,494.3,492.34,492.41,110168.0
11:39,492.92,494.44,492.85,494.11,129755.0
11:40,493.53,493.71,492.73,492.97,38230.0
11:41,493.14,493.54,492.92,493.51,31499.0
11:42,493.67,493.67,493.11,493.16,29335.0
11:43,493.93,494.24,493.57,493.62,61335.0
11:44,493.17,494.04,493.11,493.93,51394.0
11:45,492.6,493.37,492.49,493.18,34558.0
11:46,491.78,492.6,491.66,492.6,27441.0
11:47,491.14,491.96,491.11,491.71,32283.0
11:48,491.55,491.67,491.0,491.17,37361.0
11:49,491.37,491.61,491.14,491.57,25918.0
11:50,491.43,491.53,491.16,491.37,26717.0
11:51,491.03,491.66,491.0,491.5,22068.0
11:52,490.67,491.35,490.67,491.07,23136.0
11:53,490.83,491.0,490.69,490.7,24258.0
11:54,491.15,491.3,490.82,490.83,29438.0
11:55,491.47,491.61,491.21,491.21,30166.0
11:56,491.19,491.42,491.01,491.41,21819.0
11:57,491.91,491.98,491.12,491.14,29053.0
11:58,491.17,492.14,491.12,491.87,56931.0
11:59,491.44,491.55,491.16,491.22,36462.0
12:00,491.8,491.85,491.37,491.48,22663.0
12:01,491.52,491.78,491.43,491.75,28770.0
12:02,492.12,492.16,491.52,491.57,40163.0
12:03,491.68,492.05,491.44,492.05,42484.0
12:04,491.62,491.87,491.5,491.69,24651.0
12:05,491.65,491.91,491.49,491.62,31159.0
12:06,491.07,491.7,491.01,491.63,36168.0
12:07,491.48,491.69,491.09,491.09,32621.0
12:08,491.27,491.4,491.04,491.4,26902.0
12:09,491.16,491.4,490.96,491.27,27449.0
12:10,490.66,491.31,490.66,491.1,30256.0
12:11,490.71,490.86,490.43,490.71,31619.0
12:12,490.81,491.04,490.64,490.76,25048.0
12:13,490.5,490.84,490.46,490.79,30651.0
12:14,489.99,490.52,489.95,490.49,31894.0
12:15,490.2,490.39,489.94,490.04,29128.0
12:16,490.29,490.42,489.93,490.21,15916.0
12:17,489.68,490.35,489.63,490.3,17849.0
12:18,489.86,490.14,489.6,489.66,22592.0
12:19,489.66,489.98,489.58,489.87,14808.0
12:20,489.92,490.0,489.53,489.65,31800.0
12:21,489.73,489.94,489.65,489.89,35791.0
12:22,489.39,489.76,489.31,489.76,30852.0
12:23,489.24,489.53,489.14,489.38,26931.0
12:24,489.36,489.48,489.04,489.27,22960.0
12:25,489.79,489.89,489.37,489.48,30632.0
12:26,489.95,490.0,489.46,489.79,40271.0
12:27,488.95,490.05,488.87,489.98,39779.0
12:28,488.88,489.08,488.63,488.96,29203.0
12:29,488.85,488.98,488.71,488.83,18717.0
12:30,488.65,488.86,488.6,488.8,20001.0
12:31,488.61,488.7,488.3,488.64,38806.0
12:32,488.11,488.65,488.1,488.63,34991.0
12:33,488.25,488.41,488.03,488.08,16384.0
12:34,488.67,488.76,487.9,488.26,38391.0
12:35,488.58,488.95,488.49,488.62,20842.0
12:36,488.82,488.85,488.5,488.58,38677.0
12:37,488.7,488.9,488.64,488.83,21686.0
12:38,489.63,489.65,488.65,488.72,38618.0
12:39,490.19,490.24,489.46,489.6,36166.0
12:40,490.74,490.84,490.14,490.2,27788.0
12:41,491.12,491.2,490.71,490.77,24184.0
12:42,491.46,491.85,491.07,491.14,29219.0
12:43,491.57,492.21,491.4,491.54,35736.0
12:44,491.94,491.98,491.47,491.57,19119.0
12:45,491.79,491.97,491.52,491.95,38303.0
12:46,491.47,492.0,491.4,491.84,26835.0
12:47,492.09,492.14,491.53,491.53,19411.0
12:48,492.25,492.5,492.09,492.12,25747.0
12:49,492.19,492.45,491.78,492.25,32504.0
12:50,492.18,492.33,491.91,492.19,20964.0
12:51,492.2,492.36,492.03,492.19,27327.0
12:52,492.36,492.5,492.11,492.18,34565.0
12:53,492.25,492.57,492.15,492.36,55995.0
12:54,492.28,492.5,492.22,492.28,29518.0
12:55,491.95,492.35,491.78,492.28,33972.0
12:56,492.37,492.37,491.91,491.91,24325.0
12:57,492.23,492.43,492.1,492.26,31074.0
12:58,492.47,492.76,492.21,492.21,47097.0
12:59,492.56,492.71,492.45,492.51,29135.0
13:00,492.4,492.79,492.37,492.61,31118.0
13:01,492.45,492.72,492.3,492.35,34120.0
13:02,492.38,492.61,492.18,492.5,27626.0
13:03,492.93,492.99,492.25,492.35,53313.0
13:04,492.89,492.98,492.63,492.96,24069.0
13:05,492.71,493.0,492.58,492.86,30840.0
13:06,493.0,493.04,492.67,492.74,34779.0
13:07,492.99,493.28,492.96,493.0,28932.0
13:08,493.07,493.33,492.71,492.93,5022395.0
13:09,493.1,493.19,492.81,493.1,1.0
13:10,493.04,493.25,492.96,493.19,17222.0
13:11,492.92,493.15,492.76,493.05,15534.0
13:12,492.86,493.08,492.76,492.89,17591.0
13:13,492.65,493.18,492.65,492.83,29503.0
13:14,492.53,492.74,492.33,492.72,23099.0
13:15,492.59,492.7,492.19,492.58,35922.0
13:16,492.88,492.88,492.52,492.53,24863.0
13:17,492.51,492.83,492.33,492.82,20731.0
13:18,492.49,492.66,492.42,492.52,9415.0
13:19,492.75,492.75,492.4,492.48,10756.0
13:20,492.0,492.7,491.91,492.65,34776.0
13:21,492.32,492.39,491.93,492.0,16220.0
13:22,492.36,492.36,491.89,492.32,11635.0
13:23,492.73,492.8,492.41,492.41,12364.0
13:24,492.75,493.0,492.55,492.74,10022.0
13:25,492.22,492.83,492.15,492.77,13535.0
13:26,492.23,492.42,492.08,492.26,17117.0
13:27,492.8,493.04,492.27,492.27,24833.0
13:28,492.35,492.77,492.35,492.77,14366.0
13:29,492.13,492.49,492.1,492.36,16212.0
13:30,492.54,492.83,492.16,492.16,11668.0
13:31,492.48,492.6,492.23,492.57,17290.0
13:32,492.62,492.73,492.44,492.53,20778.0
13:33,492.75,492.86,492.61,492.61,15743.0
13:34,492.78,492.91,492.56,492.71,11976.0
13:35,492.56,492.92,492.47,492.74,16242.0
13:36,491.79,492.59,491.61,492.57,26044.0
13:37,491.91,491.97,491.61,491.82,19755.0
13:38,491.97,492.02,491.67,491.85,17780.0
13:39,492.27,492.4,491.92,491.98,18199.0
13:40,492.9,493.0,492.31,492.31,25571.0
13:41,492.8,493.02,492.71,492.91,16088.0
13:42,492.5,492.81,492.41,492.81,29148.0
13:43,492.11,492.52,491.67,492.49,28759.0
13:44,491.83,492.35,491.83,492.13,18018.0
13:45,491.78,491.98,491.7,491.9,18381.0
13:46,492.17,492.21,491.78,491.78,27183.0
13:47,492.26,492.39,491.92,492.12,14452.0
13:48,491.88,492.31,491.87,492.26,20782.0
13:49,492.33,492.46,491.72,491.74,18477.0
13:50,492.46,492.59,492.16,492.24,8831.0
13:51,492.8,492.8,492.41,492.41,10883.0
13:52,492.87,493.03,492.72,492.82,17345.0
13:53,492.65,492.93,492.62,492.93,13987.0
13:54,492.6,492.75,492.54,492.72,13208.0
13:55,492.02,492.61,492.02,492.59,22119.0
13:56,492.02,492.21,491.83,492.02,22639.0
13:57,492.29,492.29,491.97,491.98,19562.0
13:58,491.98,492.33,491.89,492.26,15605.0
13:59,492.12,492.18,491.9,491.98,18900.0
14:00,492.32,492.45,491.99,492.19,15831.0
14:01,492.48,492.81,492.36,492.43,28926.0
14:02,492.48,492.5,492.2,492.41,13691.0
14:03,492.3,492.52,492.09,492.52,12094.0
14:04,492.25,492.44,492.21,492.3,12197.0
14:05,492.61,492.66,492.23,492.25,16787.0
14:06,492.65,492.8,492.55,492.61,17960.0
14:07,492.65,492.9,492.55,492.64,10372.0
14:08,492.67,492.69,492.51,492.65,11707.0
14:09,492.92,493.02,492.57,492.67,12345.0
14:10,492.72,493.04,492.7,492.95,21350.0
14:11,492.82,492.96,492.63,492.74,15941.0
14:12,492.9,493.03,492.77,492.82,29442.0
14:13,493.23,493.29,492.74,492.9,19600.0
14:14,492.91,493.32,492.91,493.23,31127.0
14:15,492.68,493.25,492.56,492.95,50346.0
14:16,492.75,492.88,492.53,492.71,21390.0
14:17,492.63,492.7,492.45,492.7,18015.0
14:18,492.8,492.84,492.61,492.66,18078.0
14:19,493.26,493.37,492.7,492.8,22097.0
14:20,492.89,493.47,492.84,493.25,31451.0
14:21,492.6,492.86,492.6,492.86,14723.0
14:22,492.74,492.91,492.56,492.65,20645.0
14:23,492.67,492.76,492.49,492.75,11439.0
14:24,492.73,492.79,492.51,492.62,9921.0
14:25,493.21,493.22,492.68,492.78,31896.0
14:26,493.23,493.36,493.1,493.2,12321.0
14:27,493.11,493.27,493.07,493.21,9081.0
14:28,492.95,493.18,492.91,493.1,18531.0
14:29,493.08,493.14,492.9,492.96,11242.0
14:30,493.09,493.31,493.0,493.13,25742.0
14:31,493.15,493.23,493.0,493.09,18948.0
14:32,492.98,493.17,492.86,493.11,17350.0
14:33,493.06,493.14,492.81,492.98,13414.0
14:34,493.22,493.23,493.02,493.02,9792.0
14:35,493.74,493.87,493.16,493.2,16671.0
14:36,493.81,493.88,493.64,493.8,16869.0
14:37,494.25,494.39,493.86,493.86,41895.0
14:38,494.54,494.54,494.19,494.25,31012.0
14:39,494.99,495.06,494.57,494.6,35549.0
14:40,495.09,495.25,494.86,494.93,36271.0
14:41,494.74,495.16,494.73,495.08,21669.0
14:42,494.79,494.82,494.55,494.77,13979.0
14:43,494.74,494.91,494.69,494.78,16965.0
14:44,494.21,494.74,494.1,494.74,25786.0
14:45,494.75,494.82,494.26,494.27,21016.0
14:46,494.76,494.81,494.58,494.72,17061.0
14:47,495.18,495.23,494.82,494.82,29657.0
14:48,494.64,495.13,494.58,495.13,14864.0
14:49,494.81,494.81,494.54,494.68,34262.0
14:50,494.64,494.77,494.35,494.77,25869.0
14:51,494.61,494.76,494.42,494.65,35264.0
14:52,494.24,494.58,494.14,494.58,16790.0
14:53,494.02,494.27,493.77,494.23,45473.0
14:54,494.14,494.38,493.98,494.06,18891.0
14:55,494.29,494.39,493.71,494.08,31304.0
14:56,494.31,494.49,494.15,494.27,18673.0
14:57,494.43,494.54,494.31,494.37,11723.0
14:58,494.44,494.6,494.37,494.44,17941.0
14:59,494.83,494.89,494.46,494.46,17719.0
15:00,495.12,495.14,494.71,494.79,25050.0
15:01,494.69,495.13,494.56,495.05,19930.0
15:02,494.45,494.81,494.28,494.64,17288.0
15:03,494.15,494.48,494.14,494.46,18906.0
15:04,494.05,494.21,493.96,494.16,18088.0
15:05,493.75,494.11,493.69,494.01,32572.0
15:06,494.01,494.02,493.58,493.72,19169.0
15:07,493.68,494.07,493.65,494.03,16716.0
15:08,493.77,494.0,493.73,493.74,14650.0
15:09,493.9,493.97,493.69,493.74,20620.0
15:10,493.65,494.01,493.65,493.87,23005.0
15:11,494.19,494.2,493.63,493.66,36019.0
15:12,494.11,494.33,494.02,494.17,57008.0
15:13,494.01,494.1,493.82,494.06,61652.0
15:14,494.19,494.21,493.84,493.97,18222.0
15:15,494.28,494.38,494.09,494.16,24683.0
15:16,494.23,494.42,494.09,494.27,26795.0
15:17,494.28,494.46,494.23,494.23,27759.0
15:18,494.02,494.29,493.9,494.29,61932.0
15:19,494.14,494.15,493.98,494.02,37233.0
15:20,494.45,494.45,494.0,494.17,46661.0
15:21,494.32,494.56,494.29,494.43,28485.0
15:22,494.44,494.6,494.35,494.36,18361.0
15:23,494.31,494.47,494.31,494.41,21485.0
15:24,494.17,494.33,494.07,494.33,34286.0
15:25,493.81,494.23,493.77,494.14,24914.0
15:26,493.85,494.03,493.6,493.85,22427.0
15:27,493.97,494.05,493.68,493.82,33126.0
15:28,494.41,494.41,493.74,493.98,30668.0
15:29,495.26,495.27,494.42,494.42,26267.0
15:30,495.37,495.74,495.02,495.26,52305.0
15:31,495.33,495.52,495.21,495.33,23694.0
15:32,495.33,495.5,495.09,495.35,32913.0
15:33,494.86,495.32,494.86,495.32,29108.0
15:34,494.67,494.92,494.46,494.82,29910.0
15:35,494.78,495.15,494.72,494.72,25397.0
15:36,494.71,494.88,494.59,494.8,26874.0
15:37,494.63,494.84,494.58,494.68,37336.0
15:38,495.03,495.19,494.67,494.68,25218.0
15:39,494.96,495.04,494.67,495.04,19873.0
15:40,494.48,494.96,494.41,494.96,26644.0
15:41,494.71,494.84,494.45,494.48,16923.0
15:42,494.74,494.83,494.57,494.7,20412.0
15:43,494.77,494.92,494.49,494.8,30134.0
15:44,494.49,494.78,494.44,494.76,32791.0
15:45,494.62,494.79,494.3,494.48,49334.0
15:46,494.18,494.71,494.1,494.64,37866.0
15:47,494.62,494.78,494.11,494.22,43031.0
15:48,494.58,494.78,494.42,494.64,45656.0
15:49,494.31,494.64,494.2,494.62,38451.0
15:50,495.18,495.45,494.35,494.35,85089.0
15:51,494.74,495.5,494.68,495.2,75975.0
15:52,494.75,494.96,494.67,494.75,59822.0
15:53,494.98,494.99,494.43,494.74,63977.0
15:54,494.41,495.08,494.05,494.95,100313.0
15:55,494.26,494.69,493.5,494.37,141089.0
15:56,494.36,494.61,494.08,494.3,111111.0
15:57,494.32,494.59,494.11,494.38,174838.0
15:58,493.93,494.53,493.64,494.3,298131.0
15:59,493.8,494.55,493.55,493.93,7516849.0
