Time,Close,High,Low,Open,Volume
09:30,500.06,500.69,499.09,499.85,925910.0
09:31,500.06,500.69,499.09,499.85,925910.0
09:32,500.06,500.69,499.09,499.85,925910.0
09:33,500.06,500.69,499.09,499.85,925910.0
09:34,500.06,500.69,499.09,499.85,925910.0
09:35,500.06,500.69,499.09,499.85,925910.0
09:36,500.06,500.69,499.09,499.85,925910.0
09:37,500.06,500.69,499.09,499.85,925910.0
09:38,500.06,500.69,499.09,499.85,925910.0
09:39,500.06,500.69,499.09,499.85,925910.0
09:40,500.06,500.69,499.09,499.85,925910.0
09:41,500.06,500.69,499.09,499.85,925910.0
09:42,500.06,500.69,499.09,499.85,925910.0
09:43,500.06,500.69,499.09,499.85,925910.0
09:44,500.06,500.69,499.09,499.85,925910.0
09:45,500.06,500.69,499.09,499.85,925910.0
09:46,500.06,500.69,499.09,499.85,925910.0
09:47,500.06,500.69,499.09,499.85,925910.0
09:48,500.06,500.69,499.09,499.85,925910.0
09:49,500.06,500.69,499.09,499.85,925910.0
09:50,500.06,500.69,499.09,499.85,925910.0
09:51,500.06,500.69,499.09,499.85,925910.0
09:52,500.06,500.69,499.09,499.85,925910.0
09:53,500.06,500.69,499.09,499.85,925910.0
09:54,500.06,500.69,499.09,499.85,925910.0
09:55,500.06,500.69,499.09,499.85,925910.0
09:56,500.06,500.69,499.09,499.85,925910.0
09:57,500.06,500.69,499.09,499.85,925910.0
09:58,500.06,500.69,499.09,499.85,925910.0
09:59,500.06,500.69,499.09,499.85,925910.0
10:00,500.06,500.69,499.09,499.85,925910.0
10:01,500.06,500.69,499.09,499.85,925910.0
10:02,500.06,500.69,499.09,499.85,925910.0
10:03,500.06,500.69,499.09,499.85,925910.0
10:04,500.06,500.69,499.09,499.85,925910.0
10:05,500.06,500.69,499.09,499.85,925910.0
10:06,500.06,500.69,499.09,499.85,925910.0
10:07,500.06,500.69,499.09,499.85,925910.0
10:08,500.06,500.69,499.09,499.85,925910.0
10:09,500.06,500.69,499.09,499.85,925910.0
10:10,500.06,500.69,499.09,499.85,925910.0
10:11,500.06,500.69,499.09,499.85,925910.0
10:12,500.06,500.69,499.09,499.85,925910.0
10:13,500.06,500.69,499.09,499.85,925910.0
10:14,500.06,500.69,499.09,499.85,925910.0
10:15,500.06,500.69,499.09,499.85,925910.0
10:16,500.06,500.69,499.09,499.85,925910.0
10:17,500.06,500.69,499.09,499.85,925910.0
10:18,500.06,500.69,499.09,499.85,925910.0
10:19,500.06,500.69,499.09,499.85,925910.0
10:20,500.06,500.69,499.09,499.85,925910.0
10:21,500.06,500.69,499.09,499.85,925910.0
10:22,500.06,500.69,499.09,499.85,925910.0
10:23,500.06,500.69,499.09,499.85,925910.0
10:24,500.06,500.69,499.09,499.85,925910.0
10:25,500.06,500.69,499.09,499.85,925910.0
10:26,500.06,500.69,499.09,499.85,925910.0
10:27,500.06,500.69,499.09,499.85,925910.0
10:28,500.06,500.69,499.09,499.85,925910.0
10:29,500.06,500.69,499.09,499.85,925910.0
10:30,500.06,500.69,499.09,499.85,925910.0
10:31,500.77,500.92,499.77,500.03,95176.0
10:32,499.68,500.88,499.6,500.71,68377.0
10:33,499.87,500.27,499.34,499.8,87113.0
10:34,499.13,500.09,498.8,499.91,79604.0
10:35,499.9,500.1,499.1,499.17,66910.0
10:36,500.5,500.8,499.81,500.0,67267.0
10:37,500.54,500.84,499.87,500.38,95849.0
10:38,501.06,501.14,500.48,500.54,46014.0
10:39,501.43,501.57,501.06,501.12,50775.0
10:40,501.65,501.96,501.01,501.38,64319.0
10:41,502.22,502.3,501.62,501.68,66121.0
10:42,502.55,502.61,502.0,502.25,87988.0
10:43,502.38,502.86,502.21,502.54,72791.0
10:44,502.68,503.03,502.4,502.44,71934.0
10:45,502.56,503.0,502.35,502.67,67264.0
10:46,503.12,503.2,502.35,502.55,58704.0
10:47,503.36,503.47,503.07,503.22,55935.0
10:48,503.52,503.56,503.21,503.4,48541.0
10:49,503.98,504.2,503.51,503.53,91139.0
10:50,502.78,504.0,502.78,503.95,57923.0
10:51,503.79,503.9,502.68,502.74,50974.0
10:52,503.79,504.42,503.73,503.8,44917.0
10:53,504.09,504.09,503.62,503.8,51489.0
10:54,503.49,504.09,503.28,504.06,31705.0
10:55,503.39,503.66,503.02,503.4,36011.0
10:56,503.09,503.43,503.0,503.35,28154.0
10:57,503.64,503.72,502.98,503.1,29633.0
10:58,503.63,503.7,503.38,503.68,24920.0
10:59,503.2,503.61,503.2,503.58,38933.0
11:00,502.77,503.47,502.73,503.2,48885.0
11:01,502.86,502.9,502.43,502.77,40579.0
11:02,503.44,503.55,502.88,502.89,30795.0
11:03,503.92,503.97,503.41,503.41,34342.0
11:04,504.38,504.46,503.81,503.92,51608.0
11:05,504.7,504.88,504.3,504.35,53379.0
11:06,505.21,505.37,504.58,504.67,59613.0
11:07,505.49,505.51,505.05,505.17,54125.0
11:08,505.92,505.99,505.26,505.48,66245.0
11:09,506.02,506.18,505.68,505.92,83762.0
11:10,505.36,506.49,505.33,506.02,88917.0
11:11,505.45,505.64,505.09,505.3,38398.0
11:12,505.26,505.68,505.21,505.45,63133.0
11:13,505.26,505.44,505.1,505.29,29539.0
11:14,504.66,505.31,504.5,505.29,37723.0
11:15,504.72,504.95,504.5,504.7,18669.0
11:16,504.73,504.96,504.28,504.67,23985.0
11:17,505.19,505.28,504.77,504.8,27433.0
11:18,505.3,505.6,505.14,505.27,25367.0
11:19,504.76,505.38,504.5,505.24,26558.0
11:20,504.67,504.89,504.35,504.79,18847.0
11:21,504.76,504.89,504.41,504.67,32262.0
11:22,505.34,505.42,504.76,504.81,26282.0
11:23,505.04,505.46,505.0,505.36,31802.0
11:24,505.05,505.09,504.77,505.05,25154.0
11:25,504.89,505.14,504.82,505.05,22470.0
11:26,505.31,505.39,504.7,504.89,29407.0
11:27,505.22,505.49,505.1,505.31,13743.0
11:28,504.85,505.3,504.72,505.27,19836.0
11:29,504.5,505.0,504.43,504.83,27834.0
11:30,504.37,504.67,504.26,504.5,29449.0
11:31,504.26,504.33,504.0,504.33,25392.0
11:32,504.2,504.33,503.96,504.3,22842.0
11:33,504.35,504.48,504.08,504.21,31752.0
11:34,504.0,504.47,503.9,504.35,26197.0
11:35,503.89,504.32,503.73,504.0,23008.0
11:36,503.95,504.28,503.84,503.84,15400.0
11:37,503.86,504.02,503.66,503.93,23727.0
11:38,503.83,503.96,503.71,503.9,17882.0
11:39,503.53,503.93,503.49,503.87,26872.0
11:40,503.54,503.66,503.46,503.59,12546.0
11:41,503.92,503.94,503.54,503.65,11627.0
11:42,503.68,503.95,503.65,503.9,13491.0
11:43,503.58,503.78,503.56,503.65,17660.0
11:44,503.67,503.75,503.45,503.57,18366.0
11:45,504.01,504.01,503.61,503.72,20808.0
11:46,503.88,504.02,503.79,503.92,13700.0
11:47,503.75,503.97,503.65,503.87,13549.0
11:48,503.48,503.75,503.42,503.75,12058.0
11:49,503.25,503.54,503.16,503.49,19325.0
11:50,502.92,503.27,502.87,503.27,21702.0
11:51,502.61,502.99,502.57,502.96,18561.0
11:52,502.53,502.73,502.49,502.57,31780.0
11:53,502.55,502.73,502.49,502.49,15340.0
11:54,502.75,502.81,502.28,502.51,27375.0
11:55,502.28,502.75,502.24,502.75,25873.0
11:56,502.41,502.48,502.19,502.3,22938.0
11:57,502.35,502.53,502.3,502.39,16941.0
11:58,502.34,502.62,502.27,502.35,15231.0
11:59,502.36,502.36,502.04,502.35,16633.0
12:00,501.82,502.34,501.7,502.29,35689.0
12:01,502.12,502.21,501.67,501.89,18749.0
12:02,501.87,502.09,501.76,502.08,15214.0
12:03,501.8,502.03,501.77,501.83,41178.0
12:04,501.83,502.03,501.76,501.8,38696.0
12:05,501.91,501.96,501.59,501.85,67445.0
12:06,501.85,502.17,501.73,501.9,22525.0
12:07,502.27,502.43,501.85,501.86,22251.0
12:08,502.17,502.46,502.12,502.21,28792.0
12:09,502.37,502.41,502.01,502.14,28134.0
12:10,502.43,502.59,502.31,502.41,23362.0
12:11,502.67,502.77,502.36,502.36,19983.0
12:12,502.72,502.99,502.61,502.69,30014.0
12:13,502.63,502.89,502.5,502.72,35184.0
12:14,502.58,502.78,502.5,502.75,21657.0
12:15,502.72,502.8,502.49,502.6,19483.0
12:16,502.24,502.72,502.21,502.7,25719.0
12:17,502.2,502.38,502.1,502.26,19585.0
12:18,502.16,502.45,502.06,502.21,19999.0
12:19,502.38,502.5,502.17,502.2,16225.0
12:20,502.46,502.56,502.33,502.36,9217.0
12:21,502.19,502.45,502.11,502.45,16057.0
12:22,501.88,502.23,501.82,502.21,22775.0
12:23,501.97,502.0,501.83,501.9,13832.0
12:24,501.71,501.98,501.7,501.94,30093.0
12:25,501.7,501.8,501.6,501.75,14650.0
12:26,501.8,501.89,501.58,501.64,28010.0
12:27,501.99,502.1,501.67,501.8,36766.0
12:28,502.11,502.15,501.97,502.01,18329.0
12:29,502.08,502.21,502.02,502.11,15383.0
12:30,501.89,502.21,501.89,502.08,20213.0
12:31,501.77,501.91,501.65,501.85,23994.0
12:32,501.93,501.96,501.69,501.78,14140.0
12:33,501.84,501.98,501.81,501.92,18833.0
12:34,501.36,501.92,501.35,501.88,24470.0
12:35,501.18,501.4,500.97,501.36,26998.0
12:36,501.08,501.28,501.08,501.15,15114.0
12:37,501.03,501.36,500.99,501.12,19094.0
12:38,501.12,501.27,500.95,500.99,17248.0
12:39,501.19,501.26,500.98,501.18,14473.0
12:40,500.36,501.13,500.32,501.11,30875.0
12:41,500.4,500.52,500.22,500.38,27251.0
12:42,500.49,500.6,500.33,500.4,16067.0
12:43,500.38,500.63,500.35,500.51,23796.0
12:44,500.51,500.55,500.3,500.38,19515.0
12:45,500.44,500.57,500.39,500.52,18553.0
12:46,500.36,500.5,500.3,500.42,13904.0
12:47,500.46,500.59,500.38,500.4,136090.0
12:48,500.27,500.47,500.2,500.47,15958.0
12:49,500.29,500.37,500.25,500.26,13856.0
12:50,500.2,500.53,500.1,500.29,21337.0
12:51,500.05,500.3,500.05,500.2,15612.0
12:52,500.19,500.27,500.07,500.07,28630.0
12:53,500.18,500.28,500.07,500.14,17181.0
12:54,500.24,500.34,499.99,500.18,41991.0
12:55,500.5,500.51,500.12,500.2,19216.0
12:56,500.89,500.89,500.39,500.42,21268.0
12:57,500.73,500.86,500.59,500.85,15644.0
12:58,500.84,500.95,500.71,500.73,16983.0
12:59,500.83,500.98,500.77,500.84,18807.0
13:00,500.86,501.0,500.73,500.85,27112.0
13:01,500.93,500.94,500.8,500.89,11272.0
13:02,500.79,500.93,500.68,500.93,25409.0
13:03,501.03,501.04,500.83,500.85,24347.0
13:04,500.98,501.14,500.95,501.04,27257.0
13:05,501.06,501.09,500.83,501.02,21050.0
13:06,501.05,501.14,501.02,501.06,30541.0
13:07,501.08,501.11,500.93,501.05,24215.0
13:08,501.0,501.14,500.9,501.1,27407.0
13:09,500.85,501.07,500.82,501.0,17114.0
13:10,500.76,501.0,500.74,500.87,16448.0
13:11,500.59,500.8,500.42,500.8,25716.0
13:12,500.63,500.73,500.52,500.56,12535.0
13:13,500.57,500.7,500.5,500.66,18857.0
13:14,500.28,500.64,500.27,500.6,16219.0
13:15,500.51,500.56,500.21,500.35,19489.0
13:16,500.57,500.6,500.4,500.47,24025.0
13:17,500.58,500.72,500.53,500.55,18590.0
13:18,500.65,500.8,500.54,500.61,12801.0
13:19,500.56,500.69,500.52,500.62,19836.0
13:20,500.58,500.64,500.42,500.55,14245.0
13:21,500.67,500.74,500.48,500.58,19332.0
13:22,500.89,500.91,500.54,500.64,14949.0
13:23,500.8,500.91,500.73,500.87,11890.0
13:24,500.62,500.89,500.47,500.81,16617.0
13:25,500.67,500.72,500.61,500.61,11321.0
13:26,500.81,500.84,500.69,500.7,15803.0
13:27,501.19,501.19,500.81,500.82,33243.0
13:28,501.36,501.49,501.16,501.23,44664.0
13:29,501.33,501.45,501.28,501.33,34235.0
13:30,501.55,501.56,501.37,501.37,25105.0
13:31,501.52,501.57,501.3,501.56,21099.0
13:32,501.67,501.77,501.53,501.54,18880.0
13:33,501.76,501.82,501.56,501.65,17696.0
13:34,501.88,501.9,501.7,501.74,22721.0
13:35,501.92,501.92,501.79,501.88,23641.0
13:36,502.16,502.21,501.84,501.92,18586.0
13:37,502.1,502.15,502.02,502.13,12729.0
13:38,502.4,502.42,502.15,502.15,21399.0
13:39,502.49,502.49,502.33,502.39,10127.0
13:40,502.45,502.7,502.45,502.53,17188.0
13:41,502.43,502.49,502.31,502.45,17143.0
13:42,502.87,502.88,502.42,502.43,21495.0
13:43,502.65,503.04,502.65,502.85,20839.0
13:44,502.49,502.7,502.44,502.65,19873.0
13:45,502.79,502.8,502.52,502.52,15342.0
13:46,502.94,503.0,502.76,502.8,11793.0
13:47,502.76,502.98,502.75,502.98,11090.0
13:48,502.76,502.85,502.76,502.8,12200.0
13:49,502.59,502.83,502.53,502.77,15344.0
13:50,502.71,502.73,502.53,502.59,22678.0
13:51,502.73,502.84,502.67,502.73,14222.0
13:52,502.89,503.0,502.65,502.73,17740.0
13:53,503.0,503.1,502.73,502.92,32374.0
13:54,503.02,503.07,502.92,503.01,15059.0
13:55,503.14,503.18,502.96,503.04,10046.0
13:56,503.17,503.24,503.06,503.16,17498.0
13:57,502.92,503.15,502.85,503.14,18611.0
13:58,503.04,503.07,502.85,502.89,14043.0
13:59,503.07,503.09,502.93,503.04,11232.0
14:00,503.05,503.12,503.01,503.08,13428.0
14:01,503.23,503.27,503.0,503.07,15094.0
14:02,503.25,503.33,503.19,503.23,12670.0
14:03,503.28,503.37,503.21,503.23,9474.0
14:04,503.24,503.34,503.21,503.29,11467.0
14:05,503.38,503.48,503.23,503.24,19491.0
14:06,503.44,503.52,503.39,503.4,15068.0
14:07,503.48,503.57,503.35,503.43,32214.0
14:08,503.67,503.68,503.52,503.52,14267.0
14:09,503.68,503.73,503.57,503.6,10361.0
14:10,503.71,503.75,503.65,503.68,10721.0
14:11,503.86,503.91,503.69,503.73,15582.0
14:12,504.16,504.2,503.85,503.85,22892.0
14:13,504.23,504.24,504.06,504.15,19942.0
14:14,504.0,504.23,504.0,504.22,10170.0
14:15,504.01,504.07,503.91,504.01,16909.0
14:16,504.14,504.24,503.97,504.02,11306.0
14:17,504.0,504.15,503.9,504.15,27005.0
14:18,503.91,504.1,503.89,504.06,20466.0
14:19,504.37,504.48,503.89,503.95,30282.0
14:20,504.1,504.37,504.07,504.37,12345.0
14:21,504.36,504.41,504.09,504.1,17663.0
14:22,504.13,504.46,504.1,504.34,16233.0
14:23,504.36,504.4,504.13,504.13,13209.0
14:24,504.52,504.56,504.36,504.39,16158.0
14:25,504.54,504.68,504.45,504.52,13934.0
14:26,504.53,504.58,504.43,504.54,14246.0
14:27,504.57,504.6,504.5,504.55,9397.0
14:28,504.67,504.67,504.5,504.57,8448.0
14:29,504.47,504.73,504.4,504.64,11959.0
14:30,504.5,504.61,504.47,504.51,13517.0
14:31,504.52,504.61,504.47,504.55,35541.0
14:32,504.86,504.87,504.53,504.54,18569.0
14:33,504.83,504.96,504.81,504.86,18966.0
14:34,504.75,504.83,504.59,504.81,15512.0
14:35,504.89,504.94,504.75,504.78,13687.0
14:36,505.06,505.11,504.83,504.89,30006.0
14:37,505.2,505.2,504.97,505.02,20533.0
14:38,505.42,505.45,505.16,505.2,28043.0
14:39,505.44,505.5,505.31,505.42,17808.0
14:40,505.47,505.54,505.4,505.41,15859.0
14:41,505.57,505.57,505.35,505.45,16251.0
14:42,505.52,505.64,505.44,505.52,16318.0
14:43,505.54,505.65,505.49,505.52,13036.0
14:44,505.82,505.86,505.53,505.54,34163.0
14:45,505.79,505.9,505.74,505.83,23510.0
14:46,505.71,505.81,505.7,505.79,8896.0
14:47,505.7,505.72,505.54,505.69,16949.0
14:48,505.73,505.84,505.6,505.7,24407.0
14:49,505.83,505.86,505.67,505.72,9898.0
14:50,505.86,505.89,505.81,505.83,19747.0
14:51,505.74,505.89,505.71,505.89,14417.0
14:52,505.67,505.83,505.66,505.73,12722.0
14:53,505.68,505.77,505.62,505.65,10376.0
14:54,505.83,505.86,505.71,505.73,15367.0
14:55,505.59,505.87,505.59,505.85,16359.0
14:56,505.8,505.93,505.64,505.64,15097.0
14:57,505.52,505.81,505.52,505.78,22069.0
14:58,505.43,505.55,505.21,505.52,29920.0
14:59,504.97,505.49,504.87,505.43,18994.0
15:00,505.12,505.18,504.9,504.94,15690.0
15:01,504.91,505.14,504.84,505.08,20810.0
15:02,504.85,504.94,504.82,504.84,13642.0
15:03,505.01,505.1,504.85,504.85,16767.0
15:04,505.18,505.31,505.0,505.03,16760.0
15:05,505.11,505.2,505.06,505.13,9221.0
15:06,505.55,505.55,505.11,505.14,17076.0
15:07,505.24,505.6,505.22,505.56,14231.0
15:08,504.91,505.3,504.9,505.3,19787.0
15:09,504.76,505.01,504.71,504.91,14267.0
15:10,504.7,504.91,504.69,504.79,25583.0
15:11,504.66,504.8,504.55,504.77,14269.0
15:12,504.71,504.8,504.6,504.67,12129.0
15:13,504.52,504.76,504.44,504.76,11969.0
15:14,504.39,504.56,504.33,504.55,12917.0
15:15,504.23,504.4,504.17,504.4,20072.0
15:16,504.22,504.26,504.15,504.19,13531.0
15:17,504.38,504.4,504.18,504.23,10894.0
15:18,504.3,504.55,504.19,504.37,19577.0
15:19,504.15,504.33,503.96,504.33,20135.0
15:20,504.33,504.37,504.04,504.15,10948.0
15:21,504.62,504.67,504.28,504.33,23498.0
15:22,504.51,504.7,504.49,504.62,10764.0
15:23,504.62,504.7,504.5,504.5,16262.0
15:24,504.58,504.68,504.51,504.62,13656.0
15:25,504.55,504.6,504.49,504.56,11377.0
15:26,504.65,504.7,504.55,504.55,8231.0
15:27,504.71,504.81,504.61,504.65,12994.0
15:28,504.87,504.94,504.71,504.75,20859.0
15:29,504.8,505.0,504.74,504.92,19474.0
15:30,504.89,505.04,504.84,504.85,10739.0
15:31,504.85,505.08,504.83,504.88,15013.0
15:32,505.04,505.07,504.86,504.88,15103.0
15:33,505.0,505.06,504.89,505.02,11579.0
15:34,504.94,505.21,504.92,505.0,28066.0
15:35,505.07,505.08,504.92,504.92,15836.0
15:36,504.98,505.15,504.98,505.06,11175.0
15:37,504.91,505.04,504.89,504.98,16090.0
15:38,504.94,505.02,504.91,504.95,9288.0
15:39,505.0,505.24,504.88,504.92,18221.0
15:40,505.67,505.67,505.21,505.24,21403.0
15:41,505.7,505.85,505.6,505.69,24267.0
15:42,505.8,505.88,505.7,505.71,18512.0
15:43,505.85,505.93,505.74,505.78,16629.0
15:44,505.96,506.1,505.84,505.86,21676.0
15:45,506.07,506.14,505.89,505.95,22170.0
15:46,506.27,506.29,506.04,506.07,13141.0
15:47,506.39,506.39,506.26,506.28,30420.0
15:48,506.15,506.39,506.1,506.38,17977.0
15:49,506.07,506.16,505.95,506.16,11366.0
15:50,506.02,506.11,505.87,506.08,18316.0
15:51,506.38,506.4,505.91,506.04,39104.0
15:52,506.27,506.4,506.24,506.38,11711.0
15:53,506.55,506.6,506.24,506.27,23813.0
15:54,506.29,506.61,506.26,506.51,31735.0
15:55,506.36,506.48,506.24,506.29,16268.0
15:56,506.07,506.34,505.92,506.34,25143.0
15:57,506.1,506.31,505.99,506.06,12857.0
15:58,505.97,506.1,505.91,506.1,33287.0
15:59,506.14,506.14,505.96,505.97,13390.0
16:00,506.28,506.36,506.13,506.13,16597.0
16:01,506.19,506.36,506.12,506.28,17629.0
16:02,506.17,506.21,506.07,506.19,15422.0
16:03,506.2,506.24,506.14,506.14,16325.0
16:04,506.3,506.32,506.19,506.22,13889.0
16:05,506.2,506.36,506.07,506.3,15032.0
16:06,506.22,506.35,506.16,506.19,14154.0
16:07,506.43,506.52,506.21,506.26,23623.0
16:08,506.55,506.55,506.36,506.43,21517.0
16:09,506.5,506.64,506.47,506.53,27067.0
16:10,506.47,506.52,506.32,506.52,18858.0
16:11,506.68,506.69,506.45,506.49,18028.0
16:12,506.59,506.69,506.53,506.69,20935.0
16:13,506.76,506.76,506.54,506.56,23930.0
16:14,506.55,506.77,506.5,506.75,29686.0
16:15,506.2,506.58,506.17,506.58,27249.0
16:16,506.32,506.4,506.18,506.18,18213.0
16:17,506.26,506.37,506.17,506.31,22934.0
16:18,506.32,506.38,506.27,506.3,15645.0
16:19,506.4,506.45,506.26,506.32,19250.0
16:20,506.4,506.48,506.31,506.41,20528.0
16:21,506.17,506.41,506.1,506.4,14915.0
16:22,506.05,506.17,505.98,506.17,22758.0
16:23,505.82,506.04,505.74,506.02,27038.0
16:24,505.93,505.93,505.73,505.79,17454.0
16:25,505.89,506.01,505.85,505.93,25945.0
16:26,505.68,505.96,505.52,505.89,18914.0
16:27,505.83,505.97,505.61,505.64,13538.0
16:28,505.75,505.87,505.73,505.87,18299.0
16:29,505.81,505.95,505.74,505.74,19959.0
16:30,505.43,505.81,505.35,505.81,26272.0
16:31,505.53,505.59,505.37,505.45,22329.0
16:32,505.39,505.54,505.33,505.54,18413.0
16:33,505.27,505.48,505.25,505.45,17504.0
16:34,505.14,505.35,505.14,505.27,16484.0
16:35,505.03,505.14,505.03,505.13,17111.0
16:36,505.42,505.44,505.02,505.02,30164.0
16:37,505.77,505.88,505.34,505.43,36086.0
16:38,506.01,506.15,505.83,505.85,26494.0
16:39,506.05,506.24,505.97,506.01,20769.0
16:40,505.69,506.03,505.67,506.0,22829.0
16:41,505.8,505.87,505.67,505.7,23051.0
16:42,505.98,505.98,505.76,505.8,24437.0
16:43,505.74,506.0,505.7,505.95,16875.0
16:44,506.03,506.12,505.72,505.73,22118.0
16:45,506.18,506.19,506.0,506.01,22456.0
16:46,506.51,506.54,506.17,506.17,31171.0
16:47,506.33,506.62,506.26,506.51,20874.0
16:48,506.5,506.53,506.27,506.33,26444.0
16:49,506.51,506.54,506.41,506.49,31647.0
16:50,506.01,506.66,505.91,506.51,52946.0
16:51,506.13,506.45,506.01,506.04,43879.0
16:52,506.04,506.35,505.95,506.11,43534.0
16:53,506.51,506.54,506.03,506.04,37332.0
16:54,506.2,506.68,506.15,506.51,80545.0
16:55,506.28,506.3,505.92,506.21,82752.0
16:56,506.42,506.49,506.22,506.27,69758.0
16:57,506.35,506.71,506.0,506.42,130393.0
16:58,506.24,506.36,506.15,506.33,103354.0
16:59,506.0,506.46,505.88,506.22,9198589.0
