Time,Close,High,Low,Open,Volume
09:30,514.57,516.41,514.4,516.41,742504.0
09:31,514.2,515.29,513.71,514.66,74571.0
09:32,514.55,515.24,514.22,514.32,67054.0
09:33,513.54,514.51,513.4,514.47,67112.0
09:34,513.83,513.97,513.08,513.46,70702.0
09:35,513.08,514.47,513.04,513.88,81279.0
09:36,512.73,513.6,512.7,513.19,81981.0
09:37,513.95,514.1,512.84,512.87,88194.0
09:38,514.14,514.37,513.71,513.97,73541.0
09:39,514.1,514.43,514.0,514.17,66080.0
09:40,513.31,514.08,513.14,514.08,48193.0
09:41,513.83,513.85,513.36,513.38,43741.0
09:42,514.83,514.89,513.73,513.73,52478.0
09:43,514.71,515.37,514.71,514.87,40546.0
09:44,515.26,515.38,514.56,514.71,66971.0
09:45,513.98,515.34,513.78,515.15,81098.0
09:46,514.05,514.1,513.29,514.03,42428.0
09:47,514.3,514.37,513.82,514.08,37951.0
09:48,513.59,514.36,513.27,514.26,36700.0
09:49,513.71,513.72,513.24,513.5,33481.0
09:50,513.63,513.85,513.25,513.52,30846.0
09:51,513.66,513.96,513.54,513.61,27670.0
09:52,514.18,514.34,513.63,513.68,35092.0
09:53,513.78,514.1,513.77,514.1,37973.0
09:54,513.52,514.0,513.5,513.84,33793.0
09:55,514.43,514.51,513.51,513.51,56550.0
09:56,514.46,514.61,514.25,514.25,33068.0
09:57,514.19,514.55,514.12,514.54,25720.0
09:58,514.23,514.45,514.13,514.19,30855.0
09:59,514.93,514.95,514.17,514.22,56581.0
10:00,515.15,515.53,514.75,514.86,90974.0
10:01,515.71,515.78,514.73,515.12,60268.0
10:02,514.47,515.75,514.47,515.68,57397.0
10:03,514.24,514.86,514.22,514.59,35791.0
10:04,514.66,514.72,514.26,514.3,30287.0
10:05,514.56,514.76,514.42,514.66,29225.0
10:06,514.76,514.89,514.42,514.65,35981.0
10:07,514.99,515.12,514.38,514.73,54951.0
10:08,515.35,515.52,514.96,514.96,31328.0
10:09,515.22,515.58,515.12,515.29,31811.0
10:10,515.27,515.42,515.06,515.06,32980.0
10:11,515.16,515.36,515.0,515.22,36616.0
10:12,515.14,515.33,514.97,515.33,23973.0
10:13,514.98,515.3,514.98,515.12,28056.0
10:14,514.67,515.06,514.66,515.04,31141.0
10:15,515.08,515.19,514.66,514.66,26243.0
10:16,514.91,515.26,514.85,515.18,25462.0
10:17,515.11,515.15,514.84,514.91,30647.0
10:18,515.37,515.65,515.25,515.32,23505.0
10:19,514.98,515.39,514.9,515.39,21674.0
10:20,515.09,515.19,514.89,515.0,20004.0
10:21,514.6,515.05,514.41,515.01,49714.0
10:22,514.57,514.76,514.17,514.7,60684.0
10:23,515.12,515.26,514.32,514.49,54111.0
10:24,515.12,515.48,514.97,515.11,41290.0
10:25,514.19,515.15,514.19,515.15,23991.0
10:26,514.12,514.52,514.0,514.19,33782.0
10:27,514.75,514.75,514.0,514.12,44927.0
10:28,515.03,515.35,514.72,514.82,46667.0
10:29,515.07,515.25,515.0,515.0,17015.0
10:30,514.5,515.06,514.42,515.0,61727.0
10:31,514.63,514.92,514.56,514.59,22290.0
10:32,515.15,515.25,514.68,514.83,29088.0
10:33,515.16,515.44,514.92,515.22,27481.0
10:34,515.18,515.48,515.04,515.48,31466.0
10:35,515.17,515.39,515.0,515.21,22430.0
10:36,515.14,515.27,515.01,515.17,22790.0
10:37,515.31,515.45,515.08,515.14,34529.0
10:38,514.84,515.41,514.75,515.3,30348.0
10:39,514.67,514.91,514.59,514.84,17571.0
10:40,514.8,515.0,514.7,514.7,19564.0
10:41,513.95,514.99,513.82,514.8,45453.0
10:42,514.09,514.1,513.82,514.01,24071.0
10:43,513.8,514.2,513.73,514.09,28956.0
10:44,513.84,513.99,513.63,513.8,25245.0
10:45,513.54,513.95,513.5,513.76,54697.0
10:46,513.44,513.77,513.19,513.68,37780.0
10:47,513.42,513.5,513.19,513.31,39679.0
10:48,512.93,513.5,512.71,513.42,49824.0
10:49,513.05,513.2,512.89,512.94,23747.0
10:50,513.08,513.2,512.87,513.07,34393.0
10:51,512.8,513.23,512.61,513.08,30735.0
10:52,512.8,513.0,512.68,512.83,21979.0
10:53,512.97,513.16,512.74,512.78,38399.0
10:54,512.84,513.07,512.76,512.9,24404.0
10:55,512.89,513.05,512.69,512.84,93627.0
10:56,512.8,513.05,512.68,512.87,48796.0
10:57,512.99,513.08,512.79,512.89,29834.0
10:58,513.42,513.42,512.95,513.02,57060.0
10:59,513.48,513.52,513.23,513.34,20622.0
11:00,513.26,513.62,513.18,513.46,28818.0
11:01,513.17,513.38,513.14,513.26,76062.0
11:02,512.45,513.24,512.4,513.22,104425.0
11:03,513.35,513.35,512.37,512.46,35169.0
11:04,513.02,513.23,512.78,513.17,21279.0
11:05,512.96,513.06,512.63,512.94,19314.0
11:06,512.67,512.89,512.31,512.73,34274.0
11:07,512.24,512.97,512.11,512.8,22010.0
11:08,512.43,512.45,512.06,512.24,35648.0
11:09,512.34,512.42,512.18,512.32,24966.0
11:10,512.18,512.32,511.8,512.18,52909.0
11:11,511.84,512.17,511.68,512.17,30060.0
11:12,512.16,512.25,511.73,511.73,31166.0
11:13,512.25,512.33,512.0,512.21,27912.0
11:14,512.01,512.23,511.84,512.09,19417.0
11:15,512.08,512.16,511.82,511.91,25913.0
11:16,511.92,512.26,511.82,512.03,23125.0
11:17,511.75,512.26,511.7,511.92,30856.0
11:18,512.16,512.29,511.69,511.73,44313.0
11:19,512.08,512.3,512.04,512.2,24571.0
11:20,512.32,512.35,512.01,512.14,36216.0
11:21,512.4,512.52,512.15,512.29,28032.0
11:22,512.32,512.64,512.28,512.53,19738.0
11:23,512.57,512.62,512.33,512.41,24384.0
11:24,512.1,512.75,512.1,512.57,28620.0
11:25,512.46,512.57,512.04,512.1,17980.0
11:26,512.65,512.65,512.4,512.48,15208.0
11:27,512.74,513.16,512.64,512.64,27444.0
11:28,512.63,512.82,512.55,512.76,23127.0
11:29,512.84,512.85,512.66,512.69,15459.0
11:30,513.2,513.2,512.9,513.0,20425.0
11:31,513.23,513.26,513.01,513.21,19136.0
11:32,513.22,513.49,513.17,513.3,19749.0
11:33,513.38,513.4,513.08,513.17,19945.0
11:34,513.82,513.82,513.39,513.39,32142.0
11:35,513.7,513.89,513.62,513.88,25599.0
11:36,513.87,514.0,513.64,513.69,29640.0
11:37,513.56,513.97,513.45,513.91,37915.0
11:38,513.47,513.74,513.42,513.51,16175.0
11:39,513.53,513.55,513.29,513.53,17855.0
11:40,513.32,513.56,513.16,513.51,13221.0
11:41,513.4,513.51,513.2,513.29,27129.0
11:42,513.13,513.31,513.06,513.29,26851.0
11:43,512.97,513.32,512.92,513.13,44976.0
11:44,512.47,513.04,512.3,512.87,26670.0
11:45,512.58,512.58,512.31,512.49,12731.0
11:46,512.51,512.7,512.5,512.58,18557.0
11:47,512.76,512.84,512.57,512.64,14077.0
11:48,512.44,512.79,512.37,512.79,19770.0
11:49,513.08,513.13,512.54,512.57,14955.0
11:50,512.82,513.23,512.81,513.09,19242.0
11:51,512.96,512.96,512.68,512.76,11376.0
11:52,512.72,512.96,512.65,512.96,12073.0
11:53,512.71,512.78,512.64,512.7,11345.0
11:54,512.72,512.79,512.64,512.75,13006.0
11:55,512.88,512.94,512.7,512.7,10644.0
11:56,512.79,512.94,512.79,512.94,9439.0
11:57,513.03,513.14,512.8,512.84,14678.0
11:58,513.2,513.4,513.04,513.07,11415.0
11:59,513.08,513.2,512.99,513.2,18087.0
12:00,513.04,513.33,513.04,513.04,19215.0
12:01,513.38,513.43,513.06,513.12,19186.0
12:02,513.48,513.56,513.3,513.3,17819.0
12:03,513.71,513.71,513.48,513.54,12508.0
12:04,513.5,513.72,513.4,513.7,37730.0
12:05,513.07,513.6,513.06,513.55,30318.0
12:06,512.87,513.22,512.87,513.16,30236.0
12:07,512.87,512.9,512.7,512.88,14724.0
12:08,513.01,513.05,512.72,512.84,16505.0
12:09,512.84,513.11,512.81,513.06,12365.0
12:10,513.04,513.08,512.77,512.77,15423.0
12:11,512.9,513.04,512.74,513.04,25234.0
12:12,512.78,513.0,512.78,512.95,10286.0
12:13,513.0,513.0,512.78,512.82,13042.0
12:14,513.52,513.52,513.08,513.1,14803.0
12:15,513.4,513.59,513.34,513.45,12430.0
12:16,513.54,513.54,513.35,513.43,12327.0
12:17,513.38,513.6,513.34,513.58,9566.0
12:18,513.54,513.56,513.34,513.38,12857.0
12:19,513.61,513.62,513.48,513.6,9360.0
12:20,513.68,513.85,513.58,513.61,22005.0
12:21,513.53,513.76,513.41,513.53,27583.0
12:22,513.63,513.78,513.25,513.53,22689.0
12:23,513.8,513.85,513.65,513.74,14246.0
12:24,513.79,514.34,513.66,513.8,37414.0
12:25,513.62,513.82,513.6,513.73,13346.0
12:26,513.77,513.78,513.61,513.69,9375.0
12:27,514.04,514.04,513.67,513.79,9824.0
12:28,513.74,514.05,513.74,514.05,6389.0
12:29,513.79,513.91,513.74,513.76,13793.0
12:30,513.99,514.03,513.84,513.87,14696.0
12:31,514.26,514.3,513.92,513.98,22099.0
12:32,514.05,514.3,514.03,514.24,19031.0
12:33,514.08,514.08,513.88,514.05,19250.0
12:34,513.85,514.02,513.74,514.02,18035.0
12:35,513.82,513.9,513.67,513.85,19754.0
12:36,513.84,513.9,513.67,513.81,24452.0
12:37,513.66,513.87,513.65,513.87,22441.0
12:38,513.75,513.77,513.56,513.68,15987.0
12:39,513.72,513.77,513.68,513.68,5937.0
12:40,513.7,513.75,513.62,513.7,13369.0
12:41,513.54,513.59,513.42,513.59,16290.0
12:42,513.45,513.6,513.43,513.6,14695.0
12:43,513.53,513.61,513.4,513.4,13510.0
12:44,513.61,513.61,513.42,513.58,8071.0
12:45,513.3,513.59,513.26,513.59,11383.0
12:46,513.34,513.41,513.23,513.3,9012.0
12:47,513.24,513.41,513.18,513.36,17903.0
12:48,513.06,513.23,512.95,513.21,20982.0
12:49,513.4,513.51,513.06,513.06,35090.0
12:50,513.26,513.45,513.21,513.42,13106.0
12:51,513.35,513.41,513.25,513.31,21108.0
12:52,513.54,513.54,513.16,513.34,18826.0
12:53,513.49,513.63,513.42,513.43,13981.0
12:54,513.5,513.57,513.4,513.47,272171.0
12:55,513.67,513.73,513.51,513.51,15023.0
12:56,513.84,513.86,513.65,513.67,22025.0
12:57,514.12,514.15,513.75,513.78,23710.0
12:58,514.18,514.48,514.15,514.15,22713.0
12:59,514.24,514.43,514.2,514.29,14555.0
13:00,514.3,514.5,514.15,514.24,21494.0
13:01,514.22,514.28,514.13,514.26,9201.0
13:02,514.3,514.39,514.24,514.27,7213.0
13:03,514.46,514.55,514.31,514.31,14317.0
13:04,514.4,514.55,514.35,514.46,17979.0
13:05,514.28,514.41,514.23,514.41,7636.0
13:06,514.32,514.36,514.14,514.28,12948.0
13:07,514.54,514.54,514.3,514.32,9485.0
13:08,514.23,514.63,514.18,514.6,12519.0
13:09,514.15,514.26,514.1,514.15,10317.0
13:10,514.05,514.19,514.01,514.15,11592.0
13:11,514.14,514.15,513.99,513.99,10922.0
13:12,513.73,513.96,513.73,513.9,11240.0
13:13,513.64,513.75,513.56,513.66,25395.0
13:14,513.77,513.93,513.63,513.64,19413.0
13:15,513.78,513.9,513.72,513.8,14597.0
13:16,513.65,513.73,513.5,513.73,11547.0
13:17,513.48,513.69,513.48,513.65,12635.0
13:18,513.23,513.53,513.23,513.51,11173.0
13:19,513.28,513.31,513.11,513.28,11471.0
13:20,513.36,513.4,513.25,513.29,16031.0
13:21,513.31,513.41,513.21,513.41,11774.0
13:22,513.53,513.53,513.34,513.34,9025.0
13:23,513.77,513.77,513.42,513.52,16479.0
13:24,513.45,513.69,513.34,513.69,10025.0
13:25,513.3,513.51,513.26,513.34,21705.0
13:26,513.2,513.3,513.1,513.3,10729.0
13:27,513.28,513.3,513.19,513.19,8814.0
13:28,513.16,513.29,513.1,513.29,12307.0
13:29,513.21,513.26,513.16,513.18,7270.0
13:30,513.26,513.32,513.22,513.22,6467.0
13:31,513.29,513.29,513.06,513.26,13097.0
13:32,513.06,513.26,513.02,513.25,20023.0
13:33,513.04,513.15,513.0,513.08,10638.0
13:34,513.07,513.15,513.01,513.09,12642.0
13:35,513.15,513.22,513.05,513.08,14508.0
13:36,513.03,513.18,513.0,513.14,23402.0
13:37,512.7,513.02,512.7,513.02,17427.0
13:38,512.83,512.92,512.64,512.67,17115.0
13:39,512.81,512.84,512.71,512.83,9268.0
13:40,512.88,512.9,512.7,512.79,11311.0
13:41,512.78,512.91,512.71,512.88,13760.0
13:42,512.77,512.92,512.7,512.78,16192.0
13:43,512.63,512.77,512.53,512.77,15585.0
13:44,512.6,512.7,512.52,512.67,13131.0
13:45,512.53,512.63,512.53,512.6,12611.0
13:46,512.59,512.7,512.51,512.57,15829.0
13:47,512.37,512.59,512.36,512.59,18595.0
13:48,512.36,512.45,512.32,512.36,15181.0
13:49,512.38,512.54,512.37,512.4,10027.0
13:50,512.29,512.49,512.18,512.4,24828.0
13:51,512.84,512.85,512.27,512.36,19280.0
13:52,512.91,512.94,512.76,512.81,11671.0
13:53,512.93,513.03,512.85,512.94,16942.0
13:54,513.23,513.23,512.91,512.91,10009.0
13:55,512.86,513.23,512.76,513.23,16511.0
13:56,512.91,512.94,512.77,512.85,8654.0
13:57,513.09,513.13,512.89,512.93,10745.0
13:58,513.26,513.27,513.04,513.12,13477.0
13:59,513.38,513.39,513.26,513.27,12029.0
14:00,513.36,513.41,513.3,513.41,10722.0
14:01,513.47,513.47,513.34,513.37,22435.0
14:02,513.69,513.69,513.47,513.47,13398.0
14:03,513.85,513.87,513.74,513.78,15221.0
14:04,513.83,513.84,513.8,513.83,7370.0
14:05,514.1,514.1,513.79,513.79,20867.0
14:06,514.04,514.24,514.04,514.1,20663.0
14:07,514.1,514.11,513.99,514.04,12884.0
14:08,514.09,514.14,513.99,514.04,15142.0
14:09,514.19,514.28,514.1,514.14,12885.0
14:10,514.39,514.48,514.21,514.21,15627.0
14:11,514.36,514.42,514.31,514.4,13338.0
14:12,514.35,514.43,514.33,514.36,9141.0
14:13,514.24,514.43,514.21,514.39,18557.0
14:14,514.19,514.32,514.12,514.29,11763.0
14:15,514.34,514.44,514.21,514.21,11886.0
14:16,514.5,514.54,514.43,514.43,14406.0
14:17,514.37,514.55,514.37,514.55,14598.0
14:18,514.32,514.47,514.32,514.34,8862.0
14:19,514.23,514.43,514.23,514.35,18708.0
14:20,514.51,514.55,514.23,514.23,15083.0
14:21,514.22,514.6,514.22,514.51,32689.0
14:22,514.15,514.22,514.06,514.22,9446.0
14:23,514.29,514.29,514.2,514.2,8525.0
14:24,514.26,514.33,514.19,514.29,12897.0
14:25,514.1,514.27,514.05,514.24,14753.0
14:26,514.14,514.29,514.05,514.1,14312.0
14:27,514.14,514.18,514.09,514.17,13916.0
14:28,514.21,514.21,514.1,514.11,9208.0
14:29,514.15,514.24,514.15,514.18,10547.0
14:30,514.27,514.33,514.11,514.15,17195.0
14:31,514.44,514.44,514.23,514.27,15498.0
14:32,514.75,514.77,514.4,514.43,25271.0
14:33,514.53,514.77,514.47,514.77,19103.0
14:34,514.28,514.52,514.22,514.48,24211.0
14:35,514.23,514.36,514.19,514.24,14307.0
14:36,514.25,514.32,514.2,514.2,11610.0
14:37,514.16,514.28,514.16,514.28,15045.0
14:38,514.01,514.22,513.93,514.15,25450.0
14:39,513.95,514.14,513.74,514.07,15813.0
14:40,514.19,514.23,514.0,514.06,8602.0
14:41,514.03,514.15,514.02,514.15,9381.0
14:42,513.83,514.08,513.82,514.04,12463.0
14:43,513.69,513.93,513.53,513.9,15266.0
14:44,513.67,513.77,513.6,513.74,13910.0
14:45,513.47,513.67,513.42,513.67,9454.0
14:46,513.35,513.42,513.29,513.42,15292.0
14:47,513.22,513.32,513.18,513.29,30849.0
14:48,513.19,513.27,513.05,513.17,12990.0
14:49,513.27,513.31,513.12,513.22,13715.0
14:50,513.49,513.54,513.22,513.25,12298.0
14:51,513.42,513.51,513.36,513.42,9994.0
14:52,513.39,513.47,513.33,513.45,13599.0
14:53,513.33,513.4,513.31,513.36,10025.0
14:54,513.37,513.53,513.35,513.35,11278.0
14:55,513.54,513.54,513.38,513.44,14690.0
14:56,513.35,513.71,513.35,513.53,15203.0
14:57,513.54,513.56,513.4,513.41,5424.0
14:58,513.69,513.74,513.52,513.57,8800.0
14:59,513.4,513.74,513.4,513.72,12302.0
15:00,513.48,513.6,513.43,513.51,13209.0
15:01,513.29,513.45,513.13,513.45,19420.0
15:02,513.37,513.42,513.25,513.31,13346.0
15:03,513.19,513.28,513.17,513.26,16059.0
15:04,513.21,513.22,513.12,513.22,9757.0
15:05,513.2,513.21,513.05,513.15,22855.0
15:06,513.36,513.38,513.1,513.16,10326.0
15:07,513.37,513.39,513.24,513.36,13969.0
15:08,513.4,513.43,513.28,513.38,11265.0
15:09,513.4,513.53,513.32,513.38,13686.0
15:10,513.52,513.58,513.38,513.39,25183.0
15:11,513.37,513.53,513.37,513.53,15855.0
15:12,513.38,513.4,513.28,513.33,15029.0
15:13,513.39,513.39,513.26,513.3,9982.0
15:14,513.38,513.43,513.3,513.39,15987.0
15:15,513.66,513.69,513.34,513.43,11289.0
15:16,513.9,513.9,513.66,513.66,18512.0
15:17,513.92,513.98,513.83,513.9,16015.0
15:18,514.03,514.05,513.89,513.92,17496.0
15:19,514.07,514.18,514.03,514.03,20141.0
15:20,514.11,514.25,514.07,514.07,18783.0
15:21,514.17,514.17,514.08,514.13,18114.0
15:22,514.29,514.31,514.07,514.09,12342.0
15:23,514.09,514.29,514.09,514.29,15447.0
15:24,514.06,514.17,514.06,514.1,14636.0
15:25,514.16,514.2,514.03,514.06,16706.0
15:26,514.03,514.14,514.03,514.14,15214.0
15:27,513.98,514.09,513.97,514.09,16974.0
15:28,513.85,513.95,513.77,513.95,18790.0
15:29,514.03,514.04,513.73,513.82,22784.0
15:30,513.9,514.0,513.83,513.96,43723.0
15:31,514.07,514.1,513.86,513.95,12275.0
15:32,513.9,514.08,513.89,514.07,18452.0
15:33,513.84,513.9,513.8,513.88,13889.0
15:34,513.98,514.02,513.82,513.82,21721.0
15:35,514.0,514.14,513.97,513.98,20829.0
15:36,514.09,514.09,513.89,514.0,16869.0
15:37,514.12,514.21,514.09,514.09,14682.0
15:38,514.22,514.22,514.08,514.11,20222.0
15:39,514.33,514.36,514.16,514.2,29813.0
15:40,514.6,514.67,514.35,514.35,23338.0
15:41,514.42,514.66,514.42,514.62,33098.0
15:42,514.4,514.51,514.32,514.43,25312.0
15:43,514.3,514.43,514.3,514.38,16905.0
15:44,514.2,514.39,514.2,514.32,26551.0
15:45,514.09,514.18,513.98,514.17,29685.0
15:46,513.98,514.24,513.95,514.16,22682.0
15:47,513.9,514.05,513.85,513.98,20780.0
15:48,513.8,513.95,513.8,513.92,25982.0
15:49,513.92,513.95,513.79,513.79,23178.0
15:50,514.25,514.29,513.69,513.91,54912.0
15:51,514.21,514.42,514.05,514.28,36862.0
15:52,514.23,514.33,514.15,514.18,43420.0
15:53,514.33,514.45,514.22,514.26,53504.0
15:54,514.41,514.95,514.3,514.37,116775.0
15:55,514.0,514.48,513.8,514.42,115350.0
15:56,513.63,514.04,513.56,513.98,102386.0
15:57,513.67,513.68,513.43,513.66,119486.0
15:58,514.1,514.11,513.69,513.71,201060.0
15:59,513.97,514.1,513.82,514.07,561712.0
