Time,Close,High,Low,Open,Volume
09:30,531.68,531.95,530.0,531.71,1149625.0
09:31,531.02,532.29,530.59,531.81,116242.0
09:32,530.41,530.98,529.89,530.83,102744.0
09:33,530.78,530.84,530.41,530.41,30629.0
09:34,530.66,530.84,530.01,530.34,125293.0
09:35,529.98,530.8,529.39,530.79,108862.0
09:36,529.55,530.04,529.18,530.04,94683.0
09:37,529.2,529.59,529.14,529.55,56047.0
09:38,530.01,530.07,529.11,529.23,57399.0
09:39,529.61,530.09,529.16,530.08,78340.0
09:40,529.96,530.12,529.29,529.61,77720.0
09:41,529.01,529.99,529.01,529.97,55008.0
09:42,529.57,529.68,529.01,529.03,59077.0
09:43,529.77,530.09,529.57,529.59,80312.0
09:44,530.09,530.14,529.52,529.75,53318.0
09:45,530.36,530.54,530.04,530.16,67268.0
09:46,529.88,530.58,529.85,530.28,118952.0
09:47,530.09,530.35,529.81,529.92,56402.0
09:48,530.2,530.2,529.65,530.17,51108.0
09:49,530.2,530.3,530.09,530.2,49661.0
09:50,530.89,531.18,530.05,530.24,100963.0
09:51,531.17,531.3,530.81,530.84,74010.0
09:52,531.27,531.56,531.16,531.22,61279.0
09:53,530.59,531.52,530.57,531.22,67225.0
09:54,530.45,530.62,530.25,530.59,66192.0
09:55,530.85,530.94,530.33,530.4,54390.0
09:56,530.82,531.12,530.53,530.85,53460.0
09:57,531.43,531.59,530.8,530.83,43210.0
09:58,531.46,531.79,531.33,531.46,68968.0
09:59,531.57,531.8,531.33,531.46,60105.0
10:00,531.81,531.99,531.52,531.55,61392.0
10:01,532.15,532.27,531.78,531.87,65434.0
10:02,532.18,532.37,532.04,532.16,57630.0
10:03,532.63,532.72,532.17,532.23,97867.0
10:04,532.26,532.67,532.1,532.62,67403.0
10:05,532.36,532.6,532.09,532.18,49574.0
10:06,532.98,532.99,532.11,532.39,49123.0
10:07,532.9,533.5,532.9,532.99,102419.0
10:08,532.56,532.93,532.41,532.69,41662.0
10:09,532.61,532.81,532.52,532.62,27600.0
10:10,533.07,533.07,532.45,532.6,49555.0
10:11,533.54,533.8,533.05,533.07,80317.0
10:12,533.51,533.66,533.25,533.53,73022.0
10:13,533.43,533.74,533.34,533.51,68695.0
10:14,533.16,533.39,533.02,533.35,51725.0
10:15,532.93,533.16,532.82,533.16,69368.0
10:16,532.95,533.49,532.87,532.97,42074.0
10:17,532.67,533.14,532.67,532.95,49403.0
10:18,532.43,532.75,532.02,532.71,72530.0
10:19,532.11,532.43,531.96,532.43,57786.0
10:20,532.91,532.91,531.93,532.1,35962.0
10:21,532.64,533.12,532.59,532.93,48698.0
10:22,532.6,532.88,532.31,532.55,41011.0
10:23,532.66,532.71,532.07,532.61,62189.0
10:24,532.56,532.73,532.48,532.65,72935.0
10:25,532.5,533.0,532.43,532.65,68113.0
10:26,532.54,532.92,532.44,532.49,42918.0
10:27,532.7,532.81,532.35,532.53,44833.0
10:28,532.92,533.15,532.71,532.71,57718.0
10:29,533.22,533.35,532.91,532.94,44194.0
10:30,533.06,533.26,532.98,533.26,34570.0
10:31,533.18,533.34,532.95,533.03,39755.0
10:32,533.11,533.22,532.98,533.16,36459.0
10:33,533.51,533.63,533.13,533.14,81789.0
10:34,533.58,533.84,533.5,533.55,50728.0
10:35,533.26,533.67,533.24,533.57,87937.0
10:36,533.45,533.64,533.21,533.21,46065.0
10:37,533.25,533.46,533.08,533.43,41659.0
10:38,533.37,533.44,533.07,533.25,45275.0
10:39,533.58,533.58,533.34,533.39,43384.0
10:40,533.44,533.88,533.37,533.55,43922.0
10:41,534.32,534.41,533.5,533.5,107217.0
10:42,534.23,534.58,534.12,534.31,63980.0
10:43,533.91,534.14,533.74,534.06,50520.0
10:44,533.9,533.96,533.74,533.86,24105.0
10:45,533.9,533.97,533.75,533.95,24428.0
10:46,533.95,534.18,533.8,533.89,33504.0
10:47,533.61,534.06,533.5,534.06,38954.0
10:48,533.72,533.76,533.49,533.54,34475.0
10:49,533.84,533.95,533.55,533.72,34405.0
10:50,533.78,533.89,533.6,533.8,39722.0
10:51,533.74,534.03,533.66,533.78,58551.0
10:52,533.67,533.84,533.64,533.72,25202.0
10:53,533.11,533.74,533.11,533.7,37907.0
10:54,533.64,533.71,533.06,533.06,37253.0
10:55,533.52,533.68,533.46,533.61,20618.0
10:56,533.23,533.61,533.15,533.59,37060.0
10:57,533.46,533.47,533.26,533.3,28926.0
10:58,532.96,533.3,532.93,533.26,38805.0
10:59,532.72,532.97,532.71,532.97,33322.0
11:00,532.83,533.0,532.58,532.74,42784.0
11:01,533.07,533.12,532.68,532.74,23406.0
11:02,533.11,533.36,533.01,533.16,26108.0
11:03,533.41,533.41,533.01,533.1,28097.0
11:04,533.05,533.44,533.0,533.35,23777.0
11:05,533.2,533.22,532.95,533.04,29868.0
11:06,532.89,533.2,532.8,533.08,29862.0
11:07,532.91,533.12,532.78,532.84,30291.0
11:08,532.89,533.11,532.74,532.87,25517.0
11:09,532.51,532.85,532.35,532.85,57328.0
11:10,532.97,533.05,532.48,532.49,36046.0
11:11,532.92,533.1,532.82,533.0,37009.0
11:12,533.08,533.1,532.86,532.97,31834.0
11:13,532.78,533.1,532.78,533.03,22824.0
11:14,532.94,533.2,532.81,532.82,44417.0
11:15,532.81,532.98,532.73,532.89,41699.0
11:16,532.62,532.8,532.59,532.8,27813.0
11:17,532.56,532.61,532.33,532.58,31567.0
11:18,532.47,532.63,532.24,532.59,34200.0
11:19,532.47,532.66,532.39,532.43,33066.0
11:20,532.5,532.61,532.34,532.49,21755.0
11:21,532.53,532.7,532.43,532.43,20933.0
11:22,532.64,532.66,532.49,532.53,13821.0
11:23,532.62,532.69,532.56,532.63,17716.0
11:24,532.5,532.58,532.38,532.55,55594.0
11:25,532.92,532.95,532.51,532.51,21020.0
11:26,532.85,532.99,532.8,532.9,29506.0
11:27,532.72,532.95,532.64,532.83,22649.0
11:28,532.77,532.83,532.62,532.74,14892.0
11:29,532.67,532.81,532.62,532.74,39347.0
11:30,532.63,532.84,532.6,532.65,35421.0
11:31,532.5,532.71,532.48,532.66,29652.0
11:32,532.72,532.72,532.37,532.52,28036.0
11:33,532.58,532.68,532.56,532.68,18795.0
11:34,532.56,532.65,532.5,532.6,27068.0
11:35,532.22,532.52,532.19,532.52,36382.0
11:36,532.04,532.3,532.0,532.24,37076.0
11:37,532.2,532.4,531.92,531.99,30008.0
11:38,532.19,532.27,532.03,532.21,23101.0
11:39,532.09,532.26,532.04,532.22,19446.0
11:40,532.27,532.27,532.03,532.06,21461.0
11:41,532.49,532.53,532.22,532.26,27011.0
11:42,532.6,532.73,532.47,532.54,34939.0
11:43,532.91,532.95,532.61,532.66,26630.0
11:44,533.04,533.04,532.82,532.91,47404.0
11:45,533.05,533.19,532.98,533.08,24958.0
11:46,533.06,533.17,533.01,533.09,26430.0
11:47,533.15,533.38,533.07,533.08,33917.0
11:48,532.99,533.26,532.88,533.09,23244.0
11:49,533.01,533.09,532.86,533.01,22601.0
11:50,532.71,533.02,532.49,533.02,22708.0
11:51,532.57,532.82,532.54,532.69,15118.0
11:52,532.58,532.63,532.37,532.56,31060.0
11:53,532.53,532.59,532.49,532.54,16652.0
11:54,532.51,532.56,532.37,532.53,13638.0
11:55,532.49,532.6,532.44,532.51,17290.0
11:56,532.59,532.78,532.46,532.47,14191.0
11:57,532.61,532.67,532.55,532.61,19801.0
11:58,532.72,532.81,532.63,532.63,19304.0
11:59,532.53,532.73,532.42,532.73,13525.0
12:00,532.65,532.68,532.47,532.5,14139.0
12:01,532.74,532.74,532.59,532.62,20684.0
12:02,532.64,532.7,532.55,532.67,17157.0
12:03,532.59,532.78,532.55,532.7,25593.0
12:04,532.6,532.62,532.46,532.6,19572.0
12:05,532.59,532.67,532.54,532.55,11305.0
12:06,532.56,532.66,532.46,532.58,17750.0
12:07,532.59,532.65,532.54,532.54,14905.0
12:08,532.37,532.61,532.24,532.61,26191.0
12:09,532.54,532.59,532.3,532.34,24390.0
12:10,532.41,532.54,532.37,532.54,27134.0
12:11,532.24,532.44,532.18,532.44,21047.0
12:12,532.18,532.37,532.15,532.21,25167.0
12:13,532.28,532.32,532.18,532.18,20275.0
12:14,532.16,532.32,532.15,532.3,17116.0
12:15,532.11,532.2,532.06,532.15,13650.0
12:16,532.09,532.21,532.0,532.11,23829.0
12:17,532.08,532.2,532.01,532.06,12317.0
12:18,532.18,532.2,532.05,532.06,18053.0
12:19,532.04,532.22,532.04,532.14,25901.0
12:20,532.04,532.18,532.0,532.07,25829.0
12:21,531.94,532.03,531.6,532.03,33331.0
12:22,532.03,532.09,531.9,531.9,20669.0
12:23,532.2,532.2,531.98,532.02,13166.0
12:24,532.04,532.2,531.88,532.2,12992.0
12:25,532.2,532.2,531.91,532.07,18394.0
12:26,532.01,532.22,531.96,532.2,12078.0
12:27,531.93,532.02,531.8,532.02,16106.0
12:28,531.74,531.99,531.74,531.93,17107.0
12:29,531.72,531.92,531.67,531.71,19060.0
12:30,531.72,531.82,531.66,531.76,17343.0
12:31,531.77,531.81,531.62,531.7,24020.0
12:32,531.76,531.83,531.71,531.77,15798.0
12:33,531.68,531.82,531.66,531.76,17950.0
12:34,531.7,531.74,531.63,531.68,10469.0
12:35,531.69,531.76,531.6,531.7,16497.0
12:36,531.7,531.78,531.6,531.71,17202.0
12:37,531.64,531.75,531.62,531.72,13168.0
12:38,531.55,531.65,531.48,531.65,23150.0
12:39,531.48,531.58,531.45,531.53,15623.0
12:40,531.35,531.44,531.2,531.44,20187.0
12:41,531.13,531.49,531.06,531.32,26282.0
12:42,531.21,531.25,531.0,531.13,24688.0
12:43,531.05,531.26,531.05,531.22,17900.0
12:44,531.12,531.13,531.04,531.06,23864.0
12:45,531.18,531.39,531.14,531.15,21130.0
12:46,531.33,531.53,531.22,531.22,17978.0
12:47,531.13,531.32,531.06,531.32,18497.0
12:48,531.2,531.2,530.98,531.16,23111.0
12:49,531.11,531.27,531.08,531.19,19239.0
12:50,530.91,531.3,530.91,531.16,19406.0
12:51,531.09,531.09,530.92,530.95,18770.0
12:52,531.11,531.25,531.03,531.04,17739.0
12:53,531.21,531.23,530.95,531.08,27883.0
12:54,531.5,531.56,531.21,531.21,20210.0
12:55,531.49,531.75,531.39,531.54,22977.0
12:56,531.53,531.53,531.4,531.46,16133.0
12:57,531.51,531.52,531.34,531.51,12859.0
12:58,531.57,531.57,531.38,531.48,14775.0
12:59,531.37,531.61,531.31,531.58,21965.0
13:00,531.48,531.48,531.3,531.35,16443.0
13:01,531.52,531.55,531.41,531.48,11290.0
13:02,531.41,531.56,531.34,531.56,11070.0
13:03,531.35,531.43,531.3,531.41,12166.0
13:04,531.35,531.42,531.3,531.37,15231.0
13:05,531.35,531.36,531.27,531.33,14148.0
13:06,531.45,531.54,531.34,531.34,15405.0
13:07,531.33,531.51,531.31,531.51,17328.0
13:08,531.29,531.37,531.25,531.31,12370.0
13:09,531.28,531.36,531.24,531.3,8389.0
13:10,531.2,531.31,531.14,531.31,8929.0
13:11,531.29,531.4,531.21,531.21,11066.0
13:12,531.26,531.31,531.22,531.29,14618.0
13:13,531.4,531.43,531.27,531.27,14654.0
13:14,531.41,531.45,531.37,531.41,13129.0
13:15,531.48,531.48,531.39,531.48,7586.0
13:16,531.65,531.68,531.46,531.47,15748.0
13:17,531.33,531.64,531.3,531.64,21689.0
13:18,531.08,531.36,531.08,531.28,16085.0
13:19,531.24,531.27,531.09,531.12,31139.0
13:20,531.25,531.26,531.09,531.26,11599.0
13:21,531.2,531.27,531.14,531.21,64600.0
13:22,531.28,531.38,531.17,531.17,28696.0
13:23,531.13,531.3,531.08,531.28,14318.0
13:24,530.97,531.14,530.94,531.14,27553.0
13:25,530.84,530.93,530.82,530.92,20328.0
13:26,530.58,530.85,530.48,530.85,36486.0
13:27,530.82,530.93,530.45,530.52,27700.0
13:28,530.93,530.96,530.84,530.84,9501.0
13:29,530.79,531.0,530.76,530.92,13690.0
13:30,530.84,530.84,530.7,530.82,16722.0
13:31,530.84,531.0,530.8,530.85,16061.0
13:32,530.92,530.98,530.8,530.84,11991.0
13:33,530.86,530.93,530.82,530.93,9303.0
13:34,531.08,531.08,530.86,530.86,15210.0
13:35,530.91,531.13,530.8,531.08,22258.0
13:36,531.17,531.17,530.91,530.91,23818.0
13:37,531.07,531.34,531.07,531.18,28914.0
13:38,531.2,531.21,531.03,531.07,17520.0
13:39,531.12,531.21,531.12,531.18,11223.0
13:40,531.16,531.2,531.1,531.13,25550.0
13:41,531.27,531.27,531.14,531.15,17272.0
13:42,531.32,531.36,531.24,531.27,17190.0
13:43,531.4,531.44,531.29,531.32,8031.0
13:44,531.5,531.57,531.44,531.44,16316.0
13:45,531.51,531.53,531.48,531.48,8866.0
13:46,531.58,531.6,531.42,531.51,15264.0
13:47,531.65,531.75,531.58,531.59,22028.0
13:48,531.57,531.68,531.49,531.65,13442.0
13:49,531.66,531.72,531.55,531.57,17987.0
13:50,531.69,531.69,531.54,531.65,22321.0
13:51,531.7,531.87,531.65,531.72,20194.0
13:52,531.74,531.93,531.7,531.7,30240.0
13:53,531.69,531.77,531.56,531.76,22849.0
13:54,531.83,531.83,531.69,531.69,16788.0
13:55,531.8,531.95,531.8,531.81,18136.0
13:56,531.82,531.86,531.68,531.84,31485.0
13:57,531.75,531.95,531.75,531.78,21394.0
13:58,531.82,531.89,531.74,531.77,21350.0
13:59,531.89,531.9,531.75,531.85,15093.0
14:00,531.85,531.96,531.8,531.84,19955.0
14:01,531.91,532.0,531.77,531.82,60646.0
14:02,531.84,531.95,531.8,531.9,22221.0
14:03,531.67,531.91,531.6,531.84,53078.0
14:04,531.55,531.76,531.51,531.66,27294.0
14:05,531.52,531.68,531.5,531.64,25839.0
14:06,531.22,531.53,531.1,531.52,41451.0
14:07,531.3,531.5,531.24,531.3,11998.0
14:08,531.52,531.52,531.32,531.33,15755.0
14:09,531.36,531.53,531.34,531.51,15838.0
14:10,531.42,531.48,531.32,531.35,14652.0
14:11,531.46,531.58,531.42,531.42,11653.0
14:12,531.44,531.56,531.41,531.51,12434.0
14:13,531.58,531.61,531.41,531.44,6630.0
14:14,531.78,531.81,531.6,531.64,18332.0
14:15,532.03,532.05,531.81,531.81,32357.0
14:16,531.92,532.16,531.87,532.02,38463.0
14:17,531.72,531.93,531.65,531.89,18341.0
14:18,531.94,531.95,531.73,531.76,10891.0
14:19,531.91,532.03,531.84,532.01,14545.0
14:20,531.95,532.07,531.85,531.85,20845.0
14:21,531.96,532.06,531.96,531.99,17420.0
14:22,531.97,532.1,531.88,532.01,19032.0
14:23,532.07,532.1,531.96,531.98,14005.0
14:24,532.38,532.4,532.1,532.1,36698.0
14:25,532.44,532.49,532.34,532.34,17206.0
14:26,532.45,532.47,532.37,532.46,12820.0
14:27,532.42,532.48,532.4,532.44,11460.0
14:28,532.48,532.52,532.42,532.46,8866.0
14:29,532.52,532.57,532.46,532.49,18247.0
14:30,532.4,532.6,532.4,532.5,23336.0
14:31,532.36,532.42,532.2,532.38,12816.0
14:32,532.28,532.44,532.28,532.38,25536.0
14:33,532.35,532.35,532.24,532.29,14460.0
14:34,532.42,532.46,532.32,532.34,14800.0
14:35,532.49,532.49,532.4,532.42,14567.0
14:36,532.53,532.63,532.49,532.49,16107.0
14:37,532.85,532.87,532.53,532.54,36152.0
14:38,532.81,532.93,532.76,532.85,44944.0
14:39,532.91,532.96,532.71,532.75,15413.0
14:40,532.91,532.94,532.81,532.93,12132.0
14:41,532.74,532.94,532.7,532.94,19341.0
14:42,532.78,532.89,532.74,532.78,14152.0
14:43,532.71,532.83,532.63,532.78,17631.0
14:44,532.59,532.73,532.52,532.7,26062.0
14:45,532.68,532.7,532.56,532.62,18695.0
14:46,532.76,532.8,532.65,532.67,14072.0
14:47,532.9,532.95,532.69,532.71,16401.0
14:48,532.79,532.91,532.76,532.89,21888.0
14:49,532.91,532.98,532.75,532.79,40730.0
14:50,532.83,532.96,532.72,532.94,9512.0
14:51,532.88,532.93,532.77,532.86,20092.0
14:52,532.86,532.91,532.82,532.86,11857.0
14:53,533.2,533.31,532.84,532.86,51327.0
14:54,533.22,533.27,533.03,533.23,25575.0
14:55,533.36,533.43,533.19,533.2,32315.0
14:56,533.31,533.45,533.29,533.34,24096.0
14:57,533.59,533.63,533.29,533.33,27720.0
14:58,533.59,533.61,533.51,533.61,21449.0
14:59,533.57,533.63,533.39,533.55,54994.0
15:00,533.32,533.62,533.27,533.53,22495.0
15:01,533.39,533.45,533.26,533.4,22009.0
15:02,533.26,533.4,533.16,533.39,20281.0
15:03,533.22,533.29,533.19,533.23,13675.0
15:04,533.12,533.28,533.08,533.2,18894.0
15:05,533.12,533.12,532.95,533.07,18676.0
15:06,533.04,533.18,533.04,533.14,14945.0
15:07,533.09,533.19,533.06,533.06,14729.0
15:08,533.26,533.3,533.12,533.12,20377.0
15:09,533.12,533.29,532.98,533.26,44660.0
15:10,533.17,533.27,533.08,533.11,23132.0
15:11,533.14,533.2,533.08,533.17,23545.0
15:12,533.2,533.2,533.08,533.11,44509.0
15:13,533.11,533.29,533.09,533.21,33086.0
15:14,532.96,533.15,532.93,533.14,27869.0
15:15,533.11,533.16,532.89,532.94,36486.0
15:16,533.18,533.18,533.05,533.14,18817.0
15:17,533.08,533.17,533.02,533.17,18023.0
15:18,532.9,533.11,532.83,533.07,30527.0
15:19,532.8,532.92,532.72,532.91,31138.0
15:20,532.97,532.99,532.8,532.87,23068.0
15:21,533.01,533.01,532.83,532.95,16512.0
15:22,533.04,533.08,532.96,533.05,22973.0
15:23,532.95,533.05,532.88,533.05,24007.0
15:24,532.74,532.97,532.72,532.97,22388.0
15:25,532.77,532.77,532.7,532.72,22105.0
15:26,532.74,532.8,532.68,532.77,19174.0
15:27,532.75,532.82,532.65,532.74,26491.0
15:28,532.78,532.78,532.61,532.76,27281.0
15:29,532.83,532.89,532.77,532.77,27907.0
15:30,532.85,532.9,532.8,532.81,41209.0
15:31,532.74,532.91,532.7,532.86,31023.0
15:32,532.69,532.78,532.61,532.75,29178.0
15:33,532.76,532.8,532.62,532.67,28417.0
15:34,532.81,532.86,532.7,532.74,31542.0
15:35,532.78,532.86,532.73,532.79,24657.0
15:36,532.85,532.87,532.73,532.78,41469.0
15:37,533.05,533.09,532.82,532.86,45496.0
15:38,533.03,533.08,532.97,533.05,25032.0
15:39,532.79,533.05,532.74,533.05,53337.0
15:40,532.54,532.77,532.5,532.74,52821.0
15:41,532.45,532.58,532.37,532.55,31351.0
15:42,532.57,532.59,532.38,532.43,27390.0
15:43,532.45,532.61,532.44,532.59,24584.0
15:44,532.54,532.56,532.44,532.48,33609.0
15:45,532.39,532.52,532.31,532.51,24287.0
15:46,532.46,532.52,532.34,532.36,35865.0
15:47,532.34,532.46,532.24,532.43,40241.0
15:48,532.61,532.65,532.3,532.32,34053.0
15:49,532.41,532.64,532.38,532.61,42757.0
15:50,532.67,533.15,532.37,532.37,92923.0
15:51,532.96,533.44,532.65,532.66,92116.0
15:52,532.76,533.0,532.73,532.98,84282.0
15:53,532.94,532.94,532.5,532.76,106288.0
15:54,532.5,533.0,532.33,532.94,134233.0
15:55,531.55,532.55,531.27,532.52,163917.0
15:56,531.99,532.0,531.54,531.55,120726.0
15:57,532.1,532.1,531.8,531.99,109527.0
15:58,531.72,532.17,531.65,532.1,167841.0
15:59,531.41,531.81,531.4,531.71,376454.0
