Time,Close,High,Low,Open,Volume
09:30,514.29,515.63,514.13,514.55,578381.0
09:31,515.05,515.17,513.81,514.44,62812.0
09:32,515.51,515.54,514.24,515.09,50350.0
09:33,515.8,516.2,515.36,515.52,79083.0
09:34,515.09,515.85,514.92,515.8,69157.0
09:35,515.0,515.06,514.23,515.0,81959.0
09:36,515.12,515.12,514.5,514.88,44811.0
09:37,514.92,515.23,514.84,515.09,74629.0
09:38,514.85,515.11,514.37,514.94,46040.0
09:39,515.02,515.14,514.65,514.7,41179.0
09:40,514.59,515.19,514.54,514.99,59013.0
09:41,514.61,514.69,514.19,514.59,29354.0
09:42,514.72,515.09,514.63,514.69,38110.0
09:43,514.43,514.96,514.29,514.71,32203.0
09:44,514.46,514.62,514.29,514.38,39100.0
09:45,514.72,515.03,514.53,514.54,1.0
09:46,514.66,515.02,514.2,514.66,399486.0
09:47,514.38,514.88,514.33,514.68,27770.0
09:48,514.1,514.55,513.98,514.38,43995.0
09:49,513.93,514.34,513.93,514.14,32947.0
09:50,514.15,514.41,513.68,513.97,42747.0
09:51,514.91,514.95,514.12,514.14,42337.0
09:52,514.68,515.2,514.63,514.93,35313.0
09:53,514.9,515.02,514.7,514.7,27929.0
09:54,514.91,515.04,514.73,514.98,25335.0
09:55,514.96,515.1,514.79,514.91,59548.0
09:56,515.1,515.15,514.85,514.97,38245.0
09:57,514.97,515.12,514.85,515.08,52335.0
09:58,515.12,515.15,514.9,514.97,48305.0
09:59,515.1,515.2,514.8,515.12,34504.0
10:00,515.11,515.33,514.96,515.05,63103.0
10:01,515.73,515.85,515.01,515.08,37159.0
10:02,515.78,516.0,515.65,515.68,36801.0
10:03,515.84,515.95,515.68,515.78,30066.0
10:04,515.61,515.95,515.61,515.86,32995.0
10:05,516.03,516.14,515.68,515.68,39108.0
10:06,516.41,516.5,515.98,515.98,36700.0
10:07,516.82,516.93,516.4,516.45,64066.0
10:08,516.72,516.95,516.53,516.82,56160.0
10:09,516.86,517.18,516.66,516.75,54080.0
10:10,516.62,517.18,516.62,516.9,64494.0
10:11,516.18,516.72,516.18,516.69,37706.0
10:12,516.33,516.34,516.02,516.23,37043.0
10:13,516.17,516.4,516.03,516.22,20935.0
10:14,516.26,516.4,516.13,516.21,27630.0
10:15,516.15,516.37,516.13,516.29,30864.0
10:16,516.14,516.54,515.94,516.14,87642.0
10:17,516.26,516.44,516.02,516.11,29920.0
10:18,515.88,516.26,515.82,516.26,34828.0
10:19,516.18,516.18,515.88,515.88,35194.0
10:20,516.17,516.17,515.87,516.11,45793.0
10:21,516.15,516.21,515.97,516.18,23481.0
10:22,515.99,516.23,515.99,516.18,35597.0
10:23,516.02,516.11,515.95,515.96,35689.0
10:24,516.34,516.41,516.05,516.05,29943.0
10:25,515.95,516.3,515.95,516.3,40551.0
10:26,516.0,516.03,515.81,515.98,36252.0
10:27,516.06,516.09,515.86,516.01,20400.0
10:28,516.08,516.08,515.89,516.06,37674.0
10:29,515.9,516.05,515.63,516.04,48867.0
10:30,516.02,516.05,515.84,515.95,46211.0
10:31,516.17,516.21,516.05,516.05,21203.0
10:32,515.99,516.18,515.76,516.17,22076.0
10:33,516.02,516.04,515.89,516.01,19564.0
10:34,515.74,516.09,515.73,516.03,22888.0
10:35,515.46,515.79,515.46,515.73,50437.0
10:36,515.4,515.63,515.38,515.56,36910.0
10:37,515.07,515.45,514.91,515.45,50948.0
10:38,515.07,515.3,514.95,515.08,29463.0
10:39,514.98,515.21,514.98,515.09,26438.0
10:40,515.5,515.5,514.97,515.01,30874.0
10:41,515.69,515.86,515.41,515.42,22499.0
10:42,515.96,516.16,515.73,515.73,33206.0
10:43,515.62,516.0,515.61,515.92,43911.0
10:44,515.73,515.81,515.56,515.62,20010.0
10:45,515.82,515.93,515.77,515.78,19007.0
10:46,515.94,515.94,515.64,515.74,16567.0
10:47,515.85,516.0,515.85,515.95,22896.0
10:48,515.71,515.8,515.47,515.7,23054.0
10:49,516.02,516.12,515.75,515.79,17998.0
10:50,515.8,516.09,515.77,516.01,18682.0
10:51,515.97,515.97,515.59,515.77,21247.0
10:52,515.62,515.96,515.59,515.96,23462.0
10:53,515.9,516.08,515.64,515.64,24382.0
10:54,515.8,516.06,515.75,515.99,27931.0
10:55,516.09,516.36,515.82,515.9,47821.0
10:56,516.08,516.24,516.03,516.13,27288.0
10:57,515.92,516.1,515.81,516.09,22892.0
10:58,516.28,516.32,515.71,515.89,22155.0
10:59,516.48,516.52,516.28,516.28,26369.0
11:00,516.55,516.73,516.45,516.53,38757.0
11:01,516.53,516.75,516.48,516.56,20777.0
11:02,516.2,516.41,516.13,516.41,29813.0
11:03,516.45,516.62,516.24,516.29,20550.0
11:04,516.7,516.79,516.43,516.43,17224.0
11:05,516.77,516.9,516.64,516.7,23052.0
11:06,516.84,517.09,516.69,516.77,47078.0
11:07,517.13,517.13,516.67,516.84,19772.0
11:08,516.79,517.03,516.64,517.03,26579.0
11:09,516.63,516.79,516.6,516.76,18685.0
11:10,516.87,516.87,516.49,516.63,25322.0
11:11,516.7,516.94,516.7,516.86,17029.0
11:12,517.02,517.05,516.67,516.76,41192.0
11:13,516.83,516.99,516.74,516.98,26819.0
11:14,516.78,516.82,516.52,516.68,14825.0
11:15,516.9,517.04,516.77,516.9,28962.0
11:16,516.68,517.09,516.64,516.83,40496.0
11:17,516.89,516.96,516.74,516.74,29779.0
11:18,516.57,516.94,516.48,516.91,21770.0
11:19,516.35,516.63,516.17,516.6,254653.0
11:20,516.12,516.4,516.12,516.37,21054.0
11:21,516.1,516.18,516.0,516.16,22385.0
11:22,515.85,516.1,515.76,516.1,26139.0
11:23,515.77,515.9,515.68,515.84,22936.0
11:24,515.88,515.93,515.77,515.77,24790.0
11:25,515.97,515.97,515.76,515.88,19189.0
11:26,516.26,516.32,515.96,515.96,16572.0
11:27,516.25,516.45,516.23,516.32,20339.0
11:28,516.37,516.42,516.19,516.28,22968.0
11:29,515.89,516.38,515.88,516.37,28072.0
11:30,516.1,516.36,515.88,515.91,26721.0
11:31,515.66,516.12,515.63,516.09,29997.0
11:32,515.57,515.93,515.51,515.67,29440.0
11:33,515.76,515.76,515.51,515.55,25407.0
11:34,515.47,515.88,515.36,515.8,33467.0
11:35,515.23,515.55,515.03,515.55,40787.0
11:36,515.11,515.2,515.02,515.1,21172.0
11:37,515.15,515.22,515.01,515.1,20522.0
11:38,515.41,515.41,515.1,515.1,19577.0
11:39,515.45,515.61,515.32,515.38,25511.0
11:40,514.75,515.53,514.75,515.53,31293.0
11:41,514.73,514.86,514.67,514.85,24161.0
11:42,514.77,514.79,514.51,514.73,32220.0
11:43,514.28,514.8,514.25,514.72,26932.0
11:44,514.59,514.66,514.01,514.27,39229.0
11:45,514.56,514.58,514.3,514.58,29341.0
11:46,514.64,514.71,514.51,514.53,18065.0
11:47,514.58,514.74,514.4,514.67,26997.0
11:48,514.09,514.67,514.05,514.63,24983.0
11:49,514.25,514.37,513.97,514.07,28758.0
11:50,513.91,514.38,513.86,514.24,28849.0
11:51,514.05,514.19,513.75,513.9,35469.0
11:52,514.26,514.59,514.07,514.08,42733.0
11:53,514.34,514.35,514.0,514.21,21367.0
11:54,514.2,514.5,514.0,514.35,12771.0
11:55,514.78,514.84,514.17,514.17,31792.0
11:56,514.67,514.95,514.67,514.82,19292.0
11:57,514.85,514.91,514.67,514.67,31483.0
11:58,514.91,515.06,514.82,514.82,18535.0
11:59,514.72,515.0,514.72,514.91,21251.0
12:00,514.98,514.98,514.6,514.71,14029.0
12:01,514.9,515.09,514.81,514.95,23022.0
12:02,515.13,515.27,514.99,515.01,22195.0
12:03,515.01,515.23,514.99,515.16,10806.0
12:04,514.81,515.0,514.7,514.98,26810.0
12:05,514.35,514.75,514.34,514.75,24738.0
12:06,514.41,514.51,514.37,514.37,16649.0
12:07,514.96,515.04,514.44,514.46,22440.0
12:08,515.32,515.34,514.98,514.98,12653.0
12:09,515.21,515.43,515.08,515.43,12320.0
12:10,514.83,515.23,514.72,515.12,12266.0
12:11,514.78,514.83,514.71,514.74,9195.0
12:12,514.89,515.0,514.78,514.87,38174.0
12:13,514.85,514.92,514.7,514.92,11969.0
12:14,514.71,514.82,514.71,514.79,9364.0
12:15,514.81,514.81,514.76,514.81,10531.0
12:16,514.61,514.93,514.61,514.85,11612.0
12:17,514.34,514.62,514.26,514.62,13496.0
12:18,514.51,514.62,514.26,514.33,12709.0
12:19,514.3,514.55,514.23,514.53,22604.0
12:20,514.42,514.54,514.21,514.29,16340.0
12:21,514.33,514.52,514.19,514.4,10513.0
12:22,514.22,514.33,514.2,514.26,9097.0
12:23,514.31,514.33,514.05,514.23,17353.0
12:24,514.21,514.34,514.21,514.34,9528.0
12:25,514.64,514.64,514.06,514.17,26761.0
12:26,514.59,514.68,514.49,514.57,11797.0
12:27,514.61,514.62,514.42,514.57,9577.0
12:28,514.34,514.65,514.34,514.55,19461.0
12:29,514.17,514.42,514.14,514.38,11513.0
12:30,514.18,514.25,514.05,514.18,8694.0
12:31,514.24,514.38,514.13,514.18,22446.0
12:32,514.09,514.28,514.0,514.18,9104.0
12:33,514.03,514.18,513.97,514.06,13447.0
12:34,514.01,514.15,513.99,514.1,12094.0
12:35,514.28,514.28,513.72,514.0,35505.0
12:36,514.24,514.47,514.22,514.38,16608.0
12:37,514.33,514.33,514.03,514.24,12172.0
12:38,514.26,514.49,514.22,514.48,12215.0
12:39,514.32,514.36,514.22,514.29,5910.0
12:40,514.35,514.44,514.28,514.34,15132.0
12:41,514.27,514.44,514.14,514.41,10352.0
12:42,514.3,514.31,514.23,514.29,6312.0
12:43,514.28,514.41,514.28,514.35,8660.0
12:44,514.3,514.42,514.21,514.33,12601.0
12:45,513.93,514.31,513.93,514.31,17537.0
12:46,513.82,513.91,513.74,513.91,11089.0
12:47,513.77,513.9,513.75,513.83,10199.0
12:48,513.96,513.96,513.75,513.76,10005.0
12:49,513.87,514.04,513.81,513.9,16244.0
12:50,513.83,513.84,513.63,513.81,17259.0
12:51,513.59,513.84,513.57,513.79,12140.0
12:52,513.66,513.67,513.57,513.64,8187.0
12:53,513.29,513.77,513.16,513.72,23803.0
12:54,513.32,513.35,513.13,513.34,7229.0
12:55,513.46,513.46,513.2,513.26,11212.0
12:56,513.52,513.68,513.46,513.46,9639.0
12:57,513.42,513.6,513.42,513.53,5259.0
12:58,513.44,513.49,513.2,513.27,11055.0
12:59,513.24,513.47,513.24,513.4,10348.0
13:00,512.13,513.19,512.08,513.19,42988.0
13:01,511.96,512.41,511.9,512.23,68363.0
13:02,512.26,512.27,511.51,511.92,52741.0
13:03,512.12,512.31,511.93,512.31,38396.0
13:04,512.46,512.48,512.14,512.19,13548.0
13:05,512.2,512.49,511.94,512.43,22931.0
13:06,512.34,512.43,512.27,512.3,16090.0
13:07,512.36,512.5,512.34,512.34,9200.0
13:08,511.69,512.36,511.69,512.36,20028.0
13:09,511.58,511.75,511.4,511.75,21790.0
13:10,511.24,511.56,511.24,511.56,19802.0
13:11,510.78,511.25,510.62,511.25,35534.0
13:12,511.03,511.17,510.73,510.73,20406.0
13:13,510.9,511.36,510.82,511.2,28212.0
13:14,510.77,510.99,510.61,510.89,29396.0
13:15,510.0,510.61,510.0,510.5,43177.0
13:16,510.81,510.81,510.02,510.02,30108.0
13:17,511.06,511.06,510.66,510.85,34987.0
13:18,510.78,511.01,510.65,511.01,14969.0
13:19,511.14,511.14,510.79,510.81,13886.0
13:20,510.74,510.95,510.61,510.92,15133.0
13:21,511.52,511.6,510.74,510.74,14219.0
13:22,511.19,511.6,511.17,511.47,23391.0
13:23,511.08,511.34,510.95,511.34,10609.0
13:24,511.57,511.59,511.15,511.15,8760.0
13:25,511.4,511.8,511.3,511.47,20135.0
13:26,511.42,511.68,511.35,511.41,18179.0
13:27,511.1,511.47,510.9,511.47,14045.0
13:28,511.12,511.17,510.88,511.08,12544.0
13:29,511.05,511.07,510.75,510.98,9802.0
13:30,511.12,511.27,510.91,511.01,11569.0
13:31,511.29,511.29,510.92,511.27,9607.0
13:32,511.07,511.31,511.07,511.22,6302.0
13:33,511.23,511.29,511.0,511.02,10972.0
13:34,511.36,511.52,511.29,511.38,8309.0
13:35,512.08,512.08,511.31,511.34,20922.0
13:36,511.67,512.08,511.55,512.07,36722.0
13:37,511.33,511.69,511.33,511.64,31423.0
13:38,511.3,511.52,511.29,511.4,39230.0
13:39,511.31,511.35,511.13,511.3,19358.0
13:40,511.7,511.71,511.11,511.33,24041.0
13:41,511.59,511.78,511.34,511.7,13260.0
13:42,511.71,511.83,511.59,511.59,12441.0
13:43,511.86,511.97,511.75,511.83,7205.0
13:44,512.13,512.15,511.83,511.9,8677.0
13:45,512.29,512.34,512.14,512.14,10826.0
13:46,511.99,512.29,511.96,512.21,7379.0
13:47,512.24,512.29,511.91,511.91,12863.0
13:48,512.33,512.5,512.11,512.2,10828.0
13:49,512.37,512.39,512.21,512.39,10407.0
13:50,512.79,512.83,512.44,512.44,14855.0
13:51,512.81,512.99,512.64,512.83,17063.0
13:52,512.93,513.0,512.72,512.75,12811.0
13:53,513.04,513.08,512.8,513.04,9662.0
13:54,513.22,513.25,513.06,513.1,12068.0
13:55,512.94,513.2,512.92,513.16,12332.0
13:56,512.94,513.06,512.85,512.85,7536.0
13:57,512.88,512.93,512.72,512.92,5972.0
13:58,513.2,513.29,512.65,512.92,14608.0
13:59,513.21,513.45,513.17,513.2,21216.0
14:00,512.98,513.18,512.95,513.16,10836.0
14:01,512.59,512.97,512.59,512.91,30558.0
14:02,512.77,512.8,512.49,512.5,8948.0
14:03,512.91,512.91,512.6,512.77,8427.0
14:04,512.99,513.03,512.84,512.91,7562.0
14:05,513.06,513.15,512.88,512.92,8992.0
14:06,513.0,513.21,512.91,513.12,6092.0
14:07,512.75,513.1,512.69,513.0,9319.0
14:08,512.88,512.88,512.68,512.73,7647.0
14:09,513.0,513.04,512.91,512.92,7846.0
14:10,512.72,512.9,512.65,512.9,9434.0
14:11,512.49,512.65,512.42,512.65,8569.0
14:12,512.72,512.75,512.59,512.59,16824.0
14:13,512.94,513.06,512.79,512.79,16867.0
14:14,512.77,512.93,512.75,512.93,11657.0
14:15,513.06,513.06,512.7,512.71,8965.0
14:16,513.02,513.13,513.02,513.09,10864.0
14:17,513.21,513.21,513.05,513.05,6460.0
14:18,513.07,513.28,512.85,513.28,11350.0
14:19,513.08,513.14,513.06,513.06,6485.0
14:20,513.13,513.16,513.0,513.13,9045.0
14:21,513.28,513.29,513.01,513.05,10583.0
14:22,513.49,513.51,513.26,513.32,11034.0
14:23,513.46,513.51,513.38,513.51,11402.0
14:24,513.21,513.45,513.21,513.45,19038.0
14:25,513.33,513.44,513.22,513.22,7616.0
14:26,513.2,513.36,513.16,513.36,7557.0
14:27,513.09,513.32,513.09,513.19,8486.0
14:28,513.29,513.29,513.09,513.16,5907.0
14:29,513.17,513.25,513.09,513.21,9038.0
14:30,513.26,513.26,512.98,513.04,10041.0
14:31,513.43,513.47,513.29,513.29,12276.0
14:32,513.31,513.41,513.29,513.31,10293.0
14:33,513.32,513.36,513.2,513.28,8122.0
14:34,513.36,513.43,513.23,513.34,16932.0
14:35,513.4,513.4,513.26,513.33,7245.0
14:36,513.35,513.4,513.27,513.35,8718.0
14:37,513.5,513.53,513.39,513.41,13180.0
14:38,513.32,513.54,513.32,513.52,9593.0
14:39,513.49,513.55,513.15,513.29,25931.0
14:40,513.57,513.73,513.49,513.49,22292.0
14:41,513.85,513.88,513.35,513.55,14273.0
14:42,513.8,513.92,513.68,513.84,7360.0
14:43,513.48,513.79,513.48,513.76,7517.0
14:44,513.61,513.63,513.5,513.58,5949.0
14:45,513.64,513.73,513.6,513.61,7344.0
14:46,513.64,513.64,513.45,513.53,9288.0
14:47,513.62,513.68,513.55,513.62,15585.0
14:48,513.54,513.7,513.53,513.63,9454.0
14:49,513.55,513.59,513.41,513.5,10914.0
14:50,513.57,513.61,513.5,513.56,14959.0
14:51,513.61,513.7,513.52,513.6,7073.0
14:52,513.66,513.68,513.59,513.6,6116.0
14:53,513.85,513.85,513.66,513.66,12920.0
14:54,513.88,513.92,513.81,513.88,7691.0
14:55,513.8,513.9,513.8,513.9,8326.0
14:56,514.11,514.2,513.76,513.76,30028.0
14:57,514.0,514.22,513.98,514.12,27294.0
14:58,514.02,514.03,513.96,513.99,4676.0
14:59,513.97,514.04,513.92,514.0,9295.0
15:00,513.8,513.97,513.62,513.92,12454.0
15:01,513.73,513.84,513.73,513.84,7521.0
15:02,513.69,513.79,513.64,513.74,12912.0
15:03,513.75,513.86,513.68,513.7,15840.0
15:04,513.83,513.87,513.75,513.84,10423.0
15:05,513.73,513.86,513.71,513.86,8406.0
15:06,513.78,513.9,513.74,513.74,14162.0
15:07,513.61,513.78,513.61,513.73,10341.0
15:08,513.65,513.66,513.5,513.65,13826.0
15:09,513.6,513.68,513.6,513.66,6003.0
15:10,513.48,513.63,513.48,513.57,15594.0
15:11,513.42,513.52,513.18,513.48,15159.0
15:12,513.47,513.5,513.37,513.42,9010.0
15:13,513.6,513.65,513.46,513.46,11166.0
15:14,513.68,513.72,513.6,513.6,8828.0
15:15,513.62,513.72,513.61,513.64,10773.0
15:16,513.91,513.93,513.69,513.69,15031.0
15:17,513.94,513.98,513.88,513.93,8585.0
15:18,514.1,514.26,513.9,513.9,19524.0
15:19,514.2,514.24,514.1,514.1,8405.0
15:20,514.1,514.22,514.1,514.2,13631.0
15:21,514.21,514.21,514.12,514.13,12102.0
15:22,514.22,514.39,514.22,514.25,13071.0
15:23,514.22,514.29,514.17,514.18,11472.0
15:24,514.24,514.27,514.14,514.21,12286.0
15:25,514.17,514.27,514.16,514.25,6133.0
15:26,514.21,514.28,514.16,514.16,9890.0
15:27,514.32,514.32,514.22,514.26,10564.0
15:28,514.2,514.31,514.14,514.28,14049.0
15:29,514.26,514.32,514.15,514.24,13920.0
15:30,513.99,514.24,513.95,514.2,16502.0
15:31,514.18,514.21,514.03,514.03,11704.0
15:32,514.0,514.22,514.0,514.22,8923.0
15:33,513.98,514.14,513.96,514.03,13651.0
15:34,513.83,513.99,513.83,513.99,10614.0
15:35,513.52,513.84,513.52,513.84,15918.0
15:36,513.31,513.6,513.28,513.56,13349.0
15:37,513.12,513.29,513.08,513.29,21460.0
15:38,512.93,513.2,512.86,513.13,29186.0
15:39,512.77,512.98,512.71,512.92,19141.0
15:40,512.73,512.75,512.54,512.75,35797.0
15:41,512.46,512.78,512.38,512.73,32901.0
15:42,512.66,512.74,512.47,512.47,22082.0
15:43,512.67,512.71,512.57,512.63,21740.0
15:44,512.71,512.82,512.65,512.69,29067.0
15:45,512.68,512.74,512.42,512.74,34289.0
15:46,512.77,512.78,512.66,512.67,15508.0
15:47,512.58,512.76,512.51,512.75,21160.0
15:48,512.59,512.67,512.5,512.58,21771.0
15:49,512.74,512.81,512.55,512.59,23663.0
15:50,512.82,512.99,512.71,512.76,37823.0
15:51,512.56,512.93,512.52,512.84,34780.0
15:52,512.47,512.7,512.4,512.5,33304.0
15:53,512.48,512.72,512.41,512.49,42937.0
15:54,511.84,512.44,511.43,512.44,99111.0
15:55,511.17,511.85,511.11,511.85,109343.0
15:56,511.87,511.91,511.14,511.14,134183.0
15:57,512.49,512.53,511.82,511.84,163007.0
15:58,512.82,512.82,512.37,512.48,209426.0
15:59,513.74,513.74,512.76,512.8,679845.0
