Time,Close,High,Low,Open,Volume
09:30,504.0,504.89,502.6,504.8,426803.0
09:31,503.26,504.1,502.7,504.0,30873.0
09:32,503.49,503.62,502.9,503.18,35964.0
09:33,503.93,504.35,503.28,503.39,28705.0
09:34,503.46,504.05,503.36,503.94,20863.0
09:35,503.53,503.61,503.12,503.4,30709.0
09:36,504.12,504.2,503.53,503.55,28539.0
09:37,503.97,504.42,503.85,504.03,21995.0
09:38,503.72,504.0,503.51,504.0,22744.0
09:39,503.65,503.84,503.46,503.76,15968.0
09:40,503.6,503.86,503.17,503.66,21637.0
09:41,504.25,504.34,503.55,503.59,32130.0
09:42,504.26,504.42,503.98,504.23,15497.0
09:43,504.58,504.58,504.07,504.29,21807.0
09:44,505.19,505.19,504.6,504.64,52794.0
09:45,504.76,505.19,504.69,505.12,28178.0
09:46,504.87,505.03,504.57,504.76,32279.0
09:47,504.9,504.95,504.65,504.8,20991.0
09:48,504.71,504.98,504.66,504.89,14319.0
09:49,504.45,504.74,504.3,504.74,33058.0
09:50,504.79,504.9,504.21,504.4,35842.0
09:51,505.0,505.01,504.8,504.8,27285.0
09:52,505.04,505.5,504.98,504.98,33099.0
09:53,504.89,505.41,504.89,505.05,21553.0
09:54,504.56,504.98,504.55,504.93,14207.0
09:55,504.37,504.68,504.3,504.54,32858.0
09:56,504.63,504.66,504.3,504.37,21200.0
09:57,504.7,504.79,504.2,504.63,27834.0
09:58,504.83,504.93,504.64,504.67,21363.0
09:59,504.67,505.02,504.63,504.89,23725.0
10:00,504.77,505.17,504.65,504.75,23209.0
10:01,504.95,504.97,504.7,504.83,13195.0
10:02,504.62,505.0,504.58,504.9,12972.0
10:03,504.38,504.87,504.26,504.62,16629.0
10:04,504.58,504.64,504.39,504.44,16265.0
10:05,504.37,504.72,504.26,504.52,22277.0
10:06,503.85,504.5,503.75,504.38,33480.0
10:07,504.22,504.23,503.85,503.87,19922.0
10:08,504.79,504.79,504.17,504.23,9603.0
10:09,505.11,505.17,504.74,504.79,13266.0
10:10,505.12,505.34,505.05,505.15,17879.0
10:11,505.18,505.18,504.78,505.18,27921.0
10:12,505.45,505.48,505.1,505.15,20396.0
10:13,505.4,505.52,505.17,505.48,12579.0
10:14,505.88,505.93,505.35,505.4,28364.0
10:15,505.53,506.2,505.51,505.92,34322.0
10:16,505.71,506.05,505.51,505.53,22549.0
10:17,505.77,505.86,505.38,505.71,13747.0
10:18,505.74,506.05,505.73,505.86,16094.0
10:19,505.61,505.75,505.33,505.68,26292.0
10:20,505.53,505.73,505.37,505.49,27975.0
10:21,505.52,505.7,505.4,505.46,13758.0
10:22,505.35,505.58,505.14,505.47,17499.0
10:23,504.96,505.32,504.88,505.32,13582.0
10:24,505.13,505.21,504.87,504.96,18914.0
10:25,505.42,505.5,505.11,505.11,19664.0
10:26,505.07,505.45,504.9,505.45,35017.0
10:27,505.15,505.17,505.0,505.04,10669.0
10:28,504.89,505.16,504.77,505.14,23660.0
10:29,504.73,504.96,504.68,504.9,19060.0
10:30,504.45,504.72,504.31,504.72,19566.0
10:31,504.77,504.82,504.4,504.46,17436.0
10:32,504.55,504.81,504.44,504.77,16870.0
10:33,504.45,504.62,504.2,504.55,34303.0
10:34,504.48,504.51,503.87,504.42,35068.0
10:35,504.5,504.79,504.37,504.42,26007.0
10:36,504.41,504.62,504.38,504.5,22555.0
10:37,504.44,504.57,504.24,504.44,17489.0
10:38,504.36,504.54,504.34,504.42,11635.0
10:39,504.12,504.43,503.99,504.39,12481.0
10:40,503.72,504.04,503.61,504.03,14405.0
10:41,503.98,503.99,503.64,503.68,20031.0
10:42,503.46,503.99,503.35,503.93,21567.0
10:43,503.46,503.73,503.39,503.39,20902.0
10:44,503.79,503.79,503.46,503.46,15681.0
10:45,503.47,503.8,503.39,503.77,20166.0
10:46,503.06,503.55,503.05,503.49,22720.0
10:47,502.98,503.26,502.95,503.07,21936.0
10:48,503.08,503.29,502.96,502.99,19629.0
10:49,503.19,503.19,502.89,503.05,19757.0
10:50,503.35,503.35,503.08,503.15,16269.0
10:51,503.24,503.37,503.13,503.31,21446.0
10:52,503.32,503.36,503.12,503.31,17433.0
10:53,503.63,503.7,503.28,503.3,16112.0
10:54,503.33,503.68,503.24,503.6,16034.0
10:55,503.12,503.47,503.09,503.39,20834.0
10:56,503.39,503.39,503.14,503.23,10037.0
10:57,503.36,503.51,503.25,503.3,12210.0
10:58,503.02,503.44,502.95,503.39,12123.0
10:59,503.07,503.1,502.91,502.96,14774.0
11:00,503.0,503.19,502.95,503.0,15235.0
11:01,503.31,503.31,502.97,503.04,19968.0
11:02,503.32,503.41,503.22,503.26,17090.0
11:03,503.17,503.41,503.17,503.32,20024.0
11:04,503.1,503.21,502.99,503.2,16818.0
11:05,502.9,503.25,502.9,503.07,37547.0
11:06,502.62,502.92,502.51,502.87,17598.0
11:07,502.85,502.94,502.55,502.61,14981.0
11:08,502.91,502.92,502.64,502.83,20246.0
11:09,502.86,503.02,502.85,502.85,21743.0
11:10,503.04,503.07,502.84,502.87,10841.0
11:11,502.95,503.22,502.92,503.07,11026.0
11:12,502.7,503.0,502.67,502.9,13070.0
11:13,502.48,502.83,502.35,502.69,18352.0
11:14,502.6,502.64,502.5,502.56,12319.0
11:15,502.7,502.76,502.53,502.64,10071.0
11:16,502.57,502.85,502.52,502.7,28352.0
11:17,502.59,502.8,502.54,502.57,10860.0
11:18,503.02,503.02,502.62,502.62,16496.0
11:19,503.46,503.46,503.02,503.02,17722.0
11:20,503.63,503.77,503.23,503.45,20666.0
11:21,503.86,503.9,503.6,503.63,14718.0
11:22,504.13,504.18,503.71,503.86,24470.0
11:23,504.0,504.14,503.98,504.08,13548.0
11:24,504.05,504.28,503.99,504.03,17883.0
11:25,504.0,504.15,503.97,504.07,21258.0
11:26,503.86,504.14,503.8,504.01,16644.0
11:27,503.57,503.9,503.57,503.9,14989.0
11:28,503.74,503.88,503.57,503.57,15063.0
11:29,503.45,503.73,503.31,503.73,13853.0
11:30,503.27,503.48,502.95,503.45,26158.0
11:31,503.7,503.74,503.24,503.31,12734.0
11:32,503.59,503.7,503.37,503.67,12280.0
11:33,503.85,503.85,503.45,503.58,7902.0
11:34,503.88,503.95,503.62,503.79,13992.0
11:35,503.7,504.08,503.7,503.88,9359.0
11:36,503.88,504.0,503.7,503.7,8955.0
11:37,503.67,503.94,503.6,503.89,13968.0
11:38,503.55,503.74,503.46,503.74,9995.0
11:39,503.5,503.57,503.37,503.55,7421.0
11:40,503.26,503.56,503.21,503.5,15534.0
11:41,503.48,503.54,503.27,503.32,8873.0
11:42,503.46,503.54,503.41,503.48,9447.0
11:43,503.4,503.67,503.4,503.53,5803.0
11:44,503.4,503.49,503.29,503.49,8783.0
11:45,503.26,503.42,503.24,503.39,8365.0
11:46,503.36,503.44,503.2,503.22,5556.0
11:47,503.49,503.61,503.16,503.36,12301.0
11:48,503.46,503.59,503.43,503.59,4728.0
11:49,503.61,503.69,503.43,503.47,6753.0
11:50,503.49,503.79,503.43,503.6,10495.0
11:51,503.78,503.79,503.58,503.6,6742.0
11:52,503.63,503.74,503.54,503.71,8641.0
11:53,503.79,503.84,503.51,503.58,10184.0
11:54,503.97,504.05,503.74,503.83,9701.0
11:55,503.88,504.19,503.88,503.97,9069.0
11:56,503.95,504.01,503.82,503.87,9691.0
11:57,504.06,504.06,503.87,503.93,6182.0
11:58,504.02,504.3,504.02,504.06,9290.0
11:59,504.17,504.31,504.02,504.08,7668.0
12:00,504.4,504.4,504.06,504.12,9114.0
12:01,504.55,504.55,504.28,504.35,11605.0
12:02,504.31,504.61,504.28,504.54,14554.0
12:03,504.47,504.57,504.29,504.29,10135.0
12:04,504.43,504.52,504.4,504.49,8584.0
12:05,504.92,504.93,504.46,504.46,16119.0
12:06,504.79,505.07,504.72,504.92,14866.0
12:07,504.69,504.79,504.6,504.71,9460.0
12:08,504.44,504.79,504.44,504.76,8651.0
12:09,504.48,504.66,504.41,504.49,11371.0
12:10,504.35,504.64,504.29,504.5,12359.0
12:11,504.21,504.35,504.11,504.35,10757.0
12:12,504.52,504.52,504.2,504.25,7382.0
12:13,504.76,504.85,504.48,504.54,12085.0
12:14,505.11,505.16,504.76,504.81,50602.0
12:15,505.38,505.39,505.05,505.05,15625.0
12:16,505.33,505.44,505.17,505.36,15760.0
12:17,505.34,505.43,505.31,505.37,7898.0
12:18,505.2,505.37,505.13,505.34,12239.0
12:19,505.17,505.31,505.11,505.16,11193.0
12:20,505.33,505.33,505.12,505.16,7612.0
12:21,505.08,505.35,505.08,505.33,12824.0
12:22,505.08,505.19,505.01,505.11,9689.0
12:23,504.92,505.01,504.81,505.01,14076.0
12:24,505.0,505.09,504.9,504.95,11228.0
12:25,504.77,505.06,504.77,505.06,12395.0
12:26,504.69,504.9,504.61,504.69,22598.0
12:27,504.42,504.71,504.42,504.7,10871.0
12:28,504.72,504.73,504.41,504.42,6841.0
12:29,504.7,504.8,504.65,504.65,5968.0
12:30,504.62,504.78,504.56,504.7,9516.0
12:31,504.79,504.79,504.52,504.61,9896.0
12:32,504.7,504.78,504.6,504.72,11480.0
12:33,504.66,504.75,504.6,504.75,7273.0
12:34,504.68,504.75,504.61,504.66,5311.0
12:35,504.5,504.74,504.5,504.61,7777.0
12:36,504.49,504.68,504.49,504.52,13932.0
12:37,504.5,504.51,504.34,504.51,6029.0
12:38,504.55,504.63,504.47,504.47,11903.0
12:39,504.44,504.63,504.44,504.59,4985.0
12:40,504.52,504.61,504.38,504.47,18330.0
12:41,504.63,504.68,504.48,504.5,8811.0
12:42,504.76,504.84,504.64,504.64,11609.0
12:43,504.89,505.05,504.79,504.79,13513.0
12:44,505.09,505.25,504.93,504.95,12470.0
12:45,504.91,505.14,504.85,505.14,8090.0
12:46,505.12,505.18,504.91,504.92,5624.0
12:47,505.2,505.28,505.13,505.18,10179.0
12:48,505.39,505.52,505.25,505.25,10901.0
12:49,505.46,505.55,505.26,505.34,10363.0
12:50,505.4,505.6,505.27,505.5,14888.0
12:51,505.5,505.52,505.4,505.44,3762.0
12:52,505.64,505.68,505.43,505.45,8953.0
12:53,505.42,505.66,505.39,505.66,6944.0
12:54,505.11,505.46,505.06,505.4,11071.0
12:55,505.21,505.29,505.03,505.13,10710.0
12:56,505.39,505.46,505.12,505.19,10288.0
12:57,505.23,505.43,505.19,505.39,6541.0
12:58,505.14,505.23,505.14,505.23,6156.0
12:59,505.27,505.27,505.14,505.14,7988.0
13:00,505.51,505.56,505.26,505.26,9329.0
13:01,505.08,505.57,505.05,505.51,47050.0
13:02,504.75,505.17,504.75,505.11,23315.0
13:03,504.89,504.9,504.55,504.76,8510.0
13:04,504.99,505.02,504.84,504.9,17529.0
13:05,504.99,505.01,504.93,504.97,4909.0
13:06,504.98,505.04,504.95,504.99,10009.0
13:07,505.05,505.07,504.97,504.97,10181.0
13:08,505.17,505.24,505.04,505.05,6280.0
13:09,504.96,505.17,504.92,505.17,9361.0
13:10,505.02,505.08,504.96,504.98,9672.0
13:11,505.06,505.16,505.03,505.07,4411.0
13:12,505.3,505.34,505.06,505.06,8122.0
13:13,505.38,505.5,505.27,505.32,7776.0
13:14,505.36,505.41,505.28,505.41,3873.0
13:15,505.34,505.45,505.31,505.4,7681.0
13:16,505.65,505.65,505.34,505.36,6207.0
13:17,505.76,505.76,505.54,505.68,5962.0
13:18,505.94,505.97,505.69,505.71,8873.0
13:19,506.14,506.2,505.87,505.95,23934.0
13:20,506.55,506.6,506.12,506.12,21341.0
13:21,506.65,506.72,506.51,506.54,18791.0
13:22,506.48,506.79,506.48,506.69,16900.0
13:23,506.38,506.51,506.31,506.48,11751.0
13:24,506.44,506.5,506.26,506.33,13300.0
13:25,506.57,506.62,506.33,506.33,13290.0
13:26,506.58,506.73,506.48,506.57,10356.0
13:27,506.64,506.72,506.48,506.61,6621.0
13:28,506.67,506.74,506.51,506.66,13800.0
13:29,506.63,506.73,506.56,506.67,17742.0
13:30,506.89,506.96,506.61,506.7,18236.0
13:31,506.86,507.03,506.78,506.94,21776.0
13:32,507.08,507.13,506.72,506.92,13383.0
13:33,506.77,507.26,506.77,507.08,30196.0
13:34,506.96,506.99,506.77,506.77,9751.0
13:35,506.92,507.03,506.85,506.96,15720.0
13:36,506.72,506.93,506.65,506.86,20129.0
13:37,506.85,506.86,506.65,506.72,14168.0
13:38,506.85,507.0,506.76,506.85,9807.0
13:39,506.97,507.05,506.79,506.84,8740.0
13:40,506.98,507.11,506.98,507.07,7746.0
13:41,506.94,507.14,506.94,507.02,12289.0
13:42,506.65,507.02,506.65,506.98,12840.0
13:43,506.86,506.9,506.67,506.68,7434.0
13:44,506.86,506.9,506.83,506.87,10955.0
13:45,507.01,507.13,506.9,506.9,11207.0
13:46,507.11,507.27,506.96,507.02,11783.0
13:47,507.16,507.25,507.07,507.16,13606.0
13:48,507.11,507.39,507.09,507.18,11758.0
13:49,507.3,507.39,507.1,507.11,14061.0
13:50,507.3,507.45,507.22,507.28,9966.0
13:51,507.07,507.39,506.93,507.28,16370.0
13:52,507.43,507.5,507.07,507.1,14978.0
13:53,507.45,507.57,507.39,507.43,13808.0
13:54,507.72,507.73,507.44,507.45,18318.0
13:55,507.86,507.95,507.68,507.68,24701.0
13:56,507.85,508.02,507.79,507.87,18698.0
13:57,508.06,508.17,507.85,507.9,19569.0
13:58,508.25,508.25,508.02,508.12,14583.0
13:59,508.3,508.35,508.13,508.25,18774.0
14:00,508.5,508.51,508.24,508.31,37461.0
14:01,508.42,508.51,508.23,508.47,30801.0
14:02,508.31,508.53,508.3,508.48,13085.0
14:03,508.26,508.39,508.22,508.3,18512.0
14:04,508.25,508.42,508.22,508.28,14752.0
14:05,508.27,508.38,508.23,508.26,14187.0
14:06,508.15,508.46,508.12,508.3,30689.0
14:07,508.12,508.27,507.98,508.15,33296.0
14:08,508.16,508.35,508.03,508.18,12180.0
14:09,508.25,508.34,508.16,508.22,7381.0
14:10,508.5,508.5,508.23,508.27,14006.0
14:11,508.43,508.49,508.4,508.45,9870.0
14:12,508.62,508.74,508.44,508.49,22379.0
14:13,508.59,508.72,508.55,508.64,20266.0
14:14,508.64,508.72,508.46,508.62,21211.0
14:15,508.67,508.75,508.46,508.6,25122.0
14:16,508.72,508.8,508.62,508.67,18914.0
14:17,508.7,508.8,508.64,508.73,22053.0
14:18,508.73,509.0,508.7,508.73,25687.0
14:19,508.62,508.82,508.61,508.77,14454.0
14:20,508.61,508.78,508.58,508.65,12366.0
14:21,508.61,508.77,508.6,508.62,14604.0
14:22,508.82,508.89,508.58,508.58,12936.0
14:23,508.7,508.79,508.63,508.78,17017.0
14:24,508.78,508.85,508.69,508.69,14320.0
14:25,508.82,508.9,508.74,508.79,20827.0
14:26,508.91,508.99,508.77,508.84,14270.0
14:27,509.12,509.2,508.95,508.95,20638.0
14:28,509.03,509.2,508.9,509.12,31308.0
14:29,509.16,509.17,508.98,509.0,11034.0
14:30,509.15,509.28,509.11,509.15,19081.0
14:31,509.33,509.4,509.19,509.19,16729.0
14:32,509.14,509.34,509.12,509.33,14044.0
14:33,509.09,509.24,509.09,509.18,16361.0
14:34,509.14,509.27,509.08,509.08,13250.0
14:35,509.01,509.28,509.01,509.14,18053.0
14:36,509.15,509.21,509.04,509.04,9380.0
14:37,509.15,509.23,509.11,509.14,9611.0
14:38,509.16,509.17,509.05,509.15,10739.0
14:39,509.09,509.27,509.04,509.14,8059.0
14:40,508.98,509.24,508.93,509.12,12942.0
14:41,508.98,509.07,508.95,509.01,9854.0
14:42,508.94,509.1,508.89,509.0,13806.0
14:43,508.83,509.0,508.73,508.91,11838.0
14:44,508.85,508.91,508.77,508.78,9774.0
14:45,508.76,508.86,508.72,508.81,7842.0
14:46,508.85,508.91,508.64,508.76,7708.0
14:47,508.94,508.99,508.85,508.85,6449.0
14:48,509.0,509.0,508.93,508.93,13807.0
14:49,508.89,509.03,508.79,509.0,18329.0
14:50,509.12,509.26,508.91,508.91,22824.0
14:51,509.1,509.16,509.05,509.16,9019.0
14:52,509.22,509.28,509.05,509.08,10952.0
14:53,509.27,509.3,509.22,509.23,14689.0
14:54,509.23,509.3,509.2,509.27,15914.0
14:55,509.15,509.34,509.15,509.26,23829.0
14:56,509.18,509.26,509.14,509.15,12994.0
14:57,509.23,509.26,509.14,509.21,11497.0
14:58,509.02,509.27,509.0,509.16,13307.0
14:59,509.1,509.11,508.94,509.0,6748.0
15:00,509.08,509.13,508.99,509.09,12709.0
15:01,509.21,509.3,509.04,509.1,15330.0
15:02,509.14,509.25,509.11,509.21,7754.0
15:03,509.19,509.26,509.15,509.15,13832.0
15:04,509.48,509.49,509.18,509.21,20134.0
15:05,509.37,509.52,509.37,509.48,21923.0
15:06,509.32,509.52,509.29,509.39,15448.0
15:07,509.33,509.56,509.31,509.33,17846.0
15:08,509.34,509.39,509.14,509.34,11965.0
15:09,509.16,509.37,509.13,509.35,16148.0
15:10,509.27,509.32,509.18,509.18,12194.0
15:11,509.41,509.41,509.15,509.28,2207391.0
15:12,509.27,509.43,509.2,509.4,1.0
15:13,509.16,509.36,509.15,509.28,16306.0
15:14,509.14,509.28,509.14,509.18,13078.0
15:15,509.17,509.28,509.13,509.19,9207.0
15:16,508.99,509.2,508.95,509.14,13703.0
15:17,509.09,509.14,508.99,509.01,12212.0
15:18,509.02,509.1,508.98,509.05,12989.0
15:19,508.88,509.03,508.78,508.99,15541.0
15:20,508.83,508.94,508.76,508.89,21870.0
15:21,508.73,508.87,508.69,508.83,15208.0
15:22,508.81,508.83,508.67,508.73,20822.0
15:23,508.82,508.92,508.8,508.8,12495.0
15:24,509.0,509.01,508.84,508.84,13710.0
15:25,509.05,509.17,508.95,508.98,21360.0
15:26,508.97,509.23,508.97,509.09,12391.0
15:27,509.13,509.2,508.9,508.96,12206.0
15:28,508.92,509.12,508.89,509.12,10106.0
15:29,508.92,508.99,508.89,508.96,62872.0
15:30,508.92,508.98,508.82,508.91,17178.0
15:31,509.11,509.11,508.87,508.9,19293.0
15:32,509.13,509.17,509.08,509.12,13836.0
15:33,509.16,509.25,509.13,509.14,15934.0
15:34,509.02,509.2,509.01,509.17,17162.0
15:35,509.06,509.09,508.93,509.03,20511.0
15:36,508.97,509.06,508.9,509.02,15089.0
15:37,508.91,509.05,508.89,509.0,12897.0
15:38,508.74,508.92,508.6,508.92,31090.0
15:39,508.84,508.92,508.55,508.76,21075.0
15:40,509.02,509.06,508.7,508.85,19159.0
15:41,509.09,509.14,508.98,509.04,17028.0
15:42,509.11,509.17,508.96,509.12,13155.0
15:43,509.06,509.13,509.01,509.07,14856.0
15:44,509.19,509.2,509.03,509.04,19596.0
15:45,509.19,509.29,509.16,509.17,2476975.0
15:46,509.01,509.24,509.0,509.2,1.0
15:47,509.09,509.22,509.04,509.04,15169.0
15:48,509.11,509.2,509.04,509.12,20544.0
15:49,509.15,509.27,509.08,509.15,19398.0
15:50,509.53,509.57,509.15,509.18,47939.0
15:51,509.21,509.6,509.19,509.55,38424.0
15:52,509.35,509.38,509.17,509.22,28542.0
15:53,509.23,509.58,509.18,509.35,29339.0
15:54,509.08,509.21,508.75,509.13,51197.0
15:55,508.84,509.07,508.03,509.07,137540.0
15:56,508.84,509.05,508.73,508.84,91949.0
15:57,508.8,508.86,508.5,508.76,103514.0
15:58,508.7,508.9,508.62,508.81,175447.0
15:59,508.82,509.0,508.52,508.67,398412.0
