Time,Close,High,Low,Open,Volume
09:30,489.26,490.3,489.04,490.1,602851.0
09:31,489.7,489.92,488.99,489.35,72827.0
09:32,489.09,489.84,488.95,489.57,85210.0
09:33,490.12,490.13,488.98,489.01,72563.0
09:34,491.01,491.01,489.85,490.12,56043.0
09:35,491.51,492.0,491.0,491.1,58173.0
09:36,490.6,491.61,490.55,491.52,56159.0
09:37,491.31,491.57,490.49,490.57,45190.0
09:38,490.99,491.61,490.99,491.38,46972.0
09:39,491.36,491.4,490.63,491.0,40016.0
09:40,490.86,491.4,490.79,491.35,47169.0
09:41,490.92,491.41,490.46,490.79,73666.0
09:42,491.84,491.84,490.92,490.92,38369.0
09:43,492.36,492.52,491.73,491.9,53534.0
09:44,493.67,493.71,492.35,492.35,61931.0
09:45,493.66,493.85,493.39,493.64,60439.0
09:46,493.27,493.64,492.85,493.64,44676.0
09:47,492.98,493.63,492.81,493.35,44542.0
09:48,492.6,493.07,492.25,493.07,44388.0
09:49,492.91,493.13,492.47,492.62,39872.0
09:50,492.3,493.07,492.25,492.94,34335.0
09:51,492.52,492.55,492.05,492.3,20973.0
09:52,492.19,492.84,492.12,492.52,25575.0
09:53,492.9,493.13,492.17,492.17,29160.0
09:54,493.22,493.26,492.57,492.87,48697.0
09:55,493.36,493.5,492.75,493.24,44575.0
09:56,494.43,494.52,493.33,493.42,50155.0
09:57,494.42,494.65,494.21,494.39,38585.0
09:58,494.62,494.76,494.13,494.38,34399.0
09:59,494.67,494.87,494.47,494.61,49219.0
10:00,494.7,494.97,494.17,494.73,31777.0
10:01,494.21,494.85,494.02,494.69,40674.0
10:02,494.33,494.64,494.29,494.29,28126.0
10:03,494.01,494.58,493.79,494.39,45239.0
10:04,494.36,494.37,493.97,494.04,30795.0
10:05,494.35,494.53,494.05,494.36,30926.0
10:06,494.58,494.91,494.31,494.49,27190.0
10:07,494.77,494.87,494.56,494.56,28425.0
10:08,493.64,495.0,493.62,494.8,64560.0
10:09,494.32,494.39,493.67,493.69,33534.0
10:10,493.92,494.25,493.46,494.21,49218.0
10:11,494.98,495.09,493.93,493.94,41930.0
10:12,494.63,495.19,494.51,495.02,36662.0
10:13,494.14,494.58,494.08,494.58,28209.0
10:14,494.29,494.43,494.02,494.08,29554.0
10:15,494.88,494.94,494.33,494.39,23408.0
10:16,494.92,494.96,494.72,494.89,22764.0
10:17,494.58,494.96,494.39,494.92,27808.0
10:18,494.78,494.88,494.44,494.63,23317.0
10:19,494.55,494.78,494.36,494.74,20607.0
10:20,494.48,494.71,494.33,494.54,33921.0
10:21,495.06,495.07,494.35,494.49,26915.0
10:22,494.44,495.13,494.4,495.06,26705.0
10:23,494.2,494.55,494.04,494.44,38690.0
10:24,494.42,494.58,494.23,494.23,25968.0
10:25,494.27,494.64,494.26,494.39,42407.0
10:26,494.7,494.73,494.15,494.27,31545.0
10:27,494.8,495.02,494.58,494.68,31502.0
10:28,494.66,494.84,494.49,494.8,33936.0
10:29,494.7,494.85,494.54,494.63,36592.0
10:30,494.2,494.85,494.09,494.68,33573.0
10:31,494.06,494.22,493.93,494.12,27083.0
10:32,493.89,494.21,493.61,494.08,24940.0
10:33,493.73,494.16,493.65,493.87,18273.0
10:34,493.2,493.78,493.13,493.75,35804.0
10:35,493.3,493.3,492.96,493.2,53620.0
10:36,493.42,493.6,493.23,493.32,44211.0
10:37,493.75,493.93,493.46,493.46,29829.0
10:38,494.02,494.02,493.67,493.81,15756.0
10:39,493.7,493.98,493.61,493.98,20617.0
10:40,493.16,493.7,493.14,493.68,20171.0
10:41,492.95,493.23,492.9,493.1,18562.0
10:42,492.52,492.98,492.45,492.98,23194.0
10:43,492.94,492.97,492.47,492.58,30830.0
10:44,492.87,493.06,492.77,492.92,19478.0
10:45,492.27,492.88,492.25,492.88,32725.0
10:46,492.26,492.31,492.09,492.25,36596.0
10:47,492.15,492.27,492.01,492.27,22606.0
10:48,491.89,492.14,491.81,492.12,30440.0
10:49,491.66,491.95,491.6,491.85,17070.0
10:50,490.93,491.68,490.93,491.62,48984.0
10:51,490.89,491.25,490.79,490.91,32758.0
10:52,490.81,491.18,490.81,490.9,25188.0
10:53,490.2,490.8,490.08,490.8,42013.0
10:54,490.2,490.38,489.88,490.12,43664.0
10:55,489.61,490.22,489.61,490.16,25364.0
10:56,488.77,489.72,488.75,489.54,60401.0
10:57,488.37,488.77,488.3,488.77,42306.0
10:58,488.55,488.76,488.02,488.33,46229.0
10:59,488.25,488.52,487.83,488.52,52469.0
11:00,488.17,488.41,487.93,488.23,73948.0
11:01,488.99,489.04,488.0,488.11,46431.0
11:02,489.44,489.52,488.65,489.01,67540.0
11:03,489.11,489.54,488.83,489.48,32020.0
11:04,488.92,489.28,488.84,489.12,19695.0
11:05,488.39,488.9,488.36,488.88,30083.0
11:06,488.51,488.69,488.09,488.38,40719.0
11:07,489.18,489.2,488.27,488.5,25627.0
11:08,489.02,489.17,488.8,489.09,22510.0
11:09,488.85,489.1,488.76,489.02,17678.0
11:10,488.89,488.89,488.58,488.83,19869.0
11:11,488.91,489.04,488.6,488.86,24729.0
11:12,488.69,488.8,488.33,488.79,30124.0
11:13,488.49,488.82,488.29,488.64,20565.0
11:14,488.71,488.76,488.32,488.49,14769.0
11:15,488.57,488.98,488.52,488.61,25530.0
11:16,488.71,488.78,488.45,488.57,13763.0
11:17,488.62,488.87,488.31,488.59,21972.0
11:18,488.38,488.71,488.37,488.58,12497.0
11:19,488.43,488.56,488.2,488.39,14684.0
11:20,488.85,488.93,488.38,488.43,24022.0
11:21,489.34,489.34,488.8,488.81,18816.0
11:22,489.12,489.4,489.09,489.31,21278.0
11:23,488.61,489.12,488.5,489.12,25433.0
11:24,488.41,488.77,488.34,488.58,21923.0
11:25,488.69,488.81,488.23,488.42,24311.0
11:26,489.12,489.13,488.57,488.7,19672.0
11:27,489.31,489.44,488.99,489.09,23095.0
11:28,489.48,489.73,489.26,489.26,24873.0
11:29,489.2,489.51,489.08,489.48,27484.0
11:30,489.41,489.61,489.0,489.11,21391.0
11:31,489.04,489.44,488.97,489.44,16200.0
11:32,488.86,489.07,488.84,489.04,15944.0
11:33,488.84,488.97,488.68,488.86,12618.0
11:34,489.02,489.21,488.84,488.85,19650.0
11:35,488.64,489.01,488.58,489.01,17216.0
11:36,488.55,488.85,488.33,488.73,17859.0
11:37,488.6,488.79,488.36,488.57,11351.0
11:38,488.74,488.91,488.54,488.54,12660.0
11:39,488.57,488.92,488.48,488.74,13498.0
11:40,488.75,488.78,488.44,488.56,22639.0
11:41,488.77,488.91,488.58,488.77,28826.0
11:42,488.84,489.04,488.65,488.88,20065.0
11:43,488.82,488.9,488.6,488.84,14748.0
11:44,488.83,489.08,488.8,488.92,15847.0
11:45,488.67,488.89,488.66,488.85,10383.0
11:46,489.0,489.06,488.59,488.66,20517.0
11:47,488.22,489.05,488.18,488.98,59800.0
11:48,487.76,488.26,487.73,488.26,32688.0
11:49,488.28,488.28,487.63,487.78,22922.0
11:50,488.13,488.35,488.02,488.23,12996.0
11:51,488.19,488.32,488.0,488.11,24453.0
11:52,488.27,488.36,487.99,488.18,21789.0
11:53,488.27,488.48,488.23,488.29,19577.0
11:54,488.32,488.35,487.93,488.29,14438.0
11:55,488.44,488.44,488.15,488.32,9424.0
11:56,488.63,488.78,488.42,488.42,20959.0
11:57,488.45,488.66,488.42,488.66,18067.0
11:58,488.42,488.6,488.28,488.39,15493.0
11:59,488.85,488.92,488.37,488.38,17267.0
12:00,488.93,489.14,488.7,488.8,21501.0
12:01,488.85,489.16,488.64,488.9,35130.0
12:02,488.71,488.89,488.47,488.86,64199.0
12:03,488.18,488.68,488.11,488.68,21279.0
12:04,487.75,488.19,487.65,488.19,34865.0
12:05,487.44,487.81,487.31,487.74,33116.0
12:06,487.99,488.02,487.4,487.48,20026.0
12:07,487.71,487.99,487.68,487.99,22323.0
12:08,487.56,487.87,487.3,487.68,32239.0
12:09,487.25,487.62,487.15,487.56,30643.0
12:10,487.46,487.5,487.18,487.21,31805.0
12:11,487.1,487.46,487.03,487.42,35327.0
12:12,486.71,487.12,486.7,487.11,44585.0
12:13,486.56,486.8,486.43,486.71,54365.0
12:14,486.79,486.85,486.44,486.59,37286.0
12:15,487.5,487.64,486.79,486.8,32425.0
12:16,487.41,487.5,487.19,487.47,11590.0
12:17,487.28,487.48,487.13,487.45,29537.0
12:18,487.25,487.38,487.19,487.23,19682.0
12:19,487.19,487.5,487.1,487.29,24758.0
12:20,487.05,487.2,486.91,487.2,16107.0
12:21,487.3,487.5,486.97,487.05,21845.0
12:22,486.92,487.41,486.79,487.37,26533.0
12:23,487.35,487.39,486.92,486.93,21635.0
12:24,487.11,487.55,487.07,487.33,31852.0
12:25,486.83,487.2,486.78,487.12,19318.0
12:26,486.27,486.86,486.12,486.83,27331.0
12:27,486.62,486.72,486.22,486.29,29264.0
12:28,487.34,487.37,486.6,486.61,22996.0
12:29,487.37,487.4,487.1,487.31,21197.0
12:30,487.12,487.4,486.81,487.37,22753.0
12:31,487.25,487.25,486.88,487.12,20337.0
12:32,486.51,487.36,486.39,487.2,20463.0
12:33,485.93,486.52,485.74,486.52,58286.0
12:34,485.7,485.94,485.61,485.89,28875.0
12:35,485.35,485.8,485.29,485.71,30181.0
12:36,485.0,485.47,484.7,485.36,94384.0
12:37,484.77,485.1,484.64,485.03,61577.0
12:38,485.02,485.11,484.7,484.71,43865.0
12:39,484.79,484.96,484.57,484.96,25397.0
12:40,484.57,484.93,484.48,484.72,36867.0
12:41,485.08,485.2,484.36,484.6,56027.0
12:42,485.43,485.64,485.06,485.08,31296.0
12:43,485.19,485.74,485.15,485.43,36932.0
12:44,485.09,485.47,484.98,485.19,27631.0
12:45,484.3,485.1,484.26,485.05,61419.0
12:46,485.13,485.17,484.2,484.3,33983.0
12:47,485.58,485.67,485.02,485.11,15763.0
12:48,485.26,485.57,485.15,485.55,15803.0
12:49,485.6,485.7,485.3,485.3,19113.0
12:50,486.02,486.04,485.53,485.61,34223.0
12:51,486.21,486.27,485.85,486.01,27029.0
12:52,486.49,486.53,486.06,486.21,40744.0
12:53,486.32,486.68,486.25,486.49,29744.0
12:54,486.28,486.49,486.21,486.39,24046.0
12:55,486.08,486.56,485.92,486.29,33053.0
12:56,486.12,486.37,485.98,486.11,32468.0
12:57,486.02,486.33,485.95,486.16,15911.0
12:58,486.06,486.11,485.86,485.99,31586.0
12:59,485.76,486.15,485.74,486.08,21795.0
13:00,485.7,485.74,485.23,485.72,48109.0
13:01,485.71,485.82,485.6,485.74,10681.0
13:02,486.01,486.05,485.59,485.71,18740.0
13:03,485.75,486.08,485.69,485.96,29993.0
13:04,486.32,486.37,485.79,485.81,15455.0
13:05,486.06,486.43,486.05,486.33,17030.0
13:06,486.21,486.52,486.01,486.06,15885.0
13:07,486.51,486.54,485.98,486.23,16644.0
13:08,486.75,486.76,486.37,486.51,21580.0
13:09,486.97,487.11,486.73,486.78,19826.0
13:10,487.08,487.2,486.8,487.04,19360.0
13:11,487.33,487.33,486.9,487.05,25134.0
13:12,487.21,487.34,487.04,487.3,13273.0
13:13,487.05,487.37,487.01,487.19,27643.0
13:14,486.98,487.11,486.85,487.05,29371.0
13:15,486.67,487.03,486.62,487.0,16153.0
13:16,486.67,486.8,486.57,486.71,16618.0
13:17,486.38,486.8,486.35,486.71,15707.0
13:18,486.23,486.38,486.05,486.38,21265.0
13:19,486.18,486.34,486.0,486.26,30906.0
13:20,486.18,486.3,485.88,486.12,34865.0
13:21,486.33,486.44,486.16,486.21,20140.0
13:22,486.57,486.58,486.3,486.31,17892.0
13:23,486.61,486.79,486.49,486.59,13987.0
13:24,486.7,486.74,486.48,486.57,14288.0
13:25,486.76,486.86,486.68,486.69,10104.0
13:26,486.93,486.98,486.62,486.74,28481.0
13:27,486.33,486.98,486.27,486.98,10622.0
13:28,486.36,486.57,486.23,486.39,12812.0
13:29,486.2,486.44,486.11,486.33,12766.0
13:30,486.38,486.53,486.07,486.15,15645.0
13:31,486.58,486.64,486.23,486.38,15318.0
13:32,486.25,486.65,486.25,486.6,14712.0
13:33,486.27,486.4,486.14,486.3,18808.0
13:34,486.49,486.59,486.2,486.26,18620.0
13:35,486.64,486.69,486.39,486.52,22274.0
13:36,486.92,487.03,486.59,486.68,14797.0
13:37,486.86,487.13,486.75,486.84,45702.0
13:38,486.81,487.32,486.69,486.85,45191.0
13:39,486.68,486.83,486.31,486.8,12978.0
13:40,486.46,486.73,486.24,486.68,12947.0
13:41,486.31,486.66,486.28,486.48,14903.0
13:42,486.09,486.44,486.06,486.3,22964.0
13:43,485.71,486.21,485.6,486.09,15435.0
13:44,485.76,485.84,485.63,485.7,15384.0
13:45,485.56,485.75,485.48,485.74,27889.0
13:46,485.36,485.7,485.35,485.65,40108.0
13:47,485.54,485.66,485.38,485.4,46644.0
13:48,485.43,485.55,485.39,485.54,11130.0
13:49,485.69,485.8,485.28,485.43,38696.0
13:50,485.85,486.0,485.68,485.68,36046.0
13:51,485.9,486.0,485.63,485.82,32930.0
13:52,485.79,486.0,485.74,485.92,21191.0
13:53,485.7,485.91,485.52,485.8,24590.0
13:54,485.88,486.0,485.63,485.65,31087.0
13:55,485.89,486.0,485.77,485.86,21930.0
13:56,486.21,486.21,485.81,485.85,25902.0
13:57,486.2,486.38,486.15,486.2,11226.0
13:58,486.16,486.38,486.02,486.11,10406.0
13:59,486.19,486.24,486.06,486.16,14727.0
14:00,485.57,486.27,485.17,486.22,24808.0
14:01,485.77,485.77,485.47,485.57,23513.0
14:02,485.56,485.86,485.56,485.75,13746.0
14:03,485.46,485.65,485.37,485.6,12772.0
14:04,485.65,485.69,485.22,485.49,15192.0
14:05,485.72,485.81,485.47,485.64,15059.0
14:06,485.68,485.96,485.68,485.77,19652.0
14:07,485.74,485.92,485.67,485.73,11064.0
14:08,485.87,486.0,485.7,485.74,23498.0
14:09,485.86,486.0,485.68,485.9,11814.0
14:10,485.5,485.93,485.47,485.84,13491.0
14:11,485.43,485.69,485.41,485.61,25185.0
14:12,485.47,485.68,485.4,485.42,9543.0
14:13,485.36,485.73,485.32,485.54,17234.0
14:14,485.77,485.78,485.33,485.35,9356.0
14:15,485.36,485.93,485.11,485.83,24692.0
14:16,485.25,485.4,485.18,485.36,9860.0
14:17,485.3,485.3,485.05,485.23,20038.0
14:18,485.58,485.7,485.36,485.36,20860.0
14:19,485.66,485.78,485.46,485.54,14959.0
14:20,485.64,485.68,485.5,485.66,23813.0
14:21,485.67,485.76,485.51,485.68,9890.0
14:22,485.39,485.61,485.37,485.61,21170.0
14:23,485.22,485.42,485.01,485.37,15361.0
14:24,485.3,485.37,485.22,485.32,21496.0
14:25,484.81,485.34,484.81,485.3,45516.0
14:26,484.46,484.89,484.37,484.87,22629.0
14:27,484.46,484.65,484.35,484.5,15285.0
14:28,484.46,484.53,484.35,484.46,17114.0
14:29,484.34,484.56,484.28,484.48,19381.0
14:30,484.77,484.83,484.05,484.32,44070.0
14:31,484.39,484.72,484.13,484.72,33608.0
14:32,484.23,484.43,484.2,484.38,17380.0
14:33,484.21,484.36,484.06,484.29,13527.0
14:34,484.09,484.26,484.09,484.2,21959.0
14:35,484.36,484.47,484.16,484.2,22717.0
14:36,484.33,484.4,484.16,484.38,19376.0
14:37,483.86,484.33,483.8,484.33,59874.0
14:38,483.28,483.89,483.28,483.86,48934.0
14:39,483.58,483.6,483.26,483.32,26141.0
14:40,483.31,483.62,483.27,483.55,29833.0
14:41,483.52,483.56,482.83,483.3,84011.0
14:42,483.23,483.6,483.0,483.52,35046.0
14:43,483.42,483.43,483.26,483.29,22014.0
14:44,483.56,483.56,483.24,483.39,18269.0
14:45,483.63,483.78,483.54,483.55,23772.0
14:46,483.33,483.61,483.19,483.58,27594.0
14:47,483.27,483.59,483.26,483.33,33506.0
14:48,483.54,483.55,483.34,483.39,16282.0
14:49,483.8,483.9,483.46,483.54,23916.0
14:50,483.95,484.04,483.74,483.78,22587.0
14:51,484.62,484.69,483.95,483.99,27469.0
14:52,484.77,484.94,484.52,484.58,26368.0
14:53,484.96,484.98,484.79,484.82,22233.0
14:54,485.16,485.26,484.93,484.93,20273.0
14:55,485.46,485.66,485.12,485.14,37083.0
14:56,485.52,485.52,485.22,485.48,25138.0
14:57,485.03,485.56,484.91,485.54,17808.0
14:58,484.68,485.19,484.65,485.07,19561.0
14:59,485.09,485.18,484.64,484.65,26491.0
15:00,485.27,485.42,485.07,485.07,23612.0
15:01,485.34,485.5,485.25,485.3,14101.0
15:02,485.12,485.35,484.96,485.35,14826.0
15:03,485.2,485.29,484.96,485.09,14844.0
15:04,485.32,485.4,485.16,485.16,16096.0
15:05,485.37,485.45,485.18,485.31,21655.0
15:06,485.56,485.56,485.2,485.37,25431.0
15:07,485.41,485.6,485.28,485.53,16277.0
15:08,485.33,485.5,485.23,485.42,22987.0
15:09,485.39,485.48,485.26,485.36,23239.0
15:10,485.52,485.62,485.32,485.39,15335.0
15:11,485.77,485.87,485.52,485.52,30306.0
15:12,485.85,485.88,485.7,485.77,20264.0
15:13,485.89,485.89,485.7,485.87,21282.0
15:14,486.07,486.07,485.82,485.9,15727.0
15:15,486.41,486.52,486.09,486.09,41754.0
15:16,487.01,487.05,486.43,486.44,42516.0
15:17,486.63,487.07,486.61,486.99,38464.0
15:18,487.22,487.23,486.5,486.61,29013.0
15:19,487.54,487.64,487.2,487.23,27925.0
15:20,487.42,487.85,487.39,487.54,33086.0
15:21,487.55,487.82,487.42,487.47,21901.0
15:22,487.6,487.71,487.46,487.55,27373.0
15:23,487.08,487.58,487.05,487.54,34329.0
15:24,487.44,487.53,486.95,487.08,25824.0
15:25,487.26,487.46,487.25,487.4,14904.0
15:26,487.29,487.36,487.2,487.24,24249.0
15:27,487.42,487.54,487.2,487.27,29357.0
15:28,487.65,487.74,487.41,487.41,28086.0
15:29,487.53,487.67,487.36,487.62,31650.0
15:30,487.63,487.71,487.48,487.51,32028.0
15:31,487.28,487.66,487.19,487.65,32369.0
15:32,487.49,487.59,487.16,487.24,19263.0
15:33,487.7,487.73,487.38,487.46,25940.0
15:34,487.75,487.8,487.6,487.67,21374.0
15:35,487.82,487.91,487.67,487.74,29779.0
15:36,487.93,488.1,487.75,487.83,20321.0
15:37,488.37,488.39,487.76,487.87,19662.0
15:38,488.39,488.63,488.35,488.36,35231.0
15:39,487.94,488.63,487.87,488.41,75541.0
15:40,487.69,488.03,487.6,487.93,35255.0
15:41,487.65,487.8,487.49,487.71,22394.0
15:42,487.64,487.86,487.57,487.65,24030.0
15:43,487.67,487.8,487.57,487.65,25516.0
15:44,487.85,487.89,487.61,487.69,42348.0
15:45,487.05,487.86,487.04,487.86,34357.0
15:46,486.82,487.05,486.7,487.01,51013.0
15:47,486.76,486.91,486.43,486.85,44853.0
15:48,486.95,487.02,486.67,486.76,28960.0
15:49,485.97,486.92,485.9,486.92,74664.0
15:50,486.86,487.1,485.77,485.97,81693.0
15:51,486.82,486.95,486.63,486.87,51728.0
15:52,487.16,487.2,486.75,486.83,45746.0
15:53,487.48,487.55,487.0,487.19,55051.0
15:54,487.03,487.63,486.71,487.48,79475.0
15:55,487.08,487.32,486.97,487.04,87934.0
15:56,486.89,487.1,486.64,487.09,91495.0
15:57,486.94,487.04,486.45,486.87,152983.0
15:58,486.95,487.14,486.76,486.93,189539.0
15:59,486.98,487.18,486.73,486.95,341164.0
