Time,Close,High,Low,Open,Volume
09:30,312.59,316.0,312.41,315.86,394702.0
09:31,312.39,313.99,312.08,312.73,54497.0
09:32,311.88,313.59,311.5,312.37,41736.0
09:33,312.77,313.43,311.5,311.91,28047.0
09:34,312.12,313.26,312.11,312.7,20642.0
09:35,312.1,313.26,311.51,312.41,32559.0
09:36,311.06,312.5,310.87,312.4,49013.0
09:37,312.17,312.47,310.84,311.06,23302.0
09:38,313.31,313.45,312.16,312.16,31933.0
09:39,314.0,314.48,313.26,313.33,35756.0
09:40,315.39,315.51,313.63,313.76,35381.0
09:41,315.42,315.5,314.27,315.43,36029.0
09:42,313.95,315.62,313.86,315.36,25457.0
09:43,313.36,314.66,313.25,313.89,36091.0
09:44,312.51,313.48,312.0,313.28,19817.0
09:45,313.03,313.48,312.32,312.45,14484.0
09:46,312.54,313.28,312.24,312.84,20541.0
09:47,313.1,313.5,312.53,312.77,12447.0
09:48,312.98,313.65,312.59,313.02,17302.0
09:49,313.61,313.9,312.89,313.1,12747.0
09:50,314.7,315.0,313.23,313.61,16859.0
09:51,314.05,314.98,313.78,314.49,17531.0
09:52,314.4,314.4,313.6,314.05,24665.0
09:53,315.21,315.35,314.31,314.4,18501.0
09:54,314.83,315.5,314.76,315.17,38774.0
09:55,314.51,315.05,314.43,315.02,17368.0
09:56,314.54,314.98,314.3,314.36,8268.0
09:57,315.27,315.27,314.38,314.59,16182.0
09:58,315.74,315.8,314.8,315.27,24490.0
09:59,315.08,315.95,314.96,315.73,35966.0
10:00,314.16,315.17,313.6,314.91,33784.0
10:01,313.37,314.4,313.02,314.09,20422.0
10:02,313.78,313.78,312.75,313.41,15126.0
10:03,313.14,313.49,312.9,313.49,14249.0
10:04,312.99,313.61,312.78,313.16,16509.0
10:05,313.59,313.84,312.98,313.0,13615.0
10:06,313.37,313.82,313.17,313.59,8818.0
10:07,312.59,313.65,312.26,313.36,15631.0
10:08,313.07,313.44,312.56,312.72,9160.0
10:09,313.2,313.62,313.08,313.17,8387.0
10:10,312.68,313.6,312.68,313.2,12035.0
10:11,313.52,313.52,312.3,312.85,15826.0
10:12,312.93,313.81,312.45,313.42,18951.0
10:13,313.41,313.41,312.74,312.76,13259.0
10:14,313.16,313.49,312.93,313.31,9840.0
10:15,313.13,313.37,312.4,313.23,26830.0
10:16,313.33,313.6,313.2,313.39,4557.0
10:17,313.62,314.06,313.12,313.12,12816.0
10:18,313.97,314.14,313.33,313.62,3732.0
10:19,313.43,314.35,313.21,314.02,8683.0
10:20,313.76,313.76,313.2,313.41,17507.0
10:21,313.48,314.27,313.19,313.94,14875.0
10:22,313.5,313.5,312.72,313.48,24269.0
10:23,314.19,314.21,313.0,313.34,12076.0
10:24,313.95,314.2,313.65,314.19,6094.0
10:25,313.26,314.2,313.0,313.93,7415.0
10:26,314.24,314.53,313.0,313.0,9570.0
10:27,314.44,314.52,314.07,314.15,9721.0
10:28,314.6,314.65,314.02,314.32,8231.0
10:29,314.48,314.97,314.44,314.56,16268.0
10:30,314.26,314.7,314.04,314.56,11309.0
10:31,314.99,315.25,314.5,314.5,20420.0
10:32,314.49,315.1,314.1,314.99,9152.0
10:33,314.67,314.9,314.42,314.49,5477.0
10:34,314.22,314.95,313.8,314.7,8599.0
10:35,314.49,314.58,313.51,314.17,10606.0
10:36,314.32,314.67,314.16,314.52,5204.0
10:37,314.45,314.59,314.09,314.33,5297.0
10:38,314.47,314.71,314.09,314.45,12987.0
10:39,314.86,314.95,314.25,314.41,10559.0
10:40,315.33,315.5,314.85,314.86,25612.0
10:41,315.56,316.0,315.05,315.39,43216.0
10:42,315.23,315.44,314.44,315.44,14835.0
10:43,315.15,315.39,315.0,315.32,7463.0
10:44,314.36,315.18,314.3,315.17,8498.0
10:45,314.14,314.9,313.99,314.35,10581.0
10:46,315.39,315.45,313.88,314.05,9399.0
10:47,315.27,315.45,314.9,315.34,15078.0
10:48,315.04,315.37,314.95,315.19,4970.0
10:49,315.4,315.42,314.9,315.02,9231.0
10:50,315.15,315.17,314.6,315.12,7416.0
10:51,315.8,316.0,314.98,314.98,20006.0
10:52,316.07,316.14,315.6,315.84,8725.0
10:53,316.83,317.0,316.06,316.14,34570.0
10:54,317.25,317.4,316.7,316.83,21732.0
10:55,316.67,317.3,316.53,317.3,20850.0
10:56,317.92,318.1,316.6,316.81,38353.0
10:57,318.28,318.84,317.99,317.99,41770.0
10:58,318.15,318.75,317.57,318.23,26105.0
10:59,317.75,318.15,317.3,318.15,13528.0
11:00,316.68,317.84,316.65,317.59,20584.0
11:01,317.66,317.77,316.84,316.86,11414.0
11:02,317.75,317.78,317.5,317.69,13875.0
11:03,316.67,317.8,316.58,317.75,25351.0
11:04,317.1,317.55,316.83,316.83,18872.0
11:05,316.58,317.04,316.2,316.9,9199.0
11:06,315.87,316.79,315.67,316.29,10325.0
11:07,315.52,316.0,315.4,315.87,16959.0
11:08,314.82,315.81,314.82,315.54,37821.0
11:09,315.19,315.35,314.66,315.0,10260.0
11:10,314.32,315.38,314.32,315.24,17459.0
11:11,314.0,314.63,313.93,314.43,20024.0
11:12,313.58,314.07,313.29,313.91,22243.0
11:13,313.15,313.57,313.0,313.52,12324.0
11:14,312.6,313.4,312.43,313.16,25976.0
11:15,313.47,313.5,312.52,312.58,15560.0
11:16,313.0,313.5,312.9,313.31,14769.0
11:17,312.67,313.14,312.62,313.12,13530.0
11:18,313.06,313.18,312.54,312.62,10018.0
11:19,313.15,313.39,312.91,313.19,8164.0
11:20,312.82,313.26,312.68,313.26,18109.0
11:21,313.23,313.5,312.87,312.96,8443.0
11:22,313.17,313.31,312.92,313.3,11283.0
11:23,313.03,313.19,312.84,313.1,5047.0
11:24,313.41,313.5,312.88,313.05,7065.0
11:25,313.48,313.66,313.05,313.26,16707.0
11:26,313.85,314.09,313.4,313.47,11055.0
11:27,313.69,313.99,313.53,313.7,15491.0
11:28,313.86,314.01,313.7,313.73,8185.0
11:29,314.13,314.18,313.74,313.99,8968.0
11:30,314.2,314.46,314.0,314.12,8803.0
11:31,314.25,314.46,314.2,314.31,13615.0
11:32,314.58,314.71,314.35,314.44,10112.0
11:33,314.8,315.0,314.61,314.67,13377.0
11:34,314.64,315.08,314.62,314.82,12559.0
11:35,314.06,314.9,313.75,314.77,13664.0
11:36,314.64,314.85,314.02,314.03,6514.0
11:37,315.01,315.09,314.59,314.61,9648.0
11:38,314.7,315.11,314.66,315.02,5216.0
11:39,314.95,314.96,314.65,314.73,6997.0
11:40,314.27,314.91,314.27,314.91,3807.0
11:41,313.92,314.29,313.79,314.21,6278.0
11:42,314.38,314.57,313.97,313.99,5468.0
11:43,314.54,314.59,314.2,314.45,7310.0
11:44,314.62,314.77,314.48,314.61,4560.0
11:45,315.05,315.16,314.5,314.73,22298.0
11:46,315.39,315.48,314.87,315.02,7228.0
11:47,315.69,316.12,315.37,315.43,15922.0
11:48,316.27,316.27,315.59,315.76,14171.0
11:49,316.49,316.49,316.1,316.29,8368.0
11:50,316.59,317.04,316.4,316.54,29602.0
11:51,316.95,317.0,316.69,316.79,14506.0
11:52,317.92,318.04,316.93,316.93,18432.0
11:53,317.9,317.93,317.52,317.87,12883.0
11:54,317.97,317.97,317.5,317.89,7492.0
11:55,317.42,318.01,317.33,317.75,20761.0
11:56,317.34,317.67,317.34,317.39,7880.0
11:57,317.04,317.42,316.83,317.34,9944.0
11:58,317.32,317.37,316.7,316.86,19194.0
11:59,316.94,317.41,316.93,317.36,6687.0
12:00,316.24,317.11,316.1,317.11,7569.0
12:01,316.53,316.68,316.29,316.29,7692.0
12:02,316.29,316.84,316.29,316.53,5510.0
12:03,315.68,316.29,315.5,316.29,11166.0
12:04,315.5,315.78,315.43,315.67,5030.0
12:05,315.52,315.79,315.52,315.64,4744.0
12:06,315.16,315.84,315.12,315.65,11392.0
12:07,314.33,315.09,314.33,315.09,6010.0
12:08,313.89,314.63,313.72,314.43,9917.0
12:09,314.41,314.59,313.77,313.91,9566.0
12:10,314.71,314.8,314.23,314.53,8498.0
12:11,314.9,314.9,314.59,314.6,4538.0
12:12,315.26,315.26,314.85,314.9,6084.0
12:13,315.08,315.32,314.85,315.3,11539.0
12:14,315.19,315.31,315.01,315.09,3736.0
12:15,315.54,315.54,315.01,315.07,6994.0
12:16,315.97,315.97,315.56,315.64,7450.0
12:17,315.57,316.01,315.5,315.9,19542.0
12:18,315.86,315.86,315.48,315.51,4742.0
12:19,316.15,316.26,315.92,315.93,3579.0
12:20,316.24,316.45,316.06,316.24,6071.0
12:21,316.1,316.53,316.02,316.18,9392.0
12:22,315.83,316.2,315.66,316.13,19857.0
12:23,315.85,315.91,315.59,315.88,3087.0
12:24,316.05,316.1,315.62,315.85,7456.0
12:25,315.96,316.1,315.89,316.05,2583.0
12:26,316.17,316.45,316.02,316.02,3612.0
12:27,316.06,316.34,315.98,316.13,14379.0
12:28,316.28,316.35,316.06,316.12,4799.0
12:29,316.17,316.35,316.12,316.28,3732.0
12:30,316.57,316.7,316.23,316.23,7376.0
12:31,316.69,316.78,316.46,316.75,3040.0
12:32,316.58,316.82,316.42,316.68,6624.0
12:33,316.57,316.78,316.5,316.67,14054.0
12:34,316.9,317.0,316.64,316.68,4425.0
12:35,317.02,317.09,316.72,317.0,5704.0
12:36,316.8,316.96,316.8,316.96,3389.0
12:37,317.03,317.11,316.88,316.9,2603.0
12:38,316.82,317.1,316.75,317.02,3030.0
12:39,316.81,316.92,316.7,316.84,2418.0
12:40,316.46,316.85,316.36,316.7,6092.0
12:41,316.39,316.55,315.96,316.55,9618.0
12:42,316.32,316.39,316.14,316.39,4001.0
12:43,316.73,316.87,316.38,316.38,19867.0
12:44,316.64,316.91,316.52,316.78,4473.0
12:45,316.25,316.87,316.25,316.67,5057.0
12:46,316.38,316.43,316.06,316.43,2805.0
12:47,316.28,316.29,316.18,316.28,2803.0
12:48,315.94,316.25,315.9,316.22,4724.0
12:49,315.95,316.12,315.62,315.95,7981.0
12:50,315.69,315.94,315.62,315.89,2784.0
12:51,315.79,315.87,315.67,315.75,3276.0
12:52,316.0,316.0,315.84,315.84,2501.0
12:53,316.33,316.33,315.89,316.02,3873.0
12:54,316.38,316.4,316.07,316.23,7591.0
12:55,316.8,316.83,316.3,316.39,5734.0
12:56,316.63,316.91,316.45,316.83,9180.0
12:57,317.22,317.25,316.63,316.7,10122.0
12:58,317.02,317.25,317.01,317.18,4937.0
12:59,317.19,317.44,317.02,317.02,5001.0
13:00,316.67,317.29,316.67,317.18,9386.0
13:01,316.4,316.92,316.4,316.74,20859.0
13:02,316.94,317.0,316.34,316.34,15033.0
13:03,316.44,317.01,316.41,316.97,3718.0
13:04,316.72,316.77,316.41,316.53,2146.0
13:05,316.66,316.81,316.55,316.81,2586.0
13:06,317.05,317.2,316.82,316.83,4126.0
13:07,316.53,317.03,316.53,317.03,3353.0
13:08,316.5,316.73,316.43,316.67,2872.0
13:09,316.42,316.5,316.31,316.49,2803.0
13:10,316.4,316.48,316.27,316.4,5897.0
13:11,316.6,316.63,316.26,316.48,8058.0
13:12,316.56,316.8,316.3,316.61,4079.0
13:13,316.76,316.88,316.63,316.63,13465.0
13:14,317.14,317.27,316.74,316.76,5481.0
13:15,317.52,317.63,317.29,317.32,9096.0
13:16,317.43,317.6,317.32,317.54,4469.0
13:17,317.74,317.89,317.5,317.54,5262.0
13:18,317.98,317.98,317.68,317.8,8104.0
13:19,317.81,317.96,317.79,317.89,4115.0
13:20,317.61,317.91,317.56,317.91,4387.0
13:21,317.55,317.79,317.55,317.68,2848.0
13:22,317.8,317.91,317.63,317.63,3054.0
13:23,317.65,318.05,317.62,317.9,10967.0
13:24,317.47,317.76,317.31,317.65,22135.0
13:25,317.69,317.8,317.5,317.54,6727.0
13:26,317.77,317.77,317.6,317.65,3333.0
13:27,317.45,317.74,317.36,317.71,6952.0
13:28,317.67,317.9,317.51,317.52,7800.0
13:29,318.0,318.13,317.44,317.62,12716.0
13:30,318.3,318.5,317.76,317.91,30718.0
13:31,318.29,318.8,318.18,318.3,9463.0
13:32,318.39,318.7,318.39,318.49,8130.0
13:33,318.68,318.73,318.35,318.5,9221.0
13:34,318.49,318.76,318.45,318.76,5518.0
13:35,318.81,318.98,318.56,318.57,20691.0
13:36,319.0,319.05,318.46,318.67,17198.0
13:37,319.58,319.8,318.81,318.92,17330.0
13:38,319.64,319.76,319.38,319.6,5928.0
13:39,319.45,319.67,319.09,319.59,5302.0
13:40,319.24,319.67,319.01,319.52,7691.0
13:41,319.5,319.51,319.06,319.2,3902.0
13:42,319.52,319.69,319.31,319.47,5075.0
13:43,319.62,319.69,319.3,319.3,12089.0
13:44,319.52,319.81,319.52,319.55,11969.0
13:45,319.52,319.68,319.35,319.52,9561.0
13:46,319.79,319.95,319.5,319.5,9647.0
13:47,319.97,320.21,319.72,319.82,20223.0
13:48,319.77,319.92,319.63,319.85,6508.0
13:49,319.14,319.77,318.86,319.77,16425.0
13:50,318.89,319.07,318.7,319.02,10888.0
13:51,318.9,318.98,318.71,318.78,3315.0
13:52,318.68,319.07,318.67,318.98,6494.0
13:53,318.79,318.87,318.65,318.68,5733.0
13:54,318.1,318.79,317.99,318.79,23651.0
13:55,317.81,318.2,317.73,318.11,5896.0
13:56,317.95,318.16,317.85,317.9,4546.0
13:57,317.48,317.92,317.43,317.88,10729.0
13:58,317.77,317.82,317.49,317.52,4166.0
13:59,317.71,317.85,317.6,317.65,6040.0
14:00,318.39,318.75,317.48,317.6,17906.0
14:01,318.48,318.86,318.11,318.46,11952.0
14:02,318.07,318.6,317.79,318.39,6973.0
14:03,318.11,318.59,318.08,318.08,10502.0
14:04,318.49,318.96,318.14,318.18,14249.0
14:05,318.43,318.76,318.36,318.53,8441.0
14:06,318.31,318.58,318.23,318.4,3259.0
14:07,317.96,318.53,317.82,318.39,6477.0
14:08,318.05,318.12,317.84,317.92,5314.0
14:09,318.06,318.3,317.82,317.99,8333.0
14:10,318.6,318.6,318.11,318.19,8012.0
14:11,318.5,318.6,318.34,318.6,7491.0
14:12,318.75,318.87,318.32,318.52,18647.0
14:13,318.6,318.75,318.52,318.71,6930.0
14:14,319.12,319.18,318.69,318.69,4580.0
14:15,319.19,319.23,318.98,319.1,2251.0
14:16,319.67,319.76,319.1,319.1,11230.0
14:17,319.31,319.6,319.02,319.6,6952.0
14:18,318.9,319.34,318.86,319.26,6853.0
14:19,319.12,319.18,318.75,318.78,5693.0
14:20,319.23,319.34,318.89,319.09,29268.0
14:21,319.05,319.27,318.89,319.25,5620.0
14:22,319.12,319.12,318.88,318.96,4128.0
14:23,318.68,319.14,318.68,319.08,5352.0
14:24,319.5,319.52,318.6,318.63,1666443.0
14:25,319.48,319.7,319.34,319.52,1.0
14:26,319.55,319.64,319.42,319.44,4152.0
14:27,319.57,319.66,319.5,319.55,5379.0
14:28,319.5,319.57,319.37,319.5,12730.0
14:29,319.6,319.66,319.45,319.54,5705.0
14:30,319.54,319.73,319.54,319.61,1193.0
14:31,319.8,319.97,319.67,319.69,18314.0
14:32,319.71,319.77,319.57,319.72,2871.0
14:33,319.1,319.8,318.94,319.74,8133.0
14:34,319.34,319.45,318.98,319.0,2395.0
14:35,319.75,319.9,319.36,319.36,3209.0
14:36,319.75,320.0,319.71,319.75,9986.0
14:37,319.8,319.96,319.72,319.72,1932.0
14:38,319.71,319.9,319.64,319.9,5126.0
14:39,319.86,320.1,319.66,319.66,6029.0
14:40,319.74,319.93,319.64,319.88,6507.0
14:41,320.19,320.22,319.79,319.79,6550.0
14:42,319.77,320.13,319.73,320.11,5751.0
14:43,319.4,319.86,319.27,319.86,6839.0
14:44,319.38,319.51,319.2,319.4,3784.0
14:45,319.36,319.54,319.29,319.49,4161.0
14:46,319.67,319.67,319.39,319.47,3182.0
14:47,319.27,319.72,319.27,319.72,9737.0
14:48,318.9,319.33,318.87,319.33,4674.0
14:49,319.09,319.33,318.83,319.0,15566.0
14:50,319.38,319.41,319.04,319.08,3591.0
14:51,319.28,319.62,319.27,319.44,3631.0
14:52,319.54,319.6,319.36,319.46,5965.0
14:53,319.36,319.67,319.32,319.54,3336.0
14:54,319.57,319.68,319.36,319.36,2660.0
14:55,319.39,319.72,319.39,319.57,3999.0
14:56,319.81,319.88,319.43,319.51,3500.0
14:57,319.65,319.81,319.61,319.81,5278.0
14:58,319.8,319.82,319.57,319.65,5110.0
14:59,319.73,319.95,319.71,319.82,3708.0
15:00,319.44,319.83,319.39,319.8,6758.0
15:01,319.91,319.94,319.48,319.48,5685.0
15:02,319.73,319.9,319.73,319.81,3551.0
15:03,320.23,320.4,319.73,319.76,9818.0
15:04,320.23,320.68,320.14,320.29,19060.0
15:05,320.43,320.63,320.21,320.23,4953.0
15:06,321.31,321.35,320.19,320.19,13764.0
15:07,321.08,321.36,320.96,321.31,10237.0
15:08,321.17,321.27,320.97,320.99,6348.0
15:09,321.47,321.5,321.21,321.26,11005.0
15:10,322.39,322.48,321.43,321.43,12310.0
15:11,322.19,322.6,322.02,322.5,13281.0
15:12,322.71,322.88,322.04,322.1,10426.0
15:13,323.11,323.11,322.47,322.7,22146.0
15:14,323.31,323.44,322.92,323.05,17241.0
15:15,323.36,323.65,323.27,323.27,23658.0
15:16,323.66,323.79,322.96,323.38,12780.0
15:17,323.33,323.67,323.18,323.59,11702.0
15:18,323.33,323.41,323.04,323.28,16186.0
15:19,323.12,323.41,323.07,323.37,11627.0
15:20,323.49,323.73,323.15,323.18,9058.0
15:21,323.77,323.78,323.01,323.41,16062.0
15:22,323.75,323.9,323.6,323.82,10393.0
15:23,324.08,324.14,323.73,323.75,10970.0
15:24,323.43,324.01,323.43,324.0,8441.0
15:25,323.38,323.79,323.18,323.49,9478.0
15:26,323.63,323.71,323.26,323.26,14675.0
15:27,323.63,323.87,323.43,323.7,11290.0
15:28,323.58,323.88,323.43,323.64,13095.0
15:29,323.23,323.63,323.2,323.54,8454.0
15:30,322.11,323.2,321.77,323.15,34049.0
15:31,323.17,323.23,322.08,322.15,13318.0
15:32,322.92,323.21,322.74,323.15,8909.0
15:33,323.15,323.25,322.61,322.94,7619.0
15:34,323.08,323.54,322.93,323.15,13921.0
15:35,323.49,323.64,323.01,323.16,10012.0
15:36,323.47,323.9,323.47,323.61,7035.0
15:37,322.92,323.47,322.81,323.47,8184.0
15:38,322.83,323.08,322.56,322.92,22249.0
15:39,322.8,323.0,322.7,322.71,6354.0
15:40,323.31,323.52,322.65,322.81,16407.0
15:41,323.05,323.47,323.05,323.39,7091.0
15:42,322.44,323.17,322.32,323.11,9779.0
15:43,322.04,322.55,321.97,322.55,10002.0
15:44,321.91,322.29,321.8,322.05,15411.0
15:45,321.21,321.89,321.08,321.89,22356.0
15:46,320.09,321.32,320.08,321.21,11721.0
15:47,319.88,320.08,319.81,320.02,9523.0
15:48,319.72,320.12,319.71,319.89,19873.0
15:49,319.3,319.8,319.27,319.76,20815.0
15:50,319.82,319.98,319.23,319.45,17234.0
15:51,319.53,319.93,319.53,319.87,15318.0
15:52,319.1,319.72,319.1,319.53,20153.0
15:53,319.44,319.6,319.04,319.22,15211.0
15:54,319.32,319.75,319.08,319.47,38202.0
15:55,319.2,319.54,318.84,319.32,27318.0
15:56,319.59,319.68,319.07,319.09,19689.0
15:57,319.19,319.79,319.19,319.67,40512.0
15:58,319.23,319.28,319.07,319.21,55978.0
15:59,319.21,319.41,319.19,319.24,103368.0
