Time,Close,High,Low,Open,Volume
09:30,306.32,306.47,305.19,305.6,367844.0
09:31,305.33,307.33,304.99,306.31,358012.0
09:32,304.36,305.33,303.9,305.33,80227.0
09:33,305.93,306.36,304.33,304.5,54327.0
09:34,305.65,306.17,305.12,305.9,53633.0
09:35,304.64,305.87,304.48,305.7,78113.0
09:36,304.68,305.5,304.17,304.61,85742.0
09:37,304.7,305.11,304.3,304.92,58422.0
09:38,304.74,305.42,304.2,304.8,61665.0
09:39,305.37,305.69,304.56,304.86,49309.0
09:40,305.89,306.25,305.11,305.2,35883.0
09:41,305.81,306.34,305.61,305.89,65601.0
09:42,306.8,307.36,305.82,305.88,62027.0
09:43,307.92,307.92,306.67,306.82,98439.0
09:44,308.03,308.47,307.69,307.99,85688.0
09:45,308.3,308.54,307.87,307.87,80029.0
09:46,308.67,308.91,308.3,308.53,61522.0
09:47,307.56,308.7,307.51,308.58,102948.0
09:48,307.99,308.19,307.51,307.51,54826.0
09:49,307.87,308.28,307.32,307.97,47580.0
09:50,309.2,309.3,307.86,308.0,128005.0
09:51,308.29,310.08,308.12,309.3,244738.0
09:52,309.7,309.7,307.6,308.21,75160.0
09:53,309.17,309.89,309.16,309.61,68974.0
09:54,308.3,309.31,308.08,309.31,58648.0
09:55,308.91,309.29,308.0,308.3,88658.0
09:56,308.99,309.5,308.74,308.88,49083.0
09:57,308.18,308.88,308.1,308.88,43575.0
09:58,308.89,309.12,307.35,308.38,79526.0
09:59,308.97,309.41,308.83,309.13,58042.0
10:00,308.8,309.92,308.8,309.01,89920.0
10:01,308.8,309.33,308.8,309.03,61943.0
10:02,308.92,309.27,308.65,309.11,49548.0
10:03,308.84,309.24,308.63,308.81,48078.0
10:04,308.94,309.06,308.58,308.83,36964.0
10:05,309.84,309.96,308.67,308.8,62739.0
10:06,309.33,310.45,309.28,309.86,147024.0
10:07,309.02,309.4,308.36,309.0,37047.0
10:08,309.23,309.23,308.28,308.92,37265.0
10:09,309.12,309.31,308.81,309.23,23775.0
10:10,310.07,310.18,308.96,309.07,71128.0
10:11,310.17,310.25,309.67,310.07,87652.0
10:12,310.11,310.45,309.97,310.16,88264.0
10:13,309.67,310.66,309.54,310.11,87953.0
10:14,310.06,310.19,309.57,309.84,45004.0
10:15,310.35,310.38,309.84,310.05,28670.0
10:16,310.5,310.52,309.9,310.35,35744.0
10:17,310.62,310.7,310.32,310.38,57834.0
10:18,310.67,310.93,310.01,310.74,68749.0
10:19,311.01,311.35,310.41,310.57,125125.0
10:20,311.19,311.65,310.86,311.08,88119.0
10:21,311.59,312.01,311.08,311.16,170570.0
10:22,312.66,312.7,311.64,311.68,153582.0
10:23,312.32,313.11,312.09,312.65,149299.0
10:24,311.94,312.39,311.89,312.27,57612.0
10:25,311.82,312.16,311.57,312.16,52095.0
10:26,310.38,311.76,310.09,311.76,120893.0
10:27,310.99,310.99,309.6,310.16,81327.0
10:28,310.26,311.01,310.1,310.86,45072.0
10:29,310.75,310.85,309.66,310.15,86058.0
10:30,310.82,311.25,310.67,310.67,46423.0
10:31,310.44,311.18,310.44,310.84,43048.0
10:32,310.39,310.66,310.11,310.42,28790.0
10:33,310.18,310.69,310.05,310.48,36592.0
10:34,310.42,310.59,310.05,310.05,20059.0
10:35,310.14,310.38,309.91,310.38,27161.0
10:36,309.83,310.4,309.75,310.13,35612.0
10:37,309.61,309.86,309.35,309.84,47811.0
10:38,309.54,309.92,309.35,309.7,34692.0
10:39,309.57,309.63,309.2,309.5,50541.0
10:40,309.66,309.82,309.28,309.6,30864.0
10:41,310.15,310.32,309.43,309.75,43325.0
10:42,310.07,310.63,309.92,310.2,52365.0
10:43,310.23,310.35,309.91,310.12,19845.0
10:44,310.0,310.73,310.0,310.23,38033.0
10:45,308.97,310.24,308.97,310.01,52348.0
10:46,308.86,309.2,308.57,308.95,56511.0
10:47,308.54,309.04,308.52,308.97,32725.0
10:48,309.06,309.23,308.57,308.67,33722.0
10:49,309.09,309.2,308.86,309.05,25008.0
10:50,308.92,309.2,308.8,309.2,25373.0
10:51,309.1,309.17,308.73,308.92,24367.0
10:52,309.3,309.3,308.9,309.1,18597.0
10:53,309.0,309.23,308.85,309.22,12894.0
10:54,309.32,309.32,308.8,308.96,21019.0
10:55,308.84,309.41,308.84,309.32,24799.0
10:56,308.02,309.03,308.01,309.03,47603.0
10:57,307.04,308.37,307.04,308.23,52489.0
10:58,307.2,307.4,306.8,307.19,41744.0
10:59,307.28,307.49,307.2,307.3,22193.0
11:00,308.07,308.08,307.21,307.32,28018.0
11:01,308.18,308.66,307.77,308.08,62326.0
11:02,308.47,308.53,308.14,308.18,24786.0
11:03,308.72,308.85,308.44,308.56,22054.0
11:04,308.33,308.78,308.2,308.78,30598.0
11:05,308.33,308.77,308.23,308.38,24442.0
11:06,308.72,308.78,308.25,308.27,26231.0
11:07,309.13,309.2,308.67,308.67,38731.0
11:08,309.32,309.5,309.03,309.15,48786.0
11:09,309.17,309.38,308.95,309.35,19518.0
11:10,309.27,309.5,308.96,309.3,30277.0
11:11,309.45,309.74,309.06,309.17,21687.0
11:12,309.28,309.49,309.07,309.49,17838.0
11:13,309.18,309.34,309.05,309.15,16527.0
11:14,308.86,309.21,308.51,309.18,19523.0
11:15,308.69,308.86,308.57,308.73,18677.0
11:16,308.66,308.66,308.38,308.64,18790.0
11:17,308.57,308.7,308.39,308.58,10349.0
11:18,308.49,308.73,308.36,308.57,62482.0
11:19,308.55,308.59,308.01,308.48,94750.0
11:20,308.28,308.59,308.27,308.59,15743.0
11:21,308.25,308.43,308.22,308.38,28515.0
11:22,308.14,308.31,307.8,308.25,29986.0
11:23,307.65,308.29,307.5,308.01,39807.0
11:24,308.0,308.01,307.57,307.68,27973.0
11:25,307.77,308.1,307.58,308.0,21514.0
11:26,307.2,307.89,307.03,307.76,38362.0
11:27,306.64,307.28,306.5,307.2,37795.0
11:28,306.45,306.75,306.0,306.56,42393.0
11:29,306.85,306.97,306.31,306.5,11131.0
11:30,306.57,307.06,306.21,306.77,42601.0
11:31,306.83,306.86,306.25,306.37,20462.0
11:32,307.3,307.34,306.67,306.87,19520.0
11:33,307.29,307.53,306.98,307.17,20144.0
11:34,307.69,307.72,307.01,307.21,32958.0
11:35,307.1,307.75,306.85,307.59,25775.0
11:36,306.93,307.03,306.7,306.98,30803.0
11:37,307.28,307.4,306.79,307.0,13264.0
11:38,306.5,307.3,306.5,307.3,23602.0
11:39,306.51,306.84,306.3,306.54,26684.0
11:40,305.82,306.49,305.51,306.42,35615.0
11:41,305.8,305.9,305.18,305.62,29236.0
11:42,305.6,305.8,305.31,305.79,13679.0
11:43,305.72,305.81,305.31,305.47,36251.0
11:44,305.57,305.98,305.57,305.69,12647.0
11:45,305.43,305.7,305.31,305.59,59402.0
11:46,305.08,305.55,305.05,305.44,22944.0
11:47,305.4,305.5,305.03,305.13,19263.0
11:48,305.58,305.59,305.07,305.38,36165.0
11:49,305.51,305.75,305.19,305.57,27256.0
11:50,306.31,306.4,305.48,305.6,75944.0
11:51,306.5,306.66,305.84,306.23,21854.0
11:52,306.32,306.8,306.13,306.43,35268.0
11:53,306.16,306.42,305.97,306.21,16030.0
11:54,305.91,306.4,305.91,306.19,25400.0
11:55,305.93,306.09,305.61,305.91,20943.0
11:56,305.55,306.22,305.4,306.02,25335.0
11:57,305.87,305.93,305.39,305.5,30048.0
11:58,305.49,305.88,305.4,305.87,28119.0
11:59,305.99,305.99,305.42,305.47,19562.0
12:00,305.39,306.0,304.8,306.0,50932.0
12:01,305.36,305.68,304.8,305.27,64135.0
12:02,304.74,305.44,304.65,305.44,29186.0
12:03,304.93,305.33,304.65,304.65,19880.0
12:04,305.08,305.21,304.58,305.05,23302.0
12:05,305.25,305.4,305.0,305.21,30064.0
12:06,306.1,306.1,305.18,305.26,25389.0
12:07,305.61,306.0,305.31,306.0,12744.0
12:08,305.59,305.98,305.32,305.6,32577.0
12:09,305.55,305.74,305.43,305.59,21737.0
12:10,305.77,305.89,305.32,305.55,13935.0
12:11,305.67,305.95,305.47,305.91,14650.0
12:12,306.16,306.31,305.67,305.67,19951.0
12:13,305.82,306.18,305.8,306.09,13831.0
12:14,305.95,306.03,305.45,305.82,11351.0
12:15,305.59,306.07,305.59,305.89,11342.0
12:16,305.6,305.97,305.48,305.68,23617.0
12:17,305.07,305.46,304.81,305.42,21811.0
12:18,304.75,305.11,304.64,304.99,30508.0
12:19,304.02,304.73,303.6,304.73,144846.0
12:20,303.64,304.33,303.6,304.13,28579.0
12:21,304.26,304.6,303.57,303.64,41105.0
12:22,304.29,304.49,304.09,304.24,43059.0
12:23,304.25,304.43,304.03,304.17,25601.0
12:24,304.58,304.76,303.97,304.34,23982.0
12:25,304.23,304.74,304.07,304.6,27823.0
12:26,303.88,304.3,303.52,304.07,53144.0
12:27,303.95,304.03,303.52,303.88,28596.0
12:28,304.24,304.39,303.98,304.06,13841.0
12:29,304.35,304.75,304.2,304.2,26327.0
12:30,303.71,304.31,303.07,304.31,85636.0
12:31,303.85,303.98,303.1,303.79,38390.0
12:32,303.32,304.0,303.25,303.85,57906.0
12:33,304.17,304.2,303.1,303.38,48885.0
12:34,303.65,304.17,303.41,304.17,82853.0
12:35,304.66,304.74,303.61,303.65,49756.0
12:36,304.7,305.0,304.37,304.55,50719.0
12:37,304.61,304.86,304.49,304.7,36162.0
12:38,304.78,305.31,304.37,304.61,36779.0
12:39,304.75,305.28,304.51,305.0,37301.0
12:40,303.95,304.75,303.75,304.75,32419.0
12:41,304.95,305.18,303.94,303.99,54132.0
12:42,305.28,305.49,304.75,305.0,28483.0
12:43,305.89,306.0,305.13,305.36,23759.0
12:44,305.67,305.83,305.39,305.7,18471.0
12:45,305.03,305.67,304.88,305.67,10269.0
12:46,304.46,305.06,304.41,304.84,53511.0
12:47,305.25,305.6,304.55,304.61,28090.0
12:48,305.49,305.75,305.15,305.37,21297.0
12:49,305.7,305.9,305.38,305.6,16765.0
12:50,306.11,306.18,305.7,305.7,33076.0
12:51,306.16,306.5,305.91,306.11,27273.0
12:52,305.91,306.15,305.77,305.88,13328.0
12:53,306.58,306.6,306.0,306.0,20470.0
12:54,306.52,306.67,306.22,306.67,23384.0
12:55,307.81,307.81,306.55,306.55,59560.0
12:56,308.27,308.5,307.81,307.91,79359.0
12:57,310.21,310.25,308.34,308.34,167904.0
12:58,309.84,310.75,309.39,310.19,94400.0
12:59,309.88,310.04,309.44,309.82,47678.0
13:00,309.94,311.4,309.39,309.88,173302.0
13:01,309.09,310.23,309.09,310.23,56492.0
13:02,308.43,309.09,308.05,309.09,75217.0
13:03,307.94,308.68,307.8,308.5,37672.0
13:04,307.8,308.24,307.64,307.84,20877.0
13:05,308.18,308.44,307.8,307.89,25087.0
13:06,307.63,308.47,307.55,308.14,44282.0
13:07,316.27,316.28,307.51,307.63,792775.0
13:08,318.0,320.5,316.01,316.05,865638.0
13:09,318.8,320.41,317.41,318.0,327732.0
13:10,319.72,319.72,317.33,318.95,384575.0
13:11,318.98,321.0,318.91,319.65,515141.0
13:12,318.6,319.53,317.69,318.83,348756.0
13:13,319.8,320.4,318.43,318.7,347746.0
13:14,320.0,320.15,318.5,319.64,248377.0
13:15,319.86,320.11,318.29,320.02,252148.0
13:16,318.01,319.98,317.44,319.97,251844.0
13:17,318.1,318.66,316.8,317.82,193743.0
13:18,317.74,318.37,317.39,318.23,148065.0
13:19,316.31,318.7,316.02,317.81,176610.0
13:20,316.4,316.93,315.85,316.32,136987.0
13:21,314.98,316.32,314.11,316.3,225104.0
13:22,315.33,315.66,315.0,315.2,74474.0
13:23,315.39,315.5,314.72,315.33,86245.0
13:24,315.16,315.65,314.73,315.24,83790.0
13:25,315.06,315.4,314.59,315.16,79793.0
13:26,315.77,315.99,314.82,315.05,105654.0
13:27,316.77,317.18,315.74,315.74,127651.0
13:28,317.4,317.8,316.77,316.77,104559.0
13:29,317.31,317.87,316.4,317.45,124924.0
13:30,318.61,319.22,317.19,317.28,279912.0
13:31,317.26,319.08,316.72,318.76,171022.0
13:32,321.34,321.77,315.56,317.31,589991.0
13:33,319.79,321.77,318.01,321.26,296812.0
13:34,319.03,320.66,318.75,319.57,232973.0
13:35,320.2,320.92,318.75,319.13,178331.0
13:36,320.88,321.18,319.47,320.3,220305.0
13:37,321.75,322.0,320.83,321.0,423579.0
13:38,321.74,322.22,320.66,321.65,333562.0
13:39,320.79,322.54,320.64,321.79,280554.0
13:40,318.8,321.37,318.56,320.94,292625.0
13:41,319.4,319.48,318.31,318.86,126215.0
13:42,318.3,319.95,318.15,319.4,120599.0
13:43,318.67,318.7,317.72,318.46,124547.0
13:44,318.57,319.29,318.21,318.68,123296.0
13:45,318.11,318.8,318.05,318.76,97790.0
13:46,319.6,319.68,318.08,318.19,85922.0
13:47,320.05,320.27,318.82,319.65,124547.0
13:48,319.29,320.57,319.11,320.03,93710.0
13:49,319.05,319.73,318.81,319.11,86429.0
13:50,319.27,319.77,318.6,318.97,55223.0
13:51,319.25,319.55,318.75,319.43,79745.0
13:52,319.1,319.69,318.7,319.39,69619.0
13:53,318.42,319.39,318.28,318.93,83981.0
13:54,318.89,318.94,318.14,318.35,65097.0
13:55,319.5,320.23,318.67,318.95,166464.0
13:56,319.32,320.0,319.1,319.59,93789.0
13:57,318.96,319.6,318.66,319.45,65361.0
13:58,318.85,319.45,318.6,319.06,53105.0
13:59,318.89,319.36,318.69,318.76,48234.0
14:00,317.76,319.16,317.5,318.86,92650.0
14:01,318.21,318.21,317.5,317.79,62064.0
14:02,318.26,318.8,318.08,318.08,61718.0
14:03,318.48,318.8,318.21,318.31,41679.0
14:04,317.92,318.48,317.64,318.48,75078.0
14:05,316.56,318.25,316.23,317.88,183400.0
14:06,316.58,316.82,316.37,316.56,61438.0
14:07,316.66,317.22,316.2,316.51,75367.0
14:08,315.83,316.93,315.83,316.66,62854.0
14:09,316.84,317.0,315.84,315.92,54595.0
14:10,316.73,317.39,316.5,316.76,94966.0
14:11,316.65,317.48,316.27,316.73,102777.0
14:12,315.64,316.72,315.2,316.72,96947.0
14:13,314.88,315.92,314.6,315.5,85045.0
14:14,314.7,314.89,314.32,314.74,92552.0
14:15,314.93,315.07,314.19,314.7,79571.0
14:16,314.88,314.95,314.21,314.93,47345.0
14:17,315.09,315.19,314.5,314.78,62287.0
14:18,315.74,316.0,314.93,315.05,78223.0
14:19,314.88,315.9,314.73,315.6,102938.0
14:20,315.92,316.58,314.72,314.89,117582.0
14:21,316.26,316.49,315.13,315.92,50387.0
14:22,316.96,317.3,316.27,316.27,124821.0
14:23,317.43,317.85,316.73,316.96,90170.0
14:24,317.15,317.41,316.55,317.15,84030.0
14:25,316.19,317.17,316.15,317.0,48291.0
14:26,315.84,316.31,315.39,316.13,72120.0
14:27,315.58,315.87,315.1,315.7,40960.0
14:28,315.31,315.7,315.1,315.69,40547.0
14:29,315.34,315.59,314.89,315.31,55732.0
14:30,315.49,315.66,314.9,315.17,70135.0
14:31,315.14,315.63,314.56,315.6,46405.0
14:32,313.91,315.04,313.3,314.98,108608.0
14:33,314.58,314.63,313.77,313.98,76404.0
14:34,314.08,314.46,313.98,314.36,70740.0
14:35,316.39,316.41,313.95,314.08,84494.0
14:36,316.03,316.75,315.89,316.3,105317.0
14:37,315.3,316.23,315.0,316.13,70481.0
14:38,315.03,315.4,314.66,315.28,54402.0
14:39,314.48,315.5,314.34,315.18,47703.0
14:40,314.05,314.61,313.93,314.52,42271.0
14:41,314.36,314.53,313.25,313.91,60272.0
14:42,314.13,314.49,313.82,314.49,27664.0
14:43,314.9,315.0,313.99,313.99,38188.0
14:44,315.16,315.72,314.73,314.8,61599.0
14:45,315.47,315.59,314.94,315.16,63124.0
14:46,315.8,316.2,315.45,315.47,52720.0
14:47,315.55,316.0,315.46,315.8,39589.0
14:48,315.48,315.58,315.15,315.47,31308.0
14:49,315.28,315.59,315.14,315.34,26489.0
14:50,315.27,315.5,314.75,315.22,52010.0
14:51,315.22,315.39,314.92,315.32,38140.0
14:52,315.75,315.9,315.1,315.27,35432.0
14:53,316.47,316.66,315.87,315.9,50776.0
14:54,316.49,316.65,316.26,316.5,85178.0
14:55,316.39,316.61,316.07,316.5,45561.0
14:56,316.58,316.84,316.15,316.49,80067.0
14:57,316.39,316.73,316.17,316.45,58940.0
14:58,316.41,316.81,316.36,316.39,45650.0
14:59,316.58,316.75,316.38,316.52,41981.0
15:00,315.82,316.56,315.79,316.47,53416.0
15:01,316.18,316.6,315.77,315.86,31731.0
15:02,315.66,316.32,315.5,316.32,31311.0
15:03,315.2,315.85,315.01,315.81,35049.0
15:04,315.58,315.58,315.0,315.14,33500.0
15:05,314.97,315.88,314.88,315.66,45463.0
15:06,315.58,315.65,314.75,314.91,44074.0
15:07,315.28,315.6,314.82,315.57,29646.0
15:08,315.2,316.6,314.82,315.25,152577.0
15:09,314.78,315.19,314.72,315.18,32806.0
15:10,315.05,316.5,314.5,314.8,87031.0
15:11,314.67,315.2,314.6,315.08,40652.0
15:12,315.0,315.93,314.23,314.54,110319.0
15:13,313.48,314.58,313.3,314.56,94775.0
15:14,313.3,313.74,313.01,313.58,48874.0
15:15,312.83,313.39,312.61,313.31,74057.0
15:16,312.92,313.02,312.58,312.91,38539.0
15:17,312.52,313.16,312.28,313.0,50933.0
15:18,312.76,312.96,312.5,312.61,44183.0
15:19,312.94,312.98,312.57,312.78,37940.0
15:20,312.45,312.95,312.45,312.92,34949.0
15:21,312.3,312.57,312.01,312.52,57438.0
15:22,312.5,312.54,311.78,312.37,62061.0
15:23,312.58,312.78,312.37,312.52,49506.0
15:24,312.73,313.16,312.64,312.66,80148.0
15:25,312.76,312.99,312.68,312.73,28551.0
15:26,312.49,312.86,312.21,312.78,35222.0
15:27,312.98,313.14,312.46,312.55,46466.0
15:28,312.63,313.2,312.59,312.99,47888.0
15:29,312.92,312.98,312.53,312.68,55526.0
15:30,312.75,313.38,312.5,312.99,91341.0
15:31,312.17,312.94,312.14,312.79,66387.0
15:32,312.51,312.7,312.11,312.11,32454.0
15:33,312.28,312.55,312.01,312.51,35971.0
15:34,312.42,312.58,311.7,312.25,65422.0
15:35,312.73,312.78,312.25,312.58,39256.0
15:36,313.44,313.58,312.65,312.73,79883.0
15:37,313.29,313.63,313.05,313.47,34003.0
15:38,312.9,313.3,312.8,313.3,38450.0
15:39,312.9,312.97,312.36,312.91,29142.0
15:40,313.31,313.35,312.85,312.96,48838.0
15:41,313.12,313.36,313.0,313.22,32308.0
15:42,314.05,314.18,313.05,313.14,124623.0
15:43,313.31,314.16,313.19,314.06,40262.0
15:44,313.4,313.63,313.29,313.29,42923.0
15:45,314.08,314.21,313.45,313.5,115718.0
15:46,313.38,314.15,313.29,314.11,83580.0
15:47,313.74,313.8,313.19,313.45,58029.0
15:48,313.73,313.86,313.43,313.79,32758.0
15:49,314.28,314.29,313.66,313.74,47348.0
15:50,314.01,314.3,313.21,314.12,84338.0
15:51,313.7,314.12,313.6,314.03,82976.0
15:52,313.97,314.09,313.73,313.81,61906.0
15:53,313.91,314.13,313.82,313.96,74733.0
15:54,314.22,314.47,313.94,313.96,88161.0
15:55,313.82,314.37,313.61,314.2,92448.0
15:56,313.32,314.06,313.12,313.93,119032.0
15:57,312.74,313.44,312.63,313.27,114968.0
15:58,312.69,313.07,312.67,312.79,139244.0
15:59,313.03,313.11,312.47,312.72,264510.0
