Time,Close,High,Low,Open,Volume
09:30,283.26,287.0,283.12,286.57,671851.0
09:31,283.5,284.58,282.75,283.35,145398.0
09:32,282.08,283.56,281.74,283.51,144676.0
09:33,283.39,284.15,281.84,282.08,121074.0
09:34,283.4,284.0,282.64,283.4,81662.0
09:35,283.59,284.25,283.02,283.25,67410.0
09:36,282.9,283.85,282.87,283.61,65685.0
09:37,282.14,283.0,281.8,282.88,82801.0
09:38,281.1,282.19,280.73,282.19,104811.0
09:39,281.72,281.84,280.93,281.1,88440.0
09:40,281.33,281.86,281.14,281.71,104922.0
09:41,280.94,281.69,280.9,281.33,95995.0
09:42,281.63,281.78,280.9,280.96,79507.0
09:43,281.16,281.83,281.1,281.66,64538.0
09:44,280.59,281.32,280.35,281.21,79362.0
09:45,280.62,280.84,279.88,280.59,134401.0
09:46,281.14,281.6,280.42,280.65,91427.0
09:47,281.92,281.92,281.06,281.16,77889.0
09:48,282.51,282.62,281.47,281.92,89306.0
09:49,281.86,282.87,281.8,282.63,59391.0
09:50,282.55,282.74,281.6,281.9,58853.0
09:51,282.68,283.0,282.11,282.68,59906.0
09:52,282.5,282.86,282.39,282.77,45099.0
09:53,281.76,282.62,281.68,282.6,52376.0
09:54,281.72,281.86,281.4,281.76,88499.0
09:55,282.07,282.2,281.21,281.6,40803.0
09:56,281.35,282.11,281.16,282.07,34959.0
09:57,281.5,281.79,281.2,281.35,60987.0
09:58,281.64,282.18,281.31,281.51,55442.0
09:59,281.88,282.0,281.53,281.89,45592.0
10:00,281.23,282.0,281.22,281.95,57646.0
10:01,281.06,281.69,281.04,281.23,48355.0
10:02,280.82,281.17,280.61,281.17,78322.0
10:03,281.38,281.4,280.77,280.94,37529.0
10:04,281.42,281.85,281.26,281.26,36974.0
10:05,281.15,281.42,280.92,281.42,32937.0
10:06,281.57,281.67,280.8,281.02,53913.0
10:07,281.46,281.8,281.23,281.49,35089.0
10:08,281.66,281.84,281.16,281.42,31600.0
10:09,281.57,282.0,281.57,281.74,40618.0
10:10,281.07,281.59,281.07,281.5,35810.0
10:11,280.82,281.35,280.68,281.07,54932.0
10:12,280.88,281.21,280.74,280.74,25109.0
10:13,281.26,281.28,280.86,280.88,23623.0
10:14,281.02,281.22,280.96,281.22,23156.0
10:15,280.85,281.19,280.75,281.06,31666.0
10:16,280.9,281.31,280.83,280.94,29264.0
10:17,280.63,280.9,280.6,280.81,38248.0
10:18,280.9,280.98,280.5,280.68,40790.0
10:19,280.47,280.82,280.38,280.82,23645.0
10:20,280.77,280.8,280.3,280.35,32478.0
10:21,280.55,280.8,280.42,280.68,26594.0
10:22,280.09,280.69,280.05,280.55,49418.0
10:23,280.82,281.0,279.81,280.14,110528.0
10:24,281.33,281.69,280.84,280.91,57762.0
10:25,281.53,281.77,281.2,281.2,34568.0
10:26,281.7,281.77,281.4,281.53,28930.0
10:27,281.54,281.78,281.48,281.7,22912.0
10:28,282.07,282.26,281.57,281.57,66859.0
10:29,281.92,282.5,281.86,282.05,46506.0
10:30,281.5,282.0,281.5,281.87,34905.0
10:31,281.39,281.63,281.29,281.58,26560.0
10:32,281.65,281.68,281.31,281.38,18007.0
10:33,281.78,281.89,281.59,281.71,17697.0
10:34,281.55,281.86,281.27,281.73,58762.0
10:35,281.17,281.57,281.17,281.57,29097.0
10:36,281.61,281.63,281.16,281.18,29021.0
10:37,281.82,282.22,281.65,281.67,45731.0
10:38,281.8,282.0,281.65,281.77,38881.0
10:39,282.24,282.37,281.77,281.77,51659.0
10:40,282.06,282.44,281.84,282.2,50641.0
10:41,281.88,282.1,281.85,282.07,27221.0
10:42,281.74,281.88,281.6,281.85,16792.0
10:43,281.82,281.9,281.6,281.67,18716.0
10:44,281.51,281.89,281.5,281.83,22475.0
10:45,281.76,281.8,281.36,281.48,21056.0
10:46,281.61,281.94,281.49,281.76,30020.0
10:47,282.02,282.08,281.61,281.61,29285.0
10:48,281.71,282.06,281.68,282.02,22498.0
10:49,281.81,281.95,281.73,281.73,15703.0
10:50,281.4,282.02,281.4,281.79,25879.0
10:51,281.51,281.51,281.28,281.37,19011.0
10:52,281.83,281.91,281.46,281.46,22177.0
10:53,281.69,281.82,281.5,281.71,24585.0
10:54,281.82,281.9,281.63,281.67,26242.0
10:55,281.67,281.82,281.56,281.82,18191.0
10:56,281.3,281.68,281.3,281.68,20741.0
10:57,281.73,281.94,281.42,281.43,25233.0
10:58,281.2,281.74,281.06,281.68,20347.0
10:59,281.62,281.62,280.82,281.08,42691.0
11:00,281.7,281.81,281.42,281.59,28085.0
11:01,281.42,281.66,281.36,281.66,7849.0
11:02,281.59,281.73,281.42,281.42,14501.0
11:03,281.69,281.82,281.45,281.57,27002.0
11:04,281.52,281.8,281.34,281.73,26703.0
11:05,281.94,281.94,281.49,281.51,34753.0
11:06,281.84,282.15,281.75,281.99,26656.0
11:07,281.85,281.86,281.66,281.82,15704.0
11:08,282.04,282.33,281.78,281.82,40975.0
11:09,282.1,282.26,281.87,282.08,20477.0
11:10,282.14,282.26,281.98,282.1,31298.0
11:11,283.42,283.42,282.09,282.09,111528.0
11:12,283.55,283.57,283.07,283.38,59598.0
11:13,283.27,283.55,283.15,283.46,53196.0
11:14,283.42,283.57,283.17,283.27,47002.0
11:15,283.58,283.58,283.2,283.42,42351.0
11:16,283.66,283.71,283.26,283.55,33877.0
11:17,283.43,283.91,283.26,283.71,28960.0
11:18,283.29,283.6,283.23,283.43,20106.0
11:19,283.04,283.38,283.0,283.24,36388.0
11:20,282.8,283.11,282.63,283.11,26523.0
11:21,283.1,283.1,282.6,282.79,28739.0
11:22,282.95,283.08,282.86,283.02,17154.0
11:23,283.02,283.1,282.85,282.9,16564.0
11:24,283.13,283.14,282.93,283.01,27650.0
11:25,283.0,283.15,282.87,283.1,43922.0
11:26,282.7,283.05,282.68,283.05,26992.0
11:27,282.75,282.89,282.74,282.74,13434.0
11:28,282.7,282.77,282.5,282.74,19368.0
11:29,282.87,282.89,282.72,282.72,16160.0
11:30,283.17,283.29,282.82,282.88,60469.0
11:31,282.9,283.01,282.77,282.94,19001.0
11:32,282.58,282.9,282.55,282.87,24001.0
11:33,282.63,282.77,282.56,282.67,11565.0
11:34,282.54,282.82,282.42,282.62,25985.0
11:35,282.41,282.53,282.18,282.42,24055.0
11:36,282.4,282.57,282.38,282.5,24046.0
11:37,282.63,282.65,282.32,282.45,32333.0
11:38,282.7,282.79,282.48,282.58,19849.0
11:39,282.94,283.35,282.71,282.75,44215.0
11:40,282.89,282.99,282.7,282.94,10309.0
11:41,282.86,282.98,282.82,282.89,17134.0
11:42,282.79,282.98,282.72,282.89,17012.0
11:43,282.95,282.99,282.66,282.77,16757.0
11:44,283.01,283.06,282.89,282.94,22415.0
11:45,282.95,283.01,282.85,282.93,21141.0
11:46,282.88,282.98,282.82,282.92,16997.0
11:47,283.08,283.09,282.82,282.84,25038.0
11:48,283.0,283.15,282.95,283.11,20046.0
11:49,282.94,283.15,282.94,282.97,20562.0
11:50,282.88,283.03,282.71,282.93,22671.0
11:51,282.6,283.2,282.5,282.94,29133.0
11:52,282.51,282.66,282.42,282.59,18254.0
11:53,282.36,282.58,282.35,282.55,24609.0
11:54,282.12,282.48,282.11,282.43,20566.0
11:55,282.0,282.11,281.87,282.11,16288.0
11:56,282.02,282.04,281.9,281.92,12600.0
11:57,281.94,282.08,281.79,282.02,20867.0
11:58,281.84,281.98,281.77,281.95,14825.0
11:59,282.01,282.02,281.8,281.85,13004.0
12:00,282.41,282.41,281.91,282.01,32294.0
12:01,282.37,282.5,282.28,282.35,10248.0
12:02,282.22,282.37,282.2,282.3,10852.0
12:03,282.45,282.5,282.24,282.24,16015.0
12:04,282.63,282.84,282.47,282.47,19605.0
12:05,282.35,282.7,282.18,282.65,14329.0
12:06,282.31,282.45,282.12,282.37,16912.0
12:07,282.55,282.58,282.27,282.3,20158.0
12:08,282.32,282.44,282.08,282.44,13420.0
12:09,282.3,282.3,282.1,282.25,21052.0
12:10,282.21,282.3,282.1,282.24,7683.0
12:11,282.15,282.15,282.02,282.1,8998.0
12:12,282.23,282.75,282.1,282.15,28724.0
12:13,282.29,282.39,282.11,282.12,9232.0
12:14,282.16,282.35,282.11,282.24,6842.0
12:15,282.39,282.44,282.11,282.22,22451.0
12:16,282.16,282.41,282.16,282.34,23289.0
12:17,282.1,282.39,282.1,282.18,17524.0
12:18,282.41,282.41,282.05,282.1,31110.0
12:19,282.44,282.5,282.29,282.32,13122.0
12:20,282.32,282.58,282.3,282.44,59140.0
12:21,282.42,282.59,282.24,282.27,14391.0
12:22,282.2,282.49,282.16,282.49,14667.0
12:23,282.76,282.76,282.14,282.14,30178.0
12:24,282.6,282.83,282.6,282.76,7398.0
12:25,282.64,282.71,282.36,282.58,17965.0
12:26,282.69,282.74,282.43,282.63,12961.0
12:27,282.37,282.74,282.3,282.69,30983.0
12:28,282.28,282.45,282.24,282.4,10238.0
12:29,281.92,282.32,281.92,282.26,91585.0
12:30,281.98,282.0,281.88,281.9,12612.0
12:31,282.1,282.11,281.8,281.93,16327.0
12:32,282.2,282.21,282.03,282.04,12237.0
12:33,281.95,282.25,281.9,282.24,17457.0
12:34,282.08,282.17,281.93,281.99,11169.0
12:35,281.95,282.08,281.92,282.08,17801.0
12:36,281.62,281.96,281.51,281.91,18956.0
12:37,281.67,281.71,281.53,281.55,10799.0
12:38,281.65,281.77,281.59,281.63,15115.0
12:39,281.72,281.91,281.71,281.72,13201.0
12:40,281.56,281.82,281.55,281.72,22012.0
12:41,281.64,281.71,281.3,281.57,42195.0
12:42,281.6,281.7,281.5,281.58,15974.0
12:43,281.51,281.69,281.43,281.69,25487.0
12:44,281.41,281.52,281.21,281.49,29622.0
12:45,281.18,281.39,281.16,281.37,27549.0
12:46,281.26,281.31,281.17,281.24,24703.0
12:47,281.17,281.31,281.05,281.25,22062.0
12:48,281.13,281.24,281.03,281.1,13166.0
12:49,281.23,281.26,281.13,281.21,14096.0
12:50,281.21,281.22,281.04,281.14,15714.0
12:51,281.24,281.29,281.0,281.24,18672.0
12:52,281.21,281.29,281.12,281.14,18219.0
12:53,281.28,281.48,281.13,281.22,26133.0
12:54,281.2,281.3,281.12,281.3,32303.0
12:55,280.92,281.15,280.81,281.1,46531.0
12:56,280.99,281.1,280.83,280.94,22241.0
12:57,281.05,281.14,280.87,280.95,19963.0
12:58,280.88,281.05,280.83,281.05,33913.0
12:59,280.88,280.98,280.8,280.9,9113.0
13:00,280.81,280.98,280.75,280.89,26552.0
13:01,280.69,280.85,280.63,280.8,22653.0
13:02,280.8,280.94,280.62,280.73,34293.0
13:03,280.9,281.07,280.78,280.79,34529.0
13:04,281.12,281.19,280.8,280.9,29725.0
13:05,281.04,281.25,281.0,281.19,26209.0
13:06,281.13,281.26,281.03,281.04,21086.0
13:07,281.09,281.29,281.07,281.15,14102.0
13:08,280.93,281.24,280.9,281.06,24320.0
13:09,280.92,281.05,280.88,280.92,15128.0
13:10,281.11,281.22,280.92,280.92,29753.0
13:11,281.33,281.39,281.07,281.1,23626.0
13:12,281.03,281.48,280.9,281.42,40221.0
13:13,280.79,281.13,280.68,281.13,19505.0
13:14,280.76,280.8,280.68,280.74,16654.0
13:15,280.74,280.87,280.64,280.7,13548.0
13:16,280.95,281.0,280.74,280.79,22151.0
13:17,281.13,281.19,280.98,280.99,11717.0
13:18,281.27,281.27,281.07,281.11,18883.0
13:19,281.03,281.24,280.83,281.23,20748.0
13:20,281.02,281.07,280.9,281.04,70320.0
13:21,280.8,281.07,280.75,281.05,21531.0
13:22,280.89,280.95,280.77,280.79,14800.0
13:23,280.83,280.96,280.73,280.82,52209.0
13:24,280.68,280.91,280.56,280.83,41053.0
13:25,280.67,280.78,280.5,280.7,19980.0
13:26,280.7,280.77,280.58,280.67,19885.0
13:27,280.65,280.77,280.64,280.71,10929.0
13:28,280.8,280.87,280.55,280.66,21674.0
13:29,280.66,280.85,280.53,280.8,39637.0
13:30,280.7,280.79,280.6,280.66,10336.0
13:31,280.86,280.9,280.67,280.68,20131.0
13:32,280.93,280.95,280.8,280.85,15220.0
13:33,280.79,281.0,280.7,281.0,10068.0
13:34,280.96,281.09,280.74,280.81,28995.0
13:35,281.54,281.56,280.9,280.96,56516.0
13:36,281.39,281.49,281.22,281.49,36898.0
13:37,281.14,281.4,281.14,281.33,12602.0
13:38,281.38,281.38,281.14,281.14,14109.0
13:39,281.36,281.4,281.31,281.35,10062.0
13:40,281.55,281.55,281.29,281.35,14605.0
13:41,281.49,281.6,281.47,281.56,11711.0
13:42,281.58,281.6,281.47,281.55,28967.0
13:43,281.6,281.65,281.52,281.58,16227.0
13:44,281.7,281.72,281.55,281.6,11794.0
13:45,281.93,281.93,281.66,281.75,18129.0
13:46,282.24,282.25,281.86,281.86,38633.0
13:47,281.93,282.25,281.88,282.23,30836.0
13:48,281.98,282.0,281.82,281.96,11456.0
13:49,282.15,282.23,281.9,281.91,20419.0
13:50,281.98,282.22,281.93,282.08,12002.0
13:51,281.99,282.02,281.93,282.02,11039.0
13:52,281.64,281.96,281.59,281.92,28584.0
13:53,281.74,281.84,281.6,281.6,8888.0
13:54,281.66,281.79,281.58,281.69,28045.0
13:55,281.73,281.75,281.56,281.56,7954.0
13:56,281.68,281.78,281.62,281.73,10424.0
13:57,281.67,281.67,281.48,281.65,20515.0
13:58,281.76,281.76,281.62,281.67,13474.0
13:59,281.58,281.7,281.58,281.64,13360.0
14:00,281.65,281.68,281.51,281.6,11105.0
14:01,281.64,281.75,281.5,281.7,12126.0
14:02,281.24,281.64,281.24,281.58,15370.0
14:03,281.44,281.45,281.23,281.26,8598.0
14:04,281.44,281.46,281.36,281.42,6976.0
14:05,281.57,281.65,281.4,281.44,13864.0
14:06,281.58,281.65,281.51,281.57,11803.0
14:07,281.55,281.72,281.55,281.58,11625.0
14:08,281.65,281.65,281.5,281.56,12842.0
14:09,281.64,281.73,281.62,281.62,9309.0
14:10,281.56,281.66,281.55,281.63,7656.0
14:11,281.58,281.6,281.52,281.55,9351.0
14:12,281.59,281.63,281.54,281.6,8930.0
14:13,281.63,281.66,281.57,281.57,2821.0
14:14,281.6,281.68,281.57,281.63,10803.0
14:15,281.5,281.6,281.32,281.58,16900.0
14:16,281.46,281.49,281.42,281.49,9857.0
14:17,281.44,281.5,281.44,281.49,6649.0
14:18,281.45,281.57,281.33,281.49,18756.0
14:19,281.62,281.67,281.45,281.45,18700.0
14:20,281.55,281.7,281.55,281.63,7035.0
14:21,281.55,281.58,281.49,281.58,6608.0
14:22,281.56,281.56,281.45,281.52,12312.0
14:23,281.36,281.62,281.36,281.54,14209.0
14:24,281.51,281.52,281.4,281.41,5423.0
14:25,281.55,281.58,281.47,281.52,7572.0
14:26,281.46,281.54,281.45,281.52,9078.0
14:27,281.58,281.58,281.43,281.46,12519.0
14:28,281.54,281.58,281.43,281.57,8810.0
14:29,281.5,281.58,281.5,281.53,7582.0
14:30,281.42,281.55,281.4,281.55,9059.0
14:31,281.58,281.6,281.42,281.42,18480.0
14:32,281.28,281.58,281.24,281.58,20125.0
14:33,281.12,281.33,281.12,281.29,16925.0
14:34,281.09,281.16,281.02,281.12,9392.0
14:35,281.21,281.25,281.08,281.09,13117.0
14:36,281.14,281.25,281.14,281.2,9632.0
14:37,281.18,281.18,281.1,281.14,10301.0
14:38,281.12,281.15,281.08,281.15,7086.0
14:39,281.14,281.14,280.99,281.08,30406.0
14:40,281.05,281.17,281.02,281.17,12123.0
14:41,280.94,281.05,280.9,281.05,10386.0
14:42,281.05,281.06,280.88,280.94,16709.0
14:43,281.02,281.1,280.99,281.08,13135.0
14:44,281.04,281.1,281.03,281.04,7888.0
14:45,281.06,281.08,281.0,281.05,10341.0
14:46,281.18,281.18,281.05,281.05,14260.0
14:47,281.14,281.22,281.13,281.17,13827.0
14:48,281.19,281.24,281.1,281.16,10550.0
14:49,281.17,281.26,281.06,281.19,14993.0
14:50,281.15,281.19,281.02,281.16,26115.0
14:51,281.21,281.25,281.15,281.22,8005.0
14:52,281.21,281.24,281.14,281.2,8101.0
14:53,281.17,281.21,281.12,281.21,8964.0
14:54,281.25,281.26,281.15,281.17,6575.0
14:55,281.25,281.26,281.2,281.26,10625.0
14:56,281.36,281.36,281.25,281.26,11900.0
14:57,281.53,281.59,281.36,281.36,33278.0
14:58,281.57,281.6,281.47,281.5,10817.0
14:59,281.54,281.6,281.52,281.58,9733.0
15:00,281.51,281.58,281.49,281.52,9896.0
15:01,281.45,281.52,281.42,281.49,16199.0
15:02,281.51,281.52,281.44,281.45,27042.0
15:03,281.56,281.56,281.48,281.51,5153.0
15:04,281.42,281.54,281.42,281.49,10210.0
15:05,281.32,281.46,281.3,281.44,18463.0
15:06,281.38,281.39,281.3,281.3,7834.0
15:07,281.28,281.44,281.18,281.4,26139.0
15:08,281.36,281.36,281.24,281.27,7222.0
15:09,281.35,281.37,281.28,281.35,8630.0
15:10,281.47,281.47,281.32,281.32,25537.0
15:11,281.43,281.5,281.38,281.48,8767.0
15:12,281.34,281.45,281.34,281.44,13421.0
15:13,281.3,281.4,281.23,281.39,11029.0
15:14,281.38,281.4,281.34,281.37,15158.0
15:15,281.1,281.35,280.91,281.31,20624.0
15:16,280.85,281.1,280.85,281.1,16668.0
15:17,280.95,280.99,280.79,280.83,28737.0
15:18,280.96,280.99,280.92,280.95,8967.0
15:19,281.01,281.01,280.94,280.96,21294.0
15:20,281.01,281.04,280.9,281.01,27043.0
15:21,281.07,281.11,280.95,281.0,26122.0
15:22,281.33,281.36,281.11,281.11,17833.0
15:23,281.3,281.46,281.25,281.33,18436.0
15:24,281.34,281.39,281.22,281.3,10431.0
15:25,281.35,281.44,281.32,281.36,11797.0
15:26,281.25,281.37,281.21,281.37,11047.0
15:27,281.27,281.3,281.21,281.25,10411.0
15:28,281.11,281.27,281.09,281.27,15137.0
15:29,281.07,281.14,281.01,281.14,31086.0
15:30,281.29,281.29,281.1,281.1,28225.0
15:31,281.25,281.31,281.2,281.27,15172.0
15:32,281.08,281.33,281.05,281.23,27570.0
15:33,281.05,281.07,281.01,281.07,21114.0
15:34,281.03,281.07,280.92,281.0,44096.0
15:35,280.98,281.03,280.9,281.01,21263.0
15:36,280.82,281.07,280.82,280.99,34944.0
15:37,280.9,280.99,280.76,280.87,26256.0
15:38,280.92,280.94,280.85,280.92,18113.0
15:39,280.99,281.03,280.9,280.93,13739.0
15:40,281.04,281.09,280.92,280.96,28643.0
15:41,281.03,281.15,281.01,281.05,32233.0
15:42,281.04,281.11,280.93,281.07,52857.0
15:43,281.11,281.18,281.0,281.04,21772.0
15:44,281.2,281.2,281.0,281.07,46411.0
15:45,281.1,281.24,281.08,281.2,20674.0
15:46,281.06,281.24,281.03,281.1,56005.0
15:47,280.89,281.08,280.83,281.07,41425.0
15:48,281.07,281.08,280.83,280.89,44723.0
15:49,281.0,281.22,280.98,281.08,43066.0
15:50,281.08,281.17,281.0,281.0,51291.0
15:51,281.06,281.22,281.04,281.09,82992.0
15:52,281.11,281.14,281.0,281.07,72756.0
15:53,281.28,281.4,281.07,281.11,66611.0
15:54,281.23,281.35,281.17,281.29,96610.0
15:55,281.15,281.27,281.05,281.24,86043.0
15:56,281.1,281.25,281.0,281.18,122276.0
15:57,281.09,281.13,280.95,281.09,76973.0
15:58,281.24,281.29,281.07,281.1,119982.0
15:59,281.34,281.4,281.13,281.23,169786.0
