Time,Close,High,Low,Open,Volume
09:30,304.15,304.15,303.0,303.57,614457.0
09:31,302.82,304.0,302.82,303.36,35255.0
09:32,303.18,304.32,301.9,303.12,438548.0
09:33,300.83,303.49,300.28,303.28,134726.0
09:34,298.5,301.3,298.34,300.79,164722.0
09:35,297.5,298.95,297.39,298.63,123053.0
09:36,296.14,297.48,295.69,297.48,129937.0
09:37,295.06,296.56,294.58,296.1,172593.0
09:38,295.19,295.63,294.5,294.9,120494.0
09:39,296.57,297.16,295.07,295.21,107576.0
09:40,296.48,296.76,296.11,296.58,126813.0
09:41,296.01,297.29,295.89,296.58,79400.0
09:42,293.98,296.26,293.71,295.98,97987.0
09:43,292.15,294.18,291.98,294.1,220461.0
09:44,292.81,293.27,292.0,292.28,120977.0
09:45,293.87,294.23,292.44,292.86,140853.0
09:46,294.96,295.33,293.68,293.91,96152.0
09:47,294.85,295.09,294.26,295.07,65988.0
09:48,295.21,295.43,294.71,294.96,68546.0
09:49,294.0,295.25,293.87,295.09,57591.0
09:50,294.77,295.26,293.88,293.95,67368.0
09:51,294.08,294.73,293.67,294.7,62591.0
09:52,294.77,295.23,293.89,294.08,69424.0
09:53,295.91,296.0,294.7,294.86,84834.0
09:54,295.73,296.02,295.4,295.83,71296.0
09:55,295.29,296.11,295.0,295.9,63546.0
09:56,295.5,296.0,294.98,295.2,70397.0
09:57,294.99,296.12,294.83,295.57,55898.0
09:58,295.28,295.3,294.44,295.06,42791.0
09:59,294.81,295.23,294.68,295.21,41793.0
10:00,294.86,294.9,294.4,294.81,45876.0
10:01,294.87,295.16,294.65,294.8,45819.0
10:02,295.53,295.53,294.66,295.02,37946.0
10:03,295.47,295.55,294.97,295.45,33609.0
10:04,296.32,296.5,295.22,295.43,51194.0
10:05,296.32,296.7,296.21,296.5,74242.0
10:06,296.6,296.8,296.3,296.36,42327.0
10:07,296.56,296.56,296.22,296.3,81500.0
10:08,296.38,296.75,296.1,296.54,35820.0
10:09,295.38,296.32,295.25,296.32,44645.0
10:10,295.35,295.52,294.92,295.33,51323.0
10:11,295.91,296.33,295.3,295.42,26025.0
10:12,296.3,296.4,295.72,296.11,33575.0
10:13,296.23,296.95,296.06,296.38,51571.0
10:14,296.5,296.67,296.07,296.2,18167.0
10:15,295.61,296.44,295.55,296.36,42484.0
10:16,295.89,296.34,295.59,295.59,28541.0
10:17,296.32,296.44,295.9,295.96,26109.0
10:18,296.4,296.53,296.2,296.2,26005.0
10:19,296.19,296.62,296.12,296.22,52898.0
10:20,296.24,296.6,295.89,296.12,33317.0
10:21,296.59,296.76,296.19,296.19,33938.0
10:22,296.96,297.27,296.58,296.58,46072.0
10:23,297.18,297.36,296.69,296.81,52928.0
10:24,297.16,297.76,297.13,297.25,42714.0
10:25,297.02,297.33,296.88,297.15,44081.0
10:26,297.1,297.16,296.57,296.99,36389.0
10:27,297.19,297.33,297.02,297.13,47836.0
10:28,297.36,297.43,297.0,297.2,36819.0
10:29,297.5,297.69,297.2,297.32,32428.0
10:30,296.21,297.51,296.18,297.42,61898.0
10:31,295.52,296.44,295.51,296.44,66119.0
10:32,295.58,295.93,295.3,295.6,46214.0
10:33,295.26,295.78,295.06,295.72,41458.0
10:34,295.68,295.68,294.78,295.08,49453.0
10:35,295.78,296.2,295.44,295.68,48683.0
10:36,296.38,296.4,295.51,295.89,39634.0
10:37,295.85,296.3,295.8,296.2,28677.0
10:38,296.25,296.48,295.7,295.77,26446.0
10:39,296.09,296.3,296.0,296.16,22517.0
10:40,296.42,296.51,296.0,296.15,27171.0
10:41,296.42,296.47,296.1,296.44,32954.0
10:42,296.5,296.55,296.2,296.42,26794.0
10:43,296.37,296.54,296.1,296.45,35128.0
10:44,296.11,296.74,296.1,296.5,27447.0
10:45,296.25,296.51,296.07,296.14,24110.0
10:46,296.36,296.44,296.17,296.27,41149.0
10:47,296.0,296.44,295.9,296.43,37883.0
10:48,296.2,296.2,295.6,295.96,28787.0
10:49,295.87,296.3,295.71,296.26,22786.0
10:50,295.56,296.06,295.4,296.06,23913.0
10:51,295.11,295.68,294.96,295.54,40150.0
10:52,294.64,295.16,294.58,295.04,46209.0
10:53,294.62,294.64,294.15,294.64,40968.0
10:54,295.24,295.46,294.5,294.58,22725.0
10:55,295.11,295.4,295.0,295.26,15976.0
10:56,295.52,295.62,294.89,295.02,39475.0
10:57,295.26,295.7,295.19,295.4,22291.0
10:58,295.44,295.58,294.84,295.26,20484.0
10:59,294.98,295.48,294.95,295.44,22985.0
11:00,295.13,295.35,295.0,295.14,24261.0
11:01,295.65,295.82,295.0,295.01,25532.0
11:02,295.85,296.12,295.56,295.56,27600.0
11:03,296.14,296.27,295.85,295.85,26079.0
11:04,296.41,296.59,296.11,296.13,23288.0
11:05,297.32,297.39,296.32,296.4,47307.0
11:06,296.88,297.39,296.82,297.24,43527.0
11:07,296.65,297.12,296.5,297.0,34551.0
11:08,296.38,296.91,296.38,296.76,23865.0
11:09,296.28,296.5,296.17,296.38,16151.0
11:10,296.2,296.39,296.1,296.28,30181.0
11:11,295.79,296.33,295.75,296.28,34525.0
11:12,296.01,296.15,295.56,295.8,30439.0
11:13,296.4,296.4,295.95,296.05,16813.0
11:14,296.59,296.69,296.4,296.52,15388.0
11:15,296.51,296.56,296.34,296.5,17202.0
11:16,296.35,296.52,296.3,296.43,20112.0
11:17,296.33,296.43,296.16,296.39,14344.0
11:18,296.65,296.69,296.36,296.4,21293.0
11:19,296.55,296.78,296.39,296.63,14013.0
11:20,296.93,297.02,296.54,296.58,30800.0
11:21,297.01,297.04,296.77,296.93,40324.0
11:22,297.07,297.27,296.84,297.0,37305.0
11:23,297.07,297.21,296.91,297.07,13317.0
11:24,297.5,297.5,297.0,297.07,32273.0
11:25,297.53,297.68,297.27,297.51,53094.0
11:26,297.5,297.66,297.33,297.54,43046.0
11:27,297.8,297.85,297.43,297.43,39782.0
11:28,297.7,297.94,297.58,297.74,34990.0
11:29,297.92,298.17,297.58,297.64,84277.0
11:30,297.84,298.2,297.59,297.97,41188.0
11:31,297.71,298.03,297.61,297.69,19951.0
11:32,298.17,298.17,297.65,297.75,23559.0
11:33,298.97,299.0,298.03,298.05,76352.0
11:34,299.45,299.48,298.93,298.97,55124.0
11:35,300.09,300.22,299.23,299.45,111441.0
11:36,300.22,300.46,300.03,300.11,83225.0
11:37,300.2,300.56,300.0,300.29,68517.0
11:38,299.98,300.19,299.3,300.19,58615.0
11:39,299.02,299.86,298.85,299.75,87400.0
11:40,299.36,299.5,298.97,299.02,35869.0
11:41,299.95,300.15,299.36,299.4,46741.0
11:42,299.94,300.48,299.91,300.04,50744.0
11:43,300.36,300.48,299.9,299.98,40159.0
11:44,300.68,300.81,300.1,300.35,63168.0
11:45,301.66,301.7,300.64,300.72,78364.0
11:46,301.71,301.94,301.48,301.69,67360.0
11:47,301.78,301.94,301.65,301.79,56666.0
11:48,301.23,301.8,300.81,301.78,39208.0
11:49,301.09,301.38,301.04,301.04,40993.0
11:50,301.52,301.52,300.87,301.11,57247.0
11:51,301.5,301.66,301.34,301.52,25397.0
11:52,301.57,301.82,301.47,301.53,18460.0
11:53,301.61,301.84,301.46,301.48,39963.0
11:54,301.38,301.73,301.25,301.62,43264.0
11:55,301.13,301.36,300.87,301.3,35890.0
11:56,301.15,301.47,301.0,301.15,19545.0
11:57,300.89,301.13,300.8,301.13,23253.0
11:58,300.74,301.07,300.68,300.89,32730.0
11:59,300.26,300.89,300.25,300.8,70720.0
12:00,301.13,301.13,300.29,300.43,41597.0
12:01,300.95,301.22,300.76,301.02,23905.0
12:02,301.04,301.12,300.76,300.85,20532.0
12:03,300.93,301.16,300.75,301.07,19190.0
12:04,300.74,301.02,300.56,301.02,20445.0
12:05,300.84,301.0,300.56,300.56,35808.0
12:06,300.38,300.87,300.22,300.87,18813.0
12:07,300.46,300.51,299.78,300.29,39330.0
12:08,300.74,300.74,300.12,300.45,21928.0
12:09,300.71,300.79,300.4,300.69,15935.0
12:10,300.33,300.85,300.25,300.61,47675.0
12:11,300.81,300.81,300.1,300.18,31414.0
12:12,300.78,300.85,300.57,300.75,24636.0
12:13,301.0,301.0,300.55,300.81,24436.0
12:14,301.24,301.24,300.82,300.82,22962.0
12:15,301.43,301.53,301.05,301.21,25907.0
12:16,301.24,301.52,301.11,301.48,33953.0
12:17,301.75,301.75,301.21,301.25,21739.0
12:18,301.7,301.7,301.34,301.64,24204.0
12:19,301.72,301.72,301.4,301.48,18744.0
12:20,301.81,301.89,301.64,301.66,32438.0
12:21,301.97,302.08,301.77,301.77,101379.0
12:22,301.77,302.05,301.7,302.04,43716.0
12:23,301.72,301.84,301.33,301.74,29435.0
12:24,301.74,302.2,301.68,301.75,32088.0
12:25,301.62,301.82,301.55,301.78,24874.0
12:26,302.52,302.62,301.87,301.87,28294.0
12:27,302.48,302.72,302.27,302.45,25941.0
12:28,302.68,302.68,302.38,302.48,14279.0
12:29,302.6,302.71,302.38,302.64,22019.0
12:30,302.25,302.77,302.1,302.58,35641.0
12:31,302.8,302.82,302.16,302.24,32719.0
12:32,302.82,303.08,302.74,302.74,26698.0
12:33,302.7,302.93,302.6,302.72,21500.0
12:34,302.7,302.8,302.5,302.6,21168.0
12:35,303.11,303.29,302.73,302.73,42022.0
12:36,303.33,303.37,303.15,303.17,24011.0
12:37,303.45,303.5,303.19,303.29,21929.0
12:38,303.2,303.42,303.14,303.4,25668.0
12:39,303.33,303.33,302.9,303.13,54433.0
12:40,303.5,303.67,303.24,303.33,41814.0
12:41,303.61,303.75,303.48,303.57,34543.0
12:42,303.84,303.91,303.54,303.66,21906.0
12:43,303.87,303.9,303.61,303.84,19829.0
12:44,303.62,304.23,303.5,303.82,52672.0
12:45,304.09,304.2,303.57,303.63,19030.0
12:46,303.83,304.08,303.83,304.03,19741.0
12:47,304.25,304.3,303.8,303.82,27121.0
12:48,304.24,304.42,304.08,304.3,25819.0
12:49,304.15,304.36,304.02,304.3,17940.0
12:50,304.01,304.16,303.91,304.14,18800.0
12:51,304.17,304.31,303.91,304.04,11789.0
12:52,303.67,304.3,303.52,304.17,34097.0
12:53,303.86,304.1,303.52,303.72,16088.0
12:54,303.67,303.92,303.62,303.77,15487.0
12:55,303.67,303.88,303.53,303.59,23025.0
12:56,303.25,303.69,303.01,303.6,43031.0
12:57,303.01,303.27,303.01,303.13,26186.0
12:58,302.67,303.02,302.5,303.01,45615.0
12:59,302.48,302.78,302.42,302.65,23292.0
13:00,302.11,302.44,302.0,302.44,29534.0
13:01,301.6,302.12,301.6,302.12,22319.0
13:02,301.52,301.97,301.45,301.57,34543.0
13:03,301.61,301.71,301.33,301.46,19750.0
13:04,302.03,302.13,301.61,301.61,33827.0
13:05,302.39,302.48,302.0,302.1,22916.0
13:06,302.77,302.77,302.4,302.43,21522.0
13:07,302.28,302.74,302.21,302.74,22157.0
13:08,302.86,302.88,302.34,302.34,12704.0
13:09,302.77,302.87,302.65,302.73,14584.0
13:10,302.92,303.12,302.78,302.8,15461.0
13:11,302.79,302.97,302.7,302.84,13917.0
13:12,303.1,303.22,302.82,302.89,17993.0
13:13,303.26,303.35,303.0,303.09,15482.0
13:14,302.97,303.34,302.87,303.26,23607.0
13:15,303.05,303.17,302.8,302.92,9479.0
13:16,303.02,303.13,302.9,303.03,9659.0
13:17,303.04,303.12,302.72,302.97,14283.0
13:18,303.05,303.11,302.9,303.05,13407.0
13:19,302.64,303.05,302.35,303.05,12009.0
13:20,302.68,302.89,302.67,302.67,7532.0
13:21,302.91,302.97,302.46,302.69,14942.0
13:22,302.91,303.1,302.86,302.95,18944.0
13:23,302.86,302.94,302.68,302.83,22423.0
13:24,302.91,303.04,302.77,302.87,15272.0
13:25,303.13,303.17,302.92,302.99,20586.0
13:26,302.91,303.15,302.85,303.15,12284.0
13:27,302.9,303.04,302.79,302.84,11622.0
13:28,302.96,303.1,302.8,302.9,10210.0
13:29,302.83,302.99,302.78,302.92,8965.0
13:30,302.77,302.9,302.57,302.77,16467.0
13:31,302.78,302.83,302.49,302.76,17205.0
13:32,302.82,302.95,302.73,302.78,16366.0
13:33,302.55,302.87,302.42,302.87,14741.0
13:34,302.35,302.67,302.13,302.65,21775.0
13:35,302.14,302.42,302.09,302.34,18348.0
13:36,302.31,302.36,302.07,302.14,12629.0
13:37,302.26,302.41,302.16,302.41,14073.0
13:38,302.24,302.4,302.18,302.34,16143.0
13:39,302.15,302.3,301.94,302.26,27763.0
13:40,302.18,302.42,302.02,302.12,18521.0
13:41,302.31,302.31,302.18,302.18,11103.0
13:42,302.29,302.32,301.98,302.2,20430.0
13:43,302.34,302.44,302.17,302.19,10580.0
13:44,302.3,302.43,302.18,302.36,30345.0
13:45,302.12,302.37,302.05,302.3,14260.0
13:46,302.45,302.45,302.07,302.19,11650.0
13:47,302.51,302.58,302.31,302.47,17870.0
13:48,302.41,302.59,302.39,302.58,15894.0
13:49,302.4,302.46,302.24,302.43,12333.0
13:50,302.38,302.53,302.28,302.4,20383.0
13:51,302.42,302.49,302.33,302.38,6776.0
13:52,302.29,302.42,302.18,302.35,11331.0
13:53,302.01,302.29,301.94,302.29,18908.0
13:54,302.01,302.37,301.97,302.07,13809.0
13:55,302.05,302.1,301.92,302.02,12326.0
13:56,302.02,302.1,301.89,301.95,15286.0
13:57,302.35,302.36,302.02,302.03,11000.0
13:58,302.11,302.58,302.04,302.28,24886.0
13:59,302.33,302.33,302.01,302.01,8768.0
14:00,302.09,302.35,302.02,302.33,20135.0
14:01,301.99,302.27,301.99,302.17,13335.0
14:02,301.8,302.01,301.72,302.01,16701.0
14:03,301.48,301.86,301.35,301.8,29390.0
14:04,301.38,301.52,301.28,301.48,22355.0
14:05,301.36,301.36,300.95,301.29,38376.0
14:06,301.3,301.48,301.17,301.38,40607.0
14:07,301.27,301.39,301.21,301.21,11221.0
14:08,301.17,301.34,301.1,301.27,12317.0
14:09,301.18,301.25,301.0,301.17,21781.0
14:10,301.15,301.58,301.08,301.14,16099.0
14:11,301.12,301.17,301.01,301.07,8450.0
14:12,301.45,301.45,301.1,301.14,19194.0
14:13,301.65,301.8,301.41,301.45,28180.0
14:14,301.67,301.84,301.56,301.67,17079.0
14:15,301.43,301.81,301.41,301.68,27269.0
14:16,301.18,301.51,301.18,301.43,14892.0
14:17,301.1,301.32,301.03,301.27,26623.0
14:18,301.67,301.69,301.1,301.11,17082.0
14:19,301.7,301.74,301.55,301.61,20493.0
14:20,301.58,301.83,301.58,301.74,12282.0
14:21,301.4,301.61,301.38,301.58,11495.0
14:22,301.56,301.58,301.34,301.47,13320.0
14:23,301.9,301.98,301.59,301.62,15068.0
14:24,301.77,302.02,301.77,301.9,20622.0
14:25,301.46,301.77,301.44,301.75,19026.0
14:26,301.43,301.55,301.43,301.47,7684.0
14:27,301.79,301.88,301.48,301.52,18850.0
14:28,302.18,302.18,301.74,301.76,11424.0
14:29,301.82,302.27,301.82,302.18,17921.0
14:30,301.92,302.01,301.8,301.8,12824.0
14:31,301.99,302.01,301.82,301.87,8881.0
14:32,301.76,301.91,301.64,301.91,16858.0
14:33,301.86,301.9,301.83,301.83,10396.0
14:34,301.61,301.85,301.56,301.85,16666.0
14:35,301.68,301.7,301.48,301.6,12579.0
14:36,301.45,301.69,301.45,301.69,6278.0
14:37,301.33,301.74,301.32,301.74,20962.0
14:38,301.26,301.38,301.11,301.3,20936.0
14:39,301.07,301.23,301.04,301.2,8525.0
14:40,300.99,301.11,300.79,301.03,51391.0
14:41,301.24,301.29,300.96,301.0,12679.0
14:42,300.96,301.21,300.96,301.16,13195.0
14:43,301.13,301.2,300.95,300.98,9514.0
14:44,301.14,301.23,301.01,301.23,18046.0
14:45,301.26,301.26,301.05,301.06,21338.0
14:46,301.32,301.61,301.19,301.19,17086.0
14:47,301.52,301.6,301.4,301.4,62196.0
14:48,301.54,301.67,301.47,301.52,14737.0
14:49,301.65,301.74,301.47,301.48,12109.0
14:50,301.86,302.0,301.68,301.68,14605.0
14:51,302.04,302.06,301.85,301.86,20602.0
14:52,301.68,302.03,301.53,302.02,35266.0
14:53,301.73,301.85,301.6,301.6,12565.0
14:54,301.76,301.85,301.63,301.64,17113.0
14:55,301.88,301.9,301.61,301.69,10917.0
14:56,301.52,301.88,301.52,301.85,20680.0
14:57,301.26,301.66,301.26,301.6,14292.0
14:58,301.32,301.39,301.24,301.36,10075.0
14:59,301.33,301.42,301.21,301.32,14587.0
15:00,301.4,301.63,301.38,301.4,10339.0
15:01,301.29,301.54,301.28,301.54,9526.0
15:02,301.27,301.39,301.19,301.39,15034.0
15:03,301.21,301.3,301.08,301.3,18657.0
15:04,301.1,301.43,301.08,301.21,16864.0
15:05,301.26,301.35,301.1,301.14,19843.0
15:06,301.06,301.27,300.99,301.23,29113.0
15:07,301.23,301.36,300.98,301.1,11878.0
15:08,300.79,301.16,300.74,301.15,24945.0
15:09,300.86,300.97,300.75,300.79,19893.0
15:10,300.98,301.02,300.84,300.93,19002.0
15:11,301.14,301.14,300.96,300.98,13585.0
15:12,301.38,301.39,301.21,301.25,15022.0
15:13,301.07,301.38,301.0,301.3,24248.0
15:14,301.1,301.13,300.96,301.01,7361.0
15:15,301.04,301.13,300.96,301.12,19232.0
15:16,300.95,301.07,300.84,301.01,25032.0
15:17,301.1,301.14,300.92,300.96,14224.0
15:18,301.16,301.21,301.02,301.1,17861.0
15:19,301.07,301.14,300.92,301.12,22351.0
15:20,301.36,301.36,300.95,301.02,43176.0
15:21,301.7,301.7,301.29,301.31,32718.0
15:22,301.33,301.7,301.33,301.7,33797.0
15:23,301.39,301.55,301.33,301.33,14479.0
15:24,301.47,301.54,301.39,301.4,17212.0
15:25,301.55,301.59,301.29,301.47,21944.0
15:26,301.78,301.91,301.55,301.55,17525.0
15:27,301.44,301.79,301.39,301.74,33305.0
15:28,301.43,301.55,301.39,301.42,17247.0
15:29,301.1,301.46,301.1,301.46,17298.0
15:30,300.82,301.11,300.82,301.1,33992.0
15:31,300.63,300.92,300.63,300.82,24936.0
15:32,300.87,300.92,300.54,300.58,14451.0
15:33,301.05,301.06,300.83,300.89,29722.0
15:34,300.79,301.04,300.71,301.04,12180.0
15:35,300.61,300.77,300.47,300.71,23777.0
15:36,300.41,300.61,300.32,300.55,47531.0
15:37,299.39,300.38,298.84,300.34,122420.0
15:38,299.34,299.35,298.77,299.12,73634.0
15:39,299.48,299.57,299.14,299.34,44950.0
15:40,298.93,299.67,298.93,299.44,62643.0
15:41,298.29,299.11,298.2,298.99,49938.0
15:42,298.15,298.64,298.15,298.33,34146.0
15:43,298.21,298.36,297.99,298.23,61905.0
15:44,297.76,298.19,297.6,298.18,66334.0
15:45,297.8,298.05,297.42,297.81,44526.0
15:46,298.72,298.86,297.88,297.88,68238.0
15:47,298.79,298.92,298.37,298.87,44705.0
15:48,298.88,298.88,298.46,298.82,36912.0
15:49,299.1,299.39,298.86,298.95,82021.0
15:50,298.26,299.32,298.17,299.08,52622.0
15:51,298.8,299.03,298.16,298.2,39461.0
15:52,299.23,299.23,298.76,298.82,45344.0
15:53,299.19,299.43,298.91,299.2,81192.0
15:54,299.13,299.27,298.89,299.2,56275.0
15:55,298.58,299.17,298.53,299.12,94984.0
15:56,298.82,298.86,298.48,298.59,61368.0
15:57,299.08,299.2,298.74,298.79,98234.0
15:58,299.3,299.41,299.09,299.09,131248.0
15:59,299.12,299.38,298.91,299.32,247034.0
