Time,Close,High,Low,Open,Volume
09:30,305.8,306.17,305.5,305.79,756089.0
09:31,305.84,307.97,304.94,306.19,760205.0
09:32,303.66,305.85,303.0,305.85,502148.0
09:33,303.13,304.87,302.88,303.65,333626.0
09:34,301.01,304.3,301.01,302.99,349995.0
09:35,300.64,301.83,300.38,301.11,559092.0
09:36,300.89,301.38,300.5,300.73,349734.0
09:37,302.27,303.01,300.85,300.93,357860.0
09:38,301.01,302.47,301.0,302.13,152810.0
09:39,300.95,301.55,300.51,301.2,227918.0
09:40,301.48,301.79,300.71,300.88,174945.0
09:41,301.02,301.67,300.69,301.53,128751.0
09:42,300.5,301.19,300.05,301.1,231505.0
09:43,299.51,300.51,299.25,300.5,429993.0
09:44,300.47,300.85,299.32,299.67,257950.0
09:45,301.52,301.63,300.05,300.44,218251.0
09:46,301.37,302.17,301.01,301.62,204169.0
09:47,300.76,301.74,300.58,301.44,182531.0
09:48,299.97,301.1,299.6,300.86,201671.0
09:49,299.7,300.05,299.62,299.94,204071.0
09:50,299.16,299.86,299.13,299.77,251259.0
09:51,299.89,300.1,299.01,299.23,289795.0
09:52,298.59,299.94,298.55,299.9,277617.0
09:53,300.34,300.7,298.45,298.71,345392.0
09:54,298.95,301.28,298.56,300.34,320955.0
09:55,299.99,300.52,298.89,298.95,252546.0
09:56,299.29,300.0,299.03,299.67,137631.0
09:57,298.33,299.27,298.13,299.25,207033.0
09:58,298.14,298.76,298.1,298.31,147725.0
09:59,298.0,298.37,297.6,298.1,261371.0
10:00,298.29,298.5,297.28,297.82,293157.0
10:01,297.11,298.48,297.01,298.36,328353.0
10:02,296.73,297.32,296.45,297.07,380741.0
10:03,296.42,296.94,296.41,296.73,375168.0
10:04,296.6,296.9,296.26,296.4,316670.0
10:05,296.67,297.33,296.47,296.65,226434.0
10:06,296.42,297.19,296.26,296.62,145649.0
10:07,295.87,296.42,295.85,296.42,225875.0
10:08,295.32,296.03,295.21,295.83,301729.0
10:09,294.81,295.44,294.6,295.38,440238.0
10:10,294.35,295.14,294.33,294.81,363709.0
10:11,295.16,295.43,294.19,294.34,346208.0
10:12,293.57,295.19,293.57,295.17,389416.0
10:13,293.83,294.0,293.17,293.7,349859.0
10:14,294.48,294.9,294.29,294.53,332584.0
10:15,294.9,294.97,294.14,294.4,234926.0
10:16,295.13,296.42,294.83,294.92,508446.0
10:17,295.92,296.52,294.84,295.0,271218.0
10:18,295.23,296.52,295.01,295.84,265011.0
10:19,295.45,295.99,294.68,295.2,177527.0
10:20,295.75,296.13,295.28,295.28,208298.0
10:21,296.87,296.94,295.67,295.73,210495.0
10:22,297.12,297.43,296.81,296.86,292453.0
10:23,295.97,297.35,295.6,297.23,179241.0
10:24,296.44,296.86,295.62,295.92,170065.0
10:25,296.13,296.93,295.7,296.42,203214.0
10:26,296.8,296.96,296.13,296.17,163028.0
10:27,297.16,297.37,296.55,296.83,149508.0
10:28,297.64,297.75,297.15,297.24,249277.0
10:29,298.06,298.33,297.59,297.61,236038.0
10:30,296.79,298.29,296.79,298.14,213442.0
10:31,296.98,297.28,296.6,296.81,187422.0
10:32,297.5,297.5,296.44,296.98,123849.0
10:33,297.9,298.07,297.29,297.37,116179.0
10:34,298.43,298.69,297.74,297.95,184937.0
10:35,298.09,298.5,297.47,298.42,112453.0
10:36,297.89,298.45,297.66,298.06,103851.0
10:37,298.2,298.25,297.6,297.96,115707.0
10:38,296.76,298.2,296.65,298.2,179435.0
10:39,297.43,297.8,296.74,296.81,92592.0
10:40,297.19,297.8,297.0,297.56,68600.0
10:41,296.67,297.29,296.22,297.15,128827.0
10:42,295.89,296.64,295.55,296.58,218545.0
10:43,296.24,296.33,295.56,296.0,158610.0
10:44,296.95,297.0,296.2,296.24,153968.0
10:45,297.89,297.99,296.95,297.0,159766.0
10:46,297.11,298.18,297.03,297.9,148149.0
10:47,296.29,297.21,296.07,297.1,105883.0
10:48,296.5,297.08,296.25,296.28,75426.0
10:49,296.27,296.64,296.22,296.48,44584.0
10:50,296.53,296.53,296.16,296.22,60493.0
10:51,296.52,296.59,296.0,296.25,99920.0
10:52,296.35,296.95,296.12,296.52,126374.0
10:53,296.92,297.0,295.8,296.28,154753.0
10:54,296.34,296.92,295.65,296.84,148240.0
10:55,296.03,296.5,295.93,296.27,86550.0
10:56,296.46,296.78,296.06,296.07,110869.0
10:57,296.4,296.5,296.0,296.44,97876.0
10:58,295.66,296.6,295.52,296.4,150995.0
10:59,296.35,296.8,295.63,295.64,161465.0
11:00,296.0,296.43,295.7,296.36,53099.0
11:01,295.35,296.05,295.34,296.04,146410.0
11:02,294.56,295.4,294.56,295.3,200549.0
11:03,294.66,295.1,294.46,294.86,208104.0
11:04,294.76,294.8,294.36,294.43,215660.0
11:05,294.31,294.57,294.05,294.56,162087.0
11:06,295.05,295.06,294.3,294.3,107221.0
11:07,295.11,295.12,294.89,295.02,64004.0
11:08,294.38,295.09,294.33,295.04,85580.0
11:09,294.4,294.49,294.23,294.39,61277.0
11:10,294.13,294.5,293.6,294.4,228206.0
11:11,294.49,294.88,294.02,294.08,133677.0
11:12,294.47,294.63,294.25,294.52,97086.0
11:13,294.26,294.73,293.71,294.46,133609.0
11:14,293.7,294.35,293.7,294.23,118801.0
11:15,293.95,294.19,293.66,293.73,85896.0
11:16,294.17,294.25,293.6,293.95,92308.0
11:17,293.77,294.48,293.64,294.25,160613.0
11:18,294.04,294.43,293.77,293.82,108372.0
11:19,293.86,294.43,293.53,294.06,117948.0
11:20,293.09,294.05,292.75,293.89,288142.0
11:21,292.71,293.46,292.5,293.07,144206.0
11:22,292.8,292.94,292.55,292.72,96047.0
11:23,292.31,292.87,292.31,292.85,123151.0
11:24,292.9,292.97,292.15,292.35,260837.0
11:25,293.51,293.56,292.91,292.91,166991.0
11:26,293.51,294.15,293.37,293.48,136921.0
11:27,292.94,293.48,292.9,293.48,81891.0
11:28,293.18,293.37,292.9,293.02,83409.0
11:29,293.12,293.41,293.06,293.18,73034.0
11:30,293.88,294.11,292.97,293.19,122513.0
11:31,293.8,294.04,293.71,293.9,85579.0
11:32,293.55,293.98,293.37,293.77,64892.0
11:33,293.48,293.69,293.12,293.54,62078.0
11:34,292.95,293.48,292.87,293.48,88537.0
11:35,293.28,293.53,292.91,292.91,82376.0
11:36,292.86,293.3,292.82,293.27,80343.0
11:37,292.88,293.0,292.55,292.86,106321.0
11:38,292.95,293.25,292.69,292.88,62930.0
11:39,293.11,293.22,292.67,292.93,88138.0
11:40,293.48,293.69,293.01,293.02,134804.0
11:41,293.21,293.52,293.0,293.48,109476.0
11:42,291.89,293.24,291.79,293.13,210281.0
11:43,292.38,292.49,291.79,291.82,107915.0
11:44,292.02,292.6,291.91,292.33,106812.0
11:45,292.38,292.6,291.99,292.03,145338.0
11:46,292.16,292.71,292.0,292.38,110538.0
11:47,292.12,292.29,291.99,292.15,148682.0
11:48,292.01,292.18,291.75,292.16,705540.0
11:49,293.35,293.4,292.04,292.04,122469.0
11:50,293.78,293.82,293.23,293.27,147697.0
11:51,293.57,293.84,293.34,293.81,99916.0
11:52,293.42,293.63,293.24,293.55,63172.0
11:53,294.24,294.3,293.31,293.31,164224.0
11:54,294.11,294.49,293.95,294.29,130975.0
11:55,294.36,294.5,294.03,294.11,71213.0
11:56,293.52,294.44,293.11,294.38,131317.0
11:57,294.05,294.25,293.51,293.54,133416.0
11:58,294.21,294.38,293.91,294.05,102002.0
11:59,293.54,294.26,293.33,294.22,129340.0
12:00,293.65,293.8,293.35,293.49,66939.0
12:01,293.84,294.0,293.6,293.65,59975.0
12:02,293.93,293.99,293.5,293.85,43675.0
12:03,294.46,294.5,293.9,293.95,124509.0
12:04,294.31,294.45,294.01,294.4,82356.0
12:05,294.85,295.07,293.96,294.3,205316.0
12:06,295.2,295.25,294.87,294.93,132403.0
12:07,295.67,295.82,295.11,295.22,134379.0
12:08,294.83,295.71,294.75,295.62,182229.0
12:09,294.43,294.83,294.27,294.75,100380.0
12:10,295.11,295.25,294.32,294.48,77995.0
12:11,295.21,295.5,294.92,295.11,78259.0
12:12,294.76,295.29,294.5,295.24,82871.0
12:13,294.71,294.84,294.6,294.8,75406.0
12:14,294.17,294.66,294.0,294.64,101381.0
12:15,293.96,294.21,293.85,294.12,91992.0
12:16,294.54,294.63,293.89,293.99,79783.0
12:17,295.1,295.28,294.27,294.49,107884.0
12:18,294.5,295.28,294.5,295.15,88346.0
12:19,294.45,294.7,294.38,294.44,71383.0
12:20,294.08,294.85,294.02,294.52,80666.0
12:21,293.59,294.2,293.5,294.02,97558.0
12:22,293.81,294.15,293.52,293.55,67460.0
12:23,293.86,294.0,293.61,293.8,45153.0
12:24,294.1,294.46,293.86,293.86,50565.0
12:25,293.91,294.25,293.8,294.1,39560.0
12:26,293.99,294.04,293.82,293.91,33148.0
12:27,293.92,294.04,293.67,294.0,47035.0
12:28,294.49,294.66,293.95,293.95,67833.0
12:29,294.59,294.62,294.35,294.49,35412.0
12:30,294.93,294.98,294.59,294.6,804677.0
12:31,294.56,295.0,294.5,294.95,126902.0
12:32,294.45,294.61,294.27,294.61,30465.0
12:33,294.52,294.64,294.35,294.54,33281.0
12:34,294.42,294.6,294.34,294.46,23478.0
12:35,293.97,294.5,293.9,294.5,105854.0
12:36,293.22,294.04,293.1,293.95,132418.0
12:37,293.4,293.62,293.09,293.25,67917.0
12:38,293.49,293.53,293.18,293.44,37199.0
12:39,293.24,293.49,293.07,293.49,59614.0
12:40,292.58,293.24,292.35,293.24,249329.0
12:41,292.52,292.69,292.45,292.55,90896.0
12:42,292.45,292.63,292.26,292.53,60576.0
12:43,292.27,292.5,292.2,292.45,58084.0
12:44,292.34,292.37,292.02,292.3,116213.0
12:45,292.52,292.68,292.11,292.33,129409.0
12:46,292.52,292.88,292.3,292.52,75993.0
12:47,292.51,292.54,292.2,292.51,61378.0
12:48,292.53,292.68,292.33,292.42,60635.0
12:49,292.41,292.59,292.38,292.54,39695.0
12:50,292.63,292.92,292.38,292.4,73211.0
12:51,292.65,292.71,292.45,292.58,38328.0
12:52,292.71,292.75,292.47,292.68,32450.0
12:53,293.22,293.34,292.62,292.68,57390.0
12:54,293.27,293.5,293.2,293.24,122194.0
12:55,292.55,293.31,292.44,293.25,84424.0
12:56,292.8,292.83,292.38,292.59,54464.0
12:57,292.96,292.97,292.6,292.84,56519.0
12:58,292.85,293.28,292.65,292.94,65194.0
12:59,293.15,293.18,292.66,292.85,65621.0
13:00,293.68,293.84,293.17,293.17,139057.0
13:01,293.25,293.73,292.85,293.66,65105.0
13:02,292.72,293.24,292.48,293.18,74153.0
13:03,292.47,292.81,292.46,292.69,90587.0
13:04,292.9,293.12,292.4,292.46,76736.0
13:05,292.45,293.11,292.16,293.0,95207.0
13:06,292.5,292.75,292.27,292.5,81280.0
13:07,293.06,293.15,292.5,292.5,85239.0
13:08,292.86,293.3,292.86,293.08,63572.0
13:09,292.54,292.84,292.53,292.81,47856.0
13:10,292.98,292.98,292.25,292.51,107939.0
13:11,292.95,293.25,292.79,292.88,58274.0
13:12,292.92,293.13,292.75,292.99,90860.0
13:13,292.83,293.1,292.63,293.01,85340.0
13:14,292.83,292.92,292.71,292.92,38614.0
13:15,292.61,292.9,292.55,292.86,77023.0
13:16,292.54,292.67,292.3,292.62,78317.0
13:17,292.27,292.55,292.27,292.52,38357.0
13:18,292.74,293.0,292.27,292.32,80598.0
13:19,292.69,292.77,292.58,292.68,37316.0
13:20,292.99,293.3,292.69,292.69,119842.0
13:21,292.7,293.24,292.66,293.0,83865.0
13:22,293.53,293.53,292.54,292.7,103201.0
13:23,293.1,293.5,292.92,293.5,40130.0
13:24,293.18,293.37,293.05,293.12,161834.0
13:25,293.47,293.58,293.18,293.18,80212.0
13:26,294.09,294.18,293.41,293.54,94849.0
13:27,293.84,294.1,293.5,294.05,108656.0
13:28,293.82,293.88,293.58,293.84,47023.0
13:29,293.87,293.99,293.7,293.8,78703.0
13:30,293.91,294.01,293.61,293.86,51714.0
13:31,293.75,294.0,293.65,293.9,39408.0
13:32,293.79,293.9,293.4,293.65,75704.0
13:33,293.63,293.89,293.51,293.75,26438.0
13:34,293.49,293.72,293.17,293.67,60194.0
13:35,292.74,293.46,292.65,293.46,98510.0
13:36,293.21,293.45,292.63,292.69,56841.0
13:37,293.1,293.18,292.85,293.17,54959.0
13:38,292.92,293.2,292.84,293.01,37255.0
13:39,293.33,293.38,292.81,292.97,46545.0
13:40,293.53,293.7,293.27,293.33,53355.0
13:41,293.47,293.71,293.37,293.41,30816.0
13:42,293.96,293.99,293.39,293.43,78104.0
13:43,294.11,294.28,293.94,293.94,111838.0
13:44,293.87,294.15,293.72,294.11,52447.0
13:45,293.89,294.07,293.72,293.86,50501.0
13:46,293.52,294.03,293.52,293.81,73114.0
13:47,293.67,293.88,293.52,293.63,30421.0
13:48,293.93,294.0,293.67,293.75,33774.0
13:49,294.26,294.31,293.9,293.92,255516.0
13:50,294.3,294.45,294.0,294.26,73030.0
13:51,294.65,294.67,294.26,294.3,68915.0
13:52,294.85,294.85,294.23,294.63,64296.0
13:53,294.77,294.86,294.62,294.8,58188.0
13:54,295.15,295.17,294.71,294.77,119403.0
13:55,295.49,295.49,295.1,295.15,89717.0
13:56,295.91,296.05,295.36,295.42,215081.0
13:57,296.28,296.38,295.76,295.92,132776.0
13:58,296.47,296.8,296.13,296.13,243860.0
13:59,296.37,296.7,296.24,296.5,117310.0
14:00,296.2,296.52,295.98,296.4,114411.0
14:01,296.32,296.39,295.85,296.16,126583.0
14:02,296.12,296.69,296.09,296.32,107538.0
14:03,296.02,296.17,295.64,296.08,78179.0
14:04,295.46,295.98,295.37,295.98,68737.0
14:05,295.09,295.58,295.07,295.47,87997.0
14:06,295.08,295.23,294.99,295.15,70487.0
14:07,294.93,295.13,294.88,295.07,56727.0
14:08,295.48,295.58,294.91,294.96,80054.0
14:09,295.48,295.59,295.3,295.48,90960.0
14:10,294.89,295.53,294.82,295.47,56516.0
14:11,295.24,295.47,294.79,294.88,137059.0
14:12,294.85,295.5,294.7,295.14,69741.0
14:13,295.28,295.47,294.56,294.82,76816.0
14:14,295.37,295.75,295.14,295.15,56710.0
14:15,295.1,295.42,294.86,295.34,31476.0
14:16,295.35,295.46,294.98,295.05,30643.0
14:17,295.09,295.38,295.06,295.38,25674.0
14:18,295.15,295.25,295.05,295.09,41537.0
14:19,294.86,295.2,294.71,295.13,44347.0
14:20,295.05,295.17,294.86,294.86,33553.0
14:21,294.95,295.25,294.91,295.1,34599.0
14:22,294.95,295.12,294.8,294.99,30764.0
14:23,295.17,295.4,294.73,294.86,68915.0
14:24,295.65,295.86,295.08,295.13,51702.0
14:25,295.91,296.0,295.62,295.67,55148.0
14:26,295.7,296.0,295.66,295.91,59756.0
14:27,295.64,295.89,295.53,295.76,41646.0
14:28,295.46,295.64,295.36,295.59,42275.0
14:29,295.68,295.72,295.3,295.38,41542.0
14:30,295.97,296.1,295.6,295.75,64384.0
14:31,295.73,296.0,295.66,295.88,25193.0
14:32,295.95,296.05,295.59,295.77,55200.0
14:33,296.03,296.2,295.9,295.95,51862.0
14:34,296.4,296.4,296.07,296.11,52059.0
14:35,296.09,296.43,296.0,296.4,79593.0
14:36,296.02,296.25,295.96,296.01,44261.0
14:37,295.91,296.02,295.69,295.98,52442.0
14:38,295.83,296.07,295.8,295.86,60205.0
14:39,296.03,296.16,295.81,295.86,61224.0
14:40,296.15,296.21,295.89,296.02,44221.0
14:41,294.5,296.16,294.49,296.16,195158.0
14:42,294.73,294.75,294.23,294.55,116210.0
14:43,294.77,294.88,294.53,294.66,55354.0
14:44,294.7,294.83,294.63,294.77,27225.0
14:45,294.66,294.79,294.56,294.79,44341.0
14:46,295.07,295.17,294.55,294.63,59185.0
14:47,295.15,295.42,295.01,295.07,56371.0
14:48,295.08,295.37,294.93,295.13,28310.0
14:49,295.35,295.4,294.6,295.1,44672.0
14:50,295.42,295.43,295.09,295.38,28386.0
14:51,295.19,295.5,295.15,295.36,35148.0
14:52,295.44,295.47,295.02,295.21,55754.0
14:53,295.27,295.38,295.15,295.38,17367.0
14:54,295.11,295.3,295.0,295.27,28429.0
14:55,294.69,295.11,294.69,295.09,46130.0
14:56,294.66,294.81,294.55,294.76,29116.0
14:57,294.69,294.9,294.63,294.68,27846.0
14:58,294.79,294.88,294.69,294.77,25657.0
14:59,294.6,294.89,294.6,294.84,30836.0
15:00,294.47,294.7,294.24,294.6,76937.0
15:01,294.67,294.78,294.42,294.49,27450.0
15:02,295.23,295.35,294.52,294.66,69139.0
15:03,294.77,295.25,294.65,295.23,60295.0
15:04,294.28,294.73,294.23,294.66,57037.0
15:05,294.26,294.49,294.16,294.25,71726.0
15:06,294.39,294.47,294.22,294.28,26979.0
15:07,294.36,294.44,294.31,294.34,40095.0
15:08,294.29,294.38,294.25,294.37,31984.0
15:09,294.3,294.39,294.18,294.29,57974.0
15:10,294.46,294.8,294.28,294.31,58045.0
15:11,294.0,294.54,293.9,294.47,68067.0
15:12,293.89,294.28,293.7,293.96,73668.0
15:13,294.09,294.1,293.84,293.92,53334.0
15:14,293.9,294.11,293.78,294.09,65667.0
15:15,293.95,294.12,293.79,293.85,53881.0
15:16,294.45,294.6,293.92,293.92,68107.0
15:17,293.54,294.55,293.53,294.43,93084.0
15:18,293.3,293.75,293.3,293.58,67843.0
15:19,293.46,293.47,293.23,293.32,74240.0
15:20,293.72,293.77,293.29,293.51,90406.0
15:21,293.8,293.91,293.55,293.72,52003.0
15:22,293.51,293.86,293.31,293.83,55389.0
15:23,293.43,293.61,293.32,293.46,42096.0
15:24,293.45,293.6,293.32,293.44,69749.0
15:25,293.47,293.5,293.34,293.43,35076.0
15:26,293.42,293.47,293.36,293.43,27698.0
15:27,293.24,293.47,293.05,293.47,75172.0
15:28,293.4,293.44,293.13,293.23,47725.0
15:29,293.31,293.58,293.06,293.32,66913.0
15:30,293.35,293.48,293.18,293.31,56807.0
15:31,293.16,293.36,292.86,293.36,87084.0
15:32,293.14,293.43,292.98,293.18,50306.0
15:33,292.98,293.07,292.62,293.07,97364.0
15:34,292.98,293.32,292.85,293.0,62258.0
15:35,293.2,293.33,292.86,292.99,65804.0
15:36,292.82,293.3,292.75,293.2,63967.0
15:37,292.86,293.0,292.74,292.8,59955.0
15:38,292.95,293.01,292.8,292.87,43901.0
15:39,292.96,292.98,292.81,292.95,61352.0
15:40,293.12,293.21,292.92,292.95,65858.0
15:41,292.72,293.13,292.57,293.04,111860.0
15:42,293.42,293.5,292.75,292.85,86072.0
15:43,293.12,293.52,293.1,293.43,80867.0
15:44,293.11,293.27,292.99,293.18,49978.0
15:45,293.12,293.35,292.98,293.11,99097.0
15:46,293.09,293.19,292.94,293.11,89509.0
15:47,292.68,293.19,292.63,293.12,87925.0
15:48,293.14,293.2,292.68,292.68,91058.0
15:49,293.07,293.22,292.99,293.12,79757.0
15:50,293.3,293.45,292.87,293.13,172987.0
15:51,292.97,293.33,292.97,293.3,141457.0
15:52,293.42,293.59,292.98,292.99,174699.0
15:53,292.96,293.52,292.89,293.44,112638.0
15:54,292.92,293.0,292.88,292.96,103198.0
15:55,292.36,292.93,292.33,292.88,233210.0
15:56,292.5,292.79,292.3,292.35,213865.0
15:57,292.38,292.54,292.33,292.5,191706.0
15:58,292.32,292.49,292.08,292.36,290878.0
15:59,292.13,292.36,291.93,292.33,489038.0
