Time,Close,High,Low,Open,Volume
09:30,281.0,281.62,280.77,281.46,279367.0
09:31,280.0,281.04,279.2,281.04,319365.0
09:32,277.45,279.8,276.98,279.44,188312.0
09:33,277.71,277.8,276.12,277.45,137935.0
09:34,277.59,278.99,277.39,277.57,112296.0
09:35,275.88,277.81,275.65,277.81,194039.0
09:36,275.69,276.07,275.22,275.84,212410.0
09:37,275.5,275.96,274.6,275.6,285813.0
09:38,276.13,276.22,275.11,275.49,74039.0
09:39,274.75,276.26,274.5,276.2,116747.0
09:40,275.09,275.54,273.89,274.54,184034.0
09:41,274.26,275.16,274.11,275.09,121588.0
09:42,274.99,275.04,273.89,274.15,143877.0
09:43,275.36,275.84,274.84,274.96,90132.0
09:44,274.95,275.7,274.8,275.33,104555.0
09:45,273.55,274.87,273.25,274.8,212033.0
09:46,274.63,274.64,273.5,273.57,144854.0
09:47,274.7,274.94,274.36,274.36,110832.0
09:48,274.28,274.97,274.25,274.61,71003.0
09:49,274.3,274.87,274.07,274.33,66765.0
09:50,274.5,274.7,273.57,274.08,87061.0
09:51,274.7,275.0,274.37,274.49,75875.0
09:52,274.36,275.3,274.25,274.74,85639.0
09:53,273.66,274.67,273.66,274.35,68585.0
09:54,273.0,273.92,273.0,273.66,224766.0
09:55,272.89,273.36,272.5,273.05,162116.0
09:56,272.95,273.19,272.7,272.88,89314.0
09:57,272.45,273.15,272.3,272.9,118940.0
09:58,272.56,273.05,272.34,272.45,127224.0
09:59,272.9,273.0,272.46,272.56,97804.0
10:00,272.85,273.49,272.8,272.92,136270.0
10:01,272.21,273.25,272.1,272.87,141970.0
10:02,271.44,272.2,271.4,272.16,209619.0
10:03,271.82,272.02,271.35,271.45,151124.0
10:04,271.72,272.02,271.45,271.87,90821.0
10:05,271.92,272.01,271.5,271.65,64839.0
10:06,271.95,272.03,271.52,271.9,71608.0
10:07,271.95,272.04,271.59,271.92,91065.0
10:08,272.44,272.44,271.8,271.91,115447.0
10:09,272.71,272.72,272.11,272.34,115892.0
10:10,272.63,272.95,272.34,272.75,83069.0
10:11,272.62,272.94,272.4,272.79,61004.0
10:12,272.21,272.75,271.96,272.62,97261.0
10:13,271.9,272.46,271.9,272.26,54230.0
10:14,272.32,272.5,271.85,271.9,45247.0
10:15,272.49,272.55,272.05,272.32,41074.0
10:16,272.64,272.65,272.3,272.46,34519.0
10:17,272.8,272.94,272.6,272.63,47882.0
10:18,272.68,273.0,272.62,272.87,42260.0
10:19,272.71,273.0,272.62,272.68,57530.0
10:20,273.15,273.15,272.64,272.72,36821.0
10:21,273.23,273.49,272.93,273.08,78607.0
10:22,273.87,274.0,273.16,273.25,107448.0
10:23,273.28,274.0,273.12,273.88,67912.0
10:24,273.32,273.46,273.21,273.25,30201.0
10:25,273.33,273.52,273.0,273.37,51899.0
10:26,273.5,273.8,273.35,273.35,46933.0
10:27,273.71,273.82,273.55,273.62,46810.0
10:28,273.89,273.98,273.7,273.77,46977.0
10:29,273.79,274.0,273.65,273.94,60046.0
10:30,273.93,273.96,273.73,273.79,30250.0
10:31,273.73,274.0,273.73,273.89,30303.0
10:32,273.77,274.0,273.73,273.86,33993.0
10:33,273.62,273.96,273.59,273.79,49064.0
10:34,273.92,273.93,273.55,273.61,32612.0
10:35,274.84,274.85,273.89,273.96,91737.0
10:36,274.66,274.93,274.54,274.9,56158.0
10:37,274.48,274.8,274.31,274.61,47074.0
10:38,274.73,274.91,274.52,274.52,34067.0
10:39,274.81,274.82,274.55,274.73,24125.0
10:40,274.64,275.0,274.61,274.78,103253.0
10:41,275.18,275.18,274.65,274.69,72459.0
10:42,274.43,275.11,274.37,275.11,51330.0
10:43,274.46,274.58,274.22,274.5,37460.0
10:44,273.94,274.64,273.81,274.4,64629.0
10:45,274.39,274.43,274.0,274.0,47682.0
10:46,274.13,274.39,274.06,274.39,14537.0
10:47,274.19,274.33,274.0,274.11,21398.0
10:48,274.0,274.27,274.0,274.25,21367.0
10:49,273.93,274.25,273.69,274.16,37773.0
10:50,274.14,274.4,273.82,273.95,27128.0
10:51,274.67,274.76,274.23,274.23,16474.0
10:52,274.65,274.9,274.53,274.73,27466.0
10:53,274.39,274.87,274.33,274.66,32020.0
10:54,274.3,274.5,274.18,274.42,25985.0
10:55,274.35,274.49,274.24,274.3,24924.0
10:56,274.14,274.45,274.1,274.4,19900.0
10:57,274.74,274.81,274.0,274.12,36354.0
10:58,274.72,274.81,274.59,274.8,34100.0
10:59,274.54,274.79,274.5,274.75,42241.0
11:00,274.04,274.61,274.0,274.53,46383.0
11:01,273.84,274.1,273.77,274.05,44299.0
11:02,273.73,274.03,273.68,273.85,51758.0
11:03,272.64,273.72,272.64,273.66,114013.0
11:04,272.73,272.83,272.47,272.69,83001.0
11:05,273.44,273.52,272.7,272.74,45770.0
11:06,273.53,273.68,273.13,273.35,22950.0
11:07,273.64,273.78,273.43,273.53,26358.0
11:08,273.67,273.88,273.56,273.79,29003.0
11:09,273.7,273.93,273.69,273.77,14179.0
11:10,273.45,273.85,273.26,273.85,24584.0
11:11,273.3,273.47,273.03,273.3,35404.0
11:12,273.61,273.61,273.24,273.31,21119.0
11:13,273.84,274.05,273.34,273.55,30212.0
11:14,274.14,274.17,273.84,273.84,30525.0
11:15,273.99,274.21,273.84,274.09,17805.0
11:16,274.05,274.12,273.84,274.04,31248.0
11:17,274.25,274.32,274.0,274.12,31137.0
11:18,274.33,274.39,274.11,274.25,18556.0
11:19,274.45,274.58,274.2,274.36,30229.0
11:20,274.52,274.6,274.36,274.45,26110.0
11:21,274.85,274.88,274.4,274.47,24683.0
11:22,275.0,275.13,274.81,274.81,46752.0
11:23,275.08,275.1,274.93,274.98,20871.0
11:24,275.06,275.31,274.9,275.05,47239.0
11:25,275.35,275.57,275.08,275.09,62203.0
11:26,275.33,275.65,275.33,275.45,27237.0
11:27,275.65,275.65,275.28,275.3,27596.0
11:28,275.82,275.83,275.41,275.58,45494.0
11:29,276.07,276.07,275.7,275.75,52096.0
11:30,276.11,276.22,275.92,276.03,41643.0
11:31,275.76,276.16,275.73,276.09,35758.0
11:32,275.7,276.04,275.66,275.86,30056.0
11:33,275.61,275.86,275.5,275.66,46045.0
11:34,274.95,275.62,274.82,275.54,58301.0
11:35,274.77,275.11,274.7,274.99,20594.0
11:36,274.59,275.0,274.52,274.86,27581.0
11:37,274.37,274.65,274.31,274.58,31258.0
11:38,274.23,274.41,273.84,274.37,74486.0
11:39,274.4,274.61,274.22,274.39,34437.0
11:40,274.65,274.94,274.3,274.4,64168.0
11:41,274.52,274.7,274.47,274.65,28159.0
11:42,274.64,274.8,274.52,274.52,16638.0
11:43,274.36,274.68,274.23,274.64,26347.0
11:44,274.6,274.68,274.37,274.48,16428.0
11:45,274.28,274.6,274.28,274.6,15048.0
11:46,274.25,274.28,274.0,274.28,24049.0
11:47,274.31,274.64,274.23,274.26,12199.0
11:48,274.38,274.48,274.19,274.48,11167.0
11:49,274.77,274.77,274.45,274.46,11011.0
11:50,274.63,274.85,274.56,274.81,19032.0
11:51,274.63,274.8,274.54,274.56,31134.0
11:52,274.95,275.0,274.61,274.66,13305.0
11:53,275.22,275.4,274.95,275.01,19361.0
11:54,275.49,275.5,275.13,275.23,30640.0
11:55,275.38,275.52,275.22,275.47,22238.0
11:56,275.08,275.43,275.02,275.39,21560.0
11:57,275.31,275.43,275.08,275.14,22610.0
11:58,275.3,275.37,275.17,275.29,9875.0
11:59,275.08,275.4,275.01,275.37,19752.0
12:00,275.0,275.16,274.9,275.08,20046.0
12:01,274.77,275.14,274.76,275.02,16953.0
12:02,274.86,274.96,274.69,274.77,16213.0
12:03,274.9,275.04,274.8,274.87,20339.0
12:04,274.56,275.0,274.55,274.95,28361.0
12:05,274.45,274.58,274.35,274.55,24773.0
12:06,274.62,274.74,274.37,274.37,14620.0
12:07,274.57,274.57,274.3,274.5,12022.0
12:08,274.39,274.63,274.27,274.58,23085.0
12:09,273.73,274.39,273.67,274.39,34740.0
12:10,273.73,273.92,273.71,273.81,21065.0
12:11,273.83,273.9,273.71,273.72,19920.0
12:12,273.87,273.9,273.72,273.9,20745.0
12:13,274.1,274.1,273.71,273.86,27564.0
12:14,274.29,274.37,274.07,274.13,25338.0
12:15,274.51,274.51,274.17,274.29,25956.0
12:16,274.42,274.62,274.41,274.48,16350.0
12:17,274.42,274.53,274.33,274.41,10177.0
12:18,274.65,274.75,274.41,274.41,18640.0
12:19,274.61,274.7,274.5,274.66,17366.0
12:20,274.74,274.85,274.68,274.7,15587.0
12:21,274.86,274.97,274.75,274.75,19505.0
12:22,274.82,274.99,274.76,274.86,17611.0
12:23,274.8,274.88,274.72,274.82,14947.0
12:24,274.6,274.78,274.51,274.73,14791.0
12:25,274.63,274.79,274.55,274.59,16107.0
12:26,274.86,274.99,274.64,274.64,18668.0
12:27,274.86,274.99,274.69,274.98,22615.0
12:28,274.79,274.98,274.74,274.86,18408.0
12:29,275.05,275.05,274.86,274.87,26472.0
12:30,275.23,275.23,275.0,275.05,24227.0
12:31,275.2,275.23,274.99,275.2,13952.0
12:32,275.32,275.42,275.13,275.13,23794.0
12:33,275.3,275.4,275.19,275.29,14840.0
12:34,275.22,275.31,275.17,275.28,19825.0
12:35,275.43,275.43,275.05,275.2,24135.0
12:36,275.24,275.45,275.23,275.36,17085.0
12:37,275.36,275.49,275.24,275.24,9579.0
12:38,275.5,275.5,275.3,275.45,22985.0
12:39,275.61,275.73,275.49,275.49,32005.0
12:40,275.91,275.94,275.58,275.62,26725.0
12:41,276.11,276.24,275.93,275.93,53259.0
12:42,276.21,276.25,276.0,276.08,20521.0
12:43,276.14,276.2,275.94,276.17,20168.0
12:44,276.45,276.45,276.18,276.18,32338.0
12:45,276.48,276.57,276.39,276.44,26452.0
12:46,276.75,276.75,276.45,276.46,26553.0
12:47,276.62,276.76,276.51,276.76,30326.0
12:48,276.59,276.74,276.41,276.67,25914.0
12:49,276.71,276.71,276.47,276.6,14192.0
12:50,277.0,277.0,276.6,276.63,44439.0
12:51,277.23,277.36,277.01,277.01,27927.0
12:52,277.54,277.54,277.1,277.16,27229.0
12:53,277.6,277.6,277.3,277.49,27663.0
12:54,277.75,277.81,277.6,277.63,22489.0
12:55,277.83,277.92,277.72,277.74,20634.0
12:56,277.73,277.85,277.57,277.8,30236.0
12:57,277.53,277.73,277.53,277.73,21848.0
12:58,277.85,277.89,277.61,277.66,25364.0
12:59,277.59,277.89,277.51,277.89,19221.0
13:00,277.07,277.76,277.0,277.66,28226.0
13:01,277.4,277.5,277.21,277.28,18226.0
13:02,277.52,277.56,277.35,277.5,20108.0
13:03,277.45,277.52,277.42,277.52,15792.0
13:04,277.4,277.57,277.33,277.45,10458.0
13:05,277.36,277.5,277.23,277.47,18050.0
13:06,277.29,277.38,277.08,277.34,36826.0
13:07,277.25,277.4,277.21,277.25,18830.0
13:08,277.39,277.45,277.18,277.32,14649.0
13:09,277.1,277.45,277.01,277.44,13951.0
13:10,277.15,277.2,277.0,277.12,18186.0
13:11,276.86,277.12,276.72,277.11,27617.0
13:12,277.1,277.18,276.84,276.84,10749.0
13:13,277.0,277.2,276.97,277.05,14314.0
13:14,276.95,277.11,276.81,277.0,11614.0
13:15,277.07,277.1,276.9,276.95,15704.0
13:16,276.72,276.96,276.72,276.96,5827.0
13:17,276.68,276.76,276.51,276.76,14194.0
13:18,276.52,276.72,276.4,276.72,24231.0
13:19,276.48,276.53,276.28,276.53,8336.0
13:20,276.51,276.57,276.4,276.46,14628.0
13:21,276.39,276.63,276.35,276.56,10158.0
13:22,276.29,276.54,276.29,276.45,20480.0
13:23,276.45,276.53,276.37,276.39,6946.0
13:24,276.42,276.54,276.38,276.41,19852.0
13:25,276.35,276.44,276.28,276.43,15237.0
13:26,276.4,276.5,276.22,276.28,20553.0
13:27,276.11,276.39,276.0,276.39,33432.0
13:28,276.14,276.24,276.08,276.15,16301.0
13:29,276.19,276.31,276.12,276.15,15099.0
13:30,276.24,276.34,276.17,276.17,11198.0
13:31,276.16,276.25,276.09,276.25,11538.0
13:32,276.22,276.25,276.05,276.2,22303.0
13:33,276.19,276.3,276.13,276.23,12267.0
13:34,276.36,276.44,276.22,276.24,12544.0
13:35,276.44,276.5,276.35,276.5,15053.0
13:36,276.45,276.51,276.32,276.51,12685.0
13:37,276.37,276.42,276.21,276.34,16340.0
13:38,275.91,276.29,275.85,276.29,18164.0
13:39,275.91,276.06,275.91,275.98,9878.0
13:40,275.86,276.05,275.82,276.01,14524.0
13:41,275.93,275.93,275.75,275.87,21021.0
13:42,275.77,275.83,275.6,275.82,16943.0
13:43,275.69,275.73,275.69,275.73,3780.0
13:44,275.88,275.89,275.73,275.73,15670.0
13:45,275.57,275.99,275.53,275.88,34877.0
13:46,275.85,275.89,275.57,275.57,7800.0
13:47,275.97,276.04,275.86,275.89,19939.0
13:48,275.81,275.98,275.77,275.98,8912.0
13:49,275.78,275.82,275.78,275.81,3862.0
13:50,275.68,275.8,275.61,275.8,6643.0
13:51,275.84,275.84,275.61,275.71,14110.0
13:52,276.09,276.18,275.77,275.78,24192.0
13:53,276.01,276.1,275.95,276.1,14552.0
13:54,275.84,276.01,275.71,276.01,11362.0
13:55,275.87,275.94,275.81,275.83,8140.0
13:56,275.7,275.95,275.7,275.8,9092.0
13:57,275.79,275.86,275.64,275.74,6140.0
13:58,275.9,275.97,275.73,275.86,17139.0
13:59,275.73,275.88,275.71,275.86,12006.0
14:00,276.0,276.37,275.71,275.88,31080.0
14:01,276.41,276.42,276.03,276.28,17657.0
14:02,276.19,276.52,276.19,276.35,21713.0
14:03,275.75,276.13,275.62,276.13,23743.0
14:04,276.01,276.01,275.7,275.7,11593.0
14:05,276.11,276.11,275.65,275.99,19485.0
14:06,275.77,276.47,275.77,275.94,19672.0
14:07,276.05,276.05,275.65,275.78,15147.0
14:08,276.02,276.29,275.86,276.03,18674.0
14:09,275.57,275.93,275.52,275.93,19587.0
14:10,275.51,275.66,275.04,275.66,63576.0
14:11,275.51,275.67,275.32,275.5,11136.0
14:12,275.13,275.68,275.13,275.59,13732.0
14:13,275.29,275.41,275.15,275.15,19500.0
14:14,275.15,275.44,275.15,275.23,10456.0
14:15,275.14,275.29,275.1,275.15,8691.0
14:16,275.12,275.21,274.97,275.06,32839.0
14:17,275.21,275.3,275.04,275.14,11291.0
14:18,275.42,275.58,275.16,275.16,14420.0
14:19,275.5,275.75,275.42,275.46,13778.0
14:20,275.34,275.55,275.3,275.51,10243.0
14:21,275.3,275.55,275.21,275.3,8932.0
14:22,275.42,275.45,275.18,275.26,9721.0
14:23,275.49,275.56,275.35,275.42,9327.0
14:24,276.1,276.25,275.5,275.56,39749.0
14:25,276.11,276.2,275.9,276.14,11380.0
14:26,275.99,276.17,275.91,276.17,12511.0
14:27,275.89,276.04,275.71,275.95,10146.0
14:28,275.65,275.92,275.65,275.82,10422.0
14:29,275.79,275.83,275.47,275.7,14487.0
14:30,275.43,275.9,275.42,275.76,19539.0
14:31,275.55,275.65,275.45,275.53,13181.0
14:32,275.5,275.57,275.35,275.49,38752.0
14:33,275.46,275.7,275.38,275.5,26661.0
14:34,275.33,275.56,275.21,275.46,67875.0
14:35,273.91,275.26,273.76,275.21,91410.0
14:36,273.98,274.28,273.51,273.8,57858.0
14:37,273.7,274.12,273.3,274.02,62990.0
14:38,273.4,273.76,273.11,273.61,32447.0
14:39,272.76,273.48,272.54,273.39,78213.0
14:40,273.0,273.14,272.5,272.79,50163.0
14:41,272.95,273.33,272.5,272.96,41001.0
14:42,272.88,273.04,272.7,272.9,22198.0
14:43,273.56,274.0,272.72,272.82,56306.0
14:44,273.01,273.61,273.0,273.48,33509.0
14:45,273.44,273.69,272.9,273.03,34799.0
14:46,274.03,274.06,273.33,273.33,38652.0
14:47,273.27,274.06,273.24,273.98,32230.0
14:48,273.83,274.0,273.18,273.26,17907.0
14:49,273.8,274.03,273.6,273.84,30015.0
14:50,274.17,274.44,273.68,273.93,31545.0
14:51,274.5,274.68,274.08,274.24,25564.0
14:52,274.58,274.81,274.39,274.59,24272.0
14:53,274.47,274.72,274.36,274.6,17549.0
14:54,274.67,275.0,274.42,274.47,34325.0
14:55,274.94,275.11,274.73,274.75,32609.0
14:56,274.7,275.0,274.59,274.95,19427.0
14:57,275.09,275.14,274.59,274.66,19234.0
14:58,274.7,275.01,274.61,275.01,20924.0
14:59,274.89,274.97,274.55,274.81,19029.0
15:00,275.31,275.48,274.97,274.99,36934.0
15:01,275.16,275.32,274.97,275.3,26983.0
15:02,274.94,275.14,274.71,275.14,21800.0
15:03,274.39,275.11,274.37,274.89,40650.0
15:04,274.3,274.53,274.23,274.39,23108.0
15:05,275.1,275.1,274.31,274.4,26650.0
15:06,275.18,275.36,274.95,275.07,23386.0
15:07,275.41,275.58,275.05,275.11,21299.0
15:08,275.19,275.46,275.11,275.37,14207.0
15:09,275.26,275.4,275.2,275.2,25243.0
15:10,275.44,275.63,274.86,275.13,47109.0
15:11,275.37,275.59,275.19,275.42,22417.0
15:12,275.27,275.91,275.27,275.38,35481.0
15:13,274.85,275.33,274.85,275.28,38773.0
15:14,274.76,274.86,274.49,274.84,17521.0
15:15,275.01,275.04,274.68,274.85,42138.0
15:16,274.68,274.96,274.5,274.96,23874.0
15:17,274.2,274.74,274.19,274.74,28911.0
15:18,274.52,274.52,273.93,274.21,40040.0
15:19,274.68,274.68,274.48,274.51,15833.0
15:20,274.78,274.8,274.24,274.57,31186.0
15:21,274.72,274.82,274.44,274.8,23497.0
15:22,275.06,275.32,274.7,274.7,27283.0
15:23,274.82,275.09,274.7,275.01,12110.0
15:24,274.74,274.88,274.64,274.82,22406.0
15:25,275.0,275.2,274.67,274.77,26302.0
15:26,274.77,275.03,274.7,275.02,11397.0
15:27,274.33,274.71,274.31,274.65,28032.0
15:28,274.18,274.39,274.0,274.37,25607.0
15:29,274.18,274.37,274.12,274.14,27105.0
15:30,274.63,274.69,274.12,274.19,24674.0
15:31,274.49,274.63,274.4,274.57,29616.0
15:32,274.24,274.61,274.24,274.48,29152.0
15:33,274.1,274.32,274.09,274.28,31591.0
15:34,274.24,274.24,273.92,274.12,40830.0
15:35,274.11,274.25,274.01,274.15,22313.0
15:36,273.85,274.07,273.74,274.07,28014.0
15:37,273.84,274.0,273.74,273.8,38295.0
15:38,273.96,274.19,273.74,273.82,42486.0
15:39,274.02,274.08,273.79,273.98,28435.0
15:40,273.96,274.13,273.95,274.06,30701.0
15:41,274.05,274.14,273.84,274.0,26497.0
15:42,273.68,274.08,273.6,273.99,33325.0
15:43,274.06,274.14,273.72,273.74,33191.0
15:44,274.3,274.36,273.95,274.1,40762.0
15:45,274.45,274.56,274.27,274.33,37477.0
15:46,274.33,274.5,274.22,274.41,20730.0
15:47,274.59,274.59,274.22,274.28,33683.0
15:48,275.31,275.37,274.5,274.53,64067.0
15:49,275.17,275.57,275.08,275.32,60764.0
15:50,275.59,275.67,275.25,275.33,50312.0
15:51,275.86,275.96,275.6,275.61,60377.0
15:52,275.62,275.87,275.45,275.87,51249.0
15:53,275.49,275.74,275.34,275.62,52548.0
15:54,275.37,275.65,275.32,275.52,38461.0
15:55,275.18,275.5,275.18,275.37,68031.0
15:56,275.49,275.49,274.99,275.18,53094.0
15:57,275.14,275.55,275.12,275.49,82352.0
15:58,275.19,275.32,275.06,275.19,122456.0
15:59,275.36,275.4,275.02,275.2,194964.0
