Time,Close,High,Low,Open,Volume
09:30,224.81,225.16,224.31,224.99,509192.0
09:31,224.81,225.16,224.31,224.99,509192.0
09:32,224.81,225.16,224.31,224.99,509192.0
09:33,224.81,225.16,224.31,224.99,509192.0
09:34,224.81,225.16,224.31,224.99,509192.0
09:35,224.81,225.16,224.31,224.99,509192.0
09:36,224.81,225.16,224.31,224.99,509192.0
09:37,224.81,225.16,224.31,224.99,509192.0
09:38,224.81,225.16,224.31,224.99,509192.0
09:39,224.81,225.16,224.31,224.99,509192.0
09:40,224.81,225.16,224.31,224.99,509192.0
09:41,224.81,225.16,224.31,224.99,509192.0
09:42,224.81,225.16,224.31,224.99,509192.0
09:43,224.81,225.16,224.31,224.99,509192.0
09:44,224.81,225.16,224.31,224.99,509192.0
09:45,224.81,225.16,224.31,224.99,509192.0
09:46,224.81,225.16,224.31,224.99,509192.0
09:47,224.81,225.16,224.31,224.99,509192.0
09:48,224.81,225.16,224.31,224.99,509192.0
09:49,224.81,225.16,224.31,224.99,509192.0
09:50,224.81,225.16,224.31,224.99,509192.0
09:51,224.81,225.16,224.31,224.99,509192.0
09:52,224.81,225.16,224.31,224.99,509192.0
09:53,224.81,225.16,224.31,224.99,509192.0
09:54,224.81,225.16,224.31,224.99,509192.0
09:55,224.81,225.16,224.31,224.99,509192.0
09:56,224.81,225.16,224.31,224.99,509192.0
09:57,224.81,225.16,224.31,224.99,509192.0
09:58,224.81,225.16,224.31,224.99,509192.0
09:59,224.81,225.16,224.31,224.99,509192.0
10:00,224.81,225.16,224.31,224.99,509192.0
10:01,224.81,225.16,224.31,224.99,509192.0
10:02,224.81,225.16,224.31,224.99,509192.0
10:03,224.81,225.16,224.31,224.99,509192.0
10:04,224.81,225.16,224.31,224.99,509192.0
10:05,224.81,225.16,224.31,224.99,509192.0
10:06,224.81,225.16,224.31,224.99,509192.0
10:07,224.81,225.16,224.31,224.99,509192.0
10:08,224.81,225.16,224.31,224.99,509192.0
10:09,224.81,225.16,224.31,224.99,509192.0
10:10,224.81,225.16,224.31,224.99,509192.0
10:11,224.81,225.16,224.31,224.99,509192.0
10:12,224.81,225.16,224.31,224.99,509192.0
10:13,224.81,225.16,224.31,224.99,509192.0
10:14,224.81,225.16,224.31,224.99,509192.0
10:15,224.81,225.16,224.31,224.99,509192.0
10:16,224.81,225.16,224.31,224.99,509192.0
10:17,224.81,225.16,224.31,224.99,509192.0
10:18,224.81,225.16,224.31,224.99,509192.0
10:19,224.81,225.16,224.31,224.99,509192.0
10:20,224.81,225.16,224.31,224.99,509192.0
10:21,224.81,225.16,224.31,224.99,509192.0
10:22,224.81,225.16,224.31,224.99,509192.0
10:23,224.81,225.16,224.31,224.99,509192.0
10:24,224.81,225.16,224.31,224.99,509192.0
10:25,224.81,225.16,224.31,224.99,509192.0
10:26,224.81,225.16,224.31,224.99,509192.0
10:27,224.81,225.16,224.31,224.99,509192.0
10:28,224.81,225.16,224.31,224.99,509192.0
10:29,224.81,225.16,224.31,224.99,509192.0
10:30,224.81,225.16,224.31,224.99,509192.0
10:31,225.0,225.0,224.5,224.79,9849.0
10:32,224.95,225.03,224.62,224.94,4548.0
10:33,224.05,224.97,223.14,224.82,444345.0
10:34,224.16,224.53,223.46,224.25,130383.0
10:35,223.0,224.26,222.89,224.2,132794.0
10:36,221.88,223.31,221.8,222.9,196620.0
10:37,222.37,222.51,221.5,221.88,418274.0
10:38,222.2,222.44,221.81,222.36,117063.0
10:39,221.38,222.35,221.26,222.23,112575.0
10:40,221.69,221.86,221.2,221.34,139402.0
10:41,220.91,222.06,220.86,221.76,141161.0
10:42,220.51,220.91,219.7,220.91,352854.0
10:43,220.24,220.51,219.89,220.51,139536.0
10:44,220.01,220.52,219.9,220.24,122439.0
10:45,221.51,221.6,220.0,220.01,122969.0
10:46,221.64,221.93,221.0,221.57,113097.0
10:47,221.41,222.0,221.35,221.67,87398.0
10:48,221.94,222.01,221.14,221.47,108247.0
10:49,222.23,222.67,221.73,221.93,115170.0
10:50,222.14,222.8,221.5,222.12,116045.0
10:51,222.2,222.5,221.88,222.24,114417.0
10:52,221.67,222.22,221.38,222.18,121816.0
10:53,221.64,221.78,221.21,221.65,84135.0
10:54,220.82,221.75,220.76,221.71,73779.0
10:55,221.27,221.53,220.63,220.84,106449.0
10:56,221.71,221.71,220.93,221.27,89737.0
10:57,221.66,221.76,221.32,221.7,130607.0
10:58,221.6,221.76,221.38,221.67,51706.0
10:59,221.36,221.8,221.25,221.6,51006.0
11:00,221.71,221.76,221.23,221.34,59787.0
11:01,221.12,221.76,220.96,221.71,101352.0
11:02,220.29,221.13,220.16,221.11,131635.0
11:03,220.15,220.33,219.85,220.26,194192.0
11:04,219.55,220.21,219.18,220.18,210911.0
11:05,220.08,220.09,219.57,219.58,177784.0
11:06,220.19,220.53,219.99,220.01,67874.0
11:07,220.49,220.75,220.02,220.19,69644.0
11:08,221.39,221.5,220.43,220.46,80411.0
11:09,222.39,222.46,221.25,221.37,112903.0
11:10,222.37,222.41,221.84,222.34,107012.0
11:11,222.68,222.91,222.32,222.32,117051.0
11:12,222.95,223.0,222.43,222.72,68224.0
11:13,223.12,223.22,222.84,222.96,135960.0
11:14,224.07,224.1,223.13,223.13,154116.0
11:15,223.66,224.1,223.46,224.01,144935.0
11:16,223.65,224.04,223.55,223.71,71831.0
11:17,222.46,223.65,222.44,223.59,69668.0
11:18,222.55,222.9,222.2,222.45,105719.0
11:19,222.4,222.7,222.3,222.57,63060.0
11:20,222.64,222.72,222.25,222.44,60390.0
11:21,222.13,222.74,221.92,222.56,92957.0
11:22,222.83,222.92,222.09,222.14,61815.0
11:23,223.18,223.33,222.75,222.81,86165.0
11:24,222.95,223.5,222.8,223.17,65157.0
11:25,223.34,223.4,222.58,223.01,55714.0
11:26,223.21,223.42,222.85,223.4,42162.0
11:27,222.73,223.17,222.7,223.1,41241.0
11:28,222.77,223.08,222.71,222.79,48179.0
11:29,222.79,223.06,222.71,222.79,28110.0
11:30,222.96,223.06,222.66,222.8,46479.0
11:31,222.96,223.1,222.7,222.96,34636.0
11:32,223.61,223.75,222.88,223.05,51601.0
11:33,223.88,224.0,223.42,223.58,99520.0
11:34,223.51,224.01,223.41,223.88,93934.0
11:35,223.1,223.7,223.06,223.51,83995.0
11:36,222.44,223.14,222.12,223.1,168006.0
11:37,221.43,222.49,221.31,222.42,108812.0
11:38,221.31,221.6,221.25,221.5,64484.0
11:39,221.43,221.6,221.26,221.29,65034.0
11:40,221.6,221.75,221.37,221.38,67333.0
11:41,221.6,221.74,221.32,221.6,97842.0
11:42,221.88,222.0,221.43,221.6,61944.0
11:43,221.76,222.12,221.68,221.88,39345.0
11:44,221.35,221.83,221.35,221.7,36850.0
11:45,221.12,221.54,221.0,221.48,89319.0
11:46,221.29,221.36,221.01,221.09,49578.0
11:47,220.99,221.24,220.87,221.17,123718.0
11:48,221.01,221.28,220.84,221.01,60234.0
11:49,220.93,221.05,220.72,221.01,64525.0
11:50,220.71,221.05,220.67,220.91,55844.0
11:51,220.99,221.05,220.62,220.71,51986.0
11:52,220.97,221.13,220.77,220.99,68338.0
11:53,221.23,221.3,220.8,220.98,49676.0
11:54,220.29,221.22,220.2,221.19,70161.0
11:55,220.06,220.29,219.69,220.29,135629.0
11:56,220.69,220.76,220.09,220.1,69962.0
11:57,220.56,220.87,220.19,220.62,59050.0
11:58,220.94,221.0,220.46,220.56,45066.0
11:59,221.35,221.5,220.84,220.97,87455.0
12:00,221.51,221.64,221.07,221.32,71901.0
12:01,221.08,221.84,220.99,221.5,118929.0
12:02,220.7,221.45,220.7,221.08,58662.0
12:03,220.21,220.85,220.1,220.72,77773.0
12:04,220.26,220.39,220.15,220.21,43221.0
12:05,220.31,220.6,220.2,220.27,46479.0
12:06,220.08,220.37,219.83,220.33,91235.0
12:07,219.98,220.2,219.83,220.07,52929.0
12:08,219.67,220.08,219.57,220.03,84747.0
12:09,219.86,220.03,219.63,219.65,59508.0
12:10,219.72,219.95,219.54,219.82,58559.0
12:11,219.9,219.96,219.54,219.69,135144.0
12:12,219.9,220.04,219.57,219.92,43426.0
12:13,219.96,220.16,219.63,219.91,74331.0
12:14,220.05,220.16,219.75,219.96,34386.0
12:15,220.01,220.27,219.93,220.07,61731.0
12:16,219.77,220.04,219.52,220.01,89046.0
12:17,219.92,220.18,219.65,219.76,64427.0
12:18,219.65,220.04,219.63,219.88,42415.0
12:19,219.48,219.67,219.31,219.67,63545.0
12:20,219.68,219.74,219.31,219.5,56268.0
12:21,218.81,219.82,218.81,219.62,122750.0
12:22,219.08,219.17,218.61,218.86,100015.0
12:23,219.59,219.88,219.07,219.15,67552.0
12:24,219.24,219.65,219.05,219.64,44134.0
12:25,219.02,219.45,218.8,219.25,49699.0
12:26,219.37,219.41,218.96,219.02,59542.0
12:27,219.26,219.53,219.12,219.35,28070.0
12:28,219.55,219.64,219.12,219.35,46070.0
12:29,219.48,219.62,219.24,219.54,71014.0
12:30,219.51,219.55,219.3,219.48,50259.0
12:31,219.29,219.58,219.29,219.52,32202.0
12:32,219.25,219.54,219.22,219.29,44066.0
12:33,219.26,219.37,219.01,219.3,51229.0
12:34,219.94,220.12,219.28,219.31,104975.0
12:35,219.51,220.02,219.51,219.94,49145.0
12:36,218.88,219.73,218.8,219.64,60801.0
12:37,218.97,219.01,218.69,218.88,59426.0
12:38,219.12,219.17,218.65,218.92,47491.0
12:39,218.83,219.28,218.45,219.13,124285.0
12:40,218.82,219.0,218.5,218.87,39249.0
12:41,218.58,218.87,218.5,218.82,38620.0
12:42,218.68,218.8,218.55,218.55,46088.0
12:43,218.61,218.8,218.55,218.63,31211.0
12:44,218.75,219.14,218.57,218.61,59009.0
12:45,218.76,218.85,218.5,218.73,60001.0
12:46,218.85,219.07,218.69,218.74,59496.0
12:47,219.16,219.49,218.82,218.85,78891.0
12:48,218.8,219.2,218.67,219.1,38869.0
12:49,218.98,219.01,218.82,218.85,45035.0
12:50,218.83,219.0,218.57,218.98,51240.0
12:51,218.75,219.01,218.72,218.79,53300.0
12:52,218.36,218.73,218.1,218.71,103636.0
12:53,218.43,218.62,218.2,218.38,68999.0
12:54,218.39,218.6,218.26,218.42,32060.0
12:55,218.45,218.5,218.2,218.4,47875.0
12:56,218.39,218.65,218.38,218.45,36590.0
12:57,218.33,218.45,218.17,218.35,58531.0
12:58,218.32,218.44,218.15,218.37,48023.0
12:59,218.31,218.66,218.28,218.32,55924.0
13:00,218.48,218.52,218.24,218.36,63231.0
13:01,218.6,218.7,218.3,218.48,96335.0
13:02,218.15,218.62,218.1,218.59,58381.0
13:03,218.58,218.66,218.14,218.17,47654.0
13:04,218.9,219.0,218.58,218.62,82820.0
13:05,218.96,219.0,218.6,218.87,57214.0
13:06,219.07,219.35,218.9,218.92,89954.0
13:07,218.84,219.25,218.84,219.06,71904.0
13:08,219.04,219.27,218.8,218.84,47742.0
13:09,218.51,219.07,218.49,219.07,49108.0
13:10,218.69,218.78,218.42,218.48,34022.0
13:11,218.79,218.94,218.58,218.71,28580.0
13:12,218.65,219.12,218.65,218.86,38098.0
13:13,218.95,218.95,218.66,218.66,33586.0
13:14,218.69,218.98,218.58,218.92,26262.0
13:15,218.94,219.13,218.68,218.72,65930.0
13:16,218.94,219.0,218.68,218.94,56295.0
13:17,219.1,219.21,218.85,218.98,59620.0
13:18,219.05,219.18,218.91,219.07,44663.0
13:19,219.04,219.44,219.0,219.05,56201.0
13:20,219.0,219.36,219.0,219.05,28717.0
13:21,218.65,219.17,218.65,219.0,41675.0
13:22,218.83,218.92,218.62,218.64,30973.0
13:23,219.18,219.21,218.82,218.87,41970.0
13:24,219.39,219.67,219.2,219.2,45449.0
13:25,219.28,219.42,219.0,219.39,33086.0
13:26,218.85,219.29,218.77,219.29,53662.0
13:27,219.08,219.17,218.89,218.9,24030.0
13:28,219.15,219.26,219.05,219.07,30909.0
13:29,218.78,219.23,218.72,219.17,32223.0
13:30,219.04,219.05,218.71,218.74,40453.0
13:31,218.87,219.04,218.74,219.04,24287.0
13:32,218.77,219.08,218.74,218.86,33476.0
13:33,218.99,218.99,218.69,218.76,30750.0
13:34,218.92,219.07,218.92,218.98,24811.0
13:35,218.51,218.95,218.48,218.94,47105.0
13:36,218.7,218.75,218.4,218.51,42599.0
13:37,218.82,218.84,218.64,218.67,23462.0
13:38,219.22,219.33,218.82,218.83,45153.0
13:39,219.38,219.41,219.1,219.18,54122.0
13:40,219.54,219.54,219.25,219.37,27837.0
13:41,219.31,219.74,219.13,219.57,50699.0
13:42,219.5,219.55,219.24,219.31,28448.0
13:43,219.36,219.67,219.31,219.48,28603.0
13:44,219.16,219.61,219.15,219.38,29146.0
13:45,218.81,219.25,218.73,219.21,46221.0
13:46,218.78,218.86,218.4,218.81,32541.0
13:47,218.32,218.78,218.26,218.77,51894.0
13:48,218.69,218.77,218.29,218.3,36241.0
13:49,218.67,218.79,218.39,218.62,49692.0
13:50,218.54,218.72,218.31,218.65,33372.0
13:51,218.4,218.55,218.32,218.54,35818.0
13:52,218.31,218.61,218.24,218.39,44617.0
13:53,218.42,218.46,218.2,218.37,42837.0
13:54,218.23,218.54,218.23,218.42,44411.0
13:55,217.87,218.27,217.6,218.27,190081.0
13:56,217.77,218.06,217.75,217.88,73957.0
13:57,217.73,218.02,217.65,217.79,64241.0
13:58,217.6,217.88,217.4,217.72,95269.0
13:59,217.49,217.73,217.4,217.51,75118.0
14:00,217.9,217.99,217.41,217.52,78881.0
14:01,217.92,217.99,217.69,217.9,32833.0
14:02,217.91,218.16,217.83,217.91,41033.0
14:03,217.81,218.03,217.75,217.97,17500.0
14:04,217.99,218.05,217.76,217.76,35702.0
14:05,217.7,218.09,217.68,218.03,25672.0
14:06,217.72,217.82,217.51,217.66,54970.0
14:07,217.81,217.88,217.55,217.68,23660.0
14:08,217.64,217.82,217.6,217.82,23876.0
14:09,217.64,217.76,217.52,217.64,25099.0
14:10,217.69,217.76,217.54,217.64,32661.0
14:11,217.43,217.69,217.21,217.69,73754.0
14:12,217.48,217.7,217.3,217.4,47920.0
14:13,217.27,217.58,217.26,217.47,32257.0
14:14,217.48,217.61,217.26,217.29,41118.0
14:15,217.27,217.53,217.22,217.49,46352.0
14:16,217.03,217.41,217.03,217.27,49856.0
14:17,216.85,217.05,216.8,217.05,99842.0
14:18,217.05,217.11,216.84,216.84,42575.0
14:19,216.7,217.05,216.63,217.05,61263.0
14:20,216.51,216.76,216.42,216.72,61034.0
14:21,216.45,216.49,216.24,216.47,123861.0
14:22,216.62,216.67,216.43,216.43,39795.0
14:23,216.77,216.97,216.62,216.62,43316.0
14:24,216.9,216.97,216.64,216.81,30571.0
14:25,216.46,216.88,216.35,216.86,45369.0
14:26,216.64,216.69,216.4,216.5,32776.0
14:27,216.73,216.77,216.51,216.61,26542.0
14:28,216.57,216.87,216.46,216.71,47737.0
14:29,216.54,216.61,216.38,216.56,50046.0
14:30,216.46,216.65,216.38,216.53,27294.0
14:31,216.4,216.62,216.32,216.48,33271.0
14:32,216.4,216.68,216.38,216.38,43321.0
14:33,216.41,216.58,216.28,216.44,44935.0
14:34,216.34,216.45,216.08,216.41,62029.0
14:35,216.2,216.45,216.1,216.34,43395.0
14:36,215.89,216.21,215.8,216.18,108132.0
14:37,215.87,215.94,215.6,215.89,54106.0
14:38,215.76,216.07,215.75,215.91,61302.0
14:39,216.02,216.07,215.65,215.77,54918.0
14:40,215.59,216.02,215.24,216.02,95364.0
14:41,216.13,216.2,215.52,215.56,71212.0
14:42,215.84,216.15,215.83,216.13,39616.0
14:43,216.48,216.48,215.87,215.87,53272.0
14:44,216.67,216.8,216.3,216.48,58183.0
14:45,216.87,216.95,216.6,216.72,51672.0
14:46,216.61,216.89,216.54,216.85,62335.0
14:47,216.64,216.76,216.43,216.63,33126.0
14:48,216.71,216.94,216.56,216.6,37988.0
14:49,216.61,216.78,216.5,216.72,20878.0
14:50,216.43,216.71,216.38,216.55,26295.0
14:51,216.35,216.53,216.13,216.39,41212.0
14:52,216.28,216.39,216.01,216.35,36829.0
14:53,216.43,216.51,216.18,216.27,19753.0
14:54,216.07,216.46,216.05,216.43,46385.0
14:55,215.92,216.4,215.77,216.07,52269.0
14:56,216.34,216.39,215.87,215.92,37558.0
14:57,216.13,216.38,216.08,216.34,32257.0
14:58,216.4,216.52,216.18,216.18,37850.0
14:59,216.42,216.42,216.17,216.37,26602.0
15:00,216.15,216.53,216.05,216.45,28385.0
15:01,215.7,216.14,215.58,216.14,71924.0
15:02,215.42,215.7,215.26,215.7,71513.0
15:03,215.44,215.49,215.22,215.47,37456.0
15:04,215.4,215.57,215.37,215.44,28303.0
15:05,215.47,215.6,215.3,215.4,40136.0
15:06,215.75,215.8,215.51,215.51,38969.0
15:07,215.69,215.94,215.58,215.73,48352.0
15:08,215.5,215.7,215.35,215.62,46208.0
15:09,215.71,215.74,215.43,215.53,49061.0
15:10,215.75,215.91,215.6,215.71,25835.0
15:11,215.82,215.99,215.75,215.75,26248.0
15:12,215.5,215.89,215.49,215.77,46279.0
15:13,215.48,215.55,215.36,215.49,24812.0
15:14,215.46,215.56,215.32,215.49,27820.0
15:15,215.51,215.59,215.34,215.47,32853.0
15:16,215.39,215.54,215.34,215.51,26675.0
15:17,215.59,215.64,215.35,215.38,33821.0
15:18,216.01,216.11,215.6,215.6,38890.0
15:19,215.73,216.02,215.61,216.0,25152.0
15:20,216.11,216.17,215.65,215.73,44621.0
15:21,216.23,216.28,215.97,216.14,33732.0
15:22,216.49,216.49,216.07,216.2,67340.0
15:23,216.44,216.54,216.3,216.49,43440.0
15:24,216.57,216.66,216.33,216.43,41661.0
15:25,217.08,217.11,216.5,216.51,56212.0
15:26,216.89,217.1,216.65,217.07,45479.0
15:27,216.86,217.08,216.85,216.89,36034.0
15:28,217.07,217.1,216.89,216.89,34900.0
15:29,217.39,217.39,217.05,217.07,61510.0
15:30,217.07,217.48,216.91,217.35,83940.0
15:31,216.94,217.19,216.93,217.06,53798.0
15:32,217.26,217.4,216.99,217.0,40997.0
15:33,217.23,217.39,217.16,217.24,34664.0
15:34,217.16,217.43,217.14,217.22,44672.0
15:35,217.18,217.31,217.14,217.17,32145.0
15:36,217.33,217.57,217.18,217.18,49344.0
15:37,217.32,217.69,217.21,217.37,49840.0
15:38,216.69,217.39,216.61,217.28,60194.0
15:39,216.91,216.97,216.73,216.75,26504.0
15:40,216.35,216.93,216.3,216.93,42967.0
15:41,216.18,216.37,216.03,216.37,43172.0
15:42,216.21,216.27,216.03,216.19,27059.0
15:43,216.48,216.51,216.2,216.23,34282.0
15:44,216.35,216.54,216.25,216.45,23023.0
15:45,216.26,216.56,216.22,216.37,22875.0
15:46,216.28,216.3,216.08,216.22,30422.0
15:47,216.18,216.37,216.07,216.29,27881.0
15:48,216.06,216.28,216.0,216.19,28461.0
15:49,216.24,216.26,216.1,216.11,40376.0
15:50,216.46,216.6,216.24,216.25,31715.0
15:51,216.42,216.6,216.38,216.48,21438.0
15:52,216.6,216.64,216.39,216.42,28881.0
15:53,216.27,216.64,216.17,216.62,43141.0
15:54,216.35,216.47,216.23,216.27,30828.0
15:55,216.15,216.39,216.0,216.35,54724.0
15:56,216.24,216.35,215.99,216.15,62259.0
15:57,216.49,216.56,216.19,216.24,50378.0
15:58,216.65,216.82,216.4,216.49,57779.0
15:59,216.85,216.97,216.55,216.7,38066.0
16:00,217.07,217.15,216.71,216.82,42929.0
16:01,217.14,217.55,217.05,217.05,51111.0
16:02,217.06,217.3,217.04,217.16,36757.0
16:03,217.28,217.49,217.05,217.07,36604.0
16:04,216.85,217.29,216.8,217.29,46659.0
16:05,216.84,216.96,216.73,216.84,33087.0
16:06,216.94,217.18,216.77,216.84,25333.0
16:07,216.67,217.01,216.6,216.92,36560.0
16:08,217.29,217.32,216.65,216.65,52479.0
16:09,217.55,217.57,217.25,217.28,73597.0
16:10,217.53,217.68,217.33,217.55,64609.0
16:11,217.72,217.84,217.51,217.51,65809.0
16:12,217.56,217.73,217.5,217.73,34901.0
16:13,217.32,217.59,217.22,217.59,46420.0
16:14,217.16,217.36,216.97,217.3,72188.0
16:15,217.03,217.23,216.88,217.14,59442.0
16:16,217.2,217.4,217.02,217.02,45629.0
16:17,216.76,217.21,216.76,217.21,26841.0
16:18,216.67,216.86,216.6,216.79,39076.0
16:19,216.8,216.89,216.56,216.7,30746.0
16:20,216.32,216.8,216.01,216.8,81514.0
16:21,216.68,216.7,216.2,216.34,35841.0
16:22,216.72,216.89,216.57,216.7,37255.0
16:23,216.38,216.74,216.36,216.74,27087.0
16:24,216.4,216.5,216.26,216.42,52745.0
16:25,216.02,216.42,215.87,216.42,75314.0
16:26,215.88,216.06,215.84,216.03,93380.0
16:27,215.93,216.0,215.7,215.84,57174.0
16:28,215.78,215.96,215.67,215.96,70411.0
16:29,215.8,215.95,215.74,215.79,97718.0
16:30,215.82,216.0,215.74,215.82,76044.0
16:31,215.72,215.87,215.6,215.85,39451.0
16:32,215.74,215.86,215.62,215.74,51621.0
16:33,215.63,215.73,215.48,215.73,58292.0
16:34,215.88,216.0,215.61,215.61,84515.0
16:35,216.17,216.23,215.82,215.86,76448.0
16:36,215.95,216.25,215.92,216.18,93317.0
16:37,215.99,216.11,215.69,215.95,104624.0
16:38,216.42,216.5,215.96,215.96,80084.0
16:39,216.5,216.65,216.22,216.43,65587.0
16:40,216.38,216.57,216.32,216.5,47812.0
16:41,216.46,216.85,216.37,216.37,109779.0
16:42,216.99,217.03,216.28,216.46,86682.0
16:43,217.35,217.37,216.86,216.99,99844.0
16:44,217.25,217.6,217.06,217.36,140066.0
16:45,217.19,217.33,217.0,217.24,143013.0
16:46,217.15,217.22,216.83,217.19,84434.0
16:47,216.65,217.22,216.63,217.12,73504.0
16:48,216.68,216.88,216.56,216.67,73951.0
16:49,216.37,216.78,216.35,216.7,73760.0
16:50,217.02,217.04,216.38,216.38,187471.0
16:51,217.66,217.73,216.94,216.99,122918.0
16:52,217.22,217.72,216.94,217.66,119053.0
16:53,216.84,217.27,216.78,217.22,79422.0
16:54,216.55,216.85,216.01,216.81,119508.0
16:55,216.98,217.35,216.57,216.6,197069.0
16:56,216.84,217.09,216.44,217.0,239487.0
16:57,216.99,217.04,216.77,216.84,290507.0
16:58,217.6,217.61,216.91,216.99,377558.0
16:59,217.52,217.72,217.07,217.6,496437.0
