Time,Close,High,Low,Open,Volume
09:30,303.35,306.45,301.17,306.45,5352755.0
09:31,303.1,305.06,302.74,304.94,622337.0
09:32,304.47,305.19,302.7,302.95,542205.0
09:33,303.67,305.53,303.64,304.35,390039.0
09:34,303.42,303.94,302.05,303.55,282846.0
09:35,303.72,304.29,302.37,303.74,417033.0
09:36,304.02,304.64,302.68,303.93,551220.0
09:37,304.39,304.77,303.58,303.86,269634.0
09:38,304.4,304.74,303.72,304.39,171365.0
09:39,304.23,305.5,303.8,304.33,383043.0
09:40,305.06,305.77,304.23,304.23,262595.0
09:41,305.77,306.25,305.02,305.05,237771.0
09:42,305.95,306.4,305.76,305.77,287323.0
09:43,306.83,307.0,305.64,305.81,274409.0
09:44,305.61,307.03,305.05,306.85,276368.0
09:45,305.29,306.37,304.97,305.69,220570.0
09:46,305.85,306.0,305.11,305.14,106372.0
09:47,305.44,306.0,305.32,305.95,108941.0
09:48,305.54,305.7,304.98,305.57,125647.0
09:49,306.3,306.5,305.4,305.5,139905.0
09:50,305.57,306.4,305.05,306.37,166048.0
09:51,305.1,305.87,304.5,305.52,128878.0
09:52,305.04,305.93,304.9,305.09,95047.0
09:53,304.99,305.29,304.3,305.01,108021.0
09:54,304.49,305.3,304.41,304.92,107460.0
09:55,304.01,304.69,303.86,304.45,219811.0
09:56,304.16,304.7,303.8,303.94,157905.0
09:57,304.4,305.24,304.0,304.18,157637.0
09:58,304.09,305.0,304.0,304.47,127073.0
09:59,303.96,304.36,303.74,304.09,180785.0
10:00,302.2,304.17,302.07,303.98,208654.0
10:01,304.05,304.14,302.02,302.19,193955.0
10:02,303.71,304.48,303.5,304.16,153243.0
10:03,303.8,304.3,303.4,303.61,112974.0
10:04,304.14,304.43,303.7,303.72,69110.0
10:05,304.85,305.3,304.13,304.14,139513.0
10:06,304.57,305.07,304.36,304.85,72104.0
10:07,304.16,304.53,304.05,304.5,55850.0
10:08,304.2,304.8,304.1,304.12,47643.0
10:09,302.15,304.3,302.12,304.14,198470.0
10:10,302.78,302.97,302.0,302.24,86892.0
10:11,302.67,302.94,302.09,302.77,1354490.0
10:12,303.01,303.41,302.58,302.67,64858.0
10:13,302.67,303.05,302.48,303.05,118447.0
10:14,302.63,302.86,302.46,302.59,73981.0
10:15,303.2,303.42,302.57,302.76,49254.0
10:16,303.15,303.49,302.8,303.14,61906.0
10:17,303.13,303.25,302.82,303.02,53078.0
10:18,303.49,303.5,302.73,303.06,45094.0
10:19,303.02,303.48,302.5,303.4,92033.0
10:20,303.05,303.43,302.66,302.86,95428.0
10:21,303.8,303.84,302.7,303.03,120128.0
10:22,302.69,304.0,302.61,303.76,74896.0
10:23,302.66,302.78,302.45,302.67,91916.0
10:24,301.93,302.78,301.6,302.61,162979.0
10:25,302.11,302.91,301.88,301.89,224697.0
10:26,301.86,302.03,301.31,302.0,119989.0
10:27,302.01,302.47,301.89,301.89,86433.0
10:28,301.29,302.0,301.1,302.0,95947.0
10:29,301.12,301.73,301.08,301.3,85359.0
10:30,300.89,301.34,300.53,301.04,172554.0
10:31,301.49,301.5,300.26,300.84,134049.0
10:32,300.5,301.47,300.36,301.34,87271.0
10:33,300.77,300.87,300.06,300.52,122697.0
10:34,301.69,301.88,300.67,300.77,112350.0
10:35,301.5,302.17,301.31,301.84,87252.0
10:36,302.17,302.28,301.19,301.63,60109.0
10:37,302.72,302.73,301.75,302.17,60528.0
10:38,301.54,302.68,301.33,302.65,82161.0
10:39,302.11,302.18,301.37,301.55,113740.0
10:40,302.13,302.37,301.93,302.17,40201.0
10:41,301.88,302.18,301.75,302.07,44916.0
10:42,300.5,301.85,300.5,301.85,115241.0
10:43,300.37,300.75,300.3,300.53,91393.0
10:44,299.64,300.37,299.39,300.37,269727.0
10:45,300.31,300.44,299.52,299.77,89381.0
10:46,300.82,300.89,300.16,300.44,86112.0
10:47,300.45,300.94,300.2,300.92,66142.0
10:48,300.31,300.68,300.29,300.45,49904.0
10:49,300.24,300.57,300.09,300.24,53800.0
10:50,300.02,300.64,299.9,300.26,62502.0
10:51,300.78,301.0,299.9,299.9,64476.0
10:52,300.5,300.96,300.26,300.78,84366.0
10:53,300.22,300.52,299.79,300.41,101212.0
10:54,300.49,300.66,299.95,300.27,38276.0
10:55,300.47,300.47,300.31,300.37,35935.0
10:56,300.61,300.82,300.22,300.45,42017.0
10:57,300.85,300.99,300.55,300.62,35574.0
10:58,301.27,301.39,300.74,300.84,59729.0
10:59,301.3,301.56,301.14,301.28,90739.0
11:00,301.01,301.45,300.96,301.3,56666.0
11:01,300.74,301.09,300.57,300.96,48625.0
11:02,301.67,301.67,300.7,300.7,64030.0
11:03,302.2,302.25,300.93,301.64,136092.0
11:04,301.76,302.59,301.71,302.17,146557.0
11:05,301.47,302.18,301.25,301.8,91699.0
11:06,301.7,301.76,301.32,301.44,42663.0
11:07,301.89,301.97,301.22,301.75,61476.0
11:08,301.89,302.07,301.54,301.89,50245.0
11:09,301.51,301.89,301.4,301.89,48474.0
11:10,300.86,301.48,300.81,301.45,101358.0
11:11,301.07,301.55,300.79,300.79,67186.0
11:12,301.37,301.44,300.79,300.96,33233.0
11:13,301.1,301.48,301.0,301.29,43285.0
11:14,301.51,301.66,301.09,301.09,53148.0
11:15,301.3,301.51,301.3,301.42,36363.0
11:16,301.51,301.8,301.37,301.4,77222.0
11:17,302.15,302.15,301.27,301.5,46020.0
11:18,302.01,302.14,301.79,302.12,48036.0
11:19,302.03,302.13,301.65,301.97,51289.0
11:20,301.9,302.03,301.66,302.03,26523.0
11:21,302.43,302.53,301.8,301.95,100436.0
11:22,301.9,302.68,301.66,302.34,54446.0
11:23,302.65,302.65,301.71,301.9,50813.0
11:24,302.9,302.98,302.5,302.58,67559.0
11:25,303.61,303.75,302.63,302.9,92294.0
11:26,303.97,304.15,303.67,303.74,137603.0
11:27,303.93,304.3,303.82,303.89,121652.0
11:28,303.77,304.12,303.4,303.87,128738.0
11:29,303.15,303.75,303.15,303.66,65091.0
11:30,303.18,303.66,303.01,303.18,68644.0
11:31,302.87,303.45,302.81,303.25,58315.0
11:32,302.51,303.09,302.37,302.99,66044.0
11:33,302.48,302.8,302.28,302.5,88565.0
11:34,303.44,303.55,302.32,302.39,51294.0
11:35,303.9,304.21,303.28,303.49,69546.0
11:36,303.98,303.98,303.49,303.9,41341.0
11:37,303.87,304.07,303.57,303.97,41464.0
11:38,303.59,303.89,303.5,303.74,40521.0
11:39,303.77,303.94,303.62,303.64,35021.0
11:40,303.19,303.86,303.14,303.74,62970.0
11:41,302.85,303.26,302.73,303.1,43410.0
11:42,302.77,303.04,302.71,302.8,43638.0
11:43,302.73,303.04,302.61,302.8,48311.0
11:44,302.11,302.81,302.01,302.73,119281.0
11:45,301.88,302.22,301.7,302.11,73245.0
11:46,301.69,301.98,301.6,301.88,39614.0
11:47,301.99,302.16,301.65,301.69,38410.0
11:48,301.86,302.14,301.78,302.08,33712.0
11:49,302.11,302.24,301.86,301.86,40744.0
11:50,301.93,302.17,301.85,302.17,35111.0
11:51,302.03,302.34,301.86,301.93,90001.0
11:52,303.24,303.44,301.94,302.11,74765.0
11:53,303.15,303.4,302.9,303.24,62641.0
11:54,303.5,303.55,303.05,303.14,43122.0
11:55,302.83,303.51,302.79,303.51,53586.0
11:56,302.4,302.89,302.28,302.76,41272.0
11:57,302.77,302.78,302.16,302.3,33843.0
11:58,302.82,303.04,302.61,302.66,70159.0
11:59,302.86,303.03,302.21,302.82,32187.0
12:00,302.81,302.94,302.57,302.7,78118.0
12:01,302.8,302.91,302.4,302.75,102686.0
12:02,301.9,302.6,301.9,302.6,74061.0
12:03,302.4,302.42,301.85,301.92,34101.0
12:04,302.76,302.83,302.4,302.52,31967.0
12:05,302.7,302.89,302.58,302.74,37162.0
12:06,303.49,303.58,302.66,302.68,64577.0
12:07,302.65,303.53,302.5,303.48,62738.0
12:08,302.5,302.74,302.37,302.62,42490.0
12:09,302.41,302.6,302.26,302.52,25862.0
12:10,302.28,302.5,302.12,302.5,19755.0
12:11,302.29,302.62,302.2,302.31,16168.0
12:12,302.37,302.4,302.05,302.29,33616.0
12:13,301.96,302.45,301.92,302.3,37608.0
12:14,301.75,302.02,301.67,301.96,64386.0
12:15,301.64,301.88,301.0,301.81,157775.0
12:16,301.64,301.99,301.56,301.84,52490.0
12:17,301.33,301.73,301.29,301.61,37648.0
12:18,301.05,301.53,301.02,301.31,42134.0
12:19,301.14,301.29,301.01,301.04,40396.0
12:20,301.17,301.36,301.06,301.2,51641.0
12:21,301.17,301.29,301.0,301.17,49557.0
12:22,301.31,301.32,300.9,301.07,49804.0
12:23,301.2,301.32,300.96,301.29,33184.0
12:24,302.05,302.05,301.2,301.27,80484.0
12:25,302.01,302.32,301.93,302.01,43580.0
12:26,302.2,302.26,301.93,302.01,33188.0
12:27,302.14,302.28,302.07,302.2,30605.0
12:28,302.24,302.3,301.95,302.15,49675.0
12:29,302.24,302.4,302.18,302.31,29970.0
12:30,301.88,302.27,301.81,302.24,34966.0
12:31,301.92,302.02,301.76,301.93,22541.0
12:32,301.85,302.05,301.62,301.92,28891.0
12:33,301.89,302.0,301.66,301.85,27767.0
12:34,301.7,302.0,301.62,301.89,26827.0
12:35,301.73,301.97,301.65,301.7,17510.0
12:36,301.62,301.93,301.6,301.73,18067.0
12:37,301.55,301.71,301.55,301.66,21077.0
12:38,301.62,301.75,301.51,301.58,15964.0
12:39,301.7,301.88,301.52,301.66,17412.0
12:40,301.35,301.73,301.24,301.66,23338.0
12:41,301.49,301.56,301.32,301.38,15376.0
12:42,301.67,301.72,301.32,301.56,33986.0
12:43,301.57,301.8,301.51,301.67,15905.0
12:44,301.68,301.85,301.44,301.57,27478.0
12:45,301.56,301.75,301.1,301.75,47492.0
12:46,301.09,301.56,301.03,301.52,29224.0
12:47,301.24,301.36,301.0,301.14,19927.0
12:48,300.85,301.26,300.8,301.26,63997.0
12:49,301.21,301.31,300.89,300.96,31027.0
12:50,301.33,301.42,301.02,301.21,38897.0
12:51,301.12,301.59,301.06,301.33,29961.0
12:52,300.81,301.21,300.8,301.2,32676.0
12:53,301.16,301.39,300.75,300.82,37532.0
12:54,301.16,301.33,301.04,301.13,33001.0
12:55,301.04,301.25,300.98,301.16,25955.0
12:56,300.9,301.18,300.84,301.0,23469.0
12:57,300.75,301.0,300.75,300.86,32435.0
12:58,300.93,300.95,300.55,300.75,39479.0
12:59,301.0,301.2,300.77,300.88,36616.0
13:00,301.24,301.3,300.94,301.0,42530.0
13:01,300.95,301.3,300.9,301.22,36872.0
13:02,300.74,301.01,300.68,300.9,33103.0
13:03,300.69,300.98,300.63,300.8,22007.0
13:04,300.61,300.84,300.53,300.67,25443.0
13:05,300.45,300.69,300.35,300.58,53228.0
13:06,300.48,300.61,300.42,300.49,32631.0
13:07,300.29,300.52,300.02,300.52,51002.0
13:08,300.24,300.36,300.05,300.23,65961.0
13:09,300.15,300.44,300.07,300.34,44494.0
13:10,300.04,300.2,299.92,300.14,152974.0
13:11,300.04,300.09,299.83,300.02,77953.0
13:12,300.18,300.18,299.98,300.01,49765.0
13:13,300.3,300.57,300.18,300.18,35523.0
13:14,300.37,300.51,300.05,300.26,134500.0
13:15,300.04,300.36,300.0,300.33,46718.0
13:16,300.05,300.08,300.0,300.08,29415.0
13:17,299.72,300.05,299.53,300.04,62414.0
13:18,299.89,299.92,299.51,299.61,58133.0
13:19,299.55,299.92,299.54,299.92,28294.0
13:20,299.58,299.73,299.52,299.55,37407.0
13:21,299.82,299.89,299.09,299.58,123798.0
13:22,300.61,300.67,299.75,299.89,85451.0
13:23,301.35,301.4,300.5,300.56,74271.0
13:24,300.95,301.36,300.83,301.31,71458.0
13:25,300.97,301.08,300.79,300.98,38336.0
13:26,300.77,301.01,300.61,300.87,38255.0
13:27,300.3,301.01,300.22,300.76,53779.0
13:28,300.18,300.41,300.0,300.36,43243.0
13:29,300.18,300.38,300.13,300.18,36759.0
13:30,299.96,300.21,299.82,300.18,41198.0
13:31,299.82,300.2,299.7,300.01,35853.0
13:32,299.49,299.86,299.38,299.8,53741.0
13:33,299.43,299.67,299.4,299.48,40484.0
13:34,299.28,299.52,299.14,299.43,55459.0
13:35,299.1,299.33,299.0,299.24,75380.0
13:36,299.08,299.33,299.05,299.14,43557.0
13:37,299.05,299.16,298.81,299.11,60494.0
13:38,298.79,299.09,298.7,299.05,46211.0
13:39,298.89,298.98,298.7,298.77,33617.0
13:40,298.82,299.43,298.8,298.85,72177.0
13:41,298.79,298.98,298.67,298.85,39457.0
13:42,298.94,299.1,298.3,298.77,108125.0
13:43,298.51,299.17,298.4,298.96,45659.0
13:44,298.1,298.63,298.05,298.52,44088.0
13:45,298.47,298.56,298.03,298.1,73178.0
13:46,298.33,298.52,298.0,298.49,91046.0
13:47,298.3,298.57,298.11,298.25,54098.0
13:48,298.46,298.66,298.18,298.24,48622.0
13:49,298.35,298.49,298.15,298.47,31612.0
13:50,298.73,298.88,298.21,298.31,44124.0
13:51,298.42,298.76,298.4,298.76,27266.0
13:52,298.72,298.72,298.0,298.58,185142.0
13:53,298.78,298.95,298.29,298.8,94651.0
13:54,298.8,299.2,298.79,298.94,85004.0
13:55,298.68,299.1,298.68,298.8,80722.0
13:56,298.71,298.83,298.57,298.73,38763.0
13:57,299.21,299.25,298.78,298.8,64251.0
13:58,299.35,299.6,299.16,299.24,75540.0
13:59,299.23,299.41,298.82,299.31,47781.0
14:00,299.31,299.4,299.0,299.22,34974.0
14:01,299.11,299.39,299.1,299.31,18066.0
14:02,299.98,300.06,299.12,299.12,79083.0
14:03,299.92,300.09,299.85,300.0,54395.0
14:04,300.02,300.05,299.6,299.92,49063.0
14:05,299.65,300.05,299.65,299.96,30098.0
14:06,299.71,299.82,299.56,299.7,45062.0
14:07,299.58,299.73,299.27,299.73,44511.0
14:08,299.51,299.74,299.38,299.62,57135.0
14:09,299.21,299.51,299.1,299.5,31973.0
14:10,299.52,299.56,299.25,299.25,41282.0
14:11,299.18,299.57,299.02,299.52,76162.0
14:12,299.41,299.48,299.03,299.16,34361.0
14:13,299.69,299.97,299.39,299.41,57901.0
14:14,299.48,299.9,299.4,299.69,31428.0
14:15,299.76,299.76,299.33,299.55,29337.0
14:16,299.88,299.97,299.68,299.76,55909.0
14:17,299.85,299.97,299.68,299.87,30767.0
14:18,299.69,300.07,299.69,299.97,48328.0
14:19,299.67,299.86,299.6,299.74,25802.0
14:20,299.2,299.67,299.0,299.59,69990.0
14:21,299.05,299.25,298.99,299.15,50686.0
14:22,298.66,299.12,298.53,299.05,181799.0
14:23,298.22,298.68,298.1,298.64,69540.0
14:24,298.35,298.63,298.19,298.22,53331.0
14:25,298.49,298.49,298.15,298.35,43513.0
14:26,298.55,298.74,298.46,298.46,58468.0
14:27,298.62,298.66,298.4,298.55,22808.0
14:28,298.7,298.8,298.54,298.63,31927.0
14:29,297.88,298.65,297.88,298.65,99178.0
14:30,298.13,298.18,297.88,297.88,75069.0
14:31,297.9,298.12,297.81,298.11,37915.0
14:32,297.95,298.06,297.61,297.9,83725.0
14:33,298.14,298.47,297.88,297.94,58745.0
14:34,298.02,298.5,297.95,298.14,98468.0
14:35,297.64,298.1,297.57,298.04,78884.0
14:36,297.55,297.97,297.42,297.65,58997.0
14:37,297.73,297.99,297.55,297.55,32987.0
14:38,297.85,297.9,297.61,297.72,28632.0
14:39,298.13,298.14,297.79,297.8,56253.0
14:40,298.25,298.48,298.0,298.03,65135.0
14:41,298.24,298.44,297.92,298.2,76253.0
14:42,297.92,298.33,297.83,298.23,69638.0
14:43,297.76,298.06,297.7,297.89,37139.0
14:44,297.74,297.85,297.44,297.71,37755.0
14:45,297.53,297.83,297.29,297.77,62453.0
14:46,297.85,297.89,297.39,297.55,40667.0
14:47,298.25,298.25,297.78,297.8,48400.0
14:48,298.58,298.7,298.42,298.62,59600.0
14:49,298.43,298.7,298.43,298.59,27913.0
14:50,298.57,298.75,298.4,298.4,51698.0
14:51,298.51,298.75,298.28,298.57,43675.0
14:52,298.13,298.52,298.1,298.51,30029.0
14:53,298.21,298.22,298.05,298.1,36061.0
14:54,298.09,298.35,297.96,298.21,42091.0
14:55,297.92,298.21,297.76,298.1,33579.0
14:56,298.03,298.17,297.92,297.94,28198.0
14:57,298.13,298.2,298.0,298.03,39225.0
14:58,298.1,298.24,297.99,298.13,30112.0
14:59,298.3,298.35,298.02,298.07,38340.0
15:00,298.23,298.42,298.08,298.29,29934.0
15:01,298.37,298.47,298.22,298.23,30901.0
15:02,298.2,298.5,298.2,298.4,31347.0
15:03,298.31,298.49,298.18,298.26,24640.0
15:04,298.16,298.42,298.09,298.3,39386.0
15:05,298.12,298.27,298.07,298.18,26362.0
15:06,298.15,298.24,298.0,298.11,41126.0
15:07,298.28,298.38,298.11,298.14,41896.0
15:08,298.03,298.34,298.03,298.29,19698.0
15:09,298.2,298.24,298.0,298.04,29191.0
15:10,298.22,298.25,298.13,298.16,39751.0
15:11,298.05,298.24,297.99,298.15,44649.0
15:12,298.04,298.15,297.97,298.11,33456.0
15:13,298.0,298.11,297.98,298.03,43015.0
15:14,297.88,298.05,297.65,298.0,94630.0
15:15,298.18,298.21,297.76,298.01,40487.0
15:16,298.08,298.28,297.99,298.18,46134.0
15:17,298.07,298.2,297.99,298.08,26308.0
15:18,298.11,298.15,297.99,298.07,28469.0
15:19,298.32,298.35,298.06,298.06,40415.0
15:20,298.25,298.42,298.21,298.32,36662.0
15:21,298.07,298.29,298.0,298.24,35393.0
15:22,298.08,298.13,297.99,298.1,44870.0
15:23,298.2,298.25,297.99,298.1,46340.0
15:24,298.61,298.64,298.23,298.23,81589.0
15:25,298.9,299.1,298.6,298.6,78876.0
15:26,299.13,299.27,298.88,298.88,64931.0
15:27,299.1,299.22,299.03,299.1,35609.0
15:28,299.31,299.39,299.04,299.04,54853.0
15:29,299.38,299.5,299.29,299.31,61387.0
15:30,299.18,299.39,299.0,299.39,88510.0
15:31,299.43,299.52,299.18,299.24,71038.0
15:32,299.61,299.68,299.3,299.35,53697.0
15:33,299.65,299.85,299.61,299.64,65472.0
15:34,299.85,299.86,299.36,299.62,65650.0
15:35,299.9,300.0,299.78,299.85,85891.0
15:36,299.84,300.18,299.71,299.92,124364.0
15:37,299.33,299.88,299.13,299.82,77915.0
15:38,299.3,299.34,298.92,299.33,87277.0
15:39,299.7,299.98,299.3,299.3,43964.0
15:40,299.74,300.09,299.63,299.74,46003.0
15:41,299.6,299.82,299.48,299.75,47075.0
15:42,299.62,299.68,299.44,299.6,44570.0
15:43,299.85,299.86,299.59,299.6,50731.0
15:44,299.92,300.13,299.76,299.85,67277.0
15:45,300.14,300.15,299.85,299.88,76619.0
15:46,300.47,300.47,300.14,300.14,104535.0
15:47,300.57,300.83,300.43,300.43,92048.0
15:48,300.88,300.92,300.57,300.61,75521.0
15:49,300.64,301.09,300.55,300.88,104568.0
15:50,301.29,301.34,300.5,300.61,149186.0
15:51,300.66,301.36,300.5,301.3,106595.0
15:52,300.64,301.14,300.6,300.67,83985.0
15:53,300.8,301.07,300.64,300.64,81912.0
15:54,300.96,301.07,300.8,300.82,91560.0
15:55,301.09,301.24,300.72,300.96,151696.0
15:56,301.54,301.64,301.06,301.1,196846.0
15:57,301.64,301.92,301.49,301.54,182535.0
15:58,301.92,301.99,301.61,301.64,223631.0
15:59,302.11,302.22,301.86,301.92,373834.0
