Time,Close,High,Low,Open,Volume
09:30,291.52,293.04,291.0,293.0,1421585.0
09:31,292.15,292.6,290.36,291.35,123825.0
09:32,292.39,292.6,291.69,292.15,120105.0
09:33,292.26,292.96,291.63,292.38,116008.0
09:34,293.29,293.31,292.31,292.45,103235.0
09:35,292.69,293.28,292.39,293.1,101299.0
09:36,292.86,292.88,292.0,292.75,90217.0
09:37,293.14,294.0,292.91,292.91,146687.0
09:38,293.46,293.8,293.06,293.14,95455.0
09:39,292.8,293.65,292.51,293.49,70073.0
09:40,291.82,293.0,291.51,292.8,98062.0
09:41,291.88,292.07,291.1,291.7,89188.0
09:42,291.42,292.02,291.12,291.89,87264.0
09:43,289.51,291.55,289.5,291.32,206859.0
09:44,289.49,290.19,289.15,289.61,126455.0
09:45,290.45,290.7,289.43,289.56,229895.0
09:46,291.1,291.29,289.86,290.52,122900.0
09:47,291.27,292.0,291.07,291.09,115974.0
09:48,290.9,291.3,290.56,291.26,66548.0
09:49,290.21,291.41,290.0,290.85,73075.0
09:50,290.27,291.38,290.21,290.31,82630.0
09:51,291.11,291.11,289.62,290.35,123223.0
09:52,290.57,291.2,290.49,291.11,69241.0
09:53,291.34,291.39,290.42,290.57,78100.0
09:54,291.43,291.8,291.28,291.33,98115.0
09:55,290.77,291.42,290.32,291.42,65024.0
09:56,291.35,291.52,290.73,290.77,60713.0
09:57,292.0,292.35,291.2,291.33,120388.0
09:58,292.26,292.4,291.55,291.98,50231.0
09:59,292.49,292.5,292.0,292.47,46284.0
10:00,291.89,292.52,291.43,292.49,83240.0
10:01,291.3,292.17,291.22,291.92,57409.0
10:02,291.57,291.62,290.94,291.21,56830.0
10:03,290.56,291.59,290.37,291.5,58485.0
10:04,290.42,290.62,290.0,290.62,68578.0
10:05,289.6,290.41,289.6,290.36,67592.0
10:06,288.47,289.65,288.38,289.6,144391.0
10:07,288.78,288.87,288.24,288.54,86448.0
10:08,289.03,289.71,288.74,288.74,83464.0
10:09,289.38,289.56,288.89,289.03,48959.0
10:10,289.05,289.65,288.8,289.4,48622.0
10:11,288.62,289.23,288.5,289.05,77485.0
10:12,288.89,289.34,288.61,288.68,66498.0
10:13,288.48,288.91,288.14,288.77,89362.0
10:14,288.88,289.19,288.42,288.49,88650.0
10:15,288.76,289.12,288.75,288.88,52912.0
10:16,289.15,289.47,288.72,288.72,78144.0
10:17,288.72,289.53,288.71,289.26,50460.0
10:18,288.99,289.12,288.66,288.74,53497.0
10:19,289.14,289.3,288.87,288.99,40035.0
10:20,288.53,289.35,288.27,289.13,68165.0
10:21,288.02,288.69,287.72,288.49,162375.0
10:22,287.98,288.36,287.93,288.07,76914.0
10:23,288.55,288.74,287.77,288.05,76569.0
10:24,287.71,288.69,287.66,288.59,48242.0
10:25,287.3,287.95,287.04,287.79,85891.0
10:26,286.52,287.38,286.29,287.23,161062.0
10:27,286.57,286.73,286.12,286.52,145811.0
10:28,286.41,287.1,286.05,286.48,197164.0
10:29,287.04,287.15,286.21,286.64,95934.0
10:30,286.17,287.11,286.1,286.95,92630.0
10:31,286.7,286.86,286.08,286.12,82418.0
10:32,286.59,287.0,286.15,286.74,58564.0
10:33,286.26,286.69,286.16,286.59,88198.0
10:34,285.96,286.5,285.8,286.31,105834.0
10:35,285.8,286.07,285.69,285.94,83523.0
10:36,285.94,286.32,285.8,285.8,75735.0
10:37,286.04,286.2,285.78,285.95,87582.0
10:38,286.71,286.71,286.01,286.04,94140.0
10:39,286.4,286.8,286.37,286.66,136417.0
10:40,286.76,286.93,286.32,286.41,119836.0
10:41,287.2,287.2,286.63,286.77,84463.0
10:42,287.09,287.21,286.7,287.14,71090.0
10:43,287.46,287.54,287.07,287.13,71049.0
10:44,287.8,287.89,287.44,287.46,74303.0
10:45,287.36,287.9,287.23,287.77,65165.0
10:46,286.73,287.46,286.45,287.35,80157.0
10:47,286.5,286.73,285.9,286.73,191543.0
10:48,286.94,287.07,286.17,286.5,45479.0
10:49,286.28,287.17,286.25,286.93,72180.0
10:50,286.16,286.65,286.15,286.33,37931.0
10:51,286.45,286.64,286.05,286.14,35580.0
10:52,286.74,286.77,286.18,286.48,31717.0
10:53,286.42,286.83,286.26,286.73,78230.0
10:54,286.39,286.44,286.1,286.44,50774.0
10:55,286.38,286.57,286.27,286.36,52302.0
10:56,286.15,286.45,285.93,286.38,74434.0
10:57,285.77,286.13,285.63,286.07,67079.0
10:58,285.96,286.06,285.68,285.76,46631.0
10:59,285.13,286.07,285.07,285.92,117786.0
11:00,285.48,285.71,285.18,285.26,44740.0
11:01,285.69,285.92,285.15,285.55,64515.0
11:02,285.8,285.98,285.55,285.7,52728.0
11:03,286.22,286.39,285.7,285.9,61850.0
11:04,285.93,286.3,285.7,286.24,55041.0
11:05,285.95,286.35,285.8,285.8,34087.0
11:06,286.08,286.31,285.8,285.95,63775.0
11:07,286.39,286.49,285.97,286.08,34372.0
11:08,286.04,286.39,285.98,286.31,35988.0
11:09,285.52,286.16,285.52,286.05,133451.0
11:10,285.39,285.73,285.25,285.59,88047.0
11:11,285.14,285.45,285.03,285.4,74582.0
11:12,284.79,285.25,284.25,285.17,298327.0
11:13,284.63,284.83,284.5,284.75,75443.0
11:14,284.0,284.67,283.88,284.63,167141.0
11:15,284.3,284.55,284.05,284.05,83629.0
11:16,284.4,284.53,284.18,284.35,55520.0
11:17,284.12,284.38,284.0,284.36,64070.0
11:18,284.43,284.69,284.12,284.17,67083.0
11:19,285.07,285.14,284.41,284.44,95611.0
11:20,284.77,285.26,284.77,285.07,75867.0
11:21,284.8,284.92,284.35,284.78,62946.0
11:22,284.95,285.15,284.72,284.82,49833.0
11:23,284.54,285.03,284.44,284.91,44333.0
11:24,284.8,284.92,284.31,284.51,47304.0
11:25,285.45,285.57,284.69,284.69,87906.0
11:26,285.64,285.73,285.31,285.43,80187.0
11:27,285.7,285.8,285.56,285.64,46698.0
11:28,285.62,286.0,285.55,285.8,69727.0
11:29,285.21,285.87,285.12,285.75,43035.0
11:30,285.1,285.41,284.88,285.3,54293.0
11:31,284.55,285.18,284.5,285.14,66232.0
11:32,284.64,284.64,284.14,284.64,75510.0
11:33,284.98,285.0,284.41,284.63,46437.0
11:34,284.84,285.08,284.69,284.9,32526.0
11:35,284.72,284.97,284.64,284.84,32746.0
11:36,284.74,285.08,284.73,284.79,38816.0
11:37,284.73,284.98,284.64,284.92,27508.0
11:38,284.8,285.04,284.67,284.72,65378.0
11:39,284.46,284.99,284.33,284.87,42113.0
11:40,285.21,285.3,284.52,284.62,39392.0
11:41,285.25,285.47,284.81,285.25,58282.0
11:42,284.68,285.11,284.62,285.11,21699.0
11:43,284.76,284.76,284.53,284.62,18203.0
11:44,284.54,284.81,284.53,284.75,27927.0
11:45,284.71,284.77,284.47,284.57,43145.0
11:46,284.43,284.82,284.26,284.71,71452.0
11:47,284.34,284.5,284.16,284.38,35880.0
11:48,284.56,284.6,284.2,284.27,36539.0
11:49,284.66,284.84,284.56,284.6,35244.0
11:50,284.2,284.77,284.11,284.74,40709.0
11:51,284.27,284.37,284.2,284.21,45834.0
11:52,284.12,284.32,284.07,284.28,37426.0
11:53,284.02,284.21,283.88,284.09,121573.0
11:54,283.98,284.15,283.89,283.95,75571.0
11:55,283.95,284.05,283.63,283.93,70908.0
11:56,283.77,284.0,283.7,283.96,58752.0
11:57,283.75,283.88,283.65,283.77,94008.0
11:58,283.36,283.8,283.35,283.76,83843.0
11:59,283.27,283.5,283.24,283.4,81355.0
12:00,283.37,283.63,283.18,283.27,98079.0
12:01,283.69,283.91,283.33,283.39,66781.0
12:02,283.4,283.82,283.37,283.7,71926.0
12:03,283.24,283.41,283.23,283.38,55674.0
12:04,283.42,283.67,283.23,283.23,85556.0
12:05,283.31,283.47,283.17,283.4,73985.0
12:06,283.55,283.64,283.29,283.3,84869.0
12:07,283.2,283.64,283.13,283.6,44461.0
12:08,283.38,283.46,283.12,283.15,37525.0
12:09,283.67,283.67,283.3,283.35,28087.0
12:10,283.88,283.88,283.59,283.62,38536.0
12:11,284.58,284.67,283.81,283.88,101416.0
12:12,285.1,285.1,284.61,284.65,94461.0
12:13,284.98,285.03,284.72,285.0,75775.0
12:14,284.64,285.06,284.52,284.93,63768.0
12:15,284.58,284.83,284.52,284.52,30596.0
12:16,284.65,284.81,284.51,284.57,25040.0
12:17,284.87,284.93,284.63,284.69,41484.0
12:18,284.62,284.94,284.5,284.93,50621.0
12:19,284.72,284.79,284.57,284.71,27910.0
12:20,284.64,284.84,284.57,284.75,38011.0
12:21,284.67,284.78,284.57,284.59,45506.0
12:22,284.7,284.75,284.46,284.67,72776.0
12:23,284.64,284.88,284.57,284.7,94143.0
12:24,284.93,285.11,284.52,284.64,108931.0
12:25,285.0,285.27,284.89,284.93,77528.0
12:26,284.91,285.14,284.81,285.01,84276.0
12:27,284.92,285.04,284.72,284.95,57614.0
12:28,284.43,284.96,284.31,284.93,71248.0
12:29,284.84,284.92,284.42,284.44,148020.0
12:30,284.9,285.05,284.63,284.82,49537.0
12:31,284.96,285.26,284.88,285.0,81240.0
12:32,285.13,285.3,284.92,284.92,44979.0
12:33,284.27,285.12,284.16,285.07,68657.0
12:34,284.4,284.46,284.05,284.34,51014.0
12:35,284.64,284.65,284.16,284.35,27775.0
12:36,284.31,284.65,284.18,284.63,30505.0
12:37,284.56,284.71,284.33,284.35,83803.0
12:38,284.1,284.59,284.01,284.58,35749.0
12:39,284.0,284.1,283.75,284.02,72655.0
12:40,283.92,284.2,283.84,284.0,22384.0
12:41,284.0,284.07,283.9,283.92,32390.0
12:42,283.96,284.28,283.94,284.02,61363.0
12:43,284.4,284.4,283.91,283.95,41899.0
12:44,284.32,284.55,284.23,284.45,66368.0
12:45,284.46,284.52,284.16,284.28,38066.0
12:46,284.18,284.48,284.14,284.42,26426.0
12:47,284.43,284.44,284.16,284.17,21555.0
12:48,284.13,284.58,284.12,284.42,80932.0
12:49,284.11,284.21,283.86,284.21,51998.0
12:50,284.11,284.5,283.95,284.04,49629.0
12:51,284.42,284.49,284.1,284.1,68588.0
12:52,284.37,284.46,284.2,284.38,26025.0
12:53,284.31,284.5,284.26,284.3,21036.0
12:54,284.2,284.34,284.03,284.28,22066.0
12:55,284.38,284.5,284.13,284.27,30652.0
12:56,284.25,284.39,284.21,284.38,12465.0
12:57,284.43,284.55,284.29,284.33,24960.0
12:58,284.52,284.52,284.25,284.43,38301.0
12:59,284.3,284.58,284.25,284.42,59926.0
13:00,284.3,284.49,284.2,284.28,20873.0
13:01,284.3,284.31,284.15,284.26,18014.0
13:02,284.42,284.47,284.29,284.37,54698.0
13:03,284.34,284.44,284.18,284.41,26531.0
13:04,284.38,284.43,284.3,284.35,17944.0
13:05,284.39,284.54,284.33,284.36,29101.0
13:06,284.8,285.05,284.48,284.48,90692.0
13:07,284.97,285.0,284.6,284.76,30312.0
13:08,285.01,285.06,284.88,284.96,55020.0
13:09,285.24,285.44,285.01,285.03,74410.0
13:10,285.39,285.53,285.28,285.28,59102.0
13:11,285.33,285.64,285.28,285.39,49193.0
13:12,285.39,285.39,285.15,285.35,26872.0
13:13,285.29,285.46,285.27,285.4,34991.0
13:14,285.34,285.38,285.23,285.32,12316.0
13:15,285.04,285.29,284.94,285.29,37583.0
13:16,285.05,285.34,285.0,285.04,28900.0
13:17,284.89,285.12,284.77,285.07,32894.0
13:18,284.82,284.98,284.71,284.9,18606.0
13:19,285.17,285.25,284.83,284.84,63478.0
13:20,285.14,285.35,285.08,285.19,37540.0
13:21,285.3,285.38,285.14,285.19,19577.0
13:22,285.4,285.4,285.12,285.34,23571.0
13:23,285.27,285.39,285.1,285.36,20705.0
13:24,285.14,285.28,285.01,285.28,17606.0
13:25,285.2,285.26,285.11,285.14,14099.0
13:26,285.19,285.28,285.15,285.18,21352.0
13:27,285.28,285.41,285.15,285.21,52167.0
13:28,285.38,285.45,285.21,285.28,29412.0
13:29,285.14,285.44,285.03,285.35,36664.0
13:30,285.1,285.28,285.1,285.18,17466.0
13:31,285.21,285.23,285.05,285.1,22167.0
13:32,285.38,285.5,285.21,285.21,59041.0
13:33,285.44,285.53,285.25,285.5,55891.0
13:34,285.64,285.71,285.42,285.42,46366.0
13:35,285.71,285.76,285.45,285.57,60912.0
13:36,285.95,286.0,285.68,285.7,61363.0
13:37,285.67,286.0,285.63,285.98,28138.0
13:38,285.71,285.82,285.62,285.7,19648.0
13:39,285.61,285.86,285.58,285.74,44719.0
13:40,285.41,285.69,285.41,285.55,35871.0
13:41,285.06,285.36,284.9,285.36,47851.0
13:42,285.04,285.1,284.89,285.05,21796.0
13:43,284.99,285.29,284.96,285.1,29362.0
13:44,285.09,285.26,285.02,285.04,15473.0
13:45,284.82,285.14,284.72,285.09,36893.0
13:46,284.64,284.94,284.64,284.86,34120.0
13:47,284.36,284.78,284.22,284.73,45012.0
13:48,284.72,284.79,284.33,284.34,46936.0
13:49,284.83,284.88,284.57,284.73,27457.0
13:50,284.81,284.94,284.67,284.78,17662.0
13:51,284.88,285.0,284.67,284.77,26084.0
13:52,284.93,285.1,284.86,284.95,50781.0
13:53,284.9,285.06,284.89,284.9,32887.0
13:54,284.68,285.01,284.6,284.89,18233.0
13:55,284.74,284.91,284.65,284.67,18634.0
13:56,284.52,284.81,284.4,284.68,40032.0
13:57,284.63,284.71,284.43,284.53,22924.0
13:58,284.64,284.7,284.48,284.57,30922.0
13:59,284.71,284.79,284.54,284.64,26912.0
14:00,284.58,284.83,284.52,284.71,24683.0
14:01,284.4,284.57,284.4,284.51,25426.0
14:02,284.63,284.68,284.41,284.43,24523.0
14:03,284.88,284.88,284.41,284.66,29217.0
14:04,284.72,284.89,284.63,284.89,18709.0
14:05,284.48,284.85,284.46,284.75,28157.0
14:06,284.37,284.51,284.28,284.5,29531.0
14:07,284.23,284.4,284.2,284.36,33621.0
14:08,284.34,284.34,284.01,284.23,48005.0
14:09,284.27,284.45,284.15,284.3,31662.0
14:10,284.33,284.36,284.08,284.27,31445.0
14:11,284.18,284.44,284.18,284.37,21522.0
14:12,284.55,284.6,284.18,284.18,15655.0
14:13,284.56,284.64,284.49,284.55,17344.0
14:14,284.59,284.64,284.46,284.55,43945.0
14:15,284.58,284.67,284.53,284.57,25435.0
14:16,284.68,284.71,284.48,284.64,16865.0
14:17,284.68,284.74,284.62,284.66,17571.0
14:18,284.65,284.72,284.58,284.68,18905.0
14:19,284.56,284.72,284.45,284.66,14157.0
14:20,284.54,284.64,284.5,284.51,19172.0
14:21,284.8,284.85,284.51,284.53,24734.0
14:22,284.76,284.88,284.68,284.8,21435.0
14:23,284.62,284.78,284.6,284.76,16465.0
14:24,284.5,284.62,284.48,284.62,35946.0
14:25,284.6,284.67,284.4,284.43,21238.0
14:26,284.8,284.89,284.64,284.64,23309.0
14:27,284.77,284.94,284.73,284.84,48458.0
14:28,284.77,284.93,284.7,284.78,19277.0
14:29,284.77,284.86,284.7,284.72,16928.0
14:30,284.84,284.85,284.7,284.83,22209.0
14:31,284.74,284.83,284.7,284.8,10243.0
14:32,284.75,284.86,284.7,284.77,13157.0
14:33,284.75,284.81,284.67,284.74,18808.0
14:34,284.7,284.79,284.58,284.74,19728.0
14:35,284.8,284.98,284.68,284.7,29503.0
14:36,284.88,285.01,284.78,284.78,25911.0
14:37,284.85,285.0,284.76,284.93,30087.0
14:38,285.08,285.08,284.85,284.85,30610.0
14:39,284.98,285.18,284.92,285.08,45646.0
14:40,285.02,285.25,285.01,285.04,26692.0
14:41,284.77,285.02,284.61,284.94,24638.0
14:42,284.74,284.82,284.64,284.77,18848.0
14:43,284.82,284.85,284.7,284.72,27153.0
14:44,284.72,284.82,284.64,284.82,19280.0
14:45,284.64,284.74,284.4,284.72,24606.0
14:46,284.61,284.71,284.5,284.63,22969.0
14:47,284.62,284.76,284.43,284.61,22888.0
14:48,284.55,284.74,284.5,284.62,24052.0
14:49,284.18,284.58,284.18,284.55,42034.0
14:50,283.95,284.23,283.88,284.23,86637.0
14:51,283.78,284.04,283.77,283.96,43934.0
14:52,283.86,283.92,283.7,283.8,50458.0
14:53,283.87,283.91,283.71,283.86,35721.0
14:54,283.53,283.85,283.5,283.83,75019.0
14:55,283.74,283.85,283.5,283.51,46567.0
14:56,283.67,283.8,283.62,283.74,30566.0
14:57,283.63,283.76,283.62,283.73,20785.0
14:58,283.6,283.82,283.6,283.63,52022.0
14:59,283.73,283.77,283.6,283.65,43419.0
15:00,283.75,283.83,283.57,283.74,90698.0
15:01,283.6,283.74,283.5,283.73,55097.0
15:02,283.62,283.67,283.51,283.65,23977.0
15:03,283.67,283.83,283.57,283.61,33380.0
15:04,283.66,283.75,283.62,283.67,18600.0
15:05,283.65,283.76,283.62,283.68,55338.0
15:06,283.74,283.77,283.55,283.62,60936.0
15:07,283.84,283.9,283.61,283.73,49107.0
15:08,283.9,284.05,283.76,283.76,43638.0
15:09,283.86,283.88,283.72,283.87,32330.0
15:10,283.65,283.9,283.47,283.82,71352.0
15:11,283.48,283.65,283.36,283.65,70623.0
15:12,283.7,283.72,283.53,283.53,25863.0
15:13,283.75,283.75,283.58,283.71,24476.0
15:14,284.16,284.46,283.75,283.75,53145.0
15:15,284.29,284.34,283.95,284.16,29796.0
15:16,284.3,284.36,284.12,284.26,43701.0
15:17,284.3,284.39,284.18,284.27,37983.0
15:18,284.32,284.35,284.17,284.33,27859.0
15:19,284.21,284.33,284.11,284.32,25305.0
15:20,284.1,284.22,284.07,284.2,24767.0
15:21,283.95,284.09,283.93,284.09,38301.0
15:22,284.1,284.15,283.94,283.95,31488.0
15:23,284.03,284.25,284.03,284.11,33821.0
15:24,284.02,284.12,283.95,284.05,23504.0
15:25,283.76,284.02,283.76,284.02,35530.0
15:26,283.69,283.87,283.55,283.76,58558.0
15:27,283.7,283.71,283.55,283.69,30473.0
15:28,283.81,283.82,283.7,283.7,33011.0
15:29,283.85,283.91,283.77,283.81,53582.0
15:30,283.32,283.83,283.28,283.83,94174.0
15:31,283.31,283.52,283.18,283.31,86829.0
15:32,283.4,283.55,283.22,283.27,32272.0
15:33,283.4,283.48,283.32,283.44,40584.0
15:34,283.36,283.45,283.26,283.38,32704.0
15:35,283.47,283.54,283.32,283.38,32632.0
15:36,283.4,283.58,283.26,283.51,36422.0
15:37,283.44,283.48,283.3,283.45,44284.0
15:38,283.35,283.55,283.32,283.44,65153.0
15:39,283.39,283.48,283.35,283.36,59501.0
15:40,283.44,283.48,283.37,283.37,64876.0
15:41,283.46,283.49,283.38,283.43,74921.0
15:42,283.75,283.87,283.3,283.45,119236.0
15:43,283.9,283.92,283.69,283.76,49326.0
15:44,283.55,283.94,283.5,283.91,45139.0
15:45,283.39,283.58,283.13,283.58,109413.0
15:46,283.7,283.73,283.39,283.44,48548.0
15:47,283.71,283.78,283.55,283.67,38369.0
15:48,283.93,284.02,283.73,283.73,70987.0
15:49,283.95,284.08,283.91,283.92,57020.0
15:50,283.63,284.02,283.45,283.98,89278.0
15:51,283.4,283.66,283.36,283.6,66893.0
15:52,283.56,283.67,283.4,283.4,51560.0
15:53,283.64,283.66,283.34,283.58,85315.0
15:54,283.7,283.8,283.59,283.61,82671.0
15:55,283.66,283.9,283.53,283.77,85475.0
15:56,283.71,283.83,283.63,283.67,114443.0
15:57,283.6,283.84,283.52,283.74,173028.0
15:58,283.42,283.64,283.0,283.6,312231.0
15:59,283.49,283.5,283.27,283.44,369263.0
