Time,Close,High,Low,Open,Volume
09:30,69.14,69.36,69.06,69.2,58436.0
09:31,68.68,69.0,68.68,69.0,8669.0
09:32,69.16,69.16,68.71,68.78,7816.0
09:33,69.0,69.23,69.0,69.23,2593.0
09:34,68.68,68.94,68.68,68.94,10917.0
09:35,69.09,69.09,68.68,68.68,14392.0
09:36,68.76,69.13,68.76,68.97,5976.0
09:37,68.57,68.75,68.53,68.67,12003.0
09:38,68.6,68.6,68.4,68.51,13361.0
09:39,68.01,68.48,68.0,68.45,27496.0
09:40,68.34,68.39,68.01,68.08,11690.0
09:41,68.4,68.4,68.18,68.34,10817.0
09:42,68.29,68.35,68.11,68.21,6310.0
09:43,68.46,68.51,68.2,68.3,9501.0
09:44,68.24,68.49,68.24,68.49,6164.0
09:45,68.25,68.32,68.16,68.23,4062.0
09:46,68.04,68.45,68.0,68.25,17466.0
09:47,68.04,68.07,67.94,68.02,7988.0
09:48,67.94,68.24,67.93,68.08,7078.0
09:49,67.88,67.99,67.84,67.94,11593.0
09:50,67.7,67.97,67.7,67.79,11373.0
09:51,67.56,67.71,67.53,67.71,13330.0
09:52,67.75,67.84,67.53,67.56,4876.0
09:53,67.82,67.82,67.57,67.75,5755.0
09:54,67.78,67.82,67.68,67.78,8155.0
09:55,67.65,67.89,67.65,67.78,9073.0
09:56,67.55,67.74,67.55,67.64,4663.0
09:57,66.96,67.52,66.94,67.5,39221.0
09:58,67.07,67.13,66.92,66.96,17123.0
09:59,66.9,66.98,66.86,66.98,10393.0
10:00,67.14,67.23,66.99,67.0,10067.0
10:01,67.16,67.21,67.06,67.18,26560.0
10:02,67.26,67.32,67.16,67.16,15801.0
10:03,67.35,67.35,67.15,67.25,9894.0
10:04,67.44,67.59,67.32,67.35,12163.0
10:05,67.22,67.44,67.1,67.43,15792.0
10:06,67.35,67.35,67.13,67.23,9482.0
10:07,67.07,67.29,67.04,67.28,13328.0
10:08,66.93,67.12,66.9,67.07,8705.0
10:09,66.91,67.01,66.91,66.98,2606.0
10:10,66.96,67.0,66.88,66.9,8669.0
10:11,67.05,67.11,66.96,66.96,20630.0
10:12,67.03,67.09,66.99,67.06,7272.0
10:13,67.01,67.06,66.92,67.05,3117.0
10:14,66.99,67.0,66.92,66.98,10224.0
10:15,66.83,66.9,66.66,66.9,34702.0
10:16,66.96,66.97,66.77,66.79,9619.0
10:17,67.14,67.2,67.0,67.01,11551.0
10:18,67.3,67.3,67.09,67.13,22911.0
10:19,67.49,67.58,67.28,67.28,31504.0
10:20,67.31,67.49,67.31,67.46,12997.0
10:21,67.27,67.42,67.25,67.31,14240.0
10:22,67.26,67.31,67.12,67.27,8109.0
10:23,67.42,67.42,67.17,67.24,9458.0
10:24,67.39,67.53,67.36,67.42,11823.0
10:25,67.32,67.39,67.24,67.36,5254.0
10:26,67.44,67.52,67.35,67.46,15805.0
10:27,67.52,67.69,67.52,67.52,11691.0
10:28,67.61,67.62,67.53,67.57,7508.0
10:29,67.71,67.78,67.62,67.62,10340.0
10:30,67.63,67.78,67.62,67.72,28001.0
10:31,67.71,67.72,67.63,67.68,4111.0
10:32,67.79,67.88,67.68,67.68,27619.0
10:33,67.77,67.87,67.76,67.85,1802.0
10:34,67.75,67.81,67.71,67.75,6762.0
10:35,67.73,67.81,67.71,67.76,9481.0
10:36,67.76,67.78,67.7,67.75,12100.0
10:37,67.79,67.86,67.76,67.76,20083.0
10:38,67.8,67.87,67.78,67.83,18733.0
10:39,67.79,67.79,67.71,67.79,8558.0
10:40,67.67,67.73,67.62,67.73,3421.0
10:41,67.64,67.68,67.61,67.62,7394.0
10:42,67.61,67.65,67.55,67.59,11459.0
10:43,67.51,67.62,67.5,67.62,9440.0
10:44,67.48,67.51,67.47,67.5,5217.0
10:45,67.51,67.55,67.46,67.51,6457.0
10:46,67.47,67.51,67.45,67.47,4803.0
10:47,67.24,67.5,67.24,67.47,6638.0
10:48,67.27,67.29,67.23,67.23,3934.0
10:49,67.18,67.28,67.17,67.26,4380.0
10:50,67.24,67.28,67.14,67.15,4935.0
10:51,67.32,67.32,67.23,67.29,3936.0
10:52,67.35,67.45,67.31,67.31,23973.0
10:53,67.3,67.32,67.28,67.29,2149.0
10:54,67.43,67.44,67.35,67.37,4875.0
10:55,67.4,67.42,67.32,67.35,3045.0
10:56,67.32,67.36,67.3,67.36,3097.0
10:57,67.3,67.35,67.3,67.32,6499.0
10:58,67.38,67.4,67.28,67.29,4750.0
10:59,67.34,67.44,67.34,67.4,5937.0
11:00,67.3,67.37,67.28,67.34,6260.0
11:01,67.37,67.37,67.32,67.36,4925.0
11:02,67.32,67.35,67.31,67.34,2866.0
11:03,67.29,67.32,67.23,67.32,8821.0
11:04,67.17,67.25,67.17,67.23,4050.0
11:05,67.11,67.2,67.07,67.2,7937.0
11:06,67.21,67.25,67.12,67.18,5836.0
11:07,67.21,67.22,67.18,67.22,1467.0
11:08,67.26,67.29,67.18,67.18,8554.0
11:09,67.42,67.42,67.3,67.3,5921.0
11:10,67.45,67.46,67.36,67.45,7363.0
11:11,67.35,67.44,67.32,67.44,6302.0
11:12,67.39,67.39,67.31,67.38,12143.0
11:13,67.38,67.41,67.37,67.37,1592.0
11:14,67.51,67.54,67.45,67.45,14191.0
11:15,67.34,67.57,67.3,67.48,37173.0
11:16,67.34,67.36,67.29,67.31,2557.0
11:17,67.51,67.54,67.32,67.32,8815.0
11:18,67.43,67.49,67.36,67.49,4577.0
11:19,67.41,67.5,67.4,67.48,6037.0
11:20,67.33,67.42,67.29,67.42,2069.0
11:21,67.35,67.4,67.28,67.32,5101.0
11:22,67.38,67.49,67.36,67.39,5006.0
11:23,67.35,67.35,67.3,67.32,3665.0
11:24,67.32,67.33,67.31,67.33,980.0
11:25,67.19,67.34,67.19,67.33,5131.0
11:26,67.2,67.26,67.11,67.26,7133.0
11:27,67.18,67.27,67.18,67.21,10402.0
11:28,67.28,67.28,67.21,67.22,4424.0
11:29,67.32,67.33,67.2,67.25,6266.0
11:30,67.38,67.38,67.24,67.29,4386.0
11:31,67.54,67.54,67.36,67.36,3589.0
11:32,67.47,67.61,67.46,67.54,4505.0
11:33,67.43,67.46,67.4,67.46,3772.0
11:34,67.25,67.34,67.24,67.34,5051.0
11:35,67.37,67.37,67.19,67.26,5102.0
11:36,67.21,67.34,67.21,67.32,5604.0
11:37,67.25,67.26,67.17,67.25,2672.0
11:38,67.09,67.27,67.09,67.27,5166.0
11:39,67.08,67.09,67.0,67.09,12637.0
11:40,67.08,67.09,67.03,67.08,4949.0
11:41,67.1,67.13,67.09,67.1,5096.0
11:42,67.03,67.11,67.03,67.09,2685.0
11:43,67.07,67.08,67.04,67.04,3470.0
11:44,67.06,67.1,67.04,67.07,1863.0
11:45,67.06,67.06,67.06,67.06,1395.0
11:46,67.18,67.18,67.08,67.08,5133.0
11:47,67.14,67.14,67.1,67.13,2418.0
11:48,67.21,67.21,67.11,67.13,2597.0
11:49,67.25,67.25,67.22,67.22,1211.0
11:50,67.16,67.24,67.14,67.24,4727.0
11:51,67.21,67.21,67.21,67.21,1316.0
11:52,67.21,67.23,67.17,67.21,5736.0
11:53,67.17,67.22,67.17,67.22,8047.0
11:54,67.18,67.19,67.13,67.18,19916.0
11:55,67.3,67.3,67.2,67.22,4880.0
11:56,67.34,67.34,67.22,67.29,5720.0
11:57,67.4,67.4,67.35,67.35,3178.0
11:58,67.37,67.37,67.32,67.36,2665.0
11:59,67.44,67.46,67.4,67.4,2823.0
12:00,67.48,67.49,67.42,67.42,4544.0
12:01,67.38,67.47,67.38,67.47,3204.0
12:02,67.43,67.43,67.28,67.34,5578.0
12:03,67.43,67.45,67.39,67.4,7343.0
12:04,67.43,67.44,67.39,67.43,3717.0
12:05,67.34,67.43,67.31,67.41,8602.0
12:06,67.36,67.41,67.33,67.34,21574.0
12:07,67.25,67.4,67.24,67.36,7273.0
12:08,67.2,67.27,67.2,67.27,7000.0
12:09,67.23,67.24,67.18,67.2,4701.0
12:10,67.18,67.23,67.18,67.22,2103.0
12:11,67.12,67.22,67.12,67.17,7511.0
12:12,67.26,67.26,67.11,67.11,3181.0
12:13,67.31,67.37,67.26,67.26,5684.0
12:14,67.31,67.32,67.26,67.31,5076.0
12:15,67.21,67.33,67.21,67.32,4902.0
12:16,67.22,67.32,67.2,67.26,2688.0
12:17,67.26,67.26,67.2,67.23,6040.0
12:18,67.18,67.26,67.18,67.26,3416.0
12:19,67.16,67.17,67.09,67.12,14655.0
12:20,67.17,67.2,67.16,67.16,2437.0
12:21,67.21,67.22,67.14,67.18,6847.0
12:22,67.13,67.19,67.13,67.19,2668.0
12:23,67.09,67.15,67.08,67.15,4973.0
12:24,67.07,67.11,67.06,67.11,3921.0
12:25,67.19,67.19,67.12,67.12,1885.0
12:26,67.28,67.29,67.21,67.22,2998.0
12:27,67.17,67.21,67.16,67.21,1208.0
12:28,67.01,67.17,67.01,67.17,7546.0
12:29,67.05,67.06,66.97,67.04,15519.0
12:30,67.09,67.1,66.97,67.02,5806.0
12:31,67.1,67.14,67.1,67.1,1599.0
12:32,67.15,67.17,67.07,67.11,7840.0
12:33,67.06,67.1,67.06,67.08,1230.0
12:34,67.05,67.12,67.05,67.11,4156.0
12:35,67.13,67.14,67.1,67.11,5498.0
12:36,67.14,67.2,67.09,67.09,7505.0
12:37,67.33,67.33,67.13,67.14,9338.0
12:38,67.13,67.25,67.13,67.25,3938.0
12:39,67.13,67.13,67.12,67.13,1480.0
12:40,66.89,67.1,66.84,67.1,23162.0
12:41,66.88,66.9,66.85,66.9,3407.0
12:42,66.85,66.9,66.85,66.88,6399.0
12:43,66.78,66.86,66.78,66.85,9839.0
12:44,66.78,66.78,66.74,66.76,26037.0
12:45,66.81,66.83,66.71,66.77,16281.0
12:46,66.84,66.84,66.77,66.79,5772.0
12:47,66.85,66.85,66.81,66.83,140505.0
12:48,66.84,66.85,66.81,66.83,12241.0
12:49,66.85,66.88,66.8,66.81,8291.0
12:50,66.89,66.92,66.84,66.85,4926.0
12:51,66.92,66.97,66.85,66.97,2712.0
12:52,66.88,66.93,66.86,66.89,5841.0
12:53,66.89,66.89,66.85,66.89,4766.0
12:54,66.98,66.98,66.87,66.89,15739.0
12:55,67.04,67.11,66.96,66.96,10590.0
12:56,67.03,67.12,66.96,67.08,8227.0
12:57,67.28,67.28,67.03,67.03,3405.0
12:58,67.34,67.37,67.25,67.26,4326.0
12:59,67.31,67.43,67.31,67.35,13220.0
13:00,67.34,67.34,67.31,67.31,2405.0
13:01,67.27,67.37,67.27,67.32,8588.0
13:02,67.31,67.35,67.29,67.3,5100.0
13:03,67.35,67.38,67.3,67.3,2583.0
13:04,67.29,67.34,67.26,67.31,4142.0
13:05,67.22,67.3,67.22,67.29,2908.0
13:06,67.19,67.26,67.19,67.26,2312.0
13:07,67.13,67.22,67.13,67.22,1678.0
13:08,67.12,67.12,67.06,67.11,4324.0
13:09,67.01,67.09,67.01,67.06,4517.0
13:10,66.98,67.01,66.97,67.0,2061.0
13:11,66.91,66.94,66.89,66.92,5151.0
13:12,67.02,67.03,66.86,66.92,12771.0
13:13,67.1,67.1,67.0,67.0,4379.0
13:14,67.1,67.1,67.05,67.1,2325.0
13:15,67.12,67.16,67.06,67.06,4971.0
13:16,67.08,67.13,67.07,67.13,4615.0
13:17,67.14,67.18,67.08,67.08,11698.0
13:18,67.11,67.23,67.11,67.17,12253.0
13:19,67.07,67.12,67.07,67.1,2659.0
13:20,67.12,67.14,67.09,67.12,3183.0
13:21,67.11,67.13,67.09,67.11,7851.0
13:22,67.08,67.08,67.08,67.08,1304.0
13:23,67.15,67.15,67.07,67.09,7907.0
13:24,67.23,67.23,67.09,67.12,4470.0
13:25,67.27,67.27,67.23,67.23,1363.0
13:26,67.3,67.31,67.29,67.31,2706.0
13:27,67.23,67.3,67.23,67.27,7937.0
13:28,67.3,67.3,67.24,67.24,2350.0
13:29,67.3,67.3,67.26,67.29,3244.0
13:30,67.29,67.38,67.28,67.31,7166.0
13:31,67.33,67.33,67.31,67.31,1092.0
13:32,67.26,67.35,67.26,67.28,3204.0
13:33,67.31,67.32,67.29,67.29,2918.0
13:34,67.29,67.35,67.28,67.3,3156.0
13:35,67.21,67.26,67.21,67.26,1576.0
13:36,67.2,67.22,67.19,67.21,2853.0
13:37,67.15,67.22,67.15,67.22,2526.0
13:38,67.19,67.19,67.15,67.15,2026.0
13:39,67.11,67.18,67.11,67.18,3997.0
13:40,67.06,67.11,67.04,67.1,4111.0
13:41,67.0,67.01,66.96,67.01,4863.0
13:42,67.06,67.08,66.97,66.97,3211.0
13:43,67.1,67.12,67.08,67.08,2392.0
13:44,67.12,67.15,67.1,67.13,5187.0
13:45,67.12,67.13,67.1,67.13,2901.0
13:46,67.13,67.13,67.11,67.11,2173.0
13:47,67.17,67.17,67.11,67.11,5219.0
13:48,67.12,67.16,67.11,67.16,5010.0
13:49,67.16,67.16,67.1,67.15,1953.0
13:50,67.1,67.13,67.1,67.13,2035.0
13:51,67.16,67.16,67.11,67.11,2215.0
13:52,67.1,67.17,67.1,67.16,2634.0
13:53,67.07,67.1,67.07,67.09,1862.0
13:54,67.14,67.14,67.11,67.11,1858.0
13:55,67.12,67.12,67.08,67.08,2533.0
13:56,67.18,67.18,67.08,67.08,6468.0
13:57,67.18,67.21,67.18,67.19,4058.0
13:58,67.23,67.27,67.18,67.18,3643.0
13:59,67.46,67.5,67.23,67.25,23188.0
14:00,67.47,67.49,67.4,67.4,15742.0
14:01,67.48,67.48,67.45,67.45,3222.0
14:02,67.49,67.52,67.45,67.48,7426.0
14:03,67.46,67.53,67.46,67.5,3040.0
14:04,67.33,67.44,67.3,67.44,7494.0
14:05,67.36,67.37,67.36,67.37,1752.0
14:06,67.4,67.4,67.39,67.4,1188.0
14:07,67.31,67.42,67.3,67.42,10256.0
14:08,67.3,67.32,67.27,67.32,3194.0
14:09,67.3,67.33,67.29,67.3,6259.0
14:10,67.3,67.33,67.26,67.29,12901.0
14:11,67.24,67.3,67.2,67.3,19578.0
14:12,67.22,67.26,67.11,67.24,33867.0
14:13,67.24,67.26,67.2,67.22,7766.0
14:14,67.19,67.29,67.19,67.25,3515.0
14:15,67.34,67.36,67.2,67.23,5902.0
14:16,67.21,67.32,67.18,67.3,14584.0
14:17,67.27,67.27,67.22,67.27,1823.0
14:18,67.19,67.23,67.16,67.23,21954.0
14:19,67.17,67.19,67.13,67.19,13644.0
14:20,67.12,67.2,67.09,67.14,35041.0
14:21,67.05,67.05,66.81,67.05,10719.0
14:22,66.92,67.11,66.92,67.03,5510.0
14:23,66.9,66.92,66.8,66.9,6785.0
14:24,66.89,66.91,66.89,66.9,1669.0
14:25,66.91,67.02,66.88,66.88,7464.0
14:26,66.91,66.92,66.9,66.9,3710.0
14:27,66.93,66.95,66.9,66.94,4086.0
14:28,66.95,66.99,66.95,66.96,2783.0
14:29,66.84,66.92,66.8,66.92,14355.0
14:30,66.87,66.87,66.8,66.81,7528.0
14:31,67.1,67.11,66.89,66.91,7935.0
14:32,67.17,67.17,67.1,67.11,5577.0
14:33,67.16,67.18,67.16,67.18,2152.0
14:34,67.22,67.27,67.04,67.12,11176.0
14:35,67.4,67.43,67.26,67.26,6744.0
14:36,67.59,67.64,67.34,67.44,8083.0
14:37,67.69,67.73,67.64,67.65,5421.0
14:38,67.42,67.7,67.42,67.7,24377.0
14:39,67.4,67.43,67.39,67.42,2991.0
14:40,67.37,67.43,67.37,67.38,6654.0
14:41,67.33,67.39,67.3,67.39,4965.0
14:42,67.4,67.41,67.3,67.31,3095.0
14:43,67.4,67.42,67.33,67.39,7967.0
14:44,67.43,67.45,67.4,67.4,3199.0
14:45,67.47,67.47,67.38,67.39,2667.0
14:46,67.41,67.48,67.39,67.48,1966.0
14:47,67.38,67.41,67.38,67.41,1229.0
14:48,67.51,67.52,67.37,67.39,9297.0
14:49,67.55,67.58,67.46,67.5,8578.0
14:50,67.49,67.54,67.42,67.51,8510.0
14:51,67.47,67.53,67.47,67.51,2462.0
14:52,67.53,67.56,67.5,67.53,11947.0
14:53,67.5,67.53,67.48,67.53,5861.0
14:54,67.54,67.55,67.5,67.52,9332.0
14:55,67.53,67.55,67.5,67.51,8237.0
14:56,67.56,67.58,67.46,67.55,9408.0
14:57,67.49,67.57,67.48,67.57,6260.0
14:58,67.52,67.53,67.49,67.49,2193.0
14:59,67.58,67.58,67.52,67.52,3297.0
15:00,67.72,67.72,67.62,67.62,4062.0
15:01,67.64,67.68,67.58,67.68,5325.0
15:02,67.6,67.65,67.46,67.6,12579.0
15:03,67.69,67.71,67.66,67.66,3075.0
15:04,67.72,67.75,67.66,67.66,7292.0
15:05,67.72,67.82,67.66,67.73,16353.0
15:06,67.66,67.72,67.66,67.72,3663.0
15:07,67.69,67.74,67.65,67.66,9495.0
15:08,67.76,67.77,67.72,67.72,2328.0
15:09,67.79,67.8,67.73,67.76,3211.0
15:10,67.82,67.84,67.81,67.81,6036.0
15:11,67.78,67.82,67.78,67.82,3087.0
15:12,67.83,67.83,67.78,67.81,4721.0
15:13,67.86,67.89,67.85,67.86,4529.0
15:14,67.96,67.98,67.86,67.89,15237.0
15:15,67.97,68.04,67.94,67.94,11537.0
15:16,68.0,68.06,67.97,68.0,6504.0
15:17,68.01,68.11,67.99,68.0,13661.0
15:18,68.05,68.05,67.97,67.98,4796.0
15:19,68.16,68.18,68.06,68.06,14338.0
15:20,68.0,68.16,67.98,68.14,16003.0
15:21,68.0,68.03,68.0,68.0,6213.0
15:22,68.03,68.06,68.01,68.02,7575.0
15:23,67.97,68.07,67.91,68.01,9502.0
15:24,67.91,67.97,67.91,67.93,5547.0
15:25,68.02,68.02,67.87,67.91,8633.0
15:26,67.98,68.04,67.97,68.0,3897.0
15:27,68.0,68.04,67.96,67.96,9859.0
15:28,68.0,68.03,68.0,68.0,1739.0
15:29,67.93,68.03,67.9,67.99,9186.0
15:30,68.0,68.04,67.93,67.93,5229.0
15:31,68.0,68.04,67.97,68.03,14366.0
15:32,67.88,67.99,67.87,67.99,9231.0
15:33,67.93,67.94,67.86,67.89,7592.0
15:34,68.1,68.11,67.92,67.96,16107.0
15:35,68.07,68.14,68.06,68.12,5519.0
15:36,68.14,68.14,68.07,68.07,6738.0
15:37,68.15,68.17,68.08,68.08,7899.0
15:38,68.13,68.17,68.13,68.17,6758.0
15:39,68.15,68.18,68.1,68.12,8196.0
15:40,68.13,68.18,68.12,68.15,6862.0
15:41,68.14,68.15,68.11,68.12,17416.0
15:42,68.14,68.15,68.12,68.14,6727.0
15:43,68.13,68.15,68.13,68.14,6990.0
15:44,68.14,68.16,68.13,68.13,8255.0
15:45,68.13,68.15,68.12,68.14,8857.0
15:46,68.23,68.23,68.12,68.14,11789.0
15:47,68.25,68.3,68.21,68.23,17094.0
15:48,68.24,68.3,68.22,68.26,30890.0
15:49,68.32,68.35,68.24,68.24,24991.0
15:50,68.5,68.52,68.33,68.33,15954.0
15:51,68.43,68.51,68.4,68.5,21032.0
15:52,68.52,68.54,68.44,68.44,1198551.0
15:53,68.73,68.74,68.51,68.52,1.0
15:54,68.59,68.79,68.55,68.72,25312.0
15:55,68.79,68.8,68.5,68.56,41768.0
15:56,68.72,68.8,68.65,68.8,42435.0
15:57,68.66,68.72,68.64,68.7,34396.0
15:58,68.58,68.68,68.56,68.65,60234.0
15:59,68.7,68.75,68.58,68.58,92160.0
