Time,Close,High,Low,Open,Volume
09:30,72.07,72.5,69.67,69.91,800211.0
09:31,71.94,72.26,71.0,72.04,88031.0
09:32,71.21,72.0,70.8,71.98,121466.0
09:33,71.07,71.5,70.81,71.19,78912.0
09:34,71.9,72.2,70.93,71.13,75120.0
09:35,71.44,72.14,70.87,71.91,111123.0
09:36,71.47,71.95,71.33,71.33,58239.0
09:37,71.21,71.8,71.06,71.4,63227.0
09:38,71.21,71.47,70.8,71.21,72867.0
09:39,71.42,71.8,71.0,71.2,65559.0
09:40,72.11,72.25,71.35,71.35,83822.0
09:41,71.61,72.16,71.4,72.13,66843.0
09:42,71.46,71.97,71.3,71.52,48614.0
09:43,71.57,71.62,71.3,71.52,78371.0
09:44,71.87,72.15,71.57,71.57,64286.0
09:45,71.83,72.06,71.62,71.96,49517.0
09:46,71.59,71.93,71.49,71.76,88164.0
09:47,71.6,71.83,71.5,71.52,119580.0
09:48,71.91,72.0,71.37,71.57,50327.0
09:49,71.79,72.13,71.72,71.91,65402.0
09:50,72.56,72.77,71.79,71.79,78196.0
09:51,72.71,73.01,72.46,72.52,89943.0
09:52,72.97,73.04,72.62,72.75,62329.0
09:53,72.73,73.15,72.66,72.9,73344.0
09:54,73.05,73.25,72.71,72.72,85298.0
09:55,73.36,73.39,73.0,73.11,61629.0
09:56,73.46,73.5,73.09,73.34,79833.0
09:57,73.35,73.72,73.21,73.41,79182.0
09:58,73.23,73.46,72.99,73.42,43512.0
09:59,73.19,73.43,73.07,73.2,58586.0
10:00,73.37,73.44,73.0,73.19,65857.0
10:01,72.86,73.43,72.86,73.35,53247.0
10:02,72.76,73.0,72.71,72.86,48932.0
10:03,72.77,72.93,72.67,72.74,30631.0
10:04,72.64,72.77,72.4,72.77,48506.0
10:05,72.99,73.02,72.51,72.64,41177.0
10:06,72.85,73.05,72.62,72.99,25026.0
10:07,72.82,73.05,72.7,72.85,60948.0
10:08,72.82,72.93,72.65,72.83,28607.0
10:09,72.35,72.82,72.28,72.82,76323.0
10:10,71.68,72.44,71.51,72.35,102452.0
10:11,71.76,71.94,71.6,71.78,44833.0
10:12,71.74,71.97,71.62,71.8,36005.0
10:13,71.78,72.09,71.71,71.71,51806.0
10:14,71.79,71.9,71.52,71.78,71067.0
10:15,71.87,72.15,71.63,71.73,24379.0
10:16,72.11,72.19,71.77,71.86,32822.0
10:17,72.03,72.42,72.0,72.04,53162.0
10:18,71.85,72.04,71.61,71.99,40647.0
10:19,71.95,71.96,71.65,71.86,13831.0
10:20,71.96,72.02,71.86,71.93,17145.0
10:21,71.98,72.0,71.77,71.95,45055.0
10:22,72.54,72.54,71.91,72.01,55540.0
10:23,72.1,72.68,72.03,72.52,56020.0
10:24,71.93,72.28,71.88,72.12,36234.0
10:25,71.98,72.1,71.84,71.87,20814.0
10:26,71.86,72.06,71.82,72.01,1673913.0
10:27,72.03,72.18,71.8,71.86,1.0
10:28,72.06,72.19,71.94,72.02,20894.0
10:29,71.96,72.11,71.88,72.02,14840.0
10:30,71.69,71.97,71.68,71.94,37591.0
10:31,71.75,72.02,71.67,71.69,24307.0
10:32,71.44,71.71,71.35,71.71,48262.0
10:33,71.26,71.49,71.11,71.32,39237.0
10:34,71.12,71.34,71.11,71.11,16563.0
10:35,71.01,71.34,71.0,71.14,100135.0
10:36,71.37,71.45,71.0,71.05,40119.0
10:37,71.34,71.45,71.06,71.41,19957.0
10:38,70.92,71.36,70.85,71.36,23517.0
10:39,71.02,71.13,70.87,70.93,36734.0
10:40,70.92,70.99,70.75,70.97,31166.0
10:41,71.12,71.18,70.88,70.91,19938.0
10:42,71.43,71.49,71.06,71.06,33621.0
10:43,71.74,71.79,71.39,71.44,49903.0
10:44,71.69,72.0,71.55,71.78,63700.0
10:45,71.26,71.77,71.26,71.73,27065.0
10:46,70.71,71.31,70.7,71.24,53166.0
10:47,71.07,71.15,70.7,70.73,63161.0
10:48,70.74,70.99,70.63,70.99,29161.0
10:49,70.8,70.9,70.75,70.82,11936.0
10:50,70.52,70.78,70.48,70.78,37462.0
10:51,70.5,70.61,70.36,70.44,35856.0
10:52,69.79,70.52,69.78,70.49,73579.0
10:53,69.7,69.79,69.44,69.78,42891.0
10:54,69.66,70.0,69.66,69.72,25711.0
10:55,69.94,70.04,69.64,69.75,36538.0
10:56,70.03,70.03,69.78,69.99,20529.0
10:57,70.09,70.26,70.02,70.03,24806.0
10:58,69.89,70.11,69.85,70.11,12740.0
10:59,69.75,69.94,69.71,69.89,26593.0
11:00,69.64,69.93,69.56,69.73,18244.0
11:01,69.61,69.67,69.19,69.6,61046.0
11:02,69.54,69.68,69.49,69.61,13518.0
11:03,69.63,69.74,69.53,69.6,11309.0
11:04,69.64,69.74,69.55,69.61,13700.0
11:05,69.65,69.65,69.45,69.63,11018.0
11:06,69.32,69.63,69.32,69.58,13392.0
11:07,69.42,69.48,69.32,69.32,6335.0
11:08,69.38,69.6,69.35,69.45,15815.0
11:09,69.46,69.48,69.3,69.39,40333.0
11:10,69.38,69.57,69.34,69.44,9854.0
11:11,69.32,69.45,69.32,69.38,11475.0
11:12,69.13,69.33,69.09,69.33,21761.0
11:13,69.29,69.29,69.06,69.16,21763.0
11:14,69.43,69.43,69.21,69.24,10188.0
11:15,69.35,69.47,69.32,69.39,26613.0
11:16,69.2,69.32,69.2,69.3,22631.0
11:17,69.21,69.33,69.13,69.24,14738.0
11:18,69.12,69.26,69.1,69.18,38885.0
11:19,69.24,69.28,69.05,69.18,15033.0
11:20,69.31,69.49,69.24,69.24,16905.0
11:21,69.36,69.4,69.21,69.32,18970.0
11:22,69.1,69.38,69.1,69.32,19128.0
11:23,69.5,69.62,69.1,69.12,14065.0
11:24,69.56,69.77,69.47,69.52,23488.0
11:25,69.68,69.68,69.54,69.6,17047.0
11:26,69.39,69.69,69.39,69.65,21053.0
11:27,69.21,69.36,69.1,69.31,16462.0
11:28,69.24,69.38,69.16,69.16,9305.0
11:29,69.14,69.33,69.1,69.23,16382.0
11:30,69.02,69.22,68.88,69.14,22925.0
11:31,68.94,69.03,68.88,68.96,18621.0
11:32,68.6,68.95,68.5,68.87,18490.0
11:33,68.66,68.75,68.54,68.61,20277.0
11:34,68.93,69.03,68.6,68.71,12339.0
11:35,68.71,69.0,68.67,68.94,23546.0
11:36,68.82,68.85,68.7,68.76,48923.0
11:37,68.76,68.93,68.76,68.82,14395.0
11:38,68.78,68.89,68.76,68.83,17534.0
11:39,68.9,68.9,68.76,68.81,7218.0
11:40,68.75,68.9,68.72,68.9,8654.0
11:41,68.56,68.72,68.46,68.72,46260.0
11:42,68.57,68.57,68.33,68.54,15904.0
11:43,68.47,68.58,68.34,68.57,11443.0
11:44,68.52,68.53,68.38,68.47,14732.0
11:45,68.46,68.54,68.39,68.52,14828.0
11:46,68.26,68.47,68.23,68.43,30328.0
11:47,68.37,68.45,68.22,68.22,7336.0
11:48,68.34,68.46,68.33,68.35,7540.0
11:49,68.48,68.64,68.36,68.39,15067.0
11:50,68.66,68.75,68.58,68.58,10190.0
11:51,68.68,68.75,68.58,68.6,16334.0
11:52,68.7,68.78,68.65,68.69,8297.0
11:53,68.79,68.79,68.7,68.7,9583.0
11:54,68.64,68.86,68.62,68.79,15137.0
11:55,68.62,68.7,68.62,68.64,8164.0
11:56,68.69,68.7,68.62,68.65,8923.0
11:57,68.61,68.92,68.56,68.69,21891.0
11:58,68.72,68.76,68.57,68.57,12663.0
11:59,69.03,69.03,68.63,68.73,11596.0
12:00,68.78,69.0,68.74,68.99,14879.0
12:01,68.67,68.77,68.62,68.71,9800.0
12:02,68.63,68.72,68.53,68.66,11573.0
12:03,68.48,68.65,68.41,68.61,16674.0
12:04,68.62,68.73,68.4,68.4,10090.0
12:05,68.82,68.82,68.64,68.64,10227.0
12:06,68.82,68.84,68.67,68.82,26065.0
12:07,68.63,68.9,68.63,68.82,10378.0
12:08,68.63,68.87,68.63,68.7,4675.0
12:09,68.65,68.68,68.58,68.62,4992.0
12:10,68.64,68.72,68.52,68.65,12911.0
12:11,68.78,68.78,68.64,68.7,5544.0
12:12,69.02,69.12,68.74,68.82,11172.0
12:13,69.32,69.34,69.03,69.12,17673.0
12:14,69.1,69.27,69.06,69.25,12674.0
12:15,69.21,69.21,68.99,69.08,16512.0
12:16,69.29,69.29,69.14,69.14,5680.0
12:17,69.26,69.32,69.13,69.32,9217.0
12:18,69.25,69.32,69.2,69.27,21896.0
12:19,69.09,69.24,69.09,69.24,13173.0
12:20,69.08,69.19,69.08,69.14,10557.0
12:21,69.31,69.43,69.1,69.12,18829.0
12:22,69.55,69.58,69.23,69.23,9890.0
12:23,69.7,69.75,69.43,69.54,18744.0
12:24,69.56,69.71,69.51,69.71,25678.0
12:25,69.68,69.7,69.57,69.58,7080.0
12:26,69.83,69.83,69.73,69.73,12626.0
12:27,69.49,69.83,69.48,69.77,40881.0
12:28,69.2,69.48,69.13,69.48,24738.0
12:29,69.31,69.36,69.26,69.29,9483.0
12:30,69.1,69.27,69.07,69.23,10083.0
12:31,69.07,69.14,69.04,69.09,12606.0
12:32,69.27,69.27,69.11,69.14,10015.0
12:33,69.19,69.27,69.11,69.2,9716.0
12:34,69.25,69.32,69.15,69.32,7351.0
12:35,69.06,69.25,68.97,69.25,8551.0
12:36,69.15,69.17,68.98,69.01,7997.0
12:37,69.29,69.39,69.13,69.13,5736.0
12:38,69.29,69.33,69.2,69.24,26956.0
12:39,69.53,69.63,69.25,69.28,21012.0
12:40,69.5,69.57,69.44,69.53,5188.0
12:41,69.39,69.55,69.37,69.52,17166.0
12:42,69.61,69.68,69.41,69.41,4002.0
12:43,69.66,69.72,69.56,69.61,15370.0
12:44,69.68,69.89,69.63,69.63,17107.0
12:45,69.79,69.87,69.68,69.68,17041.0
12:46,69.86,69.91,69.8,69.82,17084.0
12:47,69.88,69.9,69.75,69.8,13338.0
12:48,69.4,69.91,69.39,69.91,36520.0
12:49,69.4,69.51,69.36,69.4,63464.0
12:50,69.07,69.46,69.01,69.43,18398.0
12:51,68.96,69.07,68.86,69.07,11815.0
12:52,68.78,68.93,68.78,68.93,9633.0
12:53,68.97,69.04,68.78,68.78,12408.0
12:54,69.07,69.12,68.91,69.0,23679.0
12:55,69.24,69.31,69.07,69.07,6477.0
12:56,69.44,69.44,69.2,69.23,10915.0
12:57,69.48,69.65,69.4,69.46,22541.0
12:58,69.51,69.61,69.46,69.51,4477.0
12:59,69.78,69.78,69.52,69.61,10338.0
13:00,70.13,70.16,69.77,69.8,18012.0
13:01,70.4,70.4,70.14,70.16,37155.0
13:02,70.48,70.6,70.34,70.37,24245.0
13:03,70.55,70.57,70.39,70.46,27101.0
13:04,70.68,70.75,70.52,70.54,35181.0
13:05,70.47,70.76,70.46,70.68,28043.0
13:06,70.49,70.57,70.46,70.49,11014.0
13:07,70.55,70.55,70.44,70.53,4575.0
13:08,70.7,70.77,70.56,70.56,13675.0
13:09,70.63,70.73,70.59,70.73,14920.0
13:10,70.77,70.82,70.61,70.63,8181.0
13:11,70.82,70.84,70.75,70.77,9371.0
13:12,70.9,70.97,70.8,70.83,33417.0
13:13,71.05,71.09,70.9,70.95,14552.0
13:14,71.1,71.13,71.01,71.01,13305.0
13:15,70.95,71.17,70.92,71.11,19973.0
13:16,70.96,71.0,70.89,70.95,14968.0
13:17,71.29,71.36,70.97,70.98,24869.0
13:18,71.27,71.34,71.25,71.29,12535.0
13:19,71.37,71.38,71.27,71.28,12577.0
13:20,71.31,71.43,71.29,71.39,13203.0
13:21,71.39,71.43,71.32,71.33,12748.0
13:22,71.64,71.65,71.34,71.39,26369.0
13:23,71.8,71.85,71.65,71.65,24611.0
13:24,71.72,71.82,71.63,71.75,18857.0
13:25,71.83,71.88,71.69,71.69,8786.0
13:26,71.81,71.95,71.62,71.78,25955.0
13:27,71.67,71.88,71.57,71.79,31001.0
13:28,71.62,71.81,71.47,71.67,32132.0
13:29,71.48,71.63,71.42,71.63,11575.0
13:30,71.54,71.57,71.39,71.48,12598.0
13:31,71.38,71.61,71.35,71.55,12307.0
13:32,71.28,71.38,71.23,71.38,15474.0
13:33,70.92,71.28,70.92,71.26,25221.0
13:34,70.89,71.03,70.85,70.94,11012.0
13:35,70.83,70.97,70.71,70.89,28036.0
13:36,70.89,70.91,70.76,70.79,8351.0
13:37,71.09,71.1,70.9,70.9,10039.0
13:38,71.31,71.4,70.99,71.02,117865.0
13:39,71.35,71.38,71.23,71.24,6064.0
13:40,71.28,71.39,71.14,71.32,10977.0
13:41,71.14,71.28,71.09,71.24,11494.0
13:42,71.13,71.19,71.11,71.15,4976.0
13:43,71.08,71.13,71.0,71.13,5885.0
13:44,71.05,71.08,70.99,71.07,4706.0
13:45,70.87,71.1,70.8,70.99,16132.0
13:46,70.85,70.91,70.8,70.82,3237.0
13:47,70.88,70.9,70.78,70.86,9116.0
13:48,70.8,71.0,70.8,70.86,12308.0
13:49,70.75,70.81,70.6,70.81,39578.0
13:50,70.81,70.84,70.68,70.8,11243.0
13:51,70.64,70.82,70.63,70.76,8734.0
13:52,70.71,70.74,70.63,70.66,8244.0
13:53,70.67,70.77,70.6,70.77,20134.0
13:54,70.73,70.77,70.63,70.67,7478.0
13:55,70.75,70.81,70.72,70.79,12012.0
13:56,70.92,70.92,70.74,70.75,7557.0
13:57,70.92,70.99,70.8,70.99,13275.0
13:58,70.76,71.0,70.76,70.92,17323.0
13:59,70.78,70.87,70.76,70.81,14231.0
14:00,70.63,70.79,70.61,70.79,19294.0
14:01,70.63,70.65,70.55,70.61,22267.0
14:02,70.62,70.68,70.59,70.63,4865.0
14:03,70.7,70.7,70.58,70.62,7716.0
14:04,70.77,70.77,70.69,70.71,6288.0
14:05,70.74,70.79,70.65,70.77,12829.0
14:06,70.82,70.82,70.61,70.68,17317.0
14:07,70.75,70.82,70.69,70.79,9619.0
14:08,70.78,70.85,70.72,70.75,3333.0
14:09,70.75,70.79,70.74,70.78,4175.0
14:10,70.83,70.86,70.76,70.81,3478.0
14:11,70.8,70.89,70.71,70.84,6755.0
14:12,70.79,70.84,70.58,70.79,22907.0
14:13,70.8,70.84,70.68,70.76,6586.0
14:14,70.89,70.89,70.69,70.75,5985.0
14:15,70.98,70.98,70.77,70.87,9195.0
14:16,70.88,71.0,70.83,70.93,8183.0
14:17,70.96,70.96,70.88,70.89,7495.0
14:18,70.99,70.99,70.85,70.91,5021.0
14:19,70.98,71.0,70.86,70.99,12329.0
14:20,70.84,70.98,70.79,70.92,9593.0
14:21,70.85,70.89,70.73,70.8,9504.0
14:22,70.93,70.96,70.86,70.88,4110.0
14:23,70.86,70.99,70.86,70.93,3101.0
14:24,71.0,71.0,70.86,70.86,78559.0
14:25,71.0,71.0,70.94,70.97,11084.0
14:26,71.0,71.0,70.96,71.0,41460.0
14:27,71.0,71.01,70.97,70.98,10444.0
14:28,70.91,71.01,70.89,71.0,14795.0
14:29,70.97,71.0,70.84,70.91,8767.0
14:30,70.99,71.0,70.94,70.94,6592.0
14:31,71.0,71.0,70.99,71.0,6112.0
14:32,71.0,71.0,70.99,71.0,5520.0
14:33,71.39,71.54,71.0,71.0,44224.0
14:34,71.41,71.56,71.27,71.39,20581.0
14:35,71.38,71.55,71.31,71.39,13075.0
14:36,71.56,71.65,71.38,71.39,16119.0
14:37,71.61,71.61,71.4,71.56,11391.0
14:38,71.81,71.82,71.58,71.61,3358412.0
14:39,71.9,71.9,71.73,71.82,1.0
14:40,72.18,72.28,71.81,71.82,37832.0
14:41,72.39,72.45,72.19,72.21,13136.0
14:42,72.6,72.8,72.4,72.4,65495.0
14:43,72.37,72.68,72.27,72.58,51601.0
14:44,72.31,72.45,72.19,72.44,24716.0
14:45,72.4,72.51,72.29,72.32,18235.0
14:46,72.81,72.81,72.48,72.5,36832.0
14:47,72.78,72.86,72.64,72.86,31333.0
14:48,72.68,72.83,72.51,72.83,18855.0
14:49,72.85,72.87,72.7,72.72,6232.0
14:50,72.88,72.94,72.73,72.73,21024.0
14:51,72.9,72.97,72.75,72.88,18500.0
14:52,72.85,72.97,72.82,72.87,10787.0
14:53,72.99,72.99,72.79,72.87,11188.0
14:54,73.09,73.1,72.94,72.99,33018.0
14:55,73.0,73.18,72.93,73.18,13692.0
14:56,73.43,73.43,73.0,73.0,16147.0
14:57,73.39,73.44,73.36,73.43,11030.0
14:58,73.33,73.44,73.3,73.43,14994.0
14:59,73.37,73.48,73.34,73.36,15495.0
15:00,73.26,73.43,73.05,73.37,35812.0
15:01,73.12,73.28,73.08,73.21,16633.0
15:02,73.22,73.25,73.16,73.18,9277.0
15:03,73.21,73.25,73.15,73.22,6841.0
15:04,73.13,73.23,73.13,73.17,11965.0
15:05,73.16,73.19,73.06,73.11,12135.0
15:06,72.88,73.19,72.88,73.17,8111.0
15:07,72.9,72.96,72.88,72.95,9206.0
15:08,73.02,73.05,72.88,72.93,14518.0
15:09,73.12,73.2,72.97,73.0,17107.0
15:10,73.11,73.17,73.07,73.14,10146.0
15:11,72.93,73.1,72.86,73.1,19430.0
15:12,73.08,73.11,72.86,72.86,10871.0
15:13,73.03,73.1,72.99,73.04,7764.0
15:14,72.97,73.02,72.88,72.99,13090.0
15:15,72.88,72.98,72.85,72.98,6118.0
15:16,72.94,73.0,72.82,72.88,13521.0
15:17,72.9,72.96,72.84,72.95,6979.0
15:18,72.5,72.88,72.47,72.88,20082.0
15:19,72.48,72.52,72.43,72.5,11492.0
15:20,72.28,72.54,72.22,72.48,13184.0
15:21,72.29,72.35,72.26,72.26,16000.0
15:22,72.18,72.36,72.18,72.34,12013.0
15:23,72.07,72.18,72.05,72.18,13685.0
15:24,72.06,72.17,72.06,72.14,8469.0
15:25,71.98,72.09,71.93,72.07,12503.0
15:26,72.14,72.14,71.92,71.96,11918.0
15:27,72.24,72.24,71.99,72.13,12254.0
15:28,72.26,72.29,72.13,72.24,13373.0
15:29,72.18,72.32,72.18,72.27,8638.0
15:30,72.51,72.6,72.19,72.19,14065.0
15:31,72.32,72.52,72.29,72.47,13749.0
15:32,72.42,72.42,72.22,72.28,9199.0
15:33,72.21,72.44,72.21,72.41,9172.0
15:34,72.56,72.61,72.21,72.21,18169.0
15:35,72.61,72.65,72.56,72.58,80096.0
15:36,72.46,72.65,72.42,72.61,15827.0
15:37,72.41,72.48,72.32,72.48,8767.0
15:38,72.5,72.51,72.37,72.4,17279.0
15:39,72.74,72.76,72.48,72.48,21790.0
15:40,72.76,72.86,72.72,72.74,22703.0
15:41,72.79,72.84,72.71,72.76,12616.0
15:42,72.8,72.85,72.74,72.79,21310.0
15:43,72.86,72.91,72.8,72.82,31920.0
15:44,72.98,73.0,72.78,72.86,53204.0
15:45,73.0,73.01,72.97,73.0,25805.0
15:46,72.98,73.01,72.93,73.0,3826519.0
15:47,72.82,73.0,72.81,72.99,1.0
15:48,72.71,72.89,72.56,72.82,58743.0
15:49,72.57,72.75,72.56,72.73,24973.0
15:50,72.75,72.79,72.57,72.57,27073.0
15:51,73.01,73.01,72.74,72.77,31860.0
15:52,73.1,73.2,73.01,73.02,35655.0
15:53,73.21,73.28,73.04,73.12,45363.0
15:54,73.46,73.46,73.23,73.23,51324.0
15:55,73.57,73.72,73.42,73.42,127546.0
15:56,73.87,73.91,73.57,73.57,131012.0
15:57,73.54,73.89,73.51,73.86,129756.0
15:58,73.63,73.68,73.52,73.54,98416.0
15:59,73.65,73.72,73.61,73.62,237622.0
