Time,Close,High,Low,Open,Volume
09:30,66.96,67.15,66.61,66.83,86530.0
09:31,66.9,67.17,66.73,67.17,1796.0
09:32,67.03,67.03,66.76,66.81,13007.0
09:33,67.65,67.65,67.0,67.0,22797.0
09:34,67.79,67.97,67.69,67.69,9699.0
09:35,68.03,68.03,67.7,67.7,14424.0
09:36,68.29,68.42,67.91,68.0,11257.0
09:37,68.05,68.32,68.05,68.27,9074.0
09:38,67.83,67.98,67.74,67.98,6547.0
09:39,67.69,67.86,67.69,67.82,5495.0
09:40,67.96,68.08,67.69,67.69,15085.0
09:41,68.22,68.31,68.01,68.01,21320.0
09:42,67.87,68.26,67.87,68.26,12596.0
09:43,67.99,68.0,67.86,67.86,13655.0
09:44,67.39,67.89,67.29,67.89,30154.0
09:45,67.13,67.41,67.05,67.4,9614.0
09:46,66.97,67.19,66.89,67.12,14159.0
09:47,66.93,67.06,66.85,66.94,4759.0
09:48,66.9,67.0,66.85,66.96,4881.0
09:49,67.0,67.01,67.0,67.0,1924.0
09:50,66.93,66.94,66.78,66.78,4148.0
09:51,66.98,67.03,66.86,66.92,11867.0
09:52,66.97,67.01,66.9,66.98,5753.0
09:53,67.29,67.29,67.0,67.06,3051.0
09:54,67.43,67.52,67.29,67.31,6700.0
09:55,67.75,67.85,67.35,67.35,43796.0
09:56,67.82,67.9,67.8,67.84,4534.0
09:57,67.98,67.98,67.76,67.79,7204.0
09:58,67.87,68.09,67.87,67.99,22728.0
09:59,67.7,67.81,67.7,67.81,1658.0
10:00,67.86,67.88,67.78,67.81,4851.0
10:01,68.1,68.1,67.86,67.86,8221.0
10:02,68.02,68.16,67.98,68.05,12900.0
10:03,67.99,68.06,67.97,68.02,7764.0
10:04,68.12,68.14,67.92,67.92,5068.0
10:05,67.98,68.21,67.98,68.1,12640.0
10:06,68.07,68.12,67.94,67.99,3996.0
10:07,67.91,68.13,67.91,68.12,5756.0
10:08,67.85,67.92,67.85,67.89,2328.0
10:09,67.93,67.98,67.89,67.94,5229.0
10:10,67.85,67.89,67.8,67.86,5566.0
10:11,67.79,67.87,67.79,67.81,6387.0
10:12,67.78,67.85,67.63,67.82,7831.0
10:13,67.81,67.84,67.7,67.7,7128.0
10:14,67.83,67.83,67.81,67.81,3353.0
10:15,67.85,67.94,67.82,67.89,6163.0
10:16,68.08,68.14,67.89,67.89,6474.0
10:17,68.13,68.23,68.1,68.11,10568.0
10:18,68.15,68.25,68.15,68.18,7768.0
10:19,68.26,68.29,68.13,68.13,17665.0
10:20,68.32,68.44,68.31,68.32,10640.0
10:21,68.19,68.32,68.07,68.32,19350.0
10:22,67.79,68.16,67.79,68.13,48237.0
10:23,67.81,67.81,67.7,67.74,3774.0
10:24,67.7,67.8,67.6,67.75,16850.0
10:25,67.61,67.63,67.41,67.63,5450.0
10:26,67.46,67.72,67.45,67.66,13699.0
10:27,67.3,67.44,67.3,67.35,7973.0
10:28,67.28,67.33,67.22,67.29,6489.0
10:29,67.22,67.25,67.2,67.2,3159.0
10:30,67.39,67.39,67.21,67.24,4339.0
10:31,67.36,67.36,67.36,67.36,2141.0
10:32,67.33,67.36,67.33,67.33,2283.0
10:33,67.39,67.6,67.35,67.41,9754.0
10:34,67.52,67.55,67.39,67.46,5467.0
10:35,67.46,67.56,67.46,67.54,59281.0
10:36,67.57,67.57,67.46,67.46,2784.0
10:37,67.47,67.55,67.45,67.54,8183.0
10:38,67.45,67.51,67.44,67.44,7049.0
10:39,67.5,67.5,67.4,67.45,16997.0
10:40,67.31,67.6,67.24,67.57,17464.0
10:41,67.21,67.44,67.15,67.44,9228.0
10:42,67.11,67.35,67.11,67.21,2668.0
10:43,67.28,67.31,67.19,67.19,3543.0
10:44,67.14,67.29,67.14,67.29,2054.0
10:45,67.21,67.21,67.21,67.21,1140.0
10:46,67.32,67.33,67.28,67.28,2957.0
10:47,67.43,67.43,67.32,67.32,39378.0
10:48,67.4,67.56,67.4,67.44,5324.0
10:49,67.35,67.49,67.35,67.4,3658.0
10:50,67.41,67.41,67.31,67.32,1776.0
10:51,67.51,67.57,67.41,67.41,329782.0
10:52,67.57,67.57,67.46,67.57,1.0
10:53,67.71,67.76,67.58,67.58,2378.0
10:54,67.66,67.69,67.64,67.69,2542.0
10:55,67.69,67.74,67.63,67.68,3162.0
10:56,67.77,67.77,67.67,67.7,8083.0
10:57,67.79,67.86,67.68,67.73,12098.0
10:58,67.89,67.92,67.83,67.87,7821.0
10:59,67.94,67.94,67.88,67.88,1906.0
11:00,68.06,68.09,67.98,68.0,5966.0
11:01,68.2,68.2,68.03,68.03,4239.0
11:02,68.25,68.29,68.19,68.22,11259.0
11:03,68.12,68.24,68.12,68.24,4706.0
11:04,68.12,68.15,68.06,68.07,2862.0
11:05,68.19,68.19,68.07,68.12,4383.0
11:06,68.09,68.24,68.08,68.23,7643.0
11:07,68.19,68.25,68.03,68.03,7158.0
11:08,68.15,68.25,68.14,68.2,10108.0
11:09,68.04,68.11,68.04,68.11,2725.0
11:10,67.99,68.02,67.89,68.02,7865.0
11:11,67.98,67.98,67.98,67.98,696.0
11:12,68.07,68.11,67.97,67.97,3678.0
11:13,68.19,68.19,68.08,68.08,2202.0
11:14,68.15,68.23,68.14,68.23,2909.0
11:15,68.19,68.19,68.12,68.14,4794.0
11:16,68.27,68.27,68.17,68.17,4798.0
11:17,68.39,68.4,68.32,68.32,5456.0
11:18,68.84,68.86,68.36,68.39,21837.0
11:19,68.85,68.95,68.84,68.84,12138.0
11:20,68.73,68.85,68.67,68.84,10916.0
11:21,68.57,68.78,68.54,68.73,7463.0
11:22,68.57,68.68,68.56,68.56,4154.0
11:23,68.88,68.98,68.64,68.64,46934.0
11:24,68.95,68.95,68.74,68.89,19679.0
11:25,68.86,68.98,68.83,68.94,28853.0
11:26,68.68,68.83,68.68,68.83,4919.0
11:27,68.76,68.77,68.7,68.7,9305.0
11:28,68.79,68.81,68.7,68.73,7136.0
11:29,68.8,68.86,68.72,68.77,7355.0
11:30,68.75,68.79,68.75,68.75,2627.0
11:31,68.95,68.96,68.75,68.75,7953.0
11:32,68.94,68.97,68.92,68.95,2674.0
11:33,68.98,69.01,68.88,68.92,8231.0
11:34,68.99,68.99,68.91,68.98,7267.0
11:35,68.99,69.0,68.96,69.0,4250.0
11:36,69.06,69.07,68.96,69.0,3753.0
11:37,69.23,69.27,69.05,69.07,14968.0
11:38,69.24,69.36,69.24,69.3,7194.0
11:39,69.26,69.32,69.22,69.27,5441.0
11:40,69.18,69.25,69.14,69.25,11559.0
11:41,69.28,69.28,69.14,69.18,7315.0
11:42,69.22,69.28,69.15,69.23,5971.0
11:43,69.05,69.18,69.03,69.18,11763.0
11:44,69.12,69.15,69.07,69.07,2912.0
11:45,69.02,69.12,69.02,69.12,4355.0
11:46,69.19,69.19,68.98,68.99,5231.0
11:47,69.31,69.34,69.17,69.17,16245.0
11:48,69.19,69.33,69.15,69.25,5450.0
11:49,69.19,69.2,69.15,69.19,5616.0
11:50,69.03,69.22,68.94,69.18,13948.0
11:51,68.93,69.03,68.9,68.99,1931.0
11:52,68.98,69.02,68.94,68.96,2678.0
11:53,69.03,69.03,68.95,68.96,2370.0
11:54,69.05,69.08,69.0,69.08,3609.0
11:55,69.0,69.0,68.96,68.99,3047.0
11:56,68.93,68.99,68.93,68.96,4024.0
11:57,68.88,68.89,68.85,68.89,5616.0
11:58,68.99,68.99,68.9,68.9,4014.0
11:59,69.0,69.02,69.0,69.02,2241.0
12:00,69.12,69.16,68.97,68.97,5852.0
12:01,69.14,69.16,69.05,69.09,4341.0
12:02,69.1,69.15,69.06,69.09,3581.0
12:03,69.16,69.16,69.08,69.09,2874.0
12:04,69.14,69.18,69.13,69.18,7253.0
12:05,69.09,69.14,69.09,69.14,3283.0
12:06,69.0,69.04,68.99,69.04,6224.0
12:07,68.99,68.99,68.94,68.97,4633.0
12:08,69.09,69.1,69.03,69.03,3390.0
12:09,69.2,69.21,69.03,69.05,5082.0
12:10,69.13,69.13,69.09,69.11,1982.0
12:11,69.25,69.25,69.12,69.12,8526.0
12:12,69.42,69.44,69.25,69.28,8032.0
12:13,69.44,69.5,69.41,69.42,7477.0
12:14,69.48,69.48,69.37,69.4,1540.0
12:15,69.44,69.47,69.39,69.43,5118.0
12:16,69.42,69.58,69.42,69.44,10611.0
12:17,69.42,69.44,69.39,69.43,4183.0
12:18,69.25,69.39,69.25,69.39,8368.0
12:19,69.23,69.28,69.22,69.26,1718.0
12:20,69.38,69.38,69.24,69.24,6688.0
12:21,69.44,69.48,69.36,69.36,3313.0
12:22,69.54,69.54,69.43,69.49,6000.0
12:23,69.56,69.6,69.51,69.53,4628.0
12:24,69.52,69.52,69.47,69.52,3535.0
12:25,69.53,69.53,69.48,69.5,2288.0
12:26,69.47,69.54,69.47,69.51,4830.0
12:27,69.53,69.6,69.5,69.5,4065.0
12:28,69.56,69.58,69.53,69.55,4200.0
12:29,69.61,69.61,69.52,69.57,4060.0
12:30,69.51,69.62,69.48,69.6,8174.0
12:31,69.4,69.43,69.38,69.43,1443.0
12:32,69.38,69.4,69.37,69.39,2242.0
12:33,69.39,69.39,69.37,69.37,1879.0
12:34,69.38,69.39,69.35,69.38,7235.0
12:35,69.42,69.43,69.34,69.34,6114.0
12:36,69.44,69.5,69.4,69.42,5451.0
12:37,69.43,69.43,69.41,69.42,1619.0
12:38,69.48,69.48,69.42,69.43,3047.0
12:39,69.46,69.46,69.43,69.43,2482.0
12:40,69.65,69.65,69.5,69.5,10738.0
12:41,69.69,69.69,69.62,69.62,7751.0
12:42,69.79,69.79,69.7,69.7,8102.0
12:43,69.73,69.79,69.72,69.79,8434.0
12:44,69.76,69.78,69.74,69.74,6517.0
12:45,69.76,69.83,69.74,69.76,6612.0
12:46,69.78,69.81,69.76,69.78,1965.0
12:47,69.83,69.84,69.78,69.78,3773.0
12:48,69.88,69.88,69.8,69.8,8316.0
12:49,69.98,69.98,69.89,69.89,13534.0
12:50,69.93,69.98,69.93,69.97,13840.0
12:51,69.98,70.03,69.93,69.93,39116.0
12:52,70.14,70.14,70.0,70.01,6740.0
12:53,70.15,70.2,70.14,70.14,8622.0
12:54,70.18,70.25,70.15,70.15,15092.0
12:55,70.21,70.21,70.12,70.18,14931.0
12:56,70.23,70.23,70.18,70.21,5363.0
12:57,70.2,70.29,70.15,70.23,15757.0
12:58,70.1,70.13,70.05,70.09,5537.0
12:59,70.12,70.23,70.09,70.1,11584.0
13:00,70.25,70.28,70.16,70.18,6853.0
13:01,70.26,70.28,70.22,70.25,11382.0
13:02,70.32,70.35,70.28,70.28,7553.0
13:03,70.64,70.64,70.32,70.34,32513.0
13:04,70.61,70.68,70.57,70.67,13775.0
13:05,70.49,70.62,70.48,70.61,6914.0
13:06,70.47,70.62,70.4,70.49,38322.0
13:07,70.37,70.5,70.37,70.39,14155.0
13:08,70.52,70.52,70.38,70.38,4945.0
13:09,70.62,70.66,70.51,70.51,15283.0
13:10,70.63,70.67,70.57,70.66,14726.0
13:11,70.46,70.63,70.45,70.63,12339.0
13:12,70.54,70.55,70.45,70.49,8193.0
13:13,70.46,70.57,70.45,70.51,7586.0
13:14,70.46,70.47,70.43,70.46,3320.0
13:15,70.3,70.48,70.29,70.46,10135.0
13:16,70.29,70.35,70.25,70.29,7479.0
13:17,70.18,70.28,70.18,70.28,7115.0
13:18,69.98,70.21,69.98,70.18,7089.0
13:19,69.98,70.07,69.96,69.99,9937.0
13:20,70.0,70.04,69.96,70.02,7525.0
13:21,70.1,70.1,70.0,70.0,4372.0
13:22,70.05,70.07,70.0,70.07,3541.0
13:23,69.97,70.03,69.97,70.01,2751.0
13:24,69.93,69.97,69.9,69.94,17394.0
13:25,69.94,69.94,69.91,69.92,6288.0
13:26,69.89,69.93,69.84,69.9,5027.0
13:27,69.84,69.9,69.84,69.87,4050.0
13:28,69.9,69.9,69.85,69.88,2244.0
13:29,69.89,69.92,69.88,69.88,1857.0
13:30,69.92,69.94,69.9,69.91,6803.0
13:31,69.96,69.97,69.91,69.91,8633.0
13:32,69.78,69.96,69.78,69.96,9678.0
13:33,69.9,69.9,69.83,69.83,3565.0
13:34,69.88,69.97,69.86,69.86,33842.0
13:35,69.92,69.93,69.88,69.88,2485.0
13:36,70.07,70.13,69.89,69.89,10036.0
13:37,69.93,70.02,69.9,70.02,5558.0
13:38,69.98,69.99,69.91,69.93,2167.0
13:39,69.99,70.05,69.99,70.02,2440.0
13:40,70.03,70.05,70.0,70.0,4487.0
13:41,70.03,70.03,70.02,70.02,1713.0
13:42,69.98,70.04,69.94,70.03,6885.0
13:43,70.05,70.06,69.97,69.97,4534.0
13:44,70.01,70.05,69.97,70.02,5936.0
13:45,70.03,70.04,70.03,70.03,2165.0
13:46,70.03,70.07,70.0,70.01,2730.0
13:47,70.03,70.07,69.99,70.03,6791.0
13:48,70.07,70.09,70.06,70.06,3665.0
13:49,70.07,70.07,70.07,70.07,804.0
13:50,70.02,70.07,70.02,70.07,5153.0
13:51,70.0,70.04,69.99,70.04,4721.0
13:52,69.96,70.0,69.94,69.97,5385.0
13:53,69.96,69.98,69.93,69.96,3364.0
13:54,69.94,69.96,69.93,69.96,5756.0
13:55,69.83,69.96,69.83,69.94,16611.0
13:56,69.71,69.85,69.71,69.83,17435.0
13:57,69.72,69.72,69.68,69.69,5288.0
13:58,69.58,69.77,69.57,69.72,5383.0
13:59,69.66,69.67,69.6,69.6,2488.0
14:00,69.9,69.9,69.65,69.65,10463.0
14:01,69.89,69.93,69.85,69.93,6764.0
14:02,69.92,69.93,69.87,69.92,14407.0
14:03,70.04,70.04,69.91,69.91,4220.0
14:04,70.0,70.07,70.0,70.01,10892.0
14:05,69.89,70.03,69.89,70.01,24522.0
14:06,69.93,69.94,69.92,69.92,1454.0
14:07,69.94,70.05,69.94,69.98,1664.0
14:08,70.02,70.07,70.01,70.01,3206.0
14:09,70.0,70.0,69.99,69.99,6195.0
14:10,70.0,70.06,69.97,70.0,3072.0
14:11,69.99,70.0,69.99,70.0,3756.0
14:12,69.96,70.02,69.96,70.0,6171.0
14:13,70.0,70.01,69.99,69.99,1386.0
14:14,69.95,70.02,69.95,70.0,29154.0
14:15,69.89,69.95,69.89,69.95,11331.0
14:16,69.89,69.92,69.87,69.87,9465.0
14:17,69.8,69.89,69.75,69.89,17106.0
14:18,69.77,69.84,69.73,69.76,8588.0
14:19,69.83,69.83,69.77,69.77,2286.0
14:20,69.85,69.88,69.83,69.87,1989.0
14:21,69.76,69.82,69.7,69.82,5554.0
14:22,69.73,69.73,69.7,69.71,2031.0
14:23,69.67,69.73,69.66,69.7,5071.0
14:24,69.73,69.73,69.63,69.67,3338.0
14:25,69.75,69.79,69.69,69.72,5982.0
14:26,69.66,69.71,69.66,69.71,2152.0
14:27,69.71,69.78,69.71,69.76,4502.0
14:28,69.75,69.75,69.73,69.75,1992.0
14:29,69.82,69.85,69.78,69.78,6286.0
14:30,69.84,69.87,69.82,69.84,3066.0
14:31,69.89,69.98,69.83,69.85,8311.0
14:32,69.94,69.94,69.85,69.86,2377.0
14:33,69.94,69.94,69.94,69.94,1323.0
14:34,69.92,69.95,69.89,69.95,4787.0
14:35,69.94,69.96,69.93,69.93,2374.0
14:36,69.93,69.93,69.93,69.93,2864.0
14:37,69.98,69.98,69.89,69.93,7137.0
14:38,69.92,69.97,69.91,69.97,15474.0
14:39,69.92,69.95,69.92,69.95,1525.0
14:40,70.01,70.02,69.92,69.92,9453.0
14:41,70.01,70.05,70.0,70.03,2768.0
14:42,70.02,70.06,70.0,70.03,7815.0
14:43,70.01,70.03,70.01,70.01,2442.0
14:44,70.05,70.06,70.01,70.02,7714.0
14:45,70.04,70.06,70.0,70.04,4344.0
14:46,70.06,70.06,69.98,70.0,22757.0
14:47,70.11,70.14,70.06,70.06,4825.0
14:48,70.22,70.22,70.09,70.09,9769.0
14:49,70.25,70.32,70.2,70.22,8548.0
14:50,70.32,70.32,70.23,70.25,3565.0
14:51,70.38,70.38,70.3,70.32,6222.0
14:52,70.39,70.39,70.35,70.39,1920.0
14:53,70.38,70.38,70.34,70.36,6697.0
14:54,70.39,70.44,70.39,70.42,8412.0
14:55,70.37,70.39,70.37,70.39,5460.0
14:56,70.38,70.39,70.38,70.38,4440.0
14:57,70.35,70.38,70.34,70.38,4495.0
14:58,70.32,70.34,70.3,70.33,7825.0
14:59,70.39,70.41,70.31,70.32,5508.0
15:00,70.44,70.44,70.38,70.41,6654.0
15:01,70.51,70.58,70.44,70.44,16808.0
15:02,70.58,70.61,70.49,70.52,10595.0
15:03,70.61,70.65,70.6,70.61,3008.0
15:04,70.46,70.64,70.46,70.64,8249.0
15:05,70.45,70.52,70.44,70.52,8699.0
15:06,70.55,70.55,70.4,70.44,8444.0
15:07,70.53,70.61,70.53,70.56,7596.0
15:08,70.54,70.54,70.5,70.52,2593.0
15:09,70.5,70.54,70.5,70.54,4537.0
15:10,70.49,70.51,70.44,70.51,10602.0
15:11,70.46,70.48,70.43,70.48,9189.0
15:12,70.48,70.52,70.48,70.49,3517.0
15:13,70.47,70.47,70.42,70.47,5558.0
15:14,70.47,70.48,70.45,70.47,3690.0
15:15,70.36,70.48,70.36,70.46,6712.0
15:16,70.25,70.36,70.2,70.36,9235.0
15:17,70.26,70.3,70.24,70.24,13784.0
15:18,70.08,70.25,70.08,70.25,2944.0
15:19,70.06,70.1,70.06,70.1,4216.0
15:20,69.96,70.07,69.95,70.07,14159.0
15:21,69.94,69.98,69.92,69.95,10980.0
15:22,69.92,70.0,69.9,69.94,6739.0
15:23,69.87,69.92,69.85,69.92,4378.0
15:24,69.91,69.93,69.89,69.89,4560.0
15:25,69.88,69.96,69.82,69.91,9686.0
15:26,69.77,69.87,69.77,69.87,4200.0
15:27,69.75,70.0,69.73,69.77,10909.0
15:28,69.74,69.76,69.72,69.75,6956.0
15:29,69.65,69.74,69.65,69.74,10912.0
15:30,69.72,69.78,69.63,69.64,10361.0
15:31,69.64,69.75,69.63,69.72,9948.0
15:32,69.53,69.65,69.4,69.64,21824.0
15:33,69.65,69.71,69.55,69.55,8359.0
15:34,69.64,69.68,69.6,69.65,8457.0
15:35,69.7,69.71,69.64,69.64,7607.0
15:36,69.73,69.73,69.68,69.68,3324.0
15:37,69.68,69.71,69.68,69.71,38094.0
15:38,69.7,69.71,69.65,69.67,8858.0
15:39,69.7,69.71,69.64,69.71,6008.0
15:40,69.71,69.73,69.67,69.69,16917.0
15:41,69.71,69.72,69.69,69.69,7103.0
15:42,69.68,69.7,69.66,69.69,6799.0
15:43,69.62,69.68,69.62,69.68,8102.0
15:44,69.58,69.62,69.57,69.62,3442.0
15:45,69.49,69.61,69.49,69.58,12232.0
15:46,69.51,69.51,69.44,69.49,11799.0
15:47,69.6,69.61,69.5,69.5,9135.0
15:48,69.72,69.75,69.6,69.6,11326.0
15:49,69.68,69.72,69.66,69.72,7298.0
15:50,69.54,69.67,69.47,69.66,20354.0
15:51,69.52,69.6,69.52,69.56,19612.0
15:52,69.56,69.57,69.49,69.52,17073.0
15:53,69.68,69.69,69.55,69.56,18484.0
15:54,69.77,69.83,69.64,69.64,19265.0
15:55,69.66,69.72,69.59,69.69,32762.0
15:56,69.71,69.71,69.62,69.68,36197.0
15:57,69.71,69.72,69.65,69.69,24502.0
15:58,69.61,69.71,69.61,69.71,30368.0
15:59,69.64,69.72,69.61,69.61,82483.0
