Time,Close,High,Low,Open,Volume
09:30,31.19,31.33,31.11,31.31,1713535.0
09:31,31.08,31.23,30.96,31.19,306013.0
09:32,31.11,31.14,30.99,31.08,216559.0
09:33,31.57,31.59,31.12,31.12,616870.0
09:34,31.46,31.56,31.34,31.56,369921.0
09:35,31.73,31.77,31.41,31.45,704121.0
09:36,31.67,31.91,31.63,31.72,662739.0
09:37,31.63,31.75,31.59,31.67,291703.0
09:38,31.92,31.98,31.62,31.62,547594.0
09:39,31.99,32.05,31.83,31.92,988672.0
09:40,32.02,32.07,31.9,31.98,569577.0
09:41,32.13,32.2,31.95,32.01,527450.0
09:42,32.25,32.26,32.08,32.13,623770.0
09:43,32.26,32.38,32.23,32.25,595377.0
09:44,32.19,32.35,32.18,32.26,546130.0
09:45,32.04,32.19,31.97,32.19,816207.0
09:46,31.82,32.04,31.8,32.0,421385.0
09:47,31.8,31.9,31.75,31.83,390020.0
09:48,31.75,31.86,31.65,31.79,347229.0
09:49,31.58,31.76,31.49,31.75,364369.0
09:50,31.8,31.82,31.57,31.57,402829.0
09:51,31.79,32.07,31.78,31.8,473033.0
09:52,31.77,31.85,31.67,31.78,281579.0
09:53,32.12,32.17,31.77,31.77,394808.0
09:54,32.08,32.18,31.93,32.12,426561.0
09:55,31.97,32.08,31.83,32.08,297075.0
09:56,31.97,32.06,31.93,31.97,250734.0
09:57,31.84,32.01,31.76,31.97,327695.0
09:58,32.1,32.11,31.84,31.85,206466.0
09:59,32.17,32.18,32.01,32.1,470234.0
10:00,32.1,32.16,31.98,32.16,341201.0
10:01,32.23,32.29,32.07,32.11,474004.0
10:02,32.33,32.45,32.23,32.24,762875.0
10:03,32.32,32.34,32.24,32.33,281676.0
10:04,32.35,32.45,32.3,32.32,403020.0
10:05,32.35,32.35,32.24,32.35,227378.0
10:06,32.53,32.55,32.31,32.35,722298.0
10:07,32.53,32.73,32.49,32.52,628218.0
10:08,32.56,32.57,32.48,32.53,310676.0
10:09,32.47,32.56,32.42,32.56,359970.0
10:10,32.5,32.58,32.4,32.48,445642.0
10:11,32.48,32.54,32.4,32.49,211717.0
10:12,32.36,32.54,32.26,32.47,294822.0
10:13,32.15,32.39,32.11,32.35,284394.0
10:14,32.13,32.15,32.01,32.14,236760.0
10:15,32.1,32.13,32.03,32.13,162030.0
10:16,32.24,32.24,32.1,32.1,243780.0
10:17,32.26,32.29,32.2,32.23,229215.0
10:18,32.21,32.32,32.17,32.26,220214.0
10:19,32.15,32.24,32.0,32.21,279398.0
10:20,32.19,32.21,32.09,32.16,151254.0
10:21,32.26,32.27,32.11,32.18,169202.0
10:22,32.19,32.38,32.16,32.26,232723.0
10:23,32.32,32.33,32.18,32.2,143624.0
10:24,32.3,32.35,32.28,32.31,173414.0
10:25,32.24,32.33,32.24,32.31,144072.0
10:26,32.3,32.33,32.22,32.25,124291.0
10:27,32.2,32.31,32.19,32.31,138947.0
10:28,32.43,32.44,32.21,32.21,242261.0
10:29,32.33,32.44,32.33,32.44,126281.0
10:30,32.22,32.33,32.17,32.33,229392.0
10:31,32.08,32.28,32.04,32.23,331952.0
10:32,32.16,32.17,31.97,32.08,10113739.0
10:33,32.12,32.21,32.08,32.15,1.0
10:34,31.97,32.13,31.92,32.12,194547.0
10:35,31.83,31.98,31.82,31.97,235805.0
10:36,31.73,31.84,31.72,31.82,266634.0
10:37,31.81,31.84,31.71,31.74,255697.0
10:38,31.84,31.88,31.81,31.82,10608407.0
10:39,31.92,31.99,31.83,31.84,1.0
10:40,31.92,32.01,31.87,31.92,286542.0
10:41,31.89,31.97,31.83,31.94,189287.0
10:42,31.83,31.92,31.78,31.89,191400.0
10:43,31.85,31.89,31.81,31.84,159650.0
10:44,31.86,31.89,31.8,31.85,140716.0
10:45,31.98,32.0,31.87,31.87,228556.0
10:46,31.92,32.0,31.83,31.98,240610.0
10:47,32.0,32.0,31.9,31.93,148956.0
10:48,31.98,32.03,31.92,32.0,193572.0
10:49,31.92,31.98,31.81,31.97,190190.0
10:50,31.81,31.92,31.79,31.92,171894.0
10:51,31.74,31.85,31.65,31.81,304485.0
10:52,31.5,31.74,31.47,31.73,366728.0
10:53,31.44,31.52,31.44,31.5,317678.0
10:54,31.48,31.51,31.42,31.44,148666.0
10:55,31.43,31.48,31.37,31.48,267036.0
10:56,31.53,31.58,31.43,31.43,275344.0
10:57,31.6,31.63,31.51,31.52,258230.0
10:58,31.54,31.62,31.5,31.62,166926.0
10:59,31.62,31.64,31.51,31.54,102220.0
11:00,31.68,31.77,31.6,31.62,263252.0
11:01,31.63,31.69,31.56,31.68,283365.0
11:02,31.66,31.68,31.61,31.63,197976.0
11:03,31.57,31.66,31.53,31.65,164499.0
11:04,31.56,31.61,31.5,31.58,12184262.0
11:05,31.49,31.59,31.45,31.56,1.0
11:06,31.51,31.55,31.47,31.5,99400.0
11:07,31.45,31.52,31.44,31.51,105157.0
11:08,31.44,31.49,31.41,31.46,100374.0
11:09,31.52,31.55,31.43,31.44,84447.0
11:10,31.41,31.54,31.39,31.52,124228.0
11:11,31.42,31.49,31.39,31.4,137675.0
11:12,31.35,31.44,31.32,31.42,128845.0
11:13,31.37,31.41,31.34,31.35,146082.0
11:14,31.31,31.36,31.25,31.36,295934.0
11:15,31.48,31.53,31.32,31.32,226424.0
11:16,31.52,31.54,31.44,31.48,133270.0
11:17,31.58,31.58,31.51,31.52,164517.0
11:18,31.52,31.63,31.46,31.58,223047.0
11:19,31.6,31.6,31.53,31.54,104097.0
11:20,31.61,31.67,31.57,31.6,107386.0
11:21,31.58,31.62,31.51,31.61,81525.0
11:22,31.59,31.62,31.55,31.58,84518.0
11:23,31.47,31.6,31.45,31.59,123918.0
11:24,31.36,31.49,31.36,31.48,137022.0
11:25,31.36,31.44,31.36,31.37,103119.0
11:26,31.29,31.38,31.24,31.37,190525.0
11:27,31.35,31.4,31.29,31.3,132221.0
11:28,31.32,31.36,31.28,31.35,125971.0
11:29,31.4,31.42,31.31,31.31,187803.0
11:30,31.47,31.5,31.36,31.4,166961.0
11:31,31.54,31.56,31.43,31.48,136245.0
11:32,31.64,31.72,31.52,31.53,173362.0
11:33,31.57,31.66,31.56,31.65,134981.0
11:34,31.5,31.58,31.48,31.58,89561.0
11:35,31.48,31.55,31.46,31.52,58510.0
11:36,31.58,31.59,31.48,31.49,75027.0
11:37,31.67,31.73,31.58,31.58,170370.0
11:38,31.64,31.69,31.61,31.67,80788.0
11:39,31.64,31.68,31.63,31.65,73526.0
11:40,31.59,31.67,31.55,31.64,77200.0
11:41,31.53,31.61,31.51,31.6,58894.0
11:42,31.57,31.58,31.53,31.53,84630.0
11:43,31.46,31.57,31.46,31.56,122970.0
11:44,31.35,31.47,31.3,31.45,165742.0
11:45,31.4,31.45,31.35,31.36,96691.0
11:46,31.32,31.4,31.29,31.4,73712.0
11:47,31.18,31.35,31.17,31.33,218809.0
11:48,31.15,31.19,31.08,31.18,247095.0
11:49,31.16,31.18,31.09,31.14,181937.0
11:50,31.14,31.21,31.1,31.16,176972.0
11:51,31.15,31.17,31.08,31.15,120935.0
11:52,31.18,31.24,31.13,31.15,136688.0
11:53,31.17,31.21,31.12,31.18,105921.0
11:54,31.15,31.2,31.14,31.17,71647.0
11:55,31.22,31.24,31.14,31.14,79105.0
11:56,31.3,31.33,31.19,31.22,106132.0
11:57,31.32,31.33,31.26,31.29,113636.0
11:58,31.26,31.33,31.18,31.31,109807.0
11:59,31.28,31.31,31.26,31.26,33067.0
12:00,31.33,31.38,31.28,31.29,71647.0
12:01,31.28,31.35,31.28,31.32,78453.0
12:02,31.27,31.31,31.26,31.28,84885.0
12:03,31.33,31.36,31.25,31.27,59217.0
12:04,31.33,31.36,31.29,31.34,57814.0
12:05,31.34,31.39,31.32,31.33,62562.0
12:06,31.45,31.49,31.34,31.34,108660.0
12:07,31.47,31.47,31.37,31.43,99085.0
12:08,31.43,31.5,31.42,31.47,132893.0
12:09,31.39,31.44,31.36,31.43,79737.0
12:10,31.37,31.39,31.32,31.38,95489.0
12:11,31.37,31.38,31.35,31.36,49404.0
12:12,31.29,31.4,31.29,31.37,70007.0
12:13,31.25,31.32,31.23,31.29,163847.0
12:14,31.27,31.27,31.24,31.25,40931.0
12:15,31.33,31.35,31.26,31.27,83044.0
12:16,31.31,31.35,31.28,31.33,54325.0
12:17,31.19,31.31,31.16,31.31,184974.0
12:18,31.16,31.22,31.11,31.2,116796.0
12:19,31.18,31.22,31.15,31.15,71879.0
12:20,31.25,31.27,31.16,31.17,159106.0
12:21,31.26,31.29,31.24,31.25,90330.0
12:22,31.22,31.32,31.22,31.26,89110.0
12:23,31.17,31.24,31.15,31.21,110746.0
12:24,31.22,31.23,31.16,31.17,83978.0
12:25,31.22,31.26,31.2,31.21,53682.0
12:26,31.2,31.25,31.16,31.22,59126.0
12:27,31.2,31.23,31.19,31.2,45383.0
12:28,31.24,31.25,31.18,31.2,39069.0
12:29,31.26,31.26,31.2,31.24,30307.0
12:30,31.36,31.38,31.25,31.26,116328.0
12:31,31.27,31.36,31.24,31.35,97300.0
12:32,31.33,31.33,31.25,31.26,52930.0
12:33,31.34,31.34,31.31,31.33,30453.0
12:34,31.3,31.34,31.26,31.33,72582.0
12:35,31.38,31.41,31.26,31.29,301521.0
12:36,31.42,31.42,31.37,31.37,102546.0
12:37,31.45,31.48,31.41,31.42,74358.0
12:38,31.46,31.48,31.43,31.45,64660.0
12:39,31.46,31.5,31.42,31.48,97936.0
12:40,31.51,31.52,31.45,31.45,298240.0
12:41,31.48,31.53,31.46,31.51,96755.0
12:42,31.5,31.53,31.47,31.48,99750.0
12:43,31.43,31.5,31.4,31.5,81335.0
12:44,31.32,31.43,31.3,31.43,147763.0
12:45,31.31,31.32,31.27,31.31,105960.0
12:46,31.25,31.33,31.18,31.3,160650.0
12:47,31.25,31.27,31.22,31.25,77574.0
12:48,31.18,31.25,31.13,31.25,130323.0
12:49,31.13,31.19,31.11,31.18,114134.0
12:50,31.07,31.14,30.96,31.13,16469950.0
12:51,31.13,31.15,31.07,31.07,1.0
12:52,31.15,31.16,31.11,31.14,114840.0
12:53,31.17,31.2,31.13,31.14,154296.0
12:54,31.22,31.25,31.15,31.16,142684.0
12:55,31.22,31.25,31.19,31.22,69136.0
12:56,31.2,31.24,31.15,31.22,107909.0
12:57,31.26,31.27,31.21,31.21,57123.0
12:58,31.36,31.39,31.26,31.27,105675.0
12:59,31.34,31.36,31.31,31.36,85662.0
13:00,31.37,31.42,31.34,31.34,117385.0
13:01,31.31,31.37,31.29,31.37,94389.0
13:02,31.27,31.31,31.23,31.31,61086.0
13:03,31.28,31.29,31.26,31.27,35449.0
13:04,31.28,31.29,31.24,31.29,90151.0
13:05,31.24,31.31,31.2,31.3,96550.0
13:06,31.26,31.29,31.24,31.24,63379.0
13:07,31.27,31.29,31.24,31.26,41750.0
13:08,31.31,31.32,31.28,31.28,54701.0
13:09,31.25,31.31,31.24,31.3,85986.0
13:10,31.3,31.33,31.25,31.25,45780.0
13:11,31.25,31.3,31.21,31.28,69894.0
13:12,31.29,31.3,31.25,31.26,54894.0
13:13,31.36,31.4,31.29,31.29,81620.0
13:14,31.38,31.39,31.33,31.35,164896.0
13:15,31.39,31.4,31.34,31.37,70824.0
13:16,31.42,31.45,31.39,31.39,148211.0
13:17,31.48,31.49,31.42,31.43,160572.0
13:18,31.43,31.48,31.42,31.48,136100.0
13:19,31.43,31.46,31.41,31.42,88375.0
13:20,31.38,31.43,31.35,31.43,290481.0
13:21,31.41,31.43,31.37,31.38,58866.0
13:22,31.32,31.4,31.28,31.4,144201.0
13:23,31.32,31.35,31.28,31.32,95442.0
13:24,31.35,31.35,31.3,31.32,60466.0
13:25,31.39,31.41,31.35,31.35,68934.0
13:26,31.36,31.39,31.33,31.39,81491.0
13:27,31.34,31.38,31.34,31.35,53007.0
13:28,31.34,31.36,31.27,31.35,153443.0
13:29,31.43,31.43,31.35,31.35,59766.0
13:30,31.47,31.49,31.42,31.42,83374.0
13:31,31.47,31.52,31.45,31.48,98798.0
13:32,31.45,31.48,31.43,31.47,57917.0
13:33,31.53,31.54,31.45,31.45,103110.0
13:34,31.54,31.56,31.51,31.52,80937.0
13:35,31.56,31.58,31.54,31.55,89680.0
13:36,31.52,31.58,31.52,31.56,89041.0
13:37,31.58,31.58,31.51,31.52,87839.0
13:38,31.64,31.65,31.57,31.57,167401.0
13:39,31.64,31.64,31.6,31.62,98845.0
13:40,31.65,31.65,31.62,31.64,140638.0
13:41,31.69,31.72,31.61,31.65,139917.0
13:42,31.66,31.73,31.65,31.7,113588.0
13:43,31.69,31.72,31.64,31.65,105469.0
13:44,31.67,31.7,31.66,31.7,84572.0
13:45,31.55,31.67,31.52,31.67,193903.0
13:46,31.53,31.57,31.5,31.56,154867.0
13:47,31.49,31.52,31.45,31.52,173343.0
13:48,31.53,31.55,31.48,31.49,149580.0
13:49,31.47,31.54,31.44,31.53,140952.0
13:50,31.45,31.5,31.41,31.47,151497.0
13:51,31.5,31.56,31.45,31.45,167179.0
13:52,31.57,31.58,31.49,31.5,118574.0
13:53,31.65,31.65,31.58,31.58,138238.0
13:54,31.6,31.67,31.6,31.65,96260.0
13:55,31.63,31.66,31.6,31.6,58448.0
13:56,31.66,31.66,31.6,31.63,71384.0
13:57,31.75,31.76,31.65,31.66,149470.0
13:58,31.75,31.79,31.72,31.75,175481.0
13:59,31.76,31.77,31.74,31.75,70860.0
14:00,31.65,31.77,31.64,31.76,188141.0
14:01,31.68,31.72,31.66,31.66,74674.0
14:02,31.67,31.69,31.65,31.69,58520.0
14:03,31.73,31.74,31.67,31.67,114991.0
14:04,31.7,31.74,31.69,31.73,79025.0
14:05,31.69,31.71,31.67,31.71,84707.0
14:06,31.64,31.71,31.63,31.7,118012.0
14:07,31.57,31.63,31.53,31.63,167094.0
14:08,31.65,31.65,31.55,31.57,106508.0
14:09,31.68,31.7,31.64,31.65,133480.0
14:10,31.69,31.69,31.62,31.68,117153.0
14:11,31.68,31.69,31.64,31.68,130018.0
14:12,31.69,31.73,31.66,31.68,214053.0
14:13,31.69,31.71,31.67,31.68,110494.0
14:14,31.61,31.69,31.6,31.68,145736.0
14:15,31.59,31.65,31.55,31.62,180811.0
14:16,31.68,31.69,31.59,31.59,187404.0
14:17,31.66,31.71,31.65,31.69,148523.0
14:18,31.67,31.67,31.6,31.66,96047.0
14:19,31.68,31.7,31.65,31.66,88057.0
14:20,31.67,31.74,31.65,31.68,18468002.0
14:21,31.63,31.67,31.59,31.67,1.0
14:22,31.74,31.74,31.64,31.64,128855.0
14:23,31.74,31.78,31.69,31.73,196064.0
14:24,31.74,31.76,31.73,31.75,117728.0
14:25,31.75,31.79,31.73,31.74,154469.0
14:26,31.74,31.75,31.7,31.75,79205.0
14:27,31.67,31.74,31.67,31.74,93944.0
14:28,31.58,31.68,31.51,31.67,168751.0
14:29,31.62,31.64,31.58,31.58,141932.0
14:30,31.65,31.67,31.59,31.62,109942.0
14:31,31.67,31.75,31.65,31.65,146151.0
14:32,31.62,31.68,31.6,31.67,98605.0
14:33,31.57,31.64,31.55,31.63,118112.0
14:34,31.64,31.64,31.57,31.57,71839.0
14:35,31.58,31.64,31.58,31.64,93230.0
14:36,31.63,31.69,31.58,31.58,147098.0
14:37,31.66,31.67,31.62,31.64,58734.0
14:38,31.69,31.7,31.63,31.66,58538.0
14:39,31.73,31.74,31.69,31.69,111261.0
14:40,31.7,31.73,31.66,31.72,71767.0
14:41,31.78,31.8,31.69,31.7,177658.0
14:42,31.79,31.82,31.77,31.79,151549.0
14:43,31.78,31.8,31.77,31.8,115464.0
14:44,31.7,31.78,31.67,31.78,135676.0
14:45,31.71,31.73,31.69,31.71,78620.0
14:46,31.66,31.72,31.6,31.72,134772.0
14:47,31.69,31.73,31.65,31.66,95498.0
14:48,31.65,31.7,31.65,31.69,61259.0
14:49,31.63,31.67,31.61,31.66,73659.0
14:50,31.66,31.66,31.61,31.63,64836.0
14:51,31.68,31.68,31.64,31.66,85729.0
14:52,31.69,31.7,31.67,31.68,70053.0
14:53,31.67,31.72,31.66,31.68,83642.0
14:54,31.7,31.73,31.67,31.67,66331.0
14:55,31.67,31.73,31.67,31.7,41144.0
14:56,31.68,31.72,31.67,31.68,50165.0
14:57,31.68,31.72,31.68,31.68,44477.0
14:58,31.68,31.7,31.66,31.68,73464.0
14:59,31.72,31.72,31.68,31.68,72831.0
15:00,31.72,31.77,31.7,31.71,146464.0
15:01,31.66,31.73,31.59,31.72,130131.0
15:02,31.65,31.71,31.63,31.65,92648.0
15:03,31.67,31.69,31.65,31.66,63724.0
15:04,31.67,31.68,31.65,31.67,55389.0
15:05,31.65,31.68,31.64,31.66,66398.0
15:06,31.55,31.65,31.5,31.65,267784.0
15:07,31.57,31.61,31.53,31.54,119166.0
15:08,31.6,31.6,31.55,31.57,59305.0
15:09,31.57,31.63,31.57,31.59,89073.0
15:10,31.58,31.59,31.55,31.57,51533.0
15:11,31.59,31.59,31.56,31.58,154604.0
15:12,31.61,31.63,31.58,31.59,79945.0
15:13,31.64,31.65,31.61,31.62,85345.0
15:14,31.69,31.71,31.65,31.65,74687.0
15:15,31.74,31.77,31.68,31.68,63568.0
15:16,31.7,31.74,31.66,31.74,100181.0
15:17,31.75,31.76,31.7,31.71,99827.0
15:18,31.78,31.83,31.75,31.75,181245.0
15:19,31.75,31.78,31.74,31.77,98372.0
15:20,31.73,31.76,31.69,31.75,121205.0
15:21,31.74,31.78,31.72,31.73,92081.0
15:22,31.66,31.75,31.64,31.74,188100.0
15:23,31.69,31.69,31.65,31.66,134297.0
15:24,31.61,31.7,31.6,31.68,138451.0
15:25,31.73,31.75,31.59,31.61,206732.0
15:26,31.74,31.77,31.71,31.73,110664.0
15:27,31.68,31.75,31.67,31.74,101282.0
15:28,31.66,31.69,31.56,31.68,196496.0
15:29,31.68,31.71,31.66,31.66,104343.0
15:30,31.73,31.75,31.67,31.67,149104.0
15:31,31.77,31.78,31.72,31.72,163185.0
15:32,31.83,31.84,31.76,31.78,150016.0
15:33,31.8,31.84,31.8,31.82,181438.0
15:34,31.81,31.81,31.77,31.8,148260.0
15:35,31.81,31.87,31.79,31.81,316449.0
15:36,31.82,31.84,31.81,31.81,121025.0
15:37,31.77,31.83,31.76,31.82,119064.0
15:38,31.81,31.82,31.77,31.77,21819143.0
15:39,31.83,31.83,31.79,31.81,1.0
15:40,31.83,31.86,31.81,31.84,178353.0
15:41,31.86,31.88,31.83,31.83,225414.0
15:42,31.93,31.93,31.85,31.85,454723.0
15:43,31.89,31.93,31.88,31.92,159561.0
15:44,31.91,31.93,31.88,31.89,110246.0
15:45,31.85,31.9,31.83,31.9,107526.0
15:46,31.81,31.85,31.8,31.85,83972.0
15:47,31.83,31.85,31.8,31.81,100505.0
15:48,31.8,31.85,31.8,31.83,185910.0
15:49,31.83,31.84,31.78,31.8,164185.0
15:50,32.03,32.04,31.83,31.83,640395.0
15:51,32.04,32.06,32.0,32.04,303923.0
15:52,32.05,32.1,32.0,32.03,302547.0
15:53,32.08,32.12,32.04,32.05,271858.0
15:54,32.17,32.18,32.0,32.08,396066.0
15:55,32.35,32.37,32.18,32.2,1008472.0
15:56,32.31,32.36,32.23,32.35,545771.0
15:57,32.1,32.31,32.1,32.31,693238.0
15:58,32.17,32.18,32.11,32.12,504986.0
15:59,32.21,32.26,32.17,32.17,1167666.0
