Time,Close,High,Low,Open,Volume
09:30,24.96,25.07,24.6,24.63,3067399.0
09:31,24.81,25.04,24.76,24.95,309577.0
09:32,24.94,25.11,24.81,24.81,443179.0
09:33,24.82,24.94,24.75,24.94,228660.0
09:34,24.91,24.95,24.82,24.83,222452.0
09:35,24.97,24.98,24.86,24.9,203442.0
09:36,25.05,25.06,24.92,24.98,269430.0
09:37,25.04,25.1,24.98,25.05,368003.0
09:38,24.82,25.08,24.8,25.05,255181.0
09:39,24.71,24.88,24.69,24.84,295164.0
09:40,24.74,24.77,24.6,24.71,387428.0
09:41,24.84,24.85,24.6,24.76,529525.0
09:42,24.67,24.9,24.63,24.84,227091.0
09:43,24.53,24.67,24.47,24.67,462855.0
09:44,24.52,24.58,24.49,24.52,188120.0
09:45,24.32,24.61,24.3,24.53,338883.0
09:46,24.17,24.32,24.11,24.32,481479.0
09:47,24.35,24.4,24.17,24.17,259779.0
09:48,24.58,24.58,24.35,24.35,327268.0
09:49,24.52,24.62,24.45,24.57,337646.0
09:50,24.68,24.69,24.51,24.51,280170.0
09:51,24.74,24.77,24.62,24.67,243932.0
09:52,24.84,24.84,24.67,24.75,236726.0
09:53,24.75,24.85,24.71,24.84,164170.0
09:54,24.81,24.87,24.73,24.74,172404.0
09:55,24.77,24.82,24.72,24.81,134961.0
09:56,24.47,24.78,24.39,24.77,335835.0
09:57,24.56,24.61,24.48,24.48,158180.0
09:58,24.59,24.61,24.47,24.56,291185.0
09:59,24.47,24.58,24.45,24.58,174468.0
10:00,24.55,24.68,24.47,24.47,220448.0
10:01,24.36,24.55,24.31,24.54,304471.0
10:02,24.32,24.38,24.25,24.35,277840.0
10:03,24.35,24.35,24.23,24.33,169299.0
10:04,24.32,24.36,24.25,24.34,153835.0
10:05,24.46,24.51,24.33,24.35,237471.0
10:06,24.56,24.63,24.41,24.45,207726.0
10:07,24.45,24.56,24.42,24.56,139525.0
10:08,24.38,24.44,24.28,24.44,174564.0
10:09,24.44,24.47,24.34,24.38,197575.0
10:10,24.39,24.44,24.27,24.44,6151978.0
10:11,24.4,24.41,24.3,24.4,1.0
10:12,24.27,24.41,24.23,24.38,166167.0
10:13,24.17,24.27,24.1,24.27,265415.0
10:14,24.17,24.27,24.15,24.17,162686.0
10:15,24.26,24.36,24.17,24.18,197102.0
10:16,24.25,24.29,24.17,24.26,228719.0
10:17,24.16,24.26,24.06,24.26,314845.0
10:18,24.33,24.33,24.15,24.15,170580.0
10:19,24.39,24.42,24.31,24.33,166008.0
10:20,24.17,24.43,24.12,24.39,283386.0
10:21,24.0,24.17,23.95,24.17,679912.0
10:22,24.25,24.25,23.95,24.01,361481.0
10:23,24.3,24.36,24.21,24.26,259314.0
10:24,24.38,24.4,24.18,24.31,193223.0
10:25,24.42,24.48,24.33,24.4,259780.0
10:26,24.32,24.43,24.21,24.41,199937.0
10:27,24.15,24.31,24.12,24.31,167520.0
10:28,24.02,24.16,24.01,24.15,150559.0
10:29,24.0,24.03,23.93,24.01,277410.0
10:30,24.1,24.12,23.93,23.99,212300.0
10:31,24.02,24.09,23.92,24.09,282809.0
10:32,24.04,24.1,23.97,24.03,168839.0
10:33,23.93,24.05,23.92,24.03,173547.0
10:34,23.84,23.99,23.83,23.93,356996.0
10:35,23.75,23.87,23.73,23.84,389216.0
10:36,23.72,23.79,23.71,23.75,361574.0
10:37,23.66,23.74,23.52,23.73,660053.0
10:38,23.69,23.77,23.59,23.65,295876.0
10:39,23.69,23.72,23.65,23.7,232668.0
10:40,23.58,23.71,23.55,23.69,272930.0
10:41,23.72,23.74,23.58,23.59,277171.0
10:42,23.86,23.87,23.71,23.71,325791.0
10:43,23.96,23.97,23.84,23.86,442366.0
10:44,24.03,24.12,23.94,23.95,423388.0
10:45,24.13,24.13,23.89,24.04,9303420.0
10:46,24.14,24.19,24.0,24.13,1.0
10:47,24.14,24.19,24.1,24.16,146493.0
10:48,24.08,24.18,24.03,24.14,121108.0
10:49,24.08,24.14,24.02,24.08,154518.0
10:50,24.02,24.09,23.97,24.08,205113.0
10:51,23.97,24.07,23.88,24.03,156126.0
10:52,23.91,23.98,23.86,23.97,9570597.0
10:53,23.97,23.97,23.86,23.9,1.0
10:54,24.08,24.14,23.96,23.97,194738.0
10:55,24.02,24.08,24.0,24.08,166281.0
10:56,24.0,24.03,23.86,24.01,199412.0
10:57,23.79,24.0,23.78,24.0,194492.0
10:58,23.85,23.85,23.75,23.8,167931.0
10:59,23.78,23.86,23.77,23.84,165638.0
11:00,23.85,23.89,23.78,23.78,195435.0
11:01,23.79,23.88,23.78,23.85,123571.0
11:02,23.75,23.81,23.72,23.78,187577.0
11:03,23.78,23.8,23.7,23.74,118977.0
11:04,23.76,23.78,23.68,23.78,170581.0
11:05,23.69,23.77,23.66,23.76,121405.0
11:06,23.73,23.77,23.67,23.68,300447.0
11:07,23.87,23.89,23.72,23.73,154965.0
11:08,23.99,24.02,23.86,23.89,210757.0
11:09,24.02,24.02,23.93,24.0,110724.0
11:10,24.0,24.05,23.97,24.02,167067.0
11:11,23.99,24.04,23.92,24.0,168370.0
11:12,24.02,24.08,23.94,23.99,163580.0
11:13,24.08,24.13,24.02,24.02,183730.0
11:14,23.98,24.08,23.98,24.08,151928.0
11:15,23.99,24.02,23.93,23.98,136627.0
11:16,24.07,24.08,23.96,24.0,159257.0
11:17,24.08,24.14,24.03,24.07,145226.0
11:18,23.96,24.09,23.95,24.08,207843.0
11:19,23.95,24.0,23.93,23.96,93428.0
11:20,24.1,24.14,23.94,23.95,151467.0
11:21,24.19,24.23,24.06,24.11,166372.0
11:22,24.21,24.26,24.16,24.2,171340.0
11:23,24.25,24.3,24.22,24.22,194635.0
11:24,24.34,24.35,24.25,24.25,128885.0
11:25,24.32,24.36,24.28,24.32,152592.0
11:26,24.36,24.38,24.3,24.32,166514.0
11:27,24.4,24.41,24.35,24.36,201568.0
11:28,24.42,24.45,24.37,24.4,173471.0
11:29,24.48,24.48,24.38,24.42,172459.0
11:30,24.54,24.58,24.47,24.47,234288.0
11:31,24.46,24.58,24.45,24.54,241653.0
11:32,24.47,24.5,24.38,24.45,233599.0
11:33,24.42,24.49,24.42,24.47,131236.0
11:34,24.4,24.48,24.39,24.43,159143.0
11:35,24.43,24.44,24.38,24.41,93195.0
11:36,24.49,24.52,24.42,24.42,262698.0
11:37,24.47,24.53,24.45,24.49,119777.0
11:38,24.47,24.51,24.43,24.47,98844.0
11:39,24.38,24.49,24.37,24.47,122887.0
11:40,24.47,24.49,24.38,24.38,157227.0
11:41,24.44,24.49,24.44,24.48,74080.0
11:42,24.49,24.5,24.44,24.45,54922.0
11:43,24.47,24.52,24.47,24.49,92431.0
11:44,24.46,24.48,24.42,24.47,83214.0
11:45,24.33,24.45,24.31,24.45,129063.0
11:46,24.39,24.44,24.32,24.33,113063.0
11:47,24.41,24.41,24.33,24.38,143011.0
11:48,24.48,24.5,24.42,24.42,146876.0
11:49,24.48,24.52,24.47,24.48,88744.0
11:50,24.47,24.49,24.4,24.47,104449.0
11:51,24.53,24.56,24.47,24.48,90108.0
11:52,24.64,24.64,24.52,24.53,122660.0
11:53,24.64,24.67,24.59,24.65,159908.0
11:54,24.58,24.65,24.56,24.63,102997.0
11:55,24.59,24.64,24.58,24.59,109191.0
11:56,24.67,24.68,24.6,24.6,92796.0
11:57,24.75,24.76,24.67,24.67,126924.0
11:58,24.8,24.81,24.75,24.75,190231.0
11:59,24.85,24.85,24.8,24.8,260526.0
12:00,24.74,24.85,24.71,24.84,234148.0
12:01,24.69,24.75,24.67,24.73,139491.0
12:02,24.67,24.73,24.63,24.7,149807.0
12:03,24.68,24.69,24.6,24.66,107554.0
12:04,24.79,24.8,24.68,24.69,171183.0
12:05,24.81,24.83,24.75,24.78,116720.0
12:06,24.83,24.84,24.78,24.81,122686.0
12:07,24.86,24.88,24.78,24.83,315709.0
12:08,24.88,24.9,24.84,24.86,303393.0
12:09,24.92,24.95,24.87,24.89,209131.0
12:10,24.98,24.98,24.91,24.91,182142.0
12:11,24.96,25.0,24.92,24.98,247880.0
12:12,24.98,24.99,24.89,24.97,275274.0
12:13,24.96,25.01,24.94,24.98,174781.0
12:14,24.97,24.99,24.92,24.95,101847.0
12:15,24.97,24.99,24.94,24.96,164090.0
12:16,24.96,24.99,24.93,24.97,88616.0
12:17,25.0,25.02,24.97,24.97,149689.0
12:18,25.03,25.05,25.0,25.0,122790.0
12:19,24.9,25.04,24.89,25.03,195778.0
12:20,24.91,24.92,24.84,24.89,215156.0
12:21,24.93,24.98,24.9,24.91,152288.0
12:22,25.0,25.04,24.93,24.93,144008.0
12:23,25.04,25.09,25.0,25.02,135613.0
12:24,25.14,25.15,25.05,25.05,245925.0
12:25,25.11,25.16,25.08,25.14,203341.0
12:26,25.1,25.13,25.07,25.12,152089.0
12:27,24.98,25.1,24.95,25.1,254660.0
12:28,24.94,25.01,24.93,24.99,103000.0
12:29,24.98,25.02,24.94,24.94,177347.0
12:30,25.04,25.06,24.99,24.99,141047.0
12:31,25.06,25.08,25.02,25.04,125529.0
12:32,25.08,25.09,25.01,25.06,133833.0
12:33,25.09,25.11,25.07,25.08,143387.0
12:34,25.04,25.11,25.04,25.08,128095.0
12:35,25.06,25.08,25.01,25.04,139642.0
12:36,25.03,25.06,25.01,25.06,65608.0
12:37,24.98,25.06,24.97,25.04,172659.0
12:38,24.9,24.99,24.89,24.98,172968.0
12:39,24.89,24.94,24.89,24.9,133699.0
12:40,24.95,24.98,24.9,24.9,99503.0
12:41,25.03,25.03,24.9,24.95,146905.0
12:42,25.06,25.06,25.0,25.02,123332.0
12:43,25.04,25.09,25.01,25.06,125625.0
12:44,25.05,25.05,25.01,25.04,61839.0
12:45,25.03,25.08,25.0,25.05,104063.0
12:46,24.99,25.03,24.92,25.03,118148.0
12:47,25.06,25.06,24.99,24.99,62020.0
12:48,25.1,25.12,25.03,25.06,102440.0
12:49,25.09,25.12,25.05,25.1,98833.0
12:50,25.01,25.09,25.0,25.09,79485.0
12:51,25.03,25.07,25.01,25.01,105816.0
12:52,24.98,25.02,24.95,25.02,63356.0
12:53,24.94,25.0,24.93,24.97,127328.0
12:54,25.02,25.03,24.88,24.93,111412.0
12:55,25.07,25.1,25.03,25.03,78865.0
12:56,25.07,25.09,25.02,25.06,116959.0
12:57,25.05,25.08,25.0,25.08,111037.0
12:58,25.03,25.1,25.02,25.05,73368.0
12:59,25.03,25.08,25.02,25.02,52162.0
13:00,25.01,25.07,25.0,25.04,89067.0
13:01,24.99,25.01,24.94,25.0,80449.0
13:02,24.93,24.98,24.92,24.98,78601.0
13:03,24.98,24.98,24.93,24.93,59906.0
13:04,24.83,24.98,24.81,24.98,198411.0
13:05,24.8,24.86,24.8,24.82,171329.0
13:06,24.86,24.89,24.77,24.8,161841.0
13:07,24.79,24.86,24.76,24.86,76203.0
13:08,24.77,24.83,24.76,24.8,126792.0
13:09,24.83,24.84,24.75,24.77,132355.0
13:10,24.78,24.83,24.76,24.83,80996.0
13:11,24.78,24.8,24.73,24.78,116810.0
13:12,24.76,24.8,24.75,24.77,60023.0
13:13,24.73,24.8,24.72,24.77,86301.0
13:14,24.65,24.72,24.64,24.72,187904.0
13:15,24.65,24.66,24.57,24.64,147611.0
13:16,24.66,24.68,24.58,24.65,92547.0
13:17,24.62,24.68,24.6,24.66,148937.0
13:18,24.56,24.62,24.55,24.62,116275.0
13:19,24.65,24.66,24.56,24.56,137878.0
13:20,24.69,24.71,24.64,24.64,104426.0
13:21,24.77,24.81,24.7,24.7,94781.0
13:22,24.72,24.77,24.68,24.76,116848.0
13:23,24.67,24.74,24.67,24.72,87673.0
13:24,24.65,24.68,24.63,24.67,119161.0
13:25,24.71,24.73,24.62,24.65,134958.0
13:26,24.65,24.72,24.62,24.72,109080.0
13:27,24.62,24.66,24.55,24.66,133174.0
13:28,24.58,24.66,24.58,24.61,80109.0
13:29,24.67,24.67,24.54,24.58,92695.0
13:30,24.73,24.75,24.62,24.67,134941.0
13:31,24.8,24.8,24.72,24.73,191515.0
13:32,24.85,24.86,24.8,24.8,158714.0
13:33,24.82,24.9,24.79,24.85,211489.0
13:34,24.83,24.85,24.79,24.83,95440.0
13:35,24.88,24.91,24.83,24.84,127659.0
13:36,24.93,24.96,24.88,24.88,108069.0
13:37,24.93,24.94,24.88,24.93,132097.0
13:38,24.91,24.94,24.89,24.92,88501.0
13:39,24.91,24.94,24.9,24.92,56670.0
13:40,24.88,24.92,24.84,24.91,126394.0
13:41,24.84,24.87,24.77,24.87,156693.0
13:42,24.85,24.86,24.82,24.85,86951.0
13:43,24.86,24.86,24.83,24.85,44087.0
13:44,24.89,24.9,24.85,24.86,102732.0
13:45,24.87,24.92,24.87,24.89,111786.0
13:46,24.88,24.89,24.86,24.87,61083.0
13:47,24.92,24.92,24.83,24.88,16287759.0
13:48,25.11,25.17,24.92,24.92,1.0
13:49,25.14,25.2,25.09,25.1,229567.0
13:50,25.22,25.28,25.14,25.15,221980.0
13:51,25.21,25.23,25.14,25.22,218397.0
13:52,25.12,25.21,25.11,25.2,97580.0
13:53,25.09,25.17,25.09,25.13,88393.0
13:54,25.02,25.09,24.98,25.09,177285.0
13:55,25.11,25.12,24.99,25.02,130323.0
13:56,25.08,25.17,25.06,25.11,154812.0
13:57,25.04,25.08,24.97,25.08,107253.0
13:58,25.11,25.12,25.02,25.05,99373.0
13:59,25.09,25.14,25.08,25.11,107858.0
14:00,25.17,25.19,25.08,25.09,153939.0
14:01,25.14,25.2,25.13,25.17,113686.0
14:02,25.2,25.2,25.14,25.14,16962479.0
14:03,25.19,25.22,25.17,25.2,1.0
14:04,25.25,25.25,25.19,25.2,93710.0
14:05,25.25,25.26,25.23,25.24,145508.0
14:06,25.27,25.28,25.2,25.25,145054.0
14:07,25.29,25.3,25.25,25.28,129488.0
14:08,25.29,25.31,25.26,25.3,192709.0
14:09,25.3,25.34,25.29,25.3,117564.0
14:10,25.3,25.35,25.26,25.3,130809.0
14:11,25.24,25.3,25.2,25.3,146750.0
14:12,25.24,25.27,25.21,25.24,59052.0
14:13,25.18,25.24,25.16,25.24,60113.0
14:14,25.18,25.21,25.17,25.17,161775.0
14:15,25.25,25.25,25.17,25.19,100007.0
14:16,25.28,25.3,25.25,25.25,148841.0
14:17,25.28,25.29,25.25,25.29,113760.0
14:18,25.28,25.29,25.24,25.27,80794.0
14:19,25.29,25.33,25.27,25.27,105876.0
14:20,25.3,25.33,25.25,25.28,92150.0
14:21,25.31,25.33,25.27,25.3,99817.0
14:22,25.32,25.34,25.29,25.31,108596.0
14:23,25.3,25.32,25.27,25.32,71489.0
14:24,25.26,25.3,25.23,25.29,75845.0
14:25,25.31,25.32,25.25,25.26,70201.0
14:26,25.33,25.33,25.3,25.31,62573.0
14:27,25.3,25.33,25.28,25.33,66735.0
14:28,25.31,25.31,25.25,25.3,70061.0
14:29,25.32,25.35,25.29,25.31,59986.0
14:30,25.33,25.36,25.31,25.31,17862541.0
14:31,25.32,25.34,25.29,25.34,1.0
14:32,25.3,25.32,25.27,25.31,47939.0
14:33,25.25,25.31,25.23,25.3,125083.0
14:34,25.25,25.27,25.21,25.25,63380.0
14:35,25.33,25.34,25.25,25.25,69839.0
14:36,25.39,25.4,25.33,25.33,141217.0
14:37,25.42,25.44,25.35,25.39,146463.0
14:38,25.42,25.44,25.4,25.42,72022.0
14:39,25.4,25.44,25.39,25.42,109029.0
14:40,25.33,25.44,25.33,25.39,92100.0
14:41,25.35,25.36,25.27,25.33,88111.0
14:42,25.31,25.35,25.29,25.35,45769.0
14:43,25.25,25.34,25.25,25.33,68369.0
14:44,25.19,25.26,25.16,25.26,170141.0
14:45,25.19,25.2,25.15,25.19,102630.0
14:46,25.15,25.2,25.13,25.18,89745.0
14:47,25.17,25.18,25.1,25.15,106039.0
14:48,25.23,25.27,25.18,25.18,190723.0
14:49,25.2,25.23,25.18,25.23,81715.0
14:50,25.22,25.24,25.19,25.19,59144.0
14:51,25.23,25.25,25.18,25.21,70927.0
14:52,25.22,25.26,25.2,25.24,52807.0
14:53,25.09,25.23,25.08,25.22,87390.0
14:54,25.14,25.14,25.04,25.09,265427.0
14:55,25.21,25.22,25.13,25.13,179357.0
14:56,25.23,25.23,25.18,25.22,45552.0
14:57,25.16,25.23,25.13,25.23,63181.0
14:58,25.16,25.19,25.16,25.17,47496.0
14:59,25.22,25.22,25.15,25.15,18593015.0
15:00,25.27,25.28,25.2,25.2,1.0
15:01,25.34,25.34,25.23,25.26,98614.0
15:02,25.33,25.34,25.29,25.34,75343.0
15:03,25.33,25.35,25.31,25.33,94762.0
15:04,25.26,25.33,25.24,25.33,217226.0
15:05,25.25,25.28,25.21,25.27,100579.0
15:06,25.2,25.25,25.2,25.25,91503.0
15:07,25.22,25.24,25.2,25.2,86797.0
15:08,25.24,25.25,25.16,25.22,110214.0
15:09,25.28,25.3,25.23,25.24,78120.0
15:10,25.24,25.29,25.22,25.29,65252.0
15:11,25.33,25.33,25.25,25.25,96336.0
15:12,25.31,25.38,25.31,25.33,112496.0
15:13,25.25,25.31,25.24,25.31,506553.0
15:14,25.28,25.29,25.24,25.25,93399.0
15:15,25.24,25.29,25.24,25.27,83859.0
15:16,25.29,25.29,25.23,25.24,76026.0
15:17,25.28,25.3,25.24,25.28,111284.0
15:18,25.29,25.31,25.26,25.27,69767.0
15:19,25.28,25.32,25.28,25.29,44939.0
15:20,25.27,25.3,25.24,25.28,87086.0
15:21,25.3,25.31,25.26,25.28,60226.0
15:22,25.3,25.32,25.27,25.3,57685.0
15:23,25.23,25.3,25.22,25.3,88166.0
15:24,25.21,25.23,25.18,25.23,102045.0
15:25,25.29,25.29,25.21,25.22,98349.0
15:26,25.26,25.3,25.24,25.28,59959.0
15:27,25.22,25.29,25.2,25.26,19418145.0
15:28,25.19,25.23,25.15,25.22,1.0
15:29,25.18,25.2,25.16,25.19,41493.0
15:30,25.13,25.21,25.11,25.18,135383.0
15:31,25.17,25.17,25.11,25.13,19554453.0
15:32,25.11,25.18,25.1,25.17,1.0
15:33,25.22,25.23,25.09,25.11,154552.0
15:34,25.24,25.25,25.17,25.22,78980.0
15:35,25.32,25.35,25.23,25.23,171490.0
15:36,25.35,25.36,25.3,25.31,67353.0
15:37,25.33,25.35,25.3,25.35,124309.0
15:38,25.37,25.38,25.33,25.33,75157.0
15:39,25.36,25.42,25.35,25.37,121147.0
15:40,25.31,25.35,25.25,25.35,149202.0
15:41,25.29,25.32,25.25,25.31,92904.0
15:42,25.27,25.32,25.27,25.3,80819.0
15:43,25.25,25.28,25.23,25.28,66371.0
15:44,25.25,25.25,25.21,25.24,85549.0
15:45,25.33,25.33,25.24,25.24,183085.0
15:46,25.32,25.35,25.3,25.33,98904.0
15:47,25.31,25.34,25.27,25.32,90158.0
15:48,25.31,25.31,25.23,25.31,123056.0
15:49,25.31,25.33,25.29,25.31,116990.0
15:50,25.36,25.39,25.25,25.3,169445.0
15:51,25.33,25.39,25.33,25.36,133433.0
15:52,25.34,25.36,25.33,25.34,95973.0
15:53,25.28,25.36,25.26,25.34,134491.0
15:54,25.25,25.3,25.22,25.28,178036.0
15:55,25.33,25.38,25.24,25.25,203326.0
15:56,25.25,25.33,25.25,25.32,21005649.0
15:57,25.17,25.25,25.17,25.25,1.0
15:58,25.2,25.21,25.17,25.18,380364.0
15:59,25.2,25.22,25.17,25.2,518234.0
