Time,Close,High,Low,Open,Volume
09:30,26.78,26.99,26.33,26.48,3201257.0
09:31,26.56,26.84,26.5,26.79,440479.0
09:32,26.34,26.61,26.24,26.56,357673.0
09:33,26.06,26.34,25.98,26.34,893383.0
09:34,26.33,26.38,26.06,26.06,556203.0
09:35,26.3,26.37,26.2,26.34,385838.0
09:36,25.98,26.34,25.94,26.33,362104.0
09:37,25.83,26.01,25.78,25.98,626502.0
09:38,25.78,25.82,25.66,25.82,666841.0
09:39,25.79,25.91,25.72,25.78,544180.0
09:40,26.06,26.1,25.77,25.78,514699.0
09:41,26.08,26.1,25.91,26.05,418336.0
09:42,26.19,26.25,26.07,26.08,449469.0
09:43,26.32,26.4,26.18,26.19,347482.0
09:44,26.44,26.46,26.3,26.32,265782.0
09:45,26.52,26.55,26.35,26.45,311091.0
09:46,26.38,26.52,26.33,26.52,302641.0
09:47,26.44,26.53,26.36,26.36,238947.0
09:48,26.43,26.44,26.36,26.44,238393.0
09:49,26.25,26.45,26.23,26.44,225385.0
09:50,26.37,26.48,26.25,26.25,225347.0
09:51,26.41,26.49,26.26,26.36,230665.0
09:52,26.57,26.59,26.38,26.39,269231.0
09:53,26.53,26.63,26.47,26.56,234285.0
09:54,26.63,26.64,26.52,26.52,248910.0
09:55,26.75,26.78,26.58,26.62,244062.0
09:56,26.81,26.82,26.68,26.75,282081.0
09:57,26.81,26.82,26.74,26.81,222131.0
09:58,26.88,26.89,26.79,26.8,207454.0
09:59,26.91,26.93,26.86,26.89,199170.0
10:00,26.69,26.94,26.67,26.92,395089.0
10:01,26.57,26.7,26.53,26.68,230732.0
10:02,26.62,26.67,26.55,26.58,163948.0
10:03,26.56,26.64,26.52,26.6,166813.0
10:04,26.48,26.58,26.46,26.57,152892.0
10:05,26.51,26.55,26.42,26.48,179509.0
10:06,26.43,26.5,26.42,26.5,127357.0
10:07,26.42,26.47,26.36,26.42,163972.0
10:08,26.4,26.48,26.38,26.42,230863.0
10:09,26.47,26.48,26.32,26.4,243639.0
10:10,26.58,26.68,26.45,26.47,219305.0
10:11,26.64,26.66,26.56,26.58,176439.0
10:12,26.65,26.72,26.62,26.64,227942.0
10:13,26.69,26.72,26.61,26.64,257980.0
10:14,26.69,26.71,26.64,26.7,110566.0
10:15,26.72,26.78,26.66,26.68,208421.0
10:16,26.74,26.79,26.67,26.72,205605.0
10:17,26.74,26.78,26.65,26.75,136133.0
10:18,26.74,26.75,26.68,26.74,98631.0
10:19,26.8,26.82,26.72,26.75,119189.0
10:20,26.83,26.84,26.77,26.8,107096.0
10:21,26.77,26.87,26.75,26.82,128491.0
10:22,26.92,26.93,26.78,26.78,118292.0
10:23,26.8,26.93,26.76,26.92,173492.0
10:24,26.78,26.89,26.77,26.8,220319.0
10:25,26.86,26.87,26.76,26.78,132988.0
10:26,26.75,26.92,26.74,26.86,303113.0
10:27,26.78,26.82,26.73,26.76,184954.0
10:28,26.85,26.87,26.77,26.78,127312.0
10:29,26.82,26.91,26.78,26.85,171026.0
10:30,26.83,26.87,26.8,26.83,85506.0
10:31,26.86,26.89,26.77,26.83,111052.0
10:32,26.81,26.86,26.78,26.86,124987.0
10:33,26.72,26.88,26.69,26.81,175762.0
10:34,26.66,26.74,26.66,26.72,116156.0
10:35,26.69,26.72,26.66,26.67,104782.0
10:36,26.77,26.78,26.68,26.7,126905.0
10:37,26.7,26.81,26.67,26.77,135034.0
10:38,26.67,26.73,26.65,26.69,61481.0
10:39,26.57,26.67,26.55,26.67,108501.0
10:40,26.62,26.64,26.56,26.57,124155.0
10:41,26.61,26.66,26.58,26.63,65539.0
10:42,26.59,26.62,26.55,26.61,90321.0
10:43,26.53,26.6,26.53,26.59,69311.0
10:44,26.51,26.57,26.49,26.53,96515.0
10:45,26.45,26.52,26.45,26.51,72548.0
10:46,26.41,26.45,26.4,26.45,88154.0
10:47,26.49,26.5,26.4,26.42,121829.0
10:48,26.43,26.49,26.42,26.49,64659.0
10:49,26.47,26.48,26.42,26.42,98858.0
10:50,26.56,26.61,26.45,26.47,220644.0
10:51,26.48,26.58,26.48,26.56,127298.0
10:52,26.46,26.52,26.44,26.49,136451.0
10:53,26.44,26.47,26.37,26.45,169579.0
10:54,26.42,26.5,26.42,26.44,54957.0
10:55,26.35,26.41,26.34,26.41,161391.0
10:56,26.34,26.36,26.28,26.35,157189.0
10:57,26.42,26.42,26.33,26.33,85324.0
10:58,26.37,26.44,26.37,26.42,78980.0
10:59,26.42,26.43,26.37,26.37,54645.0
11:00,26.42,26.47,26.4,26.42,138204.0
11:01,26.43,26.52,26.4,26.42,122075.0
11:02,26.41,26.47,26.4,26.44,82912.0
11:03,26.44,26.46,26.38,26.41,82091.0
11:04,26.49,26.49,26.43,26.45,78770.0
11:05,26.45,26.5,26.39,26.49,93219.0
11:06,26.37,26.45,26.37,26.45,67301.0
11:07,26.38,26.42,26.36,26.37,78940.0
11:08,26.31,26.4,26.28,26.39,74102.0
11:09,26.31,26.33,26.29,26.3,80603.0
11:10,26.26,26.34,26.23,26.3,121938.0
11:11,26.21,26.28,26.2,26.26,93727.0
11:12,26.12,26.2,26.11,26.2,171728.0
11:13,26.16,26.18,26.1,26.12,85345.0
11:14,26.12,26.16,26.09,26.16,139552.0
11:15,26.06,26.14,26.06,26.12,146468.0
11:16,26.06,26.08,26.03,26.07,119140.0
11:17,26.15,26.15,26.06,26.06,164862.0
11:18,26.19,26.21,26.13,26.14,105687.0
11:19,26.22,26.24,26.16,26.19,150749.0
11:20,26.26,26.29,26.19,26.2,110782.0
11:21,26.28,26.29,26.22,26.26,152471.0
11:22,26.26,26.29,26.25,26.28,67575.0
11:23,26.28,26.3,26.25,26.26,65056.0
11:24,26.26,26.33,26.25,26.28,159775.0
11:25,26.23,26.28,26.21,26.26,103459.0
11:26,26.21,26.24,26.2,26.23,85255.0
11:27,26.17,26.22,26.15,26.22,75068.0
11:28,26.16,26.18,26.15,26.16,62360.0
11:29,26.13,26.17,26.13,26.16,75128.0
11:30,26.07,26.15,26.06,26.13,105961.0
11:31,26.13,26.13,26.03,26.06,114995.0
11:32,26.06,26.14,26.05,26.14,42695.0
11:33,26.09,26.1,26.06,26.06,65098.0
11:34,26.2,26.23,26.08,26.08,89045.0
11:35,26.11,26.2,26.11,26.2,108665.0
11:36,26.09,26.14,26.08,26.11,102870.0
11:37,26.1,26.13,26.08,26.09,84552.0
11:38,26.03,26.11,26.02,26.09,157326.0
11:39,26.08,26.08,26.03,26.03,42901.0
11:40,26.05,26.08,26.03,26.08,90193.0
11:41,26.01,26.05,25.99,26.05,283538.0
11:42,26.01,26.04,26.0,26.0,118851.0
11:43,26.04,26.04,25.97,26.0,180355.0
11:44,26.06,26.06,26.01,26.04,87443.0
11:45,26.06,26.1,26.04,26.05,80478.0
11:46,25.99,26.07,25.98,26.07,108265.0
11:47,26.01,26.05,26.0,26.0,71189.0
11:48,26.05,26.05,26.0,26.01,46132.0
11:49,26.05,26.05,26.02,26.04,55977.0
11:50,26.05,26.07,26.03,26.04,77547.0
11:51,26.08,26.14,26.03,26.05,92483.0
11:52,26.08,26.11,26.07,26.09,55920.0
11:53,26.08,26.13,26.08,26.09,56094.0
11:54,26.09,26.09,26.04,26.08,74614.0
11:55,26.01,26.11,26.01,26.08,111413.0
11:56,25.98,26.03,25.97,26.01,172483.0
11:57,25.89,25.98,25.88,25.97,264996.0
11:58,25.86,25.93,25.85,25.89,267017.0
11:59,25.94,25.94,25.84,25.86,227287.0
12:00,25.97,25.97,25.92,25.94,109687.0
12:01,25.97,26.02,25.93,25.96,115893.0
12:02,25.98,25.99,25.95,25.97,157108.0
12:03,25.94,25.98,25.93,25.98,57539.0
12:04,25.98,25.98,25.94,25.94,49198.0
12:05,26.0,26.02,25.97,25.98,63734.0
12:06,25.97,26.02,25.95,26.0,71828.0
12:07,25.93,25.97,25.91,25.96,95398.0
12:08,25.94,25.99,25.93,25.93,80213.0
12:09,25.96,25.97,25.92,25.94,120191.0
12:10,25.98,25.98,25.92,25.96,70127.0
12:11,26.07,26.07,25.95,25.98,89762.0
12:12,26.06,26.07,26.01,26.07,166301.0
12:13,26.17,26.18,26.05,26.05,102414.0
12:14,26.17,26.17,26.12,26.17,110718.0
12:15,26.22,26.22,26.14,26.17,108525.0
12:16,26.29,26.29,26.2,26.22,96520.0
12:17,26.36,26.37,26.27,26.29,141048.0
12:18,26.35,26.37,26.32,26.37,136462.0
12:19,26.35,26.35,26.33,26.34,43349.0
12:20,26.37,26.38,26.33,26.34,98038.0
12:21,26.43,26.45,26.37,26.38,93224.0
12:22,26.48,26.49,26.43,26.43,92568.0
12:23,26.56,26.57,26.44,26.49,128415.0
12:24,26.55,26.56,26.52,26.56,141752.0
12:25,26.58,26.59,26.54,26.55,85435.0
12:26,26.61,26.65,26.58,26.58,133238.0
12:27,26.52,26.66,26.51,26.61,182390.0
12:28,26.48,26.52,26.45,26.52,117032.0
12:29,26.56,26.56,26.48,26.49,134741.0
12:30,26.54,26.58,26.51,26.56,72587.0
12:31,26.55,26.57,26.52,26.56,68043.0
12:32,26.64,26.65,26.55,26.55,188424.0
12:33,26.57,26.64,26.57,26.64,106835.0
12:34,26.59,26.62,26.58,26.58,65072.0
12:35,26.59,26.6,26.53,26.59,68756.0
12:36,26.59,26.61,26.57,26.59,39529.0
12:37,26.62,26.64,26.59,26.6,78659.0
12:38,26.53,26.64,26.51,26.62,103137.0
12:39,26.61,26.61,26.53,26.53,48119.0
12:40,26.61,26.62,26.58,26.61,33849.0
12:41,26.56,26.61,26.56,26.61,42146.0
12:42,26.6,26.62,26.56,26.57,26062.0
12:43,26.56,26.61,26.54,26.6,44216.0
12:44,26.55,26.57,26.54,26.56,14065554.0
12:45,26.51,26.58,26.5,26.54,1.0
12:46,26.51,26.55,26.49,26.52,75371.0
12:47,26.48,26.51,26.45,26.51,86263.0
12:48,26.35,26.48,26.35,26.48,83179.0
12:49,26.42,26.42,26.36,26.37,45807.0
12:50,26.42,26.43,26.4,26.42,32773.0
12:51,26.48,26.49,26.42,26.42,58866.0
12:52,26.41,26.49,26.41,26.49,41883.0
12:53,26.49,26.5,26.4,26.42,57509.0
12:54,26.47,26.5,26.43,26.49,52960.0
12:55,26.57,26.58,26.48,26.48,53371.0
12:56,26.59,26.6,26.53,26.57,75495.0
12:57,26.63,26.65,26.6,26.61,84629.0
12:58,26.65,26.66,26.63,26.64,68799.0
12:59,26.68,26.69,26.64,26.64,131856.0
13:00,26.72,26.73,26.68,26.68,135196.0
13:01,26.75,26.75,26.72,26.72,63466.0
13:02,26.75,26.75,26.72,26.74,68540.0
13:03,26.74,26.76,26.72,26.75,62938.0
13:04,26.76,26.77,26.73,26.74,68538.0
13:05,26.72,26.76,26.7,26.75,65670.0
13:06,26.78,26.79,26.7,26.73,73521.0
13:07,26.8,26.81,26.75,26.78,73420.0
13:08,26.86,26.86,26.81,26.81,62599.0
13:09,26.86,26.89,26.84,26.86,88043.0
13:10,26.9,26.93,26.87,26.87,129120.0
13:11,26.93,26.93,26.89,26.9,78667.0
13:12,26.93,26.98,26.92,26.92,114647.0
13:13,27.0,27.0,26.92,26.92,65521.0
13:14,27.09,27.11,26.98,27.0,208922.0
13:15,27.06,27.11,27.04,27.1,172115.0
13:16,27.04,27.07,27.01,27.06,85429.0
13:17,27.06,27.08,27.04,27.05,91759.0
13:18,27.1,27.1,27.05,27.05,55614.0
13:19,27.09,27.1,27.06,27.09,42477.0
13:20,27.07,27.13,27.07,27.08,104176.0
13:21,27.08,27.16,27.06,27.08,77991.0
13:22,27.15,27.15,27.08,27.09,78976.0
13:23,27.18,27.2,27.14,27.15,119092.0
13:24,27.23,27.23,27.17,27.18,118478.0
13:25,27.24,27.26,27.23,27.23,98619.0
13:26,27.27,27.29,27.2,27.24,156924.0
13:27,27.27,27.29,27.25,27.27,102772.0
13:28,27.26,27.28,27.25,27.27,99082.0
13:29,27.25,27.28,27.23,27.25,91717.0
13:30,27.24,27.27,27.21,27.25,79057.0
13:31,27.22,27.24,27.21,27.23,94761.0
13:32,27.18,27.23,27.16,27.22,82657.0
13:33,27.11,27.2,27.11,27.18,112779.0
13:34,27.09,27.15,27.08,27.11,52553.0
13:35,27.08,27.1,27.04,27.08,96921.0
13:36,27.03,27.08,27.02,27.07,54809.0
13:37,27.05,27.07,27.03,27.04,45685.0
13:38,27.09,27.11,27.03,27.04,85790.0
13:39,27.11,27.11,27.08,27.08,67008.0
13:40,27.16,27.16,27.11,27.11,80630.0
13:41,27.12,27.17,27.09,27.16,102120.0
13:42,27.16,27.16,27.11,27.12,69890.0
13:43,27.17,27.18,27.14,27.16,61458.0
13:44,27.14,27.17,27.12,27.17,35595.0
13:45,27.14,27.18,27.13,27.14,50542.0
13:46,27.12,27.16,27.11,27.15,91046.0
13:47,27.07,27.13,27.07,27.12,108795.0
13:48,27.07,27.11,27.07,27.08,70281.0
13:49,27.08,27.1,27.07,27.08,60137.0
13:50,27.01,27.09,27.01,27.08,86294.0
13:51,26.99,27.03,26.97,27.01,143883.0
13:52,27.01,27.02,26.98,26.99,52032.0
13:53,26.99,27.01,26.97,27.01,56895.0
13:54,27.05,27.06,26.99,26.99,35974.0
13:55,27.1,27.11,27.06,27.06,94687.0
13:56,27.17,27.18,27.09,27.1,16392969.0
13:57,27.24,27.25,27.17,27.17,1.0
13:58,27.26,27.27,27.23,27.24,61514.0
13:59,27.24,27.28,27.23,27.26,76914.0
14:00,27.19,27.24,27.19,27.24,122223.0
14:01,27.22,27.25,27.19,27.19,139147.0
14:02,27.23,27.26,27.22,27.23,44151.0
14:03,27.23,27.24,27.19,27.23,43351.0
14:04,27.22,27.26,27.2,27.23,65462.0
14:05,27.16,27.22,27.15,27.21,60214.0
14:06,27.24,27.24,27.15,27.16,51058.0
14:07,27.25,27.26,27.22,27.24,76913.0
14:08,27.26,27.27,27.25,27.26,38629.0
14:09,27.24,27.29,27.23,27.26,72881.0
14:10,27.23,27.24,27.21,27.24,34478.0
14:11,27.25,27.25,27.22,27.24,62012.0
14:12,27.28,27.3,27.23,27.25,86035.0
14:13,27.32,27.33,27.26,27.29,152290.0
14:14,27.33,27.34,27.31,27.33,132579.0
14:15,27.33,27.33,27.29,27.33,99187.0
14:16,27.33,27.35,27.28,27.33,101048.0
14:17,27.32,27.35,27.3,27.33,91839.0
14:18,27.33,27.34,27.31,27.32,45383.0
14:19,27.25,27.34,27.23,27.33,91385.0
14:20,27.3,27.3,27.25,27.25,62475.0
14:21,27.31,27.32,27.25,27.3,69085.0
14:22,27.32,27.32,27.29,27.31,44501.0
14:23,27.27,27.32,27.24,27.32,57688.0
14:24,27.31,27.31,27.27,27.27,66115.0
14:25,27.3,27.31,27.27,27.31,53968.0
14:26,27.31,27.33,27.26,27.3,71519.0
14:27,27.32,27.36,27.29,27.3,134373.0
14:28,27.31,27.34,27.29,27.32,80009.0
14:29,27.33,27.34,27.29,27.32,46641.0
14:30,27.41,27.41,27.33,27.34,146891.0
14:31,27.41,27.42,27.38,27.41,104239.0
14:32,27.45,27.47,27.4,27.42,84077.0
14:33,27.46,27.47,27.42,27.46,83399.0
14:34,27.46,27.49,27.44,27.47,110502.0
14:35,27.48,27.48,27.45,27.47,76584.0
14:36,27.51,27.52,27.47,27.48,139704.0
14:37,27.49,27.51,27.46,27.5,81898.0
14:38,27.56,27.56,27.48,27.49,103046.0
14:39,27.59,27.61,27.56,27.56,114787.0
14:40,27.73,27.73,27.6,27.6,139021.0
14:41,27.7,27.77,27.69,27.73,192516.0
14:42,27.69,27.76,27.68,27.7,123872.0
14:43,27.71,27.74,27.69,27.69,81691.0
14:44,27.72,27.75,27.7,27.71,64406.0
14:45,27.66,27.73,27.65,27.72,147279.0
14:46,27.7,27.72,27.66,27.66,130896.0
14:47,27.62,27.73,27.56,27.71,186178.0
14:48,27.64,27.65,27.59,27.62,131050.0
14:49,27.67,27.69,27.63,27.65,18385144.0
14:50,27.68,27.72,27.67,27.67,1.0
14:51,27.66,27.68,27.64,27.67,91445.0
14:52,27.69,27.7,27.67,27.67,76068.0
14:53,27.78,27.78,27.68,27.7,83490.0
14:54,27.83,27.83,27.77,27.77,149227.0
14:55,27.76,27.84,27.75,27.82,99774.0
14:56,27.88,27.88,27.75,27.76,87947.0
14:57,27.84,27.88,27.82,27.88,110187.0
14:58,27.83,27.87,27.82,27.85,101550.0
14:59,27.86,27.87,27.83,27.83,114858.0
15:00,27.86,27.87,27.82,27.86,108156.0
15:01,27.86,27.87,27.82,27.86,117728.0
15:02,27.91,27.92,27.86,27.86,147872.0
15:03,27.91,27.92,27.86,27.91,92424.0
15:04,27.92,27.95,27.9,27.91,139639.0
15:05,27.86,27.92,27.84,27.92,153538.0
15:06,27.75,27.89,27.73,27.86,191151.0
15:07,27.74,27.76,27.7,27.73,155728.0
15:08,27.82,27.83,27.75,27.75,126779.0
15:09,27.78,27.83,27.78,27.83,71954.0
15:10,27.79,27.81,27.77,27.79,72643.0
15:11,27.8,27.83,27.76,27.79,136773.0
15:12,27.83,27.85,27.79,27.8,73676.0
15:13,27.81,27.85,27.81,27.83,102499.0
15:14,27.78,27.83,27.78,27.82,113775.0
15:15,27.78,27.82,27.77,27.78,87168.0
15:16,27.76,27.79,27.75,27.78,66222.0
15:17,27.7,27.77,27.69,27.77,99581.0
15:18,27.58,27.7,27.57,27.7,274631.0
15:19,27.59,27.61,27.55,27.58,150857.0
15:20,27.53,27.6,27.52,27.6,120091.0
15:21,27.57,27.58,27.5,27.53,131104.0
15:22,27.54,27.6,27.54,27.58,135040.0
15:23,27.55,27.56,27.51,27.55,105810.0
15:24,27.53,27.57,27.51,27.55,62406.0
15:25,27.5,27.55,27.5,27.53,74151.0
15:26,27.5,27.51,27.46,27.51,83431.0
15:27,27.63,27.64,27.49,27.5,130574.0
15:28,27.62,27.63,27.59,27.63,70751.0
15:29,27.62,27.66,27.61,27.62,166235.0
15:30,27.7,27.75,27.62,27.62,181423.0
15:31,27.67,27.71,27.67,27.7,106724.0
15:32,27.75,27.76,27.67,27.67,67867.0
15:33,27.73,27.76,27.73,27.75,94237.0
15:34,27.75,27.78,27.73,27.73,94696.0
15:35,27.76,27.83,27.74,27.75,387552.0
15:36,27.78,27.8,27.76,27.76,58668.0
15:37,27.78,27.8,27.76,27.78,101441.0
15:38,27.78,27.79,27.75,27.78,79846.0
15:39,27.84,27.85,27.78,27.78,197951.0
15:40,27.81,27.84,27.76,27.83,121802.0
15:41,27.82,27.84,27.8,27.81,95434.0
15:42,27.86,27.88,27.81,27.82,91522.0
15:43,27.88,27.88,27.83,27.85,72375.0
15:44,27.88,27.9,27.85,27.88,104676.0
15:45,27.88,27.89,27.85,27.88,64556.0
15:46,27.91,27.92,27.86,27.88,81046.0
15:47,27.86,27.91,27.86,27.9,116587.0
15:48,27.84,27.87,27.82,27.87,91567.0
15:49,27.77,27.85,27.77,27.84,133252.0
15:50,27.93,27.94,27.78,27.78,206313.0
15:51,27.99,28.0,27.93,27.94,261978.0
15:52,28.01,28.03,27.99,27.99,187318.0
15:53,28.05,28.06,28.0,28.01,188840.0
15:54,28.0,28.06,27.99,28.05,219537.0
15:55,28.17,28.19,28.0,28.0,287068.0
15:56,28.2,28.21,28.14,28.17,292764.0
15:57,28.2,28.24,28.18,28.2,262241.0
15:58,28.24,28.24,28.18,28.19,394554.0
15:59,28.23,28.24,28.19,28.23,462960.0
