Time,Close,High,Low,Open,Volume
09:30,444.19,445.4,443.2,443.45,2053063.0
09:31,444.1,444.41,443.13,444.2,217399.0
09:32,443.09,443.57,442.23,442.79,583617.0
09:33,442.09,442.73,441.33,441.37,949835.0
09:34,443.09,443.18,441.94,442.2,218631.0
09:35,442.32,443.56,442.2,443.18,227658.0
09:36,442.28,443.0,441.45,442.41,306234.0
09:37,442.43,442.83,442.03,442.12,170160.0
09:38,442.56,442.8,442.0,442.49,178173.0
09:39,443.26,443.69,442.57,442.6,332799.0
09:40,442.89,443.67,442.71,443.26,237964.0
09:41,443.35,443.36,442.7,443.0,142910.0
09:42,441.6,443.36,441.6,443.27,271900.0
09:43,441.38,442.2,441.38,441.66,241181.0
09:44,441.79,441.92,440.8,441.39,298893.0
09:45,441.71,442.26,441.59,441.74,1.0
09:46,442.27,442.37,441.4,441.76,2007911.0
09:47,442.2,442.26,441.6,442.22,109918.0
09:48,440.54,442.18,440.11,442.18,332607.0
09:49,441.62,441.69,440.23,440.47,345308.0
09:50,441.77,442.35,441.41,441.54,189671.0
09:51,442.26,442.34,441.44,441.79,168397.0
09:52,442.09,442.63,441.91,442.27,217561.0
09:53,441.4,442.29,441.39,442.09,209429.0
09:54,442.14,442.27,441.39,441.39,131153.0
09:55,441.82,442.36,441.7,442.14,123626.0
09:56,440.67,441.98,440.48,441.82,220722.0
09:57,441.24,441.36,439.6,440.53,506653.0
09:58,441.43,441.49,441.0,441.15,139807.0
09:59,441.56,441.6,440.84,441.49,197971.0
10:00,441.43,441.91,441.25,441.52,173538.0
10:01,441.2,441.85,441.11,441.34,97856.0
10:02,440.72,441.24,440.7,441.17,129566.0
10:03,440.23,441.25,440.15,440.71,195718.0
10:04,440.7,441.0,440.1,440.28,202612.0
10:05,441.0,441.25,440.53,440.7,135395.0
10:06,440.94,441.44,440.57,441.12,138566.0
10:07,440.92,441.37,440.69,440.86,112414.0
10:08,441.45,441.5,440.33,440.93,207062.0
10:09,440.74,441.94,440.6,441.5,184989.0
10:10,440.08,440.91,440.02,440.85,211689.0
10:11,440.17,440.5,440.03,440.13,159756.0
10:12,439.93,440.24,439.7,440.2,256490.0
10:13,438.73,440.0,438.4,439.95,381964.0
10:14,438.96,439.22,438.55,438.79,202466.0
10:15,439.06,439.22,438.43,439.01,195620.0
10:16,438.44,439.22,438.13,439.04,222220.0
10:17,438.49,438.8,438.06,438.41,225120.0
10:18,439.11,439.21,438.47,438.52,205145.0
10:19,439.09,439.57,438.96,439.14,198024.0
10:20,439.5,439.68,438.82,439.11,159593.0
10:21,438.01,439.63,437.9,439.55,305197.0
10:22,437.79,438.3,437.65,438.13,286260.0
10:23,437.06,437.88,437.01,437.77,307671.0
10:24,436.55,437.06,436.22,437.05,330279.0
10:25,437.19,437.49,436.42,436.57,297533.0
10:26,436.75,437.29,436.5,437.17,220235.0
10:27,435.09,436.87,434.71,436.79,559988.0
10:28,434.27,435.18,434.21,435.08,367624.0
10:29,434.15,434.38,433.4,434.33,432297.0
10:30,433.08,434.95,433.08,434.06,365104.0
10:31,433.07,433.33,432.35,433.13,383523.0
10:32,433.17,433.43,432.46,433.05,290569.0
10:33,433.74,434.55,432.93,433.11,642227.0
10:34,434.27,434.75,433.75,433.78,242756.0
10:35,433.5,434.6,432.62,434.32,302877.0
10:36,435.04,435.18,433.29,433.54,297144.0
10:37,435.68,435.73,434.59,435.12,268422.0
10:38,434.95,435.7,434.91,435.66,218664.0
10:39,434.63,435.49,434.61,434.93,160471.0
10:40,435.8,435.95,434.42,434.75,209979.0
10:41,435.51,435.88,435.41,435.8,136964.0
10:42,434.73,435.57,434.56,435.51,185398.0
10:43,435.6,435.6,434.6,434.75,178339.0
10:44,434.59,435.52,434.55,435.52,147976.0
10:45,434.38,435.07,434.2,434.61,239980.0
10:46,432.83,434.3,432.7,434.2,314421.0
10:47,433.39,433.78,432.76,432.78,214405.0
10:48,434.86,434.92,433.06,433.4,224315.0
10:49,435.3,435.41,434.67,434.83,223041.0
10:50,436.08,436.25,435.33,435.33,251980.0
10:51,435.64,436.2,435.28,436.08,203448.0
10:52,435.21,435.95,435.14,435.65,212374.0
10:53,435.84,435.84,434.76,435.3,176757.0
10:54,436.13,436.2,435.65,435.86,149346.0
10:55,435.55,436.25,435.2,436.15,133048.0
10:56,436.51,436.85,435.46,435.49,215908.0
10:57,436.75,436.95,436.42,436.53,185362.0
10:58,437.17,437.39,436.77,436.77,210980.0
10:59,437.48,437.65,437.14,437.15,221247.0
11:00,437.5,437.83,436.88,437.5,249023.0
11:01,437.73,437.9,437.12,437.52,167796.0
11:02,437.23,437.77,437.15,437.71,144812.0
11:03,437.33,437.56,437.01,437.26,141840.0
11:04,437.4,437.5,437.21,437.32,81733.0
11:05,437.35,437.68,437.28,437.46,119585.0
11:06,437.75,437.9,437.1,437.35,134696.0
11:07,436.45,438.09,436.37,437.77,360812.0
11:08,437.44,437.63,436.35,436.46,362383.0
11:09,437.39,437.62,437.18,437.48,110272.0
11:10,437.32,437.54,437.01,437.41,110810.0
11:11,437.37,437.67,437.24,437.26,119955.0
11:12,436.81,437.6,436.6,437.36,126891.0
11:13,436.75,436.97,435.89,436.79,213155.0
11:14,436.07,436.9,436.04,436.68,140815.0
11:15,435.48,436.54,435.39,436.13,181208.0
11:16,434.44,435.6,434.44,435.42,249191.0
11:17,434.33,434.77,434.01,434.46,212522.0
11:18,434.39,434.57,434.09,434.3,125896.0
11:19,434.5,434.7,434.23,434.44,121392.0
11:20,433.95,434.77,433.88,434.5,213822.0
11:21,433.22,434.11,433.11,433.92,217916.0
11:22,433.1,433.29,432.61,433.2,295073.0
11:23,432.67,433.22,431.88,433.13,329836.0
11:24,433.6,433.67,432.29,432.62,220332.0
11:25,433.86,434.05,432.81,433.58,265012.0
11:26,433.8,434.25,433.61,433.92,204718.0
11:27,432.93,433.96,432.93,433.8,145255.0
11:28,433.16,433.7,432.9,432.91,131401.0
11:29,433.25,433.41,432.7,433.2,172607.0
11:30,432.73,433.47,432.28,433.3,221420.0
11:31,433.12,433.12,432.44,432.67,139320.0
11:32,433.69,433.75,432.86,433.0,164252.0
11:33,433.91,434.18,433.5,433.69,202603.0
11:34,433.44,434.28,433.26,434.05,159572.0
11:35,433.73,433.75,433.1,433.53,131668.0
11:36,434.64,434.75,433.62,433.62,177045.0
11:37,433.86,434.67,433.61,434.67,140172.0
11:38,433.85,434.36,433.5,433.86,127505.0
11:39,433.89,434.19,433.47,433.85,121280.0
11:40,433.93,434.37,433.58,433.86,111657.0
11:41,434.06,434.42,433.86,433.99,89103.0
11:42,434.34,434.41,433.67,433.95,114505.0
11:43,434.21,434.46,434.0,434.31,83067.0
11:44,434.46,434.74,434.2,434.31,117818.0
11:45,434.88,435.07,434.45,434.49,137243.0
11:46,435.12,435.2,434.77,434.92,169044.0
11:47,435.35,435.44,434.92,435.13,151152.0
11:48,435.53,435.61,435.13,435.4,132939.0
11:49,435.29,435.57,435.08,435.57,138403.0
11:50,435.38,435.48,435.08,435.28,90880.0
11:51,436.03,436.11,435.47,435.47,182595.0
11:52,435.91,436.11,435.82,436.04,100371.0
11:53,435.62,436.18,435.33,435.97,141715.0
11:54,435.68,436.13,435.6,435.65,209174.0
11:55,435.86,436.22,435.69,435.71,101451.0
11:56,435.7,435.98,435.5,435.88,97647.0
11:57,435.63,435.75,434.97,435.71,169630.0
11:58,435.46,435.68,435.3,435.61,74527.0
11:59,435.24,435.48,435.06,435.36,490525.0
12:00,434.88,435.48,434.82,435.23,135896.0
12:01,434.72,435.06,434.23,434.92,189555.0
12:02,434.64,434.8,434.38,434.59,76173.0
12:03,434.36,434.68,434.28,434.64,79848.0
12:04,434.92,434.99,434.39,434.39,101059.0
12:05,434.28,435.0,434.23,434.96,110071.0
12:06,435.45,435.64,434.01,434.25,162173.0
12:07,435.41,435.79,435.15,435.4,96915.0
12:08,435.56,435.76,435.39,435.42,74879.0
12:09,435.7,435.78,435.43,435.59,65257.0
12:10,435.18,435.86,435.14,435.64,107677.0
12:11,435.67,435.77,434.79,435.18,120850.0
12:12,435.96,436.2,435.71,435.73,148348.0
12:13,435.69,436.22,435.63,436.04,79321.0
12:14,435.58,435.86,435.41,435.69,108984.0
12:15,435.52,435.71,435.41,435.67,57901.0
12:16,436.13,436.19,435.51,435.55,97342.0
12:17,436.3,436.36,436.06,436.12,112969.0
12:18,435.93,436.36,435.76,436.29,97179.0
12:19,435.61,435.97,435.56,435.89,56095.0
12:20,434.81,435.68,434.75,435.61,119692.0
12:21,434.34,434.77,434.2,434.71,93004.0
12:22,434.35,434.63,434.04,434.32,104041.0
12:23,433.85,434.4,433.76,434.35,145879.0
12:24,433.74,434.0,433.45,433.88,117989.0
12:25,434.53,434.59,433.6,433.75,144509.0
12:26,434.24,434.52,434.18,434.5,99278.0
12:27,434.2,434.47,433.88,434.23,80499.0
12:28,434.39,434.42,434.06,434.22,57789.0
12:29,433.94,434.42,433.68,434.41,100079.0
12:30,432.23,434.7,431.67,433.94,417315.0
12:31,430.47,432.18,430.2,431.83,512438.0
12:32,429.59,430.48,429.0,430.47,472947.0
12:33,431.51,431.8,429.26,429.65,357889.0
12:34,432.49,432.65,431.05,431.46,231421.0
12:35,432.5,433.05,432.09,432.5,212071.0
12:36,432.66,432.85,431.66,432.48,208605.0
12:37,431.86,433.05,431.52,432.87,180745.0
12:38,432.24,432.55,431.82,431.88,104516.0
12:39,433.02,433.28,432.0,432.15,172807.0
12:40,432.54,433.14,432.36,433.03,160192.0
12:41,433.5,433.7,432.52,432.6,132328.0
12:42,432.3,433.7,432.22,433.5,129481.0
12:43,432.01,432.36,431.77,432.25,193077.0
12:44,432.18,432.39,431.92,432.08,78203.0
12:45,433.28,433.4,432.1,432.2,132101.0
12:46,433.15,433.4,432.88,433.13,81891.0
12:47,433.15,433.56,432.9,433.15,99540.0
12:48,432.77,433.26,432.7,433.14,91709.0
12:49,432.57,433.25,432.28,432.81,100718.0
12:50,433.01,433.05,432.0,432.53,140133.0
12:51,432.74,433.1,432.46,432.98,70552.0
12:52,433.9,433.95,432.77,432.87,139264.0
12:53,433.9,434.2,433.76,433.9,120582.0
12:54,434.24,434.25,433.86,433.88,88643.0
12:55,434.28,434.85,433.92,434.18,195189.0
12:56,433.85,434.4,433.5,434.29,115641.0
12:57,434.72,435.05,433.73,433.89,168140.0
12:58,434.87,435.09,434.53,434.86,117700.0
12:59,434.25,434.95,434.02,434.88,115194.0
13:00,434.29,434.3,433.71,434.23,115076.0
13:01,434.37,434.75,434.25,434.31,78057.0
13:02,434.23,434.5,433.95,434.35,90511.0
13:03,434.44,434.6,434.15,434.21,71173.0
13:04,434.12,434.42,433.92,434.42,77337.0
13:05,433.96,434.3,433.7,434.06,79209.0
13:06,434.17,434.3,433.8,433.95,71738.0
13:07,434.25,434.3,433.94,434.0,63573.0
13:08,434.4,434.99,434.23,434.3,103234.0
13:09,434.9,434.94,434.1,434.39,88524.0
13:10,434.67,435.09,434.1,434.94,100351.0
13:11,434.71,434.98,434.6,434.65,62075.0
13:12,434.08,434.88,433.9,434.61,110559.0
13:13,433.45,434.24,433.39,434.08,132281.0
13:14,433.01,433.57,432.91,433.45,103938.0
13:15,432.8,433.22,432.8,433.02,81280.0
13:16,432.45,433.0,432.18,432.76,115061.0
13:17,433.03,433.15,432.49,432.56,124900.0
13:18,432.57,433.1,432.48,433.01,97526.0
13:19,432.91,433.05,432.51,432.55,62898.0
13:20,432.57,432.95,432.33,432.95,96307.0
13:21,432.69,433.0,432.41,432.59,88179.0
13:22,432.67,432.82,432.52,432.65,39483.0
13:23,432.36,432.82,432.1,432.61,127167.0
13:24,432.12,432.39,432.0,432.36,455565.0
13:25,432.07,432.29,431.83,432.12,170790.0
13:26,431.96,432.42,431.87,432.01,89303.0
13:27,432.86,432.95,431.98,432.03,112986.0
13:28,432.48,432.83,432.36,432.79,77127.0
13:29,432.92,433.12,432.32,432.36,106828.0
13:30,432.36,433.17,432.27,432.93,83231.0
13:31,432.21,432.59,431.92,432.45,114947.0
13:32,432.18,432.39,431.91,432.27,82930.0
13:33,432.77,432.99,432.2,432.2,126946.0
13:34,432.86,432.98,432.44,432.7,83668.0
13:35,432.97,433.25,432.7,432.81,86400.0
13:36,432.4,432.97,432.4,432.91,65041.0
13:37,430.96,432.45,430.89,432.43,199817.0
13:38,431.19,431.42,430.89,430.89,123693.0
13:39,431.14,431.28,430.89,431.14,72126.0
13:40,430.99,431.32,430.82,431.15,103267.0
13:41,430.56,431.05,430.42,430.95,133243.0
13:42,430.5,430.7,430.3,430.53,124507.0
13:43,430.85,431.1,430.46,430.5,158016.0
13:44,430.77,430.99,430.55,430.8,86040.0
13:45,431.35,431.51,430.6,430.76,140788.0
13:46,431.28,431.77,431.11,431.35,103529.0
13:47,431.54,431.71,431.21,431.21,86934.0
13:48,431.88,432.02,431.52,431.65,138487.0
13:49,431.73,431.9,431.58,431.88,59226.0
13:50,431.04,431.86,430.9,431.67,112853.0
13:51,430.52,431.19,430.4,431.07,90931.0
13:52,430.22,430.62,429.88,430.41,222341.0
13:53,430.34,430.35,429.68,430.09,132254.0
13:54,429.82,430.36,429.55,430.3,183909.0
13:55,430.27,430.61,429.82,429.84,125814.0
13:56,430.17,430.46,430.03,430.32,93242.0
13:57,430.61,430.79,430.17,430.2,117732.0
13:58,430.7,430.9,430.36,430.6,99595.0
13:59,431.39,431.46,430.55,430.63,145942.0
14:00,431.84,432.03,431.28,431.35,165845.0
14:01,432.32,432.42,431.73,431.8,175760.0
14:02,432.0,432.6,431.82,432.29,150529.0
14:03,431.4,432.07,431.34,432.07,104874.0
14:04,431.25,431.63,431.1,431.39,116276.0
14:05,431.62,431.77,431.14,431.21,126281.0
14:06,431.7,431.85,431.3,431.64,65417.0
14:07,431.7,431.95,431.54,431.69,76839.0
14:08,431.44,431.87,431.31,431.71,76807.0
14:09,431.32,431.63,431.04,431.54,91577.0
14:10,431.45,431.92,431.2,431.32,103167.0
14:11,431.57,431.72,431.2,431.4,61425.0
14:12,431.3,431.8,431.19,431.63,75560.0
14:13,431.15,431.6,431.05,431.32,70812.0
14:14,430.68,431.43,430.59,431.23,120729.0
14:15,430.63,430.81,430.38,430.65,89322.0
14:16,430.82,431.04,430.2,430.63,155555.0
14:17,430.62,430.89,430.47,430.85,70923.0
14:18,430.45,430.72,430.4,430.65,265345.0
14:19,430.86,430.99,430.25,430.4,98957.0
14:20,431.88,432.17,430.78,430.84,185008.0
14:21,433.02,433.1,431.8,431.81,199607.0
14:22,433.05,433.27,432.75,433.01,161038.0
14:23,433.27,433.45,432.94,432.96,140905.0
14:24,433.48,433.53,433.08,433.42,144602.0
14:25,433.48,433.75,433.19,433.52,131715.0
14:26,433.1,433.53,433.0,433.48,104977.0
14:27,433.38,433.61,433.02,433.07,107136.0
14:28,433.41,433.68,433.21,433.43,81418.0
14:29,433.72,433.85,433.41,433.41,124391.0
14:30,433.86,433.86,433.4,433.72,107646.0
14:31,433.44,433.97,433.38,433.86,101780.0
14:32,433.65,433.7,433.15,433.44,126652.0
14:33,433.86,433.92,433.54,433.68,97699.0
14:34,434.1,434.2,433.63,433.86,137168.0
14:35,433.83,434.25,433.7,434.09,125626.0
14:36,434.11,434.12,433.5,433.85,112057.0
14:37,434.3,434.52,434.01,434.12,129258.0
14:38,434.2,434.55,433.96,434.37,447403.0
14:39,434.1,434.35,434.0,434.14,87493.0
14:40,433.35,434.15,433.3,434.13,111187.0
14:41,433.89,433.89,433.0,433.35,171875.0
14:42,434.4,434.4,433.78,433.78,175474.0
14:43,434.47,434.5,434.18,434.37,87483.0
14:44,434.11,434.5,433.9,434.5,228240.0
14:45,434.52,434.8,434.1,434.1,97542.0
14:46,434.67,434.74,434.48,434.48,89781.0
14:47,434.54,434.85,434.2,434.66,103891.0
14:48,434.69,434.76,434.53,434.54,75963.0
14:49,434.9,434.9,434.43,434.69,94875.0
14:50,434.2,434.88,434.0,434.85,181699.0
14:51,434.24,434.3,433.84,434.22,100286.0
14:52,434.49,435.11,434.16,434.21,196507.0
14:53,434.85,435.05,434.51,434.52,105073.0
14:54,435.09,435.12,434.72,434.86,89497.0
14:55,435.23,435.36,434.91,435.11,147055.0
14:56,435.74,435.74,435.0,435.21,160289.0
14:57,436.1,436.14,435.66,435.72,226134.0
14:58,436.2,436.26,435.91,436.12,148653.0
14:59,436.23,436.47,436.17,436.19,151965.0
15:00,436.46,436.7,436.19,436.2,174760.0
15:01,435.97,436.58,435.14,436.46,276172.0
15:02,436.02,436.24,435.65,435.97,173668.0
15:03,436.18,436.29,435.93,436.01,119391.0
15:04,436.29,436.4,435.97,436.17,132487.0
15:05,436.56,436.65,436.05,436.3,203170.0
15:06,436.81,437.12,436.52,436.58,194866.0
15:07,437.13,437.15,436.78,436.81,170461.0
15:08,437.27,437.5,437.07,437.1,238709.0
15:09,437.3,437.5,437.0,437.24,167641.0
15:10,437.49,437.53,437.07,437.33,177233.0
15:11,437.74,437.95,437.39,437.54,254937.0
15:12,437.11,437.83,437.03,437.75,181856.0
15:13,437.24,437.36,437.0,437.12,146718.0
15:14,437.16,437.44,437.04,437.24,127146.0
15:15,437.52,437.66,437.1,437.12,175794.0
15:16,437.27,437.66,437.15,437.5,130690.0
15:17,437.26,437.73,437.18,437.25,146114.0
15:18,437.45,437.5,436.91,437.29,178258.0
15:19,437.4,437.6,437.12,437.49,144140.0
15:20,437.75,437.81,437.14,437.43,206076.0
15:21,437.73,438.06,437.49,437.77,247781.0
15:22,437.64,437.78,437.36,437.77,153240.0
15:23,437.47,437.86,437.43,437.63,169546.0
15:24,437.84,437.85,437.12,437.47,170257.0
15:25,438.0,438.07,437.77,437.82,230364.0
15:26,437.67,438.39,437.65,437.98,221854.0
15:27,437.67,437.8,437.48,437.67,138569.0
15:28,437.95,438.01,437.67,437.67,170745.0
15:29,437.77,437.97,437.5,437.9,119313.0
15:30,437.67,437.94,437.51,437.8,113141.0
15:31,437.7,438.08,437.64,437.67,143487.0
15:32,438.52,438.65,437.7,437.71,191778.0
15:33,438.25,438.57,438.14,438.53,140396.0
15:34,438.03,438.34,438.0,438.22,146272.0
15:35,438.04,438.13,437.7,438.07,164022.0
15:36,438.28,438.76,438.04,438.04,257355.0
15:37,438.11,438.29,438.0,438.27,135351.0
15:38,438.2,438.51,438.11,438.12,183401.0
15:39,438.45,438.55,438.15,438.19,151356.0
15:40,438.47,438.64,438.26,438.46,176349.0
15:41,437.89,438.53,437.81,438.47,195523.0
15:42,438.19,438.29,437.7,437.89,185799.0
15:43,438.3,438.43,437.99,438.17,163509.0
15:44,437.77,438.45,437.7,438.27,152412.0
15:45,437.63,438.09,437.62,437.8,152534.0
15:46,437.91,438.0,437.61,437.67,110366.0
15:47,437.74,438.05,437.64,437.89,145127.0
15:48,437.81,437.85,437.6,437.72,116096.0
15:49,438.13,438.18,437.53,437.87,176280.0
15:50,437.44,438.42,437.35,438.15,283409.0
15:51,437.71,437.8,437.41,437.41,190515.0
15:52,437.14,437.78,437.03,437.7,213539.0
15:53,438.11,438.17,437.07,437.09,281857.0
15:54,438.18,438.65,437.92,438.11,340861.0
15:55,439.28,439.59,438.15,438.15,520692.0
15:56,438.94,439.35,438.89,439.3,340348.0
15:57,438.8,439.02,438.47,438.9,417378.0
15:58,438.9,439.17,438.75,438.78,469407.0
15:59,438.84,439.2,438.63,438.91,759793.0
