Time,Close,High,Low,Open,Volume
09:30,432.56,433.33,429.13,431.16,4599627.0
09:31,433.76,433.94,431.66,432.56,543796.0
09:32,434.47,434.59,432.23,432.9,1320538.0
09:33,435.18,435.25,432.8,433.24,2097279.0
09:34,435.11,435.55,434.72,435.2,659546.0
09:35,437.04,437.1,435.03,435.13,1008301.0
09:36,438.51,438.66,436.98,437.1,913053.0
09:37,439.34,439.6,438.01,438.61,979074.0
09:38,437.79,439.8,437.74,439.3,910971.0
09:39,436.63,437.94,436.63,437.8,710244.0
09:40,436.37,437.94,436.03,436.65,701141.0
09:41,437.15,437.21,435.82,436.37,475320.0
09:42,437.7,437.81,436.76,437.1,472925.0
09:43,438.3,438.36,437.34,437.73,490175.0
09:44,438.58,438.67,437.75,438.3,506738.0
09:45,438.62,438.62,438.62,438.62,1.0
09:46,437.95,439.3,437.9,438.54,5035561.0
09:47,439.08,439.5,437.9,437.93,446013.0
09:48,439.14,440.41,439.03,439.03,918934.0
09:49,439.94,440.25,438.69,439.09,620308.0
09:50,439.36,440.4,439.07,440.0,539382.0
09:51,440.09,440.35,439.35,439.4,398348.0
09:52,440.56,440.67,439.7,440.08,517584.0
09:53,440.77,441.07,440.18,440.58,507049.0
09:54,440.82,441.15,440.6,440.78,426194.0
09:55,440.05,440.9,439.87,440.74,460602.0
09:56,439.86,440.09,439.28,440.05,474318.0
09:57,440.53,440.85,439.7,439.9,376227.0
09:58,440.84,441.03,440.53,440.56,410311.0
09:59,440.92,441.21,440.52,440.77,328338.0
10:00,441.13,441.33,440.34,440.92,438658.0
10:01,442.6,442.68,441.17,441.17,731827.0
10:02,443.6,443.75,442.41,442.61,713559.0
10:03,443.4,443.85,442.96,443.59,508364.0
10:04,443.24,443.75,442.91,443.35,349584.0
10:05,443.8,444.37,443.04,443.26,557699.0
10:06,444.31,444.39,443.53,443.77,436223.0
10:07,443.61,444.44,443.34,444.31,419305.0
10:08,442.32,443.68,442.32,443.61,545090.0
10:09,442.86,442.86,441.98,442.36,431705.0
10:10,441.95,442.9,441.9,442.82,395185.0
10:11,441.54,442.33,441.45,441.95,389210.0
10:12,442.51,442.79,441.45,441.51,411505.0
10:13,443.01,443.07,442.06,442.47,344609.0
10:14,442.93,443.18,442.74,443.06,255256.0
10:15,442.97,443.15,442.65,442.89,251049.0
10:16,442.56,443.03,442.37,442.99,203208.0
10:17,441.77,442.68,441.77,442.64,249560.0
10:18,441.71,442.2,441.46,441.79,260418.0
10:19,440.95,441.78,440.69,441.78,418421.0
10:20,441.93,442.08,440.86,440.95,354961.0
10:21,442.72,442.79,441.84,441.93,325573.0
10:22,442.33,442.73,442.15,442.73,201328.0
10:23,442.57,442.98,442.33,442.36,205262.0
10:24,442.84,442.95,442.21,442.61,198665.0
10:25,443.57,443.8,442.44,442.88,450560.0
10:26,444.52,444.63,443.42,443.6,503326.0
10:27,444.05,444.92,443.94,444.53,455695.0
10:28,443.73,444.08,443.61,444.01,303089.0
10:29,444.26,444.42,443.61,443.7,262047.0
10:30,444.49,444.65,444.02,444.35,298429.0
10:31,444.12,444.9,443.95,444.54,319880.0
10:32,444.42,444.98,444.01,444.13,299322.0
10:33,443.07,444.8,443.05,444.43,386509.0
10:34,442.9,443.27,442.65,443.08,297479.0
10:35,442.93,443.18,442.75,442.94,215574.0
10:36,443.27,443.38,442.51,442.98,232701.0
10:37,442.82,443.48,442.55,443.27,212400.0
10:38,442.84,443.4,442.62,442.74,163739.0
10:39,443.23,443.37,442.6,442.8,157210.0
10:40,442.98,443.49,442.67,443.24,192721.0
10:41,442.74,443.12,442.57,442.9,392324.0
10:42,442.51,443.05,442.44,442.74,161616.0
10:43,442.96,443.24,442.47,442.5,161563.0
10:44,442.71,443.13,442.71,443.0,113983.0
10:45,442.43,442.89,442.41,442.73,173439.0
10:46,442.05,442.57,441.99,442.44,243600.0
10:47,442.2,442.35,441.86,442.05,207109.0
10:48,442.36,442.74,442.21,442.21,191770.0
10:49,442.5,442.77,442.06,442.28,133532.0
10:50,442.89,442.93,442.28,442.53,148357.0
10:51,442.19,442.85,442.19,442.85,131388.0
10:52,441.55,442.31,441.45,442.15,291859.0
10:53,441.73,441.93,441.2,441.53,232989.0
10:54,441.42,441.84,441.32,441.7,184193.0
10:55,441.41,441.7,441.26,441.33,164799.0
10:56,441.34,441.51,440.95,441.35,289006.0
10:57,441.31,441.62,441.18,441.32,156427.0
10:58,441.61,441.9,441.2,441.26,183232.0
10:59,441.41,441.68,441.31,441.61,103335.0
11:00,441.68,441.74,441.05,441.41,192420.0
11:01,441.24,442.01,441.15,441.72,216886.0
11:02,440.92,441.45,440.88,441.27,229047.0
11:03,440.11,441.0,439.91,440.93,439033.0
11:04,440.15,440.38,440.01,440.12,225622.0
11:05,440.46,440.53,439.98,440.14,270377.0
11:06,440.23,440.44,440.1,440.44,136930.0
11:07,440.75,440.85,440.1,440.2,189629.0
11:08,441.14,441.32,440.65,440.78,268704.0
11:09,441.67,441.9,441.12,441.12,278126.0
11:10,441.93,442.08,441.58,441.63,228105.0
11:11,441.42,442.01,441.31,441.9,211000.0
11:12,441.17,441.58,441.08,441.45,121261.0
11:13,441.18,441.43,441.03,441.13,121529.0
11:14,441.43,441.58,441.05,441.18,124759.0
11:15,441.67,441.86,441.24,441.43,169548.0
11:16,441.58,441.72,441.37,441.66,98395.0
11:17,441.82,442.09,441.51,441.6,212688.0
11:18,441.25,441.87,441.23,441.8,159825.0
11:19,441.05,441.37,441.05,441.25,141010.0
11:20,440.68,441.12,440.39,441.05,236766.0
11:21,440.77,440.94,440.65,440.71,113151.0
11:22,440.52,440.86,440.46,440.72,130356.0
11:23,441.11,441.37,440.5,440.55,166221.0
11:24,441.21,441.29,440.91,441.09,101169.0
11:25,441.32,441.67,441.09,441.18,168003.0
11:26,441.42,441.62,441.25,441.33,98621.0
11:27,441.89,441.96,441.43,441.44,149826.0
11:28,442.32,442.32,441.84,441.89,201941.0
11:29,442.54,442.63,442.25,442.3,228452.0
11:30,442.5,442.69,442.25,442.55,210134.0
11:31,442.59,442.72,442.33,442.55,125466.0
11:32,442.48,442.77,442.32,442.57,153865.0
11:33,442.21,442.55,442.05,442.53,142282.0
11:34,441.82,442.39,441.71,442.16,166747.0
11:35,441.81,442.15,441.7,441.79,124300.0
11:36,441.8,441.95,441.68,441.79,100694.0
11:37,441.26,441.76,441.1,441.75,227376.0
11:38,441.13,441.36,441.01,441.26,114841.0
11:39,441.63,441.67,441.06,441.2,112892.0
11:40,441.34,441.71,441.31,441.68,109876.0
11:41,440.95,441.39,440.86,441.34,182347.0
11:42,441.31,441.36,440.88,440.88,96465.0
11:43,440.89,441.43,440.77,441.31,143954.0
11:44,441.11,441.19,440.82,440.9,122738.0
11:45,441.34,441.4,440.92,441.15,108235.0
11:46,441.33,441.41,441.15,441.37,83608.0
11:47,441.41,441.62,441.21,441.37,180760.0
11:48,441.43,441.76,441.27,441.39,96230.0
11:49,441.43,441.6,441.29,441.43,91845.0
11:50,441.45,441.66,441.32,441.47,81680.0
11:51,441.65,441.65,441.06,441.45,123413.0
11:52,441.55,441.88,441.42,441.63,116196.0
11:53,441.7,441.76,441.31,441.51,91490.0
11:54,441.24,441.68,441.19,441.66,95190.0
11:55,441.02,441.42,440.98,441.25,128831.0
11:56,440.99,441.09,440.91,441.0,88380.0
11:57,440.76,441.05,440.56,440.99,153995.0
11:58,440.87,441.08,440.62,440.76,91767.0
11:59,440.71,440.9,440.5,440.9,125556.0
12:00,440.26,440.78,440.21,440.71,148174.0
12:01,440.12,440.48,440.1,440.29,165889.0
12:02,440.36,440.43,439.93,440.16,177905.0
12:03,440.7,440.78,440.21,440.35,152642.0
12:04,440.82,440.98,440.4,440.73,155251.0
12:05,440.7,440.91,440.27,440.82,117210.0
12:06,440.54,440.89,440.46,440.72,103016.0
12:07,440.17,440.64,440.12,440.56,131639.0
12:08,440.49,440.64,440.06,440.13,120887.0
12:09,441.16,441.2,440.48,440.5,222120.0
12:10,441.44,441.44,441.05,441.18,155632.0
12:11,441.22,441.57,441.13,441.44,147230.0
12:12,440.61,441.28,440.6,441.19,170897.0
12:13,440.32,440.74,440.2,440.61,153574.0
12:14,439.04,440.43,438.75,440.28,486404.0
12:15,438.88,439.2,438.65,439.03,272608.0
12:16,439.04,439.4,438.65,438.89,262349.0
12:17,438.62,439.04,438.53,439.04,192898.0
12:18,438.61,438.97,438.44,438.61,242307.0
12:19,437.94,438.81,437.91,438.66,282249.0
12:20,438.48,438.9,437.92,437.92,251745.0
12:21,438.42,438.73,438.36,438.42,145877.0
12:22,438.42,438.7,438.18,438.4,133062.0
12:23,438.05,438.51,437.93,438.44,191580.0
12:24,438.36,438.39,437.78,438.05,184297.0
12:25,438.36,438.79,437.96,438.36,227587.0
12:26,438.35,438.6,438.3,438.39,140478.0
12:27,438.56,438.6,438.29,438.35,123081.0
12:28,438.2,438.7,438.19,438.59,143136.0
12:29,438.15,438.33,437.92,438.21,147217.0
12:30,438.29,438.51,438.02,438.13,99654.0
12:31,437.91,438.3,437.85,438.3,164068.0
12:32,437.86,438.13,437.75,437.86,125883.0
12:33,437.12,437.9,437.12,437.86,269997.0
12:34,437.14,437.3,437.01,437.12,200755.0
12:35,436.7,437.3,436.55,437.14,290435.0
12:36,437.36,437.47,436.7,436.7,261648.0
12:37,436.97,437.35,436.77,437.35,196242.0
12:38,436.71,437.3,436.6,436.97,186078.0
12:39,436.52,436.78,436.36,436.72,183112.0
12:40,436.83,436.88,436.49,436.5,157439.0
12:41,436.11,436.86,435.94,436.8,276612.0
12:42,436.2,436.32,435.9,436.14,179218.0
12:43,435.89,436.25,435.82,436.23,173558.0
12:44,435.85,436.02,435.46,435.86,212547.0
12:45,435.82,436.08,435.7,435.82,129728.0
12:46,436.24,436.5,435.8,435.82,230864.0
12:47,437.17,437.2,436.23,436.25,286196.0
12:48,436.92,437.53,436.9,437.2,253746.0
12:49,436.99,437.17,436.87,436.92,130233.0
12:50,437.71,437.73,437.02,437.02,184277.0
12:51,437.46,437.73,437.19,437.71,164061.0
12:52,437.17,437.42,437.03,437.42,109506.0
12:53,436.32,437.28,436.28,437.2,175079.0
12:54,435.25,436.44,435.23,436.35,242971.0
12:55,435.24,435.63,435.0,435.27,304075.0
12:56,434.76,435.27,434.56,435.21,341517.0
12:57,434.24,434.9,434.11,434.77,333831.0
12:58,433.89,434.44,433.82,434.28,268073.0
12:59,433.27,433.93,433.14,433.86,363807.0
13:00,433.13,433.3,432.55,433.26,338606.0
13:01,432.5,433.22,432.18,433.14,350857.0
13:02,432.26,432.72,431.8,432.48,325665.0
13:03,432.79,433.28,432.3,432.36,377249.0
13:04,433.1,433.12,432.35,432.83,207462.0
13:05,433.66,433.74,432.97,433.05,302162.0
13:06,432.89,433.82,432.76,433.64,273829.0
13:07,432.29,433.14,432.24,432.88,189478.0
13:08,432.36,432.88,432.24,432.29,168220.0
13:09,432.79,433.0,432.3,432.37,154481.0
13:10,432.12,433.0,431.99,432.8,191164.0
13:11,432.07,432.25,431.88,432.12,220032.0
13:12,431.37,432.08,431.35,432.05,308924.0
13:13,430.39,431.35,430.25,431.35,440645.0
13:14,430.44,430.6,430.15,430.34,296552.0
13:15,430.6,430.77,430.05,430.38,277836.0
13:16,430.08,431.05,429.9,430.72,472567.0
13:17,430.52,430.84,430.03,430.09,244937.0
13:18,430.27,430.83,430.1,430.56,239652.0
13:19,430.31,430.62,430.26,430.27,154528.0
13:20,430.47,430.97,430.06,430.28,238518.0
13:21,430.48,430.64,430.12,430.47,162080.0
13:22,431.23,431.48,430.25,430.46,261959.0
13:23,431.93,432.12,431.11,431.2,301676.0
13:24,432.25,432.39,431.75,431.91,278021.0
13:25,432.65,432.74,432.17,432.25,297964.0
13:26,432.74,432.84,432.5,432.66,272495.0
13:27,433.07,433.26,432.52,432.76,276753.0
13:28,433.35,433.4,432.9,433.02,242541.0
13:29,433.03,433.32,432.71,433.32,316372.0
13:30,432.86,433.3,432.6,432.99,235981.0
13:31,432.89,433.16,432.72,432.89,214150.0
13:32,433.15,433.23,432.61,432.83,162639.0
13:33,432.9,433.26,432.85,433.15,120080.0
13:34,433.23,433.38,432.89,432.91,122082.0
13:35,433.77,433.82,433.15,433.21,191774.0
13:36,433.86,434.08,433.68,433.76,257341.0
13:37,434.02,434.09,433.61,433.85,196769.0
13:38,434.05,434.17,433.8,434.02,156980.0
13:39,434.04,434.16,433.81,434.08,189406.0
13:40,433.86,434.17,433.82,434.02,180725.0
13:41,434.09,434.1,433.58,433.88,182557.0
13:42,434.16,434.45,433.94,434.07,185334.0
13:43,434.33,434.45,433.96,434.16,147967.0
13:44,434.48,434.55,434.21,434.29,123985.0
13:45,434.83,434.87,434.43,434.47,229604.0
13:46,434.77,434.95,434.61,434.85,168542.0
13:47,434.9,434.93,434.69,434.78,129411.0
13:48,434.85,435.05,434.79,434.93,189714.0
13:49,434.14,434.9,434.1,434.81,215615.0
13:50,434.52,434.58,433.72,434.13,241566.0
13:51,434.47,434.85,434.27,434.55,145841.0
13:52,434.55,434.75,434.38,434.46,112116.0
13:53,434.22,434.55,434.1,434.55,110961.0
13:54,433.92,434.48,433.82,434.2,174041.0
13:55,433.49,433.99,433.36,433.92,197173.0
13:56,433.55,433.73,433.43,433.49,116974.0
13:57,433.92,433.99,433.52,433.56,108431.0
13:58,433.7,434.17,433.63,433.9,115559.0
13:59,433.72,433.79,433.54,433.66,86585.0
14:00,433.3,433.7,433.16,433.7,177170.0
14:01,433.73,433.82,433.15,433.28,118462.0
14:02,433.23,433.75,433.13,433.75,114487.0
14:03,433.4,433.43,433.13,433.23,73673.0
14:04,432.98,433.46,432.97,433.43,113924.0
14:05,433.46,433.6,432.93,432.98,156051.0
14:06,433.55,433.79,433.39,433.45,102297.0
14:07,433.72,433.74,433.38,433.57,104084.0
14:08,433.55,433.87,433.55,433.69,96694.0
14:09,433.3,433.56,433.29,433.54,96434.0
14:10,433.45,433.58,433.19,433.3,87099.0
14:11,433.22,433.7,433.22,433.48,105670.0
14:12,433.43,433.52,433.1,433.26,110959.0
14:13,433.14,433.19,432.98,433.06,186658.0
14:14,432.86,432.86,432.86,432.86,262357.0
14:15,432.8,432.95,432.72,432.82,89449.0
14:16,433.23,433.34,432.79,432.79,113365.0
14:17,433.92,433.95,433.2,433.23,175811.0
14:18,434.04,434.23,433.87,433.94,173922.0
14:19,434.01,434.3,433.94,434.04,110969.0
14:20,434.1,434.25,433.96,433.99,108853.0
14:21,433.93,434.3,433.88,434.1,108632.0
14:22,433.58,433.96,433.5,433.93,108478.0
14:23,433.21,433.66,433.14,433.56,137334.0
14:24,433.15,433.35,433.04,433.22,117944.0
14:25,433.23,433.45,433.05,433.11,109441.0
14:26,433.44,433.58,433.21,433.21,94974.0
14:27,433.27,433.47,433.13,433.43,78539.0
14:28,432.89,433.3,432.82,433.24,141634.0
14:29,433.24,433.25,432.85,432.89,86827.0
14:30,433.12,433.34,433.1,433.21,126279.0
14:31,433.59,433.6,433.15,433.2,99189.0
14:32,433.64,433.66,433.37,433.56,107121.0
14:33,434.07,434.11,433.62,433.62,113402.0
14:34,434.02,434.12,433.86,434.09,96609.0
14:35,433.81,434.11,433.76,434.02,86682.0
14:36,434.09,434.17,433.81,433.81,119494.0
14:37,434.59,434.64,434.06,434.09,196193.0
14:38,434.38,434.61,434.18,434.57,1.0
14:39,434.35,434.43,434.31,434.38,17130.0
14:40,434.08,434.09,433.89,433.95,18493721.0
14:41,434.05,434.09,433.83,434.08,73464.0
14:42,433.7,434.2,433.65,434.03,98060.0
14:43,433.93,434.17,433.73,433.73,139300.0
14:44,433.55,433.94,433.52,433.93,88220.0
14:45,433.85,433.88,433.55,433.55,73510.0
14:46,433.92,433.96,433.7,433.82,61510.0
14:47,433.81,433.99,433.66,433.89,75701.0
14:48,433.52,433.88,433.41,433.8,109290.0
14:49,433.31,433.54,433.28,433.52,78971.0
14:50,433.13,433.43,433.06,433.3,83539.0
14:51,433.48,433.57,433.05,433.11,83444.0
14:52,433.33,433.48,433.27,433.44,75866.0
14:53,433.39,433.49,433.18,433.3,96467.0
14:54,433.39,433.49,433.34,433.37,46285.0
14:55,433.56,433.58,433.34,433.39,76438.0
14:56,433.75,433.85,433.48,433.55,100430.0
14:57,433.91,433.95,433.7,433.75,97052.0
14:58,433.67,434.05,433.61,433.9,130255.0
14:59,433.49,433.72,433.41,433.7,84231.0
15:00,433.87,433.96,433.22,433.49,122137.0
15:01,433.85,434.11,433.77,433.9,136371.0
15:02,433.48,433.88,433.41,433.85,98152.0
15:03,433.45,433.5,433.25,433.44,75348.0
15:04,433.55,433.66,433.39,433.41,59990.0
15:05,433.74,433.88,433.49,433.5,101461.0
15:06,433.82,433.82,433.59,433.76,63703.0
15:07,434.07,434.1,433.78,433.8,129166.0
15:08,433.98,434.22,433.92,434.08,122225.0
15:09,434.01,434.21,433.99,434.0,120985.0
15:10,433.98,434.08,433.8,434.01,160800.0
15:11,434.11,434.2,433.86,433.99,122079.0
15:12,433.46,434.1,433.33,434.09,153415.0
15:13,433.91,433.93,433.36,433.44,115497.0
15:14,433.85,434.02,433.66,433.91,95740.0
15:15,434.12,434.33,433.79,433.83,143505.0
15:16,434.35,434.4,433.95,434.16,141081.0
15:17,434.23,434.37,434.09,434.33,130894.0
15:18,434.24,434.29,434.11,434.25,71466.0
15:19,434.42,434.48,434.18,434.24,136669.0
15:20,434.55,434.56,434.24,434.38,114665.0
15:21,434.79,434.84,434.48,434.55,171225.0
15:22,434.54,434.84,434.45,434.77,165477.0
15:23,434.8,434.84,434.5,434.52,115062.0
15:24,435.04,435.13,434.68,434.77,209931.0
15:25,435.39,435.39,434.94,435.06,204839.0
15:26,435.94,435.96,435.33,435.41,255915.0
15:27,435.82,436.0,435.65,435.93,262716.0
15:28,435.87,435.89,435.49,435.82,161357.0
15:29,435.77,436.0,435.72,435.84,168504.0
15:30,436.11,436.3,435.61,435.8,269465.0
15:31,435.83,436.26,435.8,436.12,218749.0
15:32,435.83,436.04,435.7,435.85,143391.0
15:33,435.63,435.92,435.54,435.83,122835.0
15:34,435.46,435.7,435.39,435.64,153357.0
15:35,435.04,435.61,435.02,435.47,170296.0
15:36,434.84,435.06,434.81,435.04,193710.0
15:37,434.83,434.96,434.69,434.86,133110.0
15:38,434.17,434.83,434.16,434.81,209581.0
15:39,434.2,434.36,434.12,434.16,161025.0
15:40,434.4,434.44,433.96,434.17,196950.0
15:41,434.15,434.73,434.12,434.4,223027.0
15:42,433.69,434.21,433.64,434.19,254792.0
15:43,434.01,434.12,433.69,433.71,134637.0
15:44,434.03,434.27,433.82,434.02,114135.0
15:45,433.96,434.22,433.94,434.05,126709.0
15:46,433.9,434.02,433.68,433.95,114193.0
15:47,434.08,434.29,433.9,433.9,163872.0
15:48,434.23,434.29,434.02,434.05,100018.0
15:49,434.53,434.58,434.23,434.23,248205.0
15:50,434.13,435.32,434.11,434.53,277425.0
15:51,434.73,434.73,434.05,434.14,234619.0
15:52,434.1,434.79,434.1,434.71,168954.0
15:53,433.63,434.13,433.33,434.1,321296.0
15:54,434.38,434.43,433.56,433.66,258030.0
15:55,434.35,434.7,433.89,434.37,305185.0
15:56,434.28,434.51,434.2,434.4,166321.0
15:57,434.23,434.36,434.09,434.27,246860.0
15:58,434.04,434.21,433.87,434.21,248696.0
15:59,434.0,434.35,434.0,434.04,500647.0
