Time,Close,High,Low,Open,Volume
09:30,440.48,442.33,440.0,442.11,1123252.0
09:31,440.48,442.33,440.0,442.11,1123252.0
09:32,440.48,442.33,440.0,442.11,1123252.0
09:33,440.48,442.33,440.0,442.11,1123252.0
09:34,440.48,442.33,440.0,442.11,1123252.0
09:35,440.48,442.33,440.0,442.11,1123252.0
09:36,440.48,442.33,440.0,442.11,1123252.0
09:37,440.48,442.33,440.0,442.11,1123252.0
09:38,440.48,442.33,440.0,442.11,1123252.0
09:39,440.48,442.33,440.0,442.11,1123252.0
09:40,440.48,442.33,440.0,442.11,1123252.0
09:41,440.48,442.33,440.0,442.11,1123252.0
09:42,440.48,442.33,440.0,442.11,1123252.0
09:43,440.48,442.33,440.0,442.11,1123252.0
09:44,440.48,442.33,440.0,442.11,1123252.0
09:45,440.48,442.33,440.0,442.11,1123252.0
09:46,440.48,442.33,440.0,442.11,1123252.0
09:47,440.48,442.33,440.0,442.11,1123252.0
09:48,440.48,442.33,440.0,442.11,1123252.0
09:49,440.48,442.33,440.0,442.11,1123252.0
09:50,440.48,442.33,440.0,442.11,1123252.0
09:51,440.48,442.33,440.0,442.11,1123252.0
09:52,440.48,442.33,440.0,442.11,1123252.0
09:53,440.48,442.33,440.0,442.11,1123252.0
09:54,440.48,442.33,440.0,442.11,1123252.0
09:55,440.48,442.33,440.0,442.11,1123252.0
09:56,440.48,442.33,440.0,442.11,1123252.0
09:57,440.48,442.33,440.0,442.11,1123252.0
09:58,440.48,442.33,440.0,442.11,1123252.0
09:59,440.48,442.33,440.0,442.11,1123252.0
10:00,440.48,442.33,440.0,442.11,1123252.0
10:01,440.48,442.33,440.0,442.11,1123252.0
10:02,440.48,442.33,440.0,442.11,1123252.0
10:03,440.48,442.33,440.0,442.11,1123252.0
10:04,440.48,442.33,440.0,442.11,1123252.0
10:05,440.48,442.33,440.0,442.11,1123252.0
10:06,440.48,442.33,440.0,442.11,1123252.0
10:07,440.48,442.33,440.0,442.11,1123252.0
10:08,440.48,442.33,440.0,442.11,1123252.0
10:09,440.48,442.33,440.0,442.11,1123252.0
10:10,440.48,442.33,440.0,442.11,1123252.0
10:11,440.48,442.33,440.0,442.11,1123252.0
10:12,440.48,442.33,440.0,442.11,1123252.0
10:13,440.48,442.33,440.0,442.11,1123252.0
10:14,440.48,442.33,440.0,442.11,1123252.0
10:15,440.48,442.33,440.0,442.11,1123252.0
10:16,440.48,442.33,440.0,442.11,1123252.0
10:17,440.48,442.33,440.0,442.11,1123252.0
10:18,440.48,442.33,440.0,442.11,1123252.0
10:19,440.48,442.33,440.0,442.11,1123252.0
10:20,440.48,442.33,440.0,442.11,1123252.0
10:21,440.48,442.33,440.0,442.11,1123252.0
10:22,440.48,442.33,440.0,442.11,1123252.0
10:23,440.48,442.33,440.0,442.11,1123252.0
10:24,440.48,442.33,440.0,442.11,1123252.0
10:25,440.48,442.33,440.0,442.11,1123252.0
10:26,440.48,442.33,440.0,442.11,1123252.0
10:27,440.48,442.33,440.0,442.11,1123252.0
10:28,440.48,442.33,440.0,442.11,1123252.0
10:29,440.48,442.33,440.0,442.11,1123252.0
10:30,440.48,442.33,440.0,442.11,1123252.0
10:31,438.12,440.5,437.15,440.48,391391.0
10:32,438.82,439.0,437.5,438.02,277037.0
10:33,438.3,439.0,437.9,438.92,205116.0
10:34,438.77,438.9,437.8,438.46,170420.0
10:35,440.79,441.43,438.7,438.85,399997.0
10:36,438.81,441.18,438.71,440.81,278756.0
10:37,437.77,439.34,437.54,438.93,248100.0
10:38,438.33,438.73,437.69,437.86,174375.0
10:39,438.47,439.11,438.1,438.29,160560.0
10:40,437.97,438.6,437.77,438.39,166250.0
10:41,438.04,438.25,437.22,437.97,190912.0
10:42,437.67,438.09,436.92,438.04,198011.0
10:43,438.26,438.54,437.59,437.62,189003.0
10:44,438.43,439.0,437.99,438.23,171012.0
10:45,438.0,438.9,437.98,438.38,164117.0
10:46,437.01,438.39,436.53,437.98,247741.0
10:47,436.57,437.52,435.87,436.99,277695.0
10:48,435.77,436.95,435.77,436.56,186573.0
10:49,435.59,436.08,435.42,435.77,199403.0
10:50,436.14,436.61,435.3,435.57,213304.0
10:51,435.4,436.33,435.12,436.14,203408.0
10:52,435.35,435.93,434.74,435.43,232058.0
10:53,435.84,435.93,434.85,435.34,173876.0
10:54,434.64,435.89,434.51,435.81,188219.0
10:55,433.94,434.82,433.62,434.63,271108.0
10:56,433.48,434.22,432.85,433.88,286131.0
10:57,433.27,433.84,432.66,433.48,215376.0
10:58,434.05,434.11,433.13,433.25,212975.0
10:59,433.84,434.28,433.45,434.04,225295.0
11:00,434.72,434.8,433.69,433.84,227287.0
11:01,434.89,435.27,434.63,434.74,197326.0
11:02,435.39,435.65,434.6,434.88,192409.0
11:03,434.99,435.42,434.6,435.38,152849.0
11:04,435.08,435.28,434.86,434.97,95571.0
11:05,434.08,435.11,433.53,435.08,206859.0
11:06,435.71,435.75,434.05,434.08,158050.0
11:07,435.14,435.65,434.84,435.65,138986.0
11:08,435.19,435.58,434.9,435.23,128616.0
11:09,435.64,435.68,435.1,435.1,83447.0
11:10,435.0,435.69,434.8,435.66,113031.0
11:11,434.7,435.11,434.09,434.97,110690.0
11:12,433.9,434.82,433.6,434.64,136804.0
11:13,433.11,434.07,432.53,433.94,232613.0
11:14,432.88,433.21,432.5,433.11,137309.0
11:15,431.3,432.92,431.17,432.89,373726.0
11:16,432.2,432.35,431.21,431.36,215507.0
11:17,432.12,432.64,432.09,432.23,172963.0
11:18,431.46,432.55,430.9,432.18,222168.0
11:19,432.13,432.25,431.17,431.44,154772.0
11:20,432.84,433.16,432.06,432.13,180273.0
11:21,432.93,433.37,432.72,432.85,146798.0
11:22,432.2,433.15,431.89,432.92,167825.0
11:23,432.4,432.82,432.03,432.2,132364.0
11:24,432.5,432.71,432.21,432.4,79976.0
11:25,432.17,432.8,431.77,432.48,114846.0
11:26,432.55,432.8,432.22,432.22,84078.0
11:27,433.09,433.27,432.45,432.56,110522.0
11:28,433.56,433.86,433.08,433.13,174339.0
11:29,433.44,434.08,433.34,433.61,144651.0
11:30,432.95,433.66,432.84,433.35,128279.0
11:31,432.86,433.56,432.45,432.95,124425.0
11:32,433.17,433.45,432.86,432.86,85630.0
11:33,433.13,433.24,432.83,433.18,58069.0
11:34,432.17,433.02,432.07,433.02,385281.0
11:35,432.32,432.77,432.14,432.19,96818.0
11:36,430.6,432.45,430.3,432.39,255869.0
11:37,431.58,431.74,430.61,430.62,201064.0
11:38,430.18,431.6,429.76,431.6,335151.0
11:39,431.09,431.28,429.97,430.16,162381.0
11:40,430.22,431.55,429.9,431.01,250790.0
11:41,430.27,430.41,429.95,430.23,116864.0
11:42,429.88,430.34,429.43,430.27,210231.0
11:43,429.88,430.19,429.13,429.84,217611.0
11:44,430.28,430.39,429.65,429.76,170150.0
11:45,430.59,430.89,430.21,430.31,166792.0
11:46,430.87,430.9,430.12,430.61,119345.0
11:47,430.23,430.99,430.02,430.86,121699.0
11:48,430.0,430.84,429.81,430.24,142366.0
11:49,429.57,430.05,429.2,430.01,137387.0
11:50,429.58,430.0,429.1,429.57,159264.0
11:51,429.83,429.95,429.34,429.57,113596.0
11:52,428.65,429.86,428.1,429.85,255879.0
11:53,428.28,428.8,427.9,428.66,217285.0
11:54,428.72,428.77,428.11,428.25,168120.0
11:55,428.86,429.25,428.52,428.74,146500.0
11:56,429.31,429.4,428.77,428.77,131774.0
11:57,429.53,429.8,429.15,429.27,145902.0
11:58,429.22,429.7,428.8,429.54,125635.0
11:59,430.04,430.15,429.17,429.19,139051.0
12:00,430.17,430.5,429.24,430.05,185438.0
12:01,430.22,430.45,429.9,430.25,129688.0
12:02,430.65,430.8,430.18,430.22,121864.0
12:03,430.27,430.88,430.05,430.65,136975.0
12:04,429.79,430.48,429.75,430.3,101421.0
12:05,429.53,430.07,429.21,429.81,115250.0
12:06,429.91,429.96,429.44,429.46,92750.0
12:07,429.93,430.21,429.63,429.92,78989.0
12:08,430.07,430.22,429.84,429.9,60913.0
12:09,429.88,430.2,429.37,430.07,125455.0
12:10,428.77,429.95,428.77,429.91,174989.0
12:11,428.25,429.48,428.13,428.75,158739.0
12:12,428.16,428.87,428.1,428.24,151247.0
12:13,428.11,428.56,427.53,428.19,197619.0
12:14,427.96,428.25,427.43,428.09,197815.0
12:15,428.74,428.85,428.0,428.01,141688.0
12:16,429.23,429.35,428.58,428.74,119389.0
12:17,429.55,429.7,428.83,429.23,116686.0
12:18,428.83,429.61,428.59,429.47,123284.0
12:19,429.85,429.86,428.82,428.87,134318.0
12:20,429.84,430.03,429.5,429.9,95387.0
12:21,429.65,430.01,429.38,429.83,85487.0
12:22,429.88,429.9,429.62,429.66,62053.0
12:23,429.51,429.95,429.42,429.85,91260.0
12:24,429.21,429.7,428.87,429.5,114225.0
12:25,428.89,429.69,428.85,429.21,102585.0
12:26,429.39,429.4,428.72,428.9,5821847.0
12:27,429.56,429.71,429.19,429.34,1.0
12:28,429.76,429.79,429.32,429.6,70929.0
12:29,430.18,430.4,429.62,429.73,144022.0
12:30,430.77,431.0,429.73,430.11,219171.0
12:31,431.17,431.44,430.71,430.73,160147.0
12:32,431.64,431.93,431.16,431.17,177317.0
12:33,431.01,431.83,430.72,431.67,174930.0
12:34,430.91,431.13,430.21,430.95,137791.0
12:35,430.83,431.25,430.5,430.95,93038.0
12:36,431.32,431.35,430.77,430.83,71031.0
12:37,431.48,431.69,431.27,431.33,96827.0
12:38,430.65,431.57,430.5,431.48,95570.0
12:39,430.14,430.79,430.01,430.79,92955.0
12:40,429.57,430.5,429.09,430.19,149527.0
12:41,429.25,429.72,429.16,429.58,80475.0
12:42,429.01,429.42,428.76,429.21,106415.0
12:43,428.85,429.31,428.85,428.97,76264.0
12:44,428.85,429.0,428.65,428.9,83460.0
12:45,428.86,429.29,428.76,428.86,99586.0
12:46,428.21,429.05,427.81,428.86,222660.0
12:47,427.11,428.34,426.89,428.28,265656.0
12:48,426.73,427.2,426.56,427.08,182449.0
12:49,427.02,427.16,426.59,426.75,148956.0
12:50,427.32,427.42,426.96,427.03,142969.0
12:51,427.79,427.88,427.05,427.33,120646.0
12:52,428.33,428.77,427.52,427.79,187345.0
12:53,428.36,428.48,427.65,428.35,100675.0
12:54,427.89,428.5,427.76,428.36,83455.0
12:55,428.34,428.42,427.83,427.83,66531.0
12:56,428.87,429.14,428.11,428.35,109437.0
12:57,429.13,429.46,428.79,428.85,111615.0
12:58,428.65,429.17,428.16,429.11,107558.0
12:59,428.62,428.96,428.6,428.69,55292.0
13:00,428.63,428.9,428.36,428.67,73824.0
13:01,429.16,429.27,428.76,428.79,72043.0
13:02,429.04,429.2,428.85,429.09,58143.0
13:03,429.54,429.66,428.93,428.94,83469.0
13:04,429.65,429.69,429.04,429.52,75486.0
13:05,429.79,429.94,429.43,429.62,92533.0
13:06,430.25,430.39,429.8,429.86,111411.0
13:07,430.41,430.59,429.82,430.2,95075.0
13:08,430.1,430.5,430.0,430.44,7126107.0
13:09,429.88,430.41,429.8,430.1,1.0
13:10,429.69,429.97,429.32,429.89,77369.0
13:11,430.04,430.1,429.66,429.72,70772.0
13:12,429.72,430.34,429.71,430.06,64579.0
13:13,430.31,430.36,429.69,429.73,59796.0
13:14,430.6,430.65,430.16,430.31,84048.0
13:15,430.88,430.95,430.53,430.58,93109.0
13:16,430.34,430.89,430.19,430.85,74515.0
13:17,429.5,430.42,429.47,430.38,95981.0
13:18,429.69,429.95,429.45,429.5,83006.0
13:19,430.0,430.16,429.7,429.75,65466.0
13:20,430.21,430.34,429.64,430.01,65353.0
13:21,430.62,430.77,430.05,430.17,67781.0
13:22,430.43,430.67,430.22,430.61,7339599.0
13:23,430.29,430.48,429.95,430.43,1.0
13:24,430.44,430.53,430.18,430.3,54643.0
13:25,430.49,430.6,430.34,430.45,46694.0
13:26,430.19,430.45,429.88,430.41,56115.0
13:27,430.42,430.55,430.1,430.1,44798.0
13:28,430.2,430.54,430.17,430.39,35424.0
13:29,430.37,430.5,430.08,430.21,42426.0
13:30,430.51,430.94,430.31,430.33,64856.0
13:31,430.71,430.92,430.35,430.54,73058.0
13:32,430.65,430.91,430.39,430.67,70552.0
13:33,430.54,430.79,430.37,430.72,47623.0
13:34,430.58,430.79,430.33,430.51,49971.0
13:35,430.94,430.96,430.56,430.59,60827.0
13:36,431.25,431.25,430.6,430.95,71304.0
13:37,431.03,431.54,430.86,431.24,101223.0
13:38,431.64,431.7,430.99,431.06,117756.0
13:39,432.04,432.17,431.42,431.65,166256.0
13:40,432.08,432.18,431.8,432.0,95382.0
13:41,431.9,432.33,431.83,432.06,94697.0
13:42,431.95,432.1,431.81,431.86,63996.0
13:43,431.61,432.01,431.5,431.93,93968.0
13:44,431.42,431.77,431.32,431.6,81503.0
13:45,431.74,431.76,431.31,431.43,61208.0
13:46,431.42,431.71,431.17,431.69,65614.0
13:47,430.95,431.64,430.89,431.44,55623.0
13:48,430.48,430.89,430.34,430.88,91185.0
13:49,430.38,430.56,429.96,430.47,117808.0
13:50,430.17,430.36,429.53,430.33,106394.0
13:51,430.05,430.38,429.94,430.18,82972.0
13:52,430.74,430.78,430.07,430.07,88463.0
13:53,430.44,430.98,430.3,430.74,90461.0
13:54,430.55,430.73,430.32,430.43,44678.0
13:55,430.76,430.8,430.21,430.63,56068.0
13:56,430.61,430.84,430.31,430.74,70947.0
13:57,431.07,431.22,430.6,430.64,69363.0
13:58,431.61,431.76,431.01,431.14,74924.0
13:59,431.52,431.67,431.31,431.64,50111.0
14:00,431.57,431.79,431.36,431.54,51752.0
14:01,431.33,431.58,431.22,431.55,50478.0
14:02,431.49,431.68,431.28,431.37,8149179.0
14:03,431.66,431.78,431.24,431.52,1.0
14:04,431.61,431.73,431.4,431.64,34677.0
14:05,431.4,431.66,431.25,431.58,37726.0
14:06,431.49,431.59,431.3,431.42,38166.0
14:07,431.67,431.89,431.35,431.48,85144.0
14:08,431.57,431.9,431.44,431.69,65024.0
14:09,430.92,431.61,430.8,431.61,80262.0
14:10,431.1,431.46,430.99,430.99,47465.0
14:11,430.57,431.3,430.43,431.1,69461.0
14:12,430.8,431.0,430.54,430.63,44332.0
14:13,430.96,431.0,430.55,430.82,46039.0
14:14,431.01,431.09,430.64,430.93,41340.0
14:15,431.6,431.68,430.96,431.01,91290.0
14:16,431.64,431.8,431.45,431.63,76936.0
14:17,431.56,431.94,431.38,431.64,76893.0
14:18,431.76,431.82,431.39,431.64,59532.0
14:19,431.81,432.04,431.73,431.76,87226.0
14:20,431.43,431.88,431.22,431.85,52523.0
14:21,431.43,431.6,431.14,431.46,46343.0
14:22,431.33,431.55,431.03,431.44,82698.0
14:23,431.66,431.7,431.33,431.36,8504988.0
14:24,431.68,431.8,431.48,431.66,1.0
14:25,432.09,432.19,431.63,431.67,78229.0
14:26,431.65,432.15,431.65,432.1,80165.0
14:27,431.4,431.82,431.23,431.74,62668.0
14:28,431.31,431.68,431.22,431.39,48416.0
14:29,431.43,431.65,431.24,431.28,33812.0
14:30,431.41,431.58,431.2,431.39,36291.0
14:31,431.25,431.52,431.03,431.44,39187.0
14:32,430.74,431.32,430.55,431.26,83500.0
14:33,430.97,430.99,430.5,430.78,73028.0
14:34,430.59,430.94,430.57,430.91,48872.0
14:35,430.63,430.95,430.57,430.63,47929.0
14:36,430.43,430.94,430.4,430.63,59945.0
14:37,430.84,430.88,430.42,430.42,61677.0
14:38,430.92,431.19,430.73,430.81,67511.0
14:39,430.79,430.91,430.54,430.85,52816.0
14:40,431.36,431.36,430.76,430.79,70386.0
14:41,431.23,431.38,431.08,431.37,47747.0
14:42,430.99,431.29,430.9,431.2,54990.0
14:43,431.07,431.2,430.91,430.95,35801.0
14:44,430.5,431.12,430.46,431.07,66821.0
14:45,430.17,430.57,430.0,430.57,94327.0
14:46,430.28,430.41,430.12,430.2,49833.0
14:47,430.38,430.54,429.92,430.38,82122.0
14:48,430.51,430.85,430.35,430.38,55656.0
14:49,430.1,430.53,429.93,430.47,65925.0
14:50,430.84,430.85,430.12,430.13,64509.0
14:51,431.12,431.47,430.85,430.85,95828.0
14:52,431.44,431.44,431.02,431.15,53063.0
14:53,431.15,431.57,431.04,431.42,66418.0
14:54,431.47,431.53,431.06,431.1,46198.0
14:55,431.59,431.8,431.43,431.49,82829.0
14:56,431.38,431.7,431.32,431.58,60051.0
14:57,431.66,431.7,431.34,431.4,39101.0
14:58,431.6,431.79,431.46,431.65,61501.0
14:59,431.62,431.68,431.46,431.61,39860.0
15:00,431.45,431.89,431.38,431.6,71211.0
15:01,431.42,431.61,431.29,431.49,43272.0
15:02,431.54,431.74,431.34,431.45,47067.0
15:03,431.62,431.74,431.42,431.56,34151.0
15:04,431.25,431.62,431.07,431.61,61226.0
15:05,431.02,431.26,430.82,431.18,63936.0
15:06,430.96,431.16,430.75,431.05,51272.0
15:07,431.2,431.23,430.73,430.93,48722.0
15:08,431.54,431.58,431.08,431.17,74252.0
15:09,431.68,431.75,431.51,431.52,56048.0
15:10,431.59,431.79,431.34,431.65,55558.0
15:11,431.47,431.63,431.28,431.58,29214.0
15:12,431.37,431.5,431.23,431.49,31477.0
15:13,431.21,431.49,431.15,431.37,34185.0
15:14,430.88,431.25,430.7,431.23,72718.0
15:15,430.54,430.9,430.28,430.88,73803.0
15:16,430.72,430.77,430.43,430.52,59410.0
15:17,430.35,430.77,430.24,430.71,57767.0
15:18,430.3,430.48,430.21,430.38,47209.0
15:19,430.58,430.75,430.3,430.34,57307.0
15:20,430.46,430.89,430.45,430.53,76636.0
15:21,430.24,430.56,430.15,430.45,66291.0
15:22,430.37,430.63,430.2,430.26,53478.0
15:23,430.31,430.63,430.22,430.39,55649.0
15:24,430.17,430.38,430.01,430.34,51631.0
15:25,430.65,430.86,430.17,430.21,88302.0
15:26,430.73,430.91,430.38,430.6,52734.0
15:27,430.44,430.79,430.35,430.69,45942.0
15:28,429.98,430.43,429.67,430.43,97252.0
15:29,430.38,430.48,429.92,429.98,64198.0
15:30,430.24,430.6,430.1,430.47,47872.0
15:31,430.25,430.49,430.12,430.21,57134.0
15:32,430.11,430.27,430.01,430.21,44931.0
15:33,429.59,430.17,429.59,430.1,126267.0
15:34,429.79,429.95,429.04,429.6,142345.0
15:35,429.91,429.96,429.58,429.86,64297.0
15:36,430.03,430.33,429.84,429.96,74295.0
15:37,429.99,430.26,429.98,430.04,39806.0
15:38,430.03,430.18,429.83,430.01,50793.0
15:39,430.0,430.12,429.85,429.99,33687.0
15:40,429.6,430.0,429.41,429.98,65764.0
15:41,429.93,430.04,429.51,429.51,50245.0
15:42,429.77,430.02,429.75,429.92,46802.0
15:43,429.71,429.94,429.7,429.78,39525.0
15:44,429.48,429.78,429.34,429.73,49745.0
15:45,429.75,429.79,429.33,429.49,48889.0
15:46,429.39,429.77,429.22,429.7,58593.0
15:47,429.47,429.7,429.39,429.39,51179.0
15:48,429.46,429.64,429.4,429.43,42563.0
15:49,429.26,429.51,429.1,429.48,62497.0
15:50,429.52,429.58,429.0,429.21,86163.0
15:51,429.88,429.88,429.22,429.5,69923.0
15:52,429.9,430.17,429.68,429.85,63273.0
15:53,430.1,430.24,429.63,429.95,63060.0
15:54,430.42,430.45,430.0,430.07,70702.0
15:55,430.68,430.69,430.3,430.41,73629.0
15:56,430.95,431.26,430.69,430.69,120076.0
15:57,430.49,431.06,430.43,430.98,80711.0
15:58,430.01,430.57,429.95,430.47,77880.0
15:59,430.14,430.52,430.01,430.01,56215.0
16:00,429.57,430.18,429.48,430.15,78678.0
16:01,429.23,429.88,429.0,429.57,142497.0
16:02,429.48,429.85,429.24,429.26,91040.0
16:03,429.79,430.1,429.34,429.4,66230.0
16:04,430.38,430.53,429.72,429.83,69856.0
16:05,430.07,430.39,429.92,430.39,72297.0
16:06,429.99,430.11,429.6,430.11,61346.0
16:07,430.36,430.51,429.97,429.97,65134.0
16:08,430.26,430.4,430.05,430.36,36806.0
16:09,430.11,430.32,430.0,430.26,53574.0
16:10,429.66,430.14,429.65,430.07,57527.0
16:11,429.4,429.8,429.34,429.68,78959.0
16:12,429.42,429.58,429.34,429.41,48001.0
16:13,429.38,429.48,429.19,429.43,49919.0
16:14,429.54,429.62,429.19,429.39,48590.0
16:15,429.78,429.87,429.23,429.56,78425.0
16:16,429.59,429.87,429.41,429.75,35144.0
16:17,429.65,429.93,429.6,429.6,43283.0
16:18,429.97,430.03,429.65,429.67,52669.0
16:19,430.15,430.25,429.76,429.95,55941.0
16:20,430.02,430.27,429.89,430.2,47915.0
16:21,430.45,430.53,429.98,429.98,72826.0
16:22,430.67,430.77,430.34,430.47,70585.0
16:23,430.56,430.76,430.42,430.61,51604.0
16:24,430.83,430.93,430.61,430.61,58486.0
16:25,431.03,431.13,430.66,430.84,90516.0
16:26,431.09,431.28,430.83,431.08,82044.0
16:27,430.82,431.09,430.71,431.09,294823.0
16:28,431.09,431.23,430.8,430.85,79288.0
16:29,431.24,431.33,431.12,431.13,77369.0
16:30,431.38,431.55,431.05,431.25,85770.0
16:31,431.54,431.71,431.33,431.38,82401.0
16:32,431.63,431.76,431.39,431.54,73834.0
16:33,431.77,431.88,431.57,431.57,72774.0
16:34,432.07,432.16,431.46,431.74,113682.0
16:35,432.51,432.75,432.04,432.04,215194.0
16:36,432.33,432.64,432.21,432.48,124254.0
16:37,432.14,432.38,432.06,432.37,96037.0
16:38,431.55,432.14,431.44,432.11,134651.0
16:39,431.69,431.71,431.45,431.52,62315.0
16:40,431.79,431.94,431.54,431.67,81605.0
16:41,431.84,431.91,431.58,431.78,70195.0
16:42,432.04,432.06,431.75,431.88,54217.0
16:43,431.75,432.06,431.73,432.04,52115.0
16:44,431.67,431.75,431.39,431.73,84304.0
16:45,431.64,431.76,431.55,431.68,53222.0
16:46,431.47,431.72,431.17,431.69,74012.0
16:47,431.58,431.75,431.45,431.45,67304.0
16:48,431.72,431.78,431.47,431.58,50344.0
16:49,431.85,431.93,431.61,431.7,88528.0
16:50,431.9,432.51,431.83,431.88,145152.0
16:51,432.2,432.35,431.75,431.9,112062.0
16:52,432.36,432.37,431.91,432.23,84841.0
16:53,432.38,432.48,432.06,432.34,98118.0
16:54,431.13,432.47,430.65,432.36,176218.0
16:55,430.9,431.17,430.25,431.11,179596.0
16:56,430.61,431.17,430.56,430.96,123118.0
16:57,430.57,430.72,430.15,430.64,207759.0
16:58,430.13,430.7,430.07,430.55,165394.0
16:59,430.62,430.67,430.07,430.19,429270.0
