Time,Close,High,Low,Open,Volume
09:30,422.44,423.7,421.38,423.7,4708319.0
09:31,425.83,426.51,422.27,422.6,909003.0
09:32,424.77,425.9,424.05,425.83,452581.0
09:33,425.21,425.47,424.42,424.78,349365.0
09:34,421.5,425.59,421.5,425.31,584185.0
09:35,420.13,421.81,419.7,421.58,616999.0
09:36,421.88,422.5,420.08,420.26,396689.0
09:37,423.11,423.45,421.93,421.93,384299.0
09:38,424.19,424.59,423.0,423.08,408884.0
09:39,423.59,424.5,422.39,424.2,324457.0
09:40,423.96,424.0,422.5,423.52,295549.0
09:41,421.44,424.1,421.35,423.89,346636.0
09:42,423.0,423.0,421.36,421.38,270601.0
09:43,424.85,425.15,423.05,423.05,492161.0
09:44,425.07,425.13,424.37,424.91,286975.0
09:45,423.64,425.03,423.33,425.01,281253.0
09:46,423.58,424.07,423.32,423.63,168831.0
09:47,422.27,423.68,422.2,423.56,264648.0
09:48,422.18,423.11,422.0,422.36,220336.0
09:49,422.95,423.09,422.0,422.1,168305.0
09:50,423.9,424.11,422.5,422.8,250085.0
09:51,423.85,424.24,423.6,423.88,186917.0
09:52,423.82,424.5,423.62,423.77,242301.0
09:53,423.92,424.59,423.67,423.74,212514.0
09:54,423.5,424.3,423.1,423.96,200502.0
09:55,424.64,424.76,422.81,423.45,273276.0
09:56,424.13,424.8,423.99,424.58,140845.0
09:57,424.2,424.61,423.9,424.14,162889.0
09:58,423.81,424.27,423.63,424.16,162390.0
09:59,424.15,425.06,423.77,423.82,293850.0
10:00,424.58,424.77,423.87,424.09,174693.0
10:01,424.28,425.27,424.01,424.5,247225.0
10:02,423.66,424.76,423.38,424.36,209464.0
10:03,423.82,424.49,423.52,423.67,145576.0
10:04,424.36,424.44,423.55,423.91,130983.0
10:05,423.86,424.5,423.71,424.36,124566.0
10:06,423.66,424.4,423.55,423.92,132240.0
10:07,423.26,423.9,422.85,423.74,225282.0
10:08,423.71,424.0,423.0,423.16,159671.0
10:09,424.07,424.39,423.51,423.64,158600.0
10:10,423.08,424.56,423.01,424.03,221199.0
10:11,423.64,424.0,422.4,423.04,252913.0
10:12,423.09,423.99,422.63,423.69,164690.0
10:13,423.37,423.49,422.72,423.02,127593.0
10:14,423.19,423.56,423.1,423.36,106847.0
10:15,423.72,423.72,422.7,423.26,180811.0
10:16,423.56,423.83,423.08,423.69,100860.0
10:17,422.21,423.51,422.11,423.5,197860.0
10:18,422.72,422.72,422.01,422.19,161894.0
10:19,422.64,423.0,422.11,422.68,132866.0
10:20,422.12,422.81,421.82,422.81,171232.0
10:21,421.33,422.15,420.7,422.11,245868.0
10:22,420.97,421.6,420.1,421.35,236795.0
10:23,421.39,421.6,420.79,420.94,198949.0
10:24,422.43,422.48,421.35,421.35,236445.0
10:25,422.33,422.87,422.0,422.34,198795.0
10:26,421.75,422.85,421.61,422.31,172295.0
10:27,421.84,422.0,421.25,421.6,161117.0
10:28,422.47,422.8,421.56,421.99,165757.0
10:29,423.36,423.63,422.47,422.47,206661.0
10:30,423.04,423.5,422.53,423.35,171300.0
10:31,423.27,423.55,422.81,423.09,121883.0
10:32,423.95,424.45,423.2,423.2,254058.0
10:33,425.06,425.61,424.0,424.02,417150.0
10:34,425.53,425.6,424.85,425.06,274645.0
10:35,426.86,427.65,425.38,425.42,704013.0
10:36,427.38,427.73,426.8,426.94,322533.0
10:37,427.45,427.68,427.0,427.44,256327.0
10:38,428.2,428.52,427.27,427.5,510442.0
10:39,428.61,428.99,428.12,428.2,354116.0
10:40,428.43,428.68,427.91,428.58,283782.0
10:41,426.04,428.46,425.64,428.39,418268.0
10:42,425.51,426.02,424.92,425.94,305561.0
10:43,426.26,426.37,425.1,425.52,295831.0
10:44,426.25,426.43,425.86,426.14,163876.0
10:45,426.52,426.81,426.05,426.25,148358.0
10:46,425.36,426.67,424.99,426.59,231879.0
10:47,425.57,426.04,425.12,425.36,136419.0
10:48,424.67,425.8,424.53,425.64,163944.0
10:49,424.21,425.05,424.16,424.68,166300.0
10:50,423.48,424.25,423.08,424.24,258814.0
10:51,422.62,423.7,422.61,423.4,210369.0
10:52,421.73,422.97,421.37,422.61,288813.0
10:53,422.7,422.9,421.59,421.7,269950.0
10:54,422.29,422.61,421.99,422.61,200251.0
10:55,421.88,422.28,421.3,422.28,231197.0
10:56,421.33,421.96,421.0,421.88,229416.0
10:57,421.5,421.66,420.93,421.36,190290.0
10:58,422.16,422.2,421.5,421.5,195747.0
10:59,422.1,422.41,421.76,422.07,179434.0
11:00,422.7,422.76,421.56,422.1,264503.0
11:01,422.38,423.0,422.05,422.76,175845.0
11:02,421.73,422.76,421.54,422.44,188692.0
11:03,421.86,422.43,421.55,421.73,134109.0
11:04,422.38,422.57,421.5,421.79,127457.0
11:05,421.82,422.42,421.75,422.36,88316.0
11:06,422.11,422.3,421.7,421.79,99674.0
11:07,421.63,422.25,421.49,422.1,109397.0
11:08,422.52,422.57,421.3,421.8,168608.0
11:09,422.91,422.96,421.89,422.37,131930.0
11:10,422.48,422.93,422.32,422.86,131283.0
11:11,422.61,423.09,422.36,422.48,133041.0
11:12,422.91,422.97,422.5,422.61,68868.0
11:13,423.12,423.3,422.58,422.88,119637.0
11:14,422.45,423.32,422.3,423.12,154287.0
11:15,422.9,422.92,422.45,422.5,116218.0
11:16,423.62,423.64,422.76,422.91,151577.0
11:17,424.53,424.66,423.57,423.63,337670.0
11:18,424.89,424.96,424.49,424.49,218399.0
11:19,424.45,425.19,424.37,424.91,247283.0
11:20,424.73,424.76,424.25,424.49,139595.0
11:21,425.18,425.19,424.51,424.67,128426.0
11:22,425.47,425.55,425.11,425.2,144786.0
11:23,425.9,425.93,425.49,425.49,152610.0
11:24,425.74,426.15,425.58,425.9,179666.0
11:25,425.74,425.96,425.46,425.73,173478.0
11:26,426.29,426.43,425.68,425.71,186412.0
11:27,426.0,426.43,425.77,426.27,145110.0
11:28,425.64,426.05,425.22,426.04,175586.0
11:29,425.83,426.18,425.51,425.64,111826.0
11:30,425.87,426.12,425.68,425.76,88470.0
11:31,426.07,426.38,425.66,425.91,169474.0
11:32,425.94,426.43,425.72,426.1,157871.0
11:33,425.48,426.16,425.35,425.96,127260.0
11:34,425.17,425.6,425.04,425.49,139560.0
11:35,425.47,425.66,425.16,425.17,144411.0
11:36,426.03,426.08,425.15,425.53,114925.0
11:37,426.05,426.29,425.89,425.92,98887.0
11:38,425.96,426.12,425.6,426.12,79608.0
11:39,425.81,426.06,425.67,426.0,72950.0
11:40,425.41,425.85,425.35,425.8,104154.0
11:41,425.29,425.66,425.15,425.34,70986.0
11:42,424.67,425.81,424.54,425.32,145443.0
11:43,424.89,425.21,424.64,424.66,110088.0
11:44,425.27,425.37,424.85,424.95,64767.0
11:45,425.36,425.4,425.01,425.2,78576.0
11:46,425.66,425.7,425.04,425.32,77889.0
11:47,425.7,425.95,425.27,425.69,93044.0
11:48,425.21,425.67,424.81,425.66,122848.0
11:49,425.82,425.85,425.1,425.18,101113.0
11:50,426.3,426.68,425.76,425.84,305601.0
11:51,426.38,426.45,426.1,426.3,92366.0
11:52,426.27,426.48,426.24,426.4,77705.0
11:53,426.14,426.5,426.1,426.29,78508.0
11:54,426.24,426.48,426.11,426.2,74020.0
11:55,426.15,426.3,425.97,426.15,73862.0
11:56,425.61,426.14,425.5,426.08,92138.0
11:57,425.89,426.03,425.57,425.57,70060.0
11:58,425.83,426.03,425.66,425.87,65879.0
11:59,425.86,426.13,425.73,425.88,62726.0
12:00,425.95,426.44,425.82,425.9,105568.0
12:01,426.79,426.82,425.93,426.01,133167.0
12:02,426.5,426.88,426.4,426.8,98642.0
12:03,427.11,427.15,426.45,426.58,180374.0
12:04,427.14,427.41,426.92,427.12,152416.0
12:05,426.42,427.18,426.3,427.13,158615.0
12:06,426.47,427.08,426.43,426.48,120251.0
12:07,426.68,426.9,426.41,426.53,67294.0
12:08,427.24,427.29,426.6,426.65,92898.0
12:09,427.17,427.46,427.07,427.26,125075.0
12:10,426.9,427.25,426.81,427.13,133093.0
12:11,426.61,427.12,426.48,426.93,106929.0
12:12,426.8,427.1,426.55,426.68,78713.0
12:13,427.22,427.24,426.8,426.84,75958.0
12:14,427.58,427.68,427.22,427.22,170176.0
12:15,427.69,427.8,427.5,427.57,96829.0
12:16,427.79,427.94,427.62,427.68,109926.0
12:17,427.66,427.9,427.54,427.75,106464.0
12:18,427.71,427.78,427.51,427.6,83096.0
12:19,428.18,428.3,427.74,427.79,231073.0
12:20,427.61,428.19,427.51,428.13,156901.0
12:21,427.0,427.63,427.0,427.59,173672.0
12:22,426.85,427.21,426.36,427.0,163364.0
12:23,426.95,427.0,426.61,426.89,113988.0
12:24,427.6,428.41,426.91,426.96,227735.0
12:25,427.17,427.73,426.87,427.64,119056.0
12:26,427.25,427.54,427.05,427.23,62146.0
12:27,427.3,427.44,427.13,427.26,51764.0
12:28,427.02,427.32,426.8,427.32,93787.0
12:29,426.69,427.1,426.62,427.05,73249.0
12:30,426.93,427.0,426.56,426.73,74187.0
12:31,427.33,427.6,426.9,426.95,112998.0
12:32,427.63,427.63,427.26,427.37,66092.0
12:33,427.95,427.99,427.48,427.62,94448.0
12:34,427.77,428.11,427.56,427.96,150487.0
12:35,427.74,427.8,427.54,427.77,55896.0
12:36,427.72,427.85,427.54,427.7,55781.0
12:37,427.08,427.66,427.02,427.65,102086.0
12:38,426.91,427.11,426.74,427.05,92084.0
12:39,426.84,426.91,426.55,426.86,93869.0
12:40,426.83,426.97,426.7,426.8,59671.0
12:41,425.81,426.81,425.61,426.79,195833.0
12:42,426.39,426.49,425.8,425.8,101107.0
12:43,426.61,426.67,426.09,426.41,83961.0
12:44,426.7,426.75,426.37,426.61,62217.0
12:45,426.42,426.74,426.25,426.66,71167.0
12:46,426.72,427.0,426.42,426.46,110926.0
12:47,426.74,426.91,426.6,426.78,45334.0
12:48,426.7,426.9,426.47,426.8,56598.0
12:49,427.39,427.6,426.77,426.8,132861.0
12:50,427.56,427.6,427.04,427.39,140395.0
12:51,427.42,427.66,427.29,427.5,70608.0
12:52,427.7,427.9,427.41,427.42,76974.0
12:53,427.61,427.78,427.52,427.73,45894.0
12:54,427.58,427.72,427.54,427.6,42023.0
12:55,427.54,427.75,427.46,427.59,55492.0
12:56,427.9,428.15,427.5,427.58,153490.0
12:57,428.02,428.18,427.84,427.88,100052.0
12:58,428.47,428.5,428.0,428.01,136748.0
12:59,428.2,428.7,428.16,428.49,144574.0
13:00,428.23,428.32,427.9,428.24,111180.0
13:01,428.67,428.7,428.09,428.25,109871.0
13:02,428.75,428.85,428.46,428.67,172644.0
13:03,428.8,429.33,428.71,428.78,276223.0
13:04,428.74,428.9,428.53,428.79,100126.0
13:05,428.88,428.95,428.42,428.72,121630.0
13:06,428.62,428.95,428.51,428.93,112336.0
13:07,429.02,429.05,428.62,428.65,91924.0
13:08,428.89,429.23,428.67,429.06,121776.0
13:09,428.62,428.9,428.62,428.88,69838.0
13:10,428.19,428.66,428.03,428.62,128139.0
13:11,428.24,428.4,428.18,428.33,53817.0
13:12,427.94,428.31,427.74,428.21,95131.0
13:13,427.64,427.92,427.42,427.92,110322.0
13:14,427.9,428.2,427.6,427.61,91139.0
13:15,428.03,428.15,427.78,427.91,72356.0
13:16,428.38,428.44,428.05,428.06,91735.0
13:17,427.88,428.44,427.85,428.42,65082.0
13:18,427.22,427.98,427.21,427.88,103295.0
13:19,427.27,427.48,427.06,427.37,100288.0
13:20,427.2,427.36,427.05,427.31,92686.0
13:21,427.64,427.75,427.11,427.18,96965.0
13:22,428.17,428.25,427.66,427.75,83646.0
13:23,428.82,428.83,428.2,428.26,95203.0
13:24,428.58,428.83,428.48,428.76,86193.0
13:25,428.13,428.56,427.95,428.47,101902.0
13:26,428.23,428.37,428.04,428.14,54935.0
13:27,428.64,428.64,428.1,428.2,92961.0
13:28,428.61,428.7,428.4,428.65,89397.0
13:29,429.01,429.02,428.56,428.64,100734.0
13:30,428.87,429.02,428.66,429.02,90244.0
13:31,429.5,429.58,428.83,428.83,181147.0
13:32,429.1,429.95,429.05,429.55,236989.0
13:33,428.6,429.17,428.6,429.11,152781.0
13:34,428.88,429.07,428.43,428.61,115263.0
13:35,429.16,429.48,428.87,428.91,142175.0
13:36,429.67,429.74,428.82,429.13,135514.0
13:37,429.65,429.73,429.41,429.7,123130.0
13:38,429.62,430.11,429.43,429.66,374647.0
13:39,429.62,429.92,429.58,429.62,132182.0
13:40,429.44,429.8,429.21,429.63,139012.0
13:41,429.44,429.56,429.3,429.42,77268.0
13:42,430.44,430.53,429.25,429.45,249673.0
13:43,429.44,430.45,429.29,430.44,172186.0
13:44,430.1,430.2,429.42,429.43,186344.0
13:45,430.28,430.49,429.98,430.08,110956.0
13:46,430.42,430.84,430.26,430.26,215346.0
13:47,430.45,430.61,430.32,430.44,114019.0
13:48,430.41,430.79,430.12,430.5,111837.0
13:49,430.7,430.71,430.4,430.5,99667.0
13:50,430.65,430.83,430.17,430.71,143768.0
13:51,430.74,430.99,430.63,430.66,159294.0
13:52,430.89,430.95,430.61,430.7,116322.0
13:53,431.27,431.4,430.8,430.89,288552.0
13:54,431.19,431.4,430.99,431.26,167915.0
13:55,430.69,431.22,430.51,431.12,206254.0
13:56,431.16,431.25,430.62,430.62,126754.0
13:57,431.42,431.5,430.96,431.15,174017.0
13:58,431.08,431.54,430.78,431.38,163907.0
13:59,431.46,431.5,431.11,431.12,117815.0
14:00,431.07,431.45,430.86,431.41,134916.0
14:01,430.93,431.19,430.8,431.04,91642.0
14:02,430.97,431.1,430.82,430.91,81267.0
14:03,431.44,431.46,430.95,430.99,113256.0
14:04,431.35,431.55,431.17,431.42,98740.0
14:05,432.58,432.59,431.12,431.35,323564.0
14:06,433.4,433.41,432.53,432.55,382651.0
14:07,432.87,433.8,432.7,433.38,360707.0
14:08,432.72,433.06,432.65,432.9,187103.0
14:09,433.14,433.7,432.68,432.73,279331.0
14:10,433.55,433.6,432.77,433.21,218601.0
14:11,433.87,433.9,433.2,433.52,200156.0
14:12,433.57,433.88,433.28,433.82,180531.0
14:13,433.47,433.64,433.22,433.6,114535.0
14:14,433.85,433.88,433.31,433.47,161013.0
14:15,433.91,434.05,433.5,433.85,227934.0
14:16,435.21,435.26,433.79,433.9,590805.0
14:17,435.35,435.41,434.87,435.24,288450.0
14:18,434.89,435.38,434.71,435.34,261918.0
14:19,434.92,435.55,434.85,434.88,244320.0
14:20,435.64,435.75,434.76,434.88,195956.0
14:21,435.92,435.95,435.21,435.59,283029.0
14:22,435.81,436.08,435.58,435.87,312951.0
14:23,436.58,436.78,435.78,435.81,348982.0
14:24,436.32,436.89,436.3,436.59,251452.0
14:25,435.84,436.5,435.66,436.32,234149.0
14:26,436.17,436.29,435.68,435.8,180823.0
14:27,435.82,436.26,435.8,436.18,108393.0
14:28,435.87,435.99,435.5,435.8,163358.0
14:29,435.95,436.13,435.79,435.9,170931.0
14:30,435.91,436.0,435.3,435.93,206525.0
14:31,435.88,436.12,435.64,435.92,166466.0
14:32,435.49,436.38,435.45,435.9,203843.0
14:33,435.03,435.58,435.03,435.49,226826.0
14:34,434.79,435.08,434.52,435.07,269261.0
14:35,434.69,435.03,434.68,434.82,141804.0
14:36,434.47,434.72,434.29,434.69,195174.0
14:37,434.46,434.88,434.44,434.5,139575.0
14:38,433.8,434.64,433.71,434.48,242117.0
14:39,434.01,434.21,433.44,433.8,281485.0
14:40,434.29,434.33,433.8,434.04,154726.0
14:41,433.67,434.55,433.66,434.3,145161.0
14:42,433.86,434.01,433.37,433.68,166759.0
14:43,433.99,434.48,433.7,433.9,147593.0
14:44,434.93,435.06,433.86,433.97,286910.0
14:45,434.66,435.02,434.16,434.97,182434.0
14:46,434.04,434.87,433.9,434.62,174926.0
14:47,433.83,434.2,433.65,434.07,158315.0
14:48,433.77,434.07,433.7,433.82,102258.0
14:49,433.99,434.0,433.75,433.8,85699.0
14:50,434.01,434.38,433.96,434.04,149731.0
14:51,434.14,434.44,433.86,434.0,127205.0
14:52,433.83,434.35,433.52,434.18,127767.0
14:53,433.78,433.97,433.24,433.81,229076.0
14:54,433.83,433.96,433.7,433.9,78363.0
14:55,433.83,433.9,433.37,433.9,101137.0
14:56,433.63,433.98,433.35,433.78,135893.0
14:57,433.33,433.8,433.26,433.6,114115.0
14:58,433.18,433.45,433.09,433.31,135194.0
14:59,432.96,433.33,432.83,433.19,184078.0
15:00,432.34,433.6,432.33,432.95,233139.0
15:01,431.94,432.4,431.8,432.35,269648.0
15:02,431.85,432.01,431.64,431.89,175538.0
15:03,432.3,432.5,431.7,431.89,265783.0
15:04,432.32,432.49,432.06,432.28,140640.0
15:05,432.42,432.76,432.14,432.31,141751.0
15:06,433.29,433.33,432.31,432.43,177302.0
15:07,433.22,433.49,433.01,433.27,172132.0
15:08,433.78,433.99,433.22,433.23,192243.0
15:09,433.68,433.9,433.57,433.76,131761.0
15:10,433.84,433.99,433.63,433.67,132111.0
15:11,433.92,434.21,433.76,433.82,198250.0
15:12,433.76,433.99,433.46,433.92,139682.0
15:13,433.89,434.0,433.64,433.76,109281.0
15:14,433.85,434.18,433.71,433.88,120008.0
15:15,434.22,434.29,433.73,433.9,106508.0
15:16,433.98,434.27,433.88,434.12,119665.0
15:17,434.4,434.56,433.9,433.98,165879.0
15:18,434.83,434.86,434.3,434.36,139478.0
15:19,434.92,435.0,434.81,434.83,122487.0
15:20,435.09,435.2,434.85,434.95,163786.0
15:21,435.33,435.49,435.09,435.11,161481.0
15:22,435.48,435.52,435.15,435.34,137309.0
15:23,435.25,435.53,435.1,435.5,127048.0
15:24,435.19,435.28,435.1,435.23,100235.0
15:25,434.67,435.1,434.54,435.09,186967.0
15:26,434.11,434.7,434.1,434.67,157995.0
15:27,434.07,434.32,434.05,434.11,120552.0
15:28,433.39,434.19,433.28,434.08,189528.0
15:29,433.2,433.38,433.03,433.38,164895.0
15:30,433.01,433.23,432.89,433.11,172009.0
15:31,433.33,433.55,432.93,432.96,169425.0
15:32,432.66,433.34,432.61,433.32,180628.0
15:33,433.08,433.15,432.55,432.72,148434.0
15:34,433.05,433.3,432.86,433.1,136006.0
15:35,433.08,433.22,432.87,433.08,87678.0
15:36,432.9,433.25,432.9,433.07,97383.0
15:37,433.09,433.18,432.9,432.94,184499.0
15:38,433.37,433.7,433.04,433.08,170174.0
15:39,434.18,434.18,433.38,433.44,188194.0
15:40,434.39,434.42,434.12,434.12,160840.0
15:41,434.63,434.65,434.34,434.34,153163.0
15:42,434.43,434.69,434.22,434.57,188012.0
15:43,434.24,434.48,434.11,434.45,128062.0
15:44,434.46,434.48,434.13,434.23,127824.0
15:45,434.03,434.58,434.01,434.48,137499.0
15:46,433.62,434.18,433.47,434.05,152225.0
15:47,433.97,434.03,433.45,433.61,238431.0
15:48,434.08,434.19,433.89,434.02,311346.0
15:49,434.33,434.72,434.05,434.1,230791.0
15:50,433.4,434.33,433.0,434.25,293916.0
15:51,433.9,434.1,433.15,433.42,223385.0
15:52,434.49,434.71,433.9,433.9,209084.0
15:53,435.2,435.35,434.33,434.47,317369.0
15:54,435.44,435.7,435.1,435.25,304208.0
15:55,435.98,436.18,435.42,435.49,412366.0
15:56,435.94,436.04,435.4,435.99,266885.0
15:57,436.01,436.3,435.84,435.98,419163.0
15:58,436.05,436.24,435.89,435.99,325000.0
15:59,435.9,436.13,435.71,436.02,701399.0
