Time,Close,High,Low,Open,Volume
09:30,443.75,444.5,441.95,443.79,2830910.0
09:31,442.32,445.86,441.51,443.98,837156.0
09:32,442.7,443.08,442.0,442.39,92817.0
09:33,442.6,442.99,441.11,442.39,740882.0
09:34,442.27,443.16,441.51,442.65,365830.0
09:35,443.79,443.89,442.13,442.25,387979.0
09:36,444.83,444.85,442.95,443.78,332687.0
09:37,443.14,445.83,443.08,444.89,663770.0
09:38,443.2,444.22,442.74,443.19,298125.0
09:39,443.49,444.24,443.11,443.19,234921.0
09:40,444.48,444.74,442.65,443.61,312381.0
09:41,445.11,445.12,443.0,444.48,355329.0
09:42,444.34,445.32,444.0,445.11,342779.0
09:43,444.37,445.08,444.0,444.26,232214.0
09:44,444.73,444.96,443.92,444.3,207636.0
09:45,444.03,445.2,443.89,444.71,1.0
09:46,444.91,445.17,443.82,444.01,2621175.0
09:47,444.26,445.04,443.8,444.95,232892.0
09:48,444.31,444.46,443.81,444.3,145342.0
09:49,446.58,446.8,444.24,444.24,814898.0
09:50,447.55,447.74,446.0,446.68,631501.0
09:51,447.77,448.4,447.35,447.6,552973.0
09:52,447.99,448.2,447.36,447.83,329173.0
09:53,448.6,448.78,447.7,447.95,404753.0
09:54,448.45,448.64,447.9,448.6,243411.0
09:55,447.35,448.93,447.09,448.46,392915.0
09:56,448.41,448.48,447.06,447.28,256362.0
09:57,447.74,448.64,447.32,448.36,215219.0
09:58,447.26,447.95,446.9,447.73,293163.0
09:59,447.95,448.27,447.23,447.24,251047.0
10:00,447.81,448.36,447.31,448.0,222544.0
10:01,447.86,448.3,447.38,447.76,163070.0
10:02,448.61,448.75,447.65,447.79,221371.0
10:03,449.18,449.8,448.61,448.61,546176.0
10:04,449.2,449.7,448.99,449.16,215385.0
10:05,448.09,449.36,448.01,449.23,678525.0
10:06,447.53,448.26,447.46,448.11,248666.0
10:07,447.69,448.02,447.16,447.61,238452.0
10:08,447.88,448.15,447.48,447.61,481642.0
10:09,448.64,448.75,447.6,447.95,211394.0
10:10,448.39,448.92,448.13,448.65,228196.0
10:11,448.05,448.48,447.65,448.32,182126.0
10:12,448.52,448.98,447.95,448.01,256085.0
10:13,448.55,448.88,448.11,448.52,150689.0
10:14,448.34,448.58,447.68,448.58,210886.0
10:15,447.68,448.43,447.5,448.33,204865.0
10:16,447.51,447.89,447.2,447.74,166287.0
10:17,446.6,447.7,446.3,447.42,295870.0
10:18,446.02,446.84,445.88,446.58,287688.0
10:19,445.74,446.05,445.51,445.98,223256.0
10:20,444.55,446.33,444.53,445.7,420974.0
10:21,445.06,445.63,444.47,444.6,293720.0
10:22,445.31,445.72,445.0,445.1,227746.0
10:23,444.75,445.5,444.44,445.31,284916.0
10:24,445.4,445.4,444.68,444.76,189171.0
10:25,445.52,445.72,445.15,445.4,185385.0
10:26,445.42,445.68,444.94,445.55,171637.0
10:27,445.14,445.67,445.01,445.46,175054.0
10:28,445.4,445.69,445.05,445.15,120113.0
10:29,445.48,445.95,445.0,445.48,230954.0
10:30,443.5,445.73,443.28,445.41,497516.0
10:31,444.2,444.29,443.05,443.5,259242.0
10:32,443.97,444.37,443.78,444.21,148788.0
10:33,443.77,444.1,443.48,443.89,141022.0
10:34,443.58,443.86,443.5,443.8,142269.0
10:35,443.29,443.67,443.22,443.57,138997.0
10:36,443.68,444.04,442.73,443.22,322727.0
10:37,443.57,444.02,443.49,443.75,137038.0
10:38,443.58,444.2,443.25,443.54,171601.0
10:39,443.59,443.82,443.25,443.62,127750.0
10:40,443.89,444.0,443.4,443.63,124751.0
10:41,443.77,444.11,443.6,443.93,130644.0
10:42,442.82,444.09,442.68,443.84,296189.0
10:43,443.34,443.43,442.79,442.91,127355.0
10:44,443.43,443.6,443.19,443.34,105573.0
10:45,443.79,443.98,443.3,443.45,162514.0
10:46,443.76,443.98,443.5,443.75,102948.0
10:47,443.5,443.81,443.47,443.75,67876.0
10:48,443.06,443.79,442.8,443.6,159022.0
10:49,443.63,444.01,443.1,443.1,172014.0
10:50,443.56,443.73,443.27,443.71,85790.0
10:51,443.53,443.81,443.33,443.58,88273.0
10:52,444.18,444.24,443.5,443.57,164199.0
10:53,443.82,444.22,443.6,444.14,136633.0
10:54,443.92,444.0,443.71,443.75,84154.0
10:55,443.85,444.1,443.67,443.96,118986.0
10:56,443.33,444.2,443.3,443.79,191596.0
10:57,443.46,443.65,443.09,443.33,129262.0
10:58,443.34,443.74,443.22,443.46,91644.0
10:59,443.46,443.51,442.87,443.35,192780.0
11:00,442.07,443.63,441.8,443.57,295172.0
11:01,442.02,442.88,441.92,442.06,208676.0
11:02,442.32,442.33,441.84,442.06,143890.0
11:03,443.08,443.25,442.21,442.27,179963.0
11:04,443.72,443.87,443.08,443.18,153295.0
11:05,443.77,443.91,443.64,443.8,115926.0
11:06,443.86,443.92,443.61,443.82,96267.0
11:07,443.9,444.13,443.8,443.8,152840.0
11:08,443.99,443.99,443.7,443.93,75901.0
11:09,443.98,444.06,443.66,444.0,110017.0
11:10,443.59,444.08,443.39,443.93,126220.0
11:11,443.34,443.68,443.26,443.62,98133.0
11:12,443.59,443.59,443.0,443.31,107205.0
11:13,442.64,443.59,442.51,443.5,149447.0
11:14,442.28,442.74,442.09,442.65,206231.0
11:15,442.11,442.43,441.9,442.32,145285.0
11:16,440.83,442.31,440.61,442.11,361029.0
11:17,441.54,441.54,440.82,440.86,177899.0
11:18,441.33,441.82,441.3,441.52,195325.0
11:19,441.97,442.01,441.24,441.28,158142.0
11:20,442.36,442.45,441.93,441.98,133874.0
11:21,442.84,442.86,442.19,442.3,140300.0
11:22,442.8,443.17,442.71,442.83,143400.0
11:23,442.59,443.02,442.55,442.74,118294.0
11:24,442.3,442.64,442.2,442.56,104957.0
11:25,442.23,442.58,441.93,442.28,131838.0
11:26,441.98,442.22,441.66,442.17,135784.0
11:27,442.16,442.43,441.66,441.9,117467.0
11:28,442.65,442.65,442.16,442.16,111660.0
11:29,443.03,443.1,442.55,442.55,119568.0
11:30,442.92,443.2,442.83,443.06,106363.0
11:31,442.65,442.92,442.48,442.88,86348.0
11:32,443.11,443.2,442.53,442.68,111594.0
11:33,443.14,443.34,442.71,443.11,106870.0
11:34,443.43,443.45,442.97,443.11,124540.0
11:35,443.58,443.82,443.35,443.38,147526.0
11:36,443.78,443.98,443.54,443.6,132593.0
11:37,443.97,444.05,443.56,443.78,124381.0
11:38,443.82,444.37,443.71,443.96,163057.0
11:39,444.16,444.29,443.68,443.85,102655.0
11:40,443.88,444.56,443.8,444.19,182571.0
11:41,443.73,444.0,443.67,443.82,87514.0
11:42,444.13,444.19,443.58,443.73,102092.0
11:43,443.86,444.31,443.82,444.11,84130.0
11:44,443.86,443.98,443.78,443.88,44312.0
11:45,443.31,443.86,443.16,443.85,135383.0
11:46,443.47,443.64,443.16,443.33,97954.0
11:47,443.93,444.01,443.4,443.47,111981.0
11:48,443.86,444.25,443.68,443.99,98978.0
11:49,443.98,444.02,443.7,443.81,54633.0
11:50,444.17,444.35,443.78,444.0,120582.0
11:51,443.86,444.25,443.73,444.2,70345.0
11:52,442.74,444.07,442.14,443.77,242968.0
11:53,442.52,442.86,441.91,442.75,167982.0
11:54,443.34,443.42,442.52,442.52,120764.0
11:55,443.03,443.73,442.9,443.33,138832.0
11:56,443.83,443.91,443.03,443.08,93201.0
11:57,443.72,443.95,443.5,443.83,95004.0
11:58,443.46,443.72,443.41,443.68,85996.0
11:59,444.16,444.23,443.31,443.47,150062.0
12:00,445.23,445.23,444.08,444.18,380254.0
12:01,445.29,446.0,445.0,445.25,378416.0
12:02,446.5,446.55,445.23,445.3,380345.0
12:03,446.26,446.66,446.03,446.46,264454.0
12:04,446.37,446.8,446.19,446.23,189663.0
12:05,446.6,447.25,446.32,446.34,315107.0
12:06,446.07,446.62,445.82,446.59,176056.0
12:07,445.9,446.28,445.65,446.11,151606.0
12:08,445.63,445.97,445.42,445.9,97697.0
12:09,445.27,445.65,445.22,445.6,111422.0
12:10,445.28,445.53,445.08,445.2,109142.0
12:11,445.62,445.73,445.24,445.29,155021.0
12:12,445.14,445.82,445.14,445.61,137708.0
12:13,445.12,445.4,445.0,445.18,99496.0
12:14,444.71,445.13,444.66,445.1,142029.0
12:15,444.29,444.93,444.11,444.66,159098.0
12:16,444.19,444.5,444.0,444.3,105119.0
12:17,443.82,444.23,443.68,444.21,142604.0
12:18,444.24,444.33,443.61,443.88,123142.0
12:19,444.91,444.97,444.16,444.33,173984.0
12:20,444.52,444.85,444.26,444.77,99948.0
12:21,444.37,444.61,444.31,444.51,60985.0
12:22,443.99,444.56,443.93,444.36,94816.0
12:23,444.29,444.3,443.86,444.01,89504.0
12:24,443.84,444.39,443.73,444.21,78549.0
12:25,443.95,443.97,443.68,443.84,83216.0
12:26,443.84,444.0,443.68,443.91,67831.0
12:27,444.2,444.36,443.71,443.83,88886.0
12:28,444.2,444.39,444.02,444.19,51678.0
12:29,444.16,444.18,443.95,444.11,50462.0
12:30,444.11,444.3,443.98,444.17,51372.0
12:31,443.96,444.3,443.82,444.1,63275.0
12:32,443.84,444.08,443.65,444.07,66917.0
12:33,443.98,444.09,443.61,443.84,67998.0
12:34,444.08,444.09,443.71,443.93,48792.0
12:35,443.93,444.17,443.78,444.05,65620.0
12:36,443.91,444.1,443.66,443.98,62652.0
12:37,444.28,444.3,443.81,443.97,52896.0
12:38,444.56,444.56,444.09,444.2,67016.0
12:39,444.48,444.71,444.36,444.52,95123.0
12:40,444.4,444.58,444.36,444.5,58199.0
12:41,444.94,444.96,444.38,444.41,107209.0
12:42,444.91,445.15,444.78,444.93,106619.0
12:43,444.83,444.94,444.71,444.88,78812.0
12:44,444.3,444.84,444.05,444.79,101213.0
12:45,444.32,444.47,444.21,444.32,56977.0
12:46,444.35,444.39,444.1,444.38,42611.0
12:47,443.46,444.44,443.4,444.31,139484.0
12:48,443.63,443.8,443.06,443.48,129661.0
12:49,444.13,444.18,443.65,443.68,90159.0
12:50,443.83,444.08,443.7,444.08,54951.0
12:51,443.93,444.07,443.74,443.89,47964.0
12:52,443.83,444.0,443.8,443.95,31212.0
12:53,443.76,443.95,443.72,443.84,52088.0
12:54,443.72,443.92,443.63,443.72,45971.0
12:55,443.57,443.78,443.51,443.7,49799.0
12:56,443.78,443.81,443.48,443.57,83334.0
12:57,443.78,444.0,443.63,443.8,74431.0
12:58,444.01,444.3,443.81,443.81,97429.0
12:59,443.79,444.05,443.69,443.93,50227.0
13:00,443.84,443.98,443.72,443.79,34915.0
13:01,443.93,444.54,443.89,443.89,118512.0
13:02,444.14,444.28,443.89,443.96,56006.0
13:03,443.95,444.5,443.95,444.14,106269.0
13:04,443.95,444.16,443.79,444.0,75427.0
13:05,442.91,444.0,442.89,443.97,163807.0
13:06,443.15,443.25,442.89,443.0,123765.0
13:07,443.07,443.38,443.0,443.14,110395.0
13:08,442.75,443.19,442.36,443.04,214441.0
13:09,442.54,442.81,442.46,442.74,81451.0
13:10,442.64,442.81,442.54,442.61,69063.0
13:11,442.57,442.72,442.48,442.62,58616.0
13:12,442.76,443.0,442.62,442.63,92884.0
13:13,442.43,442.85,442.43,442.76,97497.0
13:14,442.43,442.58,442.28,442.41,87590.0
13:15,442.08,442.66,441.97,442.48,157985.0
13:16,442.12,442.26,441.91,442.08,89403.0
13:17,442.33,442.44,442.07,442.07,69826.0
13:18,443.3,443.31,442.33,442.38,170773.0
13:19,443.14,443.57,443.07,443.23,181732.0
13:20,442.84,443.17,442.7,443.17,116183.0
13:21,443.11,443.11,442.73,442.78,49994.0
13:22,443.24,443.36,443.13,443.13,108303.0
13:23,443.17,443.3,443.1,443.22,47556.0
13:24,443.14,443.36,442.86,443.19,68280.0
13:25,443.17,443.23,442.92,443.11,41926.0
13:26,443.09,443.29,443.0,443.1,54601.0
13:27,443.34,443.42,442.97,443.12,57169.0
13:28,443.19,443.37,443.16,443.34,38056.0
13:29,443.25,443.33,443.16,443.2,32371.0
13:30,443.41,443.42,443.13,443.22,45479.0
13:31,443.86,443.87,443.26,443.39,115897.0
13:32,443.59,443.82,443.41,443.8,76026.0
13:33,443.61,443.8,443.42,443.61,51904.0
13:34,443.54,443.7,443.48,443.56,38479.0
13:35,443.56,443.68,443.45,443.52,50521.0
13:36,443.7,443.84,443.45,443.5,59752.0
13:37,443.5,443.77,443.44,443.73,43190.0
13:38,443.65,443.67,443.45,443.47,30418.0
13:39,443.67,443.72,443.55,443.6,35769.0
13:40,443.83,443.83,443.42,443.69,82851.0
13:41,443.64,443.85,443.57,443.79,49635.0
13:42,443.75,443.9,443.65,443.7,57298.0
13:43,443.5,443.8,443.48,443.75,59095.0
13:44,443.74,443.81,443.5,443.55,50681.0
13:45,443.86,443.99,443.55,443.74,103141.0
13:46,443.5,444.06,443.31,443.88,126569.0
13:47,444.1,444.1,443.46,443.51,63459.0
13:48,444.03,444.27,444.0,444.08,114252.0
13:49,443.83,444.08,443.73,444.05,59252.0
13:50,443.97,444.11,443.72,443.86,54718.0
13:51,443.45,444.05,443.05,443.98,143969.0
13:52,443.04,443.45,442.85,443.42,108303.0
13:53,442.89,443.14,442.8,443.04,77506.0
13:54,443.21,443.28,442.81,442.89,95160.0
13:55,443.07,443.25,442.9,443.22,71733.0
13:56,442.56,443.06,442.52,443.02,105435.0
13:57,443.25,443.25,442.54,442.57,90153.0
13:58,443.3,443.57,442.96,443.2,147148.0
13:59,443.59,443.59,443.3,443.33,93194.0
14:00,443.56,444.04,443.37,443.59,154669.0
14:01,443.39,443.78,443.39,443.55,68322.0
14:02,443.44,443.73,443.39,443.42,61755.0
14:03,443.51,443.64,443.41,443.45,36577.0
14:04,443.41,443.57,443.2,443.53,56250.0
14:05,443.26,443.5,443.23,443.37,69793.0
14:06,443.93,443.93,443.12,443.26,104595.0
14:07,444.45,444.66,443.87,443.95,173748.0
14:08,444.24,444.46,443.76,444.41,129056.0
14:09,444.5,444.64,444.21,444.26,77920.0
14:10,444.52,444.72,444.4,444.49,104340.0
14:11,444.51,444.67,444.3,444.5,77951.0
14:12,444.77,444.95,444.55,444.55,129655.0
14:13,444.95,444.98,444.65,444.77,80762.0
14:14,445.03,445.16,444.7,444.95,154204.0
14:15,445.02,445.2,444.95,445.06,105268.0
14:16,444.74,445.05,444.61,445.04,112350.0
14:17,444.83,444.87,444.62,444.75,65243.0
14:18,444.74,444.9,444.6,444.83,66759.0
14:19,444.9,444.96,444.59,444.8,62497.0
14:20,445.2,445.26,444.73,444.93,92281.0
14:21,445.25,445.63,445.09,445.23,172382.0
14:22,445.28,445.45,445.1,445.2,75559.0
14:23,445.27,445.5,445.16,445.31,82627.0
14:24,445.16,445.39,445.1,445.28,51782.0
14:25,444.83,445.2,444.74,445.14,104188.0
14:26,444.46,445.02,444.38,444.83,117637.0
14:27,444.63,444.71,444.34,444.46,95983.0
14:28,444.53,444.69,444.43,444.65,71646.0
14:29,444.47,444.74,444.42,444.53,107552.0
14:30,444.39,444.6,444.32,444.48,62344.0
14:31,444.27,444.4,443.96,444.39,128052.0
14:32,444.07,444.39,444.05,444.3,63429.0
14:33,444.36,444.42,444.04,444.08,77444.0
14:34,444.64,444.7,444.21,444.43,72966.0
14:35,444.72,444.9,444.64,444.67,73737.0
14:36,444.48,444.81,444.3,444.75,113116.0
14:37,444.59,444.75,444.4,444.44,36361.0
14:38,444.5,444.79,444.4,444.61,69533.0
14:39,444.47,444.53,444.33,444.46,48694.0
14:40,444.55,444.64,444.3,444.4,43669.0
14:41,444.52,444.75,444.45,444.54,58806.0
14:42,444.66,444.81,444.57,444.65,50393.0
14:43,444.73,444.83,444.63,444.64,63049.0
14:44,445.05,445.13,444.65,444.73,123341.0
14:45,444.9,445.15,444.8,445.01,63553.0
14:46,444.76,445.11,444.68,444.88,88612.0
14:47,445.1,445.32,444.7,444.72,110151.0
14:48,445.7,445.76,445.08,445.12,174657.0
14:49,446.04,446.19,445.65,445.73,210523.0
14:50,446.06,446.22,445.82,446.04,143221.0
14:51,445.86,446.1,445.73,446.0,89660.0
14:52,445.86,445.93,445.66,445.86,80420.0
14:53,445.81,445.86,445.66,445.84,77908.0
14:54,446.15,446.4,445.8,445.82,148063.0
14:55,446.51,446.7,446.12,446.16,172066.0
14:56,446.41,446.51,446.24,446.51,103136.0
14:57,446.53,446.58,446.15,446.45,94657.0
14:58,446.44,446.6,446.33,446.54,76073.0
14:59,446.39,446.59,446.24,446.42,76638.0
15:00,446.59,446.7,446.27,446.36,99644.0
15:01,446.42,446.9,446.36,446.59,149540.0
15:02,446.37,446.48,446.02,446.45,120471.0
15:03,446.21,446.39,446.09,446.35,69782.0
15:04,446.38,446.59,446.22,446.22,124686.0
15:05,445.62,446.52,445.62,446.46,142298.0
15:06,445.93,446.06,445.61,445.62,104075.0
15:07,446.35,446.36,445.91,445.91,110352.0
15:08,446.49,446.65,446.33,446.35,130627.0
15:09,446.36,446.6,446.24,446.47,78946.0
15:10,445.71,446.37,445.62,446.37,103814.0
15:11,445.8,445.88,445.41,445.7,130855.0
15:12,445.86,446.16,445.67,445.8,106486.0
15:13,445.84,445.97,445.7,445.9,49037.0
15:14,445.49,445.83,445.45,445.83,71158.0
15:15,445.26,445.52,445.2,445.48,91874.0
15:16,445.62,445.69,445.18,445.24,111782.0
15:17,445.33,445.64,445.22,445.55,94074.0
15:18,445.36,445.53,445.26,445.33,78420.0
15:19,445.57,445.65,444.99,445.33,123396.0
15:20,445.79,445.85,445.45,445.54,103706.0
15:21,445.93,446.12,445.66,445.76,105596.0
15:22,445.75,446.11,445.71,445.89,86114.0
15:23,445.62,445.82,445.48,445.75,83850.0
15:24,445.67,445.9,445.59,445.62,89306.0
15:25,446.12,446.16,445.63,445.65,91118.0
15:26,446.14,446.3,445.97,446.15,117894.0
15:27,446.67,446.72,446.08,446.12,133467.0
15:28,446.62,446.72,446.31,446.72,95652.0
15:29,446.57,446.7,446.53,446.6,83811.0
15:30,446.5,446.67,446.35,446.58,87158.0
15:31,446.75,447.08,446.51,446.51,207380.0
15:32,446.92,447.08,446.53,446.65,142859.0
15:33,447.03,447.06,446.86,446.92,98452.0
15:34,446.96,447.16,446.84,447.03,101928.0
15:35,446.83,446.95,446.62,446.94,107551.0
15:36,447.28,447.39,446.76,446.83,167143.0
15:37,447.14,447.37,447.02,447.27,136587.0
15:38,447.23,447.27,447.0,447.1,84355.0
15:39,447.25,447.3,447.18,447.25,93560.0
15:40,447.29,447.59,447.21,447.25,177890.0
15:41,447.2,447.55,447.14,447.33,125780.0
15:42,447.1,447.28,446.92,447.22,136048.0
15:43,446.82,447.1,446.77,447.1,122502.0
15:44,446.67,446.9,446.53,446.8,113084.0
15:45,446.83,446.97,446.69,446.72,101000.0
15:46,446.75,446.96,446.65,446.8,96034.0
15:47,446.54,446.79,446.5,446.76,96040.0
15:48,446.86,447.04,446.57,446.58,141070.0
15:49,447.08,447.08,446.8,446.84,105664.0
15:50,446.98,447.56,446.92,447.11,195802.0
15:51,446.71,447.08,446.68,447.01,132484.0
15:52,447.24,447.38,446.56,446.66,179453.0
15:53,447.3,447.87,447.24,447.29,243444.0
15:54,447.72,447.95,447.3,447.33,228123.0
15:55,447.8,447.98,447.63,447.72,243177.0
15:56,447.46,447.95,447.36,447.84,263080.0
15:57,447.45,447.6,447.24,447.48,252851.0
15:58,447.3,447.58,447.21,447.45,291130.0
15:59,447.35,447.52,447.1,447.3,553034.0
