Time,Close,High,Low,Open,Volume
09:30,443.0,446.14,443.0,443.74,2002361.0
09:31,442.17,443.79,441.88,443.03,395199.0
09:32,441.24,442.46,440.76,442.19,369219.0
09:33,442.47,442.57,440.9,441.29,262907.0
09:34,442.34,442.89,441.6,442.47,276687.0
09:35,444.01,444.13,442.18,442.18,418686.0
09:36,445.42,445.56,443.36,444.05,495406.0
09:37,446.44,446.88,445.05,445.39,533200.0
09:38,448.18,448.24,446.37,446.4,648980.0
09:39,448.29,449.5,447.95,448.24,680757.0
09:40,446.56,448.33,446.48,448.29,527111.0
09:41,447.18,447.55,446.22,446.57,339870.0
09:42,445.61,447.35,445.0,447.21,421232.0
09:43,446.55,446.68,445.44,445.72,257788.0
09:44,446.91,446.99,446.01,446.58,223704.0
09:45,447.68,448.12,446.9,446.91,395981.0
09:46,448.18,448.45,447.35,447.61,356377.0
09:47,447.87,448.39,447.32,448.18,319884.0
09:48,447.19,448.18,446.61,448.0,332699.0
09:49,446.26,447.42,445.88,447.09,344748.0
09:50,447.28,447.37,445.7,446.22,287268.0
09:51,447.72,448.2,447.05,447.13,324891.0
09:52,447.16,448.6,446.33,447.73,528977.0
09:53,447.53,447.58,446.31,447.12,196596.0
09:54,446.74,447.67,446.42,447.55,173120.0
09:55,446.66,446.9,446.13,446.69,192997.0
09:56,446.34,447.0,446.09,446.6,168704.0
09:57,445.97,446.74,445.89,446.49,194407.0
09:58,445.38,445.95,444.86,445.94,325312.0
09:59,445.8,445.93,444.95,445.41,203999.0
10:00,445.82,445.93,445.15,445.72,160536.0
10:01,446.58,446.65,445.23,445.79,218883.0
10:02,446.12,447.32,446.1,446.68,328122.0
10:03,445.8,446.57,445.7,446.23,216052.0
10:04,446.74,446.85,445.84,445.84,152026.0
10:05,447.3,447.36,446.25,446.73,271222.0
10:06,446.21,447.59,446.1,447.35,246227.0
10:07,446.27,446.78,446.23,446.25,109718.0
10:08,447.54,447.63,446.11,446.28,222775.0
10:09,449.27,449.29,447.49,447.56,480100.0
10:10,450.22,450.49,448.91,449.24,853796.0
10:11,449.16,450.23,448.8,450.19,351116.0
10:12,449.35,449.55,448.7,449.16,271320.0
10:13,449.89,449.93,448.71,449.35,239407.0
10:14,450.67,450.71,449.58,449.91,391448.0
10:15,449.92,450.88,449.7,450.65,368261.0
10:16,450.16,450.35,449.3,449.93,242993.0
10:17,450.36,450.44,449.74,450.14,197884.0
10:18,450.02,450.74,449.41,450.39,289823.0
10:19,452.48,452.66,450.02,450.04,707908.0
10:20,453.88,454.03,452.4,452.48,660031.0
10:21,454.44,454.8,453.83,453.87,496480.0
10:22,454.07,454.68,453.27,454.44,469371.0
10:23,454.3,454.6,453.66,454.1,355733.0
10:24,454.56,454.94,453.86,454.27,301253.0
10:25,455.74,455.86,454.56,454.61,584030.0
10:26,455.54,455.81,454.86,455.74,373933.0
10:27,456.16,456.29,455.07,455.44,371518.0
10:28,455.99,456.21,455.43,456.15,497249.0
10:29,455.67,455.98,455.15,455.85,311642.0
10:30,454.29,455.79,454.2,455.7,451462.0
10:31,453.41,454.77,453.38,454.22,343554.0
10:32,453.83,454.24,453.12,453.43,288909.0
10:33,453.77,454.18,453.61,453.87,153516.0
10:34,454.46,454.54,453.56,453.79,244700.0
10:35,454.51,454.6,453.73,454.51,350616.0
10:36,455.18,455.34,454.3,454.55,254693.0
10:37,454.73,455.17,454.52,455.17,169345.0
10:38,455.12,455.2,454.42,454.74,160806.0
10:39,454.51,455.36,454.43,455.15,184245.0
10:40,455.17,455.29,454.16,454.51,186688.0
10:41,454.85,455.47,454.6,455.17,187764.0
10:42,454.8,455.25,454.67,454.94,125878.0
10:43,454.48,454.86,454.2,454.72,178491.0
10:44,454.78,455.25,454.44,454.6,172189.0
10:45,455.02,455.26,454.5,454.79,207213.0
10:46,454.74,455.08,454.35,454.99,239466.0
10:47,454.51,455.18,454.4,454.74,168145.0
10:48,454.58,454.67,454.25,454.5,161781.0
10:49,454.42,454.68,454.1,454.63,141239.0
10:50,454.27,454.75,454.16,454.38,119081.0
10:51,454.85,455.08,454.27,454.32,177215.0
10:52,455.0,455.35,454.8,454.85,224007.0
10:53,456.35,456.49,454.8,455.05,365473.0
10:54,457.27,457.45,456.21,456.3,482779.0
10:55,457.39,457.55,456.92,457.29,313543.0
10:56,457.04,457.72,456.91,457.46,280004.0
10:57,458.23,458.33,457.04,457.04,432470.0
10:58,458.46,458.6,457.8,458.23,353127.0
10:59,458.68,458.78,458.2,458.47,274194.0
11:00,458.04,458.87,457.88,458.67,294303.0
11:01,458.07,458.35,457.8,458.01,199107.0
11:02,457.45,458.22,457.44,458.08,180258.0
11:03,457.38,457.74,457.14,457.45,180168.0
11:04,457.2,457.71,457.11,457.41,136731.0
11:05,456.12,457.22,456.08,457.21,273957.0
11:06,456.04,456.31,455.76,456.17,238980.0
11:07,456.36,456.44,455.9,456.04,131715.0
11:08,456.07,456.73,455.83,456.39,179193.0
11:09,456.26,456.44,455.95,456.11,109805.0
11:10,455.96,456.55,455.89,456.21,153908.0
11:11,456.03,456.14,455.82,455.97,100287.0
11:12,455.41,456.26,455.41,456.1,150832.0
11:13,456.51,456.8,455.4,455.4,203664.0
11:14,457.02,457.11,456.22,456.55,201621.0
11:15,456.15,457.25,456.01,456.92,209609.0
11:16,455.68,456.36,455.62,456.17,134823.0
11:17,456.01,456.28,455.65,455.72,132262.0
11:18,455.93,456.25,455.63,456.03,141884.0
11:19,455.49,456.22,455.45,455.92,155532.0
11:20,454.59,455.53,454.47,455.49,258941.0
11:21,454.97,455.04,454.53,454.55,158167.0
11:22,454.1,454.95,453.9,454.93,212814.0
11:23,453.83,454.17,453.47,454.17,251358.0
11:24,453.93,454.1,453.61,453.77,152780.0
11:25,454.3,454.45,453.69,453.89,153601.0
11:26,454.83,455.15,454.34,454.37,187029.0
11:27,455.14,455.19,454.78,454.81,150416.0
11:28,455.0,455.38,454.97,455.16,142873.0
11:29,454.86,455.15,454.5,455.03,149584.0
11:30,455.27,455.35,454.83,454.85,125263.0
11:31,454.74,455.38,454.62,455.28,129345.0
11:32,454.64,455.22,454.64,454.77,127446.0
11:33,454.97,454.99,454.29,454.68,113206.0
11:34,455.02,455.17,454.71,454.98,95265.0
11:35,454.77,455.11,454.61,455.02,71072.0
11:36,455.01,455.18,454.5,454.78,113372.0
11:37,454.97,455.08,454.67,455.0,73419.0
11:38,455.0,455.24,454.8,455.02,90866.0
11:39,454.86,455.14,454.76,455.02,86308.0
11:40,454.42,455.08,454.35,454.92,99076.0
11:41,453.84,454.59,453.83,454.4,124767.0
11:42,453.82,453.98,453.7,453.84,101150.0
11:43,453.73,453.99,453.6,453.83,111237.0
11:44,453.43,453.92,453.4,453.69,136448.0
11:45,453.4,453.57,453.17,453.43,150416.0
11:46,452.71,453.41,452.6,453.35,218081.0
11:47,452.65,453.1,452.55,452.73,130252.0
11:48,453.18,453.26,452.48,452.64,151626.0
11:49,453.56,453.6,453.08,453.17,146306.0
11:50,453.88,453.95,453.23,453.54,137963.0
11:51,454.07,454.18,453.81,453.88,134212.0
11:52,453.82,454.14,453.8,454.03,96569.0
11:53,453.87,454.12,453.64,453.81,114108.0
11:54,454.52,454.65,453.88,453.9,136973.0
11:55,454.06,454.52,454.05,454.52,90892.0
11:56,454.35,454.45,454.04,454.07,95282.0
11:57,454.76,454.8,454.19,454.37,142986.0
11:58,455.07,455.33,454.8,454.8,190959.0
11:59,455.45,455.7,455.04,455.11,211027.0
12:00,455.58,455.71,455.35,455.47,126496.0
12:01,455.19,455.63,455.06,455.6,123606.0
12:02,454.89,455.42,454.88,455.19,100391.0
12:03,454.77,455.17,454.73,454.93,96072.0
12:04,454.39,454.93,454.38,454.75,111858.0
12:05,454.29,454.67,454.18,454.36,94107.0
12:06,454.73,454.88,454.33,454.33,109425.0
12:07,454.8,455.16,454.67,454.76,108696.0
12:08,454.9,454.98,454.76,454.8,49015.0
12:09,454.66,454.92,454.57,454.9,67548.0
12:10,454.94,455.07,454.62,454.65,84832.0
12:11,454.83,455.13,454.66,454.93,72066.0
12:12,455.09,455.23,454.76,454.76,90500.0
12:13,454.92,455.13,454.7,455.12,76186.0
12:14,454.91,455.15,454.75,454.94,76164.0
12:15,454.58,454.95,454.54,454.87,61943.0
12:16,455.21,455.31,454.55,454.61,103779.0
12:17,455.34,455.77,455.18,455.2,155330.0
12:18,455.53,455.74,455.38,455.38,94130.0
12:19,455.06,455.59,455.05,455.52,84940.0
12:20,454.43,455.07,454.35,455.06,127704.0
12:21,454.6,454.67,454.36,454.42,72359.0
12:22,454.61,454.75,454.46,454.58,61224.0
12:23,454.75,454.8,454.53,454.61,78726.0
12:24,455.01,455.07,454.7,454.76,80343.0
12:25,455.36,455.39,454.85,454.97,100932.0
12:26,456.23,456.32,455.27,455.38,216052.0
12:27,456.05,456.27,455.82,456.27,119537.0
12:28,456.31,456.39,455.99,456.02,136288.0
12:29,456.21,456.43,456.17,456.26,110017.0
12:30,456.38,456.54,456.17,456.25,128872.0
12:31,456.42,456.81,456.36,456.37,162964.0
12:32,456.01,456.64,455.91,456.4,147099.0
12:33,456.23,456.4,455.92,456.01,91454.0
12:34,456.76,456.76,456.16,456.2,124590.0
12:35,456.9,456.96,456.6,456.8,141879.0
12:36,457.17,457.31,456.8,456.94,170393.0
12:37,457.44,457.47,457.04,457.17,11414000.0
12:38,457.67,457.85,457.3,457.44,1.0
12:39,458.21,458.51,457.5,457.67,317953.0
12:40,457.81,458.31,457.68,458.27,235245.0
12:41,457.55,457.89,457.25,457.81,168591.0
12:42,457.17,457.67,457.13,457.55,111605.0
12:43,457.29,457.84,457.12,457.14,137421.0
12:44,456.52,457.3,456.5,457.3,159578.0
12:45,455.99,456.54,455.89,456.5,201466.0
12:46,455.72,456.08,455.55,455.93,139769.0
12:47,456.17,456.25,455.7,455.74,140197.0
12:48,456.17,456.58,456.05,456.2,124071.0
12:49,455.84,456.24,455.6,456.13,118381.0
12:50,455.96,456.01,455.62,455.85,85258.0
12:51,456.36,456.43,455.83,455.96,90281.0
12:52,456.49,456.57,456.25,456.39,105740.0
12:53,456.46,456.66,456.32,456.46,98882.0
12:54,456.24,456.48,456.22,456.43,64467.0
12:55,456.11,456.27,456.02,456.23,70672.0
12:56,456.24,456.6,456.14,456.14,85493.0
12:57,456.23,456.35,455.92,456.22,73946.0
12:58,456.35,456.54,456.2,456.23,65028.0
12:59,456.94,456.99,456.29,456.35,115022.0
13:00,457.25,457.3,456.89,456.96,178274.0
13:01,458.05,458.13,457.19,457.24,220745.0
13:02,457.89,458.29,457.84,458.06,203168.0
13:03,457.85,458.2,457.65,457.87,148836.0
13:04,457.75,458.05,457.67,457.85,113820.0
13:05,457.9,458.06,457.77,457.82,103105.0
13:06,458.01,458.12,457.81,457.9,88862.0
13:07,458.11,458.17,457.75,458.05,89374.0
13:08,457.95,458.24,457.74,458.14,96071.0
13:09,457.86,457.96,457.7,457.93,66200.0
13:10,457.86,458.0,457.73,457.86,63419.0
13:11,458.1,458.35,457.7,457.85,126353.0
13:12,457.76,458.47,457.7,458.09,141379.0
13:13,457.81,457.95,457.58,457.73,121763.0
13:14,457.85,457.99,457.66,457.85,70874.0
13:15,458.01,458.25,457.78,457.85,105636.0
13:16,458.04,458.2,457.9,458.03,82938.0
13:17,458.11,458.46,457.92,458.08,135318.0
13:18,458.95,458.97,457.85,458.08,154930.0
13:19,458.6,459.1,458.32,458.89,242509.0
13:20,458.27,458.82,458.27,458.55,121955.0
13:21,457.85,458.34,457.85,458.25,124360.0
13:22,458.38,458.4,457.73,457.85,158250.0
13:23,458.23,458.53,458.13,458.35,102751.0
13:24,458.02,458.27,457.91,458.27,67535.0
13:25,458.0,458.27,457.97,458.08,61906.0
13:26,458.36,458.54,458.01,458.02,95831.0
13:27,458.05,458.4,457.86,458.4,87688.0
13:28,458.17,458.27,458.02,458.05,53795.0
13:29,458.47,458.51,458.12,458.17,1086088.0
13:30,458.25,458.6,458.2,458.48,86742.0
13:31,458.41,458.75,458.23,458.25,120523.0
13:32,458.88,459.2,458.36,458.48,188753.0
13:33,459.27,459.29,458.89,458.89,178104.0
13:34,459.01,459.34,458.93,459.28,141819.0
13:35,459.08,459.16,458.96,459.01,13671633.0
13:36,458.62,459.2,458.6,459.05,177313.0
13:37,458.8,458.9,458.54,458.7,135398.0
13:38,459.99,460.0,458.82,458.85,477160.0
13:39,459.55,460.29,459.42,459.96,777692.0
13:40,458.78,459.63,458.72,459.6,238571.0
13:41,458.98,459.2,458.72,458.78,189643.0
13:42,458.72,459.08,458.43,458.98,200200.0
13:43,458.65,458.85,458.57,458.68,148791.0
13:44,459.33,459.37,458.84,458.93,82917.0
13:45,458.99,459.36,458.8,459.33,124160.0
13:46,459.31,459.33,458.92,459.0,97362.0
13:47,459.32,459.38,459.1,459.33,101496.0
13:48,459.22,459.46,458.96,459.3,131069.0
13:49,459.67,459.71,458.93,459.2,210561.0
13:50,459.64,459.95,459.6,459.67,185107.0
13:51,459.54,459.75,459.45,459.63,127621.0
13:52,459.39,459.59,459.2,459.54,120603.0
13:53,458.73,459.5,458.7,459.46,167376.0
13:54,458.66,459.09,458.63,458.73,136675.0
13:55,458.48,458.67,458.3,458.63,164483.0
13:56,458.67,458.81,458.4,458.46,144716.0
13:57,458.71,458.96,458.47,458.66,138159.0
13:58,458.29,458.73,457.9,458.71,220129.0
13:59,458.32,458.47,458.09,458.35,110828.0
14:00,459.25,459.31,458.11,458.32,216789.0
14:01,458.98,459.38,458.92,459.29,165757.0
14:02,458.88,459.12,458.62,458.92,126109.0
14:03,459.14,459.18,458.7,458.93,86080.0
14:04,459.16,459.35,458.98,459.15,150659.0
14:05,460.05,460.19,459.15,459.16,297829.0
14:06,459.71,460.13,459.66,460.04,192920.0
14:07,459.98,460.04,459.58,459.7,193251.0
14:08,460.75,460.9,459.97,459.99,396424.0
14:09,460.7,460.9,460.55,460.73,214958.0
14:10,460.49,460.77,460.27,460.66,205811.0
14:11,459.88,460.75,459.83,460.57,209532.0
14:12,460.65,460.68,459.8,459.9,200890.0
14:13,460.94,461.08,460.51,460.69,358824.0
14:14,461.1,461.19,460.8,460.95,213880.0
14:15,460.61,461.16,460.44,461.12,241923.0
14:16,460.5,460.69,460.4,460.61,126133.0
14:17,460.79,460.84,460.45,460.47,115191.0
14:18,460.87,460.89,460.57,460.82,97740.0
14:19,460.5,460.9,460.43,460.84,135918.0
14:20,460.3,460.72,460.11,460.52,139077.0
14:21,460.16,460.36,459.95,460.26,206441.0
14:22,460.22,460.39,459.85,460.12,169141.0
14:23,459.84,460.31,459.67,460.2,148821.0
14:24,460.02,460.08,459.76,459.84,121168.0
14:25,460.24,460.43,459.95,460.02,145546.0
14:26,460.04,460.24,459.86,460.24,137257.0
14:27,459.48,460.21,459.4,460.07,168466.0
14:28,459.24,459.63,459.1,459.45,184015.0
14:29,459.36,459.49,459.2,459.25,134648.0
14:30,459.55,459.7,459.29,459.35,166770.0
14:31,459.51,459.57,459.19,459.54,124669.0
14:32,460.11,460.11,459.42,459.49,176594.0
14:33,460.33,460.33,459.82,460.08,168179.0
14:34,460.27,460.5,460.16,460.29,170349.0
14:35,460.32,460.42,460.16,460.29,99926.0
14:36,460.3,460.5,460.2,460.33,121556.0
14:37,460.31,460.34,460.02,460.3,134513.0
14:38,460.02,460.31,459.85,460.31,101325.0
14:39,459.97,460.12,459.85,460.02,65905.0
14:40,459.88,460.15,459.84,459.92,80740.0
14:41,460.01,460.16,459.84,459.9,100798.0
14:42,459.88,460.25,459.71,459.98,155699.0
14:43,459.67,459.89,459.35,459.86,155564.0
14:44,459.73,459.93,459.52,459.7,102681.0
14:45,459.96,460.07,459.71,459.78,89548.0
14:46,459.96,460.2,459.94,459.96,103382.0
14:47,460.24,460.25,460.0,460.0,87128.0
14:48,460.03,460.6,460.03,460.22,191137.0
14:49,460.08,460.15,459.73,460.04,150911.0
14:50,460.13,460.29,460.0,460.1,93117.0
14:51,460.16,460.28,460.0,460.24,90492.0
14:52,460.2,460.35,460.12,460.18,76256.0
14:53,460.34,460.41,460.15,460.2,88321.0
14:54,460.05,460.35,459.95,460.32,111656.0
14:55,459.85,460.11,459.65,460.0,118154.0
14:56,460.03,460.24,459.8,459.87,104481.0
14:57,460.22,460.35,459.87,460.02,108466.0
14:58,460.16,460.26,460.1,460.18,69159.0
14:59,460.11,460.32,460.01,460.2,79872.0
15:00,460.43,460.43,460.09,460.13,108781.0
15:01,459.99,460.57,459.95,460.4,162808.0
15:02,459.72,460.02,459.56,459.98,226901.0
15:03,460.06,460.08,459.49,459.69,189967.0
15:04,460.82,460.84,459.82,460.07,239465.0
15:05,460.68,460.92,460.51,460.81,224963.0
15:06,460.8,460.83,460.42,460.67,112122.0
15:07,461.07,461.29,460.66,460.81,350351.0
15:08,461.25,461.43,461.07,461.07,219249.0
15:09,461.01,461.29,460.9,461.21,169770.0
15:10,460.76,461.18,460.66,461.02,132691.0
15:11,460.92,461.05,460.6,460.76,160060.0
15:12,460.48,460.91,460.48,460.87,172558.0
15:13,460.74,460.8,460.36,460.54,142394.0
15:14,460.63,460.82,460.49,460.74,115665.0
15:15,460.96,461.01,460.51,460.63,143750.0
15:16,460.49,461.0,460.45,460.97,152816.0
15:17,460.4,460.62,460.34,460.47,143820.0
15:18,460.47,460.57,460.3,460.43,151937.0
15:19,460.26,460.5,459.96,460.46,176994.0
15:20,460.17,460.37,460.04,460.27,109255.0
15:21,460.08,460.44,459.98,460.18,171284.0
15:22,460.36,460.4,459.95,460.13,105724.0
15:23,460.15,460.48,460.11,460.36,86790.0
15:24,460.24,460.38,460.09,460.15,113389.0
15:25,460.46,460.48,460.12,460.24,85391.0
15:26,460.16,460.6,460.12,460.45,122529.0
15:27,460.0,460.2,459.93,460.17,141395.0
15:28,460.24,460.26,459.92,459.96,145115.0
15:29,460.2,460.82,460.12,460.24,217930.0
15:30,460.2,460.35,459.98,460.22,130035.0
15:31,460.14,460.47,460.05,460.2,120792.0
15:32,460.18,460.3,459.96,460.14,135833.0
15:33,460.4,460.48,460.13,460.17,130874.0
15:34,460.53,460.71,460.38,460.42,200314.0
15:35,460.45,460.78,460.33,460.5,158572.0
15:36,460.58,460.76,460.44,460.44,155103.0
15:37,460.58,460.88,460.5,460.6,206331.0
15:38,460.58,460.82,460.45,460.61,174592.0
15:39,460.55,460.61,460.32,460.54,126958.0
15:40,460.94,461.09,460.38,460.55,241804.0
15:41,460.87,461.01,460.62,461.01,146998.0
15:42,460.57,460.86,460.24,460.86,204283.0
15:43,460.9,460.99,460.56,460.56,225712.0
15:44,461.03,461.17,460.82,460.87,211975.0
15:45,460.92,461.31,460.78,461.04,225953.0
15:46,461.21,461.24,460.86,460.91,157790.0
15:47,461.23,461.32,461.09,461.23,192528.0
15:48,461.63,461.71,461.16,461.23,325146.0
15:49,461.34,461.92,461.19,461.65,364827.0
15:50,461.64,462.29,461.24,461.34,563451.0
15:51,461.19,461.64,461.04,461.59,350881.0
15:52,460.92,461.42,460.76,461.22,331499.0
15:53,461.28,461.29,460.78,460.92,212887.0
15:54,461.81,462.01,461.25,461.28,482104.0
15:55,460.21,462.02,459.72,461.89,629335.0
15:56,459.24,460.15,459.21,460.15,386011.0
15:57,459.33,459.39,459.01,459.24,399403.0
15:58,459.43,459.45,459.07,459.31,458952.0
15:59,459.47,459.78,459.11,459.44,716927.0
