Time,Close,High,Low,Open,Volume
09:30,349.57,350.45,348.52,350.22,3822371.0
09:31,349.21,349.63,348.73,349.31,1359966.0
09:32,349.39,349.78,348.77,349.06,1029234.0
09:33,349.58,349.92,348.81,348.81,698502.0
09:34,350.17,350.33,349.49,349.56,314882.0
09:35,350.74,351.12,350.1,350.25,396316.0
09:36,349.23,351.43,348.82,350.84,498526.0
09:37,349.4,350.12,348.98,349.11,253671.0
09:38,349.84,350.04,349.38,349.4,220560.0
09:39,349.38,349.9,348.8,349.9,251266.0
09:40,349.69,349.82,348.92,349.34,229775.0
09:41,348.73,349.76,348.61,349.67,216619.0
09:42,347.81,348.83,347.75,348.83,446468.0
09:43,348.6,349.2,347.6,347.83,311185.0
09:44,349.0,349.16,348.46,348.59,221314.0
09:45,349.0,349.26,348.31,348.98,1.0
09:46,349.62,349.69,348.92,349.06,2018616.0
09:47,349.73,349.92,349.11,349.62,235804.0
09:48,349.63,350.3,349.63,349.78,331321.0
09:49,349.22,349.95,349.01,349.69,196490.0
09:50,349.84,349.95,349.21,349.21,170679.0
09:51,350.77,350.92,349.76,349.84,287124.0
09:52,350.89,351.02,350.31,350.81,269140.0
09:53,351.44,351.47,350.5,350.89,319120.0
09:54,350.89,351.46,350.86,351.41,283398.0
09:55,350.91,351.12,350.21,350.89,340076.0
09:56,351.79,351.81,350.43,350.85,347622.0
09:57,351.94,352.22,351.51,351.77,470805.0
09:58,351.39,352.15,351.25,351.96,287882.0
09:59,351.48,351.88,351.15,351.42,235302.0
10:00,351.15,351.72,350.84,351.5,264220.0
10:01,351.3,351.68,351.13,351.18,171197.0
10:02,351.11,351.55,351.05,351.41,155326.0
10:03,350.93,351.2,350.65,351.17,219932.0
10:04,351.36,351.66,350.91,350.93,212146.0
10:05,351.56,351.98,351.37,351.39,244557.0
10:06,352.51,352.84,351.57,351.57,404071.0
10:07,353.1,353.27,352.4,352.51,399570.0
10:08,353.33,353.4,352.77,353.1,272910.0
10:09,353.56,353.69,353.24,353.36,382485.0
10:10,353.73,354.23,353.53,353.61,467595.0
10:11,354.08,354.56,353.63,353.68,410701.0
10:12,354.75,355.26,354.08,354.13,599656.0
10:13,355.14,355.6,354.68,354.69,450048.0
10:14,354.65,355.65,354.42,355.14,559750.0
10:15,354.18,354.97,354.13,354.66,414391.0
10:16,354.36,354.48,353.66,354.21,386516.0
10:17,354.7,354.72,354.07,354.36,254538.0
10:18,354.99,355.39,353.99,354.7,507789.0
10:19,354.19,355.29,353.84,354.96,398759.0
10:20,355.14,355.2,353.84,354.18,310093.0
10:21,356.26,356.3,355.02,355.11,741119.0
10:22,356.59,357.25,356.22,356.27,682783.0
10:23,356.76,357.28,356.4,356.59,419219.0
10:24,357.07,357.35,356.64,356.75,388338.0
10:25,357.55,357.63,356.78,357.12,450509.0
10:26,358.0,358.18,357.43,357.6,651467.0
10:27,358.83,358.87,357.7,357.97,703596.0
10:28,359.01,359.28,358.5,358.87,750400.0
10:29,358.88,359.2,358.52,358.96,455391.0
10:30,358.61,359.0,357.96,358.85,540489.0
10:31,358.32,358.68,358.01,358.61,321540.0
10:32,358.23,358.95,358.16,358.33,330678.0
10:33,358.29,358.53,357.87,358.2,374304.0
10:34,358.49,358.88,358.15,358.28,363363.0
10:35,358.76,358.8,358.01,358.45,233086.0
10:36,358.34,358.92,358.14,358.8,286881.0
10:37,357.6,358.5,357.37,358.36,466965.0
10:38,357.85,357.9,357.17,357.61,345873.0
10:39,357.51,357.9,357.02,357.86,204697.0
10:40,358.61,358.88,357.35,357.5,381171.0
10:41,358.14,358.71,357.91,358.65,223319.0
10:42,358.38,358.54,357.77,358.15,183736.0
10:43,357.93,358.75,357.8,358.34,281421.0
10:44,357.89,358.2,357.81,357.94,189235.0
10:45,357.52,358.17,357.42,357.91,269399.0
10:46,357.65,357.92,357.52,357.56,106258.0
10:47,357.82,358.2,357.6,357.61,332740.0
10:48,358.09,358.39,357.75,357.76,410418.0
10:49,358.35,358.59,357.9,357.91,488095.0
10:50,359.82,359.9,358.38,358.4,836088.0
10:51,359.42,359.95,359.15,359.83,457686.0
10:52,359.3,359.84,359.2,359.43,361713.0
10:53,359.04,359.46,358.7,359.3,311012.0
10:54,359.74,359.75,358.98,359.06,242263.0
10:55,358.93,360.55,358.51,359.74,1174132.0
10:56,358.19,359.07,358.01,358.93,359367.0
10:57,358.62,358.74,358.08,358.23,241134.0
10:58,358.31,358.73,358.12,358.65,212460.0
10:59,358.81,358.87,358.3,358.34,207355.0
11:00,359.01,359.44,358.49,358.81,241120.0
11:01,358.99,359.05,358.38,359.01,202009.0
11:02,359.49,359.75,358.91,358.99,200535.0
11:03,359.24,359.55,359.08,359.48,147048.0
11:04,359.02,359.36,358.76,359.24,147020.0
11:05,359.75,360.01,358.8,359.03,361860.0
11:06,359.92,360.22,359.51,359.78,271605.0
11:07,359.88,360.38,359.5,359.95,444640.0
11:08,359.87,360.0,359.63,359.89,160607.0
11:09,359.91,360.0,359.64,359.87,193610.0
11:10,360.45,360.89,359.51,359.94,597686.0
11:11,361.26,361.49,360.39,360.5,571218.0
11:12,361.71,361.87,361.23,361.23,514284.0
11:13,362.44,362.69,361.68,361.73,699277.0
11:14,362.04,362.39,361.75,362.39,391535.0
11:15,362.18,362.32,361.82,362.05,321147.0
11:16,362.86,362.88,361.96,362.21,439608.0
11:17,362.92,363.22,362.54,362.84,536965.0
11:18,362.97,363.3,362.9,362.93,274445.0
11:19,363.13,363.23,362.82,362.86,1.0
11:20,362.95,363.24,362.67,363.14,239485.0
11:21,362.17,363.1,362.13,362.95,295133.0
11:22,362.4,362.44,361.88,362.2,260090.0
11:23,362.53,362.6,362.11,362.33,142602.0
11:24,362.45,362.84,362.3,362.55,197322.0
11:25,362.68,363.0,362.45,362.45,198205.0
11:26,362.31,362.82,362.2,362.68,155783.0
11:27,361.98,362.5,361.91,362.32,212276.0
11:28,362.06,362.3,361.95,361.98,142236.0
11:29,361.63,362.09,361.47,362.05,319833.0
11:30,361.13,361.68,360.83,361.61,256498.0
11:31,361.15,361.47,361.0,361.16,180534.0
11:32,361.53,361.77,361.12,361.13,193311.0
11:33,361.12,361.6,360.99,361.56,165869.0
11:34,361.14,361.29,361.06,361.14,9799260.0
11:35,361.54,361.61,360.95,361.14,218456.0
11:36,361.67,361.7,361.35,361.54,176826.0
11:37,361.98,362.04,361.53,361.69,205478.0
11:38,361.8,362.0,361.51,361.98,198568.0
11:39,361.67,362.0,361.45,361.8,153645.0
11:40,361.79,361.93,361.54,361.66,98294.0
11:41,362.48,362.48,361.74,361.8,204961.0
11:42,362.46,362.7,362.33,362.48,220165.0
11:43,362.29,362.55,362.14,362.46,128636.0
11:44,362.44,362.51,362.27,362.32,122330.0
11:45,362.33,362.66,362.07,362.42,140026.0
11:46,362.59,362.6,362.21,362.44,131960.0
11:47,362.75,362.75,362.36,362.59,172085.0
11:48,362.65,362.8,362.45,362.75,149769.0
11:49,362.51,362.76,362.31,362.61,138027.0
11:50,363.13,363.38,362.51,362.52,391523.0
11:51,363.3,363.37,363.06,363.12,218838.0
11:52,362.97,363.57,362.95,363.3,255460.0
11:53,362.56,362.98,362.52,362.95,258217.0
11:54,362.25,362.65,362.21,362.56,252848.0
11:55,362.32,362.55,362.21,362.29,168956.0
11:56,362.23,362.44,362.11,362.32,189598.0
11:57,362.18,362.35,361.86,362.21,209961.0
11:58,362.53,362.75,362.07,362.13,165593.0
11:59,362.43,362.65,362.41,362.51,116505.0
12:00,361.83,362.54,361.8,362.43,223063.0
12:01,361.71,361.96,361.7,361.83,151649.0
12:02,361.82,361.95,361.59,361.72,136693.0
12:03,361.85,362.16,361.7,361.83,157422.0
12:04,361.72,361.93,361.6,361.85,157054.0
12:05,361.86,361.99,361.52,361.71,150193.0
12:06,361.84,361.88,361.6,361.86,84462.0
12:07,361.89,362.14,361.76,361.84,169190.0
12:08,361.98,362.18,361.86,361.93,154952.0
12:09,362.28,362.54,361.91,362.0,191181.0
12:10,362.14,362.48,362.14,362.27,133201.0
12:11,362.19,362.3,362.11,362.2,75362.0
12:12,362.33,362.38,362.03,362.23,145837.0
12:13,362.62,362.64,362.2,362.35,113592.0
12:14,362.57,362.74,362.5,362.6,122051.0
12:15,362.33,362.58,362.26,362.58,113971.0
12:16,362.54,362.6,362.2,362.33,92691.0
12:17,362.41,362.8,362.34,362.54,129193.0
12:18,362.58,362.68,362.25,362.39,113956.0
12:19,362.73,362.78,362.51,362.59,84231.0
12:20,362.47,362.88,362.47,362.75,109033.0
12:21,362.59,362.63,362.34,362.5,91456.0
12:22,362.44,362.7,362.23,362.59,99817.0
12:23,362.02,362.45,361.93,362.42,156628.0
12:24,361.81,362.02,361.66,362.02,179022.0
12:25,361.55,361.87,361.55,361.79,123423.0
12:26,361.32,361.61,361.21,361.55,167646.0
12:27,361.24,361.41,361.11,361.32,167607.0
12:28,360.65,361.32,360.6,361.24,238334.0
12:29,360.41,360.82,360.32,360.65,222448.0
12:30,360.73,360.86,360.3,360.41,222662.0
12:31,360.51,360.94,360.44,360.73,180454.0
12:32,360.54,360.64,360.38,360.5,107334.0
12:33,360.82,360.85,360.44,360.58,117491.0
12:34,360.95,361.1,360.73,360.84,173644.0
12:35,360.5,360.94,360.5,360.94,112465.0
12:36,360.58,360.74,360.44,360.54,96809.0
12:37,360.38,360.59,360.37,360.57,147700.0
12:38,360.53,360.79,360.24,360.37,226462.0
12:39,360.55,360.77,360.5,360.53,87873.0
12:40,360.32,360.56,360.27,360.55,69458.0
12:41,360.75,360.85,360.31,360.32,122497.0
12:42,360.88,360.9,360.51,360.77,110736.0
12:43,360.77,360.92,360.69,360.87,72218.0
12:44,360.59,360.88,360.49,360.79,117149.0
12:45,360.47,360.63,360.18,360.56,110470.0
12:46,360.54,360.67,360.26,360.47,109806.0
12:47,360.65,360.74,360.53,360.57,81552.0
12:48,360.73,360.76,360.55,360.65,48275.0
12:49,361.19,361.34,360.68,360.72,198135.0
12:50,361.32,361.33,360.95,361.22,428187.0
12:51,361.58,361.73,361.3,361.33,192189.0
12:52,361.19,361.61,361.17,361.59,109456.0
12:53,361.42,361.5,361.18,361.22,76178.0
12:54,361.35,361.55,361.26,361.42,78111.0
12:55,361.12,361.35,361.12,361.34,96840.0
12:56,361.45,361.56,361.11,361.12,123061.0
12:57,361.65,361.68,361.25,361.44,143220.0
12:58,361.55,361.71,361.44,361.65,96444.0
12:59,361.84,361.84,361.37,361.55,87657.0
13:00,361.96,362.07,361.66,361.8,191942.0
13:01,362.11,362.25,361.86,361.99,144347.0
13:02,362.23,362.28,362.04,362.11,103890.0
13:03,361.97,362.33,361.9,362.24,172501.0
13:04,362.06,362.18,361.94,361.99,100280.0
13:05,362.05,362.21,361.93,362.1,110814.0
13:06,362.21,362.28,361.96,362.04,69707.0
13:07,362.15,362.3,362.09,362.25,75053.0
13:08,362.38,362.46,362.17,362.17,99946.0
13:09,362.43,362.58,362.27,362.4,108467.0
13:10,362.36,362.49,362.14,362.47,99105.0
13:11,362.52,362.63,362.38,362.4,120223.0
13:12,362.9,362.96,362.42,362.52,177346.0
13:13,363.16,363.24,362.91,362.91,292504.0
13:14,363.09,363.24,362.76,363.17,195127.0
13:15,362.87,363.17,362.68,363.11,137238.0
13:16,362.95,363.34,362.82,362.88,188187.0
13:17,363.67,363.8,362.84,362.95,299147.0
13:18,363.74,363.89,363.6,363.65,267652.0
13:19,363.61,363.84,363.53,363.73,138852.0
13:20,363.62,363.94,363.6,363.68,184056.0
13:21,363.42,363.75,363.28,363.61,161249.0
13:22,363.69,363.8,363.26,363.4,153618.0
13:23,363.87,363.98,363.5,363.74,263906.0
13:24,364.09,364.26,363.85,363.88,355749.0
13:25,364.09,364.15,363.77,364.08,174782.0
13:26,363.73,364.1,363.63,364.07,205726.0
13:27,364.18,364.3,363.73,363.75,270910.0
13:28,364.08,364.32,364.0,364.16,220504.0
13:29,364.09,364.12,363.74,364.06,208439.0
13:30,364.07,364.1,363.83,364.08,134845.0
13:31,363.84,364.09,363.66,364.06,146202.0
13:32,363.78,364.18,363.76,363.85,170654.0
13:33,364.04,364.15,363.73,363.8,136980.0
13:34,363.99,364.1,363.82,363.99,122412.0
13:35,364.08,364.15,363.96,363.98,119616.0
13:36,364.6,364.62,364.0,364.07,259659.0
13:37,364.77,364.87,364.55,364.6,241337.0
13:38,365.3,365.81,364.75,364.77,852612.0
13:39,365.13,365.39,364.92,365.26,320798.0
13:40,366.61,366.66,365.02,365.12,664858.0
13:41,366.3,366.63,366.04,366.6,405842.0
13:42,366.08,366.57,365.86,366.28,299686.0
13:43,366.32,366.55,365.86,366.07,229671.0
13:44,366.19,366.33,366.06,366.33,155202.0
13:45,365.75,366.22,365.69,366.19,218091.0
13:46,365.74,365.87,365.46,365.77,251927.0
13:47,365.81,366.26,365.69,365.75,297390.0
13:48,365.86,366.13,365.61,365.79,183915.0
13:49,365.86,366.23,365.71,365.86,209022.0
13:50,366.29,366.36,365.84,365.87,163284.0
13:51,365.87,366.26,365.66,366.26,259826.0
13:52,365.78,365.94,365.53,365.86,178008.0
13:53,366.29,366.31,365.7,365.76,216273.0
13:54,366.44,366.57,366.27,366.29,255927.0
13:55,366.36,366.45,366.13,366.41,140119.0
13:56,366.18,366.37,366.11,366.35,117704.0
13:57,366.04,366.4,366.02,366.17,165990.0
13:58,366.29,366.34,365.89,366.04,149612.0
13:59,366.09,366.35,366.03,366.32,105684.0
14:00,365.88,366.12,365.73,366.05,246584.0
14:01,365.77,366.1,365.48,365.88,277927.0
14:02,366.1,366.14,365.65,365.76,187626.0
14:03,366.23,366.25,365.79,366.02,239797.0
14:04,366.36,366.37,365.93,366.28,291968.0
14:05,365.95,366.36,365.93,366.36,169980.0
14:06,366.13,366.19,365.88,365.94,121862.0
14:07,366.1,366.35,365.95,366.11,142755.0
14:08,366.14,366.3,365.98,366.11,110838.0
14:09,366.37,366.5,366.13,366.15,181973.0
14:10,366.46,366.54,366.25,366.36,170922.0
14:11,366.92,366.95,366.41,366.47,322670.0
14:12,366.87,367.19,366.77,366.92,419242.0
14:13,367.15,367.19,366.85,366.88,152072.0
14:14,367.43,367.44,366.79,367.15,425574.0
14:15,367.33,367.59,367.14,367.43,298838.0
14:16,367.4,367.64,367.27,367.32,242104.0
14:17,367.33,367.63,367.18,367.45,207226.0
14:18,366.84,367.42,366.78,367.33,275510.0
14:19,366.82,367.07,366.77,366.85,157440.0
14:20,366.18,366.84,366.15,366.83,317730.0
14:21,365.94,366.28,365.85,366.17,257415.0
14:22,365.55,366.04,365.51,365.94,239433.0
14:23,365.22,365.58,365.22,365.53,270325.0
14:24,365.28,365.57,365.22,365.23,199365.0
14:25,365.46,365.69,365.21,365.25,184048.0
14:26,365.02,365.55,364.91,365.44,290562.0
14:27,365.0,365.11,364.78,365.02,147271.0
14:28,365.15,365.27,364.86,365.0,168467.0
14:29,365.26,365.36,364.93,365.21,128675.0
14:30,365.01,365.49,365.0,365.22,177153.0
14:31,365.29,365.59,364.92,365.01,187193.0
14:32,365.39,365.48,365.2,365.29,119154.0
14:33,365.48,365.5,365.28,365.39,107628.0
14:34,365.25,365.5,365.1,365.48,104761.0
14:35,365.16,365.3,365.1,365.28,92944.0
14:36,365.43,365.47,364.95,365.17,198708.0
14:37,366.1,366.17,365.4,365.42,253571.0
14:38,366.02,366.17,365.9,366.13,145171.0
14:39,366.36,366.36,366.01,366.03,161072.0
14:40,366.35,366.42,366.17,366.36,148391.0
14:41,366.14,366.37,366.02,366.35,229350.0
14:42,366.3,366.32,366.05,366.15,97297.0
14:43,366.41,366.55,366.3,366.3,170214.0
14:44,366.35,366.46,366.26,366.43,110712.0
14:45,366.16,366.33,366.05,366.33,125770.0
14:46,366.38,366.5,366.04,366.16,112657.0
14:47,366.2,366.43,366.09,366.38,122362.0
14:48,366.27,366.29,366.03,366.17,99502.0
14:49,366.13,366.45,366.08,366.27,139951.0
14:50,366.47,366.59,366.13,366.13,152301.0
14:51,366.44,366.52,366.21,366.5,124935.0
14:52,366.48,366.83,366.46,366.46,199053.0
14:53,366.54,366.6,366.4,366.48,106340.0
14:54,366.65,366.72,366.37,366.54,114665.0
14:55,367.19,367.2,366.47,366.65,273002.0
14:56,367.21,367.28,366.95,367.2,183731.0
14:57,367.08,367.35,367.05,367.2,183180.0
14:58,367.26,367.36,367.05,367.07,147338.0
14:59,367.36,367.38,367.17,367.23,136564.0
15:00,367.38,367.55,367.24,367.32,200404.0
15:01,367.21,367.4,367.08,367.38,160040.0
15:02,366.89,367.36,366.86,367.2,209961.0
15:03,366.98,367.15,366.84,366.88,142841.0
15:04,366.75,367.03,366.65,367.02,155278.0
15:05,366.74,366.81,366.57,366.78,160543.0
15:06,367.21,367.23,366.71,366.74,143780.0
15:07,366.99,367.19,366.92,367.19,132363.0
15:08,366.65,367.04,366.6,367.01,141244.0
15:09,366.64,366.92,366.48,366.62,191200.0
15:10,366.46,366.7,366.29,366.62,211301.0
15:11,366.57,366.75,366.41,366.41,114535.0
15:12,366.28,366.59,366.22,366.58,144520.0
15:13,365.87,366.33,365.8,366.29,270827.0
15:14,366.12,366.12,365.77,365.87,169849.0
15:15,366.22,366.36,365.89,366.1,188541.0
15:16,366.21,366.62,366.15,366.23,196532.0
15:17,366.52,366.53,366.14,366.21,134313.0
15:18,366.76,366.87,366.51,366.52,175894.0
15:19,366.95,367.06,366.73,366.78,188546.0
15:20,367.54,367.54,366.86,366.93,250271.0
15:21,368.02,368.23,367.5,367.51,613420.0
15:22,368.13,368.35,367.99,368.01,340542.0
15:23,367.69,368.29,367.62,368.11,296449.0
15:24,367.15,367.74,367.06,367.69,314960.0
15:25,366.9,367.32,366.75,367.11,267183.0
15:26,366.46,366.93,366.39,366.9,223147.0
15:27,366.73,367.13,366.43,366.44,375559.0
15:28,366.9,367.0,366.68,366.73,156919.0
15:29,367.07,367.29,366.92,366.93,190983.0
15:30,367.17,367.36,366.9,367.07,161001.0
15:31,367.05,367.17,366.72,367.13,184955.0
15:32,366.85,367.14,366.82,367.05,109328.0
15:33,366.92,366.96,366.77,366.86,102132.0
15:34,366.62,367.15,366.5,366.91,233358.0
15:35,366.31,366.69,366.24,366.61,235730.0
15:36,366.43,366.77,366.15,366.28,219292.0
15:37,366.42,366.57,366.21,366.41,134814.0
15:38,366.41,366.48,366.28,366.44,108995.0
15:39,366.2,366.52,366.15,366.42,173426.0
15:40,366.39,366.66,366.17,366.2,191802.0
15:41,366.04,366.39,366.01,366.34,165638.0
15:42,366.01,366.16,365.82,366.04,242743.0
15:43,365.93,366.02,365.86,366.02,142212.0
15:44,366.05,366.17,365.91,365.95,154036.0
15:45,366.17,366.46,366.03,366.05,203755.0
15:46,366.24,366.33,366.01,366.17,133698.0
15:47,366.12,366.5,366.1,366.24,147803.0
15:48,366.3,366.38,366.08,366.14,186112.0
15:49,366.74,366.74,366.23,366.29,235297.0
15:50,367.12,367.16,366.62,366.72,391880.0
15:51,367.02,367.16,366.77,367.11,261133.0
15:52,367.26,367.28,367.05,367.08,274135.0
15:53,367.36,367.46,367.12,367.27,254350.0
15:54,367.88,368.1,367.34,367.35,563926.0
15:55,367.74,368.1,367.64,367.91,410075.0
15:56,367.9,367.93,367.3,367.74,463497.0
15:57,368.31,368.39,367.79,367.91,533879.0
15:58,368.26,368.48,368.22,368.31,475804.0
15:59,368.8,368.99,368.26,368.26,1231904.0
