Time,Close,High,Low,Open,Volume
09:30,415.47,416.25,413.87,414.49,19589398.0
09:31,415.78,417.0,414.56,415.39,3903549.0
09:32,415.93,416.63,415.37,415.78,257308.0
09:33,414.44,416.79,414.1,416.6,980700.0
09:34,413.62,414.76,413.17,414.44,693696.0
09:35,412.57,414.4,412.48,413.61,661305.0
09:36,411.75,413.62,411.6,412.53,841341.0
09:37,412.32,412.69,411.43,411.74,595308.0
09:38,411.91,413.5,411.73,412.29,627552.0
09:39,412.52,412.76,411.7,411.91,413467.0
09:40,412.76,413.06,412.31,412.5,363849.0
09:41,413.19,413.29,411.65,412.8,498030.0
09:42,413.4,413.55,412.7,413.1,392892.0
09:43,412.3,413.59,412.26,413.35,437483.0
09:44,412.78,413.56,412.03,412.34,389932.0
09:45,414.25,414.45,412.82,414.25,4750181.0
09:46,415.39,415.55,413.83,414.27,626522.0
09:47,413.89,415.66,413.84,415.39,598579.0
09:48,414.11,414.79,413.75,413.89,345786.0
09:49,413.2,414.22,412.92,414.15,378753.0
09:50,413.4,414.29,413.0,413.14,474237.0
09:51,414.42,414.55,413.19,413.4,380113.0
09:52,415.86,416.11,414.3,414.48,651574.0
09:53,417.41,417.74,415.65,415.86,808959.0
09:54,416.55,417.94,416.35,417.42,793731.0
09:55,417.51,417.84,416.53,416.61,536332.0
09:56,415.68,417.6,415.52,417.53,472680.0
09:57,415.15,416.61,415.1,415.73,510729.0
09:58,415.93,416.32,414.85,415.15,403532.0
09:59,415.99,416.2,415.59,415.99,242411.0
10:00,417.14,417.35,415.62,416.0,504218.0
10:01,417.58,417.93,416.86,417.05,438826.0
10:02,419.19,419.22,417.61,417.62,753867.0
10:03,418.62,419.35,418.28,419.11,576403.0
10:04,419.02,419.58,418.54,418.57,505080.0
10:05,418.02,419.32,418.02,418.99,423768.0
10:06,418.44,418.85,417.88,418.05,312494.0
10:07,418.05,418.67,417.9,418.46,317447.0
10:08,418.99,418.99,417.6,418.02,411920.0
10:09,416.93,419.41,416.74,419.0,555919.0
10:10,416.32,417.01,415.87,416.86,461552.0
10:11,416.22,416.42,415.86,416.29,309379.0
10:12,414.9,416.73,414.75,416.27,474547.0
10:13,414.65,415.24,414.4,414.96,416624.0
10:14,414.75,415.39,414.32,414.66,318688.0
10:15,414.17,415.15,413.9,414.75,367159.0
10:16,413.61,414.24,413.41,414.17,320346.0
10:17,413.91,414.54,413.25,413.56,316345.0
10:18,414.08,414.89,413.93,413.97,307712.0
10:19,413.95,414.46,413.54,414.08,271635.0
10:20,413.72,414.56,413.39,413.97,285042.0
10:21,414.05,414.32,413.62,413.64,140602.0
10:22,414.83,414.95,413.97,414.05,233671.0
10:23,414.85,415.19,414.66,414.8,216238.0
10:24,414.93,415.3,414.36,414.85,271794.0
10:25,415.5,415.64,414.8,415.0,211986.0
10:26,416.63,416.66,415.25,415.47,366461.0
10:27,416.89,417.22,416.49,416.63,388391.0
10:28,417.1,417.42,416.63,416.83,294828.0
10:29,416.17,417.19,415.89,417.13,339366.0
10:30,416.9,417.1,416.01,416.21,221899.0
10:31,416.67,416.93,416.17,416.9,212362.0
10:32,417.04,417.23,416.55,416.65,209017.0
10:33,416.65,417.3,416.6,417.01,212215.0
10:34,417.7,417.79,416.62,416.7,302392.0
10:35,418.45,418.59,417.71,417.71,417921.0
10:36,418.45,418.7,417.9,418.44,305210.0
10:37,418.12,418.53,418.03,418.49,172769.0
10:38,417.25,418.25,417.0,418.11,326553.0
10:39,417.6,417.79,417.16,417.24,191001.0
10:40,417.96,418.58,417.54,417.61,260301.0
10:41,417.34,418.11,417.21,417.96,225250.0
10:42,417.85,417.99,417.36,417.36,151216.0
10:43,418.31,418.37,417.78,417.89,235620.0
10:44,418.77,418.85,418.03,418.31,285317.0
10:45,417.97,419.25,417.75,418.72,463401.0
10:46,418.55,418.67,417.87,417.96,197751.0
10:47,419.41,419.42,418.46,418.55,258363.0
10:48,420.31,420.7,419.23,419.4,1048788.0
10:49,420.98,421.08,420.28,420.32,461791.0
10:50,420.95,421.15,420.51,420.97,387236.0
10:51,420.43,421.06,420.1,420.92,369518.0
10:52,420.39,420.71,420.17,420.45,232090.0
10:53,419.96,420.66,419.85,420.4,334161.0
10:54,419.89,420.22,419.69,419.98,255224.0
10:55,419.5,420.09,419.35,419.89,233157.0
10:56,419.95,419.99,419.26,419.5,224016.0
10:57,419.24,420.19,419.08,419.95,269003.0
10:58,419.05,419.53,418.69,419.28,264787.0
10:59,418.48,419.34,418.09,419.06,288469.0
11:00,417.4,418.51,417.35,418.51,320569.0
11:01,417.74,417.85,417.27,417.46,284774.0
11:02,417.27,417.86,417.05,417.73,204257.0
11:03,417.26,417.5,416.82,417.23,270433.0
11:04,417.27,417.8,417.19,417.26,222466.0
11:05,417.64,417.85,417.26,417.31,184783.0
11:06,417.44,417.84,417.32,417.64,162869.0
11:07,417.26,417.76,417.15,417.47,125971.0
11:08,417.53,417.68,417.15,417.17,132242.0
11:09,416.84,417.61,416.56,417.54,244006.0
11:10,417.69,417.75,416.74,416.86,191778.0
11:11,418.36,418.41,417.59,417.67,302050.0
11:12,418.63,418.75,418.3,418.36,316613.0
11:13,418.4,418.74,418.13,418.64,178562.0
11:14,419.61,419.65,418.15,418.4,343712.0
11:15,419.68,419.79,419.25,419.61,245605.0
11:16,420.62,420.85,419.66,419.71,1075997.0
11:17,419.72,420.65,419.57,420.62,313490.0
11:18,419.3,419.79,419.11,419.7,259664.0
11:19,419.93,419.96,419.11,419.26,237868.0
11:20,420.27,420.39,419.89,420.0,261067.0
11:21,420.21,420.44,420.02,420.3,203678.0
11:22,420.54,420.88,420.09,420.23,307294.0
11:23,420.28,420.97,420.22,420.53,235265.0
11:24,419.48,420.35,419.39,420.26,383818.0
11:25,419.88,419.99,419.12,419.48,224797.0
11:26,420.3,420.42,419.82,419.89,190747.0
11:27,419.24,420.45,419.2,420.25,181490.0
11:28,419.07,419.51,418.9,419.29,191829.0
11:29,418.58,419.17,418.54,419.04,301377.0
11:30,419.02,419.02,418.6,418.6,129696.0
11:31,418.53,419.2,418.53,419.0,144356.0
11:32,418.07,418.68,418.0,418.53,262827.0
11:33,418.1,418.3,417.89,418.12,233094.0
11:34,418.33,418.43,417.86,418.16,136562.0
11:35,418.14,418.58,417.96,418.39,157413.0
11:36,418.1,418.43,418.03,418.09,143823.0
11:37,418.24,418.39,417.95,418.11,120723.0
11:38,418.67,418.95,418.2,418.26,190158.0
11:39,419.13,419.13,418.44,418.67,185494.0
11:40,418.83,419.37,418.8,419.14,182399.0
11:41,418.02,418.84,417.94,418.84,306840.0
11:42,417.79,418.17,417.53,418.09,228904.0
11:43,417.69,417.9,417.6,417.73,134916.0
11:44,417.87,417.87,417.45,417.64,157298.0
11:45,417.37,417.88,417.06,417.87,160686.0
11:46,417.33,417.52,417.08,417.41,148912.0
11:47,417.65,417.84,417.33,417.35,129850.0
11:48,418.05,418.14,417.66,417.67,155840.0
11:49,418.07,418.44,418.01,418.06,151474.0
11:50,418.03,418.29,417.63,418.09,140834.0
11:51,418.34,418.46,417.96,418.04,126233.0
11:52,418.58,418.63,418.14,418.31,136460.0
11:53,418.63,418.82,418.5,418.58,126150.0
11:54,418.81,419.0,418.25,418.6,143408.0
11:55,418.97,419.13,418.68,418.78,154307.0
11:56,419.14,419.38,418.81,418.98,226785.0
11:57,418.8,419.35,418.74,419.09,163609.0
11:58,418.61,418.79,418.4,418.79,153326.0
11:59,419.63,419.66,418.46,418.61,198513.0
12:00,420.06,420.63,419.55,419.61,444699.0
12:01,419.81,420.32,419.79,420.08,224169.0
12:02,419.19,420.07,419.1,419.89,199904.0
12:03,418.88,419.23,418.69,419.23,236969.0
12:04,418.39,418.92,418.2,418.88,220033.0
12:05,418.36,418.69,418.1,418.38,153119.0
12:06,418.73,418.82,418.39,418.41,107287.0
12:07,418.9,419.18,418.74,418.74,167615.0
12:08,419.58,419.75,418.74,418.91,256839.0
12:09,419.95,420.2,419.56,419.56,242061.0
12:10,419.69,420.26,419.53,419.97,996988.0
12:11,419.18,419.68,419.08,419.68,161348.0
12:12,419.48,419.59,419.12,419.22,124497.0
12:13,419.75,419.93,419.21,419.46,172610.0
12:14,419.86,419.87,419.55,419.73,80023.0
12:15,419.52,419.95,419.52,419.81,114209.0
12:16,420.02,420.3,419.43,419.51,245342.0
12:17,419.92,420.1,419.74,419.98,103297.0
12:18,419.87,419.92,419.58,419.9,112320.0
12:19,420.45,420.55,419.85,419.85,246192.0
12:20,419.83,420.49,419.78,420.43,169403.0
12:21,419.81,420.0,419.67,419.8,106646.0
12:22,419.88,420.02,419.7,419.8,102912.0
12:23,420.21,420.3,419.81,419.88,109545.0
12:24,419.88,420.3,419.79,420.23,145099.0
12:25,420.09,420.19,419.8,419.87,103445.0
12:26,419.95,420.29,419.72,420.1,116471.0
12:27,420.16,420.18,419.8,419.95,219985.0
12:28,420.06,420.45,419.88,420.15,165754.0
12:29,420.13,420.3,419.93,420.1,85135.0
12:30,420.25,420.79,420.05,420.14,289713.0
12:31,420.65,421.39,420.22,420.25,488975.0
12:32,421.23,421.25,420.22,420.68,231906.0
12:33,420.88,421.66,420.88,421.22,306985.0
12:34,421.06,421.26,420.75,420.87,168010.0
12:35,420.46,421.05,420.43,421.05,173527.0
12:36,421.05,421.13,420.43,420.43,150211.0
12:37,421.48,421.87,421.01,421.02,305083.0
12:38,421.89,421.97,421.4,421.48,240864.0
12:39,422.05,422.12,421.67,421.87,381509.0
12:40,421.47,422.07,421.38,422.01,217391.0
12:41,420.63,421.56,420.53,421.47,242178.0
12:42,421.05,421.26,420.4,420.61,218296.0
12:43,420.46,421.23,420.41,420.97,199963.0
12:44,420.57,420.66,420.28,420.46,180589.0
12:45,420.44,420.6,420.14,420.57,140447.0
12:46,420.53,420.63,420.3,420.49,127356.0
12:47,420.89,420.97,420.52,420.55,164448.0
12:48,419.37,420.96,419.33,420.96,403312.0
12:49,419.55,419.69,419.31,419.31,144074.0
12:50,419.51,419.81,419.43,419.55,237676.0
12:51,419.6,419.78,419.35,419.5,149848.0
12:52,419.11,419.69,419.03,419.61,144151.0
12:53,418.9,419.27,418.65,419.17,211274.0
12:54,418.82,418.99,418.6,418.86,164211.0
12:55,418.67,419.15,418.62,418.83,169733.0
12:56,418.74,418.84,418.3,418.64,176258.0
12:57,418.32,418.74,418.28,418.74,128178.0
12:58,418.52,418.65,418.09,418.33,137897.0
12:59,418.69,418.76,418.38,418.52,146477.0
13:00,419.11,419.49,418.5,418.65,225498.0
13:01,419.33,419.5,418.88,419.01,152823.0
13:02,419.7,419.85,419.38,419.4,201282.0
13:03,419.64,419.91,419.61,419.7,116660.0
13:04,420.08,420.08,419.63,419.64,138837.0
13:05,420.04,420.29,419.73,420.07,138380.0
13:06,419.93,420.13,419.65,420.07,128742.0
13:07,419.93,420.13,419.81,419.91,93383.0
13:08,420.11,420.15,419.89,419.95,92556.0
13:09,420.1,420.2,419.86,420.09,117221.0
13:10,420.33,420.35,419.85,420.14,132158.0
13:11,420.52,420.78,420.29,420.35,190276.0
13:12,420.61,420.68,420.34,420.53,119393.0
13:13,420.45,420.72,420.36,420.6,536844.0
13:14,419.74,420.7,419.7,420.46,181943.0
13:15,419.17,419.78,419.11,419.74,187584.0
13:16,419.07,419.3,419.01,419.18,105804.0
13:17,418.96,419.09,418.81,419.08,143316.0
13:18,419.03,419.13,418.79,418.97,77151.0
13:19,418.99,419.28,418.95,418.99,114789.0
13:20,418.62,419.1,418.58,418.99,128764.0
13:21,418.68,418.99,418.53,418.62,147847.0
13:22,418.92,419.03,418.45,418.64,157374.0
13:23,418.55,419.15,418.52,418.92,137464.0
13:24,418.57,418.79,418.49,418.55,100344.0
13:25,418.97,419.11,418.58,418.58,108928.0
13:26,418.73,419.23,418.7,418.98,93395.0
13:27,418.65,418.85,418.48,418.73,101359.0
13:28,418.64,418.81,418.49,418.65,58521.0
13:29,418.78,418.8,418.38,418.61,103137.0
13:30,418.82,419.0,418.72,418.77,99714.0
13:31,419.26,419.41,418.78,418.84,177090.0
13:32,419.42,419.49,419.21,419.28,123169.0
13:33,419.11,419.46,419.08,419.42,103262.0
13:34,418.58,419.16,418.25,419.11,197317.0
13:35,418.51,418.67,418.41,418.65,115968.0
13:36,418.77,418.98,418.32,418.51,115583.0
13:37,418.29,418.88,418.25,418.77,135123.0
13:38,418.63,418.63,418.03,418.3,137348.0
13:39,418.3,418.68,418.11,418.59,94869.0
13:40,418.23,418.3,417.86,418.3,227561.0
13:41,418.3,418.44,418.07,418.21,103594.0
13:42,418.45,418.76,418.19,418.29,130563.0
13:43,418.35,418.62,418.15,418.48,88974.0
13:44,418.75,419.1,418.43,418.47,175879.0
13:45,418.57,418.98,418.54,418.74,111850.0
13:46,418.62,419.05,418.45,418.54,124178.0
13:47,418.27,418.8,418.2,418.66,96582.0
13:48,418.08,418.42,418.01,418.29,75237.0
13:49,417.79,418.13,417.7,418.13,160235.0
13:50,417.78,417.99,417.55,417.78,110805.0
13:51,417.87,417.92,417.5,417.77,128385.0
13:52,417.88,418.05,417.78,417.85,97069.0
13:53,417.86,417.97,417.68,417.88,79507.0
13:54,418.09,418.34,417.84,417.88,99827.0
13:55,418.2,418.28,417.85,418.11,151586.0
13:56,417.83,418.27,417.66,418.17,78309.0
13:57,418.07,418.1,417.61,417.83,80284.0
13:58,417.84,418.1,417.77,418.08,50206.0
13:59,417.94,418.01,417.68,417.83,66565.0
14:00,417.75,418.22,417.63,417.95,121538.0
14:01,418.08,418.14,417.75,417.83,84708.0
14:02,417.85,418.22,417.81,418.0,102193.0
14:03,418.27,418.36,417.85,417.85,108826.0
14:04,418.61,418.7,418.25,418.29,131309.0
14:05,418.43,418.68,418.39,418.61,74859.0
14:06,418.52,418.54,418.2,418.48,83427.0
14:07,418.84,418.88,418.45,418.55,136185.0
14:08,418.82,418.97,418.7,418.85,111670.0
14:09,418.93,419.08,418.79,418.82,112287.0
14:10,418.89,419.1,418.84,418.92,93736.0
14:11,419.1,419.27,418.86,418.86,114847.0
14:12,418.92,419.19,418.61,419.07,108381.0
14:13,418.83,419.0,418.72,418.92,64284.0
14:14,419.03,419.11,418.79,418.83,156803.0
14:15,419.21,419.25,419.0,419.01,109113.0
14:16,419.27,419.38,419.09,419.24,120266.0
14:17,419.32,419.6,419.16,419.24,148007.0
14:18,419.42,419.53,419.32,419.35,103992.0
14:19,419.68,419.77,419.27,419.45,125725.0
14:20,419.66,419.76,419.53,419.69,130126.0
14:21,419.27,419.73,419.23,419.66,101732.0
14:22,419.36,419.48,419.07,419.31,89905.0
14:23,419.28,419.36,419.15,419.36,64460.0
14:24,419.4,419.48,419.23,419.34,66498.0
14:25,420.06,420.14,419.38,419.4,226464.0
14:26,419.87,420.08,419.72,420.05,107921.0
14:27,419.53,419.9,419.43,419.85,110695.0
14:28,419.09,419.54,419.08,419.51,107043.0
14:29,418.88,419.13,418.8,419.08,133346.0
14:30,418.51,418.91,418.46,418.86,152637.0
14:31,418.49,418.71,418.42,418.53,104775.0
14:32,418.75,418.81,418.41,418.47,125963.0
14:33,418.94,418.94,418.62,418.73,113065.0
14:34,418.79,419.04,418.75,418.9,79562.0
14:35,418.53,418.86,418.45,418.82,83174.0
14:36,418.43,418.7,418.36,418.5,108779.0
14:37,418.84,418.89,418.45,418.45,92464.0
14:38,418.83,418.98,418.61,418.85,75999.0
14:39,418.88,418.98,418.75,418.82,77385.0
14:40,418.7,419.06,418.67,418.88,87915.0
14:41,418.99,419.15,418.67,418.69,116148.0
14:42,419.12,419.15,418.91,418.96,73066.0
14:43,419.01,419.29,418.99,419.1,128484.0
14:44,418.96,419.13,418.89,418.99,79484.0
14:45,419.39,419.39,418.75,418.97,105905.0
14:46,419.29,419.43,419.11,419.38,83200.0
14:47,418.96,419.3,418.92,419.28,90418.0
14:48,418.84,418.95,418.66,418.95,113992.0
14:49,419.04,419.1,418.77,418.83,76767.0
14:50,419.63,419.68,419.04,419.05,173871.0
14:51,419.48,419.74,419.48,419.61,129977.0
14:52,419.58,419.68,419.4,419.46,86119.0
14:53,419.64,419.67,419.44,419.58,110438.0
14:54,419.7,419.85,419.54,419.62,124636.0
14:55,419.74,419.79,419.52,419.71,94494.0
14:56,419.53,419.92,419.5,419.72,128919.0
14:57,419.89,419.97,419.47,419.55,118936.0
14:58,420.18,420.27,419.79,419.89,261723.0
14:59,420.12,420.2,419.98,420.18,121560.0
15:00,419.58,420.22,419.45,420.1,166840.0
15:01,420.06,420.08,419.46,419.58,126405.0
15:02,420.13,420.5,420.01,420.04,171373.0
15:03,420.05,420.22,419.96,420.14,145467.0
15:04,419.96,420.11,419.94,420.06,105450.0
15:05,420.28,420.29,419.85,419.96,121329.0
15:06,420.17,420.53,420.13,420.27,162969.0
15:07,420.02,420.3,419.94,420.16,129501.0
15:08,419.86,420.09,419.71,420.04,129189.0
15:09,419.86,420.04,419.72,419.87,130499.0
15:10,419.81,420.09,419.68,419.85,117695.0
15:11,419.71,419.86,419.51,419.83,151217.0
15:12,419.98,420.17,419.69,419.71,156879.0
15:13,420.12,420.3,419.92,420.0,150557.0
15:14,420.21,420.3,420.07,420.17,114276.0
15:15,420.31,420.32,420.0,420.2,141848.0
15:16,420.69,420.95,420.3,420.3,298803.0
15:17,420.33,420.71,420.31,420.7,137513.0
15:18,420.51,420.54,420.23,420.33,133540.0
15:19,420.46,420.51,420.14,420.51,118433.0
15:20,420.46,420.67,420.23,420.47,134825.0
15:21,420.31,420.54,420.29,420.48,94902.0
15:22,420.51,420.67,420.26,420.33,123316.0
15:23,420.41,420.62,420.33,420.55,111051.0
15:24,420.25,420.47,420.12,420.37,144450.0
15:25,420.28,420.31,420.12,420.25,91364.0
15:26,419.86,420.34,419.82,420.27,128782.0
15:27,419.88,419.93,419.71,419.88,126790.0
15:28,420.47,420.55,419.89,419.89,206773.0
15:29,420.55,420.85,420.34,420.53,208927.0
15:30,420.69,420.9,420.5,420.55,177473.0
15:31,421.27,421.36,420.6,420.68,338940.0
15:32,421.44,421.5,421.24,421.29,230507.0
15:33,422.4,422.55,421.41,421.44,645852.0
15:34,422.32,422.51,421.95,422.4,362421.0
15:35,421.9,422.5,421.85,422.32,371293.0
15:36,422.14,422.58,421.88,421.92,325709.0
15:37,422.48,422.67,422.0,422.17,297894.0
15:38,423.04,423.25,422.42,422.47,518433.0
15:39,422.81,423.18,422.75,423.04,318477.0
15:40,422.78,423.03,422.61,422.81,301511.0
15:41,422.85,423.17,422.62,422.79,294235.0
15:42,422.83,423.0,422.59,422.85,264105.0
15:43,422.33,423.01,422.32,422.88,278248.0
15:44,422.33,422.65,422.24,422.33,238695.0
15:45,422.66,422.91,422.2,422.31,315138.0
15:46,422.32,422.73,422.29,422.62,185831.0
15:47,422.07,422.6,422.06,422.35,286865.0
15:48,422.12,422.2,421.87,422.08,254064.0
15:49,422.48,422.54,422.05,422.16,226980.0
15:50,421.69,423.0,421.63,422.52,356897.0
15:51,421.75,421.97,421.5,421.71,230481.0
15:52,421.58,421.99,421.35,421.75,266447.0
15:53,421.11,421.61,420.9,421.57,312061.0
15:54,421.64,422.02,420.92,421.09,424649.0
15:55,421.7,421.83,421.16,421.79,287069.0
15:56,421.79,421.9,421.56,421.67,313114.0
15:57,421.62,421.85,421.4,421.76,336071.0
15:58,421.28,421.64,421.26,421.61,364255.0
15:59,421.55,421.66,421.19,421.28,764234.0
