Time,Close,High,Low,Open,Volume
09:30,468.81,470.75,467.0,470.54,12836333.0
09:31,467.27,469.43,466.7,468.93,802604.0
09:32,466.43,467.49,466.38,467.27,171993.0
09:33,468.55,469.61,467.0,469.31,1422582.0
09:34,466.12,468.53,466.0,468.44,592011.0
09:35,464.21,466.32,463.91,466.08,991579.0
09:36,462.16,464.16,462.03,464.16,872880.0
09:37,461.84,463.08,461.74,462.17,719050.0
09:38,463.44,463.68,461.34,461.96,744338.0
09:39,462.46,464.42,462.42,463.46,646850.0
09:40,462.47,463.69,462.15,462.42,523342.0
09:41,460.44,462.9,459.66,462.46,959530.0
09:42,458.3,460.9,457.84,460.43,1016114.0
09:43,456.09,458.49,455.8,458.28,1016964.0
09:44,454.74,456.77,454.6,456.05,1188772.0
09:45,457.24,457.88,454.35,454.78,1.0
09:46,460.5,460.56,456.9,457.24,7499704.0
09:47,461.43,461.67,460.09,460.45,776021.0
09:48,460.86,461.75,460.45,461.46,748253.0
09:49,457.86,461.38,457.67,461.0,735457.0
09:50,456.92,458.25,456.66,457.84,638394.0
09:51,456.79,458.43,456.59,456.95,580256.0
09:52,456.81,457.73,455.69,456.92,656749.0
09:53,457.06,457.35,456.2,456.63,407919.0
09:54,456.05,458.23,455.79,457.05,553272.0
09:55,454.73,457.14,454.5,456.05,721785.0
09:56,453.88,454.9,453.38,454.73,755028.0
09:57,455.85,455.92,453.74,453.91,559648.0
09:58,457.45,457.55,455.76,455.84,533294.0
09:59,456.65,457.67,456.1,457.42,360040.0
10:00,457.75,457.75,456.12,456.73,388112.0
10:01,458.36,458.6,456.96,457.74,546181.0
10:02,457.08,458.42,456.68,458.35,365074.0
10:03,457.77,458.13,457.08,457.13,271234.0
10:04,458.95,459.32,457.78,457.88,503364.0
10:05,457.88,459.19,457.8,458.92,462888.0
10:06,456.42,458.45,455.87,457.87,532038.0
10:07,457.36,457.5,456.2,456.41,286893.0
10:08,458.22,458.26,457.12,457.3,271089.0
10:09,458.97,458.97,457.71,458.16,258467.0
10:10,458.91,459.52,458.26,458.91,375346.0
10:11,456.48,459.25,456.4,459.0,481048.0
10:12,456.51,457.35,456.4,456.54,312812.0
10:13,457.14,457.57,456.44,456.52,278035.0
10:14,456.44,457.24,456.14,457.21,281489.0
10:15,456.54,457.46,456.32,456.4,232095.0
10:16,456.75,457.05,455.85,456.59,366208.0
10:17,456.61,457.33,456.1,456.75,265222.0
10:18,456.89,457.18,456.34,456.68,203664.0
10:19,455.32,457.52,455.07,456.93,559962.0
10:20,453.68,456.1,453.66,455.27,599862.0
10:21,454.27,454.67,453.51,453.66,362274.0
10:22,454.77,455.25,453.77,454.3,332586.0
10:23,455.4,455.82,454.63,454.71,308045.0
10:24,454.47,455.69,454.24,455.4,295425.0
10:25,455.2,455.5,454.38,454.4,227031.0
10:26,454.93,455.36,454.76,455.08,191039.0
10:27,455.27,455.43,454.68,454.95,204099.0
10:28,454.7,455.69,454.7,455.39,259378.0
10:29,454.75,455.95,454.64,454.7,335973.0
10:30,454.01,455.43,453.55,454.75,417413.0
10:31,453.66,454.61,453.63,454.04,312594.0
10:32,452.7,454.38,452.62,453.64,509891.0
10:33,451.74,453.0,451.7,452.78,643951.0
10:34,452.08,452.48,451.7,451.7,436247.0
10:35,453.01,453.07,451.88,452.08,366937.0
10:36,452.83,453.6,452.49,453.03,349362.0
10:37,454.19,454.23,452.82,452.92,272506.0
10:38,453.8,454.18,453.4,454.18,215801.0
10:39,454.67,454.9,453.66,453.77,318996.0
10:40,455.52,455.52,454.65,454.67,328950.0
10:41,455.14,455.96,455.04,455.53,391349.0
10:42,455.59,455.75,454.8,455.14,283908.0
10:43,455.51,455.69,454.96,455.53,206408.0
10:44,455.57,455.79,455.08,455.5,186448.0
10:45,455.01,456.05,454.91,455.61,299780.0
10:46,453.18,454.99,453.0,454.99,391777.0
10:47,453.81,454.26,453.05,453.16,293053.0
10:48,454.45,454.49,453.81,453.81,219011.0
10:49,454.54,454.65,454.03,454.45,161285.0
10:50,453.41,454.61,453.33,454.55,189752.0
10:51,454.42,454.57,453.4,453.43,196498.0
10:52,454.82,454.98,454.12,454.51,176749.0
10:53,454.43,454.84,454.16,454.71,135409.0
10:54,453.58,454.61,453.3,454.42,210195.0
10:55,454.17,454.23,453.34,453.58,169946.0
10:56,452.92,454.24,452.88,454.21,262899.0
10:57,453.29,453.56,452.62,452.9,250224.0
10:58,452.95,453.43,452.7,453.23,183899.0
10:59,452.8,453.2,452.5,452.95,221089.0
11:00,453.48,453.48,451.97,452.79,403221.0
11:01,452.88,453.68,452.6,453.45,234244.0
11:02,451.54,453.02,451.54,452.81,328955.0
11:03,449.53,451.87,449.36,451.53,1082854.0
11:04,449.85,450.52,449.34,449.56,491647.0
11:05,450.57,450.79,449.89,449.89,387133.0
11:06,451.17,451.17,450.44,450.55,299791.0
11:07,452.25,452.3,451.15,451.2,290507.0
11:08,451.86,452.5,451.76,452.24,321850.0
11:09,452.28,452.58,451.71,451.86,292362.0
11:10,453.25,453.61,452.16,452.29,434119.0
11:11,452.99,453.26,452.36,453.2,275871.0
11:12,452.43,453.21,452.33,453.03,214456.0
11:13,453.39,453.44,452.43,452.46,269577.0
11:14,453.33,453.45,452.83,453.45,200742.0
11:15,453.48,453.48,452.95,453.36,160515.0
11:16,453.12,453.73,453.04,453.42,270568.0
11:17,453.65,453.68,452.9,453.2,165556.0
11:18,453.6,453.87,453.29,453.67,185606.0
11:19,453.64,453.97,453.43,453.58,169243.0
11:20,453.5,453.71,453.15,453.67,160350.0
11:21,453.32,453.75,453.02,453.47,177833.0
11:22,454.03,454.27,453.11,453.3,371470.0
11:23,454.05,454.25,453.99,454.06,206483.0
11:24,453.64,454.36,453.57,454.0,249787.0
11:25,452.09,453.72,452.04,453.63,368659.0
11:26,451.08,452.22,450.99,452.14,375521.0
11:27,451.45,451.87,451.04,451.08,236189.0
11:28,451.3,451.64,451.06,451.4,254334.0
11:29,450.3,451.37,450.15,451.3,318525.0
11:30,450.88,451.06,450.02,450.35,337844.0
11:31,450.63,451.14,450.46,450.88,246247.0
11:32,449.37,450.67,449.14,450.67,499699.0
11:33,449.45,449.89,448.7,449.35,484199.0
11:34,450.07,450.55,449.3,449.42,409987.0
11:35,449.13,450.26,448.85,450.12,300661.0
11:36,448.1,449.38,447.83,449.17,549450.0
11:37,446.67,448.25,446.2,448.12,624361.0
11:38,447.28,447.49,446.61,446.67,370840.0
11:39,446.43,447.61,446.11,447.29,517007.0
11:40,447.04,447.27,445.9,446.38,529092.0
11:41,448.0,448.25,447.08,447.08,510978.0
11:42,447.1,448.12,446.62,447.98,330820.0
11:43,447.48,447.53,446.53,447.1,309271.0
11:44,446.12,447.54,446.08,447.46,284823.0
11:45,446.65,446.65,445.98,446.1,364562.0
11:46,446.35,446.99,446.0,446.68,245699.0
11:47,444.92,446.48,444.88,446.27,750412.0
11:48,445.35,445.48,444.8,444.91,348514.0
11:49,444.98,445.79,444.73,445.24,307417.0
11:50,446.67,446.72,444.95,445.04,389573.0
11:51,445.58,446.75,445.5,446.64,366104.0
11:52,447.19,447.19,445.54,445.62,346142.0
11:53,447.85,447.99,446.92,447.14,291007.0
11:54,448.15,448.22,447.66,447.82,284046.0
11:55,448.4,448.77,448.03,448.11,329290.0
11:56,448.01,448.6,447.8,448.37,298806.0
11:57,448.38,448.45,447.93,448.02,161581.0
11:58,448.17,448.58,447.8,448.38,243116.0
11:59,447.58,448.36,447.58,448.18,198360.0
12:00,446.94,447.6,446.91,447.53,259532.0
12:01,447.04,447.56,446.84,446.96,185681.0
12:02,448.33,448.48,447.03,447.03,249719.0
12:03,448.91,449.0,448.2,448.4,352092.0
12:04,448.06,449.02,447.93,448.96,279089.0
12:05,446.93,448.11,446.62,447.96,281464.0
12:06,447.23,447.64,446.86,446.96,194939.0
12:07,448.45,448.58,446.82,447.23,218799.0
12:08,447.44,448.45,447.32,448.45,225560.0
12:09,448.1,448.1,447.45,447.47,130375.0
12:10,447.97,448.24,447.76,448.1,149555.0
12:11,447.9,448.38,447.66,447.97,169178.0
12:12,447.98,448.35,447.72,447.9,103259.0
12:13,447.72,448.34,447.49,448.13,152765.0
12:14,448.26,448.31,447.66,447.71,126633.0
12:15,448.23,448.5,448.11,448.19,171455.0
12:16,448.65,448.7,448.09,448.25,183326.0
12:17,448.2,448.65,447.9,448.6,203819.0
12:18,447.68,448.36,447.52,448.19,184534.0
12:19,448.19,448.27,447.62,447.68,155917.0
12:20,447.7,448.2,447.1,448.17,182452.0
12:21,446.91,447.7,446.88,447.65,171577.0
12:22,447.51,447.53,446.93,446.94,160591.0
12:23,447.75,447.83,447.41,447.51,118243.0
12:24,447.02,447.78,446.9,447.74,151090.0
12:25,446.79,447.42,446.74,447.02,114156.0
12:26,447.05,447.32,446.65,446.79,146737.0
12:27,447.08,447.26,446.95,447.04,102700.0
12:28,446.93,447.34,446.91,447.05,118275.0
12:29,447.38,447.5,446.92,446.93,102738.0
12:30,447.39,447.66,447.1,447.37,140704.0
12:31,447.52,447.68,447.08,447.4,101960.0
12:32,447.67,447.76,447.36,447.48,97358.0
12:33,447.36,447.8,447.01,447.65,162032.0
12:34,447.11,447.46,447.03,447.38,90920.0
12:35,447.03,447.3,446.82,447.16,154012.0
12:36,447.08,447.17,446.73,447.01,128914.0
12:37,445.61,447.15,445.33,447.14,387243.0
12:38,445.67,446.19,445.43,445.66,221926.0
12:39,446.17,446.3,445.66,445.69,149890.0
12:40,445.79,446.28,445.68,446.16,150464.0
12:41,444.2,445.91,443.83,445.84,683574.0
12:42,444.61,445.06,444.14,444.26,278700.0
12:43,444.36,445.15,444.36,444.55,234795.0
12:44,442.97,444.56,442.9,444.37,489907.0
12:45,442.1,443.08,441.78,442.9,483622.0
12:46,442.61,442.94,441.99,442.08,366999.0
12:47,443.17,443.29,442.5,442.56,318486.0
12:48,441.7,443.2,441.7,443.19,331688.0
12:49,442.56,442.68,441.46,441.7,334946.0
12:50,443.05,443.23,442.52,442.6,266057.0
12:51,443.56,443.72,442.81,443.0,260943.0
12:52,444.07,444.2,443.15,443.58,280482.0
12:53,443.99,444.09,443.59,444.05,175487.0
12:54,443.71,444.3,443.56,443.97,235618.0
12:55,443.67,444.12,443.37,443.65,229385.0
12:56,443.77,444.08,443.28,443.72,182273.0
12:57,444.31,444.36,443.74,443.74,191881.0
12:58,443.96,444.42,443.8,444.31,155877.0
12:59,444.06,444.25,443.91,443.91,95878.0
13:00,444.02,444.5,443.81,444.02,160550.0
13:01,444.08,444.2,443.44,444.0,220400.0
13:02,443.94,444.41,443.83,444.06,181975.0
13:03,444.0,444.17,443.55,443.98,171070.0
13:04,443.85,444.24,443.71,444.0,277781.0
13:05,444.08,444.1,443.6,443.8,139897.0
13:06,444.67,444.75,444.02,444.08,210220.0
13:07,444.15,444.74,444.0,444.74,167995.0
13:08,443.96,444.11,443.57,444.1,168530.0
13:09,443.45,444.36,443.29,443.88,192781.0
13:10,444.03,444.22,443.4,443.4,153021.0
13:11,443.6,444.15,443.46,444.01,136591.0
13:12,443.69,443.96,443.45,443.58,108172.0
13:13,443.17,443.87,442.68,443.7,274297.0
13:14,443.49,443.73,443.17,443.17,149089.0
13:15,443.28,443.67,443.12,443.48,123829.0
13:16,443.31,443.4,443.0,443.23,138860.0
13:17,442.93,443.36,442.83,443.35,149170.0
13:18,442.33,443.13,442.2,442.93,224302.0
13:19,443.09,443.09,442.2,442.32,218174.0
13:20,442.97,443.2,442.65,443.03,144168.0
13:21,443.47,443.63,442.97,442.97,233198.0
13:22,443.9,443.98,443.38,443.39,215209.0
13:23,443.83,444.2,443.46,443.89,222192.0
13:24,444.19,444.29,443.66,443.79,162689.0
13:25,444.32,444.48,444.13,444.16,182249.0
13:26,444.29,444.51,444.1,444.27,155629.0
13:27,444.54,444.6,444.01,444.29,294878.0
13:28,445.45,445.63,444.51,444.55,359451.0
13:29,445.89,446.05,445.38,445.45,302766.0
13:30,445.72,445.9,445.37,445.89,235262.0
13:31,445.79,445.99,445.42,445.74,195004.0
13:32,445.81,445.88,445.48,445.78,171563.0
13:33,446.56,446.78,445.81,445.82,348264.0
13:34,446.27,446.68,445.97,446.55,263066.0
13:35,445.8,446.4,445.62,446.24,202039.0
13:36,444.83,445.86,444.76,445.79,331962.0
13:37,444.28,445.02,444.02,444.83,252370.0
13:38,443.19,444.37,443.17,444.26,226135.0
13:39,443.28,443.39,442.63,443.19,344506.0
13:40,443.74,443.98,443.11,443.31,252455.0
13:41,444.38,444.66,443.41,443.77,281671.0
13:42,443.55,444.42,443.55,444.37,202703.0
13:43,443.29,443.77,443.22,443.61,208960.0
13:44,442.8,443.43,442.48,443.29,299360.0
13:45,442.82,443.21,442.7,442.82,208893.0
13:46,440.67,443.11,440.49,442.8,610437.0
13:47,440.05,441.2,439.6,440.61,735353.0
13:48,440.95,441.21,439.88,440.02,402608.0
13:49,441.55,441.72,440.37,441.0,352727.0
13:50,441.55,441.78,441.21,441.6,208348.0
13:51,440.88,441.87,440.5,441.55,321854.0
13:52,441.46,441.53,440.86,440.93,206073.0
13:53,441.81,442.0,441.28,441.39,209292.0
13:54,441.26,441.83,441.13,441.83,154868.0
13:55,440.81,441.63,440.76,441.17,226744.0
13:56,441.0,441.17,440.65,440.82,160985.0
13:57,440.73,441.24,440.65,440.97,141419.0
13:58,441.12,441.38,440.66,440.73,155645.0
13:59,441.03,441.34,440.67,441.15,179118.0
14:00,440.81,441.56,440.8,441.02,197260.0
14:01,441.0,441.23,440.46,440.83,297192.0
14:02,440.82,441.09,440.45,441.02,150049.0
14:03,440.7,440.85,440.41,440.83,158006.0
14:04,441.07,441.14,440.56,440.68,153873.0
14:05,441.78,442.27,441.08,441.15,295469.0
14:06,442.24,442.3,441.79,441.79,177090.0
14:07,441.84,442.32,441.78,442.24,170597.0
14:08,441.88,441.93,441.3,441.85,179896.0
14:09,441.58,442.15,441.55,441.9,141920.0
14:10,441.82,441.88,441.42,441.59,107506.0
14:11,442.06,442.26,441.85,441.85,155011.0
14:12,442.5,442.62,441.92,442.09,224788.0
14:13,442.14,442.71,442.13,442.54,165315.0
14:14,442.77,442.87,442.1,442.24,184687.0
14:15,442.5,442.8,442.36,442.76,117342.0
14:16,442.13,442.66,442.12,442.52,118380.0
14:17,442.41,442.72,442.1,442.14,154348.0
14:18,442.57,442.8,442.36,442.39,135409.0
14:19,442.95,443.17,442.53,442.58,198059.0
14:20,442.99,443.3,442.91,442.93,166897.0
14:21,442.8,443.17,442.55,443.03,159507.0
14:22,442.81,442.85,442.35,442.8,142236.0
14:23,442.83,442.97,442.52,442.83,135212.0
14:24,442.42,442.82,442.39,442.8,112199.0
14:25,441.63,442.45,441.6,442.42,216889.0
14:26,442.05,442.2,441.6,441.66,132822.0
14:27,439.89,442.09,439.75,442.08,490909.0
14:28,440.49,440.97,439.08,439.88,452924.0
14:29,441.25,441.25,440.49,440.49,232915.0
14:30,441.26,441.6,441.15,441.19,215028.0
14:31,440.45,441.35,440.45,441.29,203419.0
14:32,440.12,440.77,440.0,440.49,245069.0
14:33,440.25,440.69,440.09,440.15,219998.0
14:34,440.15,440.56,440.1,440.28,185145.0
14:35,439.79,440.58,439.71,440.16,268826.0
14:36,438.98,439.95,438.45,439.75,545416.0
14:37,439.96,439.99,438.95,438.99,300017.0
14:38,440.04,440.14,439.51,439.95,199795.0
14:39,441.15,441.27,440.01,440.03,334865.0
14:40,440.84,441.41,440.69,441.17,239285.0
14:41,440.95,441.12,440.7,440.83,141014.0
14:42,441.37,441.5,440.89,441.0,168993.0
14:43,440.89,441.5,440.72,441.4,163934.0
14:44,441.36,441.5,440.85,440.86,152119.0
14:45,440.94,441.63,440.8,441.34,202560.0
14:46,440.12,441.19,439.99,440.95,287976.0
14:47,440.67,440.69,440.12,440.12,183893.0
14:48,441.04,441.39,440.58,440.63,178508.0
14:49,441.43,441.47,441.0,441.04,131178.0
14:50,441.16,441.45,440.81,441.45,176017.0
14:51,441.04,441.16,440.7,441.16,123016.0
14:52,441.0,441.49,440.75,440.99,152076.0
14:53,441.16,441.2,440.89,441.02,110468.0
14:54,441.13,441.39,440.88,441.18,129823.0
14:55,440.93,441.58,440.81,441.13,189058.0
14:56,441.01,441.13,440.72,440.95,161499.0
14:57,441.01,441.16,440.85,441.01,103829.0
14:58,440.99,441.18,440.73,441.03,132071.0
14:59,441.05,441.36,440.92,441.0,127332.0
15:00,441.37,441.51,441.0,441.02,177480.0
15:01,442.88,442.96,441.34,441.39,386484.0
15:02,443.06,443.17,442.7,442.91,284940.0
15:03,443.33,443.47,442.93,443.08,252753.0
15:04,443.4,443.49,443.16,443.35,196716.0
15:05,443.93,444.2,443.42,443.43,343776.0
15:06,443.27,444.15,443.18,443.99,297713.0
15:07,442.06,443.34,442.0,443.32,333992.0
15:08,442.04,442.28,441.79,442.08,257880.0
15:09,441.91,442.31,441.72,442.0,240909.0
15:10,441.89,442.24,441.71,441.9,234695.0
15:11,442.2,442.37,441.85,441.91,147560.0
15:12,441.43,442.21,441.04,442.2,283995.0
15:13,441.82,442.0,441.35,441.4,186487.0
15:14,442.02,442.15,441.68,441.84,178584.0
15:15,441.95,442.28,441.5,442.02,247603.0
15:16,442.0,442.23,441.88,442.02,135476.0
15:17,442.04,442.45,441.74,442.0,179041.0
15:18,442.01,442.2,441.85,442.2,113797.0
15:19,442.36,442.41,441.82,441.99,135638.0
15:20,442.52,442.8,442.25,442.35,207815.0
15:21,442.62,442.8,442.45,442.54,186108.0
15:22,442.77,442.8,442.25,442.63,508402.0
15:23,443.17,443.36,442.67,442.69,287654.0
15:24,442.73,443.37,442.7,443.2,354110.0
15:25,442.8,443.22,442.7,442.73,206897.0
15:26,442.36,442.88,442.22,442.77,183709.0
15:27,442.93,442.95,442.38,442.38,166318.0
15:28,442.57,442.99,442.5,442.92,106296.0
15:29,442.78,442.93,442.53,442.55,122934.0
15:30,442.16,443.04,442.11,442.79,194680.0
15:31,441.78,442.26,441.6,442.2,272832.0
15:32,441.92,441.95,441.25,441.78,246460.0
15:33,441.02,441.97,441.0,441.89,219280.0
15:34,441.05,441.13,440.63,441.04,321262.0
15:35,440.26,441.12,440.0,441.06,259159.0
15:36,439.85,440.39,439.79,440.31,372784.0
15:37,439.65,440.21,439.63,439.86,321244.0
15:38,440.38,440.47,439.68,439.68,267546.0
15:39,440.4,440.46,440.14,440.36,200495.0
15:40,440.57,440.7,439.85,440.41,271302.0
15:41,439.95,440.67,439.9,440.57,203348.0
15:42,440.23,440.5,439.9,439.95,231652.0
15:43,439.99,440.54,439.9,440.23,214613.0
15:44,439.08,440.08,439.04,440.0,404042.0
15:45,439.24,439.31,438.68,439.1,415889.0
15:46,438.87,439.42,438.51,439.24,316360.0
15:47,438.83,439.18,438.7,438.87,257178.0
15:48,438.37,438.86,438.09,438.85,357911.0
15:49,438.94,439.11,438.3,438.39,312663.0
15:50,437.41,439.04,437.04,438.98,744601.0
15:51,438.31,438.31,437.41,437.42,427529.0
15:52,436.95,438.29,436.84,438.29,527414.0
15:53,437.2,437.8,436.92,436.99,353266.0
15:54,436.22,437.28,435.97,437.19,677052.0
15:55,436.55,437.09,435.97,436.24,521867.0
15:56,436.44,436.81,436.3,436.6,378732.0
15:57,436.4,436.63,435.9,436.47,507217.0
15:58,435.99,436.44,435.92,436.37,540143.0
15:59,435.97,436.39,435.57,436.02,1133432.0
