Time,Close,High,Low,Open,Volume
09:30,424.81,424.81,422.1,423.98,1565473.0
09:31,423.19,425.52,422.49,424.85,450874.0
09:32,423.02,423.46,422.22,423.27,236681.0
09:33,422.45,423.59,422.3,423.02,208947.0
09:34,421.53,422.56,421.09,422.45,312243.0
09:35,420.71,421.86,420.61,421.45,272630.0
09:36,420.9,421.38,420.13,420.71,374178.0
09:37,419.26,421.25,419.23,420.86,420208.0
09:38,418.95,419.47,418.58,419.23,330981.0
09:39,419.85,419.88,418.22,418.97,354208.0
09:40,419.58,420.33,418.83,419.89,340395.0
09:41,420.82,421.52,419.51,419.58,347036.0
09:42,420.75,420.87,419.3,420.79,320989.0
09:43,420.37,421.3,420.14,420.73,282281.0
09:44,421.5,421.5,420.19,420.41,201186.0
09:45,422.17,422.48,421.4,421.5,391065.0
09:46,422.81,423.01,421.87,422.15,350589.0
09:47,423.13,423.33,422.64,422.74,299522.0
09:48,422.61,423.33,422.15,423.08,247341.0
09:49,422.25,423.18,421.71,422.56,249745.0
09:50,422.38,422.45,421.86,422.29,120265.0
09:51,423.15,423.22,422.28,422.38,245286.0
09:52,421.31,423.21,420.75,423.17,287165.0
09:53,420.84,421.4,420.34,421.31,222642.0
09:54,420.1,420.93,420.01,420.9,187683.0
09:55,420.05,420.78,419.56,420.06,278517.0
09:56,418.96,420.26,418.41,420.05,328440.0
09:57,419.14,419.5,418.7,418.89,217717.0
09:58,418.86,419.47,418.74,419.14,215638.0
09:59,417.47,418.88,417.07,418.83,416036.0
10:00,418.3,418.38,416.89,417.45,268677.0
10:01,418.88,419.49,418.3,418.31,299497.0
10:02,419.08,419.63,418.37,418.81,226814.0
10:03,418.83,419.57,418.8,419.05,181567.0
10:04,418.54,418.89,418.01,418.82,192402.0
10:05,417.58,418.53,417.28,418.53,303146.0
10:06,417.86,418.25,417.01,417.63,201036.0
10:07,417.77,418.25,417.3,417.83,215701.0
10:08,419.11,419.14,417.86,417.86,207871.0
10:09,419.03,419.55,418.6,419.11,185102.0
10:10,418.57,419.09,418.09,419.03,125896.0
10:11,417.98,418.74,417.73,418.54,161753.0
10:12,418.09,418.7,417.78,417.96,138016.0
10:13,418.22,418.59,417.54,418.18,135865.0
10:14,418.0,418.46,417.6,418.22,124524.0
10:15,417.85,418.48,417.81,418.0,141559.0
10:16,418.27,418.65,417.59,417.82,139570.0
10:17,418.72,418.75,417.97,418.22,113639.0
10:18,418.82,419.08,418.04,418.75,142791.0
10:19,418.62,418.84,418.2,418.81,90095.0
10:20,418.51,418.95,418.33,418.65,113175.0
10:21,417.98,418.63,417.9,418.58,123865.0
10:22,417.77,418.5,417.75,418.01,108107.0
10:23,418.29,418.6,417.74,417.85,127719.0
10:24,418.15,418.5,417.95,418.29,82162.0
10:25,418.09,418.56,417.85,418.08,131112.0
10:26,419.8,419.8,418.06,418.11,201041.0
10:27,419.9,420.18,419.62,419.81,238969.0
10:28,419.6,420.04,419.1,419.92,148587.0
10:29,419.54,419.97,419.24,419.59,111225.0
10:30,419.84,420.04,419.54,419.55,148415.0
10:31,419.72,420.02,419.5,419.87,94204.0
10:32,420.12,420.4,419.67,419.72,150448.0
10:33,420.01,420.26,419.6,420.13,126087.0
10:34,420.48,420.65,420.05,420.05,162190.0
10:35,421.03,421.25,420.44,420.48,230125.0
10:36,421.17,421.31,421.02,421.05,140437.0
10:37,420.86,421.31,420.63,421.18,150744.0
10:38,420.48,421.16,420.11,420.85,189781.0
10:39,420.39,420.61,420.3,420.52,106911.0
10:40,420.0,420.54,419.86,420.4,105585.0
10:41,419.27,420.07,419.05,420.03,176564.0
10:42,418.44,419.28,418.09,419.28,191677.0
10:43,418.01,418.46,417.94,418.4,161685.0
10:44,418.12,418.35,417.9,417.95,140382.0
10:45,418.14,418.38,417.54,418.12,208601.0
10:46,417.82,418.22,417.81,418.13,87819.0
10:47,418.43,418.56,417.5,417.83,240691.0
10:48,418.35,418.84,418.18,418.41,175087.0
10:49,418.4,418.77,418.32,418.38,110798.0
10:50,418.39,418.4,417.66,418.35,147562.0
10:51,418.6,418.62,418.16,418.34,87887.0
10:52,418.21,418.85,418.05,418.58,103262.0
10:53,418.52,418.61,417.95,418.22,89531.0
10:54,418.66,418.75,418.38,418.38,60942.0
10:55,418.68,418.93,418.47,418.64,122870.0
10:56,418.75,418.8,418.26,418.7,71845.0
10:57,419.42,419.65,418.73,418.73,156114.0
10:58,419.46,419.7,419.25,419.42,109585.0
10:59,419.27,419.68,419.16,419.44,101478.0
11:00,419.45,419.62,419.17,419.24,80815.0
11:01,419.27,419.62,419.16,419.43,81259.0
11:02,419.39,419.4,418.7,419.27,113612.0
11:03,419.2,419.47,419.0,419.33,63822.0
11:04,419.34,419.49,419.16,419.19,66265.0
11:05,419.7,419.75,419.33,419.38,79630.0
11:06,419.55,419.88,419.5,419.68,97729.0
11:07,419.7,419.74,419.32,419.59,81615.0
11:08,419.78,419.86,419.64,419.72,65218.0
11:09,419.53,419.84,419.32,419.77,71909.0
11:10,419.39,419.64,419.14,419.6,81759.0
11:11,419.53,419.6,419.38,419.4,47023.0
11:12,419.28,419.57,419.2,419.51,95138.0
11:13,419.1,419.37,419.02,419.3,76393.0
11:14,419.1,419.24,418.9,419.13,64938.0
11:15,419.68,419.7,419.07,419.13,97189.0
11:16,419.53,419.75,419.37,419.7,80356.0
11:17,419.67,419.67,419.25,419.53,58712.0
11:18,419.8,419.97,419.56,419.66,88867.0
11:19,420.03,420.07,419.8,419.8,100383.0
11:20,420.42,420.44,419.98,420.02,120491.0
11:21,420.91,421.0,420.43,420.44,131620.0
11:22,420.58,421.02,420.55,420.9,138390.0
11:23,420.38,420.75,420.25,420.58,97061.0
11:24,420.51,420.55,420.22,420.45,75252.0
11:25,420.49,420.8,420.25,420.52,113772.0
11:26,420.68,420.68,420.26,420.51,61092.0
11:27,420.26,420.72,420.23,420.68,70682.0
11:28,419.82,420.29,419.82,420.25,108646.0
11:29,419.18,419.92,419.06,419.84,130430.0
11:30,418.76,419.35,418.23,419.3,197323.0
11:31,419.18,419.25,418.73,418.76,135827.0
11:32,419.8,419.8,419.12,419.22,116387.0
11:33,419.89,420.0,419.76,419.81,97694.0
11:34,419.96,419.99,419.7,419.85,78097.0
11:35,420.3,420.3,419.9,419.96,148597.0
11:36,420.19,420.61,420.04,420.29,129947.0
11:37,419.88,420.21,419.74,420.19,87066.0
11:38,419.91,420.0,419.73,419.94,53747.0
11:39,420.14,420.17,419.65,419.96,66403.0
11:40,419.91,420.26,419.87,420.14,64202.0
11:41,420.0,420.22,419.86,420.0,58905.0
11:42,420.52,420.55,420.03,420.06,80533.0
11:43,420.34,420.64,420.23,420.55,90125.0
11:44,420.03,420.45,420.01,420.35,63458.0
11:45,419.99,420.22,419.95,420.1,65057.0
11:46,419.5,420.05,419.13,420.0,149681.0
11:47,419.38,419.52,419.1,419.5,97000.0
11:48,419.54,419.57,419.11,419.36,79673.0
11:49,419.63,419.67,419.31,419.46,88376.0
11:50,419.27,419.74,419.11,419.67,77212.0
11:51,419.28,419.45,419.08,419.27,65539.0
11:52,419.44,419.68,419.25,419.29,75551.0
11:53,419.66,419.74,419.25,419.43,61765.0
11:54,419.9,419.9,419.63,419.67,76394.0
11:55,420.25,420.27,419.86,419.9,95515.0
11:56,420.42,420.63,420.27,420.27,101163.0
11:57,420.77,420.81,420.33,420.41,94499.0
11:58,420.45,420.81,420.33,420.78,122717.0
11:59,420.66,420.8,420.16,420.41,95513.0
12:00,420.89,420.97,420.64,420.64,106987.0
12:01,421.08,421.15,420.86,420.89,123895.0
12:02,421.35,421.46,420.7,421.06,148575.0
12:03,421.31,421.39,421.05,421.29,74448.0
12:04,421.02,421.35,420.84,421.32,75947.0
12:05,421.33,421.34,420.85,421.05,72660.0
12:06,421.58,421.85,421.32,421.35,139066.0
12:07,421.47,421.68,421.4,421.63,77531.0
12:08,421.0,421.56,420.7,421.52,138185.0
12:09,420.93,421.35,420.82,421.05,87035.0
12:10,421.42,421.45,420.87,421.0,78162.0
12:11,421.41,421.55,421.04,421.45,79217.0
12:12,421.15,421.58,421.08,421.46,82827.0
12:13,420.9,421.38,420.8,421.1,96964.0
12:14,421.02,421.06,420.83,420.86,48237.0
12:15,420.56,421.05,420.52,421.03,96548.0
12:16,420.78,420.87,420.52,420.58,65181.0
12:17,420.17,420.96,420.15,420.75,74912.0
12:18,419.79,420.28,419.58,420.22,118150.0
12:19,419.85,419.92,419.52,419.77,72669.0
12:20,419.87,420.08,419.61,419.85,97177.0
12:21,420.39,420.63,419.87,419.87,110961.0
12:22,420.12,420.41,419.95,420.38,65598.0
12:23,420.2,420.38,420.09,420.09,44086.0
12:24,420.48,420.61,420.08,420.18,76211.0
12:25,420.68,420.69,420.16,420.45,66846.0
12:26,420.8,420.84,420.43,420.67,58819.0
12:27,420.53,420.85,420.45,420.82,62802.0
12:28,420.67,420.86,420.5,420.53,64174.0
12:29,420.78,420.83,420.45,420.67,44079.0
12:30,421.46,421.49,420.78,420.82,146704.0
12:31,421.23,421.49,421.21,421.41,58708.0
12:32,420.96,421.25,420.84,421.21,53801.0
12:33,421.18,421.28,420.93,421.0,54003.0
12:34,421.03,421.19,420.88,421.18,33900.0
12:35,420.64,421.17,420.6,421.05,55888.0
12:36,420.53,420.71,420.24,420.67,76750.0
12:37,420.75,420.95,420.44,420.5,64238.0
12:38,420.66,420.85,420.55,420.77,51068.0
12:39,420.88,420.98,420.66,420.67,44612.0
12:40,421.03,421.3,420.92,420.94,83475.0
12:41,421.01,421.19,420.82,421.0,48411.0
12:42,421.15,421.3,420.99,420.99,45187.0
12:43,421.3,421.39,421.15,421.18,61986.0
12:44,421.72,421.73,421.27,421.29,98387.0
12:45,421.96,422.18,421.7,421.73,155396.0
12:46,422.14,422.16,421.92,421.97,85594.0
12:47,422.05,422.19,421.92,422.14,82911.0
12:48,421.98,422.16,421.87,422.13,60141.0
12:49,421.79,421.96,421.61,421.96,113684.0
12:50,422.05,422.07,421.63,421.84,82403.0
12:51,422.28,422.32,421.95,422.08,95118.0
12:52,422.5,422.63,422.17,422.31,100855.0
12:53,422.79,422.81,422.45,422.49,105083.0
12:54,422.78,422.94,422.56,422.79,144889.0
12:55,422.62,422.8,422.4,422.78,117048.0
12:56,422.94,422.97,422.55,422.64,75992.0
12:57,422.75,423.04,422.73,422.93,119012.0
12:58,422.73,423.0,422.65,422.76,82305.0
12:59,422.48,422.75,422.33,422.75,112761.0
13:00,422.6,422.75,422.44,422.48,76097.0
13:01,423.17,423.2,422.5,422.61,112673.0
13:02,423.44,423.53,422.97,423.16,167516.0
13:03,423.62,423.73,423.42,423.45,115648.0
13:04,423.44,423.71,423.41,423.63,83425.0
13:05,423.38,423.6,423.25,423.48,96010.0
13:06,423.41,423.52,423.3,423.38,64702.0
13:07,423.2,423.56,423.1,423.42,87429.0
13:08,423.43,423.5,423.14,423.2,69273.0
13:09,422.16,423.5,421.28,423.43,287816.0
13:10,422.42,423.07,421.94,422.23,131198.0
13:11,422.09,422.67,421.42,422.46,145313.0
13:12,422.53,422.57,421.97,422.08,79662.0
13:13,422.55,422.61,421.9,422.52,82074.0
13:14,422.94,423.25,422.52,422.6,145398.0
13:15,422.86,423.23,422.8,422.95,7785210.0
13:16,423.07,423.14,422.42,422.86,1.0
13:17,422.79,423.09,422.74,423.0,54918.0
13:18,422.68,422.91,422.63,422.75,45362.0
13:19,422.86,422.9,422.6,422.68,50921.0
13:20,422.26,422.91,422.12,422.88,89934.0
13:21,422.86,422.86,422.24,422.24,63264.0
13:22,423.2,423.33,422.79,422.82,98769.0
13:23,423.52,423.68,423.11,423.2,107146.0
13:24,423.5,423.55,423.13,423.52,81670.0
13:25,423.58,423.65,423.26,423.46,78380.0
13:26,423.72,423.99,423.53,423.56,123455.0
13:27,423.93,424.09,423.71,423.72,121269.0
13:28,423.75,424.06,423.7,423.93,75918.0
13:29,423.53,423.88,423.34,423.74,94611.0
13:30,423.79,423.82,423.28,423.51,67080.0
13:31,423.72,423.97,423.63,423.79,75308.0
13:32,423.35,423.76,423.16,423.7,75194.0
13:33,423.41,423.47,423.04,423.36,74151.0
13:34,423.17,423.49,423.14,423.41,54982.0
13:35,423.17,423.41,422.81,423.17,87888.0
13:36,423.27,423.4,423.12,423.19,55204.0
13:37,422.95,423.32,422.8,423.28,71464.0
13:38,423.12,423.21,422.76,422.92,63358.0
13:39,422.95,423.27,422.8,423.13,68960.0
13:40,422.86,422.95,422.7,422.91,72474.0
13:41,423.15,423.15,422.88,422.9,83907.0
13:42,422.99,423.24,422.99,423.12,48247.0
13:43,422.91,423.19,422.86,423.01,66339.0
13:44,422.35,422.91,422.35,422.9,84820.0
13:45,422.29,422.6,422.25,422.33,84974.0
13:46,422.5,422.74,422.34,422.35,67463.0
13:47,422.69,422.73,422.32,422.52,60909.0
13:48,423.04,423.09,422.62,422.7,77321.0
13:49,423.11,423.27,423.01,423.03,76868.0
13:50,423.28,423.49,423.09,423.11,78476.0
13:51,423.17,423.32,423.07,423.2,51277.0
13:52,422.77,423.13,422.7,423.13,79785.0
13:53,422.87,423.01,422.55,422.74,70022.0
13:54,422.85,423.05,422.84,422.84,42916.0
13:55,422.31,422.86,422.24,422.84,82483.0
13:56,422.26,422.37,422.02,422.31,95577.0
13:57,423.15,423.18,422.27,422.27,121905.0
13:58,423.0,423.37,422.99,423.14,89886.0
13:59,423.19,423.34,422.98,423.02,56105.0
14:00,423.42,423.45,423.01,423.18,69054.0
14:01,423.71,423.78,423.39,423.44,98936.0
14:02,423.76,423.8,423.54,423.71,71905.0
14:03,423.41,423.82,423.33,423.79,89637.0
14:04,423.15,423.42,423.05,423.39,90389.0
14:05,423.67,423.69,423.08,423.16,69127.0
14:06,423.65,423.77,423.32,423.7,89406.0
14:07,424.44,424.56,423.59,423.65,248482.0
14:08,424.33,424.54,424.14,424.45,132703.0
14:09,424.48,424.5,424.08,424.36,126365.0
14:10,424.67,424.75,424.42,424.49,133744.0
14:11,424.33,424.67,424.02,424.64,103207.0
14:12,424.55,424.55,424.14,424.35,75810.0
14:13,424.49,424.66,424.41,424.53,74645.0
14:14,424.63,424.65,424.44,424.5,75721.0
14:15,424.81,424.83,424.53,424.65,78599.0
14:16,424.6,424.85,424.48,424.81,73392.0
14:17,424.73,424.89,424.56,424.59,66850.0
14:18,424.78,424.83,424.43,424.71,73113.0
14:19,425.12,425.2,424.74,424.77,240470.0
14:20,425.49,425.67,425.13,425.13,201746.0
14:21,425.62,425.66,425.21,425.46,123241.0
14:22,425.41,425.79,425.25,425.63,138439.0
14:23,425.59,425.84,425.27,425.43,120880.0
14:24,425.27,425.61,425.24,425.6,86326.0
14:25,425.45,425.75,425.09,425.27,148700.0
14:26,425.52,425.87,425.35,425.45,163066.0
14:27,425.7,425.77,425.45,425.52,81380.0
14:28,425.91,425.96,425.68,425.68,116312.0
14:29,426.31,426.41,425.89,425.89,181094.0
14:30,426.18,426.42,426.01,426.31,151497.0
14:31,426.16,426.32,426.04,426.18,102210.0
14:32,425.95,426.21,425.84,426.17,94180.0
14:33,425.88,426.1,425.83,425.94,104675.0
14:34,425.33,425.92,425.32,425.86,149414.0
14:35,424.92,425.33,424.65,425.31,224718.0
14:36,424.89,425.12,424.83,424.87,114523.0
14:37,424.82,425.13,424.74,424.9,96040.0
14:38,424.66,424.98,424.64,424.82,67780.0
14:39,424.87,425.01,424.61,424.67,75077.0
14:40,425.06,425.16,424.64,424.91,103352.0
14:41,425.28,425.64,424.8,425.04,141815.0
14:42,425.23,425.62,425.21,425.31,78670.0
14:43,424.59,425.33,424.58,425.27,100943.0
14:44,424.39,424.65,424.29,424.58,116969.0
14:45,424.77,424.8,424.32,424.38,9822651.0
14:46,424.69,424.79,424.55,424.77,1.0
14:47,424.36,424.74,424.35,424.71,53619.0
14:48,424.12,424.44,424.12,424.35,75950.0
14:49,424.17,424.34,424.03,424.12,63380.0
14:50,424.06,424.44,423.89,424.18,113508.0
14:51,423.89,424.1,423.76,424.1,104699.0
14:52,423.8,424.02,423.76,423.83,64775.0
14:53,423.55,423.82,423.4,423.82,100556.0
14:54,423.8,423.92,423.54,423.55,99515.0
14:55,423.82,423.84,423.32,423.8,131362.0
14:56,423.67,423.82,423.48,423.81,55369.0
14:57,423.9,424.0,423.65,423.67,98306.0
14:58,424.03,424.2,423.82,423.86,106547.0
14:59,424.21,424.22,423.91,424.02,75973.0
15:00,424.38,424.46,424.04,424.24,99827.0
15:01,424.83,424.84,424.36,424.37,141481.0
15:02,424.64,424.84,424.43,424.83,90171.0
15:03,424.66,424.77,424.64,424.68,43103.0
15:04,424.36,424.67,424.32,424.66,67029.0
15:05,424.3,424.44,424.11,424.35,72035.0
15:06,424.14,424.36,423.84,424.3,106380.0
15:07,424.12,424.25,423.84,424.12,61558.0
15:08,424.18,424.25,423.99,424.14,42625.0
15:09,424.38,424.42,424.03,424.18,63178.0
15:10,424.9,424.9,424.38,424.39,127692.0
15:11,425.06,425.26,424.83,424.9,132002.0
15:12,425.32,425.33,425.01,425.06,86890.0
15:13,425.37,425.43,425.2,425.32,73786.0
15:14,425.2,425.37,425.12,425.35,72570.0
15:15,424.78,425.23,424.7,425.17,107241.0
15:16,425.15,425.24,424.74,424.8,100964.0
15:17,425.0,425.22,424.96,425.16,57551.0
15:18,424.98,425.13,424.84,424.95,55681.0
15:19,424.9,425.09,424.87,424.94,50129.0
15:20,425.07,425.28,424.9,424.99,76065.0
15:21,425.25,425.33,425.04,425.09,10706759.0
15:22,425.09,425.25,425.01,425.21,1.0
15:23,425.16,425.24,425.05,425.08,50062.0
15:24,425.04,425.27,425.0,425.19,53452.0
15:25,425.15,425.15,424.9,425.01,66052.0
15:26,425.2,425.26,425.02,425.13,64105.0
15:27,425.05,425.24,424.97,425.18,48328.0
15:28,425.11,425.17,424.99,425.05,45999.0
15:29,425.12,425.23,424.99,425.1,49440.0
15:30,425.09,425.17,424.87,425.12,86046.0
15:31,425.08,425.14,424.86,425.07,56582.0
15:32,425.04,425.23,424.92,425.1,77620.0
15:33,424.76,425.02,424.56,424.99,94407.0
15:34,424.87,424.93,424.56,424.77,71137.0
15:35,424.81,425.04,424.72,424.84,81697.0
15:36,424.57,424.84,424.5,424.83,66180.0
15:37,424.56,424.82,424.56,424.6,59524.0
15:38,424.3,424.62,424.27,424.58,82272.0
15:39,424.56,424.69,424.18,424.27,86221.0
15:40,424.05,424.58,424.0,424.57,89528.0
15:41,424.36,424.37,424.0,424.0,96126.0
15:42,424.65,424.78,424.3,424.3,91338.0
15:43,424.78,424.84,424.64,424.67,56296.0
15:44,424.72,424.8,424.62,424.77,49684.0
15:45,424.91,424.91,424.6,424.74,93006.0
15:46,425.3,425.35,424.87,424.9,130374.0
15:47,424.81,425.34,424.79,425.33,109145.0
15:48,425.14,425.24,424.76,424.79,86566.0
15:49,425.33,425.48,425.15,425.17,107499.0
15:50,425.33,426.04,425.05,425.35,229696.0
15:51,425.17,425.52,425.09,425.33,126933.0
15:52,425.2,425.42,425.1,425.18,88726.0
15:53,425.93,426.0,425.17,425.17,141821.0
15:54,426.23,426.28,425.56,425.93,184609.0
15:55,426.46,426.64,425.73,426.28,278517.0
15:56,426.52,426.68,426.17,426.47,217206.0
15:57,426.31,426.56,425.87,426.53,250738.0
15:58,426.71,426.75,426.3,426.31,299626.0
15:59,426.48,426.94,426.45,426.71,496503.0
