Time,Close,High,Low,Open,Volume
09:30,415.16,416.08,414.63,414.63,1877979.0
09:31,417.47,418.4,415.08,415.16,655706.0
09:32,419.42,419.77,416.6,417.49,503796.0
09:33,418.21,419.74,417.95,419.5,443638.0
09:34,419.17,420.24,418.03,418.21,491841.0
09:35,419.6,420.69,419.17,419.17,449717.0
09:36,419.07,419.66,417.93,419.5,372343.0
09:37,419.24,419.87,418.56,418.99,242401.0
09:38,419.74,420.27,418.7,419.2,338153.0
09:39,420.84,421.14,419.74,419.74,440253.0
09:40,419.17,421.05,419.11,420.85,278343.0
09:41,418.99,419.99,418.5,419.09,316828.0
09:42,420.21,420.71,419.02,419.04,341158.0
09:43,422.37,422.37,419.97,420.21,529394.0
09:44,422.64,423.15,421.73,422.35,421425.0
09:45,423.42,423.47,422.3,422.63,492605.0
09:46,422.32,423.81,421.9,423.46,482091.0
09:47,424.13,424.38,422.26,422.3,471408.0
09:48,423.76,424.57,423.26,424.08,363987.0
09:49,422.77,424.15,422.19,423.82,407343.0
09:50,424.33,424.33,422.73,422.73,313061.0
09:51,423.73,424.48,423.27,424.33,316045.0
09:52,422.86,423.77,422.3,423.77,257675.0
09:53,423.95,424.2,422.6,422.81,266198.0
09:54,424.14,424.45,423.36,423.9,261358.0
09:55,424.07,424.4,423.59,424.1,207690.0
09:56,425.29,425.5,424.01,424.05,538813.0
09:57,425.05,425.59,424.71,425.31,294677.0
09:58,425.44,425.45,424.25,425.13,240700.0
09:59,425.76,425.78,424.51,425.42,313468.0
10:00,426.14,426.4,425.28,425.78,381299.0
10:01,426.95,427.05,426.12,426.17,417627.0
10:02,426.77,427.31,426.16,426.93,359914.0
10:03,426.57,427.2,426.02,426.81,301556.0
10:04,426.9,427.42,426.47,426.61,287558.0
10:05,425.16,426.92,425.0,426.9,384069.0
10:06,424.86,425.86,424.33,425.16,374035.0
10:07,424.2,424.95,423.41,424.9,380364.0
10:08,424.43,424.94,423.65,424.25,367843.0
10:09,424.55,424.98,424.11,424.51,238237.0
10:10,424.15,424.76,423.6,424.55,232469.0
10:11,424.0,424.39,423.5,424.07,229354.0
10:12,423.3,424.55,423.11,423.99,269362.0
10:13,424.27,424.44,423.1,423.25,229102.0
10:14,423.89,424.35,423.2,424.23,191993.0
10:15,423.94,424.63,423.62,423.99,223128.0
10:16,423.08,423.95,422.67,423.9,229224.0
10:17,424.34,424.38,422.94,423.11,216396.0
10:18,425.32,426.14,424.28,424.31,460567.0
10:19,424.11,425.59,424.0,425.3,247832.0
10:20,425.23,425.23,424.0,424.15,191494.0
10:21,424.26,425.34,423.63,425.23,197677.0
10:22,424.48,424.77,424.05,424.27,128831.0
10:23,426.1,426.16,424.35,424.42,291428.0
10:24,426.05,426.24,425.69,426.11,205637.0
10:25,426.39,426.47,425.48,426.1,234309.0
10:26,426.98,427.2,426.13,426.41,359638.0
10:27,427.18,427.22,426.57,426.92,211879.0
10:28,427.83,427.99,426.55,427.15,7028939.0
10:29,427.81,428.15,427.54,427.83,1.0
10:30,427.85,428.29,427.6,427.87,255404.0
10:31,428.16,428.33,427.47,427.87,210139.0
10:32,428.44,428.94,428.02,428.2,322004.0
10:33,427.18,428.47,426.8,428.42,335695.0
10:34,427.48,428.19,427.15,427.16,240004.0
10:35,427.76,427.94,427.16,427.51,145469.0
10:36,427.94,428.24,427.57,427.8,171461.0
10:37,428.04,428.15,427.54,427.93,168654.0
10:38,427.28,428.19,426.95,428.07,217546.0
10:39,426.84,427.22,426.64,427.2,167172.0
10:40,426.76,427.19,426.0,426.83,239936.0
10:41,426.97,427.04,426.44,426.79,108695.0
10:42,426.82,427.5,426.66,427.04,163830.0
10:43,427.48,427.49,426.74,426.77,119594.0
10:44,427.4,427.74,427.13,427.46,160564.0
10:45,427.91,427.94,426.97,427.43,141116.0
10:46,426.95,428.11,426.78,427.89,187427.0
10:47,426.52,427.29,426.47,427.0,161733.0
10:48,425.94,426.62,425.35,426.52,232925.0
10:49,425.64,426.0,425.5,425.99,143446.0
10:50,426.27,426.35,425.3,425.67,199514.0
10:51,426.52,426.74,425.56,426.31,154934.0
10:52,425.76,426.6,425.35,426.47,174708.0
10:53,425.55,426.0,425.03,425.82,163946.0
10:54,425.13,425.92,425.05,425.56,119725.0
10:55,424.7,425.15,424.46,425.1,206481.0
10:56,424.79,425.5,424.55,424.79,213748.0
10:57,425.31,425.6,424.68,424.73,177083.0
10:58,424.61,425.37,424.29,425.3,153998.0
10:59,423.63,424.86,423.47,424.66,237053.0
11:00,422.57,423.67,422.3,423.66,331225.0
11:01,423.43,423.59,422.06,422.57,341121.0
11:02,422.9,424.14,422.9,423.43,215326.0
11:03,422.51,423.01,422.3,422.86,232230.0
11:04,421.75,422.63,421.38,422.5,297852.0
11:05,422.1,422.13,421.14,421.78,256577.0
11:06,422.68,422.77,421.72,422.05,232429.0
11:07,421.4,422.66,421.11,422.66,222791.0
11:08,421.54,421.71,421.11,421.36,152449.0
11:09,421.22,421.83,421.03,421.52,195684.0
11:10,421.12,421.43,420.34,421.29,280072.0
11:11,421.33,421.35,420.55,421.13,178573.0
11:12,420.14,421.48,420.07,421.38,225996.0
11:13,421.32,421.55,420.03,420.17,258879.0
11:14,419.63,421.29,419.49,421.29,306450.0
11:15,419.13,419.66,419.1,419.64,256948.0
11:16,418.72,419.23,418.01,419.17,411709.0
11:17,420.2,420.29,418.38,418.69,295978.0
11:18,419.2,421.05,418.76,420.28,324683.0
11:19,418.73,419.3,418.18,419.22,250077.0
11:20,419.46,419.99,418.69,418.77,211840.0
11:21,419.74,420.17,418.94,419.45,199675.0
11:22,417.57,419.71,417.12,419.65,359460.0
11:23,418.66,419.16,417.15,417.54,257893.0
11:24,418.47,419.12,418.02,418.65,174630.0
11:25,418.86,419.13,417.86,418.48,216244.0
11:26,419.22,419.5,418.54,418.99,183493.0
11:27,421.05,421.39,419.16,419.29,371389.0
11:28,419.95,421.07,419.7,421.05,282324.0
11:29,418.31,420.0,418.11,420.0,267982.0
11:30,418.94,419.11,417.73,418.28,258956.0
11:31,417.53,419.07,417.0,418.83,319074.0
11:32,417.96,418.22,417.3,417.58,160416.0
11:33,417.44,418.24,417.22,418.0,157535.0
11:34,417.47,418.04,417.1,417.45,150388.0
11:35,415.98,417.6,415.84,417.43,332073.0
11:36,416.19,417.1,415.73,415.95,227427.0
11:37,416.11,416.98,415.51,416.2,223941.0
11:38,414.79,416.45,414.66,416.12,355399.0
11:39,415.73,416.09,414.66,414.82,290719.0
11:40,414.74,415.78,414.4,415.71,230554.0
11:41,414.86,415.36,414.34,414.83,179961.0
11:42,414.47,415.19,414.14,414.96,201353.0
11:43,415.37,416.08,414.48,414.48,263158.0
11:44,414.29,415.61,413.62,415.32,228793.0
11:45,415.24,415.7,413.82,414.36,226588.0
11:46,414.53,415.37,414.14,415.23,155040.0
11:47,415.7,415.73,413.9,414.4,215636.0
11:48,416.24,416.43,414.95,415.69,211463.0
11:49,415.76,416.95,415.03,416.23,233532.0
11:50,416.08,416.5,415.45,415.72,143853.0
11:51,416.82,416.95,415.15,416.01,186687.0
11:52,414.33,417.2,414.24,416.85,293633.0
11:53,414.49,415.83,414.25,414.37,169014.0
11:54,411.73,414.52,411.16,414.52,421057.0
11:55,410.39,411.96,410.04,411.75,342547.0
11:56,410.18,411.04,409.75,410.46,409577.0
11:57,409.59,410.49,408.88,410.18,338235.0
11:58,408.7,409.69,407.54,409.64,410179.0
11:59,408.74,409.09,407.41,408.63,265615.0
12:00,409.51,410.95,408.24,408.77,436276.0
12:01,410.99,411.1,408.83,409.44,272348.0
12:02,409.33,411.21,409.25,410.99,211732.0
12:03,408.52,410.52,408.4,409.28,214555.0
12:04,409.76,409.99,408.52,408.6,167285.0
12:05,408.57,409.95,408.38,409.7,155482.0
12:06,407.83,409.04,407.68,408.55,214181.0
12:07,407.05,408.18,406.24,407.81,296941.0
12:08,408.29,408.91,406.46,407.06,250724.0
12:09,407.07,408.44,406.84,408.21,186891.0
12:10,406.54,407.39,405.5,407.02,313383.0
12:11,405.41,406.79,405.0,406.57,229167.0
12:12,405.32,405.85,404.68,405.4,312055.0
12:13,404.27,405.41,404.23,405.29,243291.0
12:14,406.13,406.7,404.27,404.3,338015.0
12:15,405.51,406.19,404.74,406.0,210608.0
12:16,403.43,405.62,403.25,405.47,371264.0
12:17,403.63,404.26,403.13,403.48,155458.0
12:18,403.81,404.66,403.35,403.63,192772.0
12:19,403.74,404.4,402.92,403.87,266428.0
12:20,402.36,404.2,401.56,403.66,289130.0
12:21,404.9,404.96,401.83,402.36,301983.0
12:22,404.51,405.5,403.59,404.9,255322.0
12:23,404.92,405.48,404.45,404.52,193485.0
12:24,403.82,405.8,403.67,404.93,247346.0
12:25,403.24,403.96,402.14,403.76,213713.0
12:26,404.25,404.8,402.82,403.32,223481.0
12:27,404.21,405.19,403.68,404.21,175190.0
12:28,405.09,405.21,404.04,404.16,184476.0
12:29,404.2,405.16,403.62,405.09,214161.0
12:30,405.53,405.77,403.89,404.12,258567.0
12:31,403.02,405.66,402.8,405.57,261318.0
12:32,403.07,404.18,402.91,403.13,167413.0
12:33,401.79,403.28,401.64,403.08,282112.0
12:34,401.41,402.06,401.02,401.84,292666.0
12:35,399.1,401.85,398.99,401.42,457082.0
12:36,399.75,399.88,398.48,399.13,285915.0
12:37,400.43,400.81,399.5,399.71,15469318.0
12:38,402.31,402.42,400.09,400.45,1.0
12:39,402.77,403.16,402.27,402.33,220361.0
12:40,402.51,403.27,401.37,402.75,225376.0
12:41,402.27,403.39,402.13,402.56,183709.0
12:42,401.75,402.81,401.51,402.29,159992.0
12:43,400.65,401.9,400.57,401.76,130584.0
12:44,400.45,401.65,400.45,400.72,137014.0
12:45,400.36,401.23,400.21,400.46,128448.0
12:46,400.7,400.85,399.65,400.46,209619.0
12:47,400.42,401.82,399.57,400.77,252223.0
12:48,400.61,401.53,400.17,400.43,130545.0
12:49,400.85,401.55,400.17,400.64,99426.0
12:50,402.6,402.66,400.65,400.86,194133.0
12:51,403.25,403.44,402.03,402.55,261743.0
12:52,402.81,404.08,402.74,403.26,250475.0
12:53,401.61,403.39,401.54,402.81,235448.0
12:54,402.37,402.81,401.6,401.61,119610.0
12:55,403.44,403.61,402.11,402.37,140172.0
12:56,403.23,403.63,402.61,403.46,136950.0
12:57,403.0,404.2,402.73,403.27,165705.0
12:58,404.88,404.95,403.03,403.08,224951.0
12:59,404.11,405.27,403.58,404.84,309418.0
13:00,404.12,404.17,402.74,404.11,242326.0
13:01,402.96,404.22,402.81,404.11,178141.0
13:02,403.11,403.82,402.32,402.9,205916.0
13:03,403.07,403.95,402.72,403.09,147444.0
13:04,403.54,403.65,402.73,403.07,140737.0
13:05,403.86,404.1,403.13,403.5,154738.0
13:06,405.3,405.51,403.65,403.79,246697.0
13:07,404.85,405.56,404.4,405.36,231296.0
13:08,405.21,405.65,404.84,404.89,181823.0
13:09,406.03,406.17,404.92,405.16,216041.0
13:10,405.74,406.3,405.13,406.0,193299.0
13:11,406.02,406.32,405.55,405.71,155054.0
13:12,407.21,407.6,406.04,406.04,227842.0
13:13,407.22,407.99,407.07,407.25,270386.0
13:14,407.87,408.14,407.14,407.24,235981.0
13:15,406.79,408.16,406.65,407.88,244795.0
13:16,405.21,407.08,404.89,406.82,261130.0
13:17,404.29,405.97,403.99,405.21,307123.0
13:18,404.21,404.47,403.45,404.26,241301.0
13:19,404.94,405.11,404.02,404.12,153502.0
13:20,405.67,405.85,404.64,404.87,171215.0
13:21,404.78,406.52,404.24,405.73,201302.0
13:22,404.82,404.93,403.89,404.78,151810.0
13:23,405.2,405.28,404.07,404.8,125629.0
13:24,404.38,405.55,404.14,405.3,124449.0
13:25,404.53,404.94,404.26,404.4,86313.0
13:26,404.05,405.15,404.05,404.51,90494.0
13:27,404.18,404.68,403.8,404.18,135672.0
13:28,404.74,405.17,403.75,404.12,129611.0
13:29,405.2,405.66,404.64,404.83,115688.0
13:30,404.98,405.49,404.72,405.19,100964.0
13:31,405.42,405.8,404.9,404.98,119336.0
13:32,404.29,405.75,404.21,405.45,106269.0
13:33,403.15,404.54,403.03,404.33,201169.0
13:34,404.23,404.38,402.75,403.21,196343.0
13:35,403.71,404.4,403.4,404.28,105100.0
13:36,402.92,403.74,402.79,403.68,96842.0
13:37,402.92,403.63,402.89,403.02,83135.0
13:38,402.22,403.4,401.68,402.95,184230.0
13:39,402.17,402.35,401.8,402.21,95431.0
13:40,401.71,402.31,401.57,402.14,111364.0
13:41,401.9,402.0,401.1,401.67,167102.0
13:42,401.85,402.63,401.58,401.94,124185.0
13:43,402.11,402.38,401.54,401.91,101255.0
13:44,401.79,402.15,401.53,402.07,73444.0
13:45,401.3,402.05,401.28,401.8,90061.0
13:46,401.33,401.61,401.0,401.28,101925.0
13:47,401.47,402.25,401.33,401.36,140350.0
13:48,400.71,401.48,400.4,401.39,235571.0
13:49,400.63,401.09,400.6,400.71,86923.0
13:50,399.46,400.74,399.33,400.63,232385.0
13:51,399.16,399.92,398.97,399.47,187461.0
13:52,398.09,399.14,397.59,399.11,299281.0
13:53,397.87,398.98,397.63,398.12,159532.0
13:54,398.61,399.0,397.77,397.85,164602.0
13:55,398.26,398.78,397.83,398.56,137514.0
13:56,398.65,398.94,397.96,398.23,136926.0
13:57,398.13,399.05,397.85,398.64,129922.0
13:58,399.93,400.11,398.07,398.07,219274.0
13:59,399.74,400.73,399.66,399.87,219783.0
14:00,399.18,400.07,399.05,399.7,143246.0
14:01,398.9,399.78,398.64,399.15,132439.0
14:02,398.46,399.52,398.37,398.99,104783.0
14:03,398.11,398.68,397.71,398.49,183666.0
14:04,398.32,398.54,397.93,398.11,122876.0
14:05,398.27,398.7,397.7,398.33,134085.0
14:06,398.33,398.36,397.39,398.23,148426.0
14:07,398.39,398.64,397.98,398.25,103009.0
14:08,398.41,398.93,397.45,398.39,169680.0
14:09,399.38,399.56,398.01,398.36,147776.0
14:10,399.73,400.19,399.0,399.35,175194.0
14:11,399.91,400.32,399.41,399.7,124468.0
14:12,399.33,400.01,398.68,399.86,140518.0
14:13,399.74,400.13,399.31,399.31,115885.0
14:14,399.96,400.33,399.45,399.81,113669.0
14:15,399.7,400.01,399.4,399.92,81264.0
14:16,399.15,399.91,399.1,399.82,81050.0
14:17,400.57,400.63,398.92,399.16,170579.0
14:18,401.1,401.19,400.43,400.55,193303.0
14:19,400.24,401.32,399.68,401.12,156930.0
14:20,401.2,401.4,400.24,400.24,134038.0
14:21,401.44,401.78,400.6,401.2,122036.0
14:22,400.61,401.57,400.36,401.49,136939.0
14:23,400.77,401.33,400.61,400.7,82435.0
14:24,399.92,400.85,399.77,400.78,117808.0
14:25,401.35,401.4,399.76,399.89,138336.0
14:26,401.3,401.44,400.77,401.35,95438.0
14:27,402.28,402.36,401.24,401.24,144189.0
14:28,403.0,403.14,402.27,402.27,182171.0
14:29,402.38,403.13,402.24,402.91,128017.0
14:30,401.03,402.36,400.87,402.33,146591.0
14:31,400.95,401.28,400.58,401.04,101468.0
14:32,400.08,401.1,399.61,400.95,169789.0
14:33,400.21,400.66,400.0,400.05,105853.0
14:34,400.01,400.33,399.7,400.21,93214.0
14:35,400.48,401.05,400.05,400.05,115903.0
14:36,400.47,401.26,400.13,400.5,125355.0
14:37,400.8,401.3,400.45,400.48,82091.0
14:38,400.29,401.11,400.29,400.89,78978.0
14:39,400.66,400.8,400.26,400.3,61314.0
14:40,400.07,400.72,399.88,400.6,88184.0
14:41,400.5,400.5,399.52,399.99,130699.0
14:42,401.02,401.33,399.84,400.45,133767.0
14:43,400.03,401.18,399.85,401.02,121156.0
14:44,401.19,401.25,400.01,400.03,134572.0
14:45,400.75,401.45,400.47,401.15,88829.0
14:46,400.11,401.15,400.08,400.7,97465.0
14:47,400.37,400.44,399.8,400.08,88973.0
14:48,400.72,400.89,400.25,400.39,72290.0
14:49,400.5,400.88,400.27,400.73,64253.0
14:50,401.38,401.49,400.66,400.66,127162.0
14:51,401.6,401.66,400.59,401.4,126664.0
14:52,401.8,402.01,401.25,401.53,111702.0
14:53,402.14,402.38,401.5,401.78,98801.0
14:54,402.73,402.97,402.06,402.18,134145.0
14:55,403.53,403.69,402.54,402.69,161391.0
14:56,403.16,403.67,402.33,403.43,172802.0
14:57,404.15,404.27,403.11,403.18,191850.0
14:58,404.15,404.27,403.81,404.18,147521.0
14:59,404.36,404.58,403.87,404.12,144680.0
15:00,403.13,404.32,402.88,404.32,211295.0
15:01,402.02,403.3,401.8,403.13,161832.0
15:02,401.5,402.23,401.1,401.99,131292.0
15:03,401.86,402.2,401.3,401.48,125830.0
15:04,401.87,402.44,401.61,401.9,124492.0
15:05,402.27,402.38,401.4,401.7,109545.0
15:06,402.87,403.33,402.04,402.3,134963.0
15:07,401.99,402.97,401.77,402.97,109199.0
15:08,402.15,402.49,401.73,402.0,70593.0
15:09,402.11,402.44,401.84,402.19,63928.0
15:10,402.32,402.49,401.77,402.17,73310.0
15:11,401.29,402.36,401.26,402.36,86364.0
15:12,401.18,401.54,401.0,401.34,136418.0
15:13,400.76,401.31,400.62,401.18,126453.0
15:14,401.45,401.71,400.74,400.76,97971.0
15:15,401.9,402.1,401.13,401.48,110952.0
15:16,401.73,402.3,401.17,401.94,98014.0
15:17,401.26,401.82,401.22,401.76,64199.0
15:18,401.33,402.05,401.22,401.22,71686.0
15:19,401.28,401.77,401.18,401.33,101295.0
15:20,401.41,401.45,400.58,401.2,139217.0
15:21,401.95,402.04,401.41,401.41,113488.0
15:22,401.72,402.05,401.43,401.89,73773.0
15:23,400.41,401.83,400.36,401.75,21008365.0
15:24,399.09,400.48,398.9,400.39,1.0
15:25,399.07,399.37,398.76,399.1,173897.0
15:26,398.16,399.21,398.14,399.07,161167.0
15:27,398.94,398.95,398.04,398.23,167180.0
15:28,399.6,399.61,398.92,398.94,132928.0
15:29,399.74,400.0,399.45,399.61,115955.0
15:30,400.07,400.36,399.72,399.78,148051.0
15:31,400.14,400.63,399.78,399.99,126644.0
15:32,399.39,400.2,399.18,400.2,135206.0
15:33,399.68,399.93,399.2,399.41,104144.0
15:34,399.67,400.19,399.22,399.67,119921.0
15:35,399.24,400.12,399.2,399.67,133986.0
15:36,399.42,399.53,398.96,399.26,112200.0
15:37,398.7,399.64,398.63,399.45,132525.0
15:38,398.1,398.77,397.97,398.73,202393.0
15:39,398.45,398.65,397.96,398.14,140749.0
15:40,398.12,399.23,398.11,398.44,186520.0
15:41,397.86,398.39,397.62,398.12,180168.0
15:42,398.81,399.4,397.86,397.86,190152.0
15:43,398.33,398.98,398.28,398.82,128463.0
15:44,398.87,398.99,397.9,398.32,147436.0
15:45,399.24,399.37,398.66,398.84,157436.0
15:46,397.49,399.32,397.46,399.22,195450.0
15:47,397.85,398.64,397.01,397.5,245925.0
15:48,398.35,398.47,397.66,397.84,128867.0
15:49,397.21,398.57,397.16,398.38,21964220.0
15:50,399.26,399.35,397.22,397.22,1.0
15:51,399.33,399.43,398.46,399.16,139878.0
15:52,398.85,399.65,398.6,399.33,131811.0
15:53,398.3,398.9,398.15,398.86,107077.0
15:54,397.3,398.46,397.0,398.31,231311.0
15:55,397.69,398.25,397.0,397.36,252824.0
15:56,396.73,397.8,396.7,397.7,315696.0
15:57,396.27,397.14,396.27,396.72,302181.0
15:58,395.26,396.34,395.01,396.27,542311.0
15:59,395.07,395.4,394.74,395.26,972880.0
