Time,Close,High,Low,Open,Volume
09:30,447.34,447.37,443.0,444.36,3226507.0
09:31,449.52,449.7,447.26,447.38,952995.0
09:32,450.04,450.98,448.82,449.47,1209119.0
09:33,449.86,450.14,448.7,449.9,544604.0
09:34,449.22,450.61,448.42,450.0,507209.0
09:35,448.8,450.1,448.28,449.16,454856.0
09:36,449.0,449.64,448.48,448.76,287800.0
09:37,449.35,449.71,448.65,448.96,326596.0
09:38,449.08,450.23,448.5,449.43,450983.0
09:39,448.67,449.68,448.48,449.06,383721.0
09:40,448.39,449.39,447.73,448.6,447014.0
09:41,447.05,448.93,446.88,448.44,521110.0
09:42,445.43,447.07,444.95,447.04,542024.0
09:43,446.36,446.63,445.2,445.37,409222.0
09:44,447.4,447.63,446.39,446.39,358232.0
09:45,446.81,448.05,446.08,447.35,386632.0
09:46,446.29,447.12,445.8,446.8,248266.0
09:47,445.47,446.73,445.06,446.31,318029.0
09:48,445.36,446.05,445.21,445.4,298611.0
09:49,446.78,446.88,444.73,445.44,532992.0
09:50,445.94,446.98,445.41,446.73,273340.0
09:51,445.38,446.16,445.14,445.92,182960.0
09:52,444.28,445.48,443.35,445.43,551826.0
09:53,443.8,444.48,443.63,444.29,331522.0
09:54,444.59,444.87,443.35,443.88,326599.0
09:55,441.72,444.59,441.5,444.58,587347.0
09:56,442.59,442.78,441.5,441.7,330782.0
09:57,443.11,443.39,442.48,442.62,287899.0
09:58,443.86,444.16,443.07,443.1,294059.0
09:59,444.41,444.53,443.5,443.9,250322.0
10:00,443.32,445.29,443.27,444.41,511872.0
10:01,442.65,443.78,442.24,443.26,398648.0
10:02,442.62,443.55,442.44,442.82,260129.0
10:03,441.22,442.85,441.21,442.67,316253.0
10:04,441.35,441.9,441.26,441.89,409383.0
10:05,442.9,443.01,441.15,441.34,350514.0
10:06,443.31,443.41,442.84,442.93,6235902.0
10:07,444.43,444.51,443.18,443.32,1.0
10:08,443.94,444.51,443.86,444.42,256499.0
10:09,445.23,445.29,444.02,444.02,372916.0
10:10,445.03,445.48,444.83,445.14,262670.0
10:11,444.09,445.19,443.56,445.08,334835.0
10:12,444.35,444.74,444.0,444.08,175851.0
10:13,445.32,445.55,444.31,444.32,280590.0
10:14,445.8,445.93,445.03,445.31,230798.0
10:15,446.15,446.35,445.57,445.75,324831.0
10:16,446.27,446.47,445.83,446.14,226961.0
10:17,446.41,446.49,445.4,446.24,262630.0
10:18,445.7,446.46,445.5,446.46,182407.0
10:19,444.77,445.98,444.74,445.75,274324.0
10:20,444.71,445.28,444.45,444.8,187858.0
10:21,445.12,445.24,444.5,444.7,165862.0
10:22,444.7,445.2,444.44,445.1,182005.0
10:23,444.39,444.69,443.62,444.64,245642.0
10:24,443.39,444.35,443.15,444.35,206873.0
10:25,443.75,444.2,443.07,443.4,178094.0
10:26,444.04,444.38,443.65,443.77,157670.0
10:27,444.12,444.4,443.75,444.04,110512.0
10:28,443.98,444.3,443.66,444.15,99511.0
10:29,443.8,444.62,443.66,443.96,186596.0
10:30,443.78,444.09,443.38,443.87,148052.0
10:31,443.78,444.14,443.39,443.79,125360.0
10:32,444.03,444.39,443.76,443.84,123878.0
10:33,444.0,444.34,443.76,444.04,97191.0
10:34,443.81,444.2,443.58,444.0,104865.0
10:35,444.04,444.47,443.7,443.74,146694.0
10:36,443.76,444.25,443.68,444.16,111698.0
10:37,443.83,444.43,443.43,443.76,181563.0
10:38,443.44,444.09,443.34,443.83,151683.0
10:39,443.23,443.8,443.08,443.45,178140.0
10:40,443.67,444.33,442.94,443.2,228456.0
10:41,443.8,443.9,443.32,443.71,102676.0
10:42,444.32,444.45,443.61,443.78,141347.0
10:43,443.79,444.57,443.7,444.32,153729.0
10:44,444.1,444.33,443.65,443.84,89612.0
10:45,443.92,444.14,443.5,444.13,119235.0
10:46,444.55,444.71,443.89,443.96,150932.0
10:47,444.89,444.9,444.32,444.5,125570.0
10:48,444.51,445.24,444.32,444.9,154689.0
10:49,444.26,444.6,444.16,444.51,83633.0
10:50,443.4,444.29,443.27,444.26,203661.0
10:51,443.73,444.11,443.37,443.42,116803.0
10:52,443.92,444.2,443.53,443.69,116733.0
10:53,443.79,444.01,443.66,443.86,82073.0
10:54,444.31,444.4,443.6,443.85,112836.0
10:55,443.85,444.44,443.79,444.28,99986.0
10:56,442.69,443.97,442.6,443.85,256223.0
10:57,442.9,443.1,442.6,442.7,136556.0
10:58,442.81,443.32,442.76,442.95,119686.0
10:59,442.77,443.06,442.41,442.75,138364.0
11:00,443.39,443.45,442.56,442.73,135269.0
11:01,444.55,444.58,443.37,443.42,227281.0
11:02,444.64,444.89,444.22,444.57,177543.0
11:03,444.04,444.64,443.92,444.64,110746.0
11:04,444.11,444.21,443.93,444.09,76663.0
11:05,443.86,444.3,443.77,444.11,119844.0
11:06,443.96,444.0,443.6,443.91,97253.0
11:07,443.35,444.11,443.17,443.95,125743.0
11:08,443.22,443.63,443.07,443.32,100067.0
11:09,443.36,443.76,443.18,443.23,102428.0
11:10,442.87,443.65,442.83,443.38,125767.0
11:11,442.85,443.26,442.71,442.87,103035.0
11:12,442.91,443.13,442.6,442.83,101883.0
11:13,442.42,442.93,442.36,442.89,110274.0
11:14,442.52,442.87,442.25,442.4,111476.0
11:15,442.24,442.79,442.16,442.57,136401.0
11:16,441.74,442.29,441.56,442.28,267580.0
11:17,441.35,442.17,441.13,441.68,189086.0
11:18,441.24,441.36,440.81,441.21,303485.0
11:19,441.76,442.05,441.04,441.27,243957.0
11:20,441.76,442.08,441.2,441.74,163782.0
11:21,442.07,442.36,441.72,441.75,174794.0
11:22,442.65,442.91,442.08,442.13,171996.0
11:23,443.14,443.24,442.63,442.63,228929.0
11:24,442.85,443.22,442.6,443.12,147362.0
11:25,442.62,443.24,442.36,442.86,159681.0
11:26,443.01,443.28,442.6,442.63,116287.0
11:27,442.61,443.09,442.45,443.0,102101.0
11:28,442.53,442.92,442.46,442.66,99380.0
11:29,442.27,442.62,442.05,442.58,118530.0
11:30,442.09,442.56,441.89,442.32,134429.0
11:31,441.66,442.17,441.55,442.03,108947.0
11:32,441.66,441.92,441.48,441.66,87936.0
11:33,441.64,441.8,441.15,441.68,155187.0
11:34,440.76,441.68,440.35,441.68,256990.0
11:35,440.53,441.05,440.36,440.73,174542.0
11:36,440.11,440.7,439.5,440.51,404771.0
11:37,441.08,441.14,440.1,440.15,242113.0
11:38,441.75,442.0,441.01,441.07,206562.0
11:39,441.72,441.89,441.38,441.73,125536.0
11:40,441.33,442.08,441.25,441.62,152355.0
11:41,441.24,441.56,441.18,441.37,74839.0
11:42,441.77,441.89,441.19,441.24,85662.0
11:43,442.12,442.18,441.45,441.68,118221.0
11:44,442.16,442.33,442.0,442.14,134621.0
11:45,441.52,442.3,441.48,442.21,101473.0
11:46,441.14,441.58,440.86,441.52,175793.0
11:47,441.11,441.44,440.95,441.11,95455.0
11:48,440.6,441.12,440.58,441.08,115458.0
11:49,440.68,441.17,440.55,440.56,110682.0
11:50,440.66,440.9,440.5,440.71,91331.0
11:51,440.95,441.28,440.67,440.67,107843.0
11:52,440.51,441.09,440.34,440.91,151391.0
11:53,440.09,440.54,439.95,440.5,184914.0
11:54,440.0,440.45,439.9,440.12,145409.0
11:55,440.02,440.43,439.9,440.04,118269.0
11:56,440.04,440.25,439.75,440.04,142073.0
11:57,440.32,440.36,439.9,440.04,104462.0
11:58,440.46,440.5,440.11,440.34,130107.0
11:59,440.67,440.94,440.27,440.49,140489.0
12:00,441.06,441.15,440.61,440.66,155268.0
12:01,441.22,441.24,440.84,441.1,134505.0
12:02,440.29,441.24,440.21,441.17,128170.0
12:03,440.23,440.45,439.85,440.29,129276.0
12:04,440.47,440.54,440.15,440.2,121426.0
12:05,440.82,440.84,440.42,440.44,83596.0
12:06,440.63,441.08,440.53,440.8,127028.0
12:07,440.64,440.8,440.44,440.64,81722.0
12:08,441.33,441.4,440.66,440.68,141830.0
12:09,441.6,441.66,441.21,441.3,160994.0
12:10,441.74,441.75,441.14,441.59,126062.0
12:11,441.81,441.89,441.51,441.71,130102.0
12:12,441.58,441.97,441.54,441.83,103593.0
12:13,441.93,441.97,441.4,441.56,91832.0
12:14,441.56,442.03,441.51,441.87,113600.0
12:15,441.88,442.06,441.4,441.58,98272.0
12:16,441.54,441.94,441.51,441.89,74842.0
12:17,440.79,441.56,440.5,441.56,162164.0
12:18,441.11,441.23,440.79,440.79,82475.0
12:19,440.98,441.32,440.98,441.11,76987.0
12:20,441.14,441.33,440.75,441.02,89826.0
12:21,441.11,441.33,440.8,441.14,74405.0
12:22,441.93,441.98,441.08,441.18,110145.0
12:23,441.98,442.2,441.75,441.93,155102.0
12:24,442.05,442.11,441.86,441.96,83934.0
12:25,442.01,442.17,441.71,442.02,124788.0
12:26,441.75,442.08,441.7,441.98,66329.0
12:27,441.84,441.89,441.58,441.76,74392.0
12:28,441.92,442.07,441.77,441.86,51096.0
12:29,441.88,442.22,441.85,441.94,72764.0
12:30,442.18,442.25,441.9,441.95,63725.0
12:31,442.02,442.36,442.0,442.18,93390.0
12:32,442.14,442.19,441.89,442.04,67047.0
12:33,442.33,442.35,442.05,442.17,74977.0
12:34,442.28,442.49,442.0,442.35,120398.0
12:35,442.1,442.28,441.71,442.28,83751.0
12:36,442.14,442.32,441.91,442.07,61723.0
12:37,442.17,442.33,441.98,442.15,51535.0
12:38,441.92,442.17,441.83,442.17,70992.0
12:39,441.96,442.06,441.7,441.96,89630.0
12:40,442.01,442.19,441.85,441.9,86301.0
12:41,442.27,442.33,441.91,442.01,86566.0
12:42,442.29,442.73,442.24,442.28,141307.0
12:43,441.83,442.5,441.82,442.29,126787.0
12:44,441.62,441.89,441.41,441.82,120867.0
12:45,441.78,441.97,441.62,441.63,80595.0
12:46,441.91,442.1,441.76,441.77,61371.0
12:47,441.98,442.23,441.9,441.9,75897.0
12:48,441.95,442.37,441.79,442.02,89616.0
12:49,442.05,442.14,441.62,441.99,84670.0
12:50,441.74,442.07,441.45,442.06,87603.0
12:51,442.02,442.05,441.59,441.76,56384.0
12:52,441.97,442.08,441.62,442.0,60921.0
12:53,441.43,441.93,441.34,441.89,86701.0
12:54,441.29,441.62,441.25,441.4,70973.0
12:55,441.26,441.5,441.22,441.35,63480.0
12:56,441.4,441.53,441.13,441.24,58366.0
12:57,441.4,441.51,441.21,441.42,40894.0
12:58,441.3,441.66,441.22,441.42,52587.0
12:59,441.6,441.62,441.26,441.32,61859.0
13:00,441.2,441.74,441.05,441.62,75948.0
13:01,440.82,441.16,440.71,441.14,88459.0
13:02,440.65,440.96,440.53,440.84,74059.0
13:03,439.74,440.68,439.68,440.62,194527.0
13:04,440.23,440.3,439.69,439.72,125422.0
13:05,440.6,440.67,440.22,440.3,97697.0
13:06,440.31,440.75,440.31,440.59,102498.0
13:07,440.37,440.89,440.18,440.26,107738.0
13:08,440.52,440.59,440.27,440.37,53823.0
13:09,440.2,440.52,440.2,440.48,66785.0
13:10,440.66,440.7,440.03,440.24,77260.0
13:11,440.75,440.88,440.45,440.68,104462.0
13:12,440.98,441.08,440.75,440.8,91338.0
13:13,440.92,441.14,440.69,440.97,92198.0
13:14,440.98,441.06,440.74,440.93,58192.0
13:15,441.0,441.02,440.66,440.92,68054.0
13:16,440.74,441.18,440.61,441.01,69588.0
13:17,441.09,441.1,440.67,440.74,67866.0
13:18,441.65,441.69,441.02,441.06,124513.0
13:19,441.9,441.91,441.45,441.65,108734.0
13:20,441.78,441.99,441.71,441.86,96988.0
13:21,441.64,441.89,441.55,441.77,66627.0
13:22,441.48,441.84,441.41,441.7,65962.0
13:23,441.69,442.02,441.45,441.5,106536.0
13:24,441.91,441.94,441.53,441.74,61459.0
13:25,441.86,441.95,441.7,441.9,54008.0
13:26,442.17,442.35,441.8,441.81,107992.0
13:27,441.68,442.22,441.63,442.14,105679.0
13:28,441.83,441.85,441.4,441.73,131749.0
13:29,441.76,442.16,441.63,441.81,79661.0
13:30,442.0,442.25,441.72,441.83,88212.0
13:31,442.16,442.27,441.73,442.0,82950.0
13:32,442.2,442.35,442.0,442.08,75188.0
13:33,442.41,442.49,442.15,442.18,114610.0
13:34,442.07,442.58,442.01,442.45,100084.0
13:35,442.17,442.44,441.99,442.07,119283.0
13:36,441.78,442.36,441.78,442.2,61936.0
13:37,441.99,442.2,441.84,441.84,71325.0
13:38,441.92,442.15,441.86,441.99,46083.0
13:39,441.89,442.05,441.85,441.96,38851.0
13:40,442.02,442.25,441.78,441.91,112562.0
13:41,442.4,442.47,441.97,441.97,98022.0
13:42,442.0,442.47,441.83,442.47,95115.0
13:43,441.5,441.99,441.41,441.94,154249.0
13:44,441.3,441.51,441.15,441.48,93235.0
13:45,441.53,441.66,441.15,441.24,100430.0
13:46,441.32,441.56,441.08,441.55,74736.0
13:47,441.59,441.8,441.32,441.32,93607.0
13:48,441.35,441.66,441.23,441.66,56996.0
13:49,441.58,441.62,441.27,441.32,35642.0
13:50,441.38,441.69,441.28,441.58,95426.0
13:51,441.41,441.84,441.37,441.46,79373.0
13:52,441.96,442.04,441.41,441.42,82319.0
13:53,441.97,442.01,441.8,442.0,49355.0
13:54,442.04,442.15,441.9,441.96,70529.0
13:55,441.97,442.23,441.7,442.04,84735.0
13:56,441.87,442.14,441.85,441.93,52008.0
13:57,441.9,441.96,441.79,441.87,46856.0
13:58,442.24,442.24,441.89,441.89,56204.0
13:59,442.37,442.45,442.15,442.23,71828.0
14:00,442.14,442.47,442.1,442.38,67699.0
14:01,442.81,442.85,442.05,442.18,126552.0
14:02,442.62,442.84,442.4,442.84,80592.0
14:03,442.98,443.08,442.62,442.62,141893.0
14:04,442.96,443.17,442.86,442.97,111331.0
14:05,442.96,443.12,442.93,442.96,79024.0
14:06,442.95,443.08,442.92,443.0,63647.0
14:07,442.92,443.0,442.67,442.92,90198.0
14:08,442.94,442.94,442.73,442.9,62993.0
14:09,443.12,443.2,442.65,442.89,104416.0
14:10,443.3,443.4,442.9,443.14,108269.0
14:11,442.96,443.37,442.93,443.27,90081.0
14:12,443.23,443.4,442.98,442.98,87229.0
14:13,443.11,443.44,443.04,443.27,78004.0
14:14,443.12,443.35,443.05,443.11,75055.0
14:15,443.08,443.4,443.01,443.1,83046.0
14:16,443.16,443.27,442.91,443.08,62873.0
14:17,443.18,443.22,442.8,443.16,76385.0
14:18,443.17,443.27,443.03,443.18,54186.0
14:19,443.42,443.45,442.91,443.16,80871.0
14:20,443.6,443.65,443.33,443.37,130194.0
14:21,443.5,443.7,443.44,443.58,87609.0
14:22,443.44,443.85,443.44,443.49,106132.0
14:23,443.27,443.5,443.22,443.46,72116.0
14:24,443.35,443.36,443.07,443.27,71445.0
14:25,443.06,443.37,442.94,443.37,66342.0
14:26,443.37,443.42,442.98,443.06,59323.0
14:27,443.34,443.51,443.23,443.39,47394.0
14:28,443.12,443.37,443.0,443.33,47219.0
14:29,443.14,443.19,443.0,443.08,54588.0
14:30,443.36,443.54,443.13,443.15,76082.0
14:31,443.85,443.85,443.28,443.39,82577.0
14:32,443.45,443.83,443.4,443.81,100375.0
14:33,443.37,443.67,443.37,443.48,55641.0
14:34,443.36,443.5,443.33,443.42,45047.0
14:35,443.22,443.43,443.2,443.36,119394.0
14:36,443.26,443.35,443.08,443.21,47677.0
14:37,443.35,443.38,443.1,443.28,48664.0
14:38,443.16,443.42,443.06,443.36,61055.0
14:39,442.56,443.15,442.5,443.12,142086.0
14:40,442.26,442.79,442.18,442.59,110311.0
14:41,442.12,442.44,442.03,442.29,69396.0
14:42,442.18,442.31,442.03,442.1,70448.0
14:43,441.97,442.24,441.94,442.19,70955.0
14:44,442.03,442.08,441.8,442.01,90156.0
14:45,441.87,442.17,441.84,442.0,82584.0
14:46,442.12,442.17,441.84,441.84,67233.0
14:47,442.3,442.59,442.08,442.08,130993.0
14:48,442.2,442.57,442.2,442.29,75719.0
14:49,442.31,442.36,442.08,442.23,47984.0
14:50,442.26,442.36,442.07,442.36,74583.0
14:51,442.46,442.48,442.15,442.27,46695.0
14:52,442.42,442.48,442.25,442.48,51239.0
14:53,442.52,442.56,442.35,442.4,57757.0
14:54,442.41,442.68,442.35,442.54,56832.0
14:55,442.59,442.75,442.29,442.4,60557.0
14:56,442.32,442.63,442.3,442.59,52917.0
14:57,442.67,442.69,442.3,442.33,58922.0
14:58,442.41,442.82,442.4,442.64,75079.0
14:59,442.34,442.6,442.33,442.41,58759.0
15:00,442.0,442.48,441.9,442.37,117519.0
15:01,442.42,442.42,441.99,441.99,55392.0
15:02,442.35,442.53,442.3,442.39,70102.0
15:03,442.14,442.41,442.04,442.37,79443.0
15:04,442.37,442.54,442.05,442.12,79217.0
15:05,442.21,442.6,442.19,442.4,76389.0
15:06,441.81,442.27,441.81,442.19,66329.0
15:07,441.82,441.85,441.41,441.8,132435.0
15:08,441.62,441.83,441.58,441.79,57513.0
15:09,441.51,441.76,441.35,441.6,96340.0
15:10,441.87,441.94,441.46,441.54,64916.0
15:11,441.9,442.09,441.75,441.86,69362.0
15:12,441.38,441.9,441.38,441.89,77162.0
15:13,441.72,441.78,441.3,441.4,65324.0
15:14,441.67,441.81,441.64,441.76,52560.0
15:15,440.5,441.69,440.4,441.67,191917.0
15:16,440.63,440.89,440.41,440.48,113860.0
15:17,440.6,440.79,440.5,440.65,83260.0
15:18,440.77,440.99,440.41,440.6,104125.0
15:19,441.0,441.13,440.71,440.78,99396.0
15:20,441.22,441.3,440.87,441.05,86028.0
15:21,441.07,441.39,440.97,441.13,87836.0
15:22,441.36,441.45,441.05,441.07,71008.0
15:23,441.38,441.49,441.28,441.38,60261.0
15:24,441.18,441.45,441.12,441.4,59841.0
15:25,441.32,441.4,440.92,441.15,89078.0
15:26,441.37,441.51,441.28,441.36,67494.0
15:27,441.25,441.43,441.19,441.39,40826.0
15:28,440.82,441.25,440.79,441.2,80665.0
15:29,440.75,440.99,440.6,440.85,105605.0
15:30,441.17,441.18,440.72,440.76,83740.0
15:31,441.34,441.4,441.07,441.14,96963.0
15:32,441.12,441.43,441.04,441.36,73187.0
15:33,441.58,441.68,441.16,441.21,129863.0
15:34,441.46,441.55,441.22,441.55,86368.0
15:35,441.41,441.64,441.35,441.45,66596.0
15:36,441.13,441.53,441.13,441.43,68374.0
15:37,441.17,441.24,441.05,441.15,61090.0
15:38,441.1,441.25,441.04,441.12,57971.0
15:39,441.42,441.6,441.01,441.07,116264.0
15:40,441.52,441.65,441.2,441.47,118606.0
15:41,441.38,441.59,441.18,441.52,70986.0
15:42,441.35,441.38,441.02,441.34,60420.0
15:43,441.38,441.44,441.15,441.4,68866.0
15:44,441.32,441.52,441.2,441.38,99349.0
15:45,441.77,441.88,441.36,441.36,147531.0
15:46,441.92,442.16,441.73,441.77,98372.0
15:47,442.16,442.22,441.91,441.92,79420.0
15:48,442.12,442.29,441.95,442.15,104589.0
15:49,442.26,442.29,442.07,442.14,56567.0
15:50,442.69,442.99,442.23,442.26,229098.0
15:51,442.33,442.84,442.29,442.72,138502.0
15:52,442.39,442.51,442.16,442.4,146804.0
15:53,442.27,442.42,442.16,442.34,96970.0
15:54,442.54,442.68,442.24,442.26,165366.0
15:55,443.56,443.64,442.59,442.59,328430.0
15:56,443.35,443.58,443.16,443.58,215516.0
15:57,443.32,443.51,443.18,443.35,219621.0
15:58,443.1,443.35,442.84,443.34,225493.0
15:59,443.21,443.46,442.98,443.11,407252.0
