Time,Close,High,Low,Open,Volume
09:30,432.0,435.24,431.25,435.24,3945641.0
09:31,429.81,432.2,429.36,432.01,734203.0
09:32,429.53,430.31,429.19,429.61,610332.0
09:33,427.89,430.15,427.78,429.69,611563.0
09:34,426.8,427.99,426.63,427.85,583687.0
09:35,427.89,428.13,426.46,426.71,592628.0
09:36,427.23,428.41,426.62,427.83,542136.0
09:37,427.69,428.14,426.72,427.23,374738.0
09:38,427.05,428.35,426.85,427.73,458990.0
09:39,425.85,427.49,425.6,426.93,530510.0
09:40,424.36,425.87,424.3,425.87,629818.0
09:41,423.69,425.2,423.62,424.36,490491.0
09:42,424.7,424.78,423.41,423.82,448033.0
09:43,425.2,425.67,424.4,424.76,509557.0
09:44,424.85,425.87,424.56,425.26,396889.0
09:45,426.25,426.25,426.25,426.25,429995.0
09:46,426.58,426.62,425.65,426.26,386750.0
09:47,427.96,428.17,426.5,426.52,451368.0
09:48,428.38,428.58,427.22,427.92,411413.0
09:49,427.01,428.65,426.9,428.3,462838.0
09:50,427.6,428.51,426.68,427.06,366756.0
09:51,426.07,428.2,426.05,427.52,389208.0
09:52,425.62,426.43,425.21,426.07,388670.0
09:53,425.46,425.79,425.14,425.64,231506.0
09:54,426.11,426.72,425.4,425.48,306946.0
09:55,426.15,426.88,425.9,426.12,233239.0
09:56,425.62,426.7,425.54,426.18,233664.0
09:57,424.82,425.99,424.78,425.59,330831.0
09:58,424.44,425.0,424.02,424.83,341549.0
09:59,425.17,425.33,424.38,424.51,231797.0
10:00,426.12,426.49,425.12,425.18,337007.0
10:01,428.27,428.6,425.85,426.11,439326.0
10:02,427.5,428.85,427.1,428.38,448858.0
10:03,427.43,427.85,426.85,427.42,216974.0
10:04,427.45,428.04,427.29,427.56,245462.0
10:05,429.47,429.47,427.45,427.45,357236.0
10:06,429.23,429.77,428.92,429.42,451842.0
10:07,428.44,429.62,428.01,429.08,320372.0
10:08,429.62,429.83,428.38,428.39,318594.0
10:09,429.74,430.28,429.18,429.62,387079.0
10:10,430.62,430.76,429.4,429.77,336387.0
10:11,430.72,431.1,430.41,430.64,354109.0
10:12,429.73,430.8,429.65,430.74,263299.0
10:13,429.76,430.0,429.38,429.77,196066.0
10:14,429.32,429.83,428.84,429.8,208678.0
10:15,430.2,430.4,429.31,429.31,262779.0
10:16,430.24,430.58,429.93,430.23,183651.0
10:17,429.57,430.43,429.36,430.2,165553.0
10:18,429.92,429.98,429.16,429.47,8357609.0
10:19,429.9,430.07,429.42,429.92,1.0
10:20,429.75,430.09,429.5,429.93,141458.0
10:21,430.66,430.91,429.71,429.85,215969.0
10:22,430.83,431.18,430.53,430.67,244525.0
10:23,430.88,431.19,430.66,430.87,214853.0
10:24,430.4,431.24,430.38,430.87,233942.0
10:25,430.13,430.99,429.76,430.5,301217.0
10:26,429.71,430.5,429.6,430.14,201272.0
10:27,429.3,429.98,429.15,429.65,203923.0
10:28,428.68,429.41,428.13,429.19,265238.0
10:29,429.16,429.33,428.5,428.72,194768.0
10:30,429.2,429.63,428.64,429.16,188920.0
10:31,429.27,429.59,429.04,429.2,135121.0
10:32,430.04,430.25,429.21,429.22,312144.0
10:33,430.18,430.26,429.75,430.01,166705.0
10:34,430.25,430.36,429.82,430.03,153998.0
10:35,429.73,430.3,429.4,430.19,169866.0
10:36,429.33,429.95,429.1,429.64,135012.0
10:37,429.03,430.04,429.0,429.41,135677.0
10:38,429.95,430.0,428.7,429.07,172976.0
10:39,429.71,430.06,429.31,429.98,142707.0
10:40,429.49,429.79,429.14,429.73,102087.0
10:41,429.6,430.03,429.43,429.54,108377.0
10:42,430.21,430.25,429.61,429.61,124109.0
10:43,429.59,430.25,429.33,430.23,120679.0
10:44,429.11,429.9,429.11,429.54,121680.0
10:45,429.12,429.49,428.84,429.17,143084.0
10:46,428.79,429.36,428.69,429.12,138544.0
10:47,428.68,428.96,428.38,428.81,180923.0
10:48,428.37,428.9,428.25,428.7,140985.0
10:49,428.97,429.05,427.84,428.43,246035.0
10:50,428.25,429.08,428.04,429.01,174881.0
10:51,427.62,428.59,427.6,428.19,219662.0
10:52,428.3,428.45,427.62,427.62,143036.0
10:53,427.86,428.36,427.66,428.27,103582.0
10:54,427.89,428.36,427.8,427.83,150486.0
10:55,428.84,429.03,427.87,427.87,172797.0
10:56,429.17,429.38,428.5,428.82,155734.0
10:57,429.54,429.58,429.12,429.2,175756.0
10:58,429.18,429.57,429.03,429.48,127290.0
10:59,429.0,429.44,428.92,429.07,95266.0
11:00,428.73,429.19,428.63,429.06,108158.0
11:01,429.15,429.34,428.71,428.71,98612.0
11:02,428.67,429.42,428.55,429.2,114379.0
11:03,428.17,428.92,428.09,428.73,126775.0
11:04,427.83,428.3,427.74,428.2,148113.0
11:05,427.95,428.19,427.68,427.87,150243.0
11:06,427.1,427.98,426.9,427.95,249854.0
11:07,426.55,427.22,426.4,427.04,197661.0
11:08,426.52,426.77,426.27,426.57,201924.0
11:09,426.52,426.58,426.13,426.49,158820.0
11:10,426.68,426.77,426.19,426.52,132608.0
11:11,427.5,427.52,426.64,426.65,257900.0
11:12,427.67,427.69,427.15,427.43,145346.0
11:13,427.48,427.69,427.24,427.67,124443.0
11:14,427.83,427.83,427.08,427.48,120502.0
11:15,428.2,428.38,427.68,427.79,174426.0
11:16,428.74,429.1,428.2,428.22,235188.0
11:17,428.63,429.1,428.62,428.74,133413.0
11:18,427.8,428.76,427.77,428.67,179271.0
11:19,427.4,427.92,427.3,427.84,148707.0
11:20,427.66,427.72,427.07,427.38,159251.0
11:21,427.45,427.93,427.21,427.67,101478.0
11:22,427.17,427.67,427.07,427.44,109701.0
11:23,427.67,427.83,427.02,427.14,112986.0
11:24,426.96,427.71,426.8,427.71,132739.0
11:25,426.87,427.1,426.52,427.0,122200.0
11:26,426.63,427.05,426.58,426.95,86932.0
11:27,426.24,426.85,426.19,426.68,140072.0
11:28,426.18,426.55,425.94,426.24,242530.0
11:29,426.84,427.01,426.12,426.15,148215.0
11:30,427.28,427.61,426.75,426.83,178826.0
11:31,427.22,427.38,427.01,427.31,112435.0
11:32,427.7,427.95,427.07,427.18,119151.0
11:33,427.25,427.77,427.23,427.76,93949.0
11:34,427.42,427.6,427.24,427.29,72442.0
11:35,427.47,427.8,427.4,427.41,105848.0
11:36,427.32,427.65,427.14,427.45,97309.0
11:37,427.25,427.73,427.13,427.34,89103.0
11:38,426.9,427.29,426.76,427.26,107009.0
11:39,428.01,428.2,426.89,426.9,169239.0
11:40,428.81,428.84,427.96,427.96,205914.0
11:41,428.81,429.09,428.66,428.85,160179.0
11:42,429.12,429.37,428.81,428.89,198794.0
11:43,428.98,429.16,428.7,429.16,223967.0
11:44,428.79,429.23,428.58,428.96,123307.0
11:45,428.39,428.81,428.31,428.76,129903.0
11:46,428.73,428.77,428.1,428.45,121129.0
11:47,429.12,429.15,428.57,428.74,140148.0
11:48,429.05,429.25,428.83,429.14,80045.0
11:49,429.14,429.22,428.87,429.07,68115.0
11:50,428.91,429.17,428.83,429.17,73867.0
11:51,429.13,429.15,428.64,428.84,82439.0
11:52,428.45,429.35,428.41,429.08,123130.0
11:53,428.27,428.6,428.16,428.44,122144.0
11:54,428.93,428.95,428.28,428.28,110131.0
11:55,429.07,429.17,428.84,428.95,106862.0
11:56,428.92,429.12,428.74,429.07,66519.0
11:57,428.73,429.2,428.7,428.95,108279.0
11:58,428.98,429.2,428.74,428.74,72862.0
11:59,429.41,429.49,428.81,429.04,126010.0
12:00,429.18,429.44,429.03,429.44,90514.0
12:01,429.54,429.56,428.82,429.21,115616.0
12:02,429.86,430.17,429.52,429.53,198908.0
12:03,429.17,429.92,429.03,429.87,144998.0
12:04,429.15,429.43,429.08,429.17,67242.0
12:05,428.7,429.32,428.58,429.18,129701.0
12:06,429.12,429.38,428.59,428.7,133273.0
12:07,429.1,429.5,428.8,429.11,132031.0
12:08,428.93,429.31,428.75,429.18,63395.0
12:09,428.88,429.28,428.75,428.96,65406.0
12:10,428.63,428.94,428.43,428.86,83287.0
12:11,429.01,429.15,428.56,428.58,83627.0
12:12,429.35,429.36,428.87,429.0,70480.0
12:13,429.32,429.43,429.05,429.36,82801.0
12:14,429.09,429.43,428.95,429.34,56708.0
12:15,429.24,429.31,428.87,429.1,49789.0
12:16,428.8,429.38,428.76,429.27,73158.0
12:17,428.99,429.2,428.78,428.79,57843.0
12:18,428.95,429.26,428.92,429.04,46952.0
12:19,429.23,429.47,428.93,428.98,78140.0
12:20,429.68,429.77,429.2,429.21,111182.0
12:21,429.4,429.71,429.34,429.65,72579.0
12:22,428.59,429.44,428.48,429.37,123522.0
12:23,428.64,428.77,428.53,428.55,115978.0
12:24,428.83,428.94,428.25,428.68,127574.0
12:25,428.9,429.12,428.7,428.8,75447.0
12:26,428.64,428.96,428.53,428.88,62922.0
12:27,428.39,428.8,428.32,428.56,64964.0
12:28,428.71,428.83,428.39,428.4,63512.0
12:29,428.66,429.0,428.64,428.78,59075.0
12:30,429.34,429.37,428.71,428.71,101520.0
12:31,429.14,429.35,428.93,429.33,77634.0
12:32,429.01,429.24,428.73,429.14,70011.0
12:33,428.9,429.31,428.84,429.03,52369.0
12:34,429.18,429.24,428.8,428.91,78990.0
12:35,429.15,429.37,429.06,429.17,76538.0
12:36,429.12,429.5,429.07,429.17,90395.0
12:37,428.93,429.21,428.69,429.15,85022.0
12:38,428.89,429.18,428.8,428.92,73567.0
12:39,428.94,429.02,428.81,428.89,60134.0
12:40,427.71,428.92,427.5,428.88,198733.0
12:41,427.82,427.98,427.6,427.74,152889.0
12:42,428.28,428.36,427.8,427.82,93246.0
12:43,428.18,428.33,428.1,428.27,64268.0
12:44,427.93,428.21,427.88,428.2,89861.0
12:45,427.85,428.11,427.78,427.94,90454.0
12:46,428.26,428.52,427.81,427.87,112094.0
12:47,428.07,428.43,428.04,428.26,70245.0
12:48,428.29,428.4,428.03,428.07,55306.0
12:49,428.17,428.39,428.14,428.32,47579.0
12:50,428.42,428.72,428.22,428.27,82895.0
12:51,428.26,428.56,428.26,428.42,56398.0
12:52,428.4,428.54,428.22,428.22,43281.0
12:53,428.68,428.82,428.34,428.4,60474.0
12:54,428.88,429.1,428.62,428.7,90804.0
12:55,429.33,429.35,428.84,428.92,100197.0
12:56,429.17,429.45,429.07,429.28,82471.0
12:57,428.93,429.3,428.88,429.15,57910.0
12:58,429.05,429.19,428.92,428.92,41186.0
12:59,428.86,429.2,428.76,429.09,62166.0
13:00,429.3,429.37,428.66,428.83,114259.0
13:01,429.12,429.26,428.81,429.22,58790.0
13:02,428.73,429.25,428.7,429.1,73605.0
13:03,428.42,428.92,428.38,428.73,68201.0
13:04,428.36,428.55,428.22,428.41,66201.0
13:05,428.57,428.57,428.21,428.39,64681.0
13:06,428.88,428.9,428.44,428.52,68439.0
13:07,429.06,429.15,428.84,428.89,76026.0
13:08,428.84,429.14,428.83,429.06,59827.0
13:09,429.09,429.1,428.67,428.87,71936.0
13:10,429.21,429.27,429.05,429.08,65815.0
13:11,428.89,429.36,428.7,429.24,85677.0
13:12,429.45,429.68,428.87,428.87,113347.0
13:13,429.49,429.62,429.36,429.49,56961.0
13:14,428.95,429.52,428.84,429.47,108532.0
13:15,428.05,428.98,427.85,428.93,168846.0
13:16,428.55,428.61,428.02,428.03,88342.0
13:17,429.11,429.23,428.57,428.57,120081.0
13:18,429.01,429.28,428.91,429.16,66571.0
13:19,428.81,429.11,428.73,429.06,46936.0
13:20,428.25,428.91,428.25,428.83,72631.0
13:21,427.03,428.33,426.9,428.27,191399.0
13:22,426.58,427.14,426.42,427.03,190102.0
13:23,426.45,426.83,425.9,426.58,286651.0
13:24,426.35,426.66,426.25,426.44,108331.0
13:25,426.6,427.09,426.26,426.26,146878.0
13:26,426.99,427.05,426.49,426.57,77282.0
13:27,426.79,427.02,426.75,426.98,65666.0
13:28,426.97,427.06,426.73,426.8,54500.0
13:29,426.94,427.18,426.84,426.98,88036.0
13:30,427.28,427.6,426.85,426.91,130357.0
13:31,426.9,427.37,426.87,427.28,77659.0
13:32,426.69,427.08,426.65,426.95,91250.0
13:33,426.14,426.8,426.1,426.69,118059.0
13:34,426.35,426.52,426.12,426.14,123799.0
13:35,425.92,426.52,425.74,426.42,152693.0
13:36,425.07,425.95,424.86,425.89,322292.0
13:37,425.84,425.99,425.0,425.05,193011.0
13:38,426.33,426.46,425.83,425.88,123053.0
13:39,426.14,426.59,426.07,426.27,118382.0
13:40,425.67,426.21,425.6,426.13,104231.0
13:41,425.27,425.72,425.02,425.65,127985.0
13:42,424.78,425.39,424.73,425.31,166916.0
13:43,424.56,424.78,424.01,424.76,226357.0
13:44,424.61,424.78,424.25,424.49,143093.0
13:45,424.28,424.74,424.22,424.56,154140.0
13:46,424.64,424.65,424.03,424.3,161564.0
13:47,424.25,424.7,424.16,424.57,127704.0
13:48,424.05,424.4,423.9,424.25,222997.0
13:49,422.46,424.33,422.35,424.13,423181.0
13:50,423.76,423.85,422.34,422.46,319340.0
13:51,423.44,423.92,423.35,423.83,172800.0
13:52,423.49,423.64,423.22,423.42,164183.0
13:53,423.09,423.8,422.81,423.44,189071.0
13:54,422.89,423.3,422.85,423.06,117679.0
13:55,422.64,423.25,422.47,422.92,176822.0
13:56,421.57,422.69,421.49,422.65,357429.0
13:57,421.45,421.8,421.33,421.6,234383.0
13:58,421.4,421.93,421.31,421.53,200666.0
13:59,421.9,421.92,421.2,421.38,190995.0
14:00,421.16,422.23,421.14,421.88,207468.0
14:01,420.67,421.68,420.55,421.18,301465.0
14:02,419.86,420.78,419.38,420.65,523797.0
14:03,420.0,420.28,419.54,419.82,247129.0
14:04,419.28,420.48,419.13,419.98,275208.0
14:05,420.36,420.67,419.08,419.32,327950.0
14:06,421.58,421.71,420.19,420.34,294228.0
14:07,421.33,422.03,421.21,421.54,284012.0
14:08,421.2,421.62,420.83,421.33,211914.0
14:09,421.98,421.99,420.99,421.14,181112.0
14:10,423.02,423.2,421.92,421.98,338760.0
14:11,422.72,423.31,422.56,423.02,240510.0
14:12,422.84,423.1,422.58,422.76,180148.0
14:13,422.2,422.88,421.77,422.8,258934.0
14:14,422.43,422.6,421.82,422.24,155082.0
14:15,422.93,423.14,422.45,422.49,213250.0
14:16,422.87,423.25,422.68,422.91,168539.0
14:17,423.28,423.42,422.84,422.85,146563.0
14:18,423.34,423.62,423.17,423.34,143240.0
14:19,423.67,423.75,423.29,423.34,129357.0
14:20,423.71,424.01,423.5,423.63,140858.0
14:21,423.88,423.98,423.66,423.74,108026.0
14:22,423.43,423.9,423.11,423.9,157523.0
14:23,423.7,423.76,423.02,423.46,141028.0
14:24,423.6,423.85,423.53,423.66,111701.0
14:25,424.15,424.24,423.6,423.67,176498.0
14:26,424.02,424.39,423.93,424.2,130366.0
14:27,424.19,424.41,423.91,423.98,94966.0
14:28,423.92,424.34,423.92,424.29,80166.0
14:29,424.03,424.15,423.76,423.92,122976.0
14:30,424.04,424.26,423.9,423.98,98834.0
14:31,424.18,424.31,424.06,424.08,75715.0
14:32,423.75,424.57,423.75,424.21,134639.0
14:33,423.24,424.02,423.1,423.77,225410.0
14:34,423.28,423.5,423.07,423.31,128267.0
14:35,423.33,423.51,423.0,423.22,144700.0
14:36,423.88,424.2,423.27,423.3,143540.0
14:37,423.58,423.95,423.43,423.93,89613.0
14:38,424.16,424.16,423.55,423.62,81278.0
14:39,424.0,424.27,423.91,424.15,96903.0
14:40,425.15,425.24,423.99,424.02,227139.0
14:41,425.62,425.78,425.08,425.11,239060.0
14:42,425.72,426.08,425.58,425.62,156031.0
14:43,425.93,426.18,425.65,425.7,147250.0
14:44,425.71,426.07,425.55,425.98,160401.0
14:45,425.23,425.99,425.11,425.76,168501.0
14:46,424.84,425.44,424.78,425.21,133069.0
14:47,424.95,425.14,424.79,424.83,87685.0
14:48,425.24,425.39,424.89,424.95,97099.0
14:49,425.5,425.63,425.0,425.23,112189.0
14:50,425.63,425.87,425.51,425.53,108804.0
14:51,425.65,425.91,425.41,425.68,102971.0
14:52,425.6,425.76,425.39,425.7,55329.0
14:53,426.26,426.37,425.69,425.7,121001.0
14:54,426.44,426.6,426.26,426.29,145537.0
14:55,426.93,427.03,426.28,426.46,138692.0
14:56,426.49,426.98,426.42,426.92,131986.0
14:57,425.97,426.67,425.97,426.47,139671.0
14:58,426.37,426.46,425.96,425.97,105529.0
14:59,426.4,426.58,426.13,426.35,87337.0
15:00,426.05,426.43,425.71,426.43,150485.0
15:01,426.1,426.28,425.8,426.02,76795.0
15:02,425.82,426.12,425.8,426.06,65404.0
15:03,425.93,426.01,425.46,425.8,108986.0
15:04,426.02,426.1,425.77,425.91,92409.0
15:05,425.85,426.22,425.82,426.05,88516.0
15:06,425.46,425.93,425.36,425.89,113329.0
15:07,424.94,425.42,424.91,425.41,146170.0
15:08,424.91,425.1,424.78,424.95,123507.0
15:09,425.07,425.12,424.61,424.85,123192.0
15:10,425.32,425.37,424.8,425.1,130402.0
15:11,425.8,425.87,425.09,425.35,167735.0
15:12,425.93,426.08,425.79,425.83,120100.0
15:13,426.0,426.08,425.77,425.88,116288.0
15:14,425.76,426.06,425.69,426.05,91026.0
15:15,425.74,426.03,425.73,425.74,85439.0
15:16,425.21,425.79,425.1,425.76,162219.0
15:17,424.82,425.37,424.74,425.23,126072.0
15:18,424.63,425.02,424.51,424.84,117056.0
15:19,424.84,424.9,424.57,424.6,160522.0
15:20,424.86,425.09,424.56,424.83,131872.0
15:21,424.8,425.08,424.7,424.86,96942.0
15:22,424.62,424.92,424.57,424.9,80845.0
15:23,424.73,424.89,424.5,424.65,92196.0
15:24,424.95,425.07,424.62,424.75,92411.0
15:25,425.38,425.46,424.87,424.94,123398.0
15:26,425.42,425.55,425.02,425.4,127390.0
15:27,425.53,425.7,425.42,425.45,132936.0
15:28,425.4,425.68,425.2,425.52,127860.0
15:29,425.8,425.93,425.4,425.41,109877.0
15:30,426.17,426.26,425.59,425.8,179128.0
15:31,426.02,426.2,425.73,426.13,124925.0
15:32,426.34,426.48,425.94,426.04,129805.0
15:33,426.12,426.54,426.08,426.37,143832.0
15:34,426.02,426.42,425.92,426.14,95071.0
15:35,426.25,426.3,425.8,426.06,142956.0
15:36,425.33,426.25,425.33,426.23,123550.0
15:37,424.73,425.46,424.67,425.33,157386.0
15:38,425.02,425.11,424.73,424.73,126263.0
15:39,424.9,425.16,424.88,425.01,108283.0
15:40,424.97,425.08,424.54,424.93,138309.0
15:41,425.0,425.2,424.77,424.94,108722.0
15:42,425.08,425.16,424.57,425.0,138921.0
15:43,424.68,425.13,424.5,425.06,130305.0
15:44,425.03,425.05,424.45,424.63,117267.0
15:45,424.92,425.16,424.75,424.99,102937.0
15:46,424.31,425.07,424.21,424.9,146386.0
15:47,423.8,424.36,423.72,424.36,224877.0
15:48,423.72,424.08,423.7,423.8,145700.0
15:49,424.09,424.22,423.75,423.75,142599.0
15:50,424.88,424.9,424.07,424.11,199273.0
15:51,424.95,425.16,424.72,424.91,190554.0
15:52,424.2,425.16,423.89,424.95,188043.0
15:53,424.0,424.41,423.8,424.23,183939.0
15:54,423.39,424.24,423.17,424.01,235531.0
15:55,423.86,424.08,423.05,423.34,210579.0
15:56,423.73,424.0,423.59,423.9,186354.0
15:57,423.96,423.99,423.56,423.79,158145.0
15:58,423.8,424.01,423.7,423.93,229257.0
15:59,423.23,423.78,422.98,423.77,666753.0
