Time,Close,High,Low,Open,Volume
09:30,14.87,15.03,14.83,15.03,567039.0
09:31,14.91,14.95,14.86,14.86,92902.0
09:32,14.98,14.99,14.89,14.9,55009.0
09:33,15.07,15.1,14.96,14.98,168241.0
09:34,15.09,15.09,14.99,15.07,106894.0
09:35,15.11,15.13,15.06,15.08,46369.0
09:36,15.06,15.15,15.05,15.1,147226.0
09:37,14.99,15.08,14.97,15.07,52030.0
09:38,15.05,15.07,14.97,14.99,44676.0
09:39,15.06,15.07,15.0,15.05,54472.0
09:40,15.07,15.07,15.02,15.06,37268.0
09:41,15.14,15.16,15.07,15.07,77448.0
09:42,15.15,15.18,15.13,15.14,65965.0
09:43,15.1,15.15,15.06,15.15,32957.0
09:44,15.03,15.09,15.03,15.09,38049.0
09:45,15.02,15.07,14.98,15.03,115308.0
09:46,14.97,15.05,14.95,15.01,50748.0
09:47,14.93,14.97,14.92,14.96,68896.0
09:48,14.82,14.93,14.81,14.93,68441.0
09:49,14.76,14.83,14.74,14.82,85406.0
09:50,14.73,14.75,14.68,14.75,163303.0
09:51,14.77,14.77,14.7,14.71,69573.0
09:52,14.79,14.82,14.77,14.78,81225.0
09:53,14.81,14.84,14.78,14.79,41551.0
09:54,14.77,14.86,14.77,14.82,61466.0
09:55,14.77,14.78,14.72,14.78,66994.0
09:56,14.84,14.84,14.77,14.78,44748.0
09:57,14.89,14.89,14.81,14.84,75584.0
09:58,14.92,14.93,14.86,14.89,53097.0
09:59,14.94,14.94,14.89,14.93,52501.0
10:00,14.93,14.97,14.92,14.94,176147.0
10:01,15.0,15.0,14.89,14.93,103293.0
10:02,15.02,15.03,14.97,15.01,70215.0
10:03,15.01,15.04,15.01,15.02,50564.0
10:04,15.04,15.04,15.0,15.02,59140.0
10:05,15.1,15.11,15.01,15.04,71886.0
10:06,15.12,15.14,15.09,15.11,53987.0
10:07,15.11,15.17,15.11,15.12,85224.0
10:08,15.17,15.17,15.1,15.11,63729.0
10:09,15.14,15.17,15.11,15.16,235089.0
10:10,15.11,15.16,15.1,15.15,54666.0
10:11,15.07,15.11,15.06,15.11,78670.0
10:12,15.09,15.11,15.03,15.08,91089.0
10:13,15.08,15.1,15.06,15.09,38015.0
10:14,15.1,15.11,15.07,15.09,43316.0
10:15,15.07,15.09,15.05,15.09,52518.0
10:16,15.1,15.1,15.06,15.07,82407.0
10:17,15.03,15.12,15.02,15.1,82776.0
10:18,15.02,15.05,15.02,15.03,32369.0
10:19,15.01,15.03,14.93,15.02,181889.0
10:20,15.01,15.01,14.98,15.01,37074.0
10:21,14.97,15.01,14.97,15.01,28127.0
10:22,15.04,15.04,14.98,14.98,47299.0
10:23,15.03,15.05,15.01,15.04,65949.0
10:24,15.02,15.02,14.99,15.02,53101.0
10:25,15.02,15.02,14.99,15.02,34462.0
10:26,15.03,15.04,15.02,15.02,57179.0
10:27,15.06,15.08,15.02,15.02,59360.0
10:28,15.09,15.09,15.05,15.06,29207.0
10:29,15.06,15.09,15.05,15.09,2984241.0
10:30,15.02,15.06,14.99,15.06,1.0
10:31,15.02,15.04,15.0,15.03,35282.0
10:32,15.05,15.05,15.03,15.03,27492.0
10:33,15.02,15.06,15.02,15.05,22512.0
10:34,15.02,15.03,15.02,15.02,17611.0
10:35,15.02,15.03,14.99,15.02,33525.0
10:36,15.02,15.02,15.0,15.02,26049.0
10:37,15.0,15.04,15.0,15.02,34353.0
10:38,14.99,15.01,14.97,15.0,44998.0
10:39,15.01,15.01,14.99,14.99,31010.0
10:40,14.98,15.0,14.97,15.0,19617.0
10:41,14.97,14.98,14.97,14.98,24813.0
10:42,14.9,14.97,14.9,14.97,79872.0
10:43,14.91,14.93,14.87,14.9,58061.0
10:44,14.89,14.91,14.88,14.9,18703.0
10:45,14.9,14.91,14.88,14.88,50309.0
10:46,14.91,14.91,14.9,14.91,40125.0
10:47,14.93,14.94,14.9,14.91,62143.0
10:48,14.9,14.94,14.9,14.94,36307.0
10:49,14.9,14.91,14.89,14.91,20130.0
10:50,14.88,14.9,14.87,14.9,67509.0
10:51,14.88,14.89,14.87,14.88,27460.0
10:52,14.87,14.89,14.87,14.89,58653.0
10:53,14.89,14.9,14.86,14.86,34895.0
10:54,14.9,14.9,14.89,14.89,17867.0
10:55,14.89,14.9,14.87,14.9,26852.0
10:56,14.91,14.91,14.89,14.89,31540.0
10:57,14.94,14.95,14.91,14.91,80986.0
10:58,14.94,14.95,14.91,14.94,33848.0
10:59,14.93,14.94,14.91,14.94,32646.0
11:00,14.93,14.93,14.92,14.92,16862.0
11:01,14.92,14.93,14.9,14.93,50088.0
11:02,14.94,14.95,14.89,14.91,75407.0
11:03,14.97,14.97,14.94,14.95,62986.0
11:04,14.95,14.97,14.94,14.96,16644.0
11:05,14.94,14.94,14.93,14.94,33250.0
11:06,14.94,14.95,14.93,14.95,17759.0
11:07,14.93,14.95,14.92,14.94,27274.0
11:08,14.93,14.94,14.92,14.93,22824.0
11:09,14.94,14.95,14.92,14.92,33800.0
11:10,14.93,14.95,14.92,14.94,33262.0
11:11,14.95,14.95,14.92,14.93,21513.0
11:12,14.98,14.98,14.94,14.95,20614.0
11:13,15.0,15.01,14.98,14.98,71826.0
11:14,14.99,15.0,14.97,15.0,38638.0
11:15,14.98,15.0,14.97,15.0,20293.0
11:16,14.94,14.98,14.94,14.98,59310.0
11:17,14.94,14.95,14.93,14.94,23588.0
11:18,14.91,14.93,14.89,14.93,49623.0
11:19,14.9,14.9,14.89,14.9,30236.0
11:20,14.93,14.93,14.89,14.89,38414.0
11:21,14.91,14.92,14.89,14.92,37088.0
11:22,14.91,14.93,14.9,14.91,22219.0
11:23,14.91,14.92,14.9,14.91,57699.0
11:24,14.91,14.92,14.89,14.9,80035.0
11:25,14.93,14.94,14.9,14.91,199538.0
11:26,14.97,14.98,14.93,14.94,81648.0
11:27,14.98,14.98,14.96,14.96,129996.0
11:28,14.98,15.03,14.97,14.98,52083.0
11:29,14.97,15.01,14.96,14.98,51218.0
11:30,14.97,14.98,14.94,14.96,32879.0
11:31,14.96,14.97,14.94,14.97,23812.0
11:32,14.94,14.95,14.92,14.95,45389.0
11:33,14.95,14.96,14.93,14.94,39299.0
11:34,14.97,14.98,14.92,14.95,57633.0
11:35,14.94,14.97,14.91,14.97,25392.0
11:36,14.94,14.96,14.93,14.95,27066.0
11:37,14.96,14.96,14.93,14.94,15117.0
11:38,14.94,14.97,14.93,14.95,20619.0
11:39,14.97,14.97,14.94,14.94,16619.0
11:40,14.98,14.99,14.95,14.97,42002.0
11:41,14.99,14.99,14.98,14.98,38693.0
11:42,15.01,15.01,14.97,14.98,48398.0
11:43,14.97,15.01,14.96,15.01,28383.0
11:44,14.97,14.97,14.95,14.97,31566.0
11:45,14.96,14.98,14.95,14.97,38531.0
11:46,14.97,14.97,14.94,14.96,38958.0
11:47,15.0,15.01,14.97,14.97,42973.0
11:48,15.03,15.03,14.99,15.01,39787.0
11:49,15.06,15.07,15.02,15.02,47083.0
11:50,15.06,15.07,15.06,15.07,45318.0
11:51,14.99,15.06,14.99,15.06,61638.0
11:52,14.98,14.99,14.98,14.99,32567.0
11:53,15.01,15.02,14.98,14.98,22233.0
11:54,15.02,15.02,15.0,15.01,31755.0
11:55,14.97,15.02,14.96,15.02,25982.0
11:56,14.96,14.97,14.95,14.96,15909.0
11:57,14.94,14.97,14.94,14.96,37080.0
11:58,14.94,14.94,14.92,14.94,28407.0
11:59,14.95,14.95,14.94,14.94,10579.0
12:00,14.94,14.95,14.93,14.94,18906.0
12:01,14.98,14.98,14.94,14.94,23293.0
12:02,14.95,14.98,14.95,14.97,24936.0
12:03,14.94,14.95,14.89,14.95,87038.0
12:04,14.94,14.95,14.93,14.94,19487.0
12:05,14.94,14.94,14.93,14.94,12223.0
12:06,14.94,14.94,14.91,14.94,20410.0
12:07,14.95,14.96,14.94,14.94,7732.0
12:08,14.94,14.95,14.94,14.95,11634.0
12:09,14.93,14.94,14.92,14.93,14065.0
12:10,14.94,14.95,14.92,14.92,17517.0
12:11,14.93,14.94,14.92,14.94,13980.0
12:12,14.91,14.94,14.9,14.94,13183.0
12:13,14.9,14.91,14.88,14.9,43409.0
12:14,14.91,14.92,14.9,14.9,60084.0
12:15,14.92,14.93,14.9,14.91,74338.0
12:16,14.94,14.95,14.92,14.92,73288.0
12:17,14.93,14.94,14.92,14.94,586918.0
12:18,14.94,14.94,14.93,14.93,577976.0
12:19,14.94,14.95,14.94,14.94,56085.0
12:20,14.95,14.97,14.94,14.94,49018.0
12:21,14.97,14.98,14.95,14.95,59938.0
12:22,15.01,15.02,14.96,14.97,71119.0
12:23,15.03,15.04,15.01,15.01,102302.0
12:24,15.07,15.07,15.04,15.04,90082.0
12:25,15.02,15.06,15.02,15.06,57998.0
12:26,15.02,15.03,15.0,15.02,69646.0
12:27,15.05,15.05,15.01,15.02,50706.0
12:28,15.02,15.05,15.02,15.05,84722.0
12:29,15.02,15.03,15.01,15.02,55716.0
12:30,14.98,15.03,14.98,15.02,41447.0
12:31,14.98,14.99,14.97,14.97,64528.0
12:32,14.95,14.98,14.95,14.98,46696.0
12:33,14.97,14.97,14.95,14.95,221303.0
12:34,14.97,14.97,14.95,14.97,23845.0
12:35,14.97,14.97,14.95,14.96,7160.0
12:36,14.96,14.97,14.95,14.96,16022.0
12:37,14.99,14.99,14.95,14.95,17552.0
12:38,15.01,15.01,14.98,14.99,24730.0
12:39,15.03,15.05,15.02,15.02,41786.0
12:40,15.06,15.08,15.04,15.04,106472.0
12:41,15.1,15.1,15.05,15.06,58671.0
12:42,15.1,15.11,15.08,15.1,127269.0
12:43,15.1,15.11,15.07,15.1,76467.0
12:44,15.05,15.1,15.04,15.1,23132.0
12:45,15.05,15.05,15.03,15.05,25784.0
12:46,15.05,15.05,15.02,15.05,37370.0
12:47,15.07,15.07,15.05,15.05,48498.0
12:48,15.06,15.09,15.06,15.07,44870.0
12:49,15.04,15.06,15.03,15.06,11675.0
12:50,15.03,15.04,15.02,15.03,13880.0
12:51,15.03,15.05,15.02,15.04,34625.0
12:52,15.02,15.03,15.0,15.03,26122.0
12:53,15.05,15.05,15.02,15.02,25654.0
12:54,15.03,15.07,15.03,15.05,35388.0
12:55,14.99,15.03,14.99,15.03,24797.0
12:56,14.98,15.0,14.97,14.99,27321.0
12:57,14.99,14.99,14.98,14.98,23918.0
12:58,14.99,15.0,14.98,14.99,39662.0
12:59,15.02,15.03,14.99,14.99,37235.0
13:00,15.01,15.02,15.0,15.02,14947.0
13:01,14.99,15.0,14.99,15.0,11561.0
13:02,15.01,15.01,14.99,14.99,33013.0
13:03,15.01,15.01,15.0,15.01,36609.0
13:04,15.0,15.01,14.98,15.01,28040.0
13:05,15.03,15.04,15.0,15.01,30081.0
13:06,15.05,15.05,15.03,15.03,48739.0
13:07,15.02,15.05,15.02,15.04,30121.0
13:08,15.01,15.02,15.0,15.02,28480.0
13:09,14.95,15.01,14.95,15.01,51710.0
13:10,14.94,14.97,14.93,14.95,48969.0
13:11,14.92,14.95,14.92,14.94,18681.0
13:12,14.9,14.93,14.9,14.92,59114.0
13:13,14.88,14.91,14.88,14.9,28364.0
13:14,14.86,14.88,14.86,14.88,30297.0
13:15,14.86,14.87,14.86,14.86,22137.0
13:16,14.84,14.87,14.83,14.87,53021.0
13:17,14.85,14.85,14.81,14.83,85411.0
13:18,14.88,14.88,14.84,14.85,62812.0
13:19,14.85,14.87,14.85,14.87,34586.0
13:20,14.84,14.87,14.83,14.86,46473.0
13:21,14.83,14.85,14.83,14.84,38462.0
13:22,14.83,14.84,14.82,14.83,69466.0
13:23,14.82,14.83,14.81,14.82,45448.0
13:24,14.82,14.82,14.81,14.81,56177.0
13:25,14.82,14.82,14.81,14.82,20851.0
13:26,14.84,14.84,14.81,14.81,18164.0
13:27,14.82,14.84,14.82,14.84,15172.0
13:28,14.81,14.83,14.81,14.83,16421.0
13:29,14.83,14.84,14.81,14.81,23999.0
13:30,14.81,14.83,14.81,14.83,11771.0
13:31,14.81,14.84,14.81,14.82,11519.0
13:32,14.84,14.84,14.81,14.81,8162.0
13:33,14.85,14.85,14.83,14.84,12677.0
13:34,14.85,14.85,14.84,14.85,38439.0
13:35,14.85,14.85,14.84,14.85,9787.0
13:36,14.85,14.86,14.84,14.85,11451.0
13:37,14.84,14.85,14.83,14.85,13463.0
13:38,14.82,14.84,14.82,14.83,17066.0
13:39,14.85,14.85,14.82,14.82,52262.0
13:40,14.86,14.86,14.84,14.84,32760.0
13:41,14.87,14.87,14.85,14.86,32036.0
13:42,14.85,14.89,14.85,14.86,34368.0
13:43,14.86,14.86,14.85,14.86,21065.0
13:44,14.87,14.87,14.85,14.86,32750.0
13:45,14.85,14.87,14.85,14.86,57140.0
13:46,14.85,14.86,14.85,14.85,6663.0
13:47,14.84,14.86,14.83,14.85,24799.0
13:48,14.83,14.84,14.83,14.84,8495.0
13:49,14.83,14.84,14.83,14.83,12782.0
13:50,14.82,14.84,14.81,14.84,16722.0
13:51,14.81,14.82,14.81,14.82,28619.0
13:52,14.81,14.82,14.81,14.81,10223.0
13:53,14.83,14.84,14.81,14.81,18499.0
13:54,14.82,14.84,14.82,14.84,14674.0
13:55,14.83,14.83,14.82,14.82,7108.0
13:56,14.82,14.83,14.8,14.83,25293.0
13:57,14.83,14.83,14.82,14.83,66267.0
13:58,14.84,14.84,14.82,14.82,9287.0
13:59,14.86,14.87,14.84,14.84,92530.0
14:00,14.88,14.89,14.86,14.86,52268.0
14:01,14.86,14.88,14.85,14.88,51273.0
14:02,14.84,14.87,14.83,14.87,34385.0
14:03,14.84,14.84,14.81,14.84,6297903.0
14:04,14.84,14.85,14.83,14.84,1.0
14:05,14.84,14.84,14.83,14.84,11635.0
14:06,14.84,14.84,14.83,14.84,6389.0
14:07,14.84,14.84,14.82,14.83,18257.0
14:08,14.83,14.84,14.83,14.84,9610.0
14:09,14.82,14.84,14.82,14.84,11201.0
14:10,14.81,14.82,14.81,14.82,37960.0
14:11,14.82,14.83,14.81,14.81,13897.0
14:12,14.82,14.83,14.82,14.82,15056.0
14:13,14.82,14.83,14.81,14.82,19142.0
14:14,14.84,14.84,14.83,14.83,7474.0
14:15,14.83,14.84,14.82,14.84,42645.0
14:16,14.82,14.83,14.82,14.83,16046.0
14:17,14.84,14.84,14.81,14.82,6456920.0
14:18,14.84,14.85,14.83,14.84,1.0
14:19,14.85,14.85,14.84,14.84,30988.0
14:20,14.85,14.85,14.84,14.85,22427.0
14:21,14.84,14.85,14.83,14.85,18117.0
14:22,14.85,14.86,14.84,14.84,63211.0
14:23,14.86,14.87,14.85,14.85,79560.0
14:24,14.86,14.87,14.84,14.86,34707.0
14:25,14.85,14.85,14.82,14.85,43602.0
14:26,14.85,14.85,14.84,14.85,32491.0
14:27,14.86,14.87,14.84,14.84,63045.0
14:28,14.86,14.87,14.86,14.86,44717.0
14:29,14.88,14.88,14.86,14.86,78645.0
14:30,14.88,14.89,14.87,14.88,86357.0
14:31,14.85,14.88,14.85,14.88,21758.0
14:32,14.85,14.86,14.84,14.85,79222.0
14:33,14.84,14.85,14.83,14.85,81890.0
14:34,14.81,14.85,14.79,14.85,95517.0
14:35,14.81,14.82,14.78,14.81,71787.0
14:36,14.84,14.84,14.8,14.81,129565.0
14:37,14.82,14.85,14.81,14.84,142693.0
14:38,14.85,14.86,14.82,14.82,92763.0
14:39,14.87,14.88,14.85,14.85,94846.0
14:40,14.86,14.86,14.86,14.86,30883.0
14:41,14.86,14.87,14.84,14.86,34635.0
14:42,14.85,14.86,14.84,14.86,54760.0
14:43,14.84,14.85,14.82,14.85,38886.0
14:44,14.85,14.85,14.84,14.84,24712.0
14:45,14.85,14.85,14.84,14.85,7220481.0
14:46,14.85,14.85,14.84,14.85,1.0
14:47,14.84,14.86,14.84,14.85,52615.0
14:48,14.84,14.85,14.84,14.84,24574.0
14:49,14.85,14.85,14.84,14.85,13133.0
14:50,14.86,14.86,14.85,14.85,15053.0
14:51,14.85,14.85,14.84,14.85,21697.0
14:52,14.84,14.85,14.83,14.85,13345.0
14:53,14.81,14.84,14.79,14.84,30569.0
14:54,14.81,14.81,14.8,14.81,8345.0
14:55,14.82,14.83,14.82,14.82,27532.0
14:56,14.83,14.83,14.81,14.81,36087.0
14:57,14.82,14.83,14.81,14.83,36814.0
14:58,14.83,14.83,14.81,14.82,49058.0
14:59,14.84,14.84,14.83,14.83,23486.0
15:00,14.86,14.87,14.84,14.84,90455.0
15:01,14.86,14.88,14.85,14.85,53688.0
15:02,14.85,14.86,14.85,14.86,28906.0
15:03,14.86,14.87,14.85,14.85,27475.0
15:04,14.86,14.87,14.85,14.86,28378.0
15:05,14.88,14.88,14.86,14.86,22500.0
15:06,14.88,14.88,14.86,14.88,17944.0
15:07,14.9,14.9,14.88,14.88,93281.0
15:08,14.9,14.91,14.9,14.9,32467.0
15:09,14.9,14.9,14.9,14.9,14537.0
15:10,14.87,14.9,14.87,14.9,40252.0
15:11,14.88,14.89,14.87,14.88,33041.0
15:12,14.9,14.9,14.88,14.88,32946.0
15:13,14.91,14.92,14.9,14.9,7593161.0
15:14,14.9,14.92,14.9,14.91,1.0
15:15,14.89,14.9,14.88,14.9,25546.0
15:16,14.88,14.89,14.87,14.89,2807.0
15:17,14.89,14.89,14.87,14.88,47573.0
15:18,14.91,14.92,14.89,14.9,54112.0
15:19,14.94,14.94,14.91,14.91,59647.0
15:20,14.91,14.94,14.91,14.94,6539.0
15:21,14.93,14.93,14.91,14.91,31857.0
15:22,14.93,14.93,14.92,14.93,30110.0
15:23,14.92,14.93,14.91,14.93,32926.0
15:24,14.91,14.92,14.9,14.92,69116.0
15:25,14.9,14.91,14.9,14.91,31335.0
15:26,14.9,14.9,14.89,14.9,50032.0
15:27,14.9,14.92,14.9,14.9,41257.0
15:28,14.9,14.91,14.9,14.9,18375.0
15:29,14.91,14.93,14.9,14.9,23564.0
15:30,14.88,14.91,14.87,14.91,44091.0
15:31,14.86,14.9,14.86,14.88,79342.0
15:32,14.89,14.89,14.86,14.86,39595.0
15:33,14.9,14.9,14.89,14.89,23152.0
15:34,14.91,14.91,14.89,14.89,101234.0
15:35,14.93,14.93,14.91,14.91,59604.0
15:36,14.94,14.95,14.92,14.92,46173.0
15:37,14.97,14.98,14.94,14.94,77024.0
15:38,14.98,14.98,14.97,14.98,21362.0
15:39,14.97,15.0,14.97,14.98,92230.0
15:40,14.98,14.98,14.97,14.98,53305.0
15:41,14.99,14.99,14.97,14.98,63587.0
15:42,14.97,14.99,14.96,14.98,57213.0
15:43,14.98,14.98,14.96,14.97,60004.0
15:44,14.97,14.98,14.97,14.97,61637.0
15:45,14.97,14.98,14.96,14.97,43343.0
15:46,14.98,14.98,14.94,14.97,142114.0
15:47,14.98,14.98,14.96,14.98,44247.0
15:48,14.97,14.98,14.97,14.98,95203.0
15:49,14.96,14.98,14.96,14.98,25021.0
15:50,15.06,15.07,14.96,14.96,244853.0
15:51,15.08,15.09,15.05,15.07,221746.0
15:52,15.1,15.11,15.05,15.07,243638.0
15:53,15.1,15.12,15.1,15.1,140031.0
15:54,15.12,15.14,15.1,15.11,157953.0
15:55,15.23,15.25,15.12,15.12,495624.0
15:56,15.23,15.25,15.23,15.23,9044398.0
15:57,15.15,15.23,15.15,15.23,523258.0
15:58,15.17,15.18,15.15,15.15,1.0
15:59,15.18,15.19,15.17,15.18,689531.0
