Time,Close,High,Low,Open,Volume
09:30,16.67,16.69,16.51,16.51,609490.0
09:31,16.64,16.68,16.6,16.66,108834.0
09:32,16.68,16.69,16.59,16.64,57624.0
09:33,16.84,16.84,16.66,16.67,126562.0
09:34,16.98,16.98,16.81,16.84,151153.0
09:35,17.05,17.05,16.9,16.97,173602.0
09:36,17.19,17.19,17.05,17.05,332684.0
09:37,17.09,17.19,17.07,17.18,292691.0
09:38,17.08,17.1,17.02,17.08,101294.0
09:39,17.0,17.08,17.0,17.08,109946.0
09:40,16.96,17.04,16.95,17.0,90257.0
09:41,17.04,17.05,16.96,16.97,148673.0
09:42,17.03,17.08,17.01,17.04,45868.0
09:43,17.1,17.11,17.03,17.03,89375.0
09:44,17.1,17.16,17.09,17.1,69031.0
09:45,17.07,17.11,17.01,17.08,53896.0
09:46,17.14,17.14,17.07,17.09,70222.0
09:47,17.15,17.17,17.13,17.13,92025.0
09:48,17.21,17.24,17.14,17.15,277815.0
09:49,17.21,17.24,17.18,17.2,95334.0
09:50,17.21,17.23,17.18,17.2,58219.0
09:51,17.28,17.29,17.2,17.21,141424.0
09:52,17.32,17.33,17.27,17.29,111265.0
09:53,17.22,17.33,17.22,17.33,73981.0
09:54,17.19,17.23,17.18,17.23,79242.0
09:55,17.32,17.32,17.19,17.19,98383.0
09:56,17.39,17.39,17.32,17.32,161251.0
09:57,17.42,17.42,17.37,17.39,352198.0
09:58,17.35,17.45,17.34,17.42,150097.0
09:59,17.4,17.41,17.33,17.34,138424.0
10:00,17.41,17.44,17.36,17.41,105150.0
10:01,17.39,17.44,17.39,17.42,43878.0
10:02,17.35,17.39,17.35,17.39,60510.0
10:03,17.32,17.36,17.31,17.35,128198.0
10:04,17.27,17.31,17.23,17.31,133535.0
10:05,17.23,17.27,17.2,17.27,124336.0
10:06,17.38,17.38,17.23,17.23,78311.0
10:07,17.44,17.47,17.38,17.38,217148.0
10:08,17.45,17.49,17.42,17.44,195221.0
10:09,17.48,17.52,17.44,17.45,225134.0
10:10,17.44,17.48,17.4,17.48,70499.0
10:11,17.48,17.48,17.44,17.45,64647.0
10:12,17.46,17.47,17.41,17.47,44343.0
10:13,17.45,17.53,17.44,17.47,96552.0
10:14,17.35,17.45,17.34,17.44,72024.0
10:15,17.4,17.43,17.34,17.36,74733.0
10:16,17.39,17.41,17.36,17.39,93511.0
10:17,17.33,17.42,17.32,17.39,51342.0
10:18,17.35,17.35,17.32,17.33,47300.0
10:19,17.32,17.38,17.32,17.35,44526.0
10:20,17.33,17.34,17.29,17.33,67766.0
10:21,17.25,17.33,17.24,17.33,70031.0
10:22,17.21,17.27,17.2,17.25,71870.0
10:23,17.2,17.23,17.17,17.22,81314.0
10:24,17.17,17.22,17.14,17.2,88243.0
10:25,17.24,17.25,17.13,17.16,137243.0
10:26,17.25,17.27,17.22,17.24,94260.0
10:27,17.15,17.25,17.15,17.24,55340.0
10:28,17.17,17.19,17.15,17.16,46787.0
10:29,17.14,17.18,17.12,17.17,83012.0
10:30,17.08,17.14,17.07,17.13,87619.0
10:31,17.07,17.12,17.07,17.08,59530.0
10:32,17.08,17.09,17.03,17.07,88652.0
10:33,17.09,17.13,17.06,17.08,93725.0
10:34,17.04,17.09,17.03,17.09,62393.0
10:35,17.08,17.08,17.03,17.04,35634.0
10:36,17.13,17.14,17.08,17.08,56025.0
10:37,17.15,17.17,17.12,17.12,87642.0
10:38,17.15,17.18,17.14,17.16,69059.0
10:39,17.21,17.21,17.14,17.14,91614.0
10:40,17.17,17.22,17.17,17.21,38868.0
10:41,17.17,17.18,17.15,17.17,41885.0
10:42,17.17,17.18,17.14,17.17,30109.0
10:43,17.14,17.17,17.1,17.16,31268.0
10:44,17.14,17.15,17.11,17.13,39215.0
10:45,17.2,17.21,17.14,17.14,86044.0
10:46,17.17,17.24,17.17,17.21,81372.0
10:47,17.18,17.19,17.16,17.17,41724.0
10:48,17.18,17.19,17.17,17.18,29773.0
10:49,17.16,17.18,17.16,17.18,42311.0
10:50,17.19,17.19,17.17,17.17,57485.0
10:51,17.2,17.21,17.18,17.19,67461.0
10:52,17.23,17.23,17.19,17.19,51729.0
10:53,17.2,17.23,17.2,17.23,63906.0
10:54,17.2,17.22,17.19,17.21,35899.0
10:55,17.24,17.24,17.18,17.2,62414.0
10:56,17.23,17.24,17.21,17.24,45493.0
10:57,17.24,17.24,17.21,17.23,19431.0
10:58,17.27,17.27,17.23,17.24,71532.0
10:59,17.29,17.3,17.25,17.27,76983.0
11:00,17.3,17.32,17.29,17.3,55938.0
11:01,17.29,17.3,17.27,17.3,58109.0
11:02,17.3,17.31,17.29,17.3,29968.0
11:03,17.28,17.33,17.28,17.29,34465.0
11:04,17.35,17.36,17.28,17.28,48419.0
11:05,17.33,17.35,17.32,17.35,35874.0
11:06,17.33,17.34,17.31,17.34,57892.0
11:07,17.26,17.34,17.25,17.33,87578.0
11:08,17.22,17.26,17.21,17.25,38724.0
11:09,17.23,17.23,17.19,17.22,54203.0
11:10,17.27,17.27,17.23,17.23,52802.0
11:11,17.25,17.27,17.24,17.26,45381.0
11:12,17.26,17.27,17.23,17.24,59161.0
11:13,17.32,17.32,17.26,17.26,48997.0
11:14,17.31,17.33,17.31,17.32,45585.0
11:15,17.31,17.32,17.29,17.31,64082.0
11:16,17.3,17.32,17.3,17.3,28362.0
11:17,17.31,17.31,17.28,17.3,101950.0
11:18,17.33,17.33,17.3,17.3,53044.0
11:19,17.34,17.34,17.29,17.33,33293.0
11:20,17.35,17.36,17.33,17.33,74391.0
11:21,17.36,17.36,17.35,17.36,27417.0
11:22,17.35,17.36,17.34,17.35,53764.0
11:23,17.34,17.35,17.33,17.35,102646.0
11:24,17.37,17.37,17.34,17.35,33623.0
11:25,17.38,17.4,17.36,17.37,42968.0
11:26,17.39,17.4,17.36,17.39,67794.0
11:27,17.37,17.42,17.36,17.4,66180.0
11:28,17.36,17.38,17.35,17.36,46274.0
11:29,17.34,17.35,17.33,17.35,21804.0
11:30,17.34,17.35,17.33,17.33,43966.0
11:31,17.33,17.35,17.31,17.34,73232.0
11:32,17.38,17.38,17.33,17.33,38115.0
11:33,17.36,17.39,17.35,17.38,100690.0
11:34,17.36,17.37,17.35,17.36,54613.0
11:35,17.39,17.4,17.36,17.37,90581.0
11:36,17.39,17.4,17.39,17.4,4986846.0
11:37,17.4,17.41,17.39,17.4,1.0
11:38,17.26,17.4,17.25,17.39,88280.0
11:39,17.24,17.26,17.23,17.26,96094.0
11:40,17.25,17.25,17.22,17.24,37764.0
11:41,17.24,17.27,17.22,17.25,59253.0
11:42,17.31,17.31,17.23,17.24,71090.0
11:43,17.28,17.32,17.27,17.3,41150.0
11:44,17.29,17.31,17.28,17.28,45353.0
11:45,17.28,17.3,17.28,17.29,35082.0
11:46,17.31,17.31,17.28,17.28,32677.0
11:47,17.31,17.31,17.29,17.31,22724.0
11:48,17.32,17.33,17.31,17.31,49677.0
11:49,17.32,17.33,17.32,17.33,21509.0
11:50,17.33,17.33,17.31,17.32,33362.0
11:51,17.37,17.37,17.33,17.33,38226.0
11:52,17.33,17.37,17.33,17.37,33984.0
11:53,17.33,17.33,17.32,17.33,18639.0
11:54,17.3,17.33,17.3,17.33,40629.0
11:55,17.31,17.32,17.29,17.3,79444.0
11:56,17.3,17.32,17.28,17.31,284081.0
11:57,17.28,17.31,17.27,17.3,47079.0
11:58,17.26,17.28,17.26,17.28,39097.0
11:59,17.27,17.28,17.26,17.26,23384.0
12:00,17.28,17.29,17.26,17.26,42813.0
12:01,17.3,17.33,17.28,17.28,63594.0
12:02,17.27,17.3,17.26,17.3,23553.0
12:03,17.28,17.29,17.27,17.27,17332.0
12:04,17.31,17.31,17.28,17.28,26849.0
12:05,17.33,17.33,17.3,17.3,19206.0
12:06,17.36,17.36,17.33,17.33,15192.0
12:07,17.35,17.38,17.35,17.35,22057.0
12:08,17.33,17.35,17.33,17.35,30309.0
12:09,17.35,17.36,17.33,17.33,11736.0
12:10,17.34,17.36,17.34,17.35,23005.0
12:11,17.39,17.4,17.35,17.35,20133.0
12:12,17.4,17.41,17.38,17.39,67014.0
12:13,17.4,17.41,17.39,17.4,21573.0
12:14,17.4,17.4,17.38,17.4,23279.0
12:15,17.37,17.41,17.37,17.4,54281.0
12:16,17.39,17.39,17.35,17.36,36818.0
12:17,17.38,17.41,17.37,17.39,98829.0
12:18,17.38,17.38,17.36,17.37,21257.0
12:19,17.35,17.37,17.35,17.37,21153.0
12:20,17.32,17.35,17.32,17.35,36286.0
12:21,17.33,17.34,17.33,17.33,14463.0
12:22,17.32,17.33,17.32,17.33,33751.0
12:23,17.33,17.35,17.32,17.32,95842.0
12:24,17.38,17.38,17.33,17.33,28110.0
12:25,17.38,17.38,17.36,17.37,20269.0
12:26,17.41,17.42,17.38,17.38,99784.0
12:27,17.42,17.42,17.4,17.41,70808.0
12:28,17.42,17.45,17.41,17.42,42661.0
12:29,17.43,17.43,17.41,17.42,45084.0
12:30,17.43,17.44,17.42,17.43,159720.0
12:31,17.43,17.45,17.42,17.43,68750.0
12:32,17.43,17.45,17.43,17.43,27167.0
12:33,17.42,17.44,17.42,17.43,35160.0
12:34,17.44,17.44,17.42,17.42,16842.0
12:35,17.43,17.43,17.41,17.43,27451.0
12:36,17.43,17.44,17.42,17.42,28778.0
12:37,17.42,17.44,17.42,17.43,50844.0
12:38,17.41,17.43,17.41,17.42,25534.0
12:39,17.43,17.43,17.39,17.41,38221.0
12:40,17.47,17.47,17.43,17.43,100397.0
12:41,17.47,17.47,17.46,17.46,36004.0
12:42,17.47,17.48,17.45,17.47,46083.0
12:43,17.44,17.48,17.44,17.47,36226.0
12:44,17.46,17.47,17.42,17.44,51468.0
12:45,17.47,17.47,17.46,17.47,50410.0
12:46,17.47,17.47,17.46,17.47,36259.0
12:47,17.47,17.48,17.45,17.46,32524.0
12:48,17.48,17.48,17.47,17.48,21276.0
12:49,17.5,17.5,17.47,17.47,166016.0
12:50,17.49,17.5,17.47,17.5,47881.0
12:51,17.49,17.49,17.48,17.49,15008.0
12:52,17.49,17.49,17.48,17.49,38332.0
12:53,17.49,17.5,17.48,17.5,10815.0
12:54,17.49,17.49,17.48,17.48,21545.0
12:55,17.48,17.49,17.44,17.49,43713.0
12:56,17.52,17.53,17.49,17.49,66186.0
12:57,17.52,17.55,17.51,17.53,77981.0
12:58,17.52,17.53,17.51,17.52,27771.0
12:59,17.51,17.54,17.51,17.52,24065.0
13:00,17.54,17.55,17.51,17.51,24716.0
13:01,17.6,17.6,17.54,17.54,120944.0
13:02,17.6,17.63,17.59,17.59,126874.0
13:03,17.65,17.65,17.6,17.61,89247.0
13:04,17.62,17.65,17.62,17.65,53408.0
13:05,17.64,17.64,17.62,17.62,66185.0
13:06,17.62,17.64,17.62,17.63,43930.0
13:07,17.65,17.65,17.62,17.62,114809.0
13:08,17.68,17.69,17.64,17.64,115927.0
13:09,17.67,17.69,17.67,17.68,24890.0
13:10,17.68,17.69,17.66,17.67,80985.0
13:11,17.68,17.68,17.67,17.67,27222.0
13:12,17.69,17.69,17.67,17.68,36432.0
13:13,17.71,17.72,17.68,17.68,65126.0
13:14,17.7,17.72,17.7,17.72,29489.0
13:15,17.68,17.71,17.68,17.7,146568.0
13:16,17.67,17.69,17.66,17.68,49887.0
13:17,17.65,17.67,17.64,17.67,41308.0
13:18,17.61,17.65,17.61,17.64,50809.0
13:19,17.64,17.64,17.61,17.62,66314.0
13:20,17.65,17.67,17.63,17.64,93204.0
13:21,17.72,17.72,17.66,17.66,96280.0
13:22,17.75,17.75,17.7,17.72,201698.0
13:23,17.72,17.75,17.71,17.75,85312.0
13:24,17.75,17.76,17.69,17.72,111402.0
13:25,17.78,17.78,17.75,17.76,59214.0
13:26,17.75,17.79,17.74,17.77,47759.0
13:27,17.77,17.77,17.74,17.75,66861.0
13:28,17.7,17.77,17.7,17.76,88222.0
13:29,17.71,17.71,17.7,17.7,24451.0
13:30,17.69,17.72,17.69,17.71,49879.0
13:31,17.67,17.69,17.65,17.69,64599.0
13:32,17.7,17.7,17.67,17.68,49179.0
13:33,17.69,17.7,17.66,17.69,65179.0
13:34,17.66,17.7,17.65,17.69,9184806.0
13:35,17.66,17.67,17.65,17.66,1.0
13:36,17.7,17.71,17.66,17.66,73437.0
13:37,17.66,17.7,17.66,17.69,26996.0
13:38,17.66,17.66,17.65,17.66,27112.0
13:39,17.62,17.67,17.62,17.65,45606.0
13:40,17.57,17.63,17.56,17.63,82610.0
13:41,17.56,17.58,17.55,17.57,87389.0
13:42,17.58,17.58,17.55,17.55,87922.0
13:43,17.59,17.6,17.58,17.58,120688.0
13:44,17.6,17.61,17.59,17.6,48941.0
13:45,17.59,17.61,17.58,17.61,138847.0
13:46,17.61,17.62,17.59,17.59,52078.0
13:47,17.59,17.61,17.58,17.61,43255.0
13:48,17.58,17.59,17.58,17.59,31683.0
13:49,17.58,17.59,17.57,17.58,36432.0
13:50,17.6,17.61,17.59,17.59,27106.0
13:51,17.6,17.62,17.6,17.6,38906.0
13:52,17.59,17.62,17.59,17.61,35432.0
13:53,17.59,17.6,17.59,17.59,14799.0
13:54,17.6,17.61,17.59,17.6,33289.0
13:55,17.59,17.61,17.59,17.6,22219.0
13:56,17.62,17.62,17.59,17.6,37354.0
13:57,17.61,17.62,17.6,17.62,18268.0
13:58,17.63,17.64,17.62,17.62,70390.0
13:59,17.66,17.66,17.63,17.64,29085.0
14:00,17.64,17.66,17.61,17.66,41657.0
14:01,17.62,17.64,17.62,17.64,19734.0
14:02,17.64,17.64,17.61,17.62,46532.0
14:03,17.65,17.65,17.64,17.64,22411.0
14:04,17.64,17.65,17.64,17.65,13693.0
14:05,17.64,17.65,17.62,17.63,14636.0
14:06,17.61,17.64,17.61,17.64,14748.0
14:07,17.62,17.63,17.61,17.61,28360.0
14:08,17.62,17.63,17.61,17.61,24113.0
14:09,17.62,17.64,17.62,17.62,23706.0
14:10,17.6,17.62,17.58,17.62,46791.0
14:11,17.59,17.59,17.59,17.59,15920.0
14:12,17.58,17.6,17.55,17.59,51000.0
14:13,17.57,17.59,17.56,17.58,22505.0
14:14,17.58,17.58,17.56,17.56,15936.0
14:15,17.55,17.58,17.54,17.58,31573.0
14:16,17.52,17.55,17.51,17.55,41831.0
14:17,17.53,17.54,17.51,17.52,30443.0
14:18,17.5,17.54,17.5,17.53,27466.0
14:19,17.48,17.51,17.45,17.5,65480.0
14:20,17.47,17.49,17.47,17.48,33200.0
14:21,17.42,17.47,17.39,17.47,110092.0
14:22,17.41,17.44,17.4,17.43,90678.0
14:23,17.37,17.41,17.35,17.41,113032.0
14:24,17.38,17.38,17.35,17.37,114173.0
14:25,17.37,17.38,17.36,17.37,66622.0
14:26,17.36,17.39,17.36,17.38,63612.0
14:27,17.4,17.4,17.35,17.36,128325.0
14:28,17.38,17.4,17.38,17.4,64050.0
14:29,17.35,17.39,17.35,17.38,82161.0
14:30,17.33,17.36,17.32,17.35,84913.0
14:31,17.33,17.35,17.31,17.33,85465.0
14:32,17.33,17.33,17.32,17.33,58750.0
14:33,17.34,17.36,17.32,17.32,224950.0
14:34,17.36,17.37,17.34,17.34,82985.0
14:35,17.38,17.39,17.37,17.37,68349.0
14:36,17.39,17.4,17.37,17.38,33414.0
14:37,17.38,17.41,17.38,17.39,33034.0
14:38,17.36,17.39,17.36,17.39,37683.0
14:39,17.36,17.37,17.34,17.36,40620.0
14:40,17.35,17.36,17.35,17.36,13314.0
14:41,17.33,17.36,17.33,17.35,39968.0
14:42,17.35,17.36,17.33,17.33,20837.0
14:43,17.36,17.37,17.35,17.35,19968.0
14:44,17.38,17.38,17.36,17.36,90886.0
14:45,17.36,17.39,17.35,17.38,68135.0
14:46,17.32,17.36,17.32,17.36,34646.0
14:47,17.33,17.34,17.29,17.32,73097.0
14:48,17.33,17.35,17.32,17.33,39474.0
14:49,17.31,17.34,17.31,17.34,35844.0
14:50,17.3,17.33,17.28,17.32,48646.0
14:51,17.28,17.31,17.24,17.31,79058.0
14:52,17.3,17.3,17.26,17.27,39062.0
14:53,17.3,17.31,17.28,17.29,37560.0
14:54,17.31,17.31,17.3,17.3,48932.0
14:55,17.28,17.32,17.27,17.31,11157.0
14:56,17.27,17.28,17.26,17.27,34270.0
14:57,17.25,17.27,17.25,17.26,28880.0
14:58,17.3,17.3,17.24,17.25,73197.0
14:59,17.3,17.3,17.28,17.3,21698.0
15:00,17.33,17.33,17.29,17.29,71925.0
15:01,17.32,17.33,17.28,17.33,57066.0
15:02,17.33,17.34,17.31,17.33,87926.0
15:03,17.34,17.35,17.32,17.32,41039.0
15:04,17.36,17.37,17.35,17.35,39241.0
15:05,17.44,17.44,17.36,17.37,54538.0
15:06,17.4,17.44,17.4,17.43,101997.0
15:07,17.38,17.41,17.37,17.41,43048.0
15:08,17.35,17.39,17.35,17.38,31746.0
15:09,17.33,17.36,17.32,17.36,42816.0
15:10,17.35,17.36,17.32,17.33,46413.0
15:11,17.37,17.37,17.35,17.35,33264.0
15:12,17.36,17.38,17.34,17.37,38673.0
15:13,17.33,17.35,17.33,17.35,24892.0
15:14,17.33,17.34,17.33,17.33,21136.0
15:15,17.33,17.34,17.32,17.33,36536.0
15:16,17.32,17.33,17.31,17.33,11297.0
15:17,17.29,17.31,17.28,17.31,23925.0
15:18,17.3,17.3,17.29,17.3,10763.0
15:19,17.28,17.29,17.27,17.29,49099.0
15:20,17.33,17.34,17.28,17.28,45938.0
15:21,17.38,17.38,17.33,17.33,69854.0
15:22,17.39,17.4,17.38,17.38,27540.0
15:23,17.39,17.4,17.38,17.38,44217.0
15:24,17.38,17.39,17.38,17.39,11954.0
15:25,17.39,17.4,17.38,17.39,40776.0
15:26,17.41,17.41,17.39,17.4,81150.0
15:27,17.39,17.43,17.38,17.41,74303.0
15:28,17.38,17.39,17.37,17.38,35026.0
15:29,17.36,17.38,17.36,17.37,24942.0
15:30,17.39,17.4,17.36,17.36,45320.0
15:31,17.36,17.39,17.36,17.39,29182.0
15:32,17.33,17.37,17.33,17.36,66619.0
15:33,17.32,17.33,17.32,17.33,31164.0
15:34,17.33,17.33,17.28,17.32,70536.0
15:35,17.36,17.36,17.34,17.34,23278.0
15:36,17.36,17.37,17.35,17.36,34201.0
15:37,17.32,17.37,17.32,17.37,147343.0
15:38,17.33,17.34,17.33,17.33,53023.0
15:39,17.33,17.33,17.32,17.33,29638.0
15:40,17.32,17.33,17.31,17.33,55743.0
15:41,17.3,17.32,17.29,17.31,114887.0
15:42,17.31,17.32,17.3,17.3,31487.0
15:43,17.33,17.33,17.3,17.31,40090.0
15:44,17.33,17.33,17.32,17.33,12278.0
15:45,17.3,17.33,17.3,17.33,52323.0
15:46,17.27,17.31,17.26,17.31,56191.0
15:47,17.31,17.31,17.27,17.27,65805.0
15:48,17.28,17.31,17.28,17.31,61036.0
15:49,17.25,17.28,17.25,17.28,73090.0
15:50,17.27,17.28,17.24,17.25,137744.0
15:51,17.27,17.29,17.26,17.27,91344.0
15:52,17.24,17.27,17.23,17.26,105049.0
15:53,17.19,17.24,17.19,17.24,102143.0
15:54,17.21,17.26,17.19,17.19,178532.0
15:55,17.19,17.26,17.17,17.22,200285.0
15:56,17.18,17.21,17.17,17.19,171476.0
15:57,17.17,17.19,17.16,17.18,148390.0
15:58,17.17,17.2,17.17,17.17,254929.0
15:59,17.16,17.18,17.14,17.17,350471.0
