Time,Close,High,Low,Open,Volume
09:30,14.72,14.79,14.7,14.77,425204.0
09:31,14.66,14.77,14.64,14.73,57480.0
09:32,14.68,14.7,14.58,14.67,131747.0
09:33,14.69,14.73,14.66,14.67,88004.0
09:34,14.71,14.74,14.67,14.67,74842.0
09:35,14.62,14.74,14.6,14.72,80715.0
09:36,14.6,14.65,14.58,14.62,89218.0
09:37,14.61,14.65,14.59,14.6,77299.0
09:38,14.51,14.62,14.5,14.62,129157.0
09:39,14.52,14.54,14.45,14.51,161658.0
09:40,14.53,14.57,14.51,14.52,67348.0
09:41,14.56,14.56,14.51,14.52,104235.0
09:42,14.56,14.57,14.53,14.56,82095.0
09:43,14.6,14.6,14.55,14.55,95428.0
09:44,14.6,14.62,14.58,14.6,97033.0
09:45,14.59,14.62,14.56,14.6,74030.0
09:46,14.57,14.63,14.57,14.59,69935.0
09:47,14.62,14.62,14.57,14.57,40634.0
09:48,14.65,14.66,14.61,14.61,53924.0
09:49,14.68,14.69,14.63,14.65,83868.0
09:50,14.65,14.68,14.6,14.68,55252.0
09:51,14.71,14.72,14.64,14.65,52782.0
09:52,14.73,14.77,14.7,14.7,73216.0
09:53,14.73,14.73,14.7,14.73,106470.0
09:54,14.7,14.73,14.7,14.73,27067.0
09:55,14.68,14.71,14.64,14.7,164968.0
09:56,14.72,14.72,14.68,14.69,39861.0
09:57,14.73,14.77,14.72,14.72,91376.0
09:58,14.73,14.75,14.69,14.73,63843.0
09:59,14.78,14.79,14.73,14.73,50338.0
10:00,14.69,14.78,14.68,14.78,121062.0
10:01,14.72,14.73,14.69,14.69,28880.0
10:02,14.77,14.78,14.71,14.71,47343.0
10:03,14.77,14.78,14.73,14.77,54781.0
10:04,14.78,14.8,14.77,14.77,31475.0
10:05,14.79,14.8,14.78,14.78,23753.0
10:06,14.83,14.83,14.78,14.79,53088.0
10:07,14.8,14.84,14.79,14.82,76737.0
10:08,14.78,14.81,14.77,14.8,29801.0
10:09,14.83,14.83,14.77,14.77,53561.0
10:10,14.78,14.84,14.77,14.84,98621.0
10:11,14.78,14.8,14.77,14.78,59514.0
10:12,14.81,14.81,14.76,14.78,39878.0
10:13,14.84,14.84,14.81,14.82,54764.0
10:14,14.81,14.84,14.8,14.84,18747.0
10:15,14.8,14.84,14.8,14.81,32184.0
10:16,14.84,14.84,14.79,14.81,31442.0
10:17,14.86,14.87,14.83,14.84,77042.0
10:18,14.84,14.86,14.81,14.86,91072.0
10:19,14.78,14.83,14.76,14.83,113879.0
10:20,14.77,14.79,14.77,14.78,60300.0
10:21,14.77,14.81,14.77,14.77,74120.0
10:22,14.76,14.77,14.75,14.77,36384.0
10:23,14.75,14.77,14.75,14.76,45382.0
10:24,14.79,14.8,14.75,14.75,32419.0
10:25,14.77,14.81,14.77,14.8,46231.0
10:26,14.77,14.77,14.76,14.77,33363.0
10:27,14.77,14.77,14.74,14.77,24898.0
10:28,14.75,14.77,14.74,14.77,32961.0
10:29,14.77,14.78,14.75,14.76,20501.0
10:30,14.76,14.78,14.75,14.77,15935.0
10:31,14.76,14.76,14.74,14.75,28571.0
10:32,14.78,14.78,14.76,14.77,33998.0
10:33,14.78,14.8,14.78,14.78,18388.0
10:34,14.77,14.79,14.76,14.79,34206.0
10:35,14.74,14.77,14.74,14.76,52133.0
10:36,14.77,14.77,14.74,14.74,71195.0
10:37,14.79,14.82,14.77,14.77,67879.0
10:38,14.78,14.82,14.78,14.79,24354.0
10:39,14.77,14.79,14.73,14.79,65060.0
10:40,14.77,14.78,14.73,14.77,25241.0
10:41,14.74,14.78,14.74,14.77,27169.0
10:42,14.73,14.74,14.73,14.74,30473.0
10:43,14.72,14.73,14.69,14.73,65809.0
10:44,14.72,14.73,14.71,14.73,53883.0
10:45,14.67,14.72,14.67,14.72,66165.0
10:46,14.66,14.68,14.65,14.68,50275.0
10:47,14.65,14.66,14.64,14.65,27751.0
10:48,14.65,14.65,14.63,14.65,62700.0
10:49,14.63,14.66,14.63,14.64,38179.0
10:50,14.57,14.64,14.57,14.63,57528.0
10:51,14.56,14.59,14.53,14.57,95628.0
10:52,14.56,14.58,14.55,14.56,75333.0
10:53,14.51,14.57,14.5,14.56,100778.0
10:54,14.5,14.51,14.48,14.51,128990.0
10:55,14.48,14.51,14.47,14.51,73196.0
10:56,14.45,14.49,14.45,14.49,91588.0
10:57,14.44,14.47,14.44,14.45,75673.0
10:58,14.48,14.5,14.44,14.44,246670.0
10:59,14.53,14.54,14.47,14.48,82143.0
11:00,14.56,14.56,14.51,14.52,59399.0
11:01,14.55,14.57,14.53,14.55,58189.0
11:02,14.54,14.56,14.52,14.56,47906.0
11:03,14.51,14.53,14.5,14.53,55158.0
11:04,14.51,14.52,14.49,14.51,56802.0
11:05,14.52,14.55,14.51,14.51,58175.0
11:06,14.51,14.52,14.49,14.52,53213.0
11:07,14.52,14.55,14.5,14.51,57833.0
11:08,14.53,14.54,14.51,14.52,41708.0
11:09,14.51,14.53,14.49,14.53,37718.0
11:10,14.51,14.52,14.51,14.51,87489.0
11:11,14.52,14.54,14.51,14.52,41103.0
11:12,14.52,14.52,14.5,14.52,31018.0
11:13,14.55,14.55,14.5,14.52,39892.0
11:14,14.5,14.55,14.5,14.54,42529.0
11:15,14.53,14.55,14.51,14.51,39923.0
11:16,14.52,14.53,14.51,14.53,33814.0
11:17,14.51,14.52,14.5,14.52,26743.0
11:18,14.51,14.51,14.49,14.51,38430.0
11:19,14.48,14.52,14.47,14.5,73965.0
11:20,14.49,14.5,14.48,14.48,58338.0
11:21,14.52,14.54,14.48,14.48,83281.0
11:22,14.51,14.53,14.5,14.52,37473.0
11:23,14.52,14.52,14.48,14.51,100489.0
11:24,14.51,14.52,14.49,14.52,12827.0
11:25,14.5,14.5,14.48,14.5,61423.0
11:26,14.5,14.5,14.48,14.5,46445.0
11:27,14.5,14.52,14.48,14.49,60574.0
11:28,14.51,14.52,14.49,14.51,53056.0
11:29,14.51,14.51,14.48,14.51,57003.0
11:30,14.51,14.52,14.49,14.51,31911.0
11:31,14.47,14.51,14.47,14.51,25706.0
11:32,14.5,14.5,14.48,14.48,60939.0
11:33,14.5,14.5,14.49,14.49,35205.0
11:34,14.49,14.51,14.48,14.49,52371.0
11:35,14.48,14.49,14.44,14.49,124745.0
11:36,14.44,14.48,14.43,14.48,71132.0
11:37,14.44,14.44,14.42,14.44,70327.0
11:38,14.44,14.44,14.43,14.44,35072.0
11:39,14.45,14.47,14.43,14.43,48544.0
11:40,14.41,14.45,14.4,14.45,98492.0
11:41,14.42,14.43,14.4,14.41,38011.0
11:42,14.45,14.45,14.43,14.43,62391.0
11:43,14.48,14.48,14.43,14.45,104879.0
11:44,14.44,14.49,14.44,14.48,95057.0
11:45,14.44,14.46,14.44,14.45,55745.0
11:46,14.47,14.48,14.44,14.44,90909.0
11:47,14.45,14.49,14.45,14.47,30385.0
11:48,14.45,14.46,14.43,14.46,96461.0
11:49,14.45,14.45,14.43,14.44,47761.0
11:50,14.44,14.45,14.44,14.45,49928.0
11:51,14.46,14.47,14.44,14.44,44879.0
11:52,14.46,14.47,14.44,14.45,61779.0
11:53,14.5,14.5,14.47,14.47,40469.0
11:54,14.48,14.49,14.45,14.49,33396.0
11:55,14.48,14.48,14.45,14.48,32668.0
11:56,14.49,14.51,14.48,14.48,74800.0
11:57,14.52,14.53,14.48,14.49,81136.0
11:58,14.52,14.54,14.52,14.53,56838.0
11:59,14.53,14.55,14.52,14.53,79251.0
12:00,14.57,14.59,14.54,14.54,102782.0
12:01,14.56,14.57,14.55,14.56,104992.0
12:02,14.54,14.57,14.53,14.57,5388370.0
12:03,14.53,14.54,14.52,14.53,1.0
12:04,14.52,14.53,14.51,14.53,36301.0
12:05,14.51,14.52,14.48,14.52,85857.0
12:06,14.55,14.57,14.5,14.51,106761.0
12:07,14.56,14.56,14.53,14.56,66038.0
12:08,14.57,14.57,14.54,14.56,108683.0
12:09,14.56,14.6,14.55,14.56,434078.0
12:10,14.58,14.58,14.54,14.56,113987.0
12:11,14.57,14.6,14.57,14.58,114238.0
12:12,14.59,14.59,14.57,14.58,81193.0
12:13,14.56,14.59,14.55,14.59,79134.0
12:14,14.57,14.58,14.55,14.56,79338.0
12:15,14.59,14.59,14.56,14.57,83964.0
12:16,14.61,14.61,14.58,14.59,125847.0
12:17,14.6,14.64,14.59,14.61,113421.0
12:18,14.59,14.61,14.59,14.6,82500.0
12:19,14.53,14.6,14.53,14.6,116089.0
12:20,14.53,14.53,14.51,14.53,5749819.0
12:21,14.56,14.58,14.53,14.53,1.0
12:22,14.57,14.58,14.54,14.57,170694.0
12:23,14.57,14.6,14.56,14.58,108580.0
12:24,14.57,14.59,14.56,14.57,92412.0
12:25,14.57,14.59,14.56,14.57,42039.0
12:26,14.55,14.57,14.54,14.57,55670.0
12:27,14.57,14.58,14.55,14.55,84655.0
12:28,14.58,14.59,14.55,14.57,77586.0
12:29,14.58,14.6,14.57,14.59,95939.0
12:30,14.59,14.6,14.57,14.57,69980.0
12:31,14.55,14.6,14.54,14.6,105876.0
12:32,14.52,14.56,14.51,14.54,83591.0
12:33,14.51,14.53,14.49,14.52,45880.0
12:34,14.49,14.51,14.48,14.51,90848.0
12:35,14.44,14.5,14.44,14.49,76221.0
12:36,14.41,14.43,14.39,14.43,149671.0
12:37,14.35,14.4,14.34,14.4,149917.0
12:38,14.38,14.38,14.35,14.35,87491.0
12:39,14.39,14.39,14.36,14.38,89053.0
12:40,14.39,14.4,14.38,14.39,129668.0
12:41,14.4,14.41,14.39,14.39,66000.0
12:42,14.44,14.45,14.4,14.4,114967.0
12:43,14.44,14.45,14.43,14.44,59947.0
12:44,14.45,14.46,14.41,14.43,75290.0
12:45,14.45,14.47,14.44,14.45,121573.0
12:46,14.45,14.48,14.44,14.45,157716.0
12:47,14.48,14.48,14.45,14.46,48678.0
12:48,14.43,14.48,14.43,14.48,105733.0
12:49,14.45,14.47,14.44,14.44,78696.0
12:50,14.48,14.48,14.44,14.44,59020.0
12:51,14.52,14.52,14.49,14.49,133311.0
12:52,14.48,14.52,14.47,14.52,91343.0
12:53,14.47,14.48,14.46,14.48,57700.0
12:54,14.48,14.48,14.44,14.47,63064.0
12:55,14.47,14.49,14.46,14.48,82842.0
12:56,14.48,14.49,14.46,14.47,69193.0
12:57,14.47,14.5,14.47,14.48,86113.0
12:58,14.47,14.48,14.46,14.48,61240.0
12:59,14.46,14.48,14.46,14.47,85270.0
13:00,14.47,14.47,14.45,14.46,85224.0
13:01,14.44,14.47,14.44,14.47,72549.0
13:02,14.43,14.45,14.42,14.44,73617.0
13:03,14.42,14.46,14.41,14.43,30993.0
13:04,14.43,14.45,14.43,14.43,68246.0
13:05,14.41,14.43,14.4,14.43,75811.0
13:06,14.41,14.42,14.4,14.41,26624.0
13:07,14.4,14.41,14.38,14.41,126767.0
13:08,14.38,14.41,14.38,14.4,46825.0
13:09,14.43,14.43,14.37,14.38,131797.0
13:10,14.45,14.45,14.4,14.42,42225.0
13:11,14.43,14.45,14.43,14.44,59884.0
13:12,14.43,14.44,14.4,14.43,86719.0
13:13,14.45,14.47,14.44,14.44,51443.0
13:14,14.43,14.46,14.42,14.45,39794.0
13:15,14.42,14.44,14.41,14.43,6943234.0
13:16,14.42,14.44,14.41,14.43,66155.0
13:17,14.4,14.43,14.4,14.41,1.0
13:18,14.4,14.43,14.4,14.41,51034.0
13:19,14.4,14.42,14.4,14.41,38465.0
13:20,14.44,14.45,14.41,14.41,124126.0
13:21,14.43,14.44,14.42,14.44,52151.0
13:22,14.42,14.44,14.42,14.43,88131.0
13:23,14.4,14.43,14.39,14.41,49456.0
13:24,14.4,14.41,14.4,14.4,185401.0
13:25,14.39,14.41,14.39,14.4,66365.0
13:26,14.37,14.39,14.37,14.39,136780.0
13:27,14.33,14.38,14.33,14.38,176838.0
13:28,14.35,14.36,14.33,14.34,75659.0
13:29,14.35,14.36,14.34,14.35,158327.0
13:30,14.38,14.39,14.34,14.35,213573.0
13:31,14.39,14.39,14.36,14.38,68464.0
13:32,14.4,14.41,14.38,14.39,95951.0
13:33,14.39,14.41,14.38,14.4,51517.0
13:34,14.4,14.4,14.38,14.38,84958.0
13:35,14.42,14.42,14.39,14.4,101189.0
13:36,14.43,14.43,14.41,14.42,123783.0
13:37,14.46,14.48,14.43,14.43,175146.0
13:38,14.46,14.51,14.46,14.47,143993.0
13:39,14.45,14.46,14.44,14.46,96259.0
13:40,14.43,14.45,14.43,14.44,87361.0
13:41,14.4,14.44,14.4,14.44,94988.0
13:42,14.4,14.41,14.39,14.4,121061.0
13:43,14.4,14.4,14.38,14.4,43064.0
13:44,14.4,14.41,14.39,14.4,35325.0
13:45,14.39,14.4,14.38,14.4,7735032.0
13:46,14.39,14.39,14.37,14.39,1.0
13:47,14.38,14.39,14.38,14.38,43075.0
13:48,14.39,14.4,14.38,14.39,31835.0
13:49,14.4,14.4,14.37,14.38,90579.0
13:50,14.46,14.46,14.4,14.41,167947.0
13:51,14.49,14.49,14.45,14.45,69388.0
13:52,14.48,14.49,14.47,14.48,83573.0
13:53,14.48,14.49,14.47,14.48,106697.0
13:54,14.51,14.51,14.48,14.48,67816.0
13:55,14.48,14.51,14.48,14.5,77359.0
13:56,14.47,14.49,14.47,14.49,38376.0
13:57,14.48,14.49,14.47,14.48,62727.0
13:58,14.48,14.49,14.47,14.48,41121.0
13:59,14.49,14.5,14.47,14.48,60867.0
14:00,14.49,14.51,14.47,14.5,211281.0
14:01,14.49,14.5,14.48,14.48,52573.0
14:02,14.46,14.49,14.45,14.49,129937.0
14:03,14.45,14.48,14.45,14.46,141876.0
14:04,14.46,14.47,14.44,14.45,123615.0
14:05,14.45,14.45,14.44,14.45,102738.0
14:06,14.43,14.45,14.41,14.44,81686.0
14:07,14.41,14.44,14.41,14.42,82043.0
14:08,14.44,14.44,14.4,14.41,70608.0
14:09,14.44,14.46,14.44,14.44,112599.0
14:10,14.44,14.45,14.43,14.44,82223.0
14:11,14.43,14.45,14.42,14.43,71264.0
14:12,14.43,14.44,14.42,14.43,85307.0
14:13,14.44,14.44,14.43,14.44,51474.0
14:14,14.45,14.45,14.44,14.44,64973.0
14:15,14.41,14.47,14.4,14.46,129014.0
14:16,14.43,14.44,14.42,14.42,61194.0
14:17,14.4,14.43,14.39,14.43,84711.0
14:18,14.39,14.41,14.37,14.4,81167.0
14:19,14.38,14.39,14.38,14.39,50370.0
14:20,14.41,14.41,14.37,14.38,57485.0
14:21,14.4,14.43,14.4,14.41,100537.0
14:22,14.39,14.4,14.38,14.4,38228.0
14:23,14.39,14.4,14.38,14.39,68902.0
14:24,14.41,14.41,14.38,14.39,105479.0
14:25,14.39,14.4,14.38,14.4,33874.0
14:26,14.38,14.39,14.36,14.38,113791.0
14:27,14.38,14.39,14.37,14.38,54130.0
14:28,14.39,14.39,14.38,14.38,50217.0
14:29,14.38,14.4,14.37,14.39,76821.0
14:30,14.41,14.41,14.37,14.38,82708.0
14:31,14.4,14.41,14.39,14.41,61405.0
14:32,14.39,14.4,14.39,14.4,58330.0
14:33,14.4,14.4,14.39,14.4,61564.0
14:34,14.41,14.41,14.39,14.4,29080.0
14:35,14.42,14.43,14.4,14.4,33834.0
14:36,14.4,14.43,14.4,14.43,29548.0
14:37,14.4,14.41,14.39,14.41,90875.0
14:38,14.4,14.4,14.39,14.4,35410.0
14:39,14.44,14.44,14.4,14.4,98188.0
14:40,14.47,14.47,14.44,14.44,97182.0
14:41,14.44,14.47,14.43,14.47,48267.0
14:42,14.44,14.48,14.43,14.44,173791.0
14:43,14.47,14.5,14.44,14.44,282436.0
14:44,14.47,14.49,14.45,14.46,142791.0
14:45,14.49,14.51,14.46,14.47,66403.0
14:46,14.48,14.49,14.47,14.49,44467.0
14:47,14.48,14.49,14.46,14.48,129398.0
14:48,14.51,14.51,14.47,14.47,89697.0
14:49,14.54,14.55,14.5,14.5,119278.0
14:50,14.53,14.56,14.53,14.55,134145.0
14:51,14.57,14.57,14.54,14.54,127639.0
14:52,14.55,14.56,14.53,14.56,68285.0
14:53,14.59,14.59,14.56,14.56,70540.0
14:54,14.61,14.62,14.58,14.59,125508.0
14:55,14.64,14.64,14.62,14.62,100694.0
14:56,14.64,14.64,14.61,14.64,106327.0
14:57,14.62,14.65,14.62,14.65,57161.0
14:58,14.6,14.66,14.6,14.62,113691.0
14:59,14.6,14.61,14.58,14.6,87661.0
15:00,14.6,14.61,14.58,14.6,65815.0
15:01,14.61,14.63,14.58,14.6,156370.0
15:02,14.58,14.61,14.57,14.61,206006.0
15:03,14.57,14.6,14.57,14.59,152602.0
15:04,14.56,14.58,14.56,14.57,163035.0
15:05,14.56,14.57,14.54,14.56,87909.0
15:06,14.59,14.59,14.56,14.56,112091.0
15:07,14.58,14.59,14.57,14.59,41895.0
15:08,14.59,14.6,14.58,14.58,120363.0
15:09,14.55,14.59,14.55,14.58,62526.0
15:10,14.58,14.58,14.55,14.55,53489.0
15:11,14.59,14.6,14.58,14.58,65244.0
15:12,14.6,14.61,14.59,14.59,41163.0
15:13,14.6,14.6,14.58,14.6,80382.0
15:14,14.62,14.63,14.6,14.6,78668.0
15:15,14.68,14.69,14.62,14.63,186239.0
15:16,14.72,14.73,14.66,14.68,193947.0
15:17,14.72,14.73,14.69,14.73,276194.0
15:18,14.73,14.74,14.71,14.73,196373.0
15:19,14.77,14.79,14.73,14.74,267490.0
15:20,14.83,14.83,14.77,14.77,217680.0
15:21,14.85,14.87,14.81,14.82,185159.0
15:22,14.86,14.87,14.85,14.86,213123.0
15:23,14.81,14.86,14.8,14.86,136767.0
15:24,14.81,14.83,14.77,14.8,10302767.0
15:25,14.81,14.82,14.78,14.81,1.0
15:26,14.81,14.81,14.79,14.8,161664.0
15:27,14.84,14.85,14.8,14.8,180535.0
15:28,14.84,14.86,14.84,14.85,228183.0
15:29,14.87,14.87,14.83,14.84,210808.0
15:30,14.83,14.88,14.82,14.86,244439.0
15:31,14.88,14.88,14.84,14.84,232239.0
15:32,14.86,14.88,14.85,14.87,247962.0
15:33,14.86,14.87,14.85,14.86,111316.0
15:34,14.87,14.87,14.85,14.85,194381.0
15:35,14.88,14.88,14.86,14.86,161563.0
15:36,14.88,14.89,14.87,14.88,86296.0
15:37,14.9,14.91,14.88,14.89,138263.0
15:38,14.92,14.93,14.89,14.9,179669.0
15:39,14.9,14.93,14.9,14.93,84451.0
15:40,14.85,14.9,14.84,14.9,289319.0
15:41,14.82,14.86,14.82,14.85,196012.0
15:42,14.84,14.85,14.81,14.81,180255.0
15:43,14.82,14.85,14.82,14.84,10917046.0
15:44,14.87,14.87,14.81,14.82,1.0
15:45,14.83,14.87,14.82,14.87,127318.0
15:46,14.79,14.82,14.77,14.82,227781.0
15:47,14.8,14.81,14.78,14.8,115376.0
15:48,14.81,14.81,14.79,14.79,241556.0
15:49,14.77,14.81,14.77,14.81,174887.0
15:50,14.77,14.78,14.76,14.77,191722.0
15:51,14.82,14.82,14.76,14.76,209787.0
15:52,14.81,14.83,14.8,14.82,350733.0
15:53,14.8,14.81,14.78,14.8,151922.0
15:54,14.74,14.8,14.72,14.79,319511.0
15:55,14.76,14.81,14.74,14.74,275923.0
15:56,14.74,14.77,14.73,14.76,270523.0
15:57,14.74,14.76,14.73,14.74,316282.0
15:58,14.73,14.76,14.73,14.74,362834.0
15:59,14.71,14.73,14.7,14.73,541462.0
