Time,Close,High,Low,Open,Volume
09:30,176.46,176.88,176.21,176.6,833493.0
09:31,176.82,176.82,176.61,176.61,17879.0
09:32,176.44,176.78,176.44,176.68,13045.0
09:33,176.12,176.42,176.1,176.33,17190.0
09:34,176.11,176.32,176.11,176.15,9957.0
09:35,176.31,176.35,176.03,176.03,9374.0
09:36,176.52,176.59,176.34,176.34,10410.0
09:37,176.43,176.53,176.41,176.53,8838.0
09:38,176.58,176.58,176.31,176.39,8815.0
09:39,176.7,176.7,176.46,176.51,9542.0
09:40,176.83,176.87,176.66,176.69,12717.0
09:41,176.71,176.84,176.71,176.83,12690.0
09:42,176.49,176.74,176.48,176.73,12527.0
09:43,176.6,176.62,176.51,176.52,6164.0
09:44,176.41,176.56,176.41,176.56,4230.0
09:45,176.18,176.41,176.15,176.41,13647.0
09:46,176.2,176.21,176.11,176.21,7674.0
09:47,176.31,176.31,176.17,176.23,7119.0
09:48,176.33,176.55,176.26,176.28,16087.0
09:49,176.38,176.45,176.32,176.33,7994.0
09:50,176.43,176.43,176.36,176.43,5806.0
09:51,176.35,176.47,176.35,176.43,6607.0
09:52,176.43,176.44,176.35,176.41,7350.0
09:53,176.35,176.35,176.28,176.34,6570.0
09:54,176.31,176.44,176.31,176.44,5276.0
09:55,176.38,176.41,176.29,176.29,9693.0
09:56,176.27,176.38,176.23,176.34,12927.0
09:57,176.16,176.3,176.13,176.3,13863.0
09:58,176.14,176.21,176.12,176.16,9024.0
09:59,176.16,176.27,176.14,176.14,15158.0
10:00,176.38,176.39,176.24,176.26,9322.0
10:01,176.53,176.58,176.36,176.39,8774.0
10:02,176.65,176.68,176.54,176.54,7826.0
10:03,176.69,176.73,176.66,176.68,6554.0
10:04,176.8,176.82,176.71,176.74,15483.0
10:05,176.95,176.96,176.83,176.83,8678.0
10:06,176.87,176.96,176.87,176.95,13856.0
10:07,176.93,177.01,176.88,176.89,17361.0
10:08,176.98,177.01,176.88,176.94,10202.0
10:09,176.9,177.02,176.9,177.02,7752.0
10:10,176.99,176.99,176.89,176.92,10284.0
10:11,176.92,176.97,176.9,176.96,10288.0
10:12,176.76,176.99,176.76,176.96,13455.0
10:13,176.83,176.86,176.76,176.76,17535.0
10:14,176.83,176.87,176.79,176.85,7885.0
10:15,176.84,176.87,176.79,176.85,12079.0
10:16,176.71,176.88,176.7,176.84,15172.0
10:17,176.7,176.74,176.67,176.72,9987.0
10:18,176.65,176.73,176.65,176.7,22971.0
10:19,176.48,176.7,176.46,176.66,10101.0
10:20,176.43,176.5,176.43,176.48,10945.0
10:21,176.33,176.42,176.33,176.42,7331.0
10:22,176.25,176.34,176.2,176.32,7797.0
10:23,176.29,176.33,176.26,176.26,6959.0
10:24,176.34,176.34,176.27,176.3,5371.0
10:25,176.31,176.35,176.25,176.35,9264.0
10:26,176.32,176.37,176.32,176.33,6324.0
10:27,176.31,176.43,176.3,176.32,8993.0
10:28,176.14,176.31,176.13,176.31,9085.0
10:29,176.12,176.22,176.12,176.15,7793.0
10:30,176.25,176.27,176.14,176.14,7422.0
10:31,176.34,176.34,176.17,176.25,5645.0
10:32,176.26,176.26,176.18,176.26,11629.0
10:33,176.35,176.39,176.28,176.29,12684.0
10:34,176.44,176.44,176.32,176.35,7426.0
10:35,176.42,176.46,176.32,176.42,16504.0
10:36,176.37,176.39,176.31,176.37,8545.0
10:37,176.3,176.35,176.24,176.35,6616.0
10:38,176.1,176.27,176.09,176.25,11445.0
10:39,176.05,176.15,176.03,176.12,7971.0
10:40,176.02,176.07,176.02,176.05,8572.0
10:41,175.92,176.07,175.91,176.07,9282.0
10:42,175.92,175.96,175.86,175.93,11682.0
10:43,176.04,176.06,175.89,175.9,38850.0
10:44,176.15,176.18,176.0,176.06,11288.0
10:45,175.98,176.15,175.98,176.15,15794.0
10:46,175.97,176.0,175.94,175.97,6434.0
10:47,176.0,176.04,175.97,175.97,12526.0
10:48,176.09,176.09,175.94,175.97,10706.0
10:49,175.87,176.06,175.87,176.06,11980.0
10:50,175.9,175.9,175.85,175.88,11869.0
10:51,175.87,175.9,175.86,175.88,8010.0
10:52,175.85,175.87,175.81,175.86,6778.0
10:53,175.76,175.83,175.75,175.83,11255.0
10:54,175.78,175.8,175.76,175.76,8799.0
10:55,175.77,175.8,175.75,175.77,7729.0
10:56,175.79,175.79,175.76,175.77,6166.0
10:57,175.75,175.83,175.74,175.79,8341.0
10:58,175.81,175.82,175.73,175.73,8963.0
10:59,175.86,175.86,175.76,175.76,10204.0
11:00,175.86,175.88,175.84,175.86,7290.0
11:01,175.8,175.86,175.78,175.86,13578.0
11:02,175.75,175.85,175.71,175.85,19867.0
11:03,175.72,175.76,175.71,175.76,5783.0
11:04,175.76,175.78,175.69,175.7,8163.0
11:05,175.81,175.9,175.75,175.76,15338.0
11:06,175.68,175.83,175.67,175.8,15878.0
11:07,175.55,175.69,175.52,175.69,9492.0
11:08,175.52,175.58,175.49,175.57,11910.0
11:09,175.49,175.55,175.49,175.54,6343.0
11:10,175.45,175.53,175.44,175.49,13136.0
11:11,175.5,175.5,175.43,175.47,12311.0
11:12,175.54,175.57,175.51,175.51,10544.0
11:13,175.43,175.56,175.42,175.54,19698.0
11:14,175.44,175.44,175.4,175.41,3133.0
11:15,175.4,175.43,175.38,175.43,11898.0
11:16,175.47,175.47,175.37,175.37,19103.0
11:17,175.45,175.47,175.43,175.47,8286.0
11:18,175.51,175.52,175.45,175.47,18643.0
11:19,175.52,175.55,175.48,175.52,12449.0
11:20,175.72,175.72,175.54,175.54,15188.0
11:21,175.66,175.73,175.65,175.72,4236.0
11:22,175.68,175.7,175.63,175.68,7523.0
11:23,175.6,175.66,175.57,175.65,5753.0
11:24,175.66,175.67,175.61,175.61,7580.0
11:25,175.69,175.71,175.67,175.67,6448.0
11:26,175.8,175.83,175.69,175.69,16571.0
11:27,175.74,175.82,175.73,175.82,6569.0
11:28,175.77,175.84,175.67,175.73,28783.0
11:29,175.63,175.77,175.62,175.77,9863.0
11:30,175.6,175.73,175.59,175.62,26588.0
11:31,175.72,175.73,175.61,175.62,10213.0
11:32,175.71,175.72,175.68,175.72,6242.0
11:33,175.66,175.7,175.63,175.7,5417.0
11:34,175.66,175.67,175.62,175.65,5478.0
11:35,175.79,175.84,175.68,175.68,14156.0
11:36,175.9,175.92,175.82,175.82,10615.0
11:37,175.81,175.92,175.81,175.92,7872.0
11:38,175.76,175.83,175.75,175.83,11599.0
11:39,175.78,175.8,175.68,175.73,6177.0
11:40,175.8,175.8,175.74,175.75,3916.0
11:41,175.85,175.85,175.78,175.79,9187.0
11:42,175.82,175.9,175.81,175.89,10578.0
11:43,175.77,175.79,175.75,175.79,5569.0
11:44,175.77,175.83,175.76,175.79,7653.0
11:45,175.72,175.81,175.72,175.76,4233.0
11:46,175.74,175.76,175.7,175.73,7390.0
11:47,175.77,175.8,175.74,175.75,5578.0
11:48,175.76,175.77,175.69,175.76,6441.0
11:49,175.71,175.78,175.7,175.77,2941.0
11:50,175.69,175.71,175.65,175.71,5980.0
11:51,175.73,175.73,175.65,175.65,11127.0
11:52,175.68,175.73,175.65,175.72,5997.0
11:53,175.61,175.71,175.6,175.71,4911.0
11:54,175.59,175.64,175.59,175.61,7722.0
11:55,175.59,175.62,175.57,175.62,4026.0
11:56,175.5,175.57,175.47,175.57,14039.0
11:57,175.5,175.52,175.44,175.49,6465.0
11:58,175.47,175.49,175.47,175.49,3391.0
11:59,175.45,175.47,175.45,175.45,2903.0
12:00,175.48,175.48,175.41,175.44,9619.0
12:01,175.43,175.49,175.43,175.49,6028.0
12:02,175.52,175.52,175.44,175.46,8042.0
12:03,175.55,175.6,175.53,175.53,7398.0
12:04,175.66,175.69,175.55,175.57,6788.0
12:05,175.63,175.68,175.63,175.68,3880.0
12:06,175.64,175.66,175.62,175.66,4703.0
12:07,175.61,175.66,175.59,175.63,4157.0
12:08,175.66,175.66,175.61,175.61,3628.0
12:09,175.62,175.69,175.62,175.65,4290.0
12:10,175.66,175.66,175.61,175.62,5825.0
12:11,175.63,175.65,175.6,175.64,16451.0
12:12,175.59,175.65,175.58,175.62,7140.0
12:13,175.55,175.61,175.55,175.6,2563.0
12:14,175.51,175.6,175.48,175.57,9181.0
12:15,175.46,175.5,175.46,175.48,7923.0
12:16,175.44,175.48,175.44,175.47,5728.0
12:17,175.5,175.51,175.41,175.42,9325.0
12:18,175.51,175.55,175.5,175.5,5195.0
12:19,175.45,175.51,175.44,175.51,5187.0
12:20,175.44,175.47,175.43,175.46,5861.0
12:21,175.46,175.5,175.43,175.48,7640.0
12:22,175.46,175.48,175.46,175.46,3447.0
12:23,175.46,175.47,175.44,175.46,3397.0
12:24,175.4,175.47,175.38,175.46,14749.0
12:25,175.48,175.49,175.42,175.42,5562.0
12:26,175.54,175.55,175.48,175.48,3829.0
12:27,175.53,175.56,175.52,175.54,2921.0
12:28,175.53,175.57,175.52,175.55,5728.0
12:29,175.52,175.57,175.51,175.54,7988.0
12:30,175.52,175.54,175.51,175.51,4662.0
12:31,175.56,175.56,175.51,175.53,11557.0
12:32,175.52,175.55,175.52,175.55,6248.0
12:33,175.44,175.51,175.44,175.51,7698.0
12:34,175.46,175.47,175.43,175.43,4214.0
12:35,175.54,175.55,175.46,175.47,12185.0
12:36,175.54,175.55,175.53,175.55,2439.0
12:37,175.53,175.57,175.53,175.54,5458.0
12:38,175.52,175.56,175.52,175.53,10261.0
12:39,175.6,175.61,175.53,175.53,10051.0
12:40,175.54,175.6,175.52,175.6,10062.0
12:41,175.56,175.56,175.5,175.52,8273.0
12:42,175.54,175.57,175.53,175.57,7264.0
12:43,175.47,175.53,175.47,175.53,4106.0
12:44,175.49,175.49,175.47,175.47,4736.0
12:45,175.48,175.5,175.47,175.49,6031.0
12:46,175.51,175.53,175.5,175.5,4158.0
12:47,175.46,175.52,175.46,175.52,5919.0
12:48,175.49,175.49,175.46,175.46,3362.0
12:49,175.45,175.47,175.43,175.47,5342.0
12:50,175.49,175.49,175.43,175.43,10272.0
12:51,175.53,175.54,175.48,175.51,4721.0
12:52,175.6,175.63,175.58,175.58,6648.0
12:53,175.62,175.62,175.59,175.6,4073.0
12:54,175.55,175.6,175.55,175.6,6354.0
12:55,175.54,175.57,175.54,175.55,2345.0
12:56,175.51,175.54,175.48,175.52,7184.0
12:57,175.56,175.56,175.51,175.53,8323.0
12:58,175.53,175.54,175.48,175.54,8878.0
12:59,175.49,175.54,175.49,175.53,2617.0
13:00,175.54,175.57,175.45,175.48,8109.0
13:01,175.53,175.53,175.51,175.51,1484.0
13:02,175.52,175.55,175.52,175.54,7737.0
13:03,175.47,175.53,175.47,175.51,5937.0
13:04,175.43,175.47,175.42,175.47,6266.0
13:05,175.45,175.49,175.43,175.45,8195.0
13:06,175.52,175.52,175.46,175.46,4129.0
13:07,175.56,175.56,175.5,175.5,4497.0
13:08,175.51,175.57,175.51,175.57,4008.0
13:09,175.43,175.53,175.43,175.51,10348.0
13:10,175.47,175.47,175.41,175.43,8649.0
13:11,175.49,175.53,175.48,175.51,8590.0
13:12,175.5,175.5,175.48,175.49,4524.0
13:13,175.49,175.51,175.46,175.5,9194.0
13:14,175.46,175.5,175.45,175.49,2698.0
13:15,175.45,175.46,175.43,175.45,10985.0
13:16,175.46,175.49,175.43,175.44,5529.0
13:17,175.45,175.47,175.45,175.47,3786.0
13:18,175.41,175.45,175.39,175.45,5635.0
13:19,175.4,175.45,175.4,175.43,10969.0
13:20,175.43,175.44,175.41,175.41,8290.0
13:21,175.4,175.44,175.38,175.43,10598.0
13:22,175.37,175.41,175.37,175.4,6155.0
13:23,175.38,175.38,175.35,175.37,2724.0
13:24,175.29,175.35,175.28,175.35,8883.0
13:25,175.39,175.4,175.29,175.29,14317.0
13:26,175.37,175.38,175.33,175.38,5790.0
13:27,175.35,175.37,175.34,175.36,8975.0
13:28,175.34,175.35,175.32,175.35,3084.0
13:29,175.34,175.36,175.33,175.36,2680.0
13:30,175.37,175.38,175.34,175.34,8626.0
13:31,175.38,175.38,175.36,175.37,4950.0
13:32,175.37,175.38,175.36,175.38,3750.0
13:33,175.36,175.37,175.35,175.36,3488.0
13:34,175.42,175.43,175.37,175.37,7214.0
13:35,175.41,175.41,175.36,175.41,12787.0
13:36,175.37,175.4,175.36,175.4,4532.0
13:37,175.35,175.38,175.34,175.38,10909.0
13:38,175.38,175.38,175.34,175.35,20526.0
13:39,175.39,175.41,175.35,175.37,13646.0
13:40,175.41,175.45,175.39,175.4,14532.0
13:41,175.37,175.39,175.32,175.39,9901.0
13:42,175.32,175.38,175.32,175.37,4785.0
13:43,175.32,175.34,175.31,175.31,4391.0
13:44,175.31,175.32,175.27,175.31,11777.0
13:45,175.3,175.3,175.26,175.29,7643.0
13:46,175.27,175.29,175.27,175.29,2459.0
13:47,175.24,175.27,175.21,175.27,13901.0
13:48,175.23,175.26,175.22,175.24,8122.0
13:49,175.3,175.3,175.23,175.23,7405.0
13:50,175.34,175.34,175.28,175.3,5391.0
13:51,175.32,175.35,175.32,175.34,7632.0
13:52,175.35,175.35,175.32,175.32,6385.0
13:53,175.42,175.42,175.32,175.33,72355.0
13:54,175.39,175.41,175.38,175.41,6788.0
13:55,175.37,175.38,175.37,175.38,5707.0
13:56,175.35,175.37,175.34,175.36,6071.0
13:57,175.32,175.36,175.32,175.35,3427.0
13:58,175.38,175.39,175.31,175.31,10652.0
13:59,175.38,175.43,175.36,175.38,8749.0
14:00,175.46,175.46,175.38,175.38,77478.0
14:01,175.39,175.44,175.38,175.44,7558.0
14:02,175.39,175.41,175.37,175.38,4709.0
14:03,175.38,175.4,175.38,175.39,5546.0
14:04,175.32,175.37,175.29,175.37,11113.0
14:05,175.33,175.37,175.31,175.31,7709.0
14:06,175.35,175.38,175.34,175.34,10179.0
14:07,175.31,175.34,175.31,175.34,3138.0
14:08,175.34,175.39,175.31,175.31,10053.0
14:09,175.39,175.4,175.32,175.32,9869.0
14:10,175.47,175.49,175.35,175.38,10810.0
14:11,175.43,175.46,175.4,175.46,9549.0
14:12,175.39,175.44,175.39,175.44,8058.0
14:13,175.35,175.39,175.35,175.38,8234.0
14:14,175.29,175.34,175.29,175.34,7583.0
14:15,175.26,175.34,175.26,175.29,11262.0
14:16,175.23,175.27,175.23,175.27,7257.0
14:17,175.3,175.31,175.24,175.25,11201.0
14:18,175.26,175.3,175.26,175.3,4033.0
14:19,175.25,175.28,175.24,175.26,8271.0
14:20,175.3,175.32,175.24,175.26,9987.0
14:21,175.33,175.37,175.29,175.3,10628.0
14:22,175.36,175.38,175.31,175.35,5887.0
14:23,175.38,175.38,175.35,175.36,6854.0
14:24,175.36,175.37,175.35,175.36,8452.0
14:25,175.32,175.35,175.31,175.35,6527.0
14:26,175.36,175.36,175.31,175.33,10121.0
14:27,175.33,175.38,175.33,175.37,7868.0
14:28,175.34,175.36,175.31,175.33,10334.0
14:29,175.32,175.34,175.32,175.32,3676.0
14:30,175.34,175.35,175.32,175.32,9628.0
14:31,175.36,175.36,175.28,175.33,14042.0
14:32,175.38,175.4,175.37,175.38,3570.0
14:33,175.38,175.41,175.36,175.4,9616.0
14:34,175.37,175.39,175.33,175.39,14284.0
14:35,175.24,175.35,175.24,175.35,13293.0
14:36,175.2,175.24,175.19,175.23,11085.0
14:37,175.22,175.22,175.18,175.2,7170.0
14:38,175.23,175.23,175.16,175.19,7084.0
14:39,175.2,175.23,175.18,175.23,8274.0
14:40,175.2,175.22,175.2,175.21,6647.0
14:41,175.22,175.23,175.19,175.19,5128.0
14:42,175.16,175.21,175.16,175.21,6814.0
14:43,175.15,175.2,175.15,175.16,9028.0
14:44,175.12,175.17,175.1,175.15,25300.0
14:45,175.12,175.13,175.08,175.09,11887.0
14:46,175.15,175.15,175.1,175.13,10406.0
14:47,175.14,175.16,175.1,175.15,11321.0
14:48,175.09,175.15,175.04,175.14,28420.0
14:49,175.07,175.09,175.05,175.08,16443.0
14:50,175.04,175.09,175.03,175.09,10542.0
14:51,174.93,175.04,174.91,175.03,40775.0
14:52,174.97,175.0,174.95,174.96,12609.0
14:53,174.97,174.98,174.92,174.98,9379.0
14:54,174.99,174.99,174.96,174.97,6080.0
14:55,174.94,175.0,174.91,174.97,15937.0
14:56,174.98,174.98,174.95,174.97,8658.0
14:57,174.93,174.98,174.93,174.97,7833.0
14:58,174.87,174.92,174.84,174.92,11709.0
14:59,174.88,174.88,174.85,174.87,7458.0
15:00,174.87,174.9,174.83,174.88,15084.0
15:01,174.9,174.91,174.88,174.88,5906.0
15:02,174.97,174.98,174.9,174.9,26435.0
15:03,174.79,174.96,174.79,174.95,26054.0
15:04,174.59,174.78,174.57,174.78,32568.0
15:05,174.57,174.63,174.57,174.62,17730.0
15:06,174.62,174.71,174.56,174.57,12452.0
15:07,174.67,174.74,174.61,174.61,15426.0
15:08,174.64,174.69,174.61,174.67,16004.0
15:09,174.6,174.65,174.59,174.65,14137.0
15:10,174.54,174.59,174.51,174.59,15715.0
15:11,174.51,174.56,174.5,174.54,10339.0
15:12,174.51,174.54,174.46,174.51,23896.0
15:13,174.53,174.6,174.5,174.51,15253.0
15:14,174.62,174.65,174.53,174.55,17571.0
15:15,174.56,174.6,174.55,174.6,10212.0
15:16,174.52,174.56,174.5,174.55,17460.0
15:17,174.54,174.57,174.51,174.52,22492.0
15:18,174.46,174.54,174.43,174.54,13959.0
15:19,174.4,174.46,174.4,174.46,19100.0
15:20,174.45,174.48,174.4,174.4,19021.0
15:21,174.45,174.47,174.43,174.44,13539.0
15:22,174.43,174.47,174.41,174.42,11033.0
15:23,174.56,174.59,174.42,174.43,27748.0
15:24,174.5,174.57,174.49,174.57,17401.0
15:25,174.48,174.53,174.44,174.48,24756.0
15:26,174.46,174.49,174.45,174.47,10326.0
15:27,174.59,174.62,174.45,174.46,57072.0
15:28,174.66,174.68,174.57,174.59,28036.0
15:29,174.67,174.74,174.66,174.66,19364.0
15:30,174.59,174.73,174.59,174.65,17370.0
15:31,174.48,174.59,174.44,174.59,38492.0
15:32,174.55,174.56,174.46,174.48,15820.0
15:33,174.46,174.56,174.44,174.55,26594.0
15:34,174.41,174.46,174.39,174.46,19324.0
15:35,174.43,174.43,174.36,174.4,19129.0
15:36,174.33,174.44,174.33,174.42,18654.0
15:37,174.18,174.34,174.18,174.34,17361.0
15:38,174.08,174.19,174.07,174.18,21242.0
15:39,174.05,174.09,174.01,174.07,36267.0
15:40,173.96,174.1,173.96,174.05,40107.0
15:41,173.93,174.08,173.92,173.97,44321.0
15:42,173.93,173.98,173.87,173.91,30774.0
15:43,174.04,174.05,173.91,173.93,28293.0
15:44,174.03,174.04,173.99,174.04,19850.0
15:45,174.02,174.04,173.95,174.03,32315.0
15:46,174.01,174.07,174.0,174.03,32453.0
15:47,174.06,174.09,174.0,174.02,25960.0
15:48,173.99,174.05,173.98,174.05,31399.0
15:49,173.96,174.03,173.9,173.99,29043.0
15:50,174.08,174.1,173.93,173.96,57742.0
15:51,174.23,174.26,174.08,174.08,40449.0
15:52,174.21,174.25,174.11,174.23,36880.0
15:53,174.29,174.32,174.21,174.21,45666.0
15:54,174.42,174.43,174.27,174.28,58097.0
15:55,174.25,174.48,174.23,174.42,107752.0
15:56,174.29,174.35,174.21,174.24,104940.0
15:57,174.31,174.34,174.25,174.3,99654.0
15:58,174.3,174.4,174.24,174.3,159712.0
15:59,174.14,174.35,174.14,174.3,244313.0
