Time,Close,High,Low,Open,Volume
09:30,192.31,192.69,192.31,192.56,125307.0
09:31,192.9,192.98,192.31,192.35,11070.0
09:32,192.77,192.93,192.57,192.9,21494.0
09:33,192.97,193.08,192.87,192.99,29627.0
09:34,192.96,193.07,192.9,192.97,15014.0
09:35,193.1,193.14,192.92,192.96,23441.0
09:36,193.22,193.3,192.97,193.1,18434.0
09:37,193.42,193.5,193.21,193.21,18846.0
09:38,193.41,193.54,193.4,193.43,12412.0
09:39,193.5,193.5,193.36,193.42,12644.0
09:40,193.48,193.56,193.4,193.46,14404.0
09:41,193.6,193.6,193.38,193.41,9310.0
09:42,193.41,193.52,193.35,193.51,12558.0
09:43,193.52,194.0,193.45,193.47,14000.0
09:44,193.57,193.63,193.45,193.51,26600.0
09:45,193.33,193.64,193.33,193.54,22189.0
09:46,193.29,193.37,193.26,193.35,8473.0
09:47,193.12,193.29,193.07,193.29,9776.0
09:48,192.98,193.12,192.88,193.12,6406.0
09:49,192.89,192.95,192.78,192.95,10372.0
09:50,192.79,192.95,192.76,192.95,7110.0
09:51,192.66,192.82,192.65,192.77,10456.0
09:52,192.42,192.73,192.38,192.71,12889.0
09:53,192.42,192.48,192.38,192.44,15054.0
09:54,192.42,192.43,192.38,192.42,5042.0
09:55,192.35,192.39,192.25,192.38,18420.0
09:56,192.04,192.36,191.91,192.36,14559.0
09:57,192.11,192.17,192.04,192.04,8087.0
09:58,192.09,192.12,191.92,192.11,21864.0
09:59,192.14,192.35,192.09,192.09,21582.0
10:00,192.4,192.4,191.96,192.05,10845.0
10:01,192.55,192.55,192.35,192.36,8580.0
10:02,192.67,192.72,192.49,192.49,21161.0
10:03,192.68,192.7,192.59,192.67,9511.0
10:04,192.74,192.84,192.69,192.69,13714.0
10:05,192.76,192.8,192.69,192.74,7932.0
10:06,192.67,192.77,192.62,192.76,11034.0
10:07,192.62,192.68,192.61,192.63,8321.0
10:08,192.5,192.62,192.49,192.62,9664.0
10:09,192.43,192.51,192.36,192.51,17994.0
10:10,192.38,192.4,192.3,192.37,13575.0
10:11,192.25,192.36,192.17,192.36,21773.0
10:12,192.27,192.35,192.19,192.19,7238.0
10:13,192.21,192.29,192.18,192.29,12260.0
10:14,192.21,192.21,192.16,192.19,4386.0
10:15,192.18,192.24,192.06,192.18,20961.0
10:16,192.07,192.18,191.94,192.18,28125.0
10:17,192.12,192.17,192.07,192.07,6361.0
10:18,192.04,192.04,191.98,192.03,4155.0
10:19,192.13,192.18,192.07,192.07,14154.0
10:20,192.19,192.19,192.12,192.15,16378.0
10:21,192.05,192.25,192.05,192.17,13502.0
10:22,192.04,192.05,191.96,192.02,7187.0
10:23,192.06,192.06,191.96,191.96,6620.0
10:24,192.26,192.26,192.03,192.11,6169.0
10:25,192.57,192.6,192.31,192.31,9506.0
10:26,192.62,192.67,192.61,192.61,14746.0
10:27,192.54,192.63,192.52,192.63,9941.0
10:28,192.5,192.55,192.48,192.52,10712.0
10:29,192.52,192.52,192.48,192.48,3941.0
10:30,192.4,192.51,192.39,192.51,6223.0
10:31,192.38,192.47,192.37,192.42,8275.0
10:32,192.38,192.4,192.38,192.4,4360.0
10:33,192.29,192.36,192.25,192.36,9991.0
10:34,192.27,192.33,192.22,192.27,5181.0
10:35,192.37,192.37,192.23,192.28,6220.0
10:36,192.32,192.36,192.27,192.34,9323.0
10:37,192.36,192.45,192.3,192.33,17874.0
10:38,192.23,192.35,192.23,192.35,5431.0
10:39,192.19,192.26,192.19,192.26,3537.0
10:40,192.03,192.22,192.02,192.18,8129.0
10:41,192.12,192.13,192.06,192.06,6965.0
10:42,192.08,192.13,192.02,192.09,9043.0
10:43,192.23,192.23,192.11,192.14,5861.0
10:44,192.32,192.34,192.23,192.24,8133.0
10:45,192.42,192.43,192.26,192.32,21026.0
10:46,192.4,192.43,192.34,192.41,9935.0
10:47,192.31,192.38,192.31,192.38,8096.0
10:48,192.46,192.48,192.32,192.32,26370.0
10:49,192.49,192.5,192.46,192.46,7096.0
10:50,192.46,192.56,192.45,192.52,15991.0
10:51,192.49,192.57,192.46,192.46,9539.0
10:52,192.37,192.5,192.37,192.46,14060.0
10:53,192.37,192.4,192.33,192.37,7001.0
10:54,192.54,192.54,192.35,192.37,9555.0
10:55,192.41,192.48,192.41,192.48,8388.0
10:56,192.34,192.49,192.27,192.45,19078.0
10:57,192.42,192.42,192.33,192.37,3825.0
10:58,192.34,192.46,192.34,192.41,12722.0
10:59,192.32,192.36,192.32,192.34,4200.0
11:00,192.3,192.33,192.27,192.28,4551.0
11:01,192.14,192.35,192.1,192.3,8581.0
11:02,192.21,192.22,192.04,192.1,5193.0
11:03,192.1,192.24,192.1,192.23,4335.0
11:04,192.22,192.22,192.15,192.15,4823.0
11:05,192.18,192.21,192.12,192.2,7425.0
11:06,192.16,192.23,192.13,192.13,8254.0
11:07,192.19,192.22,192.18,192.18,3408.0
11:08,192.21,192.21,192.15,192.16,7967.0
11:09,192.15,192.22,192.14,192.21,5045.0
11:10,192.19,192.2,192.12,192.19,3225.0
11:11,192.27,192.3,192.19,192.19,6202.0
11:12,192.29,192.29,192.24,192.25,4787.0
11:13,192.27,192.3,192.24,192.24,6979.0
11:14,192.28,192.3,192.27,192.27,3106.0
11:15,192.2,192.26,192.2,192.26,10131.0
11:16,192.26,192.26,192.19,192.2,8844.0
11:17,192.27,192.27,192.23,192.25,4403.0
11:18,192.15,192.25,192.15,192.23,13181.0
11:19,192.21,192.23,192.14,192.15,12935.0
11:20,192.2,192.24,192.1,192.24,9781.0
11:21,192.22,192.28,192.21,192.21,5547.0
11:22,192.24,192.26,192.13,192.23,8466.0
11:23,192.23,192.29,192.21,192.24,9175.0
11:24,192.17,192.3,192.12,192.23,39230.0
11:25,192.16,192.24,192.16,192.21,8299.0
11:26,192.12,192.18,192.12,192.12,4635.0
11:27,192.12,192.17,192.07,192.14,15207.0
11:28,192.13,192.16,192.12,192.12,4593.0
11:29,192.15,192.24,192.13,192.13,8604.0
11:30,192.16,192.22,192.12,192.19,4784.0
11:31,192.11,192.17,192.07,192.17,5574.0
11:32,192.06,192.15,192.06,192.15,4881.0
11:33,192.09,192.09,192.05,192.08,3790.0
11:34,191.99,192.07,191.96,192.05,13672.0
11:35,191.98,191.99,191.92,191.99,7164.0
11:36,191.94,191.98,191.9,191.98,9504.0
11:37,191.93,191.98,191.83,191.92,17561.0
11:38,191.91,192.01,191.91,191.96,10708.0
11:39,191.83,191.97,191.81,191.93,10804.0
11:40,191.8,191.9,191.8,191.81,14448.0
11:41,191.78,191.82,191.75,191.8,15884.0
11:42,191.86,191.86,191.77,191.77,5257.0
11:43,191.85,191.86,191.79,191.83,7687.0
11:44,191.82,191.86,191.79,191.86,8575.0
11:45,191.71,191.84,191.68,191.81,13184.0
11:46,191.73,191.74,191.68,191.7,4146.0
11:47,191.79,191.85,191.73,191.73,16122.0
11:48,191.79,191.79,191.79,191.79,976.0
11:49,191.87,191.87,191.81,191.82,2361.0
11:50,191.88,191.92,191.84,191.87,9097.0
11:51,191.88,191.9,191.87,191.87,4916.0
11:52,191.78,191.88,191.78,191.88,10784.0
11:53,191.83,191.84,191.73,191.8,21222.0
11:54,191.84,191.88,191.84,191.86,7265.0
11:55,191.68,191.86,191.64,191.86,14951.0
11:56,191.7,191.74,191.67,191.69,10944.0
11:57,191.71,191.72,191.66,191.68,5127.0
11:58,191.74,191.75,191.7,191.7,6173.0
11:59,191.65,191.77,191.61,191.77,14488.0
12:00,191.6,191.66,191.6,191.65,26148.0
12:01,191.62,191.62,191.56,191.61,19466.0
12:02,191.57,191.61,191.54,191.61,12787.0
12:03,191.6,191.62,191.56,191.56,5964.0
12:04,191.68,191.69,191.6,191.6,17971.0
12:05,191.62,191.71,191.62,191.7,18908.0
12:06,191.81,191.91,191.61,191.63,97730.0
12:07,191.79,191.85,191.79,191.79,6432.0
12:08,191.82,191.86,191.76,191.81,16204.0
12:09,191.91,191.91,191.79,191.83,15483.0
12:10,191.9,191.9,191.8,191.88,9756.0
12:11,191.96,192.01,191.9,191.9,12796.0
12:12,191.91,191.96,191.91,191.96,9007.0
12:13,191.92,191.94,191.91,191.93,5618.0
12:14,192.09,192.09,191.93,191.93,8736.0
12:15,192.03,192.07,192.02,192.07,18482.0
12:16,192.1,192.1,192.02,192.02,7659.0
12:17,192.02,192.12,192.02,192.1,16378.0
12:18,192.01,192.03,191.97,192.01,11463.0
12:19,192.01,192.01,191.99,191.99,6675.0
12:20,192.01,192.02,191.94,192.01,17673.0
12:21,191.95,192.03,191.95,192.03,9153.0
12:22,191.93,191.96,191.91,191.93,8003.0
12:23,191.93,191.95,191.85,191.95,14650.0
12:24,192.0,192.01,191.92,191.94,14825.0
12:25,192.01,192.02,191.96,192.0,14772.0
12:26,191.99,192.01,191.96,192.01,19998.0
12:27,191.93,191.99,191.91,191.99,16641.0
12:28,191.95,191.99,191.91,191.93,7421.0
12:29,191.91,191.97,191.89,191.95,12867.0
12:30,192.08,192.09,191.9,191.91,38329.0
12:31,192.05,192.1,192.05,192.09,12275.0
12:32,192.07,192.07,192.02,192.05,9158.0
12:33,192.03,192.09,192.03,192.06,8690.0
12:34,192.04,192.05,192.01,192.03,4763.0
12:35,192.02,192.05,191.99,192.04,9373.0
12:36,192.1,192.1,192.02,192.02,5385.0
12:37,192.04,192.1,192.04,192.1,6262.0
12:38,192.12,192.12,192.07,192.08,4444.0
12:39,192.12,192.13,192.1,192.11,5547.0
12:40,192.12,192.13,192.1,192.12,5803.0
12:41,192.12,192.17,192.12,192.14,11607.0
12:42,192.12,192.14,192.09,192.14,5535.0
12:43,192.1,192.13,192.1,192.13,7961.0
12:44,192.1,192.13,192.07,192.12,26995.0
12:45,192.13,192.15,192.07,192.11,17175.0
12:46,192.11,192.12,192.1,192.11,5139.0
12:47,192.1,192.11,192.09,192.1,8767.0
12:48,192.18,192.18,192.11,192.11,4558.0
12:49,192.06,192.17,192.05,192.17,11335.0
12:50,192.0,192.05,191.92,192.05,9858.0
12:51,191.85,191.98,191.85,191.98,3777.0
12:52,191.9,191.94,191.87,191.88,7854.0
12:53,191.87,191.9,191.87,191.9,4277.0
12:54,191.87,191.91,191.87,191.87,4093.0
12:55,192.04,192.07,191.87,191.89,17377.0
12:56,192.05,192.06,192.02,192.02,6691.0
12:57,192.1,192.12,192.05,192.05,5846.0
12:58,192.1,192.12,192.08,192.1,9591.0
12:59,192.11,192.11,192.08,192.1,6467.0
13:00,192.18,192.18,192.11,192.11,5516.0
13:01,192.22,192.26,192.18,192.18,5737.0
13:02,192.23,192.24,192.19,192.23,9403.0
13:03,192.22,192.24,192.21,192.21,5529.0
13:04,192.3,192.3,192.2,192.24,19812.0
13:05,192.32,192.32,192.28,192.3,10048.0
13:06,192.27,192.35,192.27,192.3,12734.0
13:07,192.26,192.28,192.25,192.27,11084.0
13:08,192.28,192.32,192.2,192.25,21623.0
13:09,192.31,192.33,192.26,192.26,3817.0
13:10,192.35,192.35,192.3,192.3,4418.0
13:11,192.35,192.36,192.32,192.35,6084.0
13:12,192.35,192.37,192.33,192.35,6622.0
13:13,192.33,192.36,192.33,192.36,5839.0
13:14,192.29,192.34,192.27,192.34,8842.0
13:15,192.29,192.34,192.27,192.3,5073.0
13:16,192.21,192.29,192.19,192.28,9935.0
13:17,192.19,192.24,192.19,192.23,5085.0
13:18,192.18,192.25,192.18,192.19,7994.0
13:19,192.26,192.26,192.21,192.21,4531.0
13:20,192.3,192.3,192.23,192.26,7902.0
13:21,192.2,192.29,192.2,192.29,10179.0
13:22,192.18,192.21,192.16,192.19,3923.0
13:23,192.19,192.21,192.16,192.18,5231.0
13:24,192.19,192.24,192.19,192.2,5720.0
13:25,192.22,192.23,192.19,192.2,4320.0
13:26,192.21,192.27,192.21,192.24,7866.0
13:27,192.22,192.24,192.2,192.24,4499.0
13:28,192.27,192.31,192.22,192.23,12807.0
13:29,192.27,192.29,192.25,192.27,6053.0
13:30,192.22,192.27,192.2,192.25,11534.0
13:31,192.19,192.21,192.18,192.2,5489.0
13:32,192.23,192.23,192.18,192.18,13381.0
13:33,192.21,192.25,192.19,192.23,16564.0
13:34,192.22,192.25,192.19,192.21,4766.0
13:35,192.17,192.28,192.15,192.24,12846.0
13:36,192.18,192.21,192.18,192.18,4644.0
13:37,192.15,192.15,192.12,192.15,7002.0
13:38,192.15,192.21,192.14,192.17,7008.0
13:39,192.13,192.15,192.11,192.15,6108.0
13:40,192.16,192.22,192.1,192.13,16485.0
13:41,192.17,192.21,192.13,192.15,5794.0
13:42,192.12,192.18,192.12,192.18,7105.0
13:43,192.18,192.19,192.09,192.12,5886.0
13:44,192.13,192.17,192.1,192.16,3400.0
13:45,192.19,192.19,192.11,192.16,11656.0
13:46,192.07,192.19,192.06,192.19,23620.0
13:47,192.13,192.14,192.05,192.05,5343.0
13:48,192.11,192.17,192.11,192.13,7748.0
13:49,192.12,192.17,192.11,192.17,5575.0
13:50,192.06,192.1,192.0,192.1,5243.0
13:51,192.0,192.08,192.0,192.05,6026.0
13:52,192.04,192.05,192.02,192.02,3471.0
13:53,192.06,192.08,192.02,192.02,5399.0
13:54,192.18,192.2,192.06,192.08,6560.0
13:55,192.12,192.16,192.12,192.16,7927.0
13:56,192.18,192.19,192.1,192.1,6150.0
13:57,192.17,192.18,192.12,192.16,5243.0
13:58,192.17,192.18,192.14,192.14,7302.0
13:59,192.14,192.17,192.12,192.15,6937.0
14:00,192.15,192.17,192.13,192.14,5389.0
14:01,192.09,192.14,192.09,192.13,10822.0
14:02,192.18,192.18,192.1,192.13,4705.0
14:03,192.17,192.2,192.16,192.2,9365.0
14:04,192.21,192.22,192.15,192.15,3484.0
14:05,192.28,192.28,192.19,192.21,8629.0
14:06,192.31,192.33,192.25,192.27,18428.0
14:07,192.31,192.33,192.27,192.3,9572.0
14:08,192.32,192.32,192.27,192.3,3708.0
14:09,192.2,192.3,192.2,192.28,12456.0
14:10,192.23,192.23,192.15,192.19,6972.0
14:11,192.19,192.24,192.19,192.21,10065.0
14:12,192.2,192.21,192.18,192.19,6489.0
14:13,192.2,192.2,192.18,192.2,5069.0
14:14,192.12,192.18,192.12,192.18,11665.0
14:15,192.09,192.1,192.06,192.09,21211.0
14:16,192.1,192.1,192.08,192.1,3956.0
14:17,192.06,192.12,192.06,192.1,10166.0
14:18,192.05,192.06,192.03,192.06,5755.0
14:19,192.1,192.12,192.07,192.07,6273.0
14:20,192.11,192.15,192.1,192.11,7527.0
14:21,192.13,192.2,192.11,192.12,12270.0
14:22,192.16,192.19,192.15,192.15,9555.0
14:23,192.12,192.16,192.1,192.15,12776.0
14:24,192.15,192.15,192.1,192.1,6386.0
14:25,192.13,192.17,192.12,192.14,10011.0
14:26,192.06,192.13,192.05,192.13,9543.0
14:27,192.02,192.05,192.01,192.05,7161.0
14:28,192.04,192.07,192.02,192.03,5650.0
14:29,192.03,192.05,192.0,192.03,10095.0
14:30,192.05,192.05,192.0,192.01,8277.0
14:31,192.07,192.09,192.03,192.05,11584.0
14:32,192.1,192.14,192.07,192.07,15734.0
14:33,192.13,192.14,192.08,192.08,5462.0
14:34,192.12,192.13,192.1,192.13,2910.0
14:35,192.09,192.13,192.08,192.12,9188.0
14:36,192.05,192.08,192.03,192.08,6713.0
14:37,192.08,192.08,192.03,192.04,7874.0
14:38,192.13,192.13,192.05,192.05,12792.0
14:39,192.06,192.11,192.06,192.11,4316.0
14:40,192.09,192.1,192.06,192.08,4538.0
14:41,192.03,192.08,192.01,192.07,14069.0
14:42,192.05,192.07,192.02,192.02,9938.0
14:43,192.05,192.09,192.05,192.07,7301.0
14:44,192.08,192.09,192.06,192.07,4026.0
14:45,192.08,192.09,192.04,192.09,10775.0
14:46,192.06,192.09,192.04,192.06,8113.0
14:47,192.07,192.09,192.05,192.07,8373.0
14:48,192.1,192.14,192.06,192.07,10306.0
14:49,192.11,192.12,192.1,192.1,8023.0
14:50,192.13,192.14,192.08,192.12,13953.0
14:51,192.18,192.2,192.13,192.13,4940.0
14:52,192.22,192.22,192.17,192.2,9433.0
14:53,192.2,192.24,192.2,192.2,6504.0
14:54,192.21,192.21,192.17,192.18,9092.0
14:55,192.12,192.21,192.11,192.21,9582.0
14:56,192.14,192.14,192.11,192.14,2244.0
14:57,192.16,192.16,192.12,192.12,9082.0
14:58,192.15,192.16,192.13,192.13,5649.0
14:59,192.16,192.18,192.14,192.16,8782.0
15:00,192.17,192.21,192.16,192.17,8379.0
15:01,192.17,192.19,192.17,192.18,5678.0
15:02,192.18,192.2,192.06,192.18,100165.0
15:03,192.13,192.19,192.13,192.18,24391.0
15:04,192.02,192.14,192.02,192.12,13120.0
15:05,192.02,192.02,191.92,192.01,6830.0
15:06,192.03,192.03,192.0,192.01,11565.0
15:07,192.01,192.04,191.99,192.03,12937.0
15:08,192.06,192.07,192.01,192.01,7271.0
15:09,192.1,192.1,192.05,192.05,15902.0
15:10,192.1,192.12,192.08,192.1,13600.0
15:11,192.04,192.1,192.03,192.1,13909.0
15:12,192.04,192.05,192.0,192.04,9283.0
15:13,192.04,192.05,192.02,192.02,8580.0
15:14,192.06,192.06,192.03,192.04,19908.0
15:15,192.1,192.11,192.05,192.06,10749.0
15:16,192.11,192.13,192.1,192.1,14938.0
15:17,192.07,192.12,192.06,192.11,19971.0
15:18,192.03,192.07,192.01,192.07,17021.0
15:19,192.03,192.07,192.01,192.02,5957.0
15:20,192.07,192.08,192.04,192.04,10385.0
15:21,192.02,192.06,192.02,192.06,11218.0
15:22,192.07,192.07,192.02,192.02,9690.0
15:23,192.1,192.1,192.06,192.07,13838.0
15:24,192.08,192.13,192.07,192.1,31980.0
15:25,192.07,192.09,192.05,192.06,11853.0
15:26,192.09,192.09,192.0,192.07,11446.0
15:27,192.1,192.13,192.08,192.1,12721.0
15:28,192.12,192.14,192.09,192.09,7436.0
15:29,192.1,192.12,192.09,192.12,13730.0
15:30,192.1,192.14,192.06,192.1,27869.0
15:31,192.12,192.13,192.09,192.12,30659.0
15:32,192.1,192.13,192.09,192.11,19742.0
15:33,192.13,192.14,192.09,192.1,18606.0
15:34,192.1,192.12,192.07,192.12,27720.0
15:35,192.02,192.09,192.02,192.07,12676.0
15:36,192.01,192.05,191.99,192.01,18026.0
15:37,191.95,192.01,191.93,192.01,23246.0
15:38,191.98,191.99,191.93,191.95,10285.0
15:39,191.96,192.03,191.94,191.98,21591.0
15:40,191.94,191.98,191.9,191.95,34234.0
15:41,191.98,191.99,191.95,191.96,24789.0
15:42,192.04,192.04,191.99,191.99,27086.0
15:43,192.07,192.12,192.03,192.04,53623.0
15:44,192.05,192.07,192.02,192.07,30148.0
15:45,192.1,192.1,192.04,192.05,24049.0
15:46,192.06,192.1,192.01,192.1,40939.0
15:47,192.03,192.1,192.03,192.06,34207.0
15:48,192.03,192.04,191.97,192.02,54855.0
15:49,191.96,192.02,191.96,192.01,19053.0
15:50,192.02,192.03,191.9,191.96,65498.0
15:51,191.95,192.02,191.88,192.0,56787.0
15:52,192.05,192.08,191.93,191.95,39679.0
15:53,192.0,192.06,191.97,192.06,40028.0
15:54,192.04,192.07,191.93,192.0,56382.0
15:55,191.96,192.05,191.91,192.05,86422.0
15:56,191.97,192.02,191.94,191.97,94728.0
15:57,192.07,192.08,191.92,191.95,96011.0
15:58,192.33,192.34,192.03,192.05,108678.0
15:59,192.48,192.5,192.31,192.32,198890.0
