Time,Close,High,Low,Open,Volume
09:30,186.93,187.62,186.76,187.46,156317.0
09:31,187.31,187.7,186.89,187.16,12665.0
09:32,187.09,187.54,186.86,187.54,10703.0
09:33,187.44,187.46,186.95,186.95,5504.0
09:34,187.1,187.45,186.99,187.45,13060.0
09:35,187.38,187.38,186.97,187.1,66096.0
09:36,186.8,187.4,186.8,187.4,12815.0
09:37,187.2,187.2,186.98,186.98,6180.0
09:38,187.37,187.37,187.06,187.12,18318.0
09:39,187.78,187.81,187.32,187.32,9010.0
09:40,187.7,187.76,187.67,187.72,3821.0
09:41,187.61,187.68,187.57,187.63,7457.0
09:42,187.6,187.68,187.48,187.64,7724.0
09:43,187.53,187.56,187.37,187.49,7083.0
09:44,187.49,187.52,187.4,187.52,5536.0
09:45,187.45,187.53,187.34,187.38,9256.0
09:46,187.27,187.62,187.17,187.57,16837.0
09:47,187.35,187.45,187.33,187.33,15619.0
09:48,187.62,187.74,187.45,187.46,7778.0
09:49,187.84,187.87,187.64,187.71,12449.0
09:50,188.16,188.18,187.71,187.78,15913.0
09:51,188.2,188.28,188.1,188.18,15991.0
09:52,188.11,188.31,188.06,188.17,13634.0
09:53,188.16,188.32,188.07,188.16,11312.0
09:54,188.17,188.31,188.17,188.21,10021.0
09:55,188.24,188.28,188.04,188.16,10262.0
09:56,188.01,188.25,187.99,188.24,7825.0
09:57,188.16,188.21,187.95,187.95,9845.0
09:58,188.31,188.31,188.07,188.2,6737.0
09:59,188.34,188.39,188.2,188.24,13772.0
10:00,188.15,188.31,188.0,188.26,62228.0
10:01,187.93,188.21,187.93,188.21,10131.0
10:02,187.9,187.95,187.74,187.88,12101.0
10:03,188.15,188.15,187.89,187.94,6272.0
10:04,188.3,188.3,188.1,188.15,10179.0
10:05,187.99,188.32,187.99,188.32,6980.0
10:06,188.07,188.13,188.01,188.07,9650.0
10:07,188.18,188.21,188.07,188.07,5044.0
10:08,188.16,188.18,188.11,188.18,7861.0
10:09,187.9,188.04,187.86,188.04,8881.0
10:10,188.05,188.25,187.93,187.93,24939.0
10:11,187.93,187.95,187.76,187.95,9126.0
10:12,187.86,187.96,187.74,187.96,4077.0
10:13,187.96,187.98,187.86,187.86,7262.0
10:14,188.11,188.13,187.96,187.96,9281.0
10:15,187.91,188.07,187.91,188.07,13823.0
10:16,187.91,188.01,187.63,187.88,21813.0
10:17,188.02,188.02,187.86,187.97,5678.0
10:18,188.02,188.03,187.91,187.97,13208.0
10:19,188.01,188.06,187.99,188.06,2801.0
10:20,187.93,187.99,187.86,187.97,8112.0
10:21,188.06,188.12,187.96,188.01,5389.0
10:22,187.95,188.04,187.85,188.04,9763.0
10:23,187.99,188.04,187.89,187.89,6507.0
10:24,187.9,188.03,187.87,188.02,12933.0
10:25,188.15,188.15,187.92,187.92,10471.0
10:26,188.15,188.17,188.14,188.17,3387.0
10:27,188.15,188.18,188.09,188.13,8503.0
10:28,188.24,188.3,188.12,188.14,11124.0
10:29,188.35,188.35,188.26,188.26,9881.0
10:30,188.34,188.34,188.28,188.28,2626.0
10:31,188.33,188.4,188.29,188.32,9270.0
10:32,188.3,188.35,188.3,188.35,6905.0
10:33,188.28,188.4,188.28,188.32,13685.0
10:34,188.09,188.21,188.07,188.21,21783.0
10:35,188.1,188.16,188.01,188.08,11656.0
10:36,187.93,188.09,187.88,188.09,6484.0
10:37,187.96,187.97,187.9,187.92,6026.0
10:38,188.04,188.07,187.96,187.96,7864.0
10:39,188.01,188.05,187.97,187.99,6245.0
10:40,188.01,188.02,187.93,188.02,6930.0
10:41,187.84,187.89,187.8,187.89,2757.0
10:42,187.97,188.0,187.88,187.88,6702.0
10:43,187.96,187.99,187.94,187.98,5815.0
10:44,187.97,188.03,187.94,187.96,6521.0
10:45,188.04,188.11,187.99,187.99,7036.0
10:46,187.96,188.07,187.96,188.07,5660.0
10:47,188.02,188.07,187.99,188.02,11606.0
10:48,188.02,188.05,188.01,188.02,18132.0
10:49,188.17,188.2,187.96,188.01,19754.0
10:50,188.22,188.31,188.13,188.13,11152.0
10:51,188.24,188.26,188.19,188.25,7029.0
10:52,188.2,188.3,188.19,188.3,10599.0
10:53,188.2,188.22,188.16,188.18,13478.0
10:54,188.27,188.28,188.2,188.2,4417.0
10:55,188.4,188.42,188.27,188.31,7957.0
10:56,188.38,188.41,188.32,188.41,8468.0
10:57,188.32,188.34,188.32,188.34,3448.0
10:58,188.26,188.32,188.26,188.32,4316.0
10:59,188.08,188.26,188.08,188.26,8595.0
11:00,188.13,188.33,188.12,188.12,23179.0
11:01,188.32,188.33,188.16,188.16,6038.0
11:02,188.32,188.37,188.29,188.3,7614.0
11:03,188.41,188.41,188.29,188.32,7843.0
11:04,188.32,188.39,188.3,188.39,6023.0
11:05,188.24,188.32,188.23,188.31,5913.0
11:06,188.23,188.25,188.2,188.24,4895.0
11:07,188.18,188.25,188.18,188.23,4623.0
11:08,188.21,188.24,188.21,188.21,5693.0
11:09,188.36,188.36,188.17,188.18,11519.0
11:10,188.48,188.52,188.34,188.34,9911.0
11:11,188.46,188.48,188.37,188.48,10121.0
11:12,188.38,188.48,188.38,188.46,7379.0
11:13,188.2,188.39,188.2,188.38,8048.0
11:14,188.18,188.25,188.18,188.2,4622.0
11:15,188.26,188.26,188.19,188.19,4727.0
11:16,188.36,188.37,188.28,188.28,4840.0
11:17,188.41,188.43,188.39,188.39,7709.0
11:18,188.54,188.54,188.42,188.42,7109.0
11:19,188.64,188.66,188.54,188.54,5108.0
11:20,188.74,188.78,188.64,188.65,9085.0
11:21,188.76,188.77,188.73,188.77,5895.0
11:22,188.75,188.78,188.72,188.76,8821.0
11:23,188.82,188.83,188.78,188.78,5553.0
11:24,188.86,188.86,188.79,188.83,7341.0
11:25,188.87,188.9,188.81,188.81,5948.0
11:26,188.8,188.92,188.79,188.89,10891.0
11:27,188.77,188.83,188.76,188.8,9208.0
11:28,188.81,188.84,188.79,188.79,6942.0
11:29,188.9,188.9,188.77,188.8,16892.0
11:30,188.85,188.91,188.8,188.88,9673.0
11:31,188.89,188.96,188.85,188.85,7730.0
11:32,188.89,188.93,188.88,188.88,3550.0
11:33,188.93,188.95,188.87,188.9,6544.0
11:34,188.82,189.0,188.82,188.96,7521.0
11:35,188.79,188.85,188.73,188.79,6470.0
11:36,188.79,188.81,188.74,188.79,6188.0
11:37,188.77,188.79,188.74,188.79,7100.0
11:38,188.75,188.81,188.75,188.77,5619.0
11:39,188.75,188.75,188.73,188.74,2159.0
11:40,188.9,188.9,188.77,188.77,4984.0
11:41,188.9,188.92,188.84,188.92,10353.0
11:42,188.89,188.92,188.89,188.91,5722.0
11:43,188.85,188.89,188.84,188.89,4522.0
11:44,188.92,188.98,188.8,188.85,12028.0
11:45,188.9,189.03,188.84,188.92,15892.0
11:46,188.85,188.85,188.76,188.84,9239.0
11:47,188.87,188.88,188.82,188.84,4178.0
11:48,188.81,188.88,188.81,188.85,8537.0
11:49,188.8,188.85,188.79,188.84,5781.0
11:50,188.86,188.87,188.79,188.8,10343.0
11:51,188.8,188.88,188.75,188.85,8445.0
11:52,188.71,188.77,188.62,188.77,11236.0
11:53,188.68,188.7,188.64,188.7,7676.0
11:54,188.61,188.7,188.61,188.68,6215.0
11:55,188.65,188.65,188.62,188.62,6064.0
11:56,188.62,188.66,188.6,188.6,9849.0
11:57,188.63,188.67,188.62,188.62,5309.0
11:58,188.69,188.7,188.59,188.63,9556.0
11:59,188.51,188.65,188.48,188.65,12481.0
12:00,188.68,188.73,188.59,188.59,22466.0
12:01,188.6,188.71,188.57,188.68,8518.0
12:02,188.62,188.63,188.58,188.59,5209.0
12:03,188.5,188.64,188.5,188.62,19355.0
12:04,188.34,188.51,188.34,188.49,11365.0
12:05,188.43,188.45,188.34,188.34,14346.0
12:06,188.41,188.45,188.32,188.43,16059.0
12:07,188.42,188.47,188.4,188.4,13933.0
12:08,188.36,188.49,188.34,188.43,18383.0
12:09,188.29,188.38,188.28,188.36,16003.0
12:10,188.4,188.41,188.28,188.32,15862.0
12:11,188.46,188.5,188.4,188.4,19878.0
12:12,188.55,188.62,188.45,188.47,17472.0
12:13,188.54,188.58,188.52,188.52,15587.0
12:14,188.39,188.58,188.39,188.54,28254.0
12:15,188.32,188.4,188.32,188.37,15405.0
12:16,188.37,188.39,188.31,188.31,9549.0
12:17,188.4,188.42,188.36,188.36,13626.0
12:18,188.43,188.46,188.38,188.4,16251.0
12:19,188.4,188.55,188.37,188.43,29101.0
12:20,188.43,188.48,188.38,188.4,6616.0
12:21,188.39,188.43,188.31,188.43,10438.0
12:22,188.38,188.41,188.38,188.39,8998.0
12:23,188.43,188.46,188.38,188.38,7274.0
12:24,188.51,188.53,188.43,188.43,7908.0
12:25,188.43,188.52,188.39,188.5,17950.0
12:26,188.47,188.48,188.42,188.43,7012.0
12:27,188.56,188.59,188.45,188.46,8615.0
12:28,188.54,188.6,188.53,188.57,6086.0
12:29,188.6,188.6,188.55,188.55,6888.0
12:30,188.73,188.73,188.57,188.6,9066.0
12:31,188.66,188.72,188.63,188.72,9388.0
12:32,188.65,188.74,188.63,188.69,17207.0
12:33,188.61,188.65,188.58,188.62,8243.0
12:34,188.61,188.65,188.61,188.61,4585.0
12:35,188.46,188.59,188.45,188.57,13679.0
12:36,188.49,188.5,188.41,188.45,13530.0
12:37,188.48,188.5,188.46,188.46,9221.0
12:38,188.46,188.51,188.42,188.48,14720.0
12:39,188.45,188.46,188.42,188.43,6945.0
12:40,188.48,188.54,188.44,188.44,9456.0
12:41,188.52,188.53,188.46,188.47,8474.0
12:42,188.52,188.57,188.52,188.55,6095.0
12:43,188.5,188.54,188.49,188.5,7248.0
12:44,188.55,188.61,188.51,188.52,14902.0
12:45,188.58,188.59,188.51,188.53,14872.0
12:46,188.57,188.59,188.56,188.57,10259.0
12:47,188.57,188.57,188.52,188.57,13033.0
12:48,188.37,188.57,188.37,188.57,21844.0
12:49,188.26,188.37,188.2,188.37,43572.0
12:50,188.24,188.28,188.24,188.26,6656.0
12:51,188.18,188.25,188.15,188.25,14288.0
12:52,188.21,188.22,188.16,188.18,12885.0
12:53,188.14,188.21,188.1,188.21,22327.0
12:54,188.15,188.16,188.04,188.12,40663.0
12:55,187.92,188.16,187.9,188.15,30386.0
12:56,188.04,188.06,187.93,187.93,14223.0
12:57,188.07,188.09,188.04,188.04,7489.0
12:58,187.95,188.06,187.93,188.06,10388.0
12:59,187.91,187.95,187.91,187.95,4029.0
13:00,187.71,187.91,187.66,187.91,29039.0
13:01,187.88,187.88,187.64,187.73,18652.0
13:02,187.85,187.93,187.84,187.9,7074.0
13:03,187.87,187.94,187.82,187.88,12488.0
13:04,188.01,188.01,187.87,187.89,14365.0
13:05,188.0,188.04,187.97,187.99,11107.0
13:06,188.0,188.03,187.92,188.03,10213.0
13:07,188.01,188.05,187.96,188.03,14423.0
13:08,188.01,188.01,188.01,188.01,3938.0
13:09,188.01,188.01,187.97,187.99,4220.0
13:10,188.0,188.06,188.0,188.01,5080.0
13:11,188.04,188.07,188.01,188.01,6206.0
13:12,188.07,188.07,188.02,188.06,7533.0
13:13,188.07,188.11,188.05,188.09,3929.0
13:14,188.09,188.1,188.04,188.07,4764.0
13:15,188.12,188.12,188.07,188.09,6617.0
13:16,188.11,188.14,188.04,188.12,9161.0
13:17,188.09,188.11,188.06,188.1,6393.0
13:18,188.17,188.17,188.09,188.09,4710.0
13:19,188.21,188.21,188.19,188.19,2561.0
13:20,188.01,188.21,187.99,188.21,12013.0
13:21,188.0,188.02,187.91,188.01,6089.0
13:22,187.98,188.02,187.96,187.99,7562.0
13:23,187.94,187.96,187.86,187.96,6612.0
13:24,187.98,188.01,187.93,187.96,5813.0
13:25,187.96,188.01,187.96,188.0,5306.0
13:26,187.9,187.99,187.9,187.97,4584.0
13:27,187.9,187.94,187.88,187.9,7391.0
13:28,187.93,187.93,187.88,187.91,3894.0
13:29,187.91,187.93,187.89,187.93,3764.0
13:30,187.93,187.93,187.84,187.89,6608.0
13:31,187.96,187.96,187.91,187.93,9562.0
13:32,187.96,187.98,187.88,187.96,11689.0
13:33,188.01,188.04,187.98,187.99,8158.0
13:34,188.02,188.03,187.99,188.01,4576.0
13:35,188.11,188.14,188.03,188.03,5997.0
13:36,188.1,188.13,188.08,188.1,14440.0
13:37,188.02,188.1,187.99,188.1,7605.0
13:38,188.04,188.09,188.03,188.03,12051.0
13:39,187.99,188.04,187.91,188.04,7237.0
13:40,188.05,188.05,187.98,187.99,6410.0
13:41,188.01,188.04,187.96,188.03,12041.0
13:42,188.15,188.15,188.02,188.02,7736.0
13:43,188.14,188.14,188.12,188.14,6431.0
13:44,188.22,188.25,188.14,188.14,9517.0
13:45,188.27,188.28,188.22,188.22,6107.0
13:46,188.32,188.32,188.26,188.28,11391.0
13:47,188.26,188.3,188.24,188.3,7476.0
13:48,188.26,188.27,188.2,188.27,5647.0
13:49,188.19,188.25,188.11,188.25,5296.0
13:50,188.22,188.24,188.05,188.21,20180.0
13:51,188.27,188.27,188.23,188.23,4163.0
13:52,188.3,188.3,188.26,188.27,3838.0
13:53,188.32,188.34,188.28,188.32,4608.0
13:54,188.32,188.37,188.32,188.34,8247.0
13:55,188.41,188.43,188.37,188.37,9970.0
13:56,188.41,188.42,188.37,188.41,12008.0
13:57,188.34,188.45,188.34,188.43,6124.0
13:58,188.28,188.34,188.27,188.34,7428.0
13:59,188.33,188.34,188.27,188.27,3646.0
14:00,188.4,188.43,188.32,188.35,6613.0
14:01,188.3,188.41,188.28,188.38,6171.0
14:02,188.38,188.4,188.3,188.3,7416.0
14:03,188.36,188.41,188.34,188.39,6495.0
14:04,188.45,188.45,188.36,188.36,5591.0
14:05,188.49,188.5,188.46,188.46,9709.0
14:06,188.48,188.55,188.46,188.49,17794.0
14:07,188.57,188.58,188.48,188.48,6075.0
14:08,188.49,188.58,188.49,188.57,12364.0
14:09,188.48,188.5,188.47,188.5,7011.0
14:10,188.33,188.51,188.32,188.48,19813.0
14:11,188.38,188.5,188.35,188.35,13404.0
14:12,188.38,188.41,188.34,188.37,12829.0
14:13,188.4,188.4,188.37,188.4,5050.0
14:14,188.43,188.43,188.4,188.4,4175.0
14:15,188.43,188.46,188.4,188.45,10442.0
14:16,188.45,188.45,188.41,188.43,9870.0
14:17,188.37,188.48,188.35,188.46,20212.0
14:18,188.48,188.48,188.37,188.37,6889.0
14:19,188.46,188.49,188.46,188.47,5084.0
14:20,188.5,188.54,188.49,188.49,6913.0
14:21,188.55,188.57,188.51,188.52,8481.0
14:22,188.57,188.63,188.56,188.56,9148.0
14:23,188.57,188.61,188.57,188.59,10122.0
14:24,188.62,188.63,188.59,188.59,6948.0
14:25,188.59,188.64,188.58,188.64,5868.0
14:26,188.63,188.65,188.58,188.61,11031.0
14:27,188.53,188.62,188.52,188.6,4292.0
14:28,188.55,188.55,188.52,188.53,6458.0
14:29,188.59,188.59,188.46,188.51,6483.0
14:30,188.62,188.66,188.58,188.58,3468.0
14:31,188.65,188.69,188.59,188.62,10769.0
14:32,188.65,188.66,188.6,188.66,8806.0
14:33,188.64,188.68,188.63,188.64,6747.0
14:34,188.69,188.69,188.62,188.64,9028.0
14:35,188.7,188.71,188.67,188.69,6806.0
14:36,188.74,188.74,188.68,188.7,6585.0
14:37,188.66,188.74,188.66,188.74,6221.0
14:38,188.73,188.78,188.69,188.69,4180.0
14:39,188.67,188.71,188.67,188.71,4574.0
14:40,188.72,188.74,188.68,188.7,6706.0
14:41,188.73,188.73,188.72,188.73,5560.0
14:42,188.76,188.76,188.73,188.74,7378.0
14:43,188.82,188.82,188.74,188.74,4800.0
14:44,188.8,188.82,188.74,188.81,11582.0
14:45,188.84,188.84,188.8,188.8,3516.0
14:46,188.86,188.89,188.84,188.84,7520.0
14:47,188.91,188.95,188.84,188.88,11161.0
14:48,188.93,188.93,188.88,188.92,6862.0
14:49,188.94,188.95,188.93,188.93,6542.0
14:50,188.95,188.97,188.94,188.95,6273.0
14:51,188.95,188.98,188.92,188.93,9727.0
14:52,188.91,189.01,188.91,188.96,17398.0
14:53,188.93,188.96,188.91,188.91,5275.0
14:54,188.91,188.93,188.9,188.93,5225.0
14:55,188.93,188.96,188.9,188.91,11705.0
14:56,189.04,189.04,188.95,188.96,5488.0
14:57,188.97,189.03,188.97,189.02,10215.0
14:58,188.98,189.02,188.91,188.98,10616.0
14:59,188.96,189.02,188.96,188.98,6564.0
15:00,188.99,189.03,188.96,188.96,12069.0
15:01,188.97,188.99,188.95,188.99,7840.0
15:02,189.01,189.02,188.98,188.98,7189.0
15:03,188.96,189.01,188.92,189.01,8496.0
15:04,188.85,188.95,188.85,188.95,6488.0
15:05,188.83,188.84,188.78,188.84,7195.0
15:06,188.91,188.92,188.82,188.83,13389.0
15:07,188.79,188.94,188.79,188.91,9976.0
15:08,188.78,188.83,188.72,188.79,22112.0
15:09,188.77,188.81,188.74,188.77,10475.0
15:10,188.82,188.84,188.79,188.79,7325.0
15:11,188.8,188.85,188.8,188.82,9979.0
15:12,188.83,188.85,188.79,188.79,10613.0
15:13,188.8,188.84,188.8,188.83,9424.0
15:14,188.78,188.81,188.76,188.8,10812.0
15:15,188.76,188.81,188.74,188.78,9721.0
15:16,188.8,188.82,188.79,188.79,13389.0
15:17,188.83,188.87,188.79,188.79,14142.0
15:18,188.74,188.85,188.74,188.85,4341.0
15:19,188.76,188.8,188.68,188.74,14025.0
15:20,188.77,188.85,188.77,188.78,8123.0
15:21,188.82,188.84,188.74,188.79,21553.0
15:22,188.76,188.82,188.76,188.82,8252.0
15:23,188.76,188.78,188.73,188.76,4721.0
15:24,188.82,188.82,188.75,188.76,11652.0
15:25,188.97,188.99,188.82,188.82,10364.0
15:26,188.93,188.99,188.91,188.99,12625.0
15:27,188.9,188.96,188.9,188.91,10222.0
15:28,188.88,188.91,188.86,188.9,12903.0
15:29,188.91,188.93,188.88,188.88,11854.0
15:30,188.93,189.01,188.91,188.91,18439.0
15:31,188.98,188.99,188.91,188.94,14850.0
15:32,189.02,189.07,188.96,188.98,16499.0
15:33,189.01,189.05,189.0,189.05,9062.0
15:34,189.03,189.06,189.01,189.01,16439.0
15:35,189.0,189.03,188.98,189.02,16252.0
15:36,189.05,189.05,188.98,188.98,16794.0
15:37,189.02,189.07,189.0,189.07,16301.0
15:38,189.02,189.11,189.02,189.07,16142.0
15:39,189.06,189.09,189.03,189.03,15315.0
15:40,189.02,189.08,188.96,189.07,41622.0
15:41,189.12,189.15,189.0,189.02,21530.0
15:42,189.19,189.23,189.12,189.12,15235.0
15:43,189.23,189.23,189.18,189.19,15508.0
15:44,189.26,189.27,189.21,189.23,15058.0
15:45,189.35,189.35,189.27,189.27,27198.0
15:46,189.37,189.37,189.29,189.35,27641.0
15:47,189.28,189.38,189.25,189.37,26898.0
15:48,189.26,189.29,189.26,189.28,20387.0
15:49,189.18,189.29,189.09,189.29,31713.0
15:50,189.05,189.24,188.96,189.18,42399.0
15:51,189.2,189.28,189.04,189.05,41373.0
15:52,189.15,189.21,189.1,189.21,34764.0
15:53,189.01,189.18,189.01,189.14,32951.0
15:54,189.18,189.19,188.96,189.0,44532.0
15:55,189.37,189.5,189.13,189.16,120712.0
15:56,189.29,189.38,189.21,189.37,46880.0
15:57,189.23,189.27,189.17,189.27,65768.0
15:58,189.0,189.24,188.98,189.23,130106.0
15:59,188.88,189.05,188.84,189.01,308818.0
