Time,Close,High,Low,Open,Volume
09:30,186.26,186.35,185.65,186.0,460693.0
09:31,186.15,186.26,185.52,186.24,47623.0
09:32,185.89,186.4,185.84,186.13,43750.0
09:33,186.1,186.1,185.78,185.88,26501.0
09:34,186.3,186.34,186.03,186.11,31290.0
09:35,186.01,186.26,185.87,186.26,28383.0
09:36,186.29,186.32,186.01,186.01,23121.0
09:37,186.27,186.35,186.19,186.22,32120.0
09:38,186.47,186.48,186.25,186.26,29929.0
09:39,186.44,186.46,186.2,186.44,20248.0
09:40,186.21,186.56,186.21,186.46,58665.0
09:41,186.23,186.31,185.97,186.21,28925.0
09:42,186.13,186.31,186.05,186.31,21185.0
09:43,185.91,186.15,185.84,186.1,54460.0
09:44,185.97,186.02,185.91,185.91,13792.0
09:45,185.7,185.98,185.57,185.97,23423.0
09:46,185.79,185.79,185.66,185.7,14886.0
09:47,185.88,185.99,185.8,185.8,17611.0
09:48,185.81,185.95,185.81,185.84,16890.0
09:49,185.95,185.97,185.82,185.83,15950.0
09:50,185.95,185.98,185.88,185.88,19420.0
09:51,185.93,185.98,185.91,185.95,30806.0
09:52,185.9,185.92,185.82,185.92,22511.0
09:53,185.95,185.96,185.85,185.85,24069.0
09:54,185.94,185.96,185.89,185.94,19286.0
09:55,185.91,185.99,185.88,185.95,31331.0
09:56,185.73,185.9,185.7,185.88,24687.0
09:57,185.6,185.75,185.6,185.73,33053.0
09:58,185.68,185.71,185.57,185.57,37008.0
09:59,185.6,185.7,185.48,185.65,19377.0
10:00,185.65,185.68,185.54,185.65,28203.0
10:01,185.29,185.69,185.28,185.67,37586.0
10:02,185.15,185.36,185.15,185.36,22586.0
10:03,185.32,185.38,185.13,185.13,41877.0
10:04,185.21,185.38,185.16,185.32,39498.0
10:05,185.16,185.3,185.14,185.21,39370.0
10:06,185.11,185.26,185.1,185.15,31630.0
10:07,185.09,185.13,185.04,185.1,44846.0
10:08,184.92,185.07,184.79,185.07,50035.0
10:09,185.0,185.01,184.87,184.9,32764.0
10:10,184.91,185.07,184.87,185.01,23946.0
10:11,184.83,185.01,184.82,184.92,20736.0
10:12,184.84,184.92,184.83,184.85,20301.0
10:13,184.97,185.08,184.88,184.88,43697.0
10:14,184.72,185.01,184.65,184.97,33990.0
10:15,184.66,184.8,184.66,184.71,20514.0
10:16,184.68,184.71,184.59,184.66,23258.0
10:17,184.78,184.8,184.63,184.66,35529.0
10:18,185.01,185.07,184.71,184.78,42370.0
10:19,184.91,184.97,184.79,184.97,39282.0
10:20,184.98,185.02,184.9,184.92,38651.0
10:21,184.93,185.02,184.88,184.96,39442.0
10:22,185.04,185.05,184.85,184.87,42447.0
10:23,185.02,185.13,185.0,185.07,29982.0
10:24,185.12,185.12,184.98,185.02,41864.0
10:25,184.99,185.14,184.99,185.1,19249.0
10:26,184.99,185.05,184.98,184.98,26141.0
10:27,184.98,185.01,184.9,184.98,51706.0
10:28,185.04,185.12,184.96,184.98,29549.0
10:29,184.99,185.1,184.95,185.03,35844.0
10:30,184.95,185.02,184.93,185.0,22495.0
10:31,185.0,185.01,184.96,184.96,23170.0
10:32,185.03,185.09,184.88,184.98,47280.0
10:33,184.92,185.04,184.9,185.03,36087.0
10:34,184.99,184.99,184.86,184.93,16246.0
10:35,185.06,185.19,184.95,184.99,18924.0
10:36,185.08,185.16,185.04,185.08,19715.0
10:37,185.14,185.17,185.05,185.07,16740.0
10:38,185.13,185.16,185.09,185.13,15160.0
10:39,185.15,185.19,185.13,185.13,13037.0
10:40,185.05,185.18,185.01,185.17,20843.0
10:41,184.95,185.07,184.88,185.07,26261.0
10:42,184.98,184.99,184.9,184.96,16246.0
10:43,184.87,185.0,184.87,184.97,13530.0
10:44,185.04,185.04,184.87,184.87,24005.0
10:45,185.17,185.17,185.05,185.05,18401.0
10:46,185.16,185.19,185.12,185.16,18098.0
10:47,185.23,185.25,185.13,185.16,23859.0
10:48,185.14,185.25,185.13,185.24,27701.0
10:49,185.03,185.13,184.96,185.13,19388.0
10:50,185.09,185.12,185.03,185.07,9923.0
10:51,185.04,185.21,185.03,185.08,15237.0
10:52,185.06,185.14,185.03,185.03,31404.0
10:53,185.08,185.08,185.02,185.05,9311.0
10:54,185.01,185.1,184.99,185.04,20768.0
10:55,185.02,185.11,184.98,185.04,13389.0
10:56,184.99,185.04,184.95,185.01,13251.0
10:57,184.99,185.02,184.93,184.97,19950.0
10:58,185.04,185.09,185.0,185.01,17736.0
10:59,185.01,185.06,184.96,185.03,11910.0
11:00,185.15,185.18,185.0,185.0,18687.0
11:01,185.24,185.25,185.13,185.14,8583.0
11:02,185.22,185.37,185.22,185.23,21532.0
11:03,185.11,185.24,185.11,185.22,11830.0
11:04,185.07,185.16,185.05,185.1,9326.0
11:05,185.15,185.24,185.06,185.08,19928.0
11:06,185.2,185.25,185.15,185.15,11504.0
11:07,185.16,185.24,185.16,185.22,10003.0
11:08,185.13,185.16,185.11,185.16,7131.0
11:09,185.25,185.28,185.14,185.15,21588.0
11:10,185.24,185.28,185.2,185.26,13262.0
11:11,185.29,185.33,185.24,185.26,27063.0
11:12,185.24,185.34,185.24,185.3,11616.0
11:13,185.29,185.3,185.21,185.23,14748.0
11:14,185.33,185.33,185.25,185.25,23420.0
11:15,185.25,185.34,185.25,185.31,15265.0
11:16,185.22,185.3,185.22,185.26,16060.0
11:17,185.21,185.32,185.21,185.23,13234.0
11:18,185.17,185.28,185.17,185.24,18396.0
11:19,185.09,185.16,185.02,185.16,32300.0
11:20,185.1,185.2,185.08,185.11,24634.0
11:21,185.07,185.09,185.01,185.07,13273.0
11:22,185.1,185.18,185.07,185.09,22869.0
11:23,185.0,185.17,184.98,185.1,32583.0
11:24,184.89,185.08,184.89,185.01,23493.0
11:25,184.92,184.99,184.85,184.9,21911.0
11:26,184.81,184.96,184.68,184.95,47030.0
11:27,184.59,184.85,184.19,184.84,118310.0
11:28,184.71,184.76,184.46,184.61,58248.0
11:29,184.61,184.86,184.5,184.75,37940.0
11:30,184.71,184.76,184.59,184.63,26106.0
11:31,184.79,184.84,184.69,184.69,24002.0
11:32,184.63,184.76,184.59,184.76,12860.0
11:33,184.52,184.63,184.49,184.62,16126.0
11:34,184.49,184.57,184.49,184.53,27235.0
11:35,184.44,184.62,184.37,184.49,46531.0
11:36,184.51,184.64,184.41,184.46,46795.0
11:37,184.52,184.56,184.46,184.53,123650.0
11:38,184.31,184.51,184.27,184.51,30534.0
11:39,184.23,184.34,184.18,184.31,23093.0
11:40,184.26,184.29,184.18,184.19,11340.0
11:41,184.36,184.37,184.25,184.25,11605.0
11:42,184.51,184.56,184.34,184.36,23045.0
11:43,184.5,184.54,184.42,184.51,22592.0
11:44,184.45,184.5,184.42,184.5,8651.0
11:45,184.47,184.51,184.45,184.46,15063.0
11:46,184.5,184.54,184.45,184.48,25000.0
11:47,184.49,184.54,184.49,184.49,21206.0
11:48,184.47,184.51,184.45,184.49,13929.0
11:49,184.49,184.55,184.45,184.47,37924.0
11:50,184.45,184.55,184.45,184.49,55113.0
11:51,184.36,184.45,184.28,184.45,27536.0
11:52,184.28,184.38,184.26,184.38,13811.0
11:53,184.38,184.38,184.27,184.28,11234.0
11:54,184.31,184.36,184.3,184.36,8217.0
11:55,184.43,184.43,184.3,184.3,8981.0
11:56,184.33,184.45,184.33,184.42,18879.0
11:57,184.31,184.37,184.27,184.35,14132.0
11:58,184.29,184.34,184.27,184.33,11949.0
11:59,184.33,184.36,184.27,184.31,30696.0
12:00,184.36,184.38,184.31,184.32,19115.0
12:01,184.36,184.38,184.31,184.34,10208.0
12:02,184.41,184.5,184.36,184.36,47275.0
12:03,184.3,184.43,184.3,184.41,21694.0
12:04,184.27,184.31,184.25,184.3,15466.0
12:05,184.2,184.27,184.16,184.27,27639.0
12:06,184.23,184.29,184.11,184.18,30782.0
12:07,184.28,184.32,184.21,184.25,20796.0
12:08,184.27,184.4,184.25,184.3,24138.0
12:09,184.29,184.31,184.23,184.25,19042.0
12:10,184.33,184.33,184.27,184.29,9669.0
12:11,184.22,184.35,184.21,184.34,14651.0
12:12,184.24,184.29,184.2,184.23,18015.0
12:13,184.31,184.31,184.22,184.25,8654.0
12:14,184.43,184.46,184.33,184.33,8711.0
12:15,184.29,184.45,184.29,184.43,16036.0
12:16,184.29,184.3,184.23,184.27,13286.0
12:17,184.33,184.35,184.3,184.31,13260.0
12:18,184.28,184.35,184.25,184.35,7857.0
12:19,184.34,184.37,184.27,184.28,9896.0
12:20,184.39,184.43,184.35,184.37,7108.0
12:21,184.33,184.4,184.33,184.39,15071.0
12:22,184.38,184.39,184.35,184.36,8031.0
12:23,184.39,184.41,184.36,184.37,9697.0
12:24,184.37,184.38,184.32,184.38,10527.0
12:25,184.29,184.39,184.29,184.38,10055.0
12:26,184.26,184.33,184.26,184.28,11118.0
12:27,184.21,184.28,184.2,184.26,12578.0
12:28,184.29,184.31,184.24,184.24,7646.0
12:29,184.25,184.29,184.23,184.28,12053.0
12:30,184.25,184.31,184.23,184.24,12576.0
12:31,184.26,184.26,184.22,184.23,9384.0
12:32,184.22,184.26,184.21,184.25,11272.0
12:33,184.2,184.21,184.17,184.19,9236.0
12:34,184.25,184.26,184.2,184.2,21884.0
12:35,184.21,184.27,184.21,184.26,12116.0
12:36,184.18,184.23,184.16,184.21,9940.0
12:37,184.26,184.28,184.18,184.19,17348.0
12:38,184.28,184.28,184.24,184.27,7550.0
12:39,184.26,184.3,184.22,184.29,11172.0
12:40,184.23,184.3,184.23,184.27,9173.0
12:41,184.19,184.21,184.18,184.21,9982.0
12:42,184.21,184.27,184.19,184.19,13855.0
12:43,184.21,184.23,184.2,184.21,7841.0
12:44,184.24,184.24,184.18,184.2,8661.0
12:45,184.2,184.24,184.17,184.24,19586.0
12:46,184.32,184.32,184.18,184.2,13029.0
12:47,184.37,184.4,184.3,184.32,19002.0
12:48,184.24,184.39,184.24,184.37,8912.0
12:49,184.15,184.26,184.15,184.24,9614.0
12:50,184.16,184.2,184.14,184.17,10502.0
12:51,184.07,184.18,184.07,184.16,17877.0
12:52,184.09,184.14,184.06,184.06,15458.0
12:53,184.12,184.14,184.08,184.1,11414.0
12:54,184.07,184.12,184.07,184.12,7907.0
12:55,184.07,184.07,184.04,184.07,16487.0
12:56,184.03,184.1,184.03,184.07,15263.0
12:57,184.18,184.18,183.91,184.03,90862.0
12:58,184.15,184.17,184.11,184.16,15496.0
12:59,184.2,184.21,184.12,184.17,17331.0
13:00,184.17,184.24,184.16,184.18,14393.0
13:01,184.37,184.37,184.16,184.18,12819.0
13:02,184.34,184.36,184.26,184.36,13824.0
13:03,184.5,184.5,184.34,184.34,11304.0
13:04,184.47,184.54,184.47,184.51,13742.0
13:05,184.42,184.5,184.42,184.49,6313.0
13:06,184.49,184.5,184.41,184.41,10180.0
13:07,184.43,184.53,184.43,184.51,11096.0
13:08,184.42,184.44,184.41,184.44,5532.0
13:09,184.42,184.42,184.36,184.42,8959.0
13:10,184.44,184.46,184.38,184.41,9559.0
13:11,184.5,184.52,184.4,184.4,9928.0
13:12,184.45,184.53,184.43,184.51,9000.0
13:13,184.43,184.44,184.39,184.43,7565.0
13:14,184.42,184.5,184.41,184.43,11142.0
13:15,184.37,184.45,184.37,184.43,11731.0
13:16,184.44,184.45,184.37,184.37,11498.0
13:17,184.41,184.49,184.41,184.46,4776.0
13:18,184.5,184.5,184.42,184.42,10553.0
13:19,184.4,184.5,184.4,184.5,5551.0
13:20,184.43,184.43,184.4,184.43,8626.0
13:21,184.51,184.51,184.44,184.45,8976.0
13:22,184.53,184.54,184.49,184.49,10532.0
13:23,184.51,184.54,184.49,184.53,19116.0
13:24,184.51,184.54,184.49,184.5,24178.0
13:25,184.65,184.65,184.51,184.51,12294.0
13:26,184.71,184.74,184.53,184.65,107012.0
13:27,184.71,184.74,184.66,184.74,11853.0
13:28,184.68,184.73,184.66,184.71,11433.0
13:29,184.75,184.76,184.64,184.68,8775.0
13:30,184.76,184.9,184.76,184.78,14506.0
13:31,184.74,184.79,184.74,184.77,12706.0
13:32,184.78,184.82,184.75,184.75,13260.0
13:33,184.82,184.83,184.75,184.76,11476.0
13:34,184.79,184.81,184.76,184.81,8305.0
13:35,184.85,184.85,184.77,184.79,12958.0
13:36,184.95,184.96,184.86,184.86,11958.0
13:37,185.02,185.04,184.91,184.95,32802.0
13:38,184.99,185.02,184.96,185.02,8392.0
13:39,184.98,185.02,184.93,184.99,14221.0
13:40,185.03,185.03,184.98,184.98,13681.0
13:41,185.03,185.06,185.0,185.02,18945.0
13:42,185.15,185.15,185.02,185.03,18244.0
13:43,185.16,185.21,185.12,185.14,15771.0
13:44,185.19,185.2,185.13,185.15,20906.0
13:45,185.2,185.29,185.18,185.23,24721.0
13:46,185.18,185.23,185.18,185.2,12812.0
13:47,185.21,185.24,185.17,185.18,19730.0
13:48,185.24,185.27,185.22,185.22,20922.0
13:49,185.38,185.38,185.21,185.24,35607.0
13:50,185.37,185.43,185.34,185.36,22942.0
13:51,185.36,185.38,185.34,185.37,15994.0
13:52,185.52,185.52,185.35,185.35,18853.0
13:53,185.43,185.5,185.43,185.5,35185.0
13:54,185.5,185.51,185.47,185.47,8772.0
13:55,185.57,185.58,185.49,185.51,24500.0
13:56,185.58,185.67,185.54,185.55,24200.0
13:57,185.51,185.6,185.46,185.57,31171.0
13:58,185.43,185.51,185.43,185.5,13333.0
13:59,185.36,185.46,185.35,185.45,18878.0
14:00,185.5,185.57,185.36,185.36,48874.0
14:01,185.55,185.55,185.47,185.51,18864.0
14:02,185.52,185.63,185.52,185.54,28858.0
14:03,185.57,185.59,185.49,185.54,20127.0
14:04,185.59,185.6,185.55,185.59,14761.0
14:05,185.72,185.72,185.59,185.59,14283.0
14:06,185.77,185.83,185.72,185.73,16928.0
14:07,185.88,185.89,185.78,185.78,9910.0
14:08,185.91,186.05,185.83,185.88,93447.0
14:09,185.93,185.95,185.88,185.93,21507.0
14:10,185.93,185.95,185.9,185.92,18885.0
14:11,185.9,185.94,185.84,185.92,21838.0
14:12,185.88,185.93,185.8,185.9,24753.0
14:13,185.85,185.91,185.84,185.87,16512.0
14:14,185.77,185.85,185.75,185.84,27033.0
14:15,185.85,185.88,185.77,185.77,25115.0
14:16,185.9,185.92,185.85,185.85,26910.0
14:17,185.87,185.96,185.83,185.9,16893.0
14:18,185.97,185.97,185.84,185.88,22843.0
14:19,186.06,186.06,185.93,185.96,14477.0
14:20,185.99,186.12,185.99,186.06,12797.0
14:21,185.98,186.03,185.96,186.01,17816.0
14:22,186.05,186.06,185.98,185.98,9708.0
14:23,186.03,186.06,186.0,186.05,26272.0
14:24,186.04,186.08,186.02,186.05,11120.0
14:25,186.06,186.06,186.0,186.06,11065.0
14:26,186.08,186.11,186.07,186.07,12043.0
14:27,186.01,186.08,186.01,186.08,9906.0
14:28,185.97,186.02,185.94,186.0,10988.0
14:29,186.02,186.02,185.94,185.96,7509.0
14:30,185.99,186.02,185.96,186.02,12002.0
14:31,185.98,186.04,185.96,185.99,14206.0
14:32,185.95,185.99,185.94,185.96,9216.0
14:33,185.92,185.96,185.9,185.93,12090.0
14:34,185.86,185.93,185.86,185.93,18587.0
14:35,185.81,185.9,185.78,185.87,17777.0
14:36,185.96,185.99,185.8,185.81,16559.0
14:37,185.92,186.0,185.88,186.0,13474.0
14:38,185.91,185.97,185.91,185.91,6337.0
14:39,185.84,185.91,185.84,185.89,16067.0
14:40,185.94,185.94,185.83,185.83,10105.0
14:41,185.92,185.96,185.9,185.93,13555.0
14:42,186.0,186.01,185.88,185.93,17158.0
14:43,185.93,186.01,185.92,186.01,13570.0
14:44,185.8,185.93,185.76,185.92,15494.0
14:45,185.88,185.88,185.8,185.8,14524.0
14:46,185.94,185.94,185.88,185.88,13817.0
14:47,185.93,185.98,185.88,185.95,12723.0
14:48,185.88,185.95,185.88,185.93,9498.0
14:49,185.93,185.95,185.9,185.9,8661.0
14:50,185.83,185.94,185.82,185.91,25205.0
14:51,185.81,185.85,185.76,185.81,15612.0
14:52,185.7,185.81,185.7,185.81,17942.0
14:53,185.69,185.76,185.66,185.7,24819.0
14:54,185.75,185.76,185.68,185.68,16777.0
14:55,185.74,185.76,185.72,185.75,12669.0
14:56,185.75,185.76,185.73,185.74,22707.0
14:57,185.76,185.76,185.73,185.75,14579.0
14:58,185.68,185.76,185.66,185.74,13339.0
14:59,185.72,185.74,185.67,185.67,15813.0
15:00,185.73,185.75,185.7,185.72,12571.0
15:01,185.73,185.75,185.72,185.74,12705.0
15:02,185.9,185.9,185.72,185.74,112202.0
15:03,185.97,185.99,185.85,185.89,21443.0
15:04,185.98,185.99,185.95,185.98,19503.0
15:05,186.01,186.01,185.97,185.99,19799.0
15:06,186.12,186.12,186.01,186.01,17464.0
15:07,186.05,186.11,186.02,186.11,21676.0
15:08,186.02,186.05,185.98,186.05,23264.0
15:09,186.01,186.03,186.0,186.02,70490.0
15:10,186.09,186.12,186.01,186.02,17750.0
15:11,186.1,186.11,186.06,186.1,13972.0
15:12,186.1,186.1,186.06,186.1,29055.0
15:13,186.02,186.08,186.02,186.08,15983.0
15:14,186.06,186.07,185.99,186.03,18888.0
15:15,186.01,186.07,186.01,186.07,13390.0
15:16,186.06,186.06,186.0,186.03,33619.0
15:17,186.04,186.11,186.04,186.06,15661.0
15:18,186.1,186.1,186.04,186.04,13863.0
15:19,186.07,186.12,186.04,186.09,29268.0
15:20,186.01,186.08,186.0,186.07,41330.0
15:21,186.05,186.05,185.96,186.01,21742.0
15:22,186.09,186.12,186.06,186.06,13061.0
15:23,186.09,186.13,186.09,186.11,10760.0
15:24,186.12,186.14,186.09,186.12,24429.0
15:25,186.23,186.23,186.11,186.14,22794.0
15:26,186.2,186.25,186.19,186.23,17400.0
15:27,186.26,186.26,186.2,186.21,15534.0
15:28,186.17,186.26,186.16,186.26,9986.0
15:29,186.22,186.22,186.16,186.17,83221.0
15:30,186.15,186.21,186.1,186.19,19466.0
15:31,186.23,186.25,186.13,186.16,19810.0
15:32,186.17,186.23,186.15,186.22,16438.0
15:33,186.24,186.24,186.16,186.17,24811.0
15:34,186.25,186.32,186.23,186.24,31099.0
15:35,186.24,186.26,186.21,186.25,16076.0
15:36,186.24,186.24,186.19,186.24,20797.0
15:37,186.2,186.27,186.19,186.24,23324.0
15:38,186.16,186.21,186.12,186.2,23183.0
15:39,186.21,186.24,186.15,186.15,22904.0
15:40,186.25,186.25,186.18,186.23,22995.0
15:41,186.24,186.28,186.24,186.25,31582.0
15:42,186.26,186.27,186.19,186.24,32322.0
15:43,186.24,186.28,186.22,186.27,31215.0
15:44,186.19,186.24,186.14,186.24,24191.0
15:45,186.12,186.2,186.11,186.19,24393.0
15:46,186.1,186.12,186.06,186.11,35493.0
15:47,186.14,186.16,186.1,186.1,22190.0
15:48,185.97,186.15,185.96,186.14,49148.0
15:49,185.91,186.0,185.9,185.96,42483.0
15:50,185.99,185.99,185.82,185.91,77706.0
15:51,186.12,186.17,185.99,185.99,97943.0
15:52,186.04,186.12,186.01,186.11,48013.0
15:53,185.99,186.05,185.92,186.05,58854.0
15:54,186.14,186.16,185.93,185.99,52247.0
15:55,186.16,186.31,186.09,186.15,191532.0
15:56,185.95,186.17,185.9,186.17,162223.0
15:57,186.05,186.09,185.87,185.94,153292.0
15:58,185.98,186.07,185.98,186.05,264109.0
15:59,186.04,186.08,185.98,185.99,292136.0
