Time,Close,High,Low,Open,Volume
09:30,206.08,206.08,205.18,205.18,210052.0
09:31,206.08,206.08,205.18,205.18,210052.0
09:32,206.08,206.08,205.18,205.18,210052.0
09:33,206.08,206.08,205.18,205.18,210052.0
09:34,206.08,206.08,205.18,205.18,210052.0
09:35,206.08,206.08,205.18,205.18,210052.0
09:36,206.08,206.08,205.18,205.18,210052.0
09:37,206.08,206.08,205.18,205.18,210052.0
09:38,206.08,206.08,205.18,205.18,210052.0
09:39,206.08,206.08,205.18,205.18,210052.0
09:40,206.08,206.08,205.18,205.18,210052.0
09:41,206.08,206.08,205.18,205.18,210052.0
09:42,206.08,206.08,205.18,205.18,210052.0
09:43,206.08,206.08,205.18,205.18,210052.0
09:44,206.08,206.08,205.18,205.18,210052.0
09:45,206.08,206.08,205.18,205.18,210052.0
09:46,206.08,206.08,205.18,205.18,210052.0
09:47,206.08,206.08,205.18,205.18,210052.0
09:48,206.08,206.08,205.18,205.18,210052.0
09:49,206.08,206.08,205.18,205.18,210052.0
09:50,206.08,206.08,205.18,205.18,210052.0
09:51,206.08,206.08,205.18,205.18,210052.0
09:52,206.08,206.08,205.18,205.18,210052.0
09:53,206.08,206.08,205.18,205.18,210052.0
09:54,206.08,206.08,205.18,205.18,210052.0
09:55,206.08,206.08,205.18,205.18,210052.0
09:56,206.08,206.08,205.18,205.18,210052.0
09:57,206.08,206.08,205.18,205.18,210052.0
09:58,206.08,206.08,205.18,205.18,210052.0
09:59,206.08,206.08,205.18,205.18,210052.0
10:00,206.08,206.08,205.18,205.18,210052.0
10:01,206.08,206.08,205.18,205.18,210052.0
10:02,206.08,206.08,205.18,205.18,210052.0
10:03,206.08,206.08,205.18,205.18,210052.0
10:04,206.08,206.08,205.18,205.18,210052.0
10:05,206.08,206.08,205.18,205.18,210052.0
10:06,206.08,206.08,205.18,205.18,210052.0
10:07,206.08,206.08,205.18,205.18,210052.0
10:08,206.08,206.08,205.18,205.18,210052.0
10:09,206.08,206.08,205.18,205.18,210052.0
10:10,206.08,206.08,205.18,205.18,210052.0
10:11,206.08,206.08,205.18,205.18,210052.0
10:12,206.08,206.08,205.18,205.18,210052.0
10:13,206.08,206.08,205.18,205.18,210052.0
10:14,206.08,206.08,205.18,205.18,210052.0
10:15,206.08,206.08,205.18,205.18,210052.0
10:16,206.08,206.08,205.18,205.18,210052.0
10:17,206.08,206.08,205.18,205.18,210052.0
10:18,206.08,206.08,205.18,205.18,210052.0
10:19,206.08,206.08,205.18,205.18,210052.0
10:20,206.08,206.08,205.18,205.18,210052.0
10:21,206.08,206.08,205.18,205.18,210052.0
10:22,206.08,206.08,205.18,205.18,210052.0
10:23,206.08,206.08,205.18,205.18,210052.0
10:24,206.08,206.08,205.18,205.18,210052.0
10:25,206.08,206.08,205.18,205.18,210052.0
10:26,206.08,206.08,205.18,205.18,210052.0
10:27,206.08,206.08,205.18,205.18,210052.0
10:28,206.08,206.08,205.18,205.18,210052.0
10:29,206.08,206.08,205.18,205.18,210052.0
10:30,206.08,206.08,205.18,205.18,210052.0
10:31,206.21,206.32,205.68,206.15,37347.0
10:32,206.38,206.55,206.16,206.21,46969.0
10:33,206.59,206.8,206.3,206.38,50351.0
10:34,206.49,206.84,206.36,206.58,44327.0
10:35,206.34,206.99,206.34,206.52,48734.0
10:36,206.13,206.5,205.86,206.32,27294.0
10:37,205.84,206.1,205.79,205.87,18781.0
10:38,205.92,206.04,205.79,205.79,25605.0
10:39,206.56,206.56,205.92,205.98,46640.0
10:40,206.75,206.93,206.51,206.57,57607.0
10:41,206.38,206.92,206.3,206.84,95189.0
10:42,206.32,206.58,206.3,206.37,31706.0
10:43,206.61,206.64,206.32,206.32,31911.0
10:44,206.43,206.55,206.26,206.55,37909.0
10:45,206.74,206.87,206.41,206.45,50377.0
10:46,206.71,206.99,206.71,206.74,31352.0
10:47,206.92,207.09,206.64,206.75,49875.0
10:48,207.02,207.04,206.84,206.91,28096.0
10:49,206.99,207.01,206.79,207.01,38391.0
10:50,206.86,207.07,206.81,206.96,37538.0
10:51,206.87,206.89,206.68,206.83,40060.0
10:52,207.2,207.21,206.88,206.89,141906.0
10:53,207.48,207.57,207.21,207.21,67559.0
10:54,207.54,207.54,207.3,207.48,68839.0
10:55,207.44,207.56,207.34,207.54,42419.0
10:56,207.14,207.43,207.08,207.38,22938.0
10:57,207.07,207.27,207.05,207.16,9962.0
10:58,207.38,207.38,207.1,207.1,12018.0
10:59,207.19,207.47,207.02,207.38,28909.0
11:00,207.05,207.24,206.99,207.24,20290.0
11:01,206.76,207.1,206.68,207.05,34497.0
11:02,206.53,206.77,206.51,206.76,30042.0
11:03,206.52,206.71,206.34,206.54,17314.0
11:04,206.61,206.64,206.5,206.58,23105.0
11:05,206.79,206.79,206.6,206.6,10143.0
11:06,206.81,206.88,206.67,206.73,14306.0
11:07,206.62,206.79,206.6,206.77,7501.0
11:08,206.66,206.69,206.5,206.59,8904.0
11:09,206.45,206.69,206.43,206.66,8618.0
11:10,206.76,206.76,206.42,206.47,14572.0
11:11,206.74,206.92,206.7,206.74,28549.0
11:12,206.51,206.92,206.51,206.82,34062.0
11:13,206.56,206.6,206.35,206.6,14603.0
11:14,206.62,206.62,206.49,206.52,7093.0
11:15,206.75,206.75,206.48,206.56,8575.0
11:16,206.71,206.73,206.59,206.71,15493.0
11:17,206.75,206.8,206.68,206.7,10532.0
11:18,206.93,206.97,206.77,206.78,19391.0
11:19,207.09,207.11,206.92,206.96,32589.0
11:20,207.06,207.12,207.04,207.12,22441.0
11:21,207.13,207.16,207.01,207.07,14412.0
11:22,207.21,207.21,207.03,207.1,11569.0
11:23,207.27,207.34,207.16,207.21,12268.0
11:24,207.3,207.4,207.26,207.27,29278.0
11:25,207.45,207.49,207.3,207.3,30351.0
11:26,207.25,207.45,207.19,207.45,62688.0
11:27,207.2,207.26,207.13,207.25,22579.0
11:28,207.19,207.31,207.16,207.25,17484.0
11:29,207.23,207.24,207.14,207.19,22320.0
11:30,207.25,207.28,207.14,207.2,10030.0
11:31,207.04,207.26,206.93,207.23,22481.0
11:32,207.07,207.09,206.92,207.04,7448.0
11:33,207.1,207.2,206.97,207.11,42389.0
11:34,207.33,207.33,207.1,207.1,9943.0
11:35,207.15,207.33,207.15,207.33,24930.0
11:36,207.24,207.31,207.15,207.17,10564.0
11:37,207.38,207.38,207.24,207.3,12747.0
11:38,207.46,207.46,207.37,207.45,18691.0
11:39,207.42,207.45,207.37,207.43,14088.0
11:40,207.48,207.53,207.4,207.4,27835.0
11:41,207.43,207.53,207.34,207.46,15321.0
11:42,207.37,207.46,207.35,207.44,5505.0
11:43,207.53,207.57,207.41,207.41,37877.0
11:44,207.55,207.72,207.55,207.57,23055.0
11:45,207.44,207.6,207.39,207.52,19107.0
11:46,207.55,207.55,207.35,207.44,11556.0
11:47,207.24,207.52,207.24,207.51,20995.0
11:48,207.26,207.39,207.24,207.24,18340.0
11:49,207.28,207.33,207.21,207.26,12099.0
11:50,207.21,207.31,207.18,207.28,10443.0
11:51,207.19,207.38,207.19,207.23,20143.0
11:52,207.01,207.19,207.0,207.18,12091.0
11:53,207.02,207.07,206.96,206.97,16961.0
11:54,207.09,207.12,207.05,207.07,615363.0
11:55,206.97,207.05,206.95,207.04,10272.0
11:56,206.74,206.89,206.69,206.89,11658.0
11:57,206.81,206.81,206.7,206.74,17708.0
11:58,206.72,206.84,206.7,206.78,15485.0
11:59,206.85,206.88,206.7,206.7,9473.0
12:00,206.97,206.97,206.84,206.84,15632.0
12:01,206.99,207.08,206.93,206.94,9656.0
12:02,206.94,207.05,206.93,207.0,13101.0
12:03,206.97,207.06,206.9,206.93,14640.0
12:04,206.92,207.01,206.9,207.0,12988.0
12:05,207.05,207.11,206.88,206.92,69147.0
12:06,207.05,207.12,207.02,207.07,15985.0
12:07,207.08,207.11,206.98,207.04,24818.0
12:08,206.97,207.07,206.89,207.0,12540.0
12:09,206.99,207.09,206.98,206.98,8800.0
12:10,206.9,207.01,206.88,206.97,14354.0
12:11,206.95,207.08,206.93,206.93,16560.0
12:12,206.77,206.91,206.74,206.91,13673.0
12:13,206.87,206.9,206.8,206.8,6574.0
12:14,206.85,206.9,206.76,206.83,19827.0
12:15,206.69,206.88,206.64,206.8,17708.0
12:16,206.72,206.77,206.67,206.72,12350.0
12:17,206.9,206.91,206.75,206.75,17499.0
12:18,207.0,207.02,206.9,206.9,8767.0
12:19,207.01,207.14,206.93,207.02,24729.0
12:20,207.02,207.02,206.96,206.99,6524.0
12:21,206.83,207.02,206.81,207.01,30831.0
12:22,206.83,206.86,206.79,206.84,33049.0
12:23,206.75,206.8,206.72,206.8,9319.0
12:24,206.79,206.81,206.73,206.74,23635.0
12:25,206.86,206.87,206.79,206.82,6252.0
12:26,206.88,206.93,206.83,206.83,16048.0
12:27,206.93,206.96,206.86,206.89,9099.0
12:28,206.95,206.96,206.9,206.91,15615.0
12:29,206.84,206.96,206.84,206.95,20518.0
12:30,206.92,207.05,206.88,206.88,17357.0
12:31,206.84,206.93,206.83,206.91,16600.0
12:32,206.87,206.94,206.84,206.88,11141.0
12:33,206.93,206.98,206.83,206.87,19288.0
12:34,206.89,206.97,206.88,206.93,9568.0
12:35,206.98,206.98,206.91,206.94,18889.0
12:36,206.96,206.99,206.93,206.96,12033.0
12:37,206.99,207.0,206.95,206.96,7219.0
12:38,207.09,207.09,206.95,206.98,16246.0
12:39,206.98,207.21,206.98,207.1,26440.0
12:40,207.05,207.11,206.95,206.95,14241.0
12:41,207.15,207.18,207.09,207.09,5606.0
12:42,207.09,207.16,207.07,207.16,13159.0
12:43,207.15,207.15,207.05,207.1,24239.0
12:44,207.07,207.15,207.05,207.15,15726.0
12:45,207.02,207.08,206.98,207.08,9974.0
12:46,207.04,207.06,206.96,207.01,11581.0
12:47,207.08,207.08,207.01,207.03,3409.0
12:48,207.1,207.13,207.07,207.13,9140.0
12:49,207.13,207.14,207.08,207.11,8085.0
12:50,207.09,207.23,207.07,207.12,24909.0
12:51,207.14,207.17,207.1,207.11,25865.0
12:52,207.1,207.13,207.05,207.13,7976.0
12:53,207.06,207.1,207.04,207.1,4982.0
12:54,207.06,207.1,207.04,207.08,8168.0
12:55,207.04,207.1,207.03,207.05,121162.0
12:56,207.08,207.13,207.04,207.04,15565.0
12:57,207.04,207.09,207.02,207.08,10803.0
12:58,207.05,207.12,207.04,207.06,6149.0
12:59,207.04,207.08,207.01,207.05,5739.0
13:00,207.09,207.18,207.06,207.06,16645.0
13:01,207.05,207.18,207.05,207.16,16618.0
13:02,207.18,207.2,207.04,207.06,10618.0
13:03,207.11,207.2,207.11,207.16,9247.0
13:04,207.04,207.1,207.04,207.09,3675.0
13:05,206.99,207.04,206.99,207.04,7749.0
13:06,207.01,207.02,206.97,206.99,8651.0
13:07,207.0,207.01,206.98,207.01,3843.0
13:08,206.99,207.04,206.99,207.0,7103.0
13:09,207.04,207.06,207.02,207.02,4021.0
13:10,206.96,207.08,206.96,207.04,12070.0
13:11,207.06,207.06,206.96,206.98,7704.0
13:12,207.03,207.08,207.0,207.04,9351.0
13:13,207.0,207.02,207.0,207.02,7242.0
13:14,207.04,207.05,207.0,207.01,6062.0
13:15,207.0,207.04,206.98,207.04,15230.0
13:16,206.92,207.03,206.92,206.97,20453.0
13:17,207.02,207.05,206.91,206.91,18146.0
13:18,206.98,207.05,206.96,207.02,8233.0
13:19,207.0,207.02,206.99,207.02,2414.0
13:20,206.98,207.01,206.96,207.01,20986.0
13:21,206.96,207.0,206.95,206.97,6930.0
13:22,206.95,206.99,206.93,206.94,5022.0
13:23,206.9,206.96,206.87,206.95,18594.0
13:24,206.99,207.01,206.89,206.9,8454.0
13:25,207.06,207.06,206.98,206.99,7875.0
13:26,206.99,207.05,206.96,207.05,4252.0
13:27,207.02,207.06,206.96,206.98,8235.0
13:28,207.0,207.04,206.99,206.99,7746.0
13:29,206.95,207.07,206.95,207.02,9159.0
13:30,207.09,207.09,206.96,206.96,13515.0
13:31,206.95,207.07,206.95,207.07,4704.0
13:32,206.99,206.99,206.94,206.94,6163.0
13:33,206.95,206.99,206.94,206.99,7565.0
13:34,206.93,206.94,206.91,206.94,16930.0
13:35,206.84,206.94,206.78,206.93,29925.0
13:36,206.79,206.85,206.77,206.84,9791.0
13:37,206.82,206.86,206.77,206.77,7814.0
13:38,206.76,206.84,206.75,206.81,13126.0
13:39,206.84,206.85,206.8,206.8,4885.0
13:40,206.89,206.89,206.83,206.85,6842.0
13:41,206.96,206.98,206.9,206.91,7204.0
13:42,207.04,207.04,206.89,206.96,86154.0
13:43,206.97,207.05,206.95,207.04,9135.0
13:44,206.9,206.96,206.85,206.96,9739.0
13:45,206.9,206.92,206.84,206.9,8020.0
13:46,206.87,206.87,206.81,206.86,22040.0
13:47,206.75,206.86,206.75,206.84,12760.0
13:48,206.81,206.84,206.75,206.78,6018.0
13:49,206.85,206.85,206.79,206.83,3788.0
13:50,206.85,206.86,206.81,206.82,6241.0
13:51,206.89,206.91,206.82,206.82,5852.0
13:52,206.83,206.89,206.82,206.89,12924.0
13:53,206.86,206.88,206.83,206.85,17538.0
13:54,206.9,206.93,206.88,206.88,6990.0
13:55,206.85,206.93,206.85,206.9,26650.0
13:56,206.82,206.89,206.78,206.89,20327.0
13:57,206.95,206.95,206.81,206.82,28083.0
13:58,207.0,207.04,206.95,206.98,45201.0
13:59,207.01,207.02,206.96,206.96,35858.0
14:00,207.04,207.06,206.99,207.01,32331.0
14:01,207.2,207.21,207.01,207.02,11996.0
14:02,207.08,207.23,207.08,207.23,6449.0
14:03,207.02,207.09,206.98,207.09,8483.0
14:04,206.96,207.02,206.96,206.99,5205.0
14:05,206.75,206.97,206.74,206.96,55526.0
14:06,206.65,206.76,206.65,206.75,17807.0
14:07,206.7,206.72,206.64,206.65,9050.0
14:08,206.7,206.73,206.7,206.71,7262.0
14:09,206.69,206.7,206.55,206.7,16481.0
14:10,206.86,206.88,206.68,206.68,7090.0
14:11,206.84,206.88,206.8,206.87,4943.0
14:12,206.73,206.87,206.73,206.87,17754.0
14:13,206.7,206.73,206.64,206.73,18711.0
14:14,206.67,206.72,206.67,206.7,12295.0
14:15,206.69,206.72,206.65,206.65,13978.0
14:16,206.77,206.77,206.67,206.7,4924.0
14:17,206.76,206.78,206.68,206.77,16639.0
14:18,206.72,206.76,206.7,206.74,12478.0
14:19,206.73,206.73,206.7,206.72,11912.0
14:20,206.7,206.73,206.64,206.73,10765.0
14:21,206.71,206.75,206.7,206.7,6330.0
14:22,206.66,206.74,206.66,206.72,8864.0
14:23,206.63,206.7,206.63,206.64,6838.0
14:24,206.7,206.75,206.67,206.67,10529.0
14:25,206.76,206.77,206.7,206.7,9945.0
14:26,206.91,206.95,206.77,206.77,18876.0
14:27,206.94,206.96,206.88,206.9,3472.0
14:28,206.96,206.97,206.88,206.94,8365.0
14:29,206.96,206.96,206.92,206.95,6250.0
14:30,206.94,206.99,206.92,206.93,11459.0
14:31,206.98,206.98,206.93,206.93,4197.0
14:32,206.96,206.99,206.92,206.92,6033.0
14:33,206.99,207.0,206.94,207.0,13571.0
14:34,207.03,207.03,206.97,206.99,7556.0
14:35,206.99,207.04,206.97,207.01,9230.0
14:36,207.0,207.05,206.97,207.01,6130.0
14:37,207.09,207.1,207.02,207.02,8586.0
14:38,207.12,207.12,207.05,207.09,3663.0
14:39,207.13,207.18,207.1,207.13,6870.0
14:40,207.0,207.1,206.99,207.1,7225.0
14:41,207.02,207.04,207.0,207.0,4251.0
14:42,207.05,207.05,207.02,207.02,5390.0
14:43,207.04,207.07,207.03,207.05,4425.0
14:44,207.02,207.07,207.01,207.04,10733.0
14:45,207.03,207.04,207.01,207.04,4587.0
14:46,207.07,207.07,207.01,207.03,5942.0
14:47,207.04,207.08,207.04,207.06,9784.0
14:48,207.05,207.07,207.02,207.05,9952.0
14:49,207.14,207.15,207.08,207.08,4601.0
14:50,207.09,207.14,207.08,207.14,8823.0
14:51,207.1,207.1,207.09,207.1,2046.0
14:52,207.13,207.13,207.1,207.1,12505.0
14:53,207.16,207.16,207.09,207.12,9030.0
14:54,207.15,207.22,207.14,207.18,6325.0
14:55,207.13,207.15,207.12,207.15,4429.0
14:56,207.15,207.18,207.1,207.14,15209.0
14:57,207.18,207.19,207.11,207.13,8655.0
14:58,207.27,207.27,207.16,207.2,8516.0
14:59,207.32,207.33,207.26,207.27,8419.0
15:00,207.26,207.31,207.24,207.29,6171.0
15:01,207.26,207.28,207.21,207.26,5837.0
15:02,207.25,207.36,207.25,207.27,9879.0
15:03,207.24,207.28,207.21,207.26,12314.0
15:04,207.17,207.29,207.16,207.24,35244.0
15:05,207.2,207.22,207.17,207.17,6924.0
15:06,207.31,207.33,207.2,207.21,20173.0
15:07,207.38,207.41,207.32,207.32,9009.0
15:08,207.38,207.45,207.35,207.38,12021.0
15:09,207.39,207.43,207.38,207.4,11251.0
15:10,207.37,207.41,207.36,207.4,16652.0
15:11,207.34,207.38,207.31,207.37,7925.0
15:12,207.35,207.38,207.33,207.33,7954.0
15:13,207.38,207.38,207.34,207.35,4510.0
15:14,207.33,207.38,207.33,207.38,8234.0
15:15,207.41,207.42,207.35,207.35,9734.0
15:16,207.41,207.42,207.36,207.41,9581.0
15:17,207.44,207.47,207.43,207.43,6352.0
15:18,207.48,207.48,207.43,207.45,7106.0
15:19,207.43,207.49,207.43,207.49,10859.0
15:20,207.47,207.47,207.4,207.42,8104.0
15:21,207.46,207.47,207.43,207.45,7669.0
15:22,207.44,207.5,207.43,207.46,9466.0
15:23,207.48,207.5,207.46,207.46,6096.0
15:24,207.48,207.5,207.45,207.49,14140.0
15:25,207.44,207.49,207.4,207.49,12244.0
15:26,207.41,207.45,207.39,207.45,9322.0
15:27,207.43,207.43,207.41,207.41,3850.0
15:28,207.46,207.46,207.42,207.43,7544.0
15:29,207.47,207.5,207.45,207.46,27040.0
15:30,207.55,207.55,207.47,207.47,11632.0
15:31,207.52,207.54,207.47,207.52,17806.0
15:32,207.53,207.54,207.51,207.51,6020.0
15:33,207.55,207.55,207.49,207.52,8817.0
15:34,207.61,207.61,207.55,207.55,8820.0
15:35,207.57,207.64,207.52,207.6,25627.0
15:36,207.47,207.57,207.45,207.57,31971.0
15:37,207.54,207.55,207.49,207.49,8990.0
15:38,207.54,207.54,207.49,207.54,11185.0
15:39,207.27,207.54,207.27,207.54,31189.0
15:40,207.31,207.31,207.21,207.26,14880.0
15:41,207.33,207.34,207.29,207.32,6144.0
15:42,207.35,207.36,207.31,207.33,6472.0
15:43,207.34,207.35,207.3,207.34,8626.0
15:44,207.36,207.38,207.32,207.32,3743.0
15:45,207.32,207.35,207.3,207.35,8949.0
15:46,207.34,207.35,207.33,207.34,3513.0
15:47,207.3,207.35,207.29,207.34,9874.0
15:48,207.32,207.36,207.27,207.29,9931.0
15:49,207.34,207.34,207.29,207.34,6608.0
15:50,207.32,207.37,207.3,207.34,8435.0
15:51,207.3,207.35,207.3,207.33,5566.0
15:52,207.24,207.31,207.22,207.29,9411.0
15:53,207.23,207.27,207.23,207.24,6933.0
15:54,207.14,207.21,207.14,207.21,8702.0
15:55,207.06,207.11,207.0,207.11,8973.0
15:56,207.01,207.1,207.01,207.1,17508.0
15:57,207.06,207.08,207.0,207.0,12187.0
15:58,207.04,207.07,207.01,207.07,7520.0
15:59,207.02,207.04,207.0,207.04,5436.0
16:00,206.98,207.0,206.85,207.0,11799.0
16:01,207.0,207.02,206.99,206.99,13015.0
16:02,206.99,207.06,206.99,207.02,19092.0
16:03,206.99,207.02,206.97,207.0,11217.0
16:04,207.03,207.03,206.98,206.98,13950.0
16:05,206.93,207.04,206.93,207.03,9394.0
16:06,206.96,206.96,206.94,206.95,5773.0
16:07,206.95,206.96,206.93,206.95,10127.0
16:08,206.99,207.0,206.94,206.96,13037.0
16:09,206.98,207.0,206.93,206.99,23967.0
16:10,207.0,207.0,206.98,206.98,8540.0
16:11,206.98,207.01,206.95,207.01,12620.0
16:12,207.01,207.02,206.99,206.99,8094.0
16:13,207.0,207.04,207.0,207.0,5923.0
16:14,207.01,207.01,206.99,206.99,15883.0
16:15,206.99,207.02,206.98,207.02,16277.0
16:16,207.03,207.03,206.98,206.98,9492.0
16:17,207.0,207.02,206.97,207.02,12596.0
16:18,207.03,207.04,206.99,207.0,12674.0
16:19,207.0,207.03,207.0,207.03,14465.0
16:20,206.99,207.0,206.98,206.99,7837.0
16:21,207.0,207.01,206.97,206.99,14289.0
16:22,206.97,206.99,206.97,206.99,11620.0
16:23,206.91,206.98,206.88,206.98,37497.0
16:24,206.86,206.91,206.85,206.9,15818.0
16:25,206.96,207.01,206.87,206.87,15958.0
16:26,206.92,206.99,206.9,206.96,14485.0
16:27,206.9,206.99,206.9,206.92,19457.0
16:28,206.85,206.9,206.82,206.9,13005.0
16:29,206.73,206.85,206.7,206.85,21663.0
16:30,206.71,206.76,206.69,206.73,29953.0
16:31,206.74,206.76,206.7,206.72,34086.0
16:32,206.86,206.87,206.72,206.74,29827.0
16:33,206.9,206.91,206.85,206.86,23007.0
16:34,206.97,207.01,206.91,206.91,44991.0
16:35,207.07,207.1,206.96,206.98,29007.0
16:36,207.01,207.09,207.01,207.07,11753.0
16:37,207.01,207.06,206.97,207.0,24211.0
16:38,207.04,207.04,207.01,207.01,11170.0
16:39,207.05,207.1,207.03,207.04,21768.0
16:40,207.11,207.11,207.04,207.04,29647.0
16:41,207.07,207.1,206.99,207.1,29507.0
16:42,207.09,207.1,207.03,207.07,13732.0
16:43,207.11,207.15,207.09,207.1,22671.0
16:44,207.04,207.11,207.03,207.11,22325.0
16:45,207.12,207.18,207.04,207.05,36864.0
16:46,207.18,207.19,207.11,207.12,22786.0
16:47,206.96,207.18,206.96,207.18,43657.0
16:48,206.77,207.01,206.71,206.98,73031.0
16:49,206.55,206.82,206.52,206.78,40979.0
16:50,206.44,206.62,206.42,206.58,53513.0
16:51,206.27,206.47,206.26,206.43,30808.0
16:52,206.42,206.42,206.25,206.27,31903.0
16:53,206.59,206.6,206.43,206.43,37148.0
16:54,206.64,206.68,206.55,206.59,53309.0
16:55,206.62,206.71,206.56,206.66,74808.0
16:56,206.9,206.9,206.62,206.62,81671.0
16:57,206.86,207.0,206.82,206.9,129936.0
16:58,206.85,206.91,206.79,206.89,110803.0
16:59,206.67,206.84,206.59,206.84,247701.0
