Time,Close,High,Low,Open,Volume
09:30,188.39,189.0,188.28,189.0,156908.0
09:31,188.9,189.03,188.39,188.39,30152.0
09:32,188.54,188.91,188.48,188.91,12371.0
09:33,188.13,188.53,188.13,188.43,14709.0
09:34,188.44,188.51,188.13,188.13,10533.0
09:35,188.36,188.57,188.16,188.43,6369.0
09:36,188.01,188.38,188.0,188.25,11780.0
09:37,187.93,188.16,187.85,188.07,11822.0
09:38,188.21,188.21,187.87,187.93,10057.0
09:39,188.15,188.23,187.96,188.22,13078.0
09:40,188.0,188.15,187.94,188.14,13008.0
09:41,188.1,188.26,188.0,188.0,12683.0
09:42,188.42,188.43,188.12,188.19,10414.0
09:43,188.44,188.44,188.28,188.42,7131.0
09:44,188.07,188.29,188.04,188.29,16740.0
09:45,188.12,188.32,188.01,188.07,19256.0
09:46,188.37,188.37,188.11,188.16,8702.0
09:47,188.48,188.57,188.34,188.34,9116.0
09:48,188.51,188.58,188.43,188.53,6210.0
09:49,188.62,188.65,188.51,188.51,6744.0
09:50,189.01,189.01,188.57,188.61,11593.0
09:51,188.73,189.02,188.71,189.02,6090.0
09:52,188.81,188.93,188.71,188.71,10729.0
09:53,188.77,188.81,188.73,188.76,10947.0
09:54,188.63,188.73,188.55,188.73,9004.0
09:55,188.43,188.63,188.37,188.63,10371.0
09:56,188.5,188.6,188.42,188.42,15536.0
09:57,188.62,188.64,188.47,188.47,8084.0
09:58,188.77,188.84,188.66,188.66,9324.0
09:59,188.68,188.83,188.68,188.78,24033.0
10:00,188.67,188.82,188.65,188.82,14123.0
10:01,188.79,188.84,188.59,188.63,12193.0
10:02,188.84,189.02,188.81,188.92,7041.0
10:03,188.81,188.87,188.76,188.83,5893.0
10:04,188.62,188.79,188.57,188.79,8258.0
10:05,188.55,188.68,188.55,188.62,9809.0
10:06,188.45,188.62,188.45,188.57,14946.0
10:07,188.54,188.69,188.44,188.45,8715.0
10:08,188.6,188.62,188.48,188.54,18176.0
10:09,188.48,188.6,188.43,188.6,8882.0
10:10,188.49,188.54,188.42,188.45,7690.0
10:11,188.59,188.74,188.49,188.49,14052.0
10:12,188.52,188.6,188.48,188.55,7715.0
10:13,188.4,188.52,188.38,188.51,6581.0
10:14,188.48,188.51,188.4,188.4,12339.0
10:15,188.54,188.55,188.43,188.48,15247.0
10:16,188.34,188.52,188.32,188.51,26883.0
10:17,188.3,188.44,188.3,188.35,10291.0
10:18,188.25,188.3,188.13,188.3,6397.0
10:19,188.25,188.3,188.21,188.23,3849.0
10:20,188.22,188.23,188.16,188.2,9120.0
10:21,188.32,188.34,188.25,188.26,4237.0
10:22,188.35,188.43,188.25,188.33,11960.0
10:23,188.24,188.34,188.24,188.34,4779.0
10:24,188.26,188.33,188.25,188.26,10282.0
10:25,188.16,188.3,188.16,188.27,10057.0
10:26,188.08,188.22,188.08,188.22,30392.0
10:27,187.96,188.09,187.96,188.09,8361.0
10:28,188.0,188.12,187.95,187.96,15945.0
10:29,187.87,188.04,187.87,188.0,6963.0
10:30,187.69,187.85,187.69,187.82,13599.0
10:31,187.58,187.68,187.56,187.68,14853.0
10:32,187.7,187.72,187.57,187.62,8105.0
10:33,187.81,187.83,187.69,187.69,11227.0
10:34,187.79,187.81,187.75,187.8,6062.0
10:35,187.63,187.82,187.63,187.79,6482.0
10:36,187.44,187.65,187.44,187.65,13677.0
10:37,187.35,187.54,187.35,187.43,12262.0
10:38,187.43,187.55,187.34,187.4,35727.0
10:39,187.4,187.43,187.32,187.43,11830.0
10:40,187.58,187.58,187.35,187.38,13388.0
10:41,187.39,187.62,187.39,187.62,8235.0
10:42,187.35,187.49,187.32,187.38,19191.0
10:43,187.55,187.55,187.28,187.33,14517.0
10:44,187.46,187.61,187.43,187.55,14100.0
10:45,187.57,187.57,187.4,187.46,12334.0
10:46,187.64,187.69,187.56,187.57,21679.0
10:47,187.76,187.81,187.64,187.64,17473.0
10:48,187.76,187.84,187.71,187.81,25921.0
10:49,187.62,187.85,187.62,187.79,8913.0
10:50,187.59,187.71,187.56,187.62,8446.0
10:51,187.77,187.81,187.57,187.59,11384.0
10:52,187.83,187.83,187.72,187.76,4023.0
10:53,187.81,187.83,187.77,187.82,8980.0
10:54,187.7,187.79,187.69,187.79,7382.0
10:55,187.87,187.89,187.73,187.73,5940.0
10:56,187.84,187.93,187.84,187.89,5953.0
10:57,187.76,187.83,187.76,187.83,5209.0
10:58,187.89,187.91,187.75,187.76,9371.0
10:59,187.9,187.94,187.87,187.9,8732.0
11:00,188.09,188.13,187.91,187.91,8026.0
11:01,188.1,188.15,188.06,188.12,9383.0
11:02,188.09,188.11,188.05,188.09,11183.0
11:03,188.09,188.13,188.07,188.08,11352.0
11:04,187.92,188.14,187.89,188.1,22704.0
11:05,187.88,187.92,187.78,187.9,18552.0
11:06,187.91,187.93,187.89,187.9,6223.0
11:07,187.83,187.99,187.83,187.94,8339.0
11:08,187.77,187.85,187.74,187.82,7090.0
11:09,187.72,187.8,187.72,187.78,6020.0
11:10,187.54,187.71,187.54,187.71,10113.0
11:11,187.5,187.6,187.43,187.54,10025.0
11:12,187.57,187.57,187.49,187.53,5349.0
11:13,187.6,187.62,187.53,187.56,5921.0
11:14,187.57,187.62,187.54,187.6,7798.0
11:15,187.56,187.58,187.55,187.55,5038.0
11:16,187.5,187.65,187.49,187.58,7992.0
11:17,187.5,187.5,187.48,187.5,4034.0
11:18,187.56,187.61,187.44,187.49,11528.0
11:19,187.65,187.65,187.52,187.52,7105.0
11:20,187.67,187.67,187.58,187.58,11358.0
11:21,187.7,187.7,187.64,187.64,15610.0
11:22,187.73,187.73,187.7,187.7,19863.0
11:23,187.76,187.76,187.76,187.76,24116.0
11:24,187.69,187.75,187.62,187.74,7838.0
11:25,187.73,187.77,187.7,187.74,3556.0
11:26,187.75,187.76,187.68,187.73,5879.0
11:27,187.8,187.87,187.74,187.75,8517.0
11:28,187.95,187.95,187.8,187.8,5335.0
11:29,188.02,188.02,187.94,187.99,7479.0
11:30,188.01,188.07,188.01,188.03,7942.0
11:31,187.95,188.01,187.95,187.99,5179.0
11:32,187.91,187.96,187.91,187.96,4295.0
11:33,188.04,188.04,187.93,187.93,6942.0
11:34,188.02,188.08,188.01,188.01,5891.0
11:35,187.87,188.03,187.86,187.99,6681.0
11:36,187.95,187.96,187.88,187.9,9705.0
11:37,187.97,187.97,187.89,187.92,2879.0
11:38,188.01,188.02,187.96,187.96,5491.0
11:39,188.17,188.17,188.04,188.04,5622.0
11:40,188.21,188.21,188.12,188.17,3657.0
11:41,188.14,188.21,188.11,188.21,6541.0
11:42,188.11,188.2,188.11,188.2,4882.0
11:43,187.9,188.09,187.9,188.09,12077.0
11:44,187.9,187.93,187.89,187.9,7875.0
11:45,187.94,187.99,187.91,187.92,11785.0
11:46,187.97,187.99,187.92,187.93,4361.0
11:47,187.89,188.01,187.89,188.01,11919.0
11:48,187.87,187.88,187.79,187.87,12120.0
11:49,187.7,187.93,187.7,187.87,8590.0
11:50,187.57,187.71,187.57,187.71,9655.0
11:51,187.54,187.65,187.54,187.57,9128.0
11:52,187.58,187.6,187.51,187.57,9411.0
11:53,187.57,187.6,187.54,187.56,14968.0
11:54,187.46,187.54,187.36,187.54,9088.0
11:55,187.54,187.6,187.44,187.44,9199.0
11:56,187.43,187.54,187.41,187.52,8558.0
11:57,187.39,187.4,187.35,187.4,6559.0
11:58,187.46,187.46,187.38,187.38,4006.0
11:59,187.36,187.49,187.31,187.46,8458.0
12:00,187.2,187.35,187.2,187.35,5173.0
12:01,187.13,187.18,187.1,187.15,4530.0
12:02,187.17,187.17,187.11,187.13,5198.0
12:03,187.27,187.3,187.18,187.21,7938.0
12:04,187.26,187.33,187.26,187.26,6905.0
12:05,187.27,187.29,187.26,187.29,2521.0
12:06,187.46,187.46,187.25,187.28,7112.0
12:07,187.4,187.48,187.37,187.48,7972.0
12:08,187.4,187.46,187.37,187.41,8331.0
12:09,187.38,187.43,187.3,187.4,8574.0
12:10,187.37,187.37,187.32,187.37,5099.0
12:11,187.29,187.37,187.29,187.37,12218.0
12:12,187.32,187.34,187.21,187.28,13028.0
12:13,187.33,187.35,187.3,187.34,8994.0
12:14,187.38,187.38,187.27,187.28,12614.0
12:15,187.38,187.44,187.36,187.39,2889.0
12:16,187.2,187.36,187.2,187.36,6028.0
12:17,187.18,187.2,187.16,187.2,4561.0
12:18,187.24,187.24,187.13,187.16,5795.0
12:19,187.43,187.43,187.24,187.24,13120.0
12:20,187.35,187.4,187.32,187.4,9282.0
12:21,187.37,187.4,187.29,187.35,13171.0
12:22,187.4,187.4,187.34,187.34,4126.0
12:23,187.39,187.42,187.34,187.4,14955.0
12:24,187.37,187.4,187.33,187.4,4578.0
12:25,187.31,187.38,187.31,187.34,4523.0
12:26,187.26,187.31,187.21,187.31,8289.0
12:27,187.23,187.3,187.13,187.29,18842.0
12:28,187.14,187.24,187.14,187.23,12949.0
12:29,187.05,187.15,187.02,187.12,6105.0
12:30,186.99,187.08,186.99,187.06,8709.0
12:31,186.85,187.02,186.83,186.99,4965.0
12:32,186.9,186.9,186.82,186.85,10384.0
12:33,186.95,186.98,186.9,186.9,10640.0
12:34,186.85,186.99,186.85,186.94,8361.0
12:35,186.75,186.85,186.64,186.85,21275.0
12:36,186.7,186.82,186.65,186.79,8951.0
12:37,186.85,186.85,186.7,186.7,4050.0
12:38,186.8,186.83,186.75,186.83,4858.0
12:39,186.88,186.88,186.8,186.8,8014.0
12:40,186.9,186.9,186.87,186.87,2141.0
12:41,186.97,186.99,186.92,186.92,7461.0
12:42,187.0,187.0,186.94,186.98,3609.0
12:43,186.94,187.0,186.91,187.0,5917.0
12:44,186.92,186.92,186.89,186.92,4291.0
12:45,186.98,187.0,186.94,186.94,5479.0
12:46,187.04,187.12,187.03,187.03,5849.0
12:47,187.04,187.06,187.04,187.06,2282.0
12:48,187.09,187.09,187.04,187.04,2483.0
12:49,187.2,187.21,187.02,187.1,17585.0
12:50,187.15,187.27,187.15,187.24,7132.0
12:51,187.15,187.19,187.13,187.17,5448.0
12:52,187.18,187.18,187.11,187.13,8459.0
12:53,187.16,187.19,187.16,187.18,5532.0
12:54,187.1,187.18,187.07,187.17,6576.0
12:55,186.96,187.09,186.95,187.07,9085.0
12:56,187.0,187.03,186.96,186.96,7481.0
12:57,187.09,187.1,187.02,187.03,15790.0
12:58,187.14,187.14,187.06,187.06,6327.0
12:59,187.13,187.16,187.06,187.12,11785.0
13:00,187.07,187.13,187.07,187.12,4830.0
13:01,186.95,187.06,186.94,187.06,11606.0
13:02,187.03,187.03,186.9,186.93,5360.0
13:03,187.12,187.13,187.02,187.02,7313.0
13:04,187.21,187.22,187.12,187.12,7442.0
13:05,187.21,187.24,187.18,187.19,10616.0
13:06,187.18,187.2,187.18,187.2,2937.0
13:07,187.28,187.29,187.16,187.17,6722.0
13:08,187.23,187.26,187.23,187.26,3185.0
13:09,187.32,187.32,187.21,187.23,4681.0
13:10,187.37,187.37,187.31,187.34,4600.0
13:11,187.45,187.45,187.38,187.38,2711.0
13:12,187.39,187.43,187.39,187.43,2644.0
13:13,187.38,187.42,187.37,187.41,10770.0
13:14,187.39,187.4,187.34,187.39,5223.0
13:15,187.43,187.49,187.39,187.39,6067.0
13:16,187.29,187.42,187.29,187.41,4276.0
13:17,187.3,187.35,187.3,187.3,6622.0
13:18,187.3,187.34,187.29,187.29,6671.0
13:19,187.33,187.33,187.31,187.31,2988.0
13:20,187.22,187.33,187.19,187.32,7248.0
13:21,187.23,187.23,187.19,187.19,1965.0
13:22,187.17,187.24,187.17,187.22,5540.0
13:23,187.2,187.21,187.15,187.19,7508.0
13:24,187.2,187.2,187.16,187.19,2972.0
13:25,187.13,187.21,187.08,187.14,10168.0
13:26,187.11,187.19,187.11,187.14,4209.0
13:27,187.12,187.12,187.12,187.12,1238.0
13:28,187.22,187.22,187.09,187.09,3524.0
13:29,187.22,187.25,187.22,187.24,5031.0
13:30,187.29,187.32,187.2,187.2,4129.0
13:31,187.3,187.3,187.29,187.29,4348.0
13:32,187.29,187.3,187.21,187.3,6863.0
13:33,187.31,187.34,187.3,187.3,6430.0
13:34,187.23,187.29,187.2,187.29,12678.0
13:35,187.18,187.23,187.16,187.23,33458.0
13:36,187.2,187.22,187.17,187.2,8307.0
13:37,187.13,187.18,187.13,187.17,10751.0
13:38,187.09,187.13,187.03,187.13,39594.0
13:39,187.12,187.12,187.05,187.1,4982.0
13:40,187.18,187.19,187.12,187.12,5724.0
13:41,187.15,187.23,187.15,187.2,5961.0
13:42,187.1,187.21,187.1,187.17,7880.0
13:43,187.14,187.16,187.1,187.1,7544.0
13:44,187.18,187.21,187.13,187.14,31046.0
13:45,187.16,187.2,187.14,187.2,4997.0
13:46,187.13,187.2,187.04,187.18,50907.0
13:47,187.24,187.24,187.11,187.18,10647.0
13:48,187.1,187.23,187.06,187.21,16969.0
13:49,186.84,187.11,186.82,187.1,28293.0
13:50,186.72,186.84,186.21,186.84,197480.0
13:51,186.46,186.77,186.37,186.76,39461.0
13:52,186.37,186.47,186.08,186.46,44134.0
13:53,186.57,186.57,186.32,186.38,11541.0
13:54,186.76,186.78,186.68,186.71,13556.0
13:55,186.77,186.8,186.7,186.79,11483.0
13:56,186.97,186.97,186.77,186.77,10752.0
13:57,186.82,186.96,186.82,186.96,5931.0
13:58,186.94,187.0,186.82,186.84,11096.0
13:59,186.88,186.94,186.88,186.91,8913.0
14:00,186.86,186.93,186.82,186.87,10489.0
14:01,186.94,186.94,186.82,186.84,15605.0
14:02,186.69,186.94,186.62,186.94,19732.0
14:03,186.74,186.74,186.65,186.69,7454.0
14:04,186.81,186.85,186.63,186.72,33742.0
14:05,186.72,186.86,186.71,186.81,8453.0
14:06,186.82,186.84,186.71,186.73,10609.0
14:07,187.03,187.07,186.83,186.83,7707.0
14:08,187.1,187.15,187.07,187.07,6317.0
14:09,187.15,187.16,187.1,187.11,5763.0
14:10,187.24,187.24,187.15,187.15,5781.0
14:11,187.3,187.3,187.26,187.27,4356.0
14:12,187.31,187.34,187.27,187.29,5971.0
14:13,187.21,187.37,187.2,187.31,13744.0
14:14,187.18,187.2,187.16,187.18,5356.0
14:15,187.15,187.29,187.05,187.19,19588.0
14:16,186.86,187.04,186.84,187.04,35779.0
14:17,186.79,186.89,186.76,186.88,17180.0
14:18,186.82,186.86,186.71,186.8,52135.0
14:19,186.68,186.82,186.61,186.82,45607.0
14:20,186.64,186.71,186.51,186.68,43027.0
14:21,186.65,186.67,186.53,186.66,18571.0
14:22,186.6,186.78,186.6,186.67,26001.0
14:23,186.74,186.75,186.59,186.59,20357.0
14:24,186.82,186.88,186.71,186.74,27162.0
14:25,186.67,186.9,186.65,186.79,31315.0
14:26,186.74,186.75,186.65,186.65,27961.0
14:27,186.85,186.86,186.71,186.72,20727.0
14:28,186.8,186.88,186.8,186.85,9258.0
14:29,186.71,186.85,186.7,186.82,7256.0
14:30,186.68,186.74,186.65,186.71,4642.0
14:31,186.57,186.71,186.57,186.68,9213.0
14:32,186.72,186.72,186.58,186.58,5740.0
14:33,186.67,186.74,186.65,186.71,7683.0
14:34,186.81,186.83,186.72,186.72,4360.0
14:35,186.88,186.93,186.81,186.81,5154.0
14:36,186.9,186.91,186.86,186.88,5748.0
14:37,186.85,186.9,186.83,186.88,5561.0
14:38,186.85,186.88,186.82,186.88,4391.0
14:39,186.89,186.93,186.87,186.87,6198.0
14:40,186.7,186.91,186.69,186.88,18676.0
14:41,186.69,186.73,186.66,186.73,6023.0
14:42,186.58,186.72,186.55,186.71,23397.0
14:43,186.55,186.59,186.55,186.59,4990.0
14:44,186.6,186.63,186.51,186.52,21257.0
14:45,186.5,186.61,186.5,186.6,17512.0
14:46,186.45,186.51,186.4,186.5,29105.0
14:47,186.5,186.52,186.5,186.5,10805.0
14:48,186.6,186.6,186.49,186.52,20456.0
14:49,186.67,186.69,186.56,186.6,11009.0
14:50,186.58,186.68,186.58,186.65,7957.0
14:51,186.48,186.57,186.43,186.57,22823.0
14:52,186.44,186.45,186.41,186.45,18274.0
14:53,186.35,186.42,186.32,186.42,16940.0
14:54,186.4,186.44,186.32,186.37,18180.0
14:55,186.38,186.39,186.35,186.37,8192.0
14:56,186.32,186.37,186.3,186.37,9832.0
14:57,186.41,186.44,186.35,186.35,16593.0
14:58,186.39,186.43,186.38,186.41,9291.0
14:59,186.34,186.36,186.27,186.33,18430.0
15:00,186.4,186.45,186.31,186.34,10139.0
15:01,186.46,186.46,186.35,186.38,4259.0
15:02,186.28,186.5,186.25,186.46,51058.0
15:03,186.2,186.36,186.19,186.27,56221.0
15:04,186.18,186.28,186.13,186.19,55942.0
15:05,186.13,186.18,186.1,186.18,55314.0
15:06,186.11,186.13,186.05,186.13,43730.0
15:07,186.07,186.1,186.01,186.1,23772.0
15:08,185.91,186.07,185.91,186.07,25724.0
15:09,185.75,186.09,185.71,185.92,85680.0
15:10,185.75,185.81,185.52,185.74,103817.0
15:11,185.73,185.78,185.68,185.77,38621.0
15:12,185.68,185.74,185.63,185.74,32776.0
15:13,185.66,185.7,185.65,185.68,39930.0
15:14,185.87,185.88,185.64,185.65,44659.0
15:15,186.06,186.09,185.91,185.91,16962.0
15:16,186.1,186.15,186.04,186.07,7756.0
15:17,185.95,186.06,185.94,186.06,14141.0
15:18,185.92,185.97,185.81,185.94,23739.0
15:19,186.2,186.2,185.92,185.92,13217.0
15:20,186.14,186.24,186.14,186.21,10466.0
15:21,186.2,186.26,186.06,186.14,15496.0
15:22,186.36,186.41,186.23,186.23,14637.0
15:23,186.29,186.35,186.29,186.35,8539.0
15:24,186.2,186.32,186.2,186.29,8029.0
15:25,186.23,186.24,186.19,186.2,14284.0
15:26,186.3,186.32,186.21,186.22,15808.0
15:27,186.35,186.41,186.3,186.3,20030.0
15:28,186.32,186.38,186.32,186.36,11123.0
15:29,186.36,186.36,186.27,186.32,11669.0
15:30,186.51,186.58,186.35,186.35,17286.0
15:31,186.38,186.53,186.32,186.51,23254.0
15:32,186.36,186.38,186.31,186.38,15605.0
15:33,186.25,186.37,186.24,186.37,15399.0
15:34,186.19,186.26,186.16,186.24,21527.0
15:35,186.18,186.29,186.08,186.21,27561.0
15:36,186.18,186.24,186.17,186.18,36559.0
15:37,186.13,186.2,186.07,186.18,17875.0
15:38,186.08,186.12,186.08,186.11,14964.0
15:39,186.12,186.14,186.03,186.1,19165.0
15:40,186.04,186.22,185.98,186.13,29698.0
15:41,186.05,186.1,186.04,186.04,20925.0
15:42,186.07,186.13,186.05,186.05,15044.0
15:43,186.14,186.18,186.06,186.07,47575.0
15:44,186.07,186.12,186.03,186.12,26883.0
15:45,186.22,186.26,186.07,186.08,24314.0
15:46,186.16,186.25,186.12,186.23,21925.0
15:47,186.13,186.19,186.1,186.13,23987.0
15:48,186.05,186.15,186.04,186.14,27669.0
15:49,185.96,186.05,185.9,186.05,37747.0
15:50,185.98,186.18,185.94,185.94,45664.0
15:51,185.96,185.99,185.85,185.96,42121.0
15:52,186.15,186.19,185.95,185.96,50366.0
15:53,186.17,186.17,186.09,186.15,39605.0
15:54,186.2,186.29,186.17,186.17,50387.0
15:55,186.03,186.31,186.02,186.22,81458.0
15:56,186.03,186.12,185.88,186.01,88446.0
15:57,186.04,186.1,185.97,186.03,80289.0
15:58,186.27,186.28,186.03,186.04,126222.0
15:59,186.27,186.29,186.11,186.26,229766.0
