Time,Close,High,Low,Open,Volume
09:30,186.2,186.66,185.72,186.64,136200.0
09:31,186.7,186.86,186.24,186.37,10822.0
09:32,187.02,187.08,186.63,186.81,7689.0
09:33,186.85,187.28,186.79,187.01,21687.0
09:34,187.22,187.26,187.0,187.0,6129.0
09:35,187.67,187.68,187.26,187.26,17519.0
09:36,187.6,187.74,187.28,187.57,40057.0
09:37,187.58,187.83,187.52,187.52,10987.0
09:38,187.18,187.63,187.16,187.63,5987.0
09:39,187.05,187.29,187.0,187.16,2754.0
09:40,186.96,187.1,186.83,187.04,14693.0
09:41,187.1,187.2,187.0,187.02,7575.0
09:42,187.18,187.18,187.1,187.1,2987.0
09:43,187.35,187.43,187.1,187.18,4533.0
09:44,187.1,187.34,187.07,187.34,4651.0
09:45,187.25,187.33,187.08,187.08,6899.0
09:46,186.97,187.29,186.9,187.29,3931.0
09:47,187.09,187.23,187.0,187.04,11720.0
09:48,187.12,187.15,186.99,187.07,5283.0
09:49,187.12,187.22,187.03,187.12,5940.0
09:50,186.98,187.15,186.94,187.14,7358.0
09:51,187.31,187.47,187.07,187.07,8114.0
09:52,187.09,187.31,187.09,187.31,5393.0
09:53,187.03,187.06,186.83,187.06,7548.0
09:54,186.96,187.07,186.95,186.95,3379.0
09:55,186.91,187.11,186.9,187.06,8183.0
09:56,186.8,186.95,186.78,186.9,5519.0
09:57,186.76,186.76,186.64,186.7,8764.0
09:58,186.66,186.75,186.61,186.71,5027.0
09:59,186.63,186.7,186.43,186.61,14859.0
10:00,186.37,186.55,186.34,186.52,10378.0
10:01,186.61,186.7,186.27,186.38,14686.0
10:02,186.76,186.98,186.59,186.67,17384.0
10:03,186.7,186.82,186.7,186.76,4093.0
10:04,186.99,187.01,186.71,186.71,7934.0
10:05,186.92,187.05,186.9,186.92,5870.0
10:06,186.97,187.11,186.93,186.93,7162.0
10:07,187.16,187.16,186.9,186.97,5050.0
10:08,187.1,187.15,187.07,187.15,4420.0
10:09,187.01,187.07,186.84,187.06,11447.0
10:10,187.13,187.13,186.92,186.98,6010.0
10:11,187.2,187.31,187.09,187.13,6376.0
10:12,186.95,187.22,186.95,187.15,8981.0
10:13,186.93,187.04,186.88,186.97,5849.0
10:14,186.83,186.9,186.79,186.9,5837.0
10:15,186.93,186.97,186.78,186.84,7017.0
10:16,186.74,186.96,186.74,186.91,5228.0
10:17,186.76,186.78,186.59,186.78,9478.0
10:18,186.95,186.95,186.74,186.74,15694.0
10:19,186.97,187.02,186.9,186.92,7489.0
10:20,186.97,187.03,186.94,187.03,5023.0
10:21,186.97,186.97,186.82,186.96,11950.0
10:22,186.98,187.04,186.9,186.9,7582.0
10:23,186.79,186.92,186.79,186.92,11687.0
10:24,186.84,186.84,186.74,186.79,8439.0
10:25,186.88,186.97,186.83,186.89,5623.0
10:26,186.93,187.01,186.84,186.84,4799.0
10:27,186.82,186.92,186.82,186.92,4617.0
10:28,186.83,186.93,186.8,186.84,6637.0
10:29,186.73,186.82,186.73,186.82,6281.0
10:30,186.91,186.94,186.77,186.77,5338.0
10:31,186.74,186.91,186.74,186.91,5127.0
10:32,186.73,186.75,186.68,186.75,5476.0
10:33,186.7,186.7,186.62,186.68,5801.0
10:34,186.67,186.7,186.63,186.7,5740.0
10:35,186.78,186.79,186.67,186.67,8879.0
10:36,186.72,186.82,186.72,186.78,8047.0
10:37,186.69,186.75,186.69,186.71,5450.0
10:38,186.74,186.78,186.73,186.74,8300.0
10:39,186.68,186.76,186.68,186.76,7073.0
10:40,186.71,186.74,186.67,186.72,7374.0
10:41,186.71,186.76,186.7,186.72,9715.0
10:42,186.7,186.71,186.67,186.71,4758.0
10:43,186.77,186.79,186.59,186.69,9920.0
10:44,186.74,186.79,186.74,186.77,3493.0
10:45,186.7,186.76,186.69,186.75,5222.0
10:46,186.71,186.75,186.7,186.71,5516.0
10:47,186.6,186.71,186.6,186.71,5245.0
10:48,186.69,186.77,186.59,186.59,5356.0
10:49,186.62,186.72,186.62,186.72,3162.0
10:50,186.55,186.63,186.55,186.58,3841.0
10:51,186.52,186.59,186.5,186.55,5473.0
10:52,186.4,186.55,186.4,186.54,6349.0
10:53,186.34,186.4,186.29,186.4,7645.0
10:54,186.46,186.46,186.31,186.31,6321.0
10:55,186.39,186.45,186.38,186.45,4945.0
10:56,186.26,186.36,186.26,186.36,4875.0
10:57,186.27,186.29,186.26,186.26,4330.0
10:58,186.33,186.33,186.21,186.26,7253.0
10:59,186.34,186.41,186.34,186.36,8798.0
11:00,186.35,186.38,186.3,186.34,5563.0
11:01,186.41,186.41,186.31,186.35,7366.0
11:02,186.28,186.43,186.27,186.43,8028.0
11:03,186.27,186.27,186.19,186.23,6121.0
11:04,186.18,186.27,186.18,186.27,4240.0
11:05,186.24,186.24,186.12,186.15,3129.0
11:06,186.31,186.32,186.21,186.21,3908.0
11:07,186.24,186.25,186.24,186.25,4318.0
11:08,186.16,186.2,186.14,186.15,4082.0
11:09,186.14,186.23,186.14,186.16,6892.0
11:10,186.14,186.15,186.06,186.14,9234.0
11:11,186.07,186.14,186.07,186.14,4406.0
11:12,186.17,186.17,186.09,186.11,3769.0
11:13,186.12,186.2,186.12,186.16,5461.0
11:14,186.24,186.25,186.13,186.13,6660.0
11:15,186.33,186.33,186.24,186.24,4636.0
11:16,186.29,186.34,186.27,186.3,7015.0
11:17,186.2,186.29,186.2,186.29,2827.0
11:18,186.2,186.26,186.2,186.22,6006.0
11:19,186.13,186.23,186.13,186.22,6873.0
11:20,185.92,186.1,185.92,186.1,8974.0
11:21,185.93,185.93,185.84,185.91,8321.0
11:22,185.84,185.99,185.84,185.96,4449.0
11:23,185.96,185.99,185.8,185.85,9748.0
11:24,186.03,186.04,185.96,185.96,6367.0
11:25,186.07,186.09,186.03,186.04,7805.0
11:26,185.97,186.05,185.97,186.05,3023.0
11:27,186.07,186.08,185.95,185.98,5467.0
11:28,186.05,186.1,186.04,186.1,1984.0
11:29,185.98,186.02,185.95,186.02,8129.0
11:30,186.08,186.15,185.98,185.99,5437.0
11:31,186.1,186.1,186.02,186.07,5000.0
11:32,186.19,186.21,186.08,186.1,3769.0
11:33,186.2,186.23,186.2,186.21,3716.0
11:34,186.08,186.19,186.05,186.19,16023.0
11:35,186.17,186.18,186.07,186.09,4938.0
11:36,186.09,186.13,186.08,186.13,8695.0
11:37,186.18,186.19,186.09,186.1,6014.0
11:38,186.12,186.2,186.08,186.18,8081.0
11:39,186.05,186.14,185.98,186.14,21275.0
11:40,186.15,186.15,186.0,186.04,4652.0
11:41,186.1,186.17,186.1,186.15,8759.0
11:42,186.04,186.12,186.01,186.12,8386.0
11:43,186.12,186.15,186.03,186.03,4219.0
11:44,186.12,186.13,186.1,186.13,4843.0
11:45,186.09,186.13,186.08,186.12,4137.0
11:46,186.12,186.12,186.05,186.06,3491.0
11:47,186.16,186.19,186.16,186.17,3119.0
11:48,186.33,186.35,186.18,186.18,11583.0
11:49,186.27,186.31,186.25,186.28,6206.0
11:50,186.33,186.36,186.26,186.3,6274.0
11:51,186.52,186.53,186.32,186.32,8978.0
11:52,186.4,186.55,186.4,186.53,11063.0
11:53,186.38,186.45,186.38,186.42,6707.0
11:54,186.29,186.39,186.28,186.39,7109.0
11:55,186.32,186.35,186.3,186.3,5838.0
11:56,186.4,186.4,186.32,186.32,6068.0
11:57,186.4,186.48,186.39,186.39,5825.0
11:58,186.49,186.5,186.43,186.44,6033.0
11:59,186.4,186.54,186.4,186.51,5305.0
12:00,186.45,186.51,186.38,186.38,7823.0
12:01,186.36,186.49,186.36,186.46,4514.0
12:02,186.4,186.43,186.38,186.39,3848.0
12:03,186.41,186.41,186.3,186.39,8914.0
12:04,186.49,186.51,186.42,186.42,6840.0
12:05,186.41,186.55,186.41,186.52,5484.0
12:06,186.36,186.4,186.36,186.4,2298.0
12:07,186.35,186.38,186.33,186.36,4314.0
12:08,186.4,186.4,186.35,186.36,4111.0
12:09,186.37,186.41,186.37,186.4,3628.0
12:10,186.4,186.41,186.37,186.37,2876.0
12:11,186.37,186.4,186.37,186.38,2847.0
12:12,186.41,186.44,186.37,186.4,5678.0
12:13,186.43,186.46,186.42,186.43,1715.0
12:14,186.4,186.43,186.4,186.43,2526.0
12:15,186.43,186.44,186.4,186.42,5508.0
12:16,186.38,186.43,186.38,186.43,2517.0
12:17,186.42,186.43,186.41,186.41,2504.0
12:18,186.42,186.43,186.42,186.42,2555.0
12:19,186.39,186.42,186.37,186.42,14687.0
12:20,186.42,186.44,186.38,186.38,3668.0
12:21,186.39,186.42,186.39,186.42,3183.0
12:22,186.46,186.47,186.43,186.43,3484.0
12:23,186.45,186.48,186.42,186.46,6375.0
12:24,186.41,186.47,186.4,186.46,4917.0
12:25,186.36,186.42,186.32,186.42,7260.0
12:26,186.35,186.36,186.31,186.35,3385.0
12:27,186.36,186.37,186.32,186.35,7638.0
12:28,186.35,186.36,186.35,186.36,1345.0
12:29,186.47,186.47,186.36,186.36,3760.0
12:30,186.43,186.53,186.43,186.5,4819.0
12:31,186.45,186.45,186.4,186.43,3104.0
12:32,186.49,186.5,186.46,186.46,3810.0
12:33,186.55,186.55,186.49,186.49,4161.0
12:34,186.45,186.59,186.45,186.56,6550.0
12:35,186.3,186.45,186.26,186.45,10969.0
12:36,186.19,186.3,186.17,186.3,7213.0
12:37,186.18,186.2,186.11,186.16,8148.0
12:38,186.15,186.19,186.13,186.19,5377.0
12:39,186.11,186.17,186.09,186.17,3555.0
12:40,186.02,186.12,185.96,186.1,15768.0
12:41,186.07,186.13,186.05,186.06,7674.0
12:42,186.13,186.15,186.11,186.11,6043.0
12:43,186.12,186.13,186.1,186.12,7161.0
12:44,186.04,186.1,186.04,186.09,7301.0
12:45,186.04,186.08,185.99,186.08,5339.0
12:46,186.05,186.05,185.98,186.04,7808.0
12:47,186.15,186.19,186.03,186.03,4666.0
12:48,186.06,186.13,186.04,186.13,7602.0
12:49,186.11,186.11,186.02,186.06,4301.0
12:50,186.14,186.18,186.12,186.12,2775.0
12:51,186.09,186.12,186.09,186.12,4096.0
12:52,186.14,186.19,186.12,186.12,9899.0
12:53,186.17,186.19,186.15,186.16,4668.0
12:54,186.25,186.25,186.18,186.18,5459.0
12:55,186.14,186.23,186.14,186.22,2400.0
12:56,186.15,186.2,186.15,186.16,3557.0
12:57,186.13,186.14,186.12,186.12,2476.0
12:58,186.2,186.2,186.12,186.15,3425.0
12:59,186.16,186.2,186.16,186.2,2491.0
13:00,186.13,186.14,186.12,186.12,2166.0
13:01,186.1,186.17,186.07,186.12,19492.0
13:02,186.05,186.09,186.04,186.09,4142.0
13:03,186.04,186.07,186.03,186.05,3782.0
13:04,186.08,186.08,186.03,186.06,5835.0
13:05,186.07,186.09,186.05,186.08,3378.0
13:06,186.0,186.08,185.94,186.08,5360.0
13:07,185.98,186.01,185.96,186.0,5855.0
13:08,186.0,186.0,185.98,185.98,2344.0
13:09,186.04,186.06,186.02,186.04,1544.0
13:10,186.0,186.04,185.96,186.04,5998.0
13:11,186.04,186.05,186.0,186.01,2913.0
13:12,186.06,186.07,186.04,186.04,1633.0
13:13,186.05,186.12,186.04,186.04,5046.0
13:14,186.1,186.1,186.02,186.05,3179.0
13:15,186.16,186.19,186.1,186.1,4535.0
13:16,186.13,186.15,186.12,186.15,3216.0
13:17,186.23,186.23,186.14,186.14,5172.0
13:18,186.19,186.21,186.19,186.19,959.0
13:19,186.21,186.23,186.19,186.21,5686.0
13:20,186.25,186.27,186.21,186.21,3424.0
13:21,186.18,186.2,186.15,186.2,2832.0
13:22,186.19,186.19,186.16,186.18,3975.0
13:23,186.17,186.2,186.17,186.2,1742.0
13:24,186.2,186.2,186.16,186.16,1585.0
13:25,186.21,186.24,186.2,186.21,2559.0
13:26,186.2,186.23,186.17,186.19,5178.0
13:27,186.15,186.22,186.15,186.22,4353.0
13:28,186.11,186.17,186.08,186.15,5166.0
13:29,186.12,186.13,186.1,186.1,3859.0
13:30,186.13,186.16,186.06,186.09,12403.0
13:31,186.04,186.13,186.04,186.12,5040.0
13:32,185.95,186.04,185.95,186.04,4886.0
13:33,185.98,186.0,185.96,185.96,2315.0
13:34,186.01,186.04,186.0,186.0,3767.0
13:35,186.0,186.04,185.99,186.0,3387.0
13:36,185.96,186.03,185.96,186.02,3703.0
13:37,185.96,185.98,185.95,185.95,4931.0
13:38,185.97,185.97,185.95,185.97,3336.0
13:39,185.98,186.0,185.96,185.97,4153.0
13:40,186.01,186.01,185.99,185.99,4610.0
13:41,185.87,185.98,185.87,185.97,3752.0
13:42,185.82,185.83,185.8,185.83,3585.0
13:43,185.82,185.85,185.82,185.82,4418.0
13:44,185.83,185.85,185.83,185.85,1295.0
13:45,185.79,185.82,185.78,185.8,3114.0
13:46,185.77,185.78,185.76,185.77,5383.0
13:47,185.75,185.79,185.7,185.79,7045.0
13:48,185.67,185.72,185.67,185.69,1637.0
13:49,185.62,185.69,185.62,185.69,5828.0
13:50,185.6,185.62,185.58,185.61,2683.0
13:51,185.63,185.77,185.63,185.63,20205.0
13:52,185.65,185.65,185.57,185.6,9173.0
13:53,185.62,185.63,185.58,185.61,2832.0
13:54,185.56,185.6,185.56,185.6,3242.0
13:55,185.6,185.65,185.55,185.56,5903.0
13:56,185.62,185.64,185.62,185.62,1695.0
13:57,185.56,185.61,185.53,185.61,5246.0
13:58,185.72,185.72,185.6,185.6,5883.0
13:59,185.74,185.74,185.7,185.7,4746.0
14:00,185.75,185.75,185.71,185.74,4811.0
14:01,185.71,185.76,185.71,185.75,4155.0
14:02,185.91,185.95,185.71,185.71,12543.0
14:03,185.85,185.98,185.85,185.88,7873.0
14:04,185.77,185.79,185.77,185.78,1989.0
14:05,185.73,185.78,185.73,185.78,5316.0
14:06,185.72,185.74,185.71,185.74,3131.0
14:07,185.69,185.77,185.68,185.76,3916.0
14:08,185.55,185.68,185.55,185.68,4866.0
14:09,185.63,185.64,185.52,185.55,7213.0
14:10,185.45,185.6,185.44,185.6,12410.0
14:11,185.61,185.61,185.4,185.43,7202.0
14:12,185.69,185.69,185.56,185.61,4442.0
14:13,185.72,185.75,185.69,185.69,3735.0
14:14,185.84,185.89,185.74,185.74,6971.0
14:15,185.85,185.89,185.85,185.87,3405.0
14:16,185.92,185.92,185.79,185.84,5174.0
14:17,185.85,185.93,185.8,185.93,5245.0
14:18,185.91,185.93,185.84,185.85,5056.0
14:19,185.9,185.92,185.89,185.92,4228.0
14:20,185.91,185.95,185.9,185.91,4096.0
14:21,185.9,185.94,185.88,185.9,3930.0
14:22,185.85,185.87,185.85,185.87,4239.0
14:23,185.96,185.96,185.84,185.84,7799.0
14:24,185.96,185.99,185.93,185.95,5396.0
14:25,185.92,185.97,185.92,185.94,4802.0
14:26,185.97,185.99,185.93,185.94,5556.0
14:27,185.96,185.99,185.86,185.97,11272.0
14:28,185.94,185.96,185.93,185.96,3162.0
14:29,185.93,185.97,185.93,185.96,3316.0
14:30,185.91,185.93,185.87,185.93,4648.0
14:31,186.13,186.14,185.91,185.91,10377.0
14:32,186.15,186.18,186.13,186.14,5225.0
14:33,186.1,186.17,186.07,186.17,6322.0
14:34,186.09,186.1,186.07,186.09,4062.0
14:35,186.09,186.12,186.08,186.11,7358.0
14:36,186.16,186.16,186.06,186.06,5512.0
14:37,186.17,186.19,186.16,186.16,3826.0
14:38,186.21,186.21,186.13,186.15,6741.0
14:39,186.12,186.24,186.11,186.21,23116.0
14:40,186.19,186.23,186.14,186.14,6105.0
14:41,186.21,186.23,186.19,186.21,6524.0
14:42,186.26,186.3,186.21,186.23,6061.0
14:43,186.3,186.32,186.27,186.28,4147.0
14:44,186.33,186.35,186.32,186.32,5930.0
14:45,186.36,186.38,186.3,186.32,7868.0
14:46,186.37,186.41,186.36,186.37,4242.0
14:47,186.34,186.38,186.3,186.38,7819.0
14:48,186.31,186.33,186.31,186.31,4992.0
14:49,186.26,186.31,186.25,186.31,3778.0
14:50,186.26,186.3,186.26,186.28,7804.0
14:51,186.31,186.31,186.25,186.25,6404.0
14:52,186.25,186.31,186.25,186.3,7230.0
14:53,186.25,186.29,186.25,186.27,4473.0
14:54,186.25,186.29,186.25,186.28,5991.0
14:55,186.26,186.3,186.23,186.25,7777.0
14:56,186.24,186.28,186.24,186.26,7045.0
14:57,186.26,186.29,186.23,186.26,7269.0
14:58,186.29,186.32,186.24,186.24,7257.0
14:59,186.21,186.27,186.18,186.27,5951.0
15:00,186.29,186.32,186.24,186.24,7054.0
15:01,186.23,186.3,186.22,186.29,4828.0
15:02,186.35,186.35,186.22,186.23,8512.0
15:03,186.27,186.34,186.27,186.34,4998.0
15:04,186.38,186.43,186.26,186.29,19159.0
15:05,186.35,186.41,186.33,186.33,6086.0
15:06,186.26,186.35,186.26,186.35,4819.0
15:07,186.3,186.34,186.28,186.28,6769.0
15:08,186.3,186.34,186.3,186.34,3369.0
15:09,186.4,186.42,186.3,186.32,17743.0
15:10,186.33,186.38,186.33,186.38,6655.0
15:11,186.31,186.37,186.3,186.33,7258.0
15:12,186.25,186.3,186.25,186.29,6345.0
15:13,186.21,186.24,186.19,186.24,6123.0
15:14,186.23,186.24,186.2,186.21,8411.0
15:15,186.26,186.27,186.2,186.23,6481.0
15:16,186.3,186.3,186.26,186.26,6593.0
15:17,186.38,186.38,186.29,186.3,11258.0
15:18,186.42,186.46,186.38,186.38,9685.0
15:19,186.45,186.46,186.39,186.42,7858.0
15:20,186.45,186.49,186.44,186.45,11548.0
15:21,186.48,186.51,186.42,186.45,9026.0
15:22,186.49,186.53,186.49,186.5,7046.0
15:23,186.52,186.54,186.5,186.51,7617.0
15:24,186.49,186.53,186.48,186.52,13047.0
15:25,186.5,186.52,186.48,186.49,7000.0
15:26,186.45,186.51,186.45,186.5,6641.0
15:27,186.46,186.48,186.43,186.46,10410.0
15:28,186.42,186.51,186.42,186.46,10337.0
15:29,186.43,186.45,186.39,186.41,8572.0
15:30,186.46,186.53,186.43,186.43,13097.0
15:31,186.41,186.44,186.38,186.44,12112.0
15:32,186.42,186.44,186.38,186.42,13699.0
15:33,186.45,186.45,186.4,186.4,5784.0
15:34,186.44,186.45,186.42,186.45,12222.0
15:35,186.48,186.49,186.42,186.44,13587.0
15:36,186.59,186.59,186.48,186.48,9248.0
15:37,186.49,186.62,186.48,186.6,76412.0
15:38,186.62,186.62,186.47,186.51,10116.0
15:39,186.6,186.61,186.59,186.6,9053.0
15:40,186.56,186.59,186.54,186.59,12625.0
15:41,186.57,186.59,186.53,186.56,11451.0
15:42,186.62,186.62,186.57,186.57,6958.0
15:43,186.65,186.65,186.62,186.62,9926.0
15:44,186.57,186.67,186.54,186.65,18809.0
15:45,186.55,186.61,186.52,186.59,14999.0
15:46,186.41,186.54,186.41,186.53,14888.0
15:47,186.45,186.45,186.4,186.41,15322.0
15:48,186.33,186.46,186.31,186.45,23891.0
15:49,186.3,186.33,186.27,186.33,28602.0
15:50,186.35,186.35,186.25,186.32,52839.0
15:51,186.35,186.43,186.31,186.35,27893.0
15:52,186.46,186.48,186.37,186.38,21074.0
15:53,186.59,186.59,186.45,186.46,31683.0
15:54,186.43,186.58,186.43,186.58,37040.0
15:55,186.37,186.43,186.23,186.43,52160.0
15:56,186.38,186.44,186.35,186.37,52196.0
15:57,186.21,186.41,186.21,186.39,55930.0
15:58,186.29,186.35,186.17,186.22,127292.0
15:59,186.01,186.29,185.99,186.29,266064.0
