Time,Close,High,Low,Open,Volume
09:30,196.4,196.4,196.4,196.4,217955.0
09:31,196.4,196.4,196.4,196.4,217955.0
09:32,196.4,196.4,196.4,196.4,217955.0
09:33,196.4,196.4,196.4,196.4,217955.0
09:34,196.4,196.4,196.4,196.4,217955.0
09:35,196.4,196.4,196.4,196.4,217955.0
09:36,196.4,196.4,196.4,196.4,217955.0
09:37,196.4,196.4,196.4,196.4,217955.0
09:38,196.4,196.4,196.4,196.4,217955.0
09:39,196.4,196.4,196.4,196.4,217955.0
09:40,196.4,196.4,196.4,196.4,217955.0
09:41,196.4,196.4,196.4,196.4,217955.0
09:42,196.4,196.4,196.4,196.4,217955.0
09:43,196.4,196.4,196.4,196.4,217955.0
09:44,196.4,196.4,196.4,196.4,217955.0
09:45,196.4,196.4,196.4,196.4,217955.0
09:46,196.4,196.4,196.4,196.4,217955.0
09:47,196.4,196.4,196.4,196.4,217955.0
09:48,196.4,196.4,196.4,196.4,217955.0
09:49,196.4,196.4,196.4,196.4,217955.0
09:50,196.4,196.4,196.4,196.4,217955.0
09:51,196.4,196.4,196.4,196.4,217955.0
09:52,196.4,196.4,196.4,196.4,217955.0
09:53,196.4,196.4,196.4,196.4,217955.0
09:54,196.4,196.4,196.4,196.4,217955.0
09:55,196.4,196.4,196.4,196.4,217955.0
09:56,196.4,196.4,196.4,196.4,217955.0
09:57,196.4,196.4,196.4,196.4,217955.0
09:58,196.4,196.4,196.4,196.4,217955.0
09:59,196.4,196.4,196.4,196.4,217955.0
10:00,196.4,196.4,196.4,196.4,217955.0
10:01,196.4,196.4,196.4,196.4,217955.0
10:02,196.4,196.4,196.4,196.4,217955.0
10:03,196.4,196.4,196.4,196.4,217955.0
10:04,196.4,196.4,196.4,196.4,217955.0
10:05,196.4,196.4,196.4,196.4,217955.0
10:06,196.4,196.4,196.4,196.4,217955.0
10:07,196.4,196.4,196.4,196.4,217955.0
10:08,196.4,196.4,196.4,196.4,217955.0
10:09,196.4,196.4,196.4,196.4,217955.0
10:10,196.4,196.4,196.4,196.4,217955.0
10:11,196.4,196.4,196.4,196.4,217955.0
10:12,196.4,196.4,196.4,196.4,217955.0
10:13,196.4,196.4,196.4,196.4,217955.0
10:14,196.4,196.4,196.4,196.4,217955.0
10:15,196.4,196.4,196.4,196.4,217955.0
10:16,196.4,196.4,196.4,196.4,217955.0
10:17,196.4,196.4,196.4,196.4,217955.0
10:18,196.4,196.4,196.4,196.4,217955.0
10:19,196.4,196.4,196.4,196.4,217955.0
10:20,196.4,196.4,196.4,196.4,217955.0
10:21,196.4,196.4,196.4,196.4,217955.0
10:22,196.4,196.4,196.4,196.4,217955.0
10:23,196.4,196.4,196.4,196.4,217955.0
10:24,196.4,196.4,196.4,196.4,217955.0
10:25,196.4,196.4,196.4,196.4,217955.0
10:26,196.4,196.4,196.4,196.4,217955.0
10:27,196.4,196.4,196.4,196.4,217955.0
10:28,196.4,196.4,196.4,196.4,217955.0
10:29,196.4,196.4,196.4,196.4,217955.0
10:30,196.4,196.4,196.4,196.4,217955.0
10:31,196.03,196.14,195.91,196.14,21286.0
10:32,196.28,196.5,195.91,196.01,22005.0
10:33,196.05,196.42,196.05,196.35,14092.0
10:34,196.46,196.46,195.9,196.01,30489.0
10:35,196.52,196.78,196.5,196.58,11220.0
10:36,196.11,196.49,196.08,196.48,9565.0
10:37,196.2,196.35,196.09,196.26,7052.0
10:38,196.84,197.06,196.19,196.19,58609.0
10:39,197.14,197.14,196.82,196.87,19125.0
10:40,197.25,197.3,196.95,197.11,13612.0
10:41,197.02,197.3,196.89,197.25,22791.0
10:42,197.04,197.13,196.87,197.06,14143.0
10:43,197.21,197.21,196.88,197.0,7505.0
10:44,197.33,197.38,197.18,197.24,13393.0
10:45,197.15,197.38,197.15,197.31,10819.0
10:46,196.95,197.16,196.8,197.16,6512.0
10:47,197.0,197.24,196.96,196.96,14087.0
10:48,197.26,197.27,197.01,197.05,9082.0
10:49,197.33,197.33,197.15,197.26,15650.0
10:50,197.37,197.41,197.27,197.34,7987.0
10:51,197.37,197.38,197.28,197.36,10863.0
10:52,197.48,197.57,197.34,197.34,72107.0
10:53,197.61,197.72,197.46,197.48,25465.0
10:54,197.38,197.6,197.35,197.59,49847.0
10:55,197.29,197.38,197.17,197.38,17284.0
10:56,197.66,197.74,197.32,197.32,16338.0
10:57,197.8,197.8,197.53,197.66,14686.0
10:58,197.87,197.87,197.71,197.79,8892.0
10:59,198.0,198.07,197.8,197.84,87240.0
11:00,198.22,198.3,197.99,198.0,41521.0
11:01,198.24,198.32,198.2,198.22,13089.0
11:02,198.11,198.27,198.11,198.27,15301.0
11:03,198.15,198.16,198.03,198.08,11498.0
11:04,198.48,198.55,198.15,198.15,21763.0
11:05,198.41,198.54,198.39,198.48,26379.0
11:06,198.46,198.46,198.28,198.42,21831.0
11:07,198.68,198.74,198.41,198.44,38475.0
11:08,198.77,198.79,198.65,198.68,18961.0
11:09,198.76,198.86,198.5,198.79,59657.0
11:10,198.82,198.86,198.65,198.75,18723.0
11:11,198.85,198.95,198.65,198.82,31452.0
11:12,198.71,198.87,198.7,198.85,29608.0
11:13,198.62,198.75,198.51,198.73,27704.0
11:14,198.66,198.68,198.58,198.62,15639.0
11:15,198.75,198.8,198.63,198.66,44097.0
11:16,198.9,198.93,198.73,198.74,16791.0
11:17,198.96,198.98,198.8,198.9,32241.0
11:18,198.92,198.99,198.71,198.99,19541.0
11:19,199.16,199.17,198.94,198.95,53660.0
11:20,199.19,199.19,199.07,199.12,10840.0
11:21,199.15,199.2,199.12,199.19,11961.0
11:22,199.25,199.3,199.12,199.15,18070.0
11:23,199.23,199.26,199.19,199.2,6248.0
11:24,199.17,199.26,199.05,199.25,12572.0
11:25,199.3,199.32,199.18,199.18,10379.0
11:26,199.15,199.27,199.14,199.27,6243.0
11:27,198.95,199.13,198.93,199.11,23854.0
11:28,199.06,199.06,198.88,198.96,10399.0
11:29,198.99,199.04,198.94,199.04,12917.0
11:30,199.15,199.25,199.01,199.01,14665.0
11:31,199.07,199.13,199.0,199.13,17618.0
11:32,199.09,199.09,199.04,199.09,8438.0
11:33,198.96,199.12,198.95,199.12,23213.0
11:34,198.93,199.2,198.9,199.01,19416.0
11:35,198.77,199.14,198.77,198.96,20182.0
11:36,198.7,198.86,198.66,198.84,13369.0
11:37,199.04,199.07,198.66,198.67,20412.0
11:38,199.01,199.04,198.97,199.04,13092.0
11:39,198.94,198.96,198.81,198.96,41186.0
11:40,199.04,199.05,198.94,198.94,17435.0
11:41,199.04,199.06,198.95,199.04,15777.0
11:42,199.26,199.32,199.05,199.05,16450.0
11:43,199.43,199.43,199.27,199.27,19086.0
11:44,199.32,199.41,199.31,199.41,15139.0
11:45,199.44,199.49,199.3,199.33,22932.0
11:46,199.51,199.55,199.38,199.44,70843.0
11:47,199.52,199.6,199.5,199.51,17742.0
11:48,199.57,199.57,199.49,199.53,15333.0
11:49,199.54,199.63,199.52,199.57,18947.0
11:50,199.4,199.55,199.35,199.54,33129.0
11:51,199.24,199.41,199.24,199.41,11608.0
11:52,199.15,199.31,199.12,199.28,13744.0
11:53,199.01,199.14,199.0,199.12,14038.0
11:54,199.04,199.08,199.01,199.08,9862.0
11:55,198.87,199.12,198.87,199.06,30544.0
11:56,198.88,199.03,198.87,198.87,12174.0
11:57,199.07,199.11,198.89,198.92,12566.0
11:58,198.91,199.06,198.9,199.06,20268.0
11:59,198.98,199.07,198.83,198.88,18948.0
12:00,199.1,199.1,198.94,198.94,10812.0
12:01,199.13,199.24,199.07,199.12,10677.0
12:02,199.11,199.17,199.11,199.16,7988.0
12:03,199.06,199.09,199.0,199.09,13005.0
12:04,199.0,199.07,198.99,199.05,9192.0
12:05,198.97,199.0,198.89,199.0,11183.0
12:06,198.97,199.02,198.94,198.94,8765.0
12:07,199.0,199.01,198.93,198.96,5772.0
12:08,199.03,199.05,198.97,198.99,10100.0
12:09,199.01,199.04,198.99,199.04,5981.0
12:10,198.9,198.98,198.86,198.98,21685.0
12:11,198.87,198.88,198.76,198.87,13230.0
12:12,198.95,199.04,198.87,198.87,16113.0
12:13,198.75,198.95,198.75,198.95,12902.0
12:14,198.81,198.84,198.73,198.76,11243.0
12:15,198.99,199.01,198.93,198.93,9540.0
12:16,198.86,198.99,198.85,198.99,9557.0
12:17,198.73,198.86,198.72,198.85,23661.0
12:18,198.73,198.78,198.69,198.73,9129.0
12:19,198.8,198.82,198.73,198.74,10828.0
12:20,198.75,198.86,198.75,198.82,17503.0
12:21,198.83,198.88,198.7,198.7,8616.0
12:22,198.79,198.85,198.74,198.81,15500.0
12:23,198.86,198.91,198.78,198.78,11101.0
12:24,199.04,199.04,198.84,198.87,16567.0
12:25,199.03,199.09,199.02,199.02,13456.0
12:26,199.01,199.09,199.0,199.04,9994.0
12:27,198.87,199.06,198.87,199.03,12166.0
12:28,199.05,199.05,198.9,198.96,19233.0
12:29,199.13,199.14,199.04,199.04,8829.0
12:30,199.11,199.26,199.11,199.17,19570.0
12:31,199.12,199.15,199.08,199.11,13746.0
12:32,199.12,199.15,199.09,199.15,11464.0
12:33,199.18,199.34,199.12,199.12,18929.0
12:34,199.0,199.21,199.0,199.19,14316.0
12:35,198.82,199.02,198.8,199.02,161260.0
12:36,199.0,199.06,198.87,198.87,16173.0
12:37,198.89,198.98,198.88,198.98,4860.0
12:38,198.85,198.9,198.77,198.9,11106.0
12:39,199.02,199.05,198.83,198.85,25420.0
12:40,198.97,199.1,198.92,199.04,11457.0
12:41,198.97,199.0,198.94,198.99,5312.0
12:42,199.04,199.09,198.95,198.99,16164.0
12:43,199.03,199.07,199.0,199.01,8851.0
12:44,198.94,199.1,198.94,199.09,6660.0
12:45,198.96,199.06,198.96,198.99,12585.0
12:46,199.1,199.12,198.96,198.99,45793.0
12:47,199.18,199.19,198.98,199.12,18856.0
12:48,199.18,199.22,199.16,199.18,13460.0
12:49,199.2,199.26,199.17,199.18,9750.0
12:50,199.36,199.41,199.24,199.24,17370.0
12:51,199.34,199.41,199.3,199.38,25542.0
12:52,199.32,199.35,199.3,199.34,6530.0
12:53,199.43,199.44,199.35,199.35,9444.0
12:54,199.55,199.57,199.45,199.45,14377.0
12:55,199.63,199.63,199.52,199.57,16860.0
12:56,199.6,199.65,199.6,199.63,14594.0
12:57,199.6,199.63,199.56,199.61,12492.0
12:58,199.44,199.59,199.44,199.59,13370.0
12:59,199.52,199.55,199.41,199.44,111158.0
13:00,199.62,199.68,199.51,199.53,28731.0
13:01,199.55,199.63,199.55,199.63,11681.0
13:02,199.48,199.55,199.46,199.54,11650.0
13:03,199.6,199.6,199.5,199.5,4352.0
13:04,199.57,199.62,199.54,199.6,13496.0
13:05,199.48,199.57,199.47,199.57,12657.0
13:06,199.46,199.48,199.4,199.48,11998.0
13:07,199.4,199.46,199.4,199.46,5744.0
13:08,199.26,199.47,199.24,199.43,18813.0
13:09,199.36,199.38,199.29,199.29,9654.0
13:10,199.5,199.5,199.33,199.36,7928.0
13:11,199.49,199.52,199.43,199.48,21094.0
13:12,199.54,199.57,199.46,199.46,15588.0
13:13,199.62,199.62,199.56,199.56,12959.0
13:14,199.56,199.57,199.53,199.56,14468.0
13:15,199.52,199.59,199.46,199.56,16256.0
13:16,199.59,199.62,199.5,199.5,13472.0
13:17,199.59,199.62,199.55,199.6,7820.0
13:18,199.66,199.7,199.55,199.59,11497.0
13:19,199.64,199.75,199.64,199.66,14991.0
13:20,199.7,199.74,199.69,199.69,8811.0
13:21,199.7,199.75,199.68,199.71,9214.0
13:22,199.71,199.74,199.68,199.73,9179.0
13:23,199.66,199.75,199.65,199.74,8776.0
13:24,199.76,199.76,199.68,199.68,6076.0
13:25,199.71,199.76,199.68,199.74,28438.0
13:26,199.75,199.78,199.71,199.71,16436.0
13:27,199.74,199.81,199.74,199.77,14942.0
13:28,199.76,199.76,199.72,199.74,6038.0
13:29,199.81,199.82,199.73,199.76,14474.0
13:30,199.78,199.83,199.78,199.82,6232.0
13:31,199.83,199.87,199.79,199.79,14094.0
13:32,199.78,199.83,199.76,199.81,6813.0
13:33,199.72,199.8,199.72,199.77,10257.0
13:34,199.82,199.82,199.74,199.74,9317.0
13:35,199.92,199.93,199.77,199.81,14944.0
13:36,199.89,199.95,199.85,199.9,9302.0
13:37,199.93,199.99,199.9,199.9,36546.0
13:38,199.83,199.91,199.82,199.91,12722.0
13:39,199.9,199.91,199.82,199.83,11053.0
13:40,199.97,199.99,199.85,199.87,24698.0
13:41,199.98,200.0,199.94,199.95,51265.0
13:42,199.98,200.0,199.95,199.98,38032.0
13:43,200.08,200.15,199.97,199.99,431270.0
13:44,199.86,200.07,199.82,200.07,16322.0
13:45,199.82,199.85,199.62,199.85,27057.0
13:46,199.76,199.85,199.75,199.79,7239.0
13:47,199.77,199.84,199.73,199.75,11423.0
13:48,199.86,200.0,199.84,199.84,14678.0
13:49,199.83,199.87,199.8,199.82,8444.0
13:50,199.86,199.93,199.86,199.89,12551.0
13:51,199.87,199.88,199.83,199.83,7890.0
13:52,199.84,199.88,199.74,199.87,9860.0
13:53,199.85,199.9,199.82,199.86,10651.0
13:54,199.8,199.86,199.76,199.84,17371.0
13:55,199.77,199.79,199.72,199.79,7638.0
13:56,199.82,199.82,199.72,199.74,6014.0
13:57,199.85,199.85,199.79,199.79,3049.0
13:58,199.74,199.85,199.74,199.85,7071.0
13:59,199.71,199.77,199.68,199.75,8548.0
14:00,199.71,199.79,199.67,199.7,8143.0
14:01,199.71,199.74,199.68,199.74,10514.0
14:02,199.66,199.71,199.66,199.68,5384.0
14:03,199.6,199.67,199.57,199.67,15772.0
14:04,199.6,199.63,199.52,199.6,12833.0
14:05,199.67,199.71,199.6,199.6,14363.0
14:06,199.6,199.72,199.59,199.71,10287.0
14:07,199.61,199.63,199.54,199.54,13460.0
14:08,199.57,199.63,199.55,199.61,7815.0
14:09,199.56,199.6,199.54,199.57,7200.0
14:10,199.67,199.72,199.6,199.6,15852.0
14:11,199.61,199.66,199.58,199.66,9826.0
14:12,199.67,199.68,199.6,199.64,12675.0
14:13,199.73,199.76,199.68,199.7,12207.0
14:14,199.83,199.83,199.75,199.75,5405.0
14:15,199.83,199.88,199.8,199.86,14144.0
14:16,199.82,199.85,199.78,199.82,9506.0
14:17,199.9,199.92,199.79,199.82,16580.0
14:18,199.91,199.97,199.89,199.9,11954.0
14:19,199.98,200.0,199.94,199.96,25610.0
14:20,200.12,200.16,199.98,199.98,21677.0
14:21,200.15,200.16,200.12,200.15,8504.0
14:22,200.09,200.27,200.09,200.14,21150.0
14:23,200.11,200.12,200.04,200.08,14820.0
14:24,200.16,200.17,200.05,200.08,10187.0
14:25,200.1,200.13,200.08,200.13,5441.0
14:26,200.06,200.11,200.04,200.1,14488.0
14:27,200.12,200.15,200.0,200.05,28467.0
14:28,200.15,200.21,200.12,200.12,17461.0
14:29,200.14,200.16,200.12,200.15,4447.0
14:30,200.1,200.16,200.06,200.15,30107.0
14:31,199.93,200.09,199.93,200.09,16930.0
14:32,199.9,200.02,199.84,199.94,10023.0
14:33,199.79,199.87,199.79,199.87,6148.0
14:34,200.0,200.04,199.83,199.83,13675.0
14:35,199.98,200.04,199.92,200.02,17340.0
14:36,199.98,200.01,199.96,200.01,10495.0
14:37,199.95,199.96,199.88,199.93,17182.0
14:38,199.9,199.99,199.87,199.97,8739.0
14:39,199.82,199.89,199.82,199.87,8504.0
14:40,199.77,199.87,199.75,199.83,10939.0
14:41,199.69,199.78,199.69,199.78,6639.0
14:42,199.59,199.7,199.58,199.7,12249.0
14:43,199.6,199.64,199.57,199.57,9478.0
14:44,199.48,199.6,199.45,199.6,11394.0
14:45,199.49,199.5,199.44,199.48,6188.0
14:46,199.45,199.47,199.41,199.47,8052.0
14:47,199.48,199.51,199.43,199.45,12528.0
14:48,199.53,199.53,199.47,199.49,6415.0
14:49,199.6,199.64,199.48,199.48,15724.0
14:50,199.69,199.69,199.64,199.65,7807.0
14:51,199.66,199.7,199.64,199.68,8750.0
14:52,199.66,199.68,199.63,199.65,6609.0
14:53,199.64,199.7,199.64,199.66,7069.0
14:54,199.66,199.68,199.62,199.63,4756.0
14:55,199.54,199.63,199.51,199.63,10009.0
14:56,199.53,199.58,199.48,199.58,8967.0
14:57,199.55,199.58,199.52,199.54,7132.0
14:58,199.58,199.6,199.54,199.56,5429.0
14:59,199.55,199.6,199.51,199.55,9861.0
15:00,199.59,199.67,199.54,199.56,21048.0
15:01,199.53,199.6,199.46,199.6,18916.0
15:02,199.41,199.55,199.41,199.55,10630.0
15:03,199.5,199.51,199.38,199.44,31722.0
15:04,199.35,199.5,199.34,199.48,14823.0
15:05,199.22,199.36,199.11,199.36,22365.0
15:06,199.25,199.3,199.16,199.16,7467.0
15:07,199.33,199.34,199.28,199.29,8394.0
15:08,199.22,199.35,199.2,199.35,9752.0
15:09,199.22,199.26,199.2,199.2,5942.0
15:10,199.25,199.26,199.19,199.2,7758.0
15:11,199.24,199.28,199.23,199.23,4794.0
15:12,199.19,199.32,199.19,199.28,11275.0
15:13,199.16,199.21,199.16,199.16,5598.0
15:14,199.16,199.18,199.1,199.14,10211.0
15:15,199.25,199.25,199.1,199.16,9745.0
15:16,199.25,199.31,199.23,199.23,7602.0
15:17,199.27,199.37,199.24,199.24,10412.0
15:18,199.42,199.42,199.3,199.32,9521.0
15:19,199.35,199.44,199.33,199.41,12810.0
15:20,199.49,199.5,199.34,199.36,10378.0
15:21,199.51,199.54,199.48,199.48,5113.0
15:22,199.53,199.56,199.5,199.53,5662.0
15:23,199.68,199.71,199.55,199.55,15051.0
15:24,199.71,199.77,199.68,199.7,12806.0
15:25,199.73,199.78,199.72,199.75,15094.0
15:26,199.6,199.74,199.6,199.71,13506.0
15:27,199.62,199.63,199.6,199.63,10555.0
15:28,199.66,199.67,199.64,199.65,5645.0
15:29,199.75,199.76,199.62,199.67,8737.0
15:30,199.76,199.81,199.71,199.72,11342.0
15:31,199.75,199.77,199.7,199.74,17724.0
15:32,199.8,199.82,199.7,199.74,10958.0
15:33,199.79,199.9,199.7,199.85,16157.0
15:34,199.77,199.82,199.77,199.78,11540.0
15:35,199.76,199.8,199.74,199.79,9344.0
15:36,199.7,199.78,199.7,199.73,14411.0
15:37,199.6,199.76,199.59,199.69,14626.0
15:38,199.61,199.63,199.59,199.59,12932.0
15:39,199.49,199.62,199.45,199.62,11823.0
15:40,199.48,199.56,199.45,199.49,16861.0
15:41,199.57,199.59,199.48,199.48,10919.0
15:42,199.52,199.58,199.48,199.57,10665.0
15:43,199.55,199.56,199.5,199.51,9415.0
15:44,199.51,199.59,199.47,199.55,14751.0
15:45,199.32,199.49,199.32,199.49,8280.0
15:46,199.34,199.4,199.32,199.33,9659.0
15:47,199.32,199.39,199.26,199.35,18409.0
15:48,199.3,199.36,199.29,199.34,11389.0
15:49,199.41,199.44,199.32,199.32,17129.0
15:50,199.38,199.48,199.38,199.43,18516.0
15:51,199.4,199.41,199.33,199.37,13545.0
15:52,199.48,199.48,199.34,199.37,5004.0
15:53,199.4,199.48,199.38,199.48,10054.0
15:54,199.46,199.48,199.39,199.43,14109.0
15:55,199.43,199.49,199.41,199.48,8746.0
15:56,199.35,199.41,199.29,199.41,12240.0
15:57,199.27,199.39,199.27,199.37,11315.0
15:58,199.26,199.29,199.22,199.28,12194.0
15:59,199.0,199.24,199.0,199.23,18439.0
16:00,199.05,199.06,198.9,199.02,26321.0
16:01,198.98,199.04,198.93,199.04,8794.0
16:02,198.96,199.0,198.9,198.99,12519.0
16:03,199.01,199.02,198.96,198.97,17639.0
16:04,199.03,199.03,198.97,198.98,29525.0
16:05,199.0,199.07,198.98,199.02,24732.0
16:06,199.09,199.09,198.99,199.0,12612.0
16:07,199.09,199.1,199.05,199.09,11086.0
16:08,199.15,199.15,199.09,199.1,16881.0
16:09,199.12,199.17,199.12,199.15,15921.0
16:10,199.19,199.23,199.1,199.12,23925.0
16:11,199.13,199.22,199.1,199.19,8994.0
16:12,199.11,199.15,199.05,199.13,9259.0
16:13,199.15,199.17,199.1,199.11,12005.0
16:14,199.2,199.25,199.11,199.11,39078.0
16:15,199.2,199.2,199.1,199.2,14738.0
16:16,199.12,199.23,199.12,199.21,14893.0
16:17,199.07,199.17,199.07,199.14,10817.0
16:18,199.15,199.15,199.05,199.07,15695.0
16:19,199.16,199.19,199.12,199.17,22868.0
16:20,199.12,199.23,199.12,199.13,19048.0
16:21,199.01,199.15,198.98,199.11,35743.0
16:22,199.04,199.05,198.99,198.99,10719.0
16:23,199.03,199.06,198.99,199.02,15016.0
16:24,199.11,199.12,199.01,199.02,19306.0
16:25,199.24,199.27,199.11,199.11,25924.0
16:26,199.27,199.32,199.24,199.25,20268.0
16:27,199.35,199.37,199.25,199.26,21382.0
16:28,199.4,199.43,199.33,199.34,23308.0
16:29,199.35,199.44,199.33,199.39,42665.0
16:30,199.23,199.35,199.13,199.35,38861.0
16:31,199.29,199.32,199.23,199.25,25273.0
16:32,199.3,199.38,199.27,199.3,21009.0
16:33,199.27,199.3,199.19,199.3,24370.0
16:34,199.21,199.43,199.2,199.28,104063.0
16:35,199.32,199.34,199.14,199.21,64195.0
16:36,199.37,199.4,199.33,199.33,18654.0
16:37,199.33,199.46,199.33,199.4,15535.0
16:38,199.24,199.35,199.24,199.34,29151.0
16:39,199.34,199.35,199.24,199.24,18381.0
16:40,199.35,199.37,199.27,199.34,28746.0
16:41,199.34,199.38,199.33,199.35,24841.0
16:42,199.4,199.49,199.34,199.36,36551.0
16:43,199.37,199.41,199.35,199.38,14646.0
16:44,199.33,199.42,199.33,199.36,37047.0
16:45,199.21,199.32,199.18,199.31,36030.0
16:46,199.0,199.26,198.96,199.22,51886.0
16:47,199.0,199.11,198.99,199.01,49385.0
16:48,198.72,199.07,198.68,198.99,77102.0
16:49,198.51,198.76,198.42,198.74,74296.0
16:50,198.86,198.86,198.51,198.52,55538.0
16:51,198.84,198.94,198.82,198.87,51582.0
16:52,198.93,198.96,198.79,198.84,52028.0
16:53,198.71,198.95,198.7,198.94,55540.0
16:54,198.84,198.91,198.71,198.71,51111.0
16:55,199.04,199.06,198.84,198.85,85225.0
16:56,199.23,199.27,198.99,199.03,102981.0
16:57,199.38,199.55,199.04,199.24,178229.0
16:58,199.39,199.45,199.28,199.4,153875.0
16:59,199.56,199.66,199.09,199.36,566756.0
