Time,Close,High,Low,Open,Volume
09:30,189.91,190.37,189.76,190.0,180965.0
09:31,190.43,190.61,189.73,189.9,16023.0
09:32,190.48,190.53,190.11,190.53,16956.0
09:33,190.45,190.62,190.24,190.59,6796.0
09:34,190.41,190.62,190.32,190.62,15149.0
09:35,190.64,190.81,190.52,190.57,9686.0
09:36,190.9,191.02,190.74,190.74,24984.0
09:37,190.74,191.02,190.74,190.98,20387.0
09:38,190.6,190.77,190.58,190.72,2356.0
09:39,190.45,190.59,190.45,190.59,5397.0
09:40,190.39,190.46,190.33,190.43,3934.0
09:41,190.45,190.65,190.41,190.47,15415.0
09:42,190.7,190.74,190.46,190.48,11231.0
09:43,190.77,190.86,190.6,190.77,19794.0
09:44,190.83,190.9,190.76,190.82,13849.0
09:45,191.01,191.02,190.83,190.88,34536.0
09:46,190.89,191.01,190.84,190.97,9503.0
09:47,190.64,190.83,190.49,190.83,19616.0
09:48,191.01,191.11,190.68,190.68,41219.0
09:49,191.11,191.24,191.01,191.04,15931.0
09:50,191.21,191.23,191.12,191.14,15594.0
09:51,191.39,191.42,191.23,191.26,12042.0
09:52,191.18,191.43,191.15,191.36,22890.0
09:53,191.07,191.28,191.02,191.23,45854.0
09:54,190.78,191.01,190.77,191.01,19736.0
09:55,190.76,190.81,190.71,190.75,19302.0
09:56,190.92,190.99,190.76,190.76,15004.0
09:57,190.95,191.05,190.85,190.9,9180.0
09:58,190.98,191.08,190.88,190.9,13533.0
09:59,191.26,191.29,190.91,190.96,15443.0
10:00,191.28,191.37,191.15,191.31,29051.0
10:01,191.34,191.44,191.22,191.26,19296.0
10:02,191.45,191.48,191.33,191.38,32452.0
10:03,191.32,191.45,191.19,191.41,37509.0
10:04,191.14,191.3,191.1,191.3,21615.0
10:05,191.4,191.4,191.15,191.2,14019.0
10:06,191.36,191.47,191.36,191.45,21762.0
10:07,191.13,191.38,191.13,191.38,27555.0
10:08,191.27,191.32,191.13,191.19,16380.0
10:09,191.29,191.33,191.22,191.26,16114.0
10:10,191.32,191.4,191.27,191.29,15373.0
10:11,191.23,191.32,191.21,191.32,15464.0
10:12,191.29,191.32,191.17,191.22,19388.0
10:13,191.56,191.57,191.27,191.29,31108.0
10:14,191.71,191.73,191.51,191.55,10237.0
10:15,191.7,191.71,191.53,191.71,14906.0
10:16,191.82,191.83,191.66,191.68,26798.0
10:17,191.96,191.98,191.75,191.75,17350.0
10:18,191.76,191.96,191.7,191.92,15191.0
10:19,191.68,191.81,191.66,191.71,12616.0
10:20,191.65,191.68,191.61,191.65,9832.0
10:21,191.66,191.81,191.6,191.65,24012.0
10:22,191.62,191.7,191.48,191.69,14561.0
10:23,191.62,191.66,191.52,191.66,23836.0
10:24,191.77,191.8,191.59,191.62,9043.0
10:25,191.73,191.76,191.66,191.76,16967.0
10:26,191.9,191.9,191.74,191.76,9624.0
10:27,191.93,191.97,191.88,191.91,11860.0
10:28,191.9,192.1,191.85,191.91,74813.0
10:29,191.76,191.85,191.68,191.85,26747.0
10:30,191.62,191.81,191.56,191.78,13294.0
10:31,191.76,191.78,191.62,191.62,27293.0
10:32,191.81,191.84,191.68,191.76,9966.0
10:33,191.65,191.8,191.57,191.8,7605.0
10:34,191.66,191.69,191.62,191.62,5896.0
10:35,191.66,191.75,191.62,191.65,11035.0
10:36,191.69,191.71,191.65,191.65,8725.0
10:37,191.62,191.71,191.6,191.71,12747.0
10:38,191.55,191.62,191.48,191.6,13990.0
10:39,191.58,191.6,191.5,191.55,12489.0
10:40,191.54,191.58,191.5,191.58,9819.0
10:41,191.8,191.82,191.46,191.51,10466.0
10:42,191.79,191.83,191.75,191.82,15558.0
10:43,191.68,191.75,191.59,191.75,18059.0
10:44,191.76,191.83,191.67,191.67,9607.0
10:45,191.56,191.8,191.56,191.77,18420.0
10:46,191.65,191.66,191.51,191.58,11950.0
10:47,191.54,191.67,191.52,191.64,8838.0
10:48,191.54,191.57,191.46,191.54,5256.0
10:49,191.45,191.54,191.42,191.54,4845.0
10:50,191.19,191.47,191.15,191.42,50518.0
10:51,191.0,191.18,190.98,191.16,34692.0
10:52,190.99,191.09,190.99,191.02,12609.0
10:53,190.98,191.05,190.95,190.97,14113.0
10:54,191.01,191.02,190.92,190.98,14407.0
10:55,191.21,191.21,191.01,191.01,25041.0
10:56,191.16,191.3,191.13,191.23,13917.0
10:57,191.17,191.24,191.15,191.19,5297.0
10:58,191.12,191.15,191.1,191.15,8659.0
10:59,191.16,191.17,191.12,191.12,12867.0
11:00,191.11,191.18,191.07,191.15,8779.0
11:01,190.95,191.11,190.92,191.1,11121.0
11:02,191.07,191.07,190.92,190.95,6721.0
11:03,191.26,191.28,191.04,191.05,12080.0
11:04,191.17,191.26,191.14,191.26,20833.0
11:05,191.03,191.14,191.01,191.14,7087.0
11:06,191.01,191.03,190.99,191.03,5463.0
11:07,190.93,191.02,190.81,191.02,26974.0
11:08,191.02,191.02,190.92,190.93,7304.0
11:09,191.01,191.05,190.98,191.02,7359.0
11:10,191.08,191.08,190.98,190.98,10380.0
11:11,191.18,191.22,191.07,191.08,16527.0
11:12,191.13,191.18,191.13,191.18,7042.0
11:13,191.12,191.12,191.03,191.1,10691.0
11:14,191.08,191.18,191.08,191.13,6333.0
11:15,190.96,191.05,190.96,191.05,6626.0
11:16,191.0,191.02,190.95,190.99,15835.0
11:17,191.15,191.15,191.0,191.01,10441.0
11:18,191.12,191.17,191.08,191.13,12411.0
11:19,191.1,191.15,191.09,191.12,5893.0
11:20,191.0,191.09,190.98,191.09,13209.0
11:21,191.03,191.06,190.98,191.01,10540.0
11:22,191.09,191.09,191.0,191.03,11012.0
11:23,191.0,191.08,191.0,191.08,3507.0
11:24,191.02,191.04,190.92,191.01,7328.0
11:25,191.16,191.2,191.04,191.04,10360.0
11:26,191.13,191.18,191.11,191.16,10496.0
11:27,190.99,191.13,190.99,191.13,7684.0
11:28,191.0,191.05,190.96,191.03,8417.0
11:29,190.89,190.99,190.89,190.99,9691.0
11:30,190.89,190.93,190.87,190.89,10808.0
11:31,190.74,190.87,190.71,190.87,6331.0
11:32,190.8,190.88,190.71,190.74,14717.0
11:33,190.66,190.75,190.66,190.75,9241.0
11:34,190.74,190.74,190.59,190.66,8036.0
11:35,190.81,190.81,190.64,190.71,16517.0
11:36,190.71,190.77,190.71,190.77,6133.0
11:37,190.74,190.77,190.71,190.71,5896.0
11:38,190.76,190.78,190.65,190.73,10364.0
11:39,190.72,190.78,190.71,190.75,7523.0
11:40,190.78,190.82,190.68,190.69,21051.0
11:41,190.84,190.89,190.79,190.81,14077.0
11:42,190.86,190.91,190.82,190.82,20262.0
11:43,190.89,190.95,190.85,190.87,15116.0
11:44,190.95,190.98,190.86,190.87,17089.0
11:45,191.02,191.02,190.96,190.96,13629.0
11:46,190.86,191.03,190.84,191.0,15309.0
11:47,190.9,190.91,190.82,190.84,9594.0
11:48,190.96,190.97,190.9,190.9,6604.0
11:49,191.04,191.04,190.93,190.96,6824.0
11:50,191.18,191.18,191.04,191.04,7605.0
11:51,191.19,191.23,191.1,191.15,59664.0
11:52,191.11,191.17,190.96,191.17,41314.0
11:53,191.06,191.12,191.06,191.11,7012.0
11:54,191.02,191.09,191.0,191.04,12250.0
11:55,191.03,191.03,190.99,191.01,4972.0
11:56,191.09,191.09,191.01,191.02,5611.0
11:57,191.05,191.09,191.0,191.09,8264.0
11:58,191.02,191.05,191.02,191.02,6158.0
11:59,191.09,191.11,191.04,191.04,9319.0
12:00,191.13,191.15,191.02,191.07,6940.0
12:01,191.15,191.17,191.12,191.12,6598.0
12:02,191.23,191.27,191.18,191.19,15708.0
12:03,191.26,191.32,191.23,191.23,5024.0
12:04,191.19,191.28,191.19,191.27,7640.0
12:05,191.16,191.23,191.14,191.23,3480.0
12:06,191.05,191.13,191.04,191.13,3590.0
12:07,191.12,191.16,191.04,191.04,6833.0
12:08,191.1,191.12,191.05,191.12,9074.0
12:09,191.18,191.23,191.11,191.12,13844.0
12:10,191.09,191.18,191.08,191.18,14411.0
12:11,191.04,191.07,191.02,191.07,5359.0
12:12,190.92,191.05,190.9,191.05,9930.0
12:13,190.93,190.95,190.89,190.92,42390.0
12:14,190.83,190.96,190.83,190.93,7006.0
12:15,190.8,190.88,190.79,190.85,7266.0
12:16,190.92,190.92,190.8,190.8,13925.0
12:17,191.05,191.06,190.93,190.94,8870.0
12:18,191.06,191.09,191.01,191.08,5980.0
12:19,191.05,191.09,191.04,191.06,6028.0
12:20,191.03,191.05,191.0,191.05,7563.0
12:21,191.02,191.05,190.99,191.05,8278.0
12:22,191.01,191.01,190.95,191.01,14109.0
12:23,191.01,191.05,191.0,191.01,4070.0
12:24,191.02,191.04,190.99,191.01,4032.0
12:25,191.1,191.11,190.99,191.03,9809.0
12:26,191.17,191.19,191.08,191.11,6203.0
12:27,191.17,191.23,191.17,191.18,7675.0
12:28,191.17,191.2,191.11,191.16,7365.0
12:29,191.16,191.16,191.13,191.15,5266.0
12:30,191.19,191.21,191.13,191.13,4507.0
12:31,191.28,191.29,191.17,191.19,18149.0
12:32,191.28,191.28,191.2,191.26,4938.0
12:33,191.3,191.35,191.3,191.31,6627.0
12:34,191.3,191.33,191.27,191.31,4722.0
12:35,191.3,191.31,191.27,191.28,2864.0
12:36,191.27,191.3,191.24,191.3,3988.0
12:37,191.3,191.32,191.27,191.27,8611.0
12:38,191.3,191.31,191.23,191.3,6219.0
12:39,191.26,191.3,191.24,191.29,4841.0
12:40,191.24,191.26,191.19,191.25,12850.0
12:41,191.28,191.28,191.22,191.24,3709.0
12:42,191.26,191.26,191.21,191.26,4073.0
12:43,191.25,191.25,191.21,191.24,3270.0
12:44,191.21,191.25,191.19,191.23,4609.0
12:45,191.2,191.21,191.16,191.18,6458.0
12:46,191.2,191.23,191.17,191.2,3046.0
12:47,191.19,191.21,191.18,191.21,5042.0
12:48,191.23,191.23,191.18,191.18,6629.0
12:49,191.21,191.22,191.2,191.21,2994.0
12:50,191.18,191.22,191.17,191.22,2705.0
12:51,191.18,191.18,191.15,191.17,3652.0
12:52,191.13,191.19,191.13,191.17,5784.0
12:53,191.19,191.19,191.13,191.13,6595.0
12:54,191.12,191.21,191.1,191.15,13450.0
12:55,191.13,191.14,191.12,191.12,3703.0
12:56,191.19,191.19,191.13,191.15,3875.0
12:57,191.15,191.19,191.08,191.19,10234.0
12:58,191.15,191.15,191.12,191.15,4453.0
12:59,191.16,191.17,191.09,191.13,9743.0
13:00,191.13,191.16,191.12,191.16,3923.0
13:01,191.02,191.12,191.01,191.12,3754.0
13:02,190.99,191.06,190.99,191.06,6204.0
13:03,190.97,191.0,190.92,190.99,5499.0
13:04,190.88,190.94,190.84,190.94,3619.0
13:05,190.85,190.89,190.8,190.89,11283.0
13:06,190.95,190.95,190.85,190.85,5395.0
13:07,191.07,191.07,190.95,190.96,13248.0
13:08,191.15,191.15,191.01,191.04,5813.0
13:09,191.18,191.21,191.12,191.13,13614.0
13:10,191.2,191.21,191.16,191.18,5007.0
13:11,191.28,191.28,191.21,191.21,6382.0
13:12,191.3,191.34,191.25,191.31,14159.0
13:13,191.27,191.3,191.24,191.29,7069.0
13:14,191.25,191.28,191.23,191.28,5726.0
13:15,191.14,191.24,191.14,191.24,5906.0
13:16,191.2,191.24,191.17,191.17,4588.0
13:17,191.21,191.24,191.2,191.22,5093.0
13:18,191.2,191.23,191.19,191.19,3559.0
13:19,191.26,191.29,191.22,191.22,9377.0
13:20,191.24,191.28,191.2,191.26,8020.0
13:21,191.25,191.27,191.2,191.25,4952.0
13:22,191.2,191.25,191.19,191.24,5632.0
13:23,191.15,191.2,191.14,191.19,8289.0
13:24,191.19,191.24,191.15,191.16,6001.0
13:25,191.21,191.23,191.16,191.19,5899.0
13:26,191.27,191.27,191.2,191.22,5209.0
13:27,191.26,191.28,191.26,191.27,3857.0
13:28,191.18,191.25,191.17,191.25,4435.0
13:29,191.16,191.21,191.08,191.19,14645.0
13:30,191.18,191.2,191.13,191.13,3634.0
13:31,191.19,191.24,191.18,191.18,7078.0
13:32,191.19,191.21,191.15,191.21,5701.0
13:33,191.18,191.27,191.18,191.2,9549.0
13:34,191.13,191.17,191.1,191.16,17163.0
13:35,191.15,191.16,191.1,191.11,5210.0
13:36,191.08,191.13,191.08,191.13,5251.0
13:37,190.9,191.06,190.9,191.06,10759.0
13:38,190.75,190.9,190.72,190.89,21074.0
13:39,190.78,190.79,190.62,190.77,12596.0
13:40,190.77,190.77,190.68,190.74,9932.0
13:41,190.79,190.79,190.7,190.76,8983.0
13:42,190.72,190.76,190.7,190.73,7363.0
13:43,190.7,190.72,190.67,190.72,5666.0
13:44,190.79,190.8,190.68,190.68,7215.0
13:45,190.71,190.77,190.71,190.77,6268.0
13:46,190.72,190.72,190.65,190.66,8305.0
13:47,190.76,190.77,190.68,190.7,7139.0
13:48,190.74,190.78,190.7,190.78,8915.0
13:49,190.71,190.71,190.67,190.68,7519.0
13:50,190.79,190.79,190.68,190.71,5597.0
13:51,190.77,190.8,190.74,190.77,5802.0
13:52,190.74,190.78,190.74,190.75,5126.0
13:53,190.65,190.77,190.64,190.75,9505.0
13:54,190.58,190.65,190.55,190.64,11877.0
13:55,190.59,190.65,190.56,190.56,9920.0
13:56,190.6,190.61,190.56,190.57,5818.0
13:57,190.59,190.62,190.57,190.61,6112.0
13:58,190.59,190.59,190.51,190.58,8222.0
13:59,190.63,190.63,190.55,190.57,6608.0
14:00,190.58,190.64,190.55,190.59,13818.0
14:01,190.54,190.59,190.51,190.55,13178.0
14:02,190.63,190.63,190.49,190.51,8658.0
14:03,190.59,190.6,190.54,190.6,10037.0
14:04,190.49,190.6,190.49,190.58,7951.0
14:05,190.52,190.54,190.49,190.49,4408.0
14:06,190.52,190.52,190.48,190.52,4362.0
14:07,190.51,190.52,190.41,190.48,8123.0
14:08,190.57,190.58,190.49,190.51,6330.0
14:09,190.6,190.61,190.56,190.58,6296.0
14:10,190.59,190.62,190.56,190.61,5291.0
14:11,190.63,190.65,190.56,190.56,18986.0
14:12,190.55,190.65,190.55,190.64,11118.0
14:13,190.52,190.57,190.49,190.57,3840.0
14:14,190.51,190.52,190.51,190.51,3448.0
14:15,190.59,190.59,190.51,190.51,5967.0
14:16,190.58,190.6,190.58,190.6,4527.0
14:17,190.59,190.59,190.58,190.59,3719.0
14:18,190.6,190.61,190.57,190.6,2379.0
14:19,190.6,190.62,190.59,190.6,3930.0
14:20,190.55,190.62,190.55,190.62,5572.0
14:21,190.46,190.56,190.46,190.55,3072.0
14:22,190.49,190.51,190.47,190.47,6717.0
14:23,190.45,190.49,190.45,190.48,6156.0
14:24,190.47,190.5,190.46,190.46,4770.0
14:25,190.51,190.53,190.46,190.46,4600.0
14:26,190.5,190.51,190.47,190.51,5203.0
14:27,190.46,190.52,190.46,190.51,9455.0
14:28,190.46,190.48,190.45,190.46,5529.0
14:29,190.51,190.52,190.45,190.45,11951.0
14:30,190.55,190.55,190.45,190.51,11143.0
14:31,190.57,190.6,190.55,190.57,5003.0
14:32,190.58,190.61,190.55,190.55,5395.0
14:33,190.65,190.69,190.57,190.57,13579.0
14:34,190.7,190.72,190.65,190.65,3756.0
14:35,190.72,190.73,190.68,190.72,5218.0
14:36,190.74,190.75,190.7,190.75,6016.0
14:37,190.72,190.73,190.71,190.73,3113.0
14:38,190.71,190.73,190.7,190.71,4986.0
14:39,190.72,190.73,190.69,190.71,8840.0
14:40,190.76,190.79,190.73,190.73,5337.0
14:41,190.76,190.78,190.76,190.77,8888.0
14:42,190.68,190.75,190.68,190.75,6401.0
14:43,190.71,190.74,190.66,190.68,5022.0
14:44,190.73,190.74,190.7,190.71,4418.0
14:45,190.69,190.74,190.69,190.74,6231.0
14:46,190.66,190.69,190.64,190.68,5040.0
14:47,190.62,190.66,190.62,190.66,8793.0
14:48,190.65,190.67,190.62,190.62,5796.0
14:49,190.55,190.62,190.54,190.62,8425.0
14:50,190.54,190.56,190.5,190.56,5584.0
14:51,190.56,190.6,190.53,190.53,14113.0
14:52,190.54,190.55,190.51,190.55,9645.0
14:53,190.6,190.6,190.54,190.54,4464.0
14:54,190.58,190.61,190.56,190.6,4443.0
14:55,190.54,190.58,190.52,190.58,6934.0
14:56,190.45,190.54,190.45,190.54,4135.0
14:57,190.5,190.5,190.45,190.45,5199.0
14:58,190.4,190.48,190.38,190.48,12379.0
14:59,190.46,190.46,190.42,190.44,8082.0
15:00,190.49,190.5,190.43,190.46,8715.0
15:01,190.49,190.51,190.44,190.51,15606.0
15:02,190.46,190.49,190.43,190.49,11174.0
15:03,190.47,190.49,190.45,190.47,5652.0
15:04,190.51,190.52,190.48,190.48,8359.0
15:05,190.51,190.55,190.49,190.53,15852.0
15:06,190.51,190.51,190.48,190.49,5853.0
15:07,190.57,190.58,190.5,190.53,25759.0
15:08,190.57,190.61,190.55,190.57,17155.0
15:09,190.57,190.6,190.57,190.58,6385.0
15:10,190.49,190.55,190.46,190.55,13059.0
15:11,190.49,190.51,190.47,190.49,10133.0
15:12,190.61,190.61,190.5,190.5,5932.0
15:13,190.58,190.67,190.55,190.61,34245.0
15:14,190.55,190.62,190.55,190.59,16736.0
15:15,190.58,190.6,190.51,190.57,23382.0
15:16,190.54,190.63,190.54,190.6,7962.0
15:17,190.55,190.59,190.52,190.52,7730.0
15:18,190.53,190.55,190.51,190.53,11437.0
15:19,190.54,190.54,190.49,190.53,5330.0
15:20,190.57,190.58,190.54,190.55,9797.0
15:21,190.6,190.62,190.57,190.59,8171.0
15:22,190.6,190.6,190.57,190.59,8769.0
15:23,190.55,190.6,190.55,190.58,6493.0
15:24,190.58,190.58,190.54,190.57,6957.0
15:25,190.56,190.6,190.53,190.6,19648.0
15:26,190.54,190.57,190.52,190.55,10693.0
15:27,190.6,190.6,190.51,190.52,13832.0
15:28,190.57,190.6,190.57,190.6,13765.0
15:29,190.63,190.63,190.57,190.57,14553.0
15:30,190.54,190.63,190.54,190.63,19591.0
15:31,190.57,190.58,190.55,190.55,10345.0
15:32,190.59,190.6,190.57,190.57,11178.0
15:33,190.68,190.69,190.6,190.6,14058.0
15:34,190.72,190.75,190.65,190.68,14894.0
15:35,190.7,190.74,190.68,190.71,15052.0
15:36,190.71,190.73,190.68,190.69,11942.0
15:37,190.74,190.74,190.69,190.7,12201.0
15:38,190.8,190.82,190.74,190.74,11314.0
15:39,190.8,190.8,190.76,190.79,20446.0
15:40,190.85,190.89,190.8,190.82,16424.0
15:41,190.89,190.91,190.86,190.86,13404.0
15:42,190.85,190.9,190.8,190.9,14757.0
15:43,190.84,190.85,190.79,190.85,17079.0
15:44,190.83,190.84,190.79,190.84,15016.0
15:45,190.8,190.83,190.79,190.83,17344.0
15:46,190.76,190.8,190.72,190.8,18441.0
15:47,190.73,190.8,190.73,190.76,17474.0
15:48,190.64,190.73,190.6,190.73,24238.0
15:49,190.57,190.66,190.55,190.63,24240.0
15:50,190.76,190.76,190.5,190.56,36807.0
15:51,190.84,190.9,190.72,190.75,48406.0
15:52,190.77,190.84,190.76,190.84,31795.0
15:53,190.92,190.94,190.76,190.76,40318.0
15:54,190.88,190.93,190.82,190.92,56891.0
15:55,191.06,191.06,190.87,190.88,76205.0
15:56,191.15,191.16,191.04,191.07,65975.0
15:57,190.96,191.16,190.95,191.16,99751.0
15:58,190.93,190.99,190.83,190.98,115081.0
15:59,191.06,191.1,190.91,190.93,178322.0
