Time,Close,High,Low,Open,Volume
09:30,27.52,27.6,27.45,27.54,79900.0
09:31,27.38,27.5,27.28,27.5,22904.0
09:32,27.63,27.66,27.41,27.42,10325.0
09:33,27.69,27.73,27.63,27.66,9349.0
09:34,27.59,27.65,27.58,27.65,4648.0
09:35,27.5,27.64,27.49,27.59,15775.0
09:36,27.47,27.5,27.43,27.5,7656.0
09:37,27.43,27.5,27.41,27.45,22470.0
09:38,27.4,27.46,27.36,27.46,11253.0
09:39,27.53,27.55,27.41,27.41,16523.0
09:40,27.46,27.49,27.42,27.49,7191.0
09:41,27.49,27.49,27.42,27.46,8777.0
09:42,27.54,27.57,27.5,27.51,10280.0
09:43,27.47,27.52,27.45,27.52,5037.0
09:44,27.46,27.47,27.4,27.44,14531.0
09:45,27.55,27.56,27.35,27.44,28527.0
09:46,27.55,27.58,27.52,27.54,9353.0
09:47,27.59,27.6,27.53,27.56,10532.0
09:48,27.59,27.64,27.56,27.58,11893.0
09:49,27.64,27.65,27.59,27.6,8086.0
09:50,27.55,27.66,27.52,27.65,11725.0
09:51,27.58,27.61,27.53,27.56,27405.0
09:52,27.65,27.65,27.57,27.58,13308.0
09:53,27.66,27.71,27.63,27.63,13156.0
09:54,27.6,27.64,27.58,27.64,8897.0
09:55,27.56,27.59,27.56,27.59,13470.0
09:56,27.73,27.73,27.58,27.58,14363.0
09:57,27.75,27.76,27.71,27.72,6973.0
09:58,27.81,27.83,27.69,27.73,18216.0
09:59,27.96,27.98,27.82,27.82,38286.0
10:00,28.02,28.02,27.89,27.95,15348.0
10:01,27.98,28.1,27.98,27.99,44503.0
10:02,27.95,27.99,27.92,27.98,8801.0
10:03,28.0,28.06,27.95,27.95,26787.0
10:04,28.03,28.03,27.96,28.01,8882.0
10:05,28.05,28.06,28.0,28.03,41086.0
10:06,28.1,28.1,28.01,28.03,12207.0
10:07,28.16,28.16,28.08,28.11,26334.0
10:08,28.06,28.16,28.03,28.13,25686.0
10:09,27.99,28.06,27.98,28.06,16526.0
10:10,28.0,28.0,27.88,27.96,13691.0
10:11,27.95,28.05,27.94,28.02,9677.0
10:12,28.08,28.08,27.96,27.96,6661.0
10:13,28.05,28.09,28.01,28.08,11638.0
10:14,28.12,28.13,28.04,28.05,15585.0
10:15,28.13,28.15,28.1,28.11,8373.0
10:16,28.19,28.19,28.15,28.15,17209.0
10:17,28.19,28.23,28.18,28.2,14602.0
10:18,28.09,28.2,28.08,28.19,26334.0
10:19,28.01,28.1,27.98,28.09,10767.0
10:20,28.03,28.03,27.98,28.0,10380.0
10:21,28.01,28.07,28.0,28.0,12316.0
10:22,28.0,28.02,27.98,27.99,6288.0
10:23,27.98,28.01,27.97,28.01,7681.0
10:24,28.0,28.03,27.98,27.98,6780.0
10:25,28.01,28.03,27.98,28.01,9648.0
10:26,27.91,28.01,27.91,28.0,8546.0
10:27,27.92,27.93,27.91,27.92,3108.0
10:28,27.91,27.92,27.85,27.92,7582.0
10:29,27.9,27.95,27.9,27.92,5661.0
10:30,27.95,27.97,27.89,27.89,4443.0
10:31,27.97,27.98,27.94,27.95,12264.0
10:32,27.99,28.03,27.98,27.98,20665.0
10:33,27.98,28.01,27.95,28.01,7906.0
10:34,28.02,28.03,27.99,27.99,10457.0
10:35,28.02,28.03,27.98,28.03,9265.0
10:36,28.03,28.03,28.01,28.02,5069.0
10:37,28.02,28.05,28.01,28.04,6296.0
10:38,28.01,28.04,28.0,28.02,4837.0
10:39,27.94,28.01,27.91,28.01,12722.0
10:40,27.98,28.01,27.94,27.94,7628.0
10:41,28.02,28.03,27.97,27.97,7472.0
10:42,28.0,28.01,27.99,27.99,2597.0
10:43,27.96,28.02,27.94,28.02,2521.0
10:44,27.98,28.0,27.97,27.97,363005.0
10:45,27.91,27.97,27.87,27.97,1.0
10:46,27.9,27.93,27.88,27.91,11913.0
10:47,27.88,27.92,27.88,27.9,10476.0
10:48,27.87,27.9,27.84,27.88,25030.0
10:49,27.87,27.87,27.81,27.85,9011.0
10:50,27.82,27.87,27.82,27.87,2808.0
10:51,27.74,27.82,27.71,27.82,15327.0
10:52,27.75,27.8,27.73,27.75,8534.0
10:53,27.73,27.78,27.71,27.77,5301.0
10:54,27.76,27.78,27.74,27.74,12644.0
10:55,27.7,27.77,27.68,27.75,6524.0
10:56,27.65,27.72,27.64,27.71,6990.0
10:57,27.63,27.66,27.63,27.65,4149.0
10:58,27.59,27.63,27.56,27.63,17635.0
10:59,27.66,27.66,27.59,27.59,4684.0
11:00,27.69,27.69,27.63,27.64,2936.0
11:01,27.71,27.72,27.67,27.67,13469.0
11:02,27.65,27.68,27.63,27.68,10730.0
11:03,27.61,27.66,27.59,27.64,442205.0
11:04,27.58,27.62,27.58,27.61,1.0
11:05,27.59,27.63,27.59,27.6,9189.0
11:06,27.54,27.59,27.54,27.58,6650.0
11:07,27.6,27.61,27.53,27.53,3768.0
11:08,27.63,27.63,27.57,27.61,15683.0
11:09,27.57,27.64,27.56,27.64,27169.0
11:10,27.56,27.59,27.54,27.57,15758.0
11:11,27.55,27.56,27.52,27.55,11259.0
11:12,27.48,27.54,27.47,27.54,64315.0
11:13,27.5,27.5,27.47,27.49,27890.0
11:14,27.52,27.53,27.51,27.52,4640.0
11:15,27.49,27.53,27.49,27.51,10791.0
11:16,27.49,27.49,27.46,27.48,4552.0
11:17,27.5,27.52,27.47,27.51,6272.0
11:18,27.51,27.51,27.5,27.5,2852.0
11:19,27.49,27.5,27.46,27.5,21418.0
11:20,27.5,27.54,27.47,27.47,5182.0
11:21,27.49,27.53,27.49,27.51,4652.0
11:22,27.45,27.5,27.43,27.49,57605.0
11:23,27.4,27.48,27.4,27.45,31923.0
11:24,27.34,27.38,27.33,27.38,19784.0
11:25,27.31,27.34,27.31,27.31,10890.0
11:26,27.35,27.35,27.28,27.3,14450.0
11:27,27.41,27.44,27.34,27.35,6310.0
11:28,27.4,27.46,27.4,27.43,8532.0
11:29,27.4,27.42,27.37,27.41,11428.0
11:30,27.48,27.48,27.41,27.42,559900.0
11:31,27.41,27.47,27.41,27.47,1.0
11:32,27.48,27.48,27.42,27.42,4308.0
11:33,27.43,27.47,27.43,27.45,2856.0
11:34,27.41,27.44,27.41,27.43,5245.0
11:35,27.37,27.4,27.37,27.4,6843.0
11:36,27.29,27.36,27.28,27.36,13418.0
11:37,27.28,27.31,27.27,27.29,13693.0
11:38,27.3,27.3,27.28,27.28,3937.0
11:39,27.31,27.33,27.3,27.3,8319.0
11:40,27.22,27.31,27.2,27.31,37060.0
11:41,27.22,27.23,27.2,27.23,8981.0
11:42,27.3,27.33,27.23,27.23,8257.0
11:43,27.3,27.31,27.27,27.3,4817.0
11:44,27.32,27.32,27.3,27.31,4799.0
11:45,27.31,27.33,27.27,27.33,5955.0
11:46,27.37,27.39,27.32,27.32,11765.0
11:47,27.35,27.36,27.34,27.35,2864.0
11:48,27.33,27.34,27.32,27.34,4458.0
11:49,27.33,27.34,27.33,27.33,6324.0
11:50,27.32,27.33,27.32,27.32,5587.0
11:51,27.34,27.34,27.22,27.32,32110.0
11:52,27.32,27.32,27.31,27.32,3281.0
11:53,27.35,27.35,27.34,27.35,2022.0
11:54,27.38,27.39,27.33,27.36,5711.0
11:55,27.34,27.39,27.34,27.39,2287.0
11:56,27.38,27.4,27.38,27.39,5673.0
11:57,27.38,27.4,27.35,27.37,14731.0
11:58,27.34,27.38,27.34,27.38,2477.0
11:59,27.35,27.36,27.34,27.34,1282.0
12:00,27.43,27.47,27.36,27.36,10778.0
12:01,27.46,27.48,27.43,27.43,7890.0
12:02,27.43,27.47,27.43,27.45,4843.0
12:03,27.41,27.43,27.38,27.43,12823.0
12:04,27.35,27.41,27.35,27.41,5559.0
12:05,27.31,27.35,27.3,27.32,8300.0
12:06,27.37,27.39,27.24,27.32,9015.0
12:07,27.33,27.35,27.32,27.35,4394.0
12:08,27.29,27.34,27.28,27.34,4738.0
12:09,27.34,27.36,27.3,27.3,5547.0
12:10,27.33,27.33,27.3,27.32,5300.0
12:11,27.36,27.36,27.33,27.33,453.0
12:12,27.32,27.38,27.32,27.37,6169.0
12:13,27.27,27.3,27.27,27.29,4034.0
12:14,27.28,27.29,27.27,27.29,4417.0
12:15,27.26,27.27,27.21,27.27,6041.0
12:16,27.26,27.26,27.24,27.24,6922.0
12:17,27.26,27.3,27.26,27.28,4018.0
12:18,27.28,27.3,27.26,27.26,3304.0
12:19,27.22,27.29,27.22,27.29,14231.0
12:20,27.23,27.23,27.21,27.21,6910.0
12:21,27.27,27.27,27.22,27.22,3867.0
12:22,27.27,27.27,27.24,27.27,5289.0
12:23,27.26,27.32,27.26,27.28,3496.0
12:24,27.25,27.26,27.24,27.26,3164.0
12:25,27.23,27.25,27.23,27.25,3444.0
12:26,27.23,27.26,27.22,27.25,3362.0
12:27,27.23,27.25,27.22,27.24,5272.0
12:28,27.28,27.28,27.23,27.23,2994.0
12:29,27.28,27.28,27.24,27.28,8999.0
12:30,27.26,27.29,27.25,27.28,4212.0
12:31,27.25,27.27,27.24,27.26,2491.0
12:32,27.22,27.26,27.2,27.26,3005.0
12:33,27.2,27.22,27.17,27.2,13901.0
12:34,27.15,27.19,27.13,27.19,6260.0
12:35,27.11,27.13,27.1,27.13,9868.0
12:36,27.08,27.11,27.05,27.11,13797.0
12:37,27.07,27.07,27.02,27.05,10976.0
12:38,27.08,27.09,27.07,27.08,4525.0
12:39,27.07,27.1,27.07,27.09,3831.0
12:40,27.07,27.08,27.06,27.06,6368.0
12:41,27.14,27.14,27.07,27.07,11344.0
12:42,27.22,27.23,27.14,27.14,9614.0
12:43,27.23,27.25,27.22,27.22,3470.0
12:44,27.19,27.23,27.19,27.23,6919.0
12:45,27.13,27.19,27.1,27.19,7766.0
12:46,27.18,27.19,27.16,27.16,5191.0
12:47,27.22,27.22,27.18,27.2,3728.0
12:48,27.16,27.21,27.16,27.21,2112.0
12:49,27.11,27.17,27.1,27.16,2602.0
12:50,27.13,27.14,27.11,27.11,3113.0
12:51,27.14,27.15,27.12,27.13,3627.0
12:52,27.16,27.16,27.14,27.15,3453.0
12:53,27.16,27.19,27.15,27.16,4755.0
12:54,27.11,27.15,27.11,27.15,2507.0
12:55,27.13,27.13,27.12,27.12,9483.0
12:56,27.12,27.15,27.11,27.12,22184.0
12:57,27.12,27.14,27.12,27.13,2898.0
12:58,27.11,27.11,27.1,27.11,2167.0
12:59,27.15,27.15,27.11,27.11,6094.0
13:00,27.2,27.2,27.14,27.15,8902.0
13:01,27.22,27.22,27.2,27.2,6466.0
13:02,27.19,27.22,27.17,27.22,4058.0
13:03,27.2,27.21,27.2,27.21,3220.0
13:04,27.19,27.21,27.19,27.2,2482.0
13:05,27.22,27.22,27.18,27.2,4599.0
13:06,27.21,27.24,27.2,27.22,12895.0
13:07,27.14,27.17,27.14,27.17,3297.0
13:08,27.18,27.19,27.16,27.16,3330.0
13:09,27.2,27.2,27.18,27.18,2519.0
13:10,27.18,27.21,27.17,27.21,5457.0
13:11,27.22,27.22,27.18,27.18,3261.0
13:12,27.22,27.22,27.19,27.2,2698.0
13:13,27.25,27.25,27.22,27.22,3260.0
13:14,27.18,27.25,27.18,27.25,7352.0
13:15,27.18,27.2,27.16,27.19,7714.0
13:16,27.14,27.2,27.13,27.18,3893.0
13:17,27.16,27.16,27.15,27.15,2646.0
13:18,27.19,27.19,27.16,27.16,9398.0
13:19,27.17,27.19,27.16,27.19,5444.0
13:20,27.22,27.22,27.18,27.18,2070.0
13:21,27.25,27.26,27.21,27.21,4927.0
13:22,27.25,27.25,27.25,27.25,1086.0
13:23,27.2,27.25,27.2,27.25,4181.0
13:24,27.2,27.2,27.17,27.19,4339.0
13:25,27.22,27.24,27.21,27.21,5607.0
13:26,27.19,27.23,27.18,27.23,4933.0
13:27,27.13,27.2,27.13,27.19,9950.0
13:28,27.14,27.14,27.13,27.14,1677.0
13:29,27.11,27.14,27.11,27.14,4020.0
13:30,27.12,27.16,27.11,27.12,3618.0
13:31,27.14,27.14,27.11,27.11,6916.0
13:32,27.14,27.15,27.14,27.15,2456.0
13:33,27.11,27.14,27.1,27.13,7853.0
13:34,27.12,27.14,27.11,27.12,3457.0
13:35,27.14,27.14,27.08,27.12,4832.0
13:36,27.17,27.17,27.14,27.15,7842.0
13:37,27.16,27.19,27.14,27.14,9158.0
13:38,27.22,27.24,27.16,27.16,11302.0
13:39,27.2,27.22,27.19,27.22,4184.0
13:40,27.19,27.22,27.17,27.22,2837.0
13:41,27.13,27.19,27.12,27.18,10679.0
13:42,27.1,27.13,27.09,27.13,3435.0
13:43,27.06,27.08,27.03,27.08,16075.0
13:44,27.08,27.08,27.06,27.06,3155.0
13:45,27.03,27.1,27.03,27.09,14082.0
13:46,27.01,27.03,26.98,27.02,21129.0
13:47,27.03,27.05,27.03,27.03,829777.0
13:48,26.95,27.02,26.94,27.02,1.0
13:49,26.95,26.95,26.93,26.95,8376.0
13:50,26.97,26.99,26.95,26.95,15282.0
13:51,27.05,27.06,26.97,26.97,5528.0
13:52,27.08,27.09,27.04,27.05,9559.0
13:53,27.06,27.08,27.05,27.08,3566.0
13:54,27.09,27.12,27.06,27.06,11573.0
13:55,27.1,27.12,27.07,27.08,11168.0
13:56,27.13,27.14,27.1,27.1,8185.0
13:57,27.16,27.18,27.14,27.14,5367.0
13:58,27.15,27.17,27.15,27.15,2920.0
13:59,27.13,27.15,27.12,27.14,2366.0
14:00,27.1,27.15,27.09,27.14,4541.0
14:01,27.11,27.13,27.08,27.11,4503.0
14:02,27.11,27.12,27.1,27.11,2530.0
14:03,27.11,27.12,27.11,27.12,1342.0
14:04,27.13,27.13,27.1,27.12,2430.0
14:05,27.07,27.12,27.06,27.11,4487.0
14:06,27.11,27.12,27.07,27.08,6246.0
14:07,27.09,27.12,27.09,27.11,2838.0
14:08,27.11,27.11,27.09,27.1,5270.0
14:09,27.11,27.16,27.11,27.12,6427.0
14:10,27.1,27.11,27.09,27.1,3766.0
14:11,27.08,27.13,27.08,27.1,4328.0
14:12,27.08,27.09,27.07,27.07,3552.0
14:13,27.0,27.1,27.0,27.1,17087.0
14:14,27.03,27.04,27.01,27.02,3607.0
14:15,26.97,27.05,26.97,27.02,8809.0
14:16,26.94,26.98,26.94,26.98,2568.0
14:17,26.93,26.94,26.89,26.93,10305.0
14:18,26.93,26.95,26.93,26.94,2004.0
14:19,26.96,26.96,26.91,26.92,4933.0
14:20,26.97,26.98,26.94,26.95,9502.0
14:21,27.0,27.01,26.97,26.97,3062.0
14:22,26.94,26.99,26.94,26.99,4448.0
14:23,26.91,26.94,26.91,26.94,2867.0
14:24,26.96,26.97,26.91,26.92,7699.0
14:25,26.97,26.99,26.95,26.95,7024.0
14:26,26.94,26.96,26.93,26.96,4621.0
14:27,26.94,26.96,26.94,26.96,6079.0
14:28,26.95,26.96,26.94,26.94,5009.0
14:29,26.96,26.96,26.95,26.96,4779.0
14:30,27.01,27.01,26.95,26.95,5567.0
14:31,27.01,27.01,26.98,27.0,3770.0
14:32,27.02,27.04,27.0,27.0,6422.0
14:33,26.95,27.01,26.95,27.01,4298.0
14:34,26.97,26.99,26.95,26.97,3308.0
14:35,26.99,26.99,26.95,26.97,4291.0
14:36,26.97,26.99,26.97,26.98,2680.0
14:37,26.96,26.97,26.96,26.96,7388.0
14:38,26.94,26.95,26.94,26.95,4451.0
14:39,26.94,26.94,26.92,26.94,2635.0
14:40,26.92,26.94,26.9,26.94,4085.0
14:41,26.86,26.91,26.86,26.91,4632.0
14:42,26.89,26.91,26.88,26.89,12890.0
14:43,26.91,26.93,26.91,26.91,12295.0
14:44,26.92,26.93,26.9,26.9,6437.0
14:45,26.94,26.95,26.92,26.92,1935.0
14:46,26.94,26.94,26.92,26.93,6329.0
14:47,26.96,26.99,26.95,26.95,9066.0
14:48,27.01,27.01,26.99,26.99,5944.0
14:49,27.01,27.02,26.99,27.01,4911.0
14:50,27.03,27.04,27.02,27.03,3318.0
14:51,27.06,27.06,27.03,27.03,6726.0
14:52,27.08,27.1,27.04,27.06,4437.0
14:53,27.2,27.22,27.09,27.09,17925.0
14:54,27.22,27.24,27.18,27.19,8642.0
14:55,27.3,27.31,27.23,27.23,13458.0
14:56,27.28,27.3,27.26,27.3,14154.0
14:57,27.23,27.28,27.22,27.28,6656.0
14:58,27.2,27.25,27.2,27.24,5884.0
14:59,27.22,27.23,27.19,27.19,5792.0
15:00,27.22,27.22,27.2,27.21,2591.0
15:01,27.23,27.23,27.22,27.22,3358.0
15:02,27.16,27.22,27.16,27.22,3075.0
15:03,27.14,27.16,27.13,27.16,4462.0
15:04,27.18,27.18,27.14,27.14,3381.0
15:05,27.18,27.19,27.17,27.18,3842.0
15:06,27.18,27.19,27.17,27.18,5708.0
15:07,27.19,27.2,27.17,27.17,5711.0
15:08,27.18,27.2,27.18,27.19,4326.0
15:09,27.2,27.2,27.18,27.18,4633.0
15:10,27.23,27.23,27.21,27.21,3726.0
15:11,27.24,27.24,27.23,27.23,5378.0
15:12,27.25,27.25,27.24,27.25,5995.0
15:13,27.24,27.25,27.23,27.25,4658.0
15:14,27.25,27.26,27.25,27.25,12084.0
15:15,27.28,27.29,27.25,27.26,9208.0
15:16,27.33,27.33,27.28,27.28,7994.0
15:17,27.32,27.34,27.32,27.33,5890.0
15:18,27.36,27.36,27.32,27.32,8117.0
15:19,27.3,27.39,27.3,27.37,20574.0
15:20,27.31,27.32,27.3,27.31,7980.0
15:21,27.31,27.32,27.31,27.31,13248.0
15:22,27.3,27.32,27.29,27.31,6186.0
15:23,27.23,27.29,27.22,27.29,4737.0
15:24,27.22,27.23,27.21,27.22,12543.0
15:25,27.19,27.21,27.17,27.21,4078.0
15:26,27.17,27.2,27.17,27.19,8056.0
15:27,27.19,27.19,27.16,27.17,3757.0
15:28,27.2,27.2,27.19,27.19,5098.0
15:29,27.22,27.22,27.19,27.2,4362.0
15:30,27.17,27.22,27.17,27.22,8084.0
15:31,27.16,27.18,27.15,27.17,7953.0
15:32,27.1,27.16,27.08,27.16,49842.0
15:33,27.11,27.14,27.09,27.11,1067480.0
15:34,27.1,27.1,27.08,27.09,1.0
15:35,27.09,27.11,27.08,27.1,26576.0
15:36,27.11,27.12,27.09,27.09,10294.0
15:37,27.15,27.16,27.11,27.11,13229.0
15:38,27.16,27.17,27.15,27.15,15539.0
15:39,27.13,27.18,27.13,27.16,13035.0
15:40,27.11,27.13,27.08,27.13,13548.0
15:41,27.12,27.12,27.1,27.12,8320.0
15:42,27.1,27.13,27.1,27.13,7149.0
15:43,27.08,27.1,27.08,27.1,11139.0
15:44,27.12,27.12,27.08,27.08,11029.0
15:45,27.08,27.12,27.08,27.12,9806.0
15:46,27.07,27.08,27.05,27.07,17911.0
15:47,27.05,27.08,27.05,27.07,11325.0
15:48,27.08,27.08,27.04,27.05,9374.0
15:49,27.04,27.08,27.04,27.08,11218.0
15:50,27.07,27.08,27.02,27.03,20520.0
15:51,27.1,27.1,27.07,27.07,19628.0
15:52,27.09,27.12,27.08,27.1,18234.0
15:53,27.09,27.11,27.07,27.09,26273.0
15:54,27.06,27.08,27.06,27.08,18005.0
15:55,26.99,27.07,26.98,27.07,37964.0
15:56,26.99,27.03,26.97,26.98,45967.0
15:57,26.91,26.99,26.9,26.99,64032.0
15:58,26.84,26.91,26.84,26.91,96466.0
15:59,26.91,26.91,26.84,26.84,145051.0
