Time,Close,High,Low,Open,Volume
09:30,27.6,27.6,27.2,27.25,113050.0
09:31,27.44,27.6,27.39,27.6,7268.0
09:32,27.54,27.61,27.39,27.39,20975.0
09:33,27.52,27.53,27.44,27.5,17732.0
09:34,27.49,27.51,27.43,27.51,12918.0
09:35,27.33,27.45,27.33,27.43,7691.0
09:36,27.27,27.32,27.22,27.32,9977.0
09:37,27.4,27.4,27.27,27.27,7627.0
09:38,27.4,27.42,27.38,27.39,5195.0
09:39,27.43,27.49,27.4,27.4,14870.0
09:40,27.47,27.47,27.4,27.42,11278.0
09:41,27.49,27.54,27.49,27.51,6480.0
09:42,27.45,27.48,27.39,27.48,11074.0
09:43,27.49,27.5,27.42,27.44,6125.0
09:44,27.42,27.52,27.42,27.51,5580.0
09:45,27.55,27.59,27.41,27.41,9580.0
09:46,27.51,27.56,27.44,27.54,15519.0
09:47,27.53,27.59,27.49,27.51,28703.0
09:48,27.66,27.67,27.56,27.56,14064.0
09:49,27.6,27.71,27.6,27.68,3352.0
09:50,27.58,27.6,27.53,27.6,13769.0
09:51,27.49,27.63,27.49,27.59,13711.0
09:52,27.35,27.5,27.3,27.49,12974.0
09:53,27.38,27.4,27.33,27.37,12218.0
09:54,27.39,27.44,27.38,27.38,8228.0
09:55,27.36,27.42,27.33,27.37,17060.0
09:56,27.43,27.43,27.36,27.39,3439.0
09:57,27.46,27.5,27.4,27.41,12932.0
09:58,27.42,27.48,27.4,27.48,12855.0
09:59,27.39,27.42,27.37,27.4,13743.0
10:00,27.41,27.42,27.36,27.39,19088.0
10:01,27.4,27.43,27.37,27.42,8365.0
10:02,27.35,27.41,27.35,27.39,7462.0
10:03,27.32,27.36,27.3,27.33,16536.0
10:04,27.26,27.34,27.24,27.34,8685.0
10:05,27.3,27.32,27.26,27.27,9625.0
10:06,27.38,27.38,27.28,27.29,7163.0
10:07,27.4,27.48,27.37,27.37,10501.0
10:08,27.34,27.38,27.32,27.37,11992.0
10:09,27.29,27.35,27.24,27.35,13162.0
10:10,27.4,27.44,27.28,27.28,36406.0
10:11,27.33,27.39,27.29,27.39,18176.0
10:12,27.4,27.43,27.32,27.33,10641.0
10:13,27.47,27.49,27.4,27.4,6644.0
10:14,27.49,27.51,27.45,27.48,14443.0
10:15,27.32,27.5,27.31,27.5,26308.0
10:16,27.27,27.31,27.25,27.31,17764.0
10:17,27.26,27.28,27.25,27.26,5431.0
10:18,27.29,27.34,27.27,27.28,6584.0
10:19,27.28,27.3,27.23,27.28,10754.0
10:20,27.42,27.43,27.3,27.3,11980.0
10:21,27.47,27.51,27.42,27.42,12260.0
10:22,27.45,27.49,27.36,27.44,13953.0
10:23,27.53,27.55,27.5,27.5,3536.0
10:24,27.42,27.51,27.42,27.51,5009.0
10:25,27.42,27.47,27.42,27.43,4591.0
10:26,27.51,27.52,27.44,27.44,5173.0
10:27,27.49,27.53,27.49,27.5,6244.0
10:28,27.46,27.5,27.44,27.5,3679.0
10:29,27.45,27.47,27.44,27.47,6375.0
10:30,27.43,27.45,27.4,27.45,5289.0
10:31,27.38,27.42,27.38,27.41,5499.0
10:32,27.5,27.53,27.41,27.41,5497.0
10:33,27.4,27.47,27.4,27.47,5972.0
10:34,27.4,27.44,27.36,27.42,4384.0
10:35,27.32,27.37,27.3,27.37,10737.0
10:36,27.33,27.36,27.3,27.3,3608.0
10:37,27.35,27.4,27.33,27.33,4103.0
10:38,27.42,27.42,27.35,27.36,4478.0
10:39,27.41,27.41,27.36,27.41,1826.0
10:40,27.48,27.49,27.42,27.43,3994.0
10:41,27.55,27.55,27.49,27.49,5599.0
10:42,27.44,27.52,27.44,27.52,3233.0
10:43,27.43,27.45,27.38,27.45,6689.0
10:44,27.47,27.48,27.41,27.42,4329.0
10:45,27.43,27.47,27.41,27.47,11126.0
10:46,27.42,27.45,27.41,27.43,6880.0
10:47,27.35,27.41,27.35,27.41,5142.0
10:48,27.32,27.35,27.3,27.34,8462.0
10:49,27.33,27.34,27.3,27.3,2555.0
10:50,27.25,27.32,27.25,27.32,16946.0
10:51,27.27,27.3,27.25,27.27,12148.0
10:52,27.3,27.32,27.27,27.29,4057.0
10:53,27.25,27.32,27.25,27.31,2877.0
10:54,27.3,27.3,27.23,27.25,5130.0
10:55,27.41,27.43,27.31,27.31,9277.0
10:56,27.4,27.44,27.39,27.42,7780.0
10:57,27.41,27.44,27.39,27.39,16336.0
10:58,27.33,27.4,27.33,27.39,8397.0
10:59,27.34,27.35,27.31,27.32,3128.0
11:00,27.34,27.37,27.32,27.32,23994.0
11:01,27.33,27.36,27.31,27.34,7950.0
11:02,27.32,27.34,27.32,27.32,7204.0
11:03,27.36,27.36,27.28,27.32,6519.0
11:04,27.36,27.36,27.31,27.31,10132.0
11:05,27.34,27.37,27.34,27.34,5013.0
11:06,27.38,27.38,27.31,27.34,3260.0
11:07,27.45,27.47,27.39,27.39,6335.0
11:08,27.47,27.5,27.45,27.46,7132.0
11:09,27.49,27.5,27.42,27.44,10012.0
11:10,27.52,27.52,27.48,27.49,3288.0
11:11,27.53,27.55,27.5,27.5,4227.0
11:12,27.43,27.52,27.41,27.51,4668.0
11:13,27.5,27.5,27.43,27.46,2262.0
11:14,27.51,27.54,27.5,27.51,2047.0
11:15,27.46,27.52,27.44,27.5,4320.0
11:16,27.47,27.49,27.47,27.47,2953.0
11:17,27.41,27.5,27.41,27.5,8469.0
11:18,27.46,27.48,27.42,27.42,4317.0
11:19,27.5,27.53,27.46,27.47,6057.0
11:20,27.51,27.54,27.51,27.51,6419.0
11:21,27.5,27.52,27.47,27.52,4104.0
11:22,27.46,27.5,27.46,27.48,8986.0
11:23,27.47,27.47,27.43,27.44,8330.0
11:24,27.54,27.56,27.49,27.49,8211.0
11:25,27.58,27.58,27.53,27.53,3570.0
11:26,27.56,27.6,27.54,27.57,12486.0
11:27,27.57,27.6,27.55,27.58,4651.0
11:28,27.56,27.58,27.56,27.57,1731.0
11:29,27.53,27.55,27.52,27.53,5740.0
11:30,27.5,27.56,27.49,27.54,7418.0
11:31,27.53,27.56,27.52,27.52,11607.0
11:32,27.54,27.55,27.51,27.55,7440.0
11:33,27.58,27.58,27.52,27.52,6863.0
11:34,27.54,27.58,27.52,27.58,3179.0
11:35,27.55,27.55,27.53,27.54,2455.0
11:36,27.56,27.57,27.54,27.56,8541.0
11:37,27.58,27.59,27.56,27.57,5071.0
11:38,27.57,27.58,27.56,27.58,4263.0
11:39,27.57,27.59,27.57,27.58,15630.0
11:40,27.54,27.58,27.54,27.57,5062.0
11:41,27.49,27.51,27.48,27.51,591421.0
11:42,27.56,27.56,27.49,27.49,1.0
11:43,27.58,27.62,27.56,27.56,595763.0
11:44,27.6,27.6,27.57,27.58,1.0
11:45,27.64,27.66,27.61,27.61,7092.0
11:46,27.58,27.62,27.56,27.61,15198.0
11:47,27.53,27.59,27.52,27.59,5957.0
11:48,27.58,27.59,27.5,27.5,11230.0
11:49,27.59,27.6,27.58,27.58,7078.0
11:50,27.61,27.61,27.58,27.58,4901.0
11:51,27.56,27.64,27.56,27.62,5190.0
11:52,27.56,27.58,27.56,27.58,4665.0
11:53,27.55,27.58,27.55,27.58,2754.0
11:54,27.57,27.57,27.54,27.54,6402.0
11:55,27.66,27.67,27.6,27.6,2749.0
11:56,27.61,27.63,27.57,27.63,11173.0
11:57,27.63,27.63,27.58,27.58,4363.0
11:58,27.56,27.61,27.56,27.61,2891.0
11:59,27.6,27.6,27.57,27.57,4377.0
12:00,27.65,27.65,27.6,27.61,5835.0
12:01,27.6,27.64,27.59,27.64,4029.0
12:02,27.62,27.63,27.6,27.63,3537.0
12:03,27.6,27.62,27.58,27.62,7837.0
12:04,27.64,27.66,27.61,27.61,15638.0
12:05,27.64,27.66,27.64,27.64,3262.0
12:06,27.62,27.63,27.6,27.63,7346.0
12:07,27.64,27.65,27.61,27.61,15405.0
12:08,27.62,27.62,27.6,27.62,9102.0
12:09,27.6,27.64,27.59,27.6,6394.0
12:10,27.61,27.63,27.59,27.59,3942.0
12:11,27.59,27.6,27.57,27.59,2139.0
12:12,27.64,27.64,27.58,27.58,7191.0
12:13,27.66,27.66,27.64,27.64,5183.0
12:14,27.55,27.65,27.55,27.65,5020.0
12:15,27.58,27.58,27.52,27.54,6945.0
12:16,27.57,27.59,27.52,27.55,7810.0
12:17,27.5,27.57,27.47,27.57,6807.0
12:18,27.55,27.57,27.51,27.51,3996.0
12:19,27.5,27.55,27.5,27.55,3016.0
12:20,27.55,27.56,27.52,27.52,4417.0
12:21,27.59,27.59,27.54,27.55,4973.0
12:22,27.54,27.58,27.54,27.58,3883.0
12:23,27.57,27.57,27.53,27.54,4290.0
12:24,27.55,27.59,27.55,27.55,5603.0
12:25,27.64,27.64,27.56,27.56,21676.0
12:26,27.57,27.61,27.57,27.6,7825.0
12:27,27.47,27.57,27.47,27.57,12155.0
12:28,27.52,27.52,27.48,27.48,10283.0
12:29,27.52,27.54,27.51,27.54,8044.0
12:30,27.51,27.53,27.5,27.52,6960.0
12:31,27.54,27.55,27.5,27.51,4055.0
12:32,27.55,27.58,27.52,27.53,19603.0
12:33,27.58,27.59,27.55,27.56,5075.0
12:34,27.6,27.6,27.57,27.57,3155.0
12:35,27.64,27.66,27.58,27.58,9393.0
12:36,27.68,27.68,27.63,27.63,4690.0
12:37,27.72,27.73,27.68,27.68,9306.0
12:38,27.78,27.8,27.71,27.71,17742.0
12:39,27.81,27.82,27.76,27.77,8944.0
12:40,27.88,27.93,27.82,27.83,33024.0
12:41,27.89,27.93,27.88,27.88,8648.0
12:42,27.89,27.9,27.88,27.88,2201.0
12:43,27.87,27.88,27.86,27.87,7903.0
12:44,27.9,27.9,27.83,27.85,14615.0
12:45,27.86,27.89,27.85,27.89,3896.0
12:46,27.88,27.9,27.86,27.86,1577.0
12:47,27.89,27.89,27.85,27.87,7869.0
12:48,27.94,27.95,27.9,27.9,21035.0
12:49,27.97,27.98,27.94,27.94,11064.0
12:50,27.97,27.98,27.93,27.96,8821.0
12:51,27.97,27.98,27.96,27.97,6327.0
12:52,28.04,28.04,27.97,27.97,9948.0
12:53,28.07,28.09,28.02,28.03,786511.0
12:54,28.06,28.08,28.06,28.07,1.0
12:55,28.11,28.12,28.05,28.07,19939.0
12:56,28.19,28.19,28.12,28.12,11665.0
12:57,28.19,28.2,28.17,28.19,11143.0
12:58,28.14,28.18,28.14,28.18,8418.0
12:59,28.13,28.17,28.13,28.16,12335.0
13:00,28.19,28.2,28.14,28.16,13132.0
13:01,28.2,28.23,28.2,28.22,10264.0
13:02,28.12,28.21,28.11,28.21,8418.0
13:03,28.15,28.16,28.12,28.12,17157.0
13:04,28.14,28.15,28.14,28.15,2423.0
13:05,28.19,28.19,28.12,28.13,5654.0
13:06,28.22,28.25,28.19,28.2,12627.0
13:07,28.23,28.25,28.22,28.24,8667.0
13:08,28.14,28.2,28.14,28.2,8855.0
13:09,28.13,28.15,28.12,28.15,14141.0
13:10,28.2,28.2,28.15,28.15,15671.0
13:11,28.21,28.23,28.18,28.2,8153.0
13:12,28.13,28.19,28.09,28.19,8517.0
13:13,28.17,28.18,28.15,28.15,2464.0
13:14,28.12,28.15,28.11,28.15,10633.0
13:15,28.1,28.13,28.08,28.13,13647.0
13:16,28.09,28.1,28.08,28.1,5159.0
13:17,28.07,28.1,28.06,28.09,8756.0
13:18,28.09,28.1,28.06,28.08,12674.0
13:19,28.09,28.09,28.08,28.08,10148.0
13:20,28.01,28.08,28.01,28.08,14216.0
13:21,28.04,28.05,27.99,28.01,10219.0
13:22,28.1,28.11,28.02,28.05,9673.0
13:23,28.13,28.13,28.09,28.13,9385.0
13:24,28.1,28.13,28.09,28.12,19912.0
13:25,28.1,28.12,28.08,28.1,9208.0
13:26,28.07,28.08,28.06,28.06,5483.0
13:27,28.13,28.14,28.08,28.08,15400.0
13:28,28.12,28.14,28.1,28.12,9318.0
13:29,28.07,28.12,28.07,28.11,9792.0
13:30,28.11,28.12,28.08,28.08,11952.0
13:31,28.12,28.12,28.1,28.12,8635.0
13:32,28.15,28.16,28.13,28.13,5580.0
13:33,28.18,28.19,28.12,28.14,14552.0
13:34,28.17,28.21,28.16,28.19,12994.0
13:35,28.14,28.18,28.14,28.17,12446.0
13:36,28.09,28.15,28.08,28.14,19610.0
13:37,28.05,28.09,28.03,28.09,9728.0
13:38,28.08,28.08,28.03,28.04,5565.0
13:39,28.12,28.14,28.09,28.09,5405.0
13:40,28.22,28.22,28.15,28.15,7454.0
13:41,28.25,28.25,28.23,28.23,10564.0
13:42,28.17,28.24,28.17,28.24,15442.0
13:43,28.16,28.16,28.1,28.16,7008.0
13:44,28.14,28.17,28.14,28.16,4630.0
13:45,28.12,28.16,28.12,28.14,4690.0
13:46,28.18,28.2,28.13,28.13,6598.0
13:47,28.23,28.23,28.19,28.19,9199.0
13:48,28.19,28.21,28.17,28.21,6541.0
13:49,28.23,28.23,28.19,28.19,8598.0
13:50,28.24,28.25,28.22,28.23,8523.0
13:51,28.23,28.26,28.22,28.24,5234.0
13:52,28.21,28.23,28.21,28.21,5677.0
13:53,28.17,28.19,28.16,28.19,13449.0
13:54,28.14,28.16,28.13,28.16,4996.0
13:55,28.1,28.15,28.1,28.15,963252.0
13:56,28.07,28.11,28.05,28.09,1.0
13:57,28.05,28.08,28.05,28.08,9127.0
13:58,28.03,28.05,28.0,28.05,12776.0
13:59,28.07,28.07,28.04,28.04,9526.0
14:00,28.08,28.09,28.08,28.08,8855.0
14:01,28.11,28.13,28.08,28.08,10252.0
14:02,28.11,28.11,28.07,28.1,11506.0
14:03,28.1,28.11,28.1,28.1,4161.0
14:04,28.12,28.14,28.11,28.12,13414.0
14:05,28.13,28.15,28.11,28.11,9279.0
14:06,28.12,28.14,28.12,28.13,7691.0
14:07,28.12,28.15,28.12,28.13,4482.0
14:08,28.15,28.15,28.11,28.12,3515.0
14:09,28.2,28.21,28.15,28.15,9019.0
14:10,28.17,28.21,28.17,28.21,6102.0
14:11,28.14,28.17,28.14,28.16,5949.0
14:12,28.12,28.15,28.12,28.14,5674.0
14:13,28.15,28.15,28.11,28.11,4076.0
14:14,28.17,28.17,28.16,28.16,3282.0
14:15,28.14,28.17,28.11,28.17,4300.0
14:16,28.13,28.16,28.13,28.15,4014.0
14:17,28.15,28.15,28.11,28.15,5289.0
14:18,28.14,28.17,28.14,28.15,4328.0
14:19,28.23,28.23,28.16,28.16,3098.0
14:20,28.2,28.25,28.2,28.24,13871.0
14:21,28.17,28.2,28.17,28.2,2339.0
14:22,28.19,28.19,28.17,28.18,2102.0
14:23,28.17,28.2,28.16,28.2,7966.0
14:24,28.12,28.15,28.12,28.14,3479.0
14:25,28.02,28.11,28.02,28.11,3496.0
14:26,27.95,28.03,27.95,28.03,20726.0
14:27,27.97,27.97,27.9,27.96,23095.0
14:28,27.92,27.96,27.91,27.96,8758.0
14:29,27.93,27.94,27.9,27.91,8922.0
14:30,27.95,27.95,27.92,27.93,6853.0
14:31,27.85,27.95,27.84,27.95,6336.0
14:32,27.82,27.83,27.79,27.83,18736.0
14:33,27.83,27.84,27.82,27.83,4083.0
14:34,27.86,27.86,27.82,27.84,6271.0
14:35,27.9,27.92,27.84,27.85,7396.0
14:36,27.9,27.91,27.89,27.9,9467.0
14:37,27.88,27.92,27.88,27.9,4934.0
14:38,27.91,27.91,27.85,27.88,8593.0
14:39,27.95,27.95,27.92,27.92,12911.0
14:40,27.99,27.99,27.94,27.96,14543.0
14:41,27.97,28.0,27.94,27.99,19814.0
14:42,27.96,27.99,27.93,27.97,26513.0
14:43,28.0,28.01,27.95,27.96,11816.0
14:44,28.03,28.03,27.95,28.0,44103.0
14:45,28.08,28.08,28.02,28.02,21045.0
14:46,28.07,28.09,28.03,28.07,6228.0
14:47,28.12,28.14,28.06,28.06,7380.0
14:48,28.05,28.12,28.05,28.12,9902.0
14:49,28.08,28.08,28.02,28.05,13647.0
14:50,28.02,28.07,28.02,28.06,4441.0
14:51,28.06,28.06,28.0,28.03,9533.0
14:52,28.01,28.07,28.01,28.06,3800.0
14:53,28.02,28.02,27.99,28.02,10023.0
14:54,27.98,28.02,27.98,28.01,21697.0
14:55,28.0,28.01,27.91,27.98,7472.0
14:56,28.04,28.05,28.01,28.01,9891.0
14:57,28.08,28.08,28.04,28.04,11862.0
14:58,28.08,28.09,28.06,28.09,12594.0
14:59,28.13,28.15,28.09,28.09,10624.0
15:00,28.16,28.18,28.13,28.15,16564.0
15:01,28.07,28.17,28.07,28.16,14052.0
15:02,28.08,28.12,28.07,28.07,23875.0
15:03,28.11,28.11,28.08,28.08,13379.0
15:04,28.11,28.11,28.1,28.11,5965.0
15:05,28.11,28.13,28.09,28.1,7905.0
15:06,28.11,28.12,28.08,28.1,3004.0
15:07,28.07,28.09,28.05,28.09,3826.0
15:08,28.04,28.07,28.04,28.07,3762.0
15:09,28.05,28.05,28.03,28.03,3231.0
15:10,28.04,28.09,28.04,28.05,2339.0
15:11,28.01,28.05,28.01,28.04,5030.0
15:12,28.01,28.02,28.0,28.01,4030.0
15:13,28.02,28.02,27.99,28.01,3435.0
15:14,28.03,28.04,28.02,28.03,6255.0
15:15,28.02,28.02,28.0,28.02,5238.0
15:16,28.0,28.02,27.99,28.02,3786.0
15:17,28.02,28.04,27.99,27.99,12490.0
15:18,27.97,28.01,27.97,28.01,2706.0
15:19,27.99,28.01,27.98,27.98,5502.0
15:20,28.01,28.01,27.97,27.99,4754.0
15:21,28.0,28.02,27.98,28.01,8057.0
15:22,27.95,27.98,27.94,27.98,7163.0
15:23,27.91,27.94,27.91,27.94,6725.0
15:24,27.9,27.92,27.89,27.92,2783.0
15:25,27.87,27.91,27.86,27.91,6778.0
15:26,27.88,27.9,27.85,27.86,6478.0
15:27,27.84,27.87,27.81,27.87,7962.0
15:28,27.86,27.86,27.82,27.84,8200.0
15:29,27.9,27.91,27.87,27.87,11198.0
15:30,27.89,27.93,27.88,27.91,7946.0
15:31,27.84,27.87,27.84,27.87,14231.0
15:32,27.82,27.84,27.82,27.84,4621.0
15:33,27.82,27.84,27.8,27.81,6219.0
15:34,27.81,27.82,27.79,27.81,15638.0
15:35,27.85,27.87,27.81,27.81,7477.0
15:36,27.84,27.85,27.83,27.84,11333.0
15:37,27.87,27.87,27.84,27.84,14320.0
15:38,27.89,27.9,27.88,27.88,28039.0
15:39,27.88,27.89,27.87,27.88,27782.0
15:40,27.81,27.87,27.79,27.87,16467.0
15:41,27.81,27.81,27.79,27.8,13693.0
15:42,27.79,27.83,27.79,27.83,5541.0
15:43,27.81,27.81,27.77,27.78,5193.0
15:44,27.75,27.8,27.75,27.8,13220.0
15:45,27.78,27.8,27.76,27.76,8211.0
15:46,27.74,27.78,27.74,27.78,4919.0
15:47,27.75,27.76,27.75,27.75,5841.0
15:48,27.75,27.76,27.73,27.74,15592.0
15:49,27.73,27.79,27.73,27.74,12546.0
15:50,27.83,27.85,27.73,27.73,16384.0
15:51,27.86,27.86,27.82,27.83,21877.0
15:52,27.84,27.86,27.83,27.86,10624.0
15:53,27.8,27.84,27.78,27.84,17854.0
15:54,27.77,27.81,27.75,27.8,20512.0
15:55,27.71,27.75,27.65,27.75,38693.0
15:56,27.66,27.7,27.66,27.7,20306.0
15:57,27.64,27.66,27.62,27.66,72291.0
15:58,27.64,27.65,27.61,27.64,41662.0
15:59,27.6,27.65,27.59,27.64,101457.0
