Time,Close,High,Low,Open,Volume
09:30,13.07,13.25,13.03,13.25,260318.0
09:31,13.09,13.1,13.0,13.07,71091.0
09:32,13.07,13.11,13.02,13.09,55618.0
09:33,13.17,13.17,13.08,13.08,12553.0
09:34,13.13,13.16,13.11,13.16,14853.0
09:35,13.19,13.2,13.13,13.14,11768.0
09:36,13.24,13.24,13.2,13.2,19777.0
09:37,13.24,13.24,13.22,13.23,22036.0
09:38,13.16,13.22,13.15,13.22,15526.0
09:39,13.18,13.18,13.14,13.16,9079.0
09:40,13.15,13.2,13.14,13.19,20194.0
09:41,13.14,13.14,13.11,13.14,10971.0
09:42,13.14,13.14,13.12,13.14,14073.0
09:43,13.11,13.15,13.1,13.14,12441.0
09:44,13.2,13.2,13.1,13.1,14036.0
09:45,13.1,13.18,13.08,13.18,9466.0
09:46,13.11,13.12,13.08,13.1,12743.0
09:47,13.1,13.14,13.1,13.13,34968.0
09:48,13.11,13.12,13.1,13.1,21385.0
09:49,13.09,13.1,13.08,13.1,10595.0
09:50,13.09,13.1,13.08,13.08,8938.0
09:51,13.11,13.11,13.09,13.09,6818.0
09:52,13.11,13.12,13.1,13.1,19836.0
09:53,13.07,13.11,13.07,13.11,15506.0
09:54,13.03,13.07,13.03,13.07,21493.0
09:55,13.05,13.06,13.03,13.04,11463.0
09:56,13.08,13.09,13.06,13.06,16913.0
09:57,13.11,13.11,13.08,13.08,18130.0
09:58,13.07,13.11,13.06,13.11,7763.0
09:59,13.06,13.07,13.04,13.07,23040.0
10:00,13.04,13.07,13.02,13.06,23582.0
10:01,13.04,13.06,13.04,13.04,14774.0
10:02,13.02,13.05,13.02,13.05,17589.0
10:03,12.97,13.02,12.96,13.02,38362.0
10:04,12.95,12.97,12.93,12.97,34003.0
10:05,12.89,12.95,12.88,12.95,28608.0
10:06,12.93,12.93,12.9,12.9,29081.0
10:07,12.94,12.96,12.92,12.93,35313.0
10:08,12.94,12.95,12.93,12.94,17485.0
10:09,12.93,12.94,12.91,12.94,13773.0
10:10,12.87,12.9,12.86,12.9,16587.0
10:11,12.89,12.89,12.85,12.88,22035.0
10:12,12.87,12.88,12.85,12.86,5097.0
10:13,12.85,12.88,12.85,12.86,12403.0
10:14,12.8,12.86,12.79,12.86,29192.0
10:15,12.8,12.82,12.79,12.8,13178.0
10:16,12.77,12.79,12.75,12.79,37029.0
10:17,12.7,12.77,12.69,12.76,35266.0
10:18,12.71,12.71,12.67,12.69,17833.0
10:19,12.69,12.72,12.69,12.7,16582.0
10:20,12.63,12.68,12.62,12.68,23336.0
10:21,12.64,12.65,12.62,12.64,36581.0
10:22,12.62,12.65,12.61,12.64,20706.0
10:23,12.6,12.62,12.58,12.61,46532.0
10:24,12.6,12.61,12.59,12.6,26544.0
10:25,12.57,12.59,12.56,12.59,37667.0
10:26,12.58,12.58,12.56,12.57,15392.0
10:27,12.52,12.59,12.52,12.58,46799.0
10:28,12.52,12.54,12.51,12.52,58617.0
10:29,12.51,12.52,12.5,12.52,47209.0
10:30,12.47,12.51,12.46,12.5,45423.0
10:31,12.5,12.51,12.47,12.47,36602.0
10:32,12.51,12.51,12.48,12.49,18649.0
10:33,12.48,12.52,12.48,12.5,25477.0
10:34,12.45,12.48,12.45,12.48,47381.0
10:35,12.47,12.48,12.43,12.45,27033.0
10:36,12.52,12.52,12.47,12.47,24764.0
10:37,12.52,12.56,12.52,12.52,24952.0
10:38,12.56,12.56,12.52,12.52,24156.0
10:39,12.56,12.58,12.55,12.55,25280.0
10:40,12.54,12.58,12.53,12.57,64979.0
10:41,12.55,12.55,12.52,12.52,18125.0
10:42,12.55,12.55,12.53,12.55,8007.0
10:43,12.52,12.54,12.51,12.54,8546.0
10:44,12.52,12.53,12.5,12.51,33292.0
10:45,12.55,12.55,12.52,12.52,55462.0
10:46,12.53,12.55,12.53,12.54,19880.0
10:47,12.55,12.55,12.53,12.53,10332.0
10:48,12.55,12.56,12.54,12.55,12176.0
10:49,12.55,12.56,12.53,12.56,17078.0
10:50,12.57,12.59,12.55,12.55,20648.0
10:51,12.62,12.62,12.57,12.57,22811.0
10:52,12.63,12.64,12.61,12.61,13519.0
10:53,12.64,12.64,12.62,12.64,15247.0
10:54,12.63,12.64,12.62,12.63,10464.0
10:55,12.64,12.64,12.61,12.62,41094.0
10:56,12.62,12.64,12.62,12.63,9649.0
10:57,12.63,12.63,12.62,12.62,5753.0
10:58,12.64,12.64,12.62,12.62,15534.0
10:59,12.65,12.65,12.62,12.63,9888.0
11:00,12.63,12.65,12.63,12.65,6730.0
11:01,12.61,12.64,12.61,12.64,7245.0
11:02,12.62,12.63,12.61,12.62,5125.0
11:03,12.62,12.64,12.61,12.61,22594.0
11:04,12.65,12.65,12.61,12.61,4828.0
11:05,12.64,12.65,12.63,12.65,14158.0
11:06,12.64,12.64,12.62,12.63,6604.0
11:07,12.63,12.64,12.6,12.64,13753.0
11:08,12.66,12.67,12.62,12.62,28989.0
11:09,12.68,12.68,12.65,12.65,25523.0
11:10,12.74,12.74,12.68,12.68,36837.0
11:11,12.72,12.73,12.72,12.73,9206.0
11:12,12.72,12.72,12.71,12.72,17026.0
11:13,12.73,12.74,12.72,12.72,21509.0
11:14,12.72,12.74,12.72,12.72,15414.0
11:15,12.69,12.72,12.67,12.71,13600.0
11:16,12.7,12.7,12.67,12.7,17733.0
11:17,12.67,12.69,12.66,12.69,6643.0
11:18,12.69,12.69,12.68,12.68,7034.0
11:19,12.66,12.7,12.66,12.69,11186.0
11:20,12.66,12.68,12.66,12.66,105886.0
11:21,12.68,12.68,12.66,12.66,4212.0
11:22,12.66,12.67,12.65,12.67,5714.0
11:23,12.66,12.66,12.65,12.65,22274.0
11:24,12.65,12.65,12.64,12.65,2179.0
11:25,12.67,12.7,12.65,12.65,28936.0
11:26,12.68,12.68,12.66,12.66,13478.0
11:27,12.67,12.69,12.67,12.67,6143.0
11:28,12.65,12.68,12.65,12.67,5052.0
11:29,12.65,12.66,12.65,12.65,4432.0
11:30,12.65,12.66,12.65,12.65,4890.0
11:31,12.68,12.69,12.66,12.66,19237.0
11:32,12.69,12.7,12.66,12.68,9760.0
11:33,12.69,12.69,12.69,12.69,4140.0
11:34,12.69,12.69,12.68,12.69,5529.0
11:35,12.72,12.72,12.7,12.7,10404.0
11:36,12.73,12.73,12.72,12.73,3959.0
11:37,12.75,12.75,12.72,12.74,7337.0
11:38,12.72,12.74,12.71,12.74,9960.0
11:39,12.71,12.72,12.71,12.72,9494.0
11:40,12.7,12.71,12.7,12.7,7799.0
11:41,12.72,12.73,12.71,12.71,4155.0
11:42,12.72,12.73,12.72,12.72,10866.0
11:43,12.77,12.77,12.73,12.73,8965.0
11:44,12.81,12.81,12.78,12.78,13830.0
11:45,12.81,12.81,12.8,12.81,12224.0
11:46,12.85,12.85,12.81,12.81,20647.0
11:47,12.85,12.85,12.84,12.85,13180.0
11:48,12.86,12.87,12.85,12.85,6838.0
11:49,12.86,12.87,12.85,12.86,32562.0
11:50,12.87,12.88,12.85,12.86,9486.0
11:51,12.86,12.87,12.86,12.86,10318.0
11:52,12.84,12.86,12.83,12.86,3595.0
11:53,12.85,12.85,12.83,12.83,10448.0
11:54,12.84,12.85,12.84,12.85,2611.0
11:55,12.84,12.84,12.83,12.84,6898.0
11:56,12.85,12.85,12.83,12.84,3790.0
11:57,12.89,12.89,12.84,12.85,9960.0
11:58,12.89,12.91,12.89,12.9,9414.0
11:59,12.89,12.9,12.89,12.9,10861.0
12:00,12.9,12.9,12.88,12.89,7838.0
12:01,12.91,12.91,12.9,12.91,4993.0
12:02,12.9,12.91,12.89,12.91,11999.0
12:03,12.89,12.9,12.89,12.9,4432.0
12:04,12.9,12.9,12.89,12.9,13998.0
12:05,12.91,12.94,12.91,12.91,11984.0
12:06,12.93,12.94,12.9,12.92,20183.0
12:07,12.91,12.92,12.9,12.92,3203.0
12:08,12.9,12.9,12.89,12.9,4684.0
12:09,12.89,12.9,12.88,12.9,7062.0
12:10,12.86,12.9,12.86,12.9,32339.0
12:11,12.88,12.88,12.86,12.86,6775.0
12:12,12.92,12.92,12.87,12.88,10889.0
12:13,12.9,12.91,12.9,12.91,3151.0
12:14,12.89,12.9,12.89,12.9,3847.0
12:15,12.87,12.9,12.87,12.9,4216.0
12:16,12.89,12.9,12.86,12.86,14901.0
12:17,12.9,12.91,12.9,12.9,7369.0
12:18,12.92,12.93,12.9,12.9,3071.0
12:19,12.91,12.92,12.91,12.92,7317.0
12:20,12.92,12.93,12.92,12.92,4269.0
12:21,12.93,12.93,12.92,12.93,3363.0
12:22,12.93,12.93,12.92,12.92,2951.0
12:23,12.93,12.93,12.93,12.93,509.0
12:24,12.94,12.94,12.91,12.91,6189.0
12:25,12.93,12.94,12.93,12.94,6875.0
12:26,12.94,12.94,12.92,12.93,10710.0
12:27,12.97,12.97,12.93,12.93,11442.0
12:28,12.97,12.98,12.97,12.98,2003.0
12:29,12.98,12.99,12.98,12.98,5416.0
12:30,12.96,12.98,12.96,12.98,8674.0
12:31,12.98,12.99,12.96,12.96,5152.0
12:32,12.98,12.98,12.97,12.97,8151.0
12:33,12.98,12.98,12.97,12.98,2117.0
12:34,12.98,12.98,12.98,12.98,1918.0
12:35,13.0,13.0,12.98,12.99,16668.0
12:36,13.01,13.01,13.0,13.01,6483.0
12:37,13.03,13.03,13.01,13.01,7084.0
12:38,13.02,13.03,13.02,13.02,7873.0
12:39,13.02,13.02,13.02,13.02,5662.0
12:40,13.02,13.02,13.02,13.02,2002.0
12:41,13.02,13.03,13.02,13.02,7687.0
12:42,13.02,13.02,13.02,13.02,2485.0
12:43,13.02,13.03,13.02,13.02,13041.0
12:44,13.04,13.04,13.02,13.02,8840.0
12:45,13.02,13.04,13.02,13.04,4248.0
12:46,13.02,13.03,13.02,13.03,5840.0
12:47,13.02,13.02,13.01,13.02,16947.0
12:48,13.01,13.03,13.01,13.02,6878.0
12:49,13.02,13.02,13.01,13.01,3189.0
12:50,13.02,13.02,13.01,13.02,8454.0
12:51,13.01,13.02,13.0,13.02,7465.0
12:52,13.01,13.02,13.01,13.01,4090.0
12:53,13.01,13.02,13.01,13.02,2913.0
12:54,12.98,13.01,12.98,13.0,20568.0
12:55,12.95,12.98,12.93,12.98,32300.0
12:56,12.92,12.95,12.91,12.94,16580.0
12:57,12.93,12.94,12.91,12.91,15644.0
12:58,12.9,12.93,12.9,12.93,5867.0
12:59,12.9,12.9,12.9,12.9,9722.0
13:00,12.9,12.9,12.89,12.9,10058.0
13:01,12.91,12.92,12.89,12.89,23780.0
13:02,12.94,12.94,12.91,12.91,6526.0
13:03,12.95,12.95,12.94,12.94,7181.0
13:04,12.94,12.94,12.93,12.94,4491.0
13:05,12.93,12.94,12.93,12.93,3484.0
13:06,12.93,12.94,12.92,12.93,7089.0
13:07,12.94,12.94,12.92,12.92,2052.0
13:08,12.94,12.95,12.94,12.94,11219.0
13:09,12.95,12.96,12.94,12.94,16834.0
13:10,12.94,12.95,12.94,12.95,3805.0
13:11,12.94,12.94,12.94,12.94,4940.0
13:12,12.95,12.97,12.94,12.94,4590.0
13:13,12.97,12.97,12.95,12.95,7681.0
13:14,12.97,12.98,12.96,12.98,2917.0
13:15,12.95,12.96,12.95,12.96,1773.0
13:16,12.94,12.96,12.94,12.95,6276.0
13:17,12.93,12.94,12.92,12.94,6768.0
13:18,12.93,12.93,12.9,12.92,8246.0
13:19,12.91,12.92,12.91,12.92,2444.0
13:20,12.92,12.93,12.91,12.91,5062.0
13:21,12.93,12.93,12.92,12.93,4172.0
13:22,12.94,12.94,12.92,12.92,9709.0
13:23,12.93,12.93,12.93,12.93,1086.0
13:24,12.94,12.94,12.93,12.93,4960.0
13:25,12.97,12.97,12.94,12.94,5841.0
13:26,12.95,12.97,12.95,12.97,3134.0
13:27,12.94,12.95,12.94,12.95,2450.0
13:28,12.94,12.94,12.94,12.94,3910.0
13:29,12.93,12.93,12.93,12.93,1235.0
13:30,12.93,12.94,12.93,12.93,2434.0
13:31,12.93,12.93,12.92,12.93,5820.0
13:32,12.93,12.93,12.92,12.93,2147.0
13:33,12.91,12.93,12.9,12.92,9740.0
13:34,12.9,12.92,12.9,12.91,1875.0
13:35,12.88,12.91,12.88,12.9,19611.0
13:36,12.9,12.9,12.87,12.88,9322.0
13:37,12.89,12.91,12.89,12.91,3499.0
13:38,12.89,12.89,12.88,12.89,4823.0
13:39,12.88,12.89,12.88,12.88,21302.0
13:40,12.88,12.88,12.86,12.87,9479.0
13:41,12.88,12.89,12.88,12.89,2560.0
13:42,12.88,12.89,12.88,12.89,3600.0
13:43,12.88,12.89,12.88,12.89,2367.0
13:44,12.87,12.88,12.87,12.88,2296.0
13:45,12.87,12.88,12.86,12.88,9687.0
13:46,12.9,12.91,12.89,12.89,2500.0
13:47,12.91,12.93,12.9,12.9,29587.0
13:48,12.91,12.91,12.9,12.91,3483.0
13:49,12.93,12.94,12.93,12.93,7720.0
13:50,12.94,12.94,12.94,12.94,1731.0
13:51,12.94,12.95,12.94,12.94,3224.0
13:52,12.94,12.95,12.93,12.94,10441.0
13:53,12.94,12.94,12.94,12.94,4158.0
13:54,12.93,12.94,12.93,12.94,2523.0
13:55,12.94,12.94,12.93,12.94,2007.0
13:56,12.95,12.95,12.94,12.94,2975.0
13:57,12.95,12.95,12.94,12.95,4722.0
13:58,12.96,12.97,12.95,12.95,6861.0
13:59,12.97,12.97,12.95,12.95,3788.0
14:00,12.94,12.97,12.93,12.96,11465.0
14:01,12.93,12.93,12.93,12.93,2657.0
14:02,12.93,12.93,12.92,12.93,2417.0
14:03,12.93,12.94,12.93,12.94,5144.0
14:04,12.93,12.93,12.93,12.93,1577.0
14:05,12.91,12.92,12.91,12.91,17615.0
14:06,12.91,12.91,12.9,12.91,4007.0
14:07,12.91,12.93,12.91,12.92,10431.0
14:08,12.92,12.93,12.91,12.91,2362.0
14:09,12.92,12.92,12.91,12.92,7224.0
14:10,12.9,12.9,12.9,12.9,837.0
14:11,12.91,12.91,12.89,12.9,6175.0
14:12,12.9,12.91,12.9,12.91,7968.0
14:13,12.9,12.9,12.9,12.9,3794.0
14:14,12.9,12.91,12.9,12.9,2915.0
14:15,12.89,12.9,12.88,12.9,3261.0
14:16,12.88,12.89,12.87,12.89,7809.0
14:17,12.88,12.88,12.86,12.88,12179.0
14:18,12.88,12.89,12.87,12.88,3053.0
14:19,12.85,12.88,12.85,12.88,12308.0
14:20,12.88,12.88,12.85,12.85,3464.0
14:21,12.85,12.87,12.84,12.87,18143.0
14:22,12.85,12.85,12.85,12.85,2500.0
14:23,12.84,12.85,12.84,12.85,3712.0
14:24,12.83,12.84,12.82,12.84,3780.0
14:25,12.81,12.84,12.81,12.84,10232.0
14:26,12.8,12.81,12.8,12.81,10925.0
14:27,12.81,12.81,12.8,12.8,7205.0
14:28,12.81,12.81,12.81,12.81,1857.0
14:29,12.79,12.79,12.78,12.79,2731.0
14:30,12.77,12.78,12.76,12.78,8722.0
14:31,12.78,12.78,12.77,12.77,7186.0
14:32,12.77,12.77,12.77,12.77,3917.0
14:33,12.79,12.79,12.76,12.77,6638.0
14:34,12.8,12.8,12.79,12.79,4777.0
14:35,12.78,12.8,12.78,12.8,8249.0
14:36,12.8,12.8,12.78,12.79,4477.0
14:37,12.81,12.81,12.8,12.8,24655.0
14:38,12.8,12.81,12.8,12.81,4534.0
14:39,12.79,12.79,12.78,12.78,11430.0
14:40,12.78,12.8,12.78,12.8,3408.0
14:41,12.76,12.78,12.76,12.78,7231.0
14:42,12.76,12.78,12.75,12.76,29190.0
14:43,12.78,12.78,12.75,12.77,33307.0
14:44,12.77,12.78,12.77,12.78,2313.0
14:45,12.77,12.77,12.76,12.77,7850.0
14:46,12.77,12.77,12.76,12.77,8912.0
14:47,12.76,12.77,12.75,12.77,9174.0
14:48,12.78,12.78,12.75,12.77,18416.0
14:49,12.76,12.77,12.76,12.77,2180.0
14:50,12.74,12.77,12.74,12.76,22542.0
14:51,12.73,12.74,12.73,12.74,2320830.0
14:52,12.75,12.76,12.73,12.73,1.0
14:53,12.75,12.76,12.75,12.76,6913.0
14:54,12.76,12.77,12.75,12.76,6166.0
14:55,12.73,12.75,12.73,12.75,4661.0
14:56,12.74,12.74,12.73,12.73,5145.0
14:57,12.69,12.74,12.64,12.74,140252.0
14:58,12.65,12.69,12.64,12.69,17091.0
14:59,12.69,12.69,12.67,12.67,10932.0
15:00,12.7,12.7,12.68,12.69,7658.0
15:01,12.7,12.7,12.69,12.7,10470.0
15:02,12.69,12.7,12.69,12.7,6876.0
15:03,12.72,12.72,12.69,12.69,26129.0
15:04,12.73,12.74,12.72,12.72,19290.0
15:05,12.73,12.76,12.73,12.73,6512.0
15:06,12.72,12.73,12.71,12.73,5080.0
15:07,12.7,12.72,12.69,12.71,20386.0
15:08,12.7,12.7,12.69,12.69,6590.0
15:09,12.69,12.7,12.67,12.69,10960.0
15:10,12.66,12.7,12.66,12.69,16178.0
15:11,12.64,12.66,12.63,12.66,28605.0
15:12,12.64,12.65,12.62,12.64,13256.0
15:13,12.62,12.63,12.62,12.63,11529.0
15:14,12.62,12.63,12.62,12.62,5366.0
15:15,12.62,12.64,12.61,12.62,11920.0
15:16,12.62,12.62,12.6,12.62,17746.0
15:17,12.6,12.61,12.6,12.61,8724.0
15:18,12.6,12.61,12.59,12.6,22785.0
15:19,12.6,12.6,12.59,12.6,27899.0
15:20,12.61,12.62,12.6,12.6,23282.0
15:21,12.62,12.63,12.62,12.62,2774.0
15:22,12.62,12.63,12.62,12.63,13822.0
15:23,12.62,12.63,12.62,12.63,12589.0
15:24,12.62,12.63,12.62,12.62,10035.0
15:25,12.66,12.67,12.62,12.62,34423.0
15:26,12.69,12.69,12.66,12.67,11197.0
15:27,12.69,12.69,12.68,12.68,15184.0
15:28,12.65,12.69,12.65,12.69,9338.0
15:29,12.65,12.65,12.65,12.65,5408.0
15:30,12.64,12.65,12.63,12.65,4854.0
15:31,12.64,12.65,12.62,12.63,12863.0
15:32,12.62,12.63,12.62,12.63,14219.0
15:33,12.65,12.65,12.62,12.62,10396.0
15:34,12.64,12.65,12.64,12.65,10675.0
15:35,12.65,12.65,12.64,12.64,3101.0
15:36,12.64,12.65,12.62,12.64,25201.0
15:37,12.63,12.64,12.63,12.64,4334.0
15:38,12.63,12.64,12.63,12.63,2993.0
15:39,12.64,12.64,12.62,12.63,7471.0
15:40,12.66,12.66,12.64,12.64,24134.0
15:41,12.65,12.66,12.64,12.65,18923.0
15:42,12.65,12.65,12.64,12.65,6624.0
15:43,12.65,12.65,12.65,12.65,3881.0
15:44,12.65,12.65,12.65,12.65,11335.0
15:45,12.65,12.65,12.63,12.65,28918.0
15:46,12.64,12.65,12.64,12.65,8490.0
15:47,12.64,12.64,12.63,12.64,14621.0
15:48,12.62,12.64,12.62,12.64,18380.0
15:49,12.61,12.62,12.61,12.62,9929.0
15:50,12.65,12.65,12.61,12.62,18668.0
15:51,12.65,12.66,12.63,12.65,2904864.0
15:52,12.66,12.66,12.65,12.66,1.0
15:53,12.66,12.67,12.65,12.65,27061.0
15:54,12.6,12.67,12.59,12.66,54103.0
15:55,12.61,12.62,12.59,12.6,40899.0
15:56,12.59,12.61,12.57,12.61,62797.0
15:57,12.6,12.6,12.59,12.59,48104.0
15:58,12.59,12.6,12.59,12.6,110702.0
15:59,12.56,12.59,12.56,12.59,135642.0
