Time,Close,High,Low,Open,Volume
09:30,12.75,12.86,12.74,12.82,117770.0
09:31,12.75,12.76,12.67,12.74,70992.0
09:32,12.77,12.77,12.73,12.75,14092.0
09:33,12.83,12.83,12.75,12.75,14921.0
09:34,12.86,12.87,12.8,12.8,33642.0
09:35,12.84,12.87,12.83,12.83,4856.0
09:36,12.88,12.88,12.84,12.85,15443.0
09:37,12.89,12.9,12.88,12.88,10152.0
09:38,12.96,12.96,12.89,12.9,6758.0
09:39,12.9,12.94,12.9,12.94,27820.0
09:40,13.03,13.03,12.9,12.9,24185.0
09:41,13.1,13.13,13.03,13.03,46315.0
09:42,13.11,13.11,13.07,13.1,19726.0
09:43,13.12,13.15,13.1,13.11,24992.0
09:44,13.11,13.12,13.09,13.11,28045.0
09:45,13.14,13.19,13.11,13.13,23984.0
09:46,13.12,13.15,13.11,13.14,35509.0
09:47,13.14,13.18,13.11,13.12,14838.0
09:48,13.16,13.18,13.12,13.14,8013.0
09:49,13.22,13.23,13.19,13.19,20127.0
09:50,13.29,13.29,13.2,13.2,71755.0
09:51,13.3,13.3,13.26,13.29,14087.0
09:52,13.3,13.3,13.26,13.29,15119.0
09:53,13.18,13.3,13.14,13.3,66061.0
09:54,13.21,13.22,13.2,13.2,15027.0
09:55,13.25,13.25,13.18,13.21,61107.0
09:56,13.25,13.27,13.23,13.24,24362.0
09:57,13.22,13.26,13.22,13.26,19142.0
09:58,13.23,13.27,13.21,13.23,54013.0
09:59,13.19,13.23,13.19,13.23,25966.0
10:00,13.22,13.22,13.18,13.2,16145.0
10:01,13.17,13.22,13.16,13.22,11898.0
10:02,13.18,13.19,13.16,13.18,19471.0
10:03,13.15,13.18,13.15,13.17,12143.0
10:04,13.14,13.16,13.12,13.15,30939.0
10:05,13.17,13.18,13.14,13.14,43326.0
10:06,13.15,13.16,13.13,13.16,22819.0
10:07,13.15,13.19,13.15,13.15,15802.0
10:08,13.11,13.15,13.1,13.15,6627.0
10:09,13.07,13.11,13.04,13.11,26518.0
10:10,13.1,13.11,13.07,13.07,11682.0
10:11,13.1,13.12,13.1,13.11,4923.0
10:12,13.08,13.09,13.06,13.09,17139.0
10:13,13.03,13.07,13.02,13.07,80726.0
10:14,13.02,13.03,13.0,13.02,503890.0
10:15,12.99,13.03,12.99,13.02,1.0
10:16,12.96,12.99,12.96,12.99,5967.0
10:17,12.97,12.99,12.97,12.98,11704.0
10:18,12.92,12.96,12.92,12.96,7084.0
10:19,12.98,12.98,12.91,12.92,8944.0
10:20,12.95,12.98,12.95,12.98,3262.0
10:21,12.92,12.94,12.9,12.94,11816.0
10:22,12.94,12.94,12.9,12.91,564457.0
10:23,12.94,12.94,12.93,12.93,1.0
10:24,12.95,12.95,12.93,12.94,3426.0
10:25,12.94,12.96,12.93,12.94,12227.0
10:26,12.93,12.96,12.92,12.95,8512.0
10:27,12.91,12.92,12.9,12.92,6400.0
10:28,12.9,12.91,12.89,12.91,4127.0
10:29,12.9,12.9,12.88,12.9,9347.0
10:30,12.89,12.9,12.88,12.88,3703.0
10:31,12.9,12.91,12.89,12.89,11709.0
10:32,12.9,12.9,12.89,12.9,2934.0
10:33,12.92,12.94,12.9,12.9,7241.0
10:34,12.91,12.92,12.9,12.91,6255.0
10:35,12.93,12.94,12.92,12.93,2013.0
10:36,12.94,12.94,12.92,12.94,8413.0
10:37,12.9,12.93,12.89,12.93,18622.0
10:38,12.88,12.91,12.88,12.89,17106.0
10:39,12.91,12.91,12.88,12.89,6770.0
10:40,12.92,12.93,12.91,12.92,7361.0
10:41,12.9,12.91,12.89,12.91,10664.0
10:42,12.91,12.93,12.9,12.9,2401.0
10:43,12.9,12.91,12.9,12.91,3107.0
10:44,12.9,12.9,12.89,12.9,1939.0
10:45,12.89,12.91,12.88,12.9,5227.0
10:46,12.89,12.9,12.89,12.9,2439.0
10:47,12.9,12.9,12.89,12.89,4862.0
10:48,12.9,12.9,12.89,12.9,6942.0
10:49,12.9,12.9,12.89,12.89,1681.0
10:50,12.88,12.88,12.87,12.88,8897.0
10:51,12.91,12.91,12.86,12.87,14566.0
10:52,12.91,12.92,12.91,12.92,9180.0
10:53,12.91,12.93,12.91,12.92,2138.0
10:54,12.91,12.93,12.91,12.92,4447.0
10:55,12.94,12.94,12.91,12.92,7640.0
10:56,12.94,12.95,12.92,12.93,8494.0
10:57,12.96,12.96,12.94,12.94,4204.0
10:58,12.96,12.96,12.95,12.95,5687.0
10:59,12.97,12.97,12.97,12.97,7702.0
11:00,12.98,12.98,12.97,12.97,4471.0
11:01,12.96,12.99,12.96,12.98,5830.0
11:02,12.97,12.98,12.97,12.97,3973.0
11:03,12.97,12.97,12.95,12.97,4125.0
11:04,12.98,12.99,12.97,12.97,5101.0
11:05,13.0,13.0,12.98,12.98,6216.0
11:06,13.01,13.02,13.0,13.0,8177.0
11:07,13.0,13.0,12.99,13.0,7656.0
11:08,12.99,13.0,12.98,12.99,2983.0
11:09,13.01,13.02,12.99,12.99,8576.0
11:10,13.03,13.03,13.01,13.02,3952.0
11:11,13.03,13.03,13.01,13.02,7267.0
11:12,13.03,13.04,13.02,13.02,6323.0
11:13,13.04,13.05,13.03,13.03,4811.0
11:14,13.03,13.05,13.03,13.05,3064.0
11:15,13.05,13.05,13.04,13.05,1549.0
11:16,13.01,13.04,13.0,13.04,12902.0
11:17,13.03,13.03,13.01,13.01,3919.0
11:18,13.04,13.05,13.03,13.05,1545.0
11:19,13.03,13.04,13.03,13.04,3696.0
11:20,13.01,13.02,13.01,13.02,5317.0
11:21,13.01,13.02,13.0,13.01,8944.0
11:22,13.01,13.01,13.0,13.01,4261.0
11:23,13.02,13.02,13.01,13.01,7582.0
11:24,13.02,13.02,13.01,13.01,3187.0
11:25,13.02,13.03,13.02,13.02,2384.0
11:26,13.0,13.02,13.0,13.02,2647.0
11:27,13.0,13.01,13.0,13.01,7369.0
11:28,12.99,12.99,12.98,12.98,6401.0
11:29,13.01,13.01,13.0,13.01,1928.0
11:30,13.01,13.02,13.01,13.01,1890.0
11:31,13.03,13.04,13.02,13.02,3638.0
11:32,13.02,13.04,13.02,13.03,4864.0
11:33,13.04,13.04,13.0,13.01,18182.0
11:34,13.05,13.05,13.03,13.05,10187.0
11:35,13.03,13.03,13.03,13.03,4199.0
11:36,13.02,13.02,13.0,13.02,11385.0
11:37,13.02,13.03,13.02,13.02,6718.0
11:38,13.02,13.03,13.02,13.02,784804.0
11:39,12.99,13.03,12.99,13.02,1.0
11:40,13.0,13.0,12.98,12.98,1924.0
11:41,13.02,13.02,12.99,13.0,2166.0
11:42,13.02,13.02,13.02,13.02,918.0
11:43,13.02,13.03,13.02,13.02,1803.0
11:44,13.03,13.03,13.02,13.02,2805.0
11:45,13.01,13.02,13.01,13.02,1801.0
11:46,13.02,13.02,13.0,13.0,6923.0
11:47,13.02,13.02,13.02,13.02,5512.0
11:48,12.99,13.02,12.98,13.02,6580.0
11:49,13.0,13.01,13.0,13.0,7273.0
11:50,12.96,12.99,12.96,12.98,2113.0
11:51,12.96,12.96,12.95,12.95,6221.0
11:52,12.97,12.98,12.97,12.97,5167.0
11:53,12.97,12.97,12.97,12.97,843.0
11:54,12.96,12.96,12.95,12.96,2456.0
11:55,12.91,12.94,12.9,12.94,7999.0
11:56,12.91,12.91,12.89,12.9,10227.0
11:57,12.91,12.93,12.9,12.9,6638.0
11:58,12.93,12.93,12.91,12.91,38845.0
11:59,12.96,12.97,12.93,12.93,2649.0
12:00,12.95,12.96,12.94,12.96,3011.0
12:01,12.95,12.96,12.95,12.95,3133.0
12:02,12.97,12.97,12.95,12.95,1405.0
12:03,12.95,12.96,12.94,12.96,3787.0
12:04,12.95,12.96,12.95,12.96,707.0
12:05,12.95,12.96,12.95,12.96,2638.0
12:06,12.94,12.94,12.93,12.94,5048.0
12:07,12.96,12.96,12.94,12.94,3821.0
12:08,12.99,12.99,12.98,12.98,4143.0
12:09,13.01,13.01,12.99,12.99,28276.0
12:10,13.01,13.01,13.01,13.01,1335.0
12:11,13.02,13.02,13.0,13.0,7737.0
12:12,13.06,13.06,13.02,13.02,4372.0
12:13,13.07,13.07,13.06,13.06,3047.0
12:14,13.09,13.09,13.07,13.08,8312.0
12:15,13.09,13.1,13.09,13.1,6394.0
12:16,13.1,13.1,13.08,13.09,22422.0
12:17,13.12,13.12,13.1,13.11,22010.0
12:18,13.1,13.11,13.1,13.11,14699.0
12:19,13.15,13.15,13.12,13.12,6490.0
12:20,13.15,13.2,13.15,13.15,21206.0
12:21,13.2,13.2,13.14,13.15,24998.0
12:22,13.2,13.22,13.2,13.22,13723.0
12:23,13.15,13.22,13.15,13.19,21689.0
12:24,13.17,13.17,13.14,13.15,12324.0
12:25,13.16,13.16,13.16,13.16,8217.0
12:26,13.19,13.19,13.15,13.16,17794.0
12:27,13.15,13.19,13.15,13.18,11132.0
12:28,13.15,13.15,13.14,13.15,18845.0
12:29,13.12,13.14,13.12,13.14,6968.0
12:30,13.12,13.12,13.12,13.12,5090.0
12:31,13.13,13.14,13.12,13.12,2419.0
12:32,13.14,13.14,13.12,13.13,4188.0
12:33,13.12,13.13,13.12,13.13,2033.0
12:34,13.12,13.13,13.12,13.13,1165.0
12:35,13.11,13.11,13.1,13.1,6942.0
12:36,13.11,13.11,13.1,13.11,11821.0
12:37,13.13,13.13,13.11,13.11,1364.0
12:38,13.14,13.14,13.14,13.14,6374.0
12:39,13.14,13.14,13.13,13.14,3100.0
12:40,13.14,13.15,13.14,13.14,4594.0
12:41,13.15,13.15,13.12,13.13,2456.0
12:42,13.14,13.15,13.13,13.14,14392.0
12:43,13.13,13.13,13.13,13.13,170.0
12:44,13.13,13.14,13.13,13.14,1915.0
12:45,13.15,13.15,13.14,13.14,7472.0
12:46,13.14,13.15,13.13,13.15,3331.0
12:47,13.11,13.14,13.09,13.14,20191.0
12:48,13.13,13.13,13.11,13.11,14478.0
12:49,13.14,13.14,13.12,13.12,2064.0
12:50,13.12,13.14,13.12,13.14,4466.0
12:51,13.12,13.12,13.11,13.12,6352.0
12:52,13.13,13.13,13.11,13.11,2041.0
12:53,13.14,13.15,13.14,13.14,1642.0
12:54,13.15,13.16,13.14,13.14,23548.0
12:55,13.15,13.15,13.15,13.15,7863.0
12:56,13.15,13.16,13.15,13.16,1601.0
12:57,13.15,13.15,13.15,13.15,3289.0
12:58,13.15,13.16,13.14,13.16,17117.0
12:59,13.15,13.15,13.14,13.14,2265.0
13:00,13.15,13.15,13.13,13.15,7489.0
13:01,13.14,13.15,13.14,13.15,1540.0
13:02,13.14,13.15,13.13,13.15,5766.0
13:03,13.12,13.14,13.12,13.14,5100.0
13:04,13.11,13.12,13.11,13.12,1279.0
13:05,13.14,13.14,13.11,13.11,6208.0
13:06,13.12,13.14,13.12,13.14,3130.0
13:07,13.13,13.14,13.12,13.12,1973.0
13:08,13.13,13.13,13.11,13.13,3251.0
13:09,13.14,13.14,13.13,13.13,1868.0
13:10,13.15,13.15,13.14,13.14,2639.0
13:11,13.13,13.14,13.12,13.14,3832.0
13:12,13.1,13.14,13.1,13.12,23743.0
13:13,13.11,13.11,13.1,13.1,3858.0
13:14,13.12,13.12,13.11,13.11,780.0
13:15,13.11,13.11,13.11,13.11,1282.0
13:16,13.12,13.12,13.1,13.11,2229.0
13:17,13.12,13.13,13.12,13.13,4574.0
13:18,13.1,13.13,13.1,13.12,6125.0
13:19,13.11,13.11,13.11,13.11,2297.0
13:20,13.12,13.12,13.11,13.11,1536.0
13:21,13.12,13.14,13.12,13.12,3181.0
13:22,13.12,13.12,13.12,13.12,1435.0
13:23,13.11,13.13,13.11,13.13,3751.0
13:24,13.11,13.11,13.1,13.1,2395.0
13:25,13.12,13.12,13.1,13.1,2009.0
13:26,13.11,13.12,13.11,13.12,3538.0
13:27,13.1,13.11,13.1,13.11,9739.0
13:28,13.11,13.11,13.09,13.09,6068.0
13:29,13.11,13.11,13.11,13.11,6393.0
13:30,13.13,13.13,13.12,13.12,1083.0
13:31,13.1,13.12,13.1,13.12,6239.0
13:32,13.1,13.1,13.1,13.1,730.0
13:33,13.1,13.1,13.1,13.1,5878.0
13:34,13.1,13.1,13.09,13.09,15274.0
13:35,13.1,13.11,13.1,13.1,1623.0
13:36,13.1,13.11,13.1,13.11,5143.0
13:37,13.1,13.1,13.1,13.1,1152.0
13:38,13.1,13.1,13.1,13.1,1212.0
13:39,13.11,13.11,13.1,13.1,4487.0
13:40,13.11,13.11,13.11,13.11,147.0
13:41,13.13,13.13,13.11,13.11,1998.0
13:42,13.15,13.15,13.12,13.12,5186.0
13:43,13.16,13.16,13.16,13.16,736.0
13:44,13.15,13.15,13.14,13.15,1966.0
13:45,13.13,13.14,13.13,13.14,7087.0
13:46,13.11,13.12,13.11,13.12,2619.0
13:47,13.12,13.12,13.11,13.11,5040.0
13:48,13.13,13.13,13.12,13.12,4394.0
13:49,13.14,13.14,13.14,13.14,803.0
13:50,13.15,13.15,13.13,13.14,9496.0
13:51,13.18,13.18,13.14,13.15,4161.0
13:52,13.14,13.18,13.14,13.18,5117.0
13:53,13.16,13.16,13.15,13.15,2154.0
13:54,13.15,13.16,13.14,13.15,16158.0
13:55,13.15,13.15,13.15,13.15,3275.0
13:56,13.18,13.19,13.15,13.15,31793.0
13:57,13.19,13.2,13.18,13.18,12013.0
13:58,13.19,13.2,13.19,13.19,8216.0
13:59,13.19,13.19,13.18,13.19,1943.0
14:00,13.2,13.21,13.18,13.18,10242.0
14:01,13.23,13.25,13.2,13.2,11916.0
14:02,13.23,13.24,13.23,13.23,7782.0
14:03,13.22,13.22,13.21,13.22,6511.0
14:04,13.22,13.22,13.21,13.22,8547.0
14:05,13.21,13.22,13.19,13.22,6407.0
14:06,13.21,13.22,13.21,13.22,13884.0
14:07,13.22,13.24,13.2,13.2,13956.0
14:08,13.23,13.23,13.23,13.23,4375.0
14:09,13.23,13.23,13.23,13.23,6364.0
14:10,13.22,13.23,13.22,13.23,3532.0
14:11,13.21,13.22,13.2,13.22,8906.0
14:12,13.22,13.22,13.22,13.22,3035.0
14:13,13.26,13.26,13.22,13.22,21646.0
14:14,13.27,13.27,13.26,13.26,6623.0
14:15,13.28,13.29,13.26,13.27,18770.0
14:16,13.28,13.28,13.27,13.28,45109.0
14:17,13.29,13.3,13.27,13.27,19116.0
14:18,13.33,13.34,13.29,13.29,67018.0
14:19,13.36,13.38,13.33,13.33,26136.0
14:20,13.36,13.37,13.36,13.36,5457.0
14:21,13.38,13.39,13.35,13.36,1440233.0
14:22,13.37,13.38,13.37,13.37,1.0
14:23,13.38,13.38,13.36,13.38,14434.0
14:24,13.39,13.4,13.37,13.37,14395.0
14:25,13.4,13.4,13.38,13.39,16237.0
14:26,13.44,13.44,13.4,13.4,9294.0
14:27,13.43,13.44,13.43,13.44,9775.0
14:28,13.43,13.44,13.42,13.43,29467.0
14:29,13.44,13.44,13.42,13.43,19102.0
14:30,13.44,13.45,13.43,13.44,16502.0
14:31,13.44,13.44,13.43,13.44,21150.0
14:32,13.39,13.44,13.39,13.44,64580.0
14:33,13.37,13.38,13.37,13.38,9380.0
14:34,13.39,13.39,13.37,13.37,11695.0
14:35,13.38,13.38,13.38,13.38,1558.0
14:36,13.39,13.39,13.37,13.37,8361.0
14:37,13.35,13.38,13.35,13.38,9008.0
14:38,13.38,13.39,13.35,13.35,5172.0
14:39,13.39,13.39,13.38,13.39,1275.0
14:40,13.38,13.39,13.37,13.39,5107.0
14:41,13.38,13.39,13.38,13.39,6070.0
14:42,13.38,13.38,13.37,13.38,1413.0
14:43,13.38,13.38,13.37,13.38,4465.0
14:44,13.38,13.4,13.38,13.38,9155.0
14:45,13.39,13.39,13.37,13.38,2579.0
14:46,13.4,13.4,13.38,13.39,21558.0
14:47,13.4,13.41,13.4,13.41,1380.0
14:48,13.44,13.44,13.39,13.4,11675.0
14:49,13.46,13.46,13.43,13.44,24106.0
14:50,13.45,13.46,13.45,13.46,10338.0
14:51,13.45,13.46,13.45,13.46,9820.0
14:52,13.47,13.47,13.45,13.45,6179.0
14:53,13.44,13.47,13.42,13.47,22139.0
14:54,13.45,13.46,13.44,13.44,18993.0
14:55,13.49,13.49,13.45,13.45,13204.0
14:56,13.47,13.48,13.47,13.48,9844.0
14:57,13.44,13.48,13.43,13.48,20114.0
14:58,13.45,13.45,13.44,13.44,24106.0
14:59,13.48,13.49,13.45,13.45,34566.0
15:00,13.52,13.52,13.47,13.48,47029.0
15:01,13.48,13.52,13.47,13.52,46084.0
15:02,13.47,13.49,13.47,13.47,27432.0
15:03,13.46,13.48,13.46,13.48,19994.0
15:04,13.45,13.47,13.45,13.47,24478.0
15:05,13.48,13.49,13.46,13.47,25414.0
15:06,13.48,13.49,13.48,13.48,35989.0
15:07,13.48,13.48,13.47,13.48,12517.0
15:08,13.48,13.48,13.47,13.48,27482.0
15:09,13.48,13.48,13.47,13.48,19738.0
15:10,13.52,13.55,13.47,13.47,29933.0
15:11,13.54,13.55,13.51,13.51,30841.0
15:12,13.6,13.6,13.54,13.54,24875.0
15:13,13.6,13.61,13.59,13.6,22043.0
15:14,13.59,13.6,13.58,13.6,9369.0
15:15,13.58,13.59,13.57,13.58,39122.0
15:16,13.61,13.62,13.57,13.57,33801.0
15:17,13.64,13.64,13.6,13.61,19529.0
15:18,13.63,13.64,13.62,13.63,6951.0
15:19,13.61,13.64,13.6,13.63,28999.0
15:20,13.61,13.63,13.6,13.62,38926.0
15:21,13.62,13.62,13.6,13.62,19758.0
15:22,13.63,13.64,13.6,13.62,26265.0
15:23,13.6,13.63,13.59,13.63,22222.0
15:24,13.6,13.61,13.6,13.61,16827.0
15:25,13.61,13.61,13.6,13.6,6578.0
15:26,13.6,13.61,13.6,13.6,23541.0
15:27,13.58,13.6,13.58,13.6,12223.0
15:28,13.6,13.6,13.58,13.58,16243.0
15:29,13.62,13.63,13.59,13.6,32553.0
15:30,13.62,13.63,13.62,13.62,13675.0
15:31,13.6,13.65,13.6,13.62,40157.0
15:32,13.56,13.6,13.56,13.6,33078.0
15:33,13.56,13.57,13.55,13.56,23471.0
15:34,13.55,13.56,13.54,13.56,28331.0
15:35,13.55,13.56,13.55,13.55,8664.0
15:36,13.57,13.57,13.55,13.56,11901.0
15:37,13.56,13.57,13.55,13.56,18765.0
15:38,13.56,13.57,13.55,13.56,22316.0
15:39,13.56,13.56,13.55,13.56,18178.0
15:40,13.55,13.56,13.55,13.56,29776.0
15:41,13.55,13.55,13.55,13.55,4374.0
15:42,13.53,13.55,13.53,13.55,7842.0
15:43,13.54,13.55,13.53,13.53,15074.0
15:44,13.55,13.55,13.54,13.54,27408.0
15:45,13.56,13.56,13.55,13.55,19393.0
15:46,13.59,13.6,13.56,13.56,38030.0
15:47,13.59,13.6,13.58,13.59,27668.0
15:48,13.6,13.61,13.58,13.59,26379.0
15:49,13.6,13.61,13.6,13.6,15945.0
15:50,13.52,13.63,13.52,13.61,35362.0
15:51,13.52,13.52,13.5,13.52,34802.0
15:52,13.51,13.52,13.5,13.52,21935.0
15:53,13.48,13.53,13.47,13.51,66893.0
15:54,13.55,13.56,13.47,13.48,58657.0
15:55,13.49,13.55,13.45,13.55,72705.0
15:56,13.53,13.55,13.48,13.49,73879.0
15:57,13.55,13.55,13.53,13.53,42585.0
15:58,13.55,13.56,13.54,13.55,47599.0
15:59,13.57,13.59,13.54,13.55,128694.0
