Time,Close,High,Low,Open,Volume
09:30,581.48,582.0,580.88,580.88,29519.0
09:31,582.05,582.89,582.0,582.0,4304.0
09:32,583.02,583.12,582.61,582.88,4250.0
09:33,582.06,583.04,582.06,583.02,4829.0
09:34,581.16,582.08,581.02,582.07,8678.0
09:35,580.49,581.1,580.42,581.1,14955.0
09:36,580.94,580.97,580.01,580.48,4589.0
09:37,581.1,581.3,580.96,581.3,2803.0
09:38,580.93,581.1,580.35,581.1,5657.0
09:39,580.46,580.93,580.46,580.93,3397.0
09:40,580.88,581.63,580.88,580.98,2898.0
09:41,580.85,581.89,580.72,581.11,7932.0
09:42,580.16,580.8,580.16,580.8,2906.0
09:43,580.33,580.33,580.31,580.31,2658.0
09:44,580.32,580.61,580.06,580.61,4730.0
09:45,581.0,581.0,580.24,580.3,6151.0
09:46,581.55,581.55,580.73,580.98,2635.0
09:47,581.18,581.25,580.61,581.22,4302.0
09:48,580.97,581.18,580.97,581.0,557.0
09:49,581.21,581.35,581.01,581.01,1889.0
09:50,581.33,581.47,581.33,581.43,1225.0
09:51,581.14,581.59,580.94,581.51,5467.0
09:52,581.23,581.39,581.04,581.27,3010.0
09:53,581.05,581.61,580.81,581.47,4515.0
09:54,581.49,581.49,581.14,581.25,4064.0
09:55,581.54,581.87,581.54,581.71,3340.0
09:56,581.34,582.0,581.34,581.81,6207.0
09:57,581.6,581.68,581.36,581.67,2803.0
09:58,582.13,582.24,581.98,581.98,4332.0
09:59,582.13,582.13,582.0,582.01,1013.0
10:00,582.4,582.48,581.95,582.3,4824.0
10:01,582.72,582.84,582.41,582.41,3362.0
10:02,582.35,582.91,582.35,582.72,3925.0
10:03,582.28,582.51,582.19,582.34,3872.0
10:04,582.32,582.67,582.32,582.67,5993.0
10:05,582.41,582.69,582.31,582.69,1209.0
10:06,582.34,582.34,582.13,582.18,2907.0
10:07,582.17,582.28,582.17,582.28,745.0
10:08,582.39,582.39,582.12,582.28,1613.0
10:09,582.21,582.61,582.15,582.39,8307.0
10:10,582.32,582.49,582.15,582.2,5555.0
10:11,581.97,582.28,581.91,582.28,5474.0
10:12,581.95,582.03,581.73,581.97,6047.0
10:13,582.37,582.39,582.05,582.06,3615.0
10:14,582.14,582.2,582.14,582.2,1498.0
10:15,582.56,582.75,582.21,582.21,10466.0
10:16,583.09,583.1,582.48,582.52,6214.0
10:17,583.47,583.47,583.46,583.46,438.0
10:18,583.7,583.7,582.76,582.76,5234.0
10:19,583.52,583.67,583.52,583.52,3612.0
10:20,583.87,584.14,583.52,583.52,10120.0
10:21,584.03,584.03,583.93,583.93,1414.0
10:22,584.05,584.19,584.03,584.03,3491.0
10:23,583.7,584.04,583.66,584.03,6624.0
10:24,583.77,583.78,583.77,583.77,1451.0
10:25,583.94,584.02,583.89,583.89,2704.0
10:26,583.98,583.98,583.9,583.9,8676.0
10:27,584.0,584.0,584.0,584.0,635.0
10:28,584.01,584.05,584.0,584.0,2692.0
10:29,583.8,584.3,583.71,584.16,11668.0
10:30,584.01,584.02,583.61,583.61,11051.0
10:31,583.81,583.99,583.78,583.99,1309.0
10:32,583.6,583.61,583.6,583.61,1096.0
10:33,583.85,583.85,583.85,583.85,2712.0
10:34,584.0,584.01,583.76,583.85,5434.0
10:35,583.79,583.81,583.79,583.8,3194.0
10:36,583.64,583.64,583.64,583.64,1148.0
10:37,583.08,583.7,583.08,583.7,4380.0
10:38,583.02,583.08,582.92,582.92,7626.0
10:39,582.98,583.02,582.55,583.02,4172.0
10:40,583.0,583.0,582.63,582.63,1912.0
10:41,582.62,582.62,582.62,582.62,500.0
10:42,582.5,582.6,582.5,582.52,1602.0
10:43,582.46,582.47,582.46,582.47,2663.0
10:44,582.47,582.79,582.45,582.77,4405.0
10:45,582.54,582.62,582.43,582.45,2911.0
10:46,582.06,582.48,582.06,582.48,6576.0
10:47,582.03,582.53,581.95,582.06,6098.0
10:48,582.07,582.29,582.07,582.29,6202.0
10:49,582.63,582.63,582.62,582.62,1476.0
10:50,582.4,582.4,582.01,582.37,1381.0
10:51,583.1,583.1,582.41,582.41,3110.0
10:52,583.29,583.32,582.98,582.99,3870.0
10:53,583.03,583.31,583.03,583.16,3304.0
10:54,583.41,583.41,583.04,583.24,6834.0
10:55,583.25,583.43,583.06,583.34,6641.0
10:56,583.09,583.45,583.09,583.45,6448.0
10:57,583.12,583.27,582.95,583.27,7426.0
10:58,583.28,583.55,583.23,583.29,1668.0
10:59,583.29,583.56,583.29,583.56,1441.0
11:00,583.7,583.7,583.29,583.29,4717.0
11:01,584.17,584.5,583.79,583.79,2613.0
11:02,583.9,584.18,583.86,584.05,2234.0
11:03,583.56,584.05,583.55,583.99,20790.0
11:04,583.46,583.53,583.46,583.53,23268.0
11:05,583.29,583.46,583.29,583.46,2440.0
11:06,583.2,583.45,583.01,583.45,2402.0
11:07,583.28,583.41,583.06,583.06,2107.0
11:08,583.13,583.13,583.1,583.1,879.0
11:09,583.57,583.57,583.27,583.46,8349.0
11:10,583.61,583.76,583.41,583.47,2799.0
11:11,583.38,583.42,583.27,583.42,2284.0
11:12,583.46,583.68,583.32,583.32,3937.0
11:13,583.48,583.56,583.48,583.56,2536.0
11:14,583.38,583.38,583.38,583.38,776.0
11:15,583.36,583.77,583.36,583.57,11683.0
11:16,583.49,583.63,583.35,583.63,9778.0
11:17,583.42,583.64,583.42,583.49,2008.0
11:18,583.79,583.84,583.61,583.65,2297.0
11:19,583.99,584.07,583.99,584.07,2274.0
11:20,584.31,584.31,584.03,584.14,3226.0
11:21,584.11,584.3,584.03,584.3,2426.0
11:22,584.11,584.11,584.11,584.11,1236.0
11:23,584.12,584.32,584.11,584.11,2775.0
11:24,584.65,584.65,584.07,584.2,9422.0
11:25,584.67,584.67,584.38,584.45,5232.0
11:26,584.7,584.7,584.7,584.7,1042.0
11:27,584.41,584.66,584.41,584.59,3856.0
11:28,584.42,584.42,584.3,584.31,1822.0
11:29,584.3,584.53,584.3,584.49,3173.0
11:30,584.7,584.7,584.46,584.61,2854.0
11:31,584.67,584.7,584.62,584.7,2063.0
11:32,584.63,584.63,584.63,584.63,1290.0
11:33,585.14,585.14,584.92,584.92,5324.0
11:34,586.19,586.19,585.23,585.34,15014.0
11:35,586.09,586.2,586.09,586.1,2470.0
11:36,586.28,586.49,586.28,586.29,3221.0
11:37,586.35,586.61,586.35,586.44,4098.0
11:38,586.2,586.36,586.2,586.35,2355.0
11:39,586.1,586.13,585.91,586.1,10141.0
11:40,586.07,586.1,586.07,586.1,949.0
11:41,586.23,586.37,586.23,586.37,2291.0
11:42,586.2,586.22,586.06,586.22,2799.0
11:43,586.38,586.41,585.99,586.05,11437.0
11:44,586.35,586.38,586.35,586.38,1059.0
11:45,586.3,586.31,586.28,586.28,1160.0
11:46,586.2,586.21,586.2,586.21,1225.0
11:47,586.19,586.3,586.19,586.2,1380.0
11:48,586.18,586.4,586.18,586.2,1536.0
11:49,586.45,586.45,586.2,586.24,1940.0
11:50,586.66,586.66,586.33,586.45,3132.0
11:51,586.87,586.87,586.49,586.67,6736.0
11:52,587.12,587.22,586.78,586.78,5850.0
11:53,587.21,587.21,587.05,587.13,2956.0
11:54,587.58,587.58,587.21,587.21,2297.0
11:55,587.74,587.74,587.49,587.51,2940.0
11:56,587.67,588.0,587.67,587.75,2360.0
11:57,587.91,587.99,587.75,587.75,2754.0
11:58,587.91,588.03,587.77,587.77,9874.0
11:59,587.45,588.14,587.45,587.89,10252.0
12:00,587.5,587.66,587.48,587.48,2491.0
12:01,587.93,587.93,587.78,587.78,734.0
12:02,587.67,587.67,587.67,587.67,1180.0
12:03,587.48,588.2,587.43,588.2,4799.0
12:04,587.49,588.0,587.46,588.0,3307.0
12:05,587.49,587.8,587.49,587.8,1815.0
12:06,587.54,587.54,587.54,587.54,476.0
12:07,587.67,587.67,587.67,587.67,960.0
12:08,587.8,587.8,587.79,587.8,1444.0
12:09,587.76,587.96,587.76,587.9,1201.0
12:10,587.79,587.97,587.79,587.97,1360.0
12:11,587.83,588.0,587.83,588.0,2587.0
12:12,588.01,588.21,587.71,588.0,1772.0
12:13,587.96,588.21,587.96,588.21,1225.0
12:14,588.08,588.2,587.92,588.2,2580.0
12:15,588.11,588.42,587.68,588.2,1940.0
12:16,588.24,588.36,588.24,588.36,1161.0
12:17,588.41,588.41,588.35,588.35,702.0
12:18,588.05,588.35,588.05,588.35,2302.0
12:19,588.16,588.16,587.98,588.05,2401.0
12:20,588.25,588.25,587.94,588.16,9761.0
12:21,588.26,588.31,588.05,588.24,7492.0
12:22,588.27,588.36,588.16,588.32,5224.0
12:23,588.28,588.42,588.27,588.41,2955.0
12:24,588.26,588.33,588.1,588.28,5064.0
12:25,588.16,588.2,588.0,588.2,2475.0
12:26,587.75,588.0,587.75,588.0,2658.0
12:27,587.74,588.04,587.74,587.97,2844.0
12:28,587.64,587.94,587.64,587.64,1266.0
12:29,587.6,587.6,587.56,587.56,1441.0
12:30,587.38,587.49,587.36,587.48,1697.0
12:31,587.22,587.3,587.22,587.3,1616.0
12:32,587.49,587.49,587.41,587.43,1886.0
12:33,587.4,587.4,587.38,587.38,818.0
12:34,587.4,587.4,587.4,587.4,848.0
12:35,587.41,587.48,587.29,587.47,3887.0
12:36,587.65,587.69,587.5,587.5,2650.0
12:37,587.5,587.57,587.5,587.5,1420.0
12:38,587.69,587.74,587.69,587.74,1455.0
12:39,587.5,587.89,587.5,587.89,1709.0
12:40,587.73,587.99,587.73,587.99,2021.0
12:41,587.71,587.71,587.71,587.71,662.0
12:42,587.9,587.96,587.73,587.96,2851.0
12:43,587.7,587.91,587.7,587.73,1954.0
12:44,587.8,587.89,587.74,587.89,786.0
12:45,588.02,588.12,587.82,587.82,1421.0
12:46,588.07,588.12,588.07,588.12,1400.0
12:47,588.22,588.22,588.07,588.07,1577.0
12:48,587.99,588.29,587.99,588.29,609.0
12:49,588.12,588.42,588.12,588.26,1412.0
12:50,588.44,588.44,588.33,588.42,1528.0
12:51,588.47,588.47,588.38,588.42,3780.0
12:52,588.5,588.5,588.43,588.43,6031.0
12:53,588.36,588.6,588.28,588.33,7067.0
12:54,588.36,588.36,588.26,588.26,506.0
12:55,588.31,588.54,588.23,588.36,3011.0
12:56,588.53,588.61,588.37,588.37,8716.0
12:57,588.17,588.49,588.16,588.49,6128.0
12:58,588.29,588.52,588.24,588.52,6316.0
12:59,588.4,588.55,588.32,588.55,6505.0
13:00,588.52,588.58,588.4,588.58,6693.0
13:01,588.4,588.4,588.4,588.4,397.0
13:02,588.58,588.58,588.4,588.48,3616.0
13:03,588.47,588.61,588.47,588.61,4569.0
13:04,588.46,588.53,588.46,588.53,1448.0
13:05,588.54,588.68,588.44,588.64,2240.0
13:06,588.16,588.54,588.16,588.54,6028.0
13:07,587.82,587.82,587.82,587.82,695.0
13:08,587.82,587.82,587.54,587.82,1532.0
13:09,587.82,587.82,587.82,587.82,663.0
13:10,588.08,588.1,587.93,588.1,3629.0
13:11,587.98,588.1,587.96,588.02,2983.0
13:12,588.07,588.16,588.07,588.16,1906.0
13:13,588.06,588.41,588.06,588.15,1739.0
13:14,588.14,588.23,588.13,588.23,1222.0
13:15,588.31,588.31,588.14,588.14,1915.0
13:16,588.3,588.31,588.15,588.15,623.0
13:17,588.32,588.32,588.3,588.32,2079.0
13:18,588.32,588.33,588.32,588.33,1227.0
13:19,588.41,588.5,588.39,588.46,2280.0
13:20,588.63,588.63,588.54,588.54,1264.0
13:21,588.51,588.51,588.51,588.51,1407.0
13:22,588.57,588.78,588.41,588.68,4130.0
13:23,588.47,588.59,588.4,588.57,5106.0
13:24,588.45,588.48,588.45,588.48,1712.0
13:25,588.76,588.76,588.64,588.64,2896.0
13:26,588.58,588.58,588.58,588.58,462.0
13:27,588.55,588.55,588.55,588.55,764.0
13:28,588.28,588.57,588.28,588.32,4035.0
13:29,587.74,588.34,587.74,588.34,3694.0
13:30,588.03,588.07,587.72,587.91,3533.0
13:31,588.03,588.03,588.03,588.03,123.0
13:32,587.82,588.08,587.8,588.01,2427.0
13:33,587.87,587.93,587.87,587.92,1989.0
13:34,587.76,587.76,587.76,587.76,237.0
13:35,587.76,587.76,587.76,587.76,375.0
13:36,587.73,587.94,587.62,587.77,2737.0
13:37,587.57,587.73,587.53,587.71,3109.0
13:38,587.64,587.81,587.62,587.8,1904.0
13:39,587.79,587.94,587.79,587.88,2272.0
13:40,588.43,588.43,588.06,588.06,1673.0
13:41,588.43,588.43,588.43,588.43,510.0
13:42,588.85,588.85,588.61,588.76,2117.0
13:43,589.08,589.2,589.08,589.16,2306.0
13:44,589.18,589.27,589.07,589.07,1892.0
13:45,589.01,589.19,589.01,589.18,4848.0
13:46,588.97,589.03,588.87,589.03,2191.0
13:47,588.93,589.07,588.79,588.97,4062.0
13:48,588.66,588.89,588.62,588.88,4885.0
13:49,588.71,588.71,588.71,588.71,710.0
13:50,588.55,588.55,588.55,588.55,1106.0
13:51,588.67,588.67,588.41,588.41,2177.0
13:52,588.42,588.67,588.24,588.67,9757.0
13:53,588.2,588.23,588.06,588.23,2563.0
13:54,588.2,588.2,588.19,588.2,2420.0
13:55,588.2,588.2,588.2,588.2,365.0
13:56,588.2,588.2,588.2,588.2,400.0
13:57,588.26,588.33,588.11,588.11,2336.0
13:58,588.43,588.59,588.26,588.26,4291.0
13:59,588.32,588.32,588.3,588.32,1514.0
14:00,588.47,588.52,588.47,588.52,1466.0
14:01,588.7,588.75,588.69,588.75,924.0
14:02,588.67,588.67,588.35,588.35,1529.0
14:03,588.59,588.59,588.59,588.59,1032.0
14:04,588.59,588.59,588.59,588.59,494.0
14:05,588.08,588.59,588.08,588.59,7210.0
14:06,587.84,588.02,587.7,587.89,4258.0
14:07,587.88,587.89,587.73,587.73,1942.0
14:08,587.65,587.72,587.33,587.7,3394.0
14:09,587.43,587.66,587.43,587.59,2038.0
14:10,587.54,587.63,587.54,587.54,1414.0
14:11,587.87,587.87,587.38,587.71,2280.0
14:12,588.11,588.25,587.76,587.87,2831.0
14:13,588.03,588.1,588.03,588.1,1300.0
14:14,587.74,588.03,587.68,588.03,3688.0
14:15,587.5,587.74,587.5,587.74,2439.0
14:16,587.52,587.52,587.52,587.52,1678.0
14:17,587.12,587.33,587.12,587.33,1113.0
14:18,587.32,587.49,587.06,587.09,6210.0
14:19,587.32,587.41,587.32,587.41,935.0
14:20,587.78,587.78,587.06,587.58,2855.0
14:21,587.78,587.78,587.78,587.78,497.0
14:22,587.74,587.79,587.74,587.75,1521.0
14:23,587.54,587.62,587.54,587.56,3550.0
14:24,587.72,587.74,587.62,587.62,2957.0
14:25,587.71,587.73,587.66,587.67,2456.0
14:26,587.7,587.72,587.7,587.72,1956.0
14:27,587.69,587.74,587.69,587.74,1519.0
14:28,587.68,587.76,587.68,587.76,1082.0
14:29,587.59,587.77,587.59,587.76,2826.0
14:30,587.67,587.76,587.63,587.71,1830.0
14:31,587.76,587.76,587.66,587.66,834.0
14:32,587.78,587.85,587.63,587.63,3027.0
14:33,587.77,587.78,587.77,587.78,2033.0
14:34,587.63,587.77,587.63,587.77,1574.0
14:35,587.59,587.76,587.46,587.64,4770.0
14:36,587.59,587.59,587.26,587.47,3203.0
14:37,587.52,587.52,587.52,587.52,735.0
14:38,587.62,587.67,587.52,587.61,3938.0
14:39,587.62,587.62,587.56,587.56,1482.0
14:40,587.62,587.75,587.62,587.63,1909.0
14:41,587.65,587.66,587.62,587.62,1374.0
14:42,587.65,587.65,587.65,587.65,937.0
14:43,587.86,588.0,587.73,587.85,3531.0
14:44,587.9,588.12,587.9,587.98,3245.0
14:45,587.92,588.03,587.92,587.95,2118.0
14:46,587.93,587.93,587.93,587.93,990.0
14:47,588.02,588.18,588.02,588.18,5000.0
14:48,588.06,588.18,588.06,588.17,3428.0
14:49,588.1,588.18,588.1,588.16,1857.0
14:50,588.08,588.21,588.01,588.15,5263.0
14:51,588.1,588.14,587.9,587.9,2691.0
14:52,587.58,588.11,587.58,588.11,3917.0
14:53,587.75,587.82,587.67,587.68,3218.0
14:54,587.76,587.76,587.76,587.76,1110.0
14:55,588.21,588.21,587.67,587.67,3898.0
14:56,588.5,588.52,588.19,588.21,4692.0
14:57,588.46,588.57,588.36,588.36,3169.0
14:58,588.22,588.48,588.22,588.48,3166.0
14:59,587.93,588.16,587.93,588.16,3820.0
15:00,587.91,587.91,587.75,587.78,1232.0
15:01,587.98,588.0,587.89,587.89,1953.0
15:02,587.74,587.96,587.74,587.96,4356.0
15:03,587.94,588.09,587.8,587.85,5741.0
15:04,587.8,587.8,587.8,587.8,1101.0
15:05,587.93,587.94,587.91,587.94,1314.0
15:06,588.06,588.09,587.93,587.93,3223.0
15:07,587.93,587.99,587.93,587.99,2993.0
15:08,587.91,588.04,586.17,587.99,16260.0
15:09,587.68,587.83,587.64,587.83,4120.0
15:10,587.65,587.92,587.63,587.63,5294.0
15:11,587.4,587.68,587.28,587.68,6122.0
15:12,587.41,587.41,587.4,587.4,1207.0
15:13,587.39,587.41,587.39,587.39,2149.0
15:14,587.46,587.48,587.46,587.48,1045.0
15:15,587.41,587.69,587.41,587.68,3684.0
15:16,587.12,587.56,587.12,587.41,6576.0
15:17,587.38,587.42,587.12,587.13,4198.0
15:18,587.4,587.4,587.39,587.39,1294.0
15:19,587.57,587.6,587.4,587.4,5058.0
15:20,587.44,587.79,587.44,587.58,3337.0
15:21,587.41,587.47,587.41,587.47,2420.0
15:22,587.47,587.47,587.41,587.41,1786.0
15:23,587.17,587.43,587.17,587.43,4346.0
15:24,587.11,587.14,587.07,587.08,5096.0
15:25,587.14,587.26,587.11,587.11,5558.0
15:26,587.11,587.11,587.0,587.03,3347.0
15:27,587.2,587.4,587.08,587.08,4544.0
15:28,587.29,587.37,587.16,587.16,4595.0
15:29,587.13,587.3,587.13,587.3,2809.0
15:30,587.05,587.34,586.97,587.14,9067.0
15:31,587.03,587.1,586.91,586.96,6526.0
15:32,586.97,587.03,586.97,587.03,1966.0
15:33,587.21,587.21,587.01,587.06,4680.0
15:34,587.27,587.38,587.12,587.21,3569.0
15:35,587.27,587.27,587.19,587.19,2052.0
15:36,587.53,587.61,587.13,587.21,7512.0
15:37,587.52,587.74,587.52,587.59,2795.0
15:38,587.53,587.61,587.5,587.61,1878.0
15:39,587.46,587.74,587.46,587.74,4427.0
15:40,587.54,587.59,587.33,587.34,7176.0
15:41,587.36,587.46,587.36,587.46,1676.0
15:42,587.39,587.49,587.38,587.38,2587.0
15:43,587.47,587.56,587.38,587.42,6658.0
15:44,587.23,587.46,587.14,587.46,10239.0
15:45,586.89,587.39,586.89,587.21,6470.0
15:46,586.82,586.97,586.64,586.92,5388.0
15:47,587.09,587.19,586.92,587.0,6916.0
15:48,587.11,587.11,586.85,587.06,6425.0
15:49,587.08,587.11,586.73,587.11,5699.0
15:50,588.18,588.26,587.0,587.18,12176.0
15:51,588.48,588.48,587.92,588.32,9795.0
15:52,588.72,588.78,588.36,588.39,7267.0
15:53,589.78,589.78,588.76,588.85,24318.0
15:54,589.54,589.97,589.31,589.47,32678.0
15:55,588.57,589.94,588.36,589.36,42452.0
15:56,589.18,589.33,589.0,589.0,10030.0
15:57,589.57,589.74,589.12,589.12,27949.0
15:58,589.2,589.6,589.11,589.54,40025.0
15:59,588.72,589.26,588.63,589.19,71410.0
