Time,Close,High,Low,Open,Volume
09:30,544.44,546.33,542.51,544.83,81731.0
09:31,544.44,546.33,542.51,544.83,81731.0
09:32,544.44,546.33,542.51,544.83,81731.0
09:33,544.44,546.33,542.51,544.83,81731.0
09:34,544.44,546.33,542.51,544.83,81731.0
09:35,544.44,546.33,542.51,544.83,81731.0
09:36,544.44,546.33,542.51,544.83,81731.0
09:37,544.44,546.33,542.51,544.83,81731.0
09:38,544.44,546.33,542.51,544.83,81731.0
09:39,544.44,546.33,542.51,544.83,81731.0
09:40,544.44,546.33,542.51,544.83,81731.0
09:41,544.44,546.33,542.51,544.83,81731.0
09:42,544.44,546.33,542.51,544.83,81731.0
09:43,544.44,546.33,542.51,544.83,81731.0
09:44,544.44,546.33,542.51,544.83,81731.0
09:45,544.44,546.33,542.51,544.83,81731.0
09:46,544.44,546.33,542.51,544.83,81731.0
09:47,544.44,546.33,542.51,544.83,81731.0
09:48,544.44,546.33,542.51,544.83,81731.0
09:49,544.44,546.33,542.51,544.83,81731.0
09:50,544.44,546.33,542.51,544.83,81731.0
09:51,544.44,546.33,542.51,544.83,81731.0
09:52,544.44,546.33,542.51,544.83,81731.0
09:53,544.44,546.33,542.51,544.83,81731.0
09:54,544.44,546.33,542.51,544.83,81731.0
09:55,544.44,546.33,542.51,544.83,81731.0
09:56,544.44,546.33,542.51,544.83,81731.0
09:57,544.44,546.33,542.51,544.83,81731.0
09:58,544.44,546.33,542.51,544.83,81731.0
09:59,544.44,546.33,542.51,544.83,81731.0
10:00,544.44,546.33,542.51,544.83,81731.0
10:01,544.44,546.33,542.51,544.83,81731.0
10:02,544.44,546.33,542.51,544.83,81731.0
10:03,544.44,546.33,542.51,544.83,81731.0
10:04,544.44,546.33,542.51,544.83,81731.0
10:05,544.44,546.33,542.51,544.83,81731.0
10:06,544.44,546.33,542.51,544.83,81731.0
10:07,544.44,546.33,542.51,544.83,81731.0
10:08,544.44,546.33,542.51,544.83,81731.0
10:09,544.44,546.33,542.51,544.83,81731.0
10:10,544.44,546.33,542.51,544.83,81731.0
10:11,544.44,546.33,542.51,544.83,81731.0
10:12,544.44,546.33,542.51,544.83,81731.0
10:13,544.44,546.33,542.51,544.83,81731.0
10:14,544.44,546.33,542.51,544.83,81731.0
10:15,544.44,546.33,542.51,544.83,81731.0
10:16,544.44,546.33,542.51,544.83,81731.0
10:17,544.44,546.33,542.51,544.83,81731.0
10:18,544.44,546.33,542.51,544.83,81731.0
10:19,544.44,546.33,542.51,544.83,81731.0
10:20,544.44,546.33,542.51,544.83,81731.0
10:21,544.44,546.33,542.51,544.83,81731.0
10:22,544.44,546.33,542.51,544.83,81731.0
10:23,544.44,546.33,542.51,544.83,81731.0
10:24,544.44,546.33,542.51,544.83,81731.0
10:25,544.44,546.33,542.51,544.83,81731.0
10:26,544.44,546.33,542.51,544.83,81731.0
10:27,544.44,546.33,542.51,544.83,81731.0
10:28,544.44,546.33,542.51,544.83,81731.0
10:29,544.44,546.33,542.51,544.83,81731.0
10:30,544.44,546.33,542.51,544.83,81731.0
10:31,543.92,544.82,543.92,544.57,3943.0
10:32,543.47,544.84,542.48,544.32,8760.0
10:33,545.01,546.27,543.24,543.24,11544.0
10:34,546.52,547.0,545.08,545.56,7166.0
10:35,546.63,547.18,546.06,546.16,9703.0
10:36,546.89,547.28,546.35,546.42,13797.0
10:37,546.03,546.91,545.9,546.91,6584.0
10:38,545.85,546.63,545.54,545.54,9081.0
10:39,546.56,546.96,545.77,545.86,11246.0
10:40,545.93,546.62,545.93,546.62,8633.0
10:41,546.89,547.02,545.14,545.82,10042.0
10:42,546.45,546.99,546.44,546.86,7486.0
10:43,547.66,547.7,546.45,546.63,10265.0
10:44,548.09,548.39,547.61,547.66,4140.0
10:45,548.43,548.49,547.63,548.08,17473.0
10:46,549.26,549.27,548.0,548.41,18793.0
10:47,548.94,549.27,548.61,549.27,4394.0
10:48,549.62,550.0,549.1,549.1,24236.0
10:49,549.81,550.48,549.16,549.64,48213.0
10:50,549.51,550.07,549.14,549.72,6435.0
10:51,549.25,549.5,548.89,549.45,5203.0
10:52,549.5,549.5,548.55,549.05,7889.0
10:53,548.16,549.26,548.04,549.24,19127.0
10:54,548.53,548.63,548.04,548.04,1695.0
10:55,548.92,549.39,548.56,548.65,8395.0
10:56,547.89,548.94,547.89,548.92,3346.0
10:57,547.41,548.0,547.36,547.86,2182.0
10:58,547.33,547.67,547.01,547.51,4960.0
10:59,548.36,548.66,547.33,547.33,3391.0
11:00,549.22,549.6,548.53,548.66,5583.0
11:01,550.6,550.64,549.61,549.62,9110.0
11:02,549.01,550.84,549.01,550.63,6166.0
11:03,549.45,550.15,549.16,549.39,6722.0
11:04,549.32,549.98,549.3,549.98,3080.0
11:05,549.85,550.39,549.7,549.73,6876.0
11:06,550.16,550.2,549.91,549.98,1805.0
11:07,550.08,550.4,550.05,550.05,8201.0
11:08,550.4,550.4,549.61,550.07,13540.0
11:09,550.64,550.8,550.44,550.44,7311.0
11:10,550.03,550.73,549.94,550.52,7022.0
11:11,550.31,550.54,550.2,550.23,3310.0
11:12,550.17,550.64,550.15,550.34,6354.0
11:13,550.19,550.51,550.07,550.27,5145.0
11:14,550.29,550.29,550.07,550.24,6126.0
11:15,550.56,550.9,550.38,550.38,2637.0
11:16,551.27,551.27,550.56,550.66,5329.0
11:17,551.13,551.28,550.96,551.26,3598.0
11:18,550.93,551.39,550.92,551.2,8178.0
11:19,550.79,551.09,550.68,550.94,8210.0
11:20,550.88,551.09,550.64,550.79,3566.0
11:21,550.4,550.95,550.21,550.81,7206.0
11:22,549.72,550.28,549.72,550.28,3080.0
11:23,550.14,550.14,549.68,549.8,5672.0
11:24,549.84,550.2,549.83,550.15,4463.0
11:25,549.52,549.89,549.19,549.84,7729.0
11:26,550.14,550.14,549.47,549.47,3487.0
11:27,550.69,550.77,550.14,550.14,4091.0
11:28,550.96,550.97,550.38,550.69,4795.0
11:29,551.29,551.29,550.62,550.62,6864.0
11:30,551.13,551.23,550.92,551.16,4623.0
11:31,551.04,551.33,551.03,551.14,5282.0
11:32,551.61,551.67,551.1,551.16,5673.0
11:33,551.76,551.76,551.58,551.68,2612.0
11:34,551.96,552.07,551.61,551.85,4846.0
11:35,551.89,552.12,551.63,551.95,4421.0
11:36,551.55,551.87,551.35,551.86,2433.0
11:37,551.02,551.55,551.02,551.55,3042.0
11:38,551.26,551.5,550.96,550.96,2831.0
11:39,551.23,551.3,550.84,551.25,5786.0
11:40,551.27,551.56,551.21,551.23,4638.0
11:41,551.05,551.49,551.05,551.27,3933.0
11:42,551.51,551.51,551.09,551.24,1799.0
11:43,551.45,551.46,551.26,551.42,2198.0
11:44,550.91,551.39,550.83,551.28,5117.0
11:45,551.27,551.27,550.75,550.91,2503.0
11:46,551.38,551.71,551.08,551.08,5491.0
11:47,550.26,551.47,550.26,551.35,7172.0
11:48,551.35,551.4,550.13,550.31,8848.0
11:49,550.29,551.24,550.29,551.22,7649.0
11:50,550.02,550.64,550.02,550.4,4383.0
11:51,550.39,550.84,550.2,550.2,6368.0
11:52,550.63,551.0,550.28,550.3,7019.0
11:53,550.53,550.87,550.53,550.53,3768.0
11:54,550.42,550.56,550.25,550.53,4645.0
11:55,549.95,550.56,549.95,550.42,4387.0
11:56,550.51,550.59,549.77,549.95,13583.0
11:57,550.61,550.69,550.43,550.51,6826.0
11:58,551.09,551.2,550.5,550.61,8471.0
11:59,551.18,551.21,550.78,550.96,7745.0
12:00,551.22,551.46,551.04,551.14,10761.0
12:01,550.91,551.26,550.74,551.06,5248.0
12:02,551.14,551.22,550.91,550.91,7005.0
12:03,551.03,551.33,551.03,551.15,6920.0
12:04,551.04,551.15,550.88,551.03,7492.0
12:05,551.29,551.67,551.02,551.04,9338.0
12:06,551.89,552.0,551.29,551.29,7176.0
12:07,551.7,552.0,551.43,552.0,7040.0
12:08,552.09,552.18,551.49,551.59,7701.0
12:09,552.33,552.36,552.09,552.09,8766.0
12:10,552.84,552.84,552.26,552.26,14586.0
12:11,552.59,553.07,552.54,552.75,12647.0
12:12,552.78,552.91,552.57,552.61,8571.0
12:13,552.63,552.78,552.52,552.78,7705.0
12:14,553.27,553.36,552.55,552.61,12949.0
12:15,553.33,553.61,553.2,553.2,4484.0
12:16,552.95,553.27,552.91,553.14,6096.0
12:17,553.22,553.75,552.95,553.01,22548.0
12:18,553.35,553.75,553.22,553.48,5456.0
12:19,553.22,553.53,553.15,553.48,7465.0
12:20,553.8,553.8,552.97,552.98,6062.0
12:21,553.64,553.81,553.53,553.66,5290.0
12:22,553.45,553.73,553.3,553.73,4720.0
12:23,553.19,553.58,553.19,553.3,2892.0
12:24,553.49,553.49,553.18,553.29,2741.0
12:25,553.32,553.67,553.29,553.58,5803.0
12:26,553.39,553.53,553.11,553.11,3098.0
12:27,553.71,553.88,553.35,553.35,8203.0
12:28,553.43,553.85,553.43,553.71,2861.0
12:29,553.94,553.96,553.51,553.63,3588.0
12:30,553.7,553.9,553.66,553.9,6759.0
12:31,553.66,554.03,553.52,553.67,5891.0
12:32,553.73,553.75,553.39,553.54,2607.0
12:33,553.35,553.69,553.25,553.61,2129.0
12:34,553.47,553.47,553.24,553.42,2337.0
12:35,552.67,553.21,552.67,553.16,3239.0
12:36,552.81,552.89,552.67,552.67,2179.0
12:37,553.03,553.18,552.86,552.98,1766.0
12:38,553.18,553.18,552.79,553.03,3841.0
12:39,552.9,553.21,552.74,553.18,8987.0
12:40,552.55,553.03,552.48,552.85,4940.0
12:41,552.74,552.74,552.34,552.45,2058.0
12:42,553.08,553.08,552.46,552.76,3958.0
12:43,553.16,553.41,553.08,553.08,4868.0
12:44,552.98,553.16,552.74,553.16,1746.0
12:45,553.15,553.26,553.0,553.0,2837.0
12:46,553.12,553.18,553.0,553.18,1525.0
12:47,553.11,553.16,552.81,553.16,1644.0
12:48,552.64,553.01,552.64,553.01,1239.0
12:49,552.43,552.76,552.3,552.72,4274.0
12:50,552.7,552.76,552.3,552.43,3186.0
12:51,552.88,552.88,552.64,552.77,2001.0
12:52,552.9,553.08,552.89,552.89,1696.0
12:53,552.86,553.05,552.8,553.01,1229.0
12:54,553.04,553.18,552.9,553.09,1277.0
12:55,552.61,553.05,552.48,552.96,3147.0
12:56,552.1,552.84,552.1,552.84,2546.0
12:57,552.58,552.69,552.2,552.32,7052.0
12:58,552.59,552.77,552.57,552.64,4189.0
12:59,552.32,552.62,552.26,552.61,3628.0
13:00,552.28,552.39,552.08,552.39,2473.0
13:01,552.32,552.51,552.29,552.3,2744.0
13:02,552.36,552.44,552.22,552.33,2952.0
13:03,552.37,552.38,552.37,552.38,789.0
13:04,552.21,552.37,552.18,552.37,2660.0
13:05,552.49,552.51,552.12,552.17,6363.0
13:06,552.9,553.06,552.48,552.48,8546.0
13:07,552.83,552.83,552.72,552.74,771.0
13:08,552.9,553.0,552.78,552.78,2168.0
13:09,552.96,552.99,552.83,552.9,2413.0
13:10,552.73,552.96,552.73,552.95,2249.0
13:11,552.54,552.68,552.54,552.68,559.0
13:12,552.53,552.82,552.53,552.73,2914.0
13:13,552.42,552.53,552.42,552.53,740.0
13:14,552.22,552.8,552.22,552.8,2931.0
13:15,552.43,552.54,552.22,552.22,1872.0
13:16,552.72,552.75,552.51,552.51,4658.0
13:17,552.39,552.83,552.32,552.83,1991.0
13:18,552.26,552.59,552.22,552.55,1490.0
13:19,552.43,552.43,552.22,552.22,1641.0
13:20,552.32,552.43,552.26,552.43,1409.0
13:21,552.58,552.58,552.03,552.32,5960.0
13:22,552.35,552.76,552.35,552.63,1988.0
13:23,552.84,552.84,552.45,552.54,5629.0
13:24,552.72,552.76,552.46,552.73,4259.0
13:25,552.92,552.93,552.72,552.72,2124.0
13:26,553.04,553.19,552.91,552.92,5064.0
13:27,553.39,553.49,553.04,553.04,2723.0
13:28,552.95,553.31,552.95,553.3,1929.0
13:29,552.65,553.27,552.57,552.87,4011.0
13:30,552.21,552.55,552.21,552.55,1439.0
13:31,552.36,552.7,552.21,552.21,3403.0
13:32,552.13,552.41,552.04,552.08,2250.0
13:33,552.22,552.22,551.71,551.97,1723.0
13:34,551.95,552.21,551.53,552.21,3202.0
13:35,552.07,552.07,551.53,551.53,5264.0
13:36,551.98,552.37,551.98,552.08,4278.0
13:37,551.45,552.12,551.45,551.97,2606.0
13:38,551.62,551.74,551.43,551.43,1279.0
13:39,551.59,551.77,551.51,551.51,2744.0
13:40,551.7,551.86,551.7,551.77,32443.0
13:41,551.58,551.79,551.58,551.79,3215.0
13:42,551.74,551.82,551.51,551.65,1694.0
13:43,552.11,552.23,551.52,551.74,4641.0
13:44,552.18,552.28,552.1,552.24,2203.0
13:45,552.31,552.45,552.13,552.18,5329.0
13:46,552.05,552.27,552.05,552.21,2530.0
13:47,552.54,552.55,552.05,552.24,2682.0
13:48,552.91,552.91,552.57,552.57,2241.0
13:49,553.14,553.14,552.74,552.91,925.0
13:50,553.14,553.14,552.81,552.97,2354.0
13:51,552.93,553.04,552.92,553.03,2203.0
13:52,553.04,553.22,552.91,552.91,2951.0
13:53,552.66,553.17,552.66,553.03,1749.0
13:54,552.61,552.93,552.46,552.64,1639.0
13:55,552.84,552.84,552.35,552.61,5099.0
13:56,552.6,552.93,552.58,552.81,7582.0
13:57,552.62,552.65,552.56,552.6,4428.0
13:58,552.49,552.72,552.48,552.62,6528.0
13:59,552.54,552.7,552.46,552.46,1878.0
14:00,552.78,552.78,552.54,552.54,3285.0
14:01,552.68,552.75,552.53,552.72,2186.0
14:02,552.93,552.93,552.58,552.58,3611.0
14:03,553.09,553.14,552.87,552.93,5545.0
14:04,553.22,553.34,553.05,553.05,5296.0
14:05,553.15,553.21,553.08,553.21,4173.0
14:06,553.31,553.47,553.04,553.15,3984.0
14:07,553.47,553.59,553.37,553.37,2456.0
14:08,553.7,553.7,553.45,553.48,2564.0
14:09,553.75,553.83,553.47,553.48,1785.0
14:10,553.86,553.89,553.71,553.72,2297.0
14:11,553.76,553.84,553.55,553.84,1967.0
14:12,553.78,553.78,553.59,553.59,2136.0
14:13,553.52,553.76,553.51,553.59,1650.0
14:14,553.58,553.61,553.43,553.61,1702.0
14:15,553.67,553.77,553.58,553.6,2328.0
14:16,553.67,553.75,553.67,553.67,1913.0
14:17,553.61,553.83,553.61,553.77,1726.0
14:18,553.62,553.73,553.53,553.73,2534.0
14:19,553.06,553.48,553.06,553.48,1737.0
14:20,552.63,553.06,552.59,553.06,4687.0
14:21,552.8,552.87,552.51,552.61,2638.0
14:22,553.04,553.08,552.69,552.8,2630.0
14:23,552.89,552.95,552.71,552.95,2611.0
14:24,552.89,552.91,552.72,552.86,2144.0
14:25,552.72,552.77,552.64,552.72,2218.0
14:26,552.81,552.86,552.6,552.71,2399.0
14:27,552.66,552.8,552.58,552.74,3557.0
14:28,552.84,552.9,552.64,552.71,3388.0
14:29,552.92,553.03,552.77,552.8,3306.0
14:30,553.18,553.18,552.82,552.94,3038.0
14:31,552.98,553.18,552.98,553.18,1501.0
14:32,552.7,552.94,552.6,552.94,3652.0
14:33,552.63,552.72,552.33,552.59,2088.0
14:34,552.45,552.57,552.45,552.57,456.0
14:35,552.4,552.57,552.3,552.52,4204.0
14:36,552.57,552.62,552.4,552.4,2794.0
14:37,553.1,553.11,552.64,552.66,3001.0
14:38,552.98,553.21,552.9,553.1,1538.0
14:39,552.65,552.88,552.51,552.88,916.0
14:40,552.76,552.76,552.48,552.6,3420.0
14:41,553.13,553.13,552.65,552.66,2794.0
14:42,553.01,553.47,553.01,553.16,2236.0
14:43,553.14,553.19,553.09,553.09,1192.0
14:44,553.18,553.22,553.0,553.0,2182.0
14:45,553.31,553.33,553.05,553.09,2729.0
14:46,553.11,553.37,553.06,553.31,2563.0
14:47,552.5,553.31,552.5,553.16,4594.0
14:48,552.78,553.01,552.63,552.63,1142.0
14:49,552.79,552.84,552.66,552.66,814.0
14:50,552.54,552.73,552.35,552.65,6561.0
14:51,552.76,552.79,552.53,552.53,3768.0
14:52,552.87,552.88,552.54,552.69,8342.0
14:53,552.43,552.88,552.3,552.88,3248.0
14:54,552.3,552.53,552.3,552.4,4104.0
14:55,552.33,552.46,552.26,552.33,1648.0
14:56,552.33,552.49,552.33,552.37,2222.0
14:57,552.28,552.47,552.27,552.33,2722.0
14:58,552.49,552.55,552.25,552.25,3357.0
14:59,552.77,552.77,552.5,552.5,2863.0
15:00,552.8,552.97,552.69,552.75,5719.0
15:01,552.84,552.94,552.72,552.73,2444.0
15:02,553.0,553.0,552.79,552.84,3871.0
15:03,553.09,553.1,552.74,552.97,2303.0
15:04,552.98,553.25,552.98,553.18,2350.0
15:05,552.84,553.09,552.8,552.96,1831.0
15:06,552.71,552.85,552.71,552.84,1327.0
15:07,552.52,552.83,552.52,552.83,1916.0
15:08,552.59,552.6,552.39,552.52,5060.0
15:09,552.69,552.75,552.51,552.51,5018.0
15:10,552.95,552.96,552.57,552.63,6217.0
15:11,552.91,552.97,552.84,552.95,2536.0
15:12,553.13,553.14,552.89,552.94,2577.0
15:13,553.22,553.22,553.0,553.18,1384.0
15:14,552.88,553.26,552.88,553.02,4146.0
15:15,553.3,553.3,552.91,552.93,2898.0
15:16,553.01,553.27,553.0,553.17,1848.0
15:17,552.96,553.07,552.79,552.9,3026.0
15:18,552.56,552.92,552.46,552.85,2784.0
15:19,552.68,552.68,552.36,552.45,3535.0
15:20,552.99,552.99,552.58,552.58,2231.0
15:21,552.94,553.09,552.91,553.06,2083.0
15:22,552.99,553.1,552.91,552.93,1297.0
15:23,552.97,553.05,552.87,553.04,1562.0
15:24,553.1,553.2,552.92,552.92,3221.0
15:25,553.17,553.17,553.0,553.09,1389.0
15:26,553.25,553.25,553.06,553.06,2392.0
15:27,552.87,553.24,552.81,553.14,6987.0
15:28,552.98,552.99,552.88,552.88,1658.0
15:29,552.77,553.0,552.72,552.98,5151.0
15:30,552.61,552.81,552.47,552.77,4054.0
15:31,552.62,552.69,552.49,552.62,2958.0
15:32,552.59,552.71,552.45,552.71,4282.0
15:33,552.72,552.74,552.48,552.59,3495.0
15:34,552.79,552.85,552.67,552.8,4111.0
15:35,552.87,552.9,552.63,552.79,5572.0
15:36,552.57,552.86,552.57,552.83,3194.0
15:37,552.73,552.77,552.62,552.62,1563.0
15:38,552.59,552.69,552.48,552.65,1788.0
15:39,552.53,552.59,552.4,552.58,2974.0
15:40,552.74,552.77,552.54,552.58,4176.0
15:41,552.84,552.99,552.7,552.74,3302.0
15:42,552.78,552.95,552.71,552.71,3222.0
15:43,552.68,552.96,552.58,552.96,3285.0
15:44,552.55,552.83,552.55,552.72,2493.0
15:45,552.78,552.78,552.53,552.62,2688.0
15:46,552.79,552.85,552.65,552.72,5222.0
15:47,552.67,552.8,552.59,552.79,4830.0
15:48,552.73,552.86,552.58,552.64,3156.0
15:49,552.74,553.0,552.73,552.73,4332.0
15:50,552.67,552.82,552.67,552.82,680.0
15:51,552.7,552.86,552.59,552.72,1529.0
15:52,552.75,552.75,552.48,552.7,3607.0
15:53,552.56,552.56,552.47,552.47,299.0
15:54,552.51,552.63,552.4,552.49,1798.0
15:55,553.02,553.09,552.6,552.6,5857.0
15:56,552.64,552.97,552.64,552.92,2014.0
15:57,552.83,552.88,552.81,552.86,1663.0
15:58,552.85,552.9,552.81,552.83,2008.0
15:59,552.81,553.16,552.81,552.95,3488.0
16:00,553.04,553.11,552.96,552.96,1905.0
16:01,552.93,553.1,552.93,552.99,1556.0
16:02,552.98,553.02,552.69,552.86,4404.0
16:03,552.96,553.17,552.96,553.1,2324.0
16:04,552.98,553.1,552.96,553.05,2068.0
16:05,553.14,553.2,552.98,553.05,2864.0
16:06,553.23,553.23,553.07,553.15,1687.0
16:07,553.23,553.23,553.04,553.1,2442.0
16:08,553.35,553.43,553.15,553.17,4641.0
16:09,553.24,553.36,553.13,553.33,2525.0
16:10,553.29,553.34,553.22,553.22,867.0
16:11,553.11,553.28,553.08,553.28,1929.0
16:12,553.22,553.26,553.05,553.07,2602.0
16:13,553.47,553.59,553.27,553.27,5689.0
16:14,553.41,553.51,553.41,553.51,1379.0
16:15,553.7,553.7,553.37,553.4,2608.0
16:16,553.56,553.75,553.55,553.59,3252.0
16:17,553.61,553.61,553.47,553.56,3613.0
16:18,553.2,553.58,553.2,553.58,2718.0
16:19,553.28,553.37,553.18,553.27,1673.0
16:20,552.91,553.27,552.89,553.27,4320.0
16:21,552.81,552.88,552.69,552.88,1594.0
16:22,552.57,552.72,552.53,552.72,4205.0
16:23,552.93,552.93,552.55,552.58,5807.0
16:24,552.75,552.93,552.75,552.93,3338.0
16:25,552.96,552.96,552.83,552.83,2585.0
16:26,553.03,553.03,552.9,552.96,3038.0
16:27,553.28,553.28,553.02,553.03,5817.0
16:28,553.15,553.35,553.08,553.32,3793.0
16:29,553.28,553.39,553.11,553.13,3693.0
16:30,553.17,553.42,553.16,553.37,3351.0
16:31,553.03,553.22,552.93,553.18,5430.0
16:32,553.15,553.15,552.89,553.01,4400.0
16:33,552.68,553.04,552.67,552.95,6075.0
16:34,552.86,552.86,552.7,552.72,10731.0
16:35,552.87,553.0,552.83,552.91,8279.0
16:36,553.01,553.05,552.79,552.87,6446.0
16:37,552.78,553.08,552.74,553.08,2232.0
16:38,552.57,552.78,552.57,552.66,3632.0
16:39,552.69,552.79,552.63,552.63,9986.0
16:40,553.12,553.22,552.72,552.73,4773.0
16:41,553.13,553.23,553.01,553.11,2752.0
16:42,553.08,553.22,552.98,553.05,4276.0
16:43,553.31,553.34,553.17,553.22,4134.0
16:44,553.27,553.47,553.25,553.31,5513.0
16:45,553.22,553.34,553.15,553.24,4271.0
16:46,553.79,553.81,553.33,553.34,15897.0
16:47,553.86,553.89,553.74,553.79,17274.0
16:48,553.8,553.94,553.78,553.86,13600.0
16:49,553.33,553.91,553.33,553.81,22316.0
16:50,553.36,553.41,552.97,553.25,12301.0
16:51,553.01,553.62,552.97,553.45,12954.0
16:52,552.94,553.22,552.86,553.05,8182.0
16:53,553.6,553.6,552.83,552.89,7827.0
16:54,553.42,553.55,553.3,553.53,11008.0
16:55,552.5,553.57,552.5,553.53,18411.0
16:56,552.61,552.82,552.38,552.52,19380.0
16:57,552.77,552.95,552.46,552.59,22871.0
16:58,552.66,553.0,552.51,552.74,37667.0
16:59,552.81,552.94,552.28,552.64,85538.0
