Time,Close,High,Low,Open,Volume
09:30,582.49,582.49,580.14,580.97,36434.0
09:31,584.35,584.5,580.96,580.96,2715.0
09:32,583.17,584.3,583.07,584.3,10009.0
09:33,583.61,583.61,583.34,583.34,847.0
09:34,583.65,583.65,583.31,583.35,2881.0
09:35,583.22,583.22,583.15,583.15,1268.0
09:36,582.91,583.79,582.37,582.9,12739.0
09:37,583.41,583.42,582.9,583.22,5240.0
09:38,583.57,584.01,583.37,583.38,5304.0
09:39,582.98,583.83,582.9,583.53,7994.0
09:40,583.42,583.54,582.94,582.98,5165.0
09:41,584.69,585.12,583.6,583.6,32217.0
09:42,584.48,584.71,584.2,584.39,6033.0
09:43,584.04,584.45,584.0,584.22,3788.0
09:44,584.21,584.4,584.09,584.09,3375.0
09:45,584.94,585.2,584.2,584.2,15326.0
09:46,584.95,585.42,584.2,584.2,5508.0
09:47,585.7,585.88,585.26,585.38,6855.0
09:48,586.43,586.43,585.78,585.78,4121.0
09:49,586.16,586.48,585.95,586.28,4891.0
09:50,585.59,585.85,585.46,585.84,3696.0
09:51,584.42,585.09,584.41,584.84,4084.0
09:52,584.02,584.17,583.96,584.12,4959.0
09:53,583.99,584.12,583.58,583.66,3972.0
09:54,583.84,583.99,583.61,583.99,2260.0
09:55,583.85,584.2,583.84,584.2,1319.0
09:56,584.24,584.24,583.84,583.84,2603.0
09:57,583.92,584.2,583.71,584.2,3744.0
09:58,583.6,583.91,583.28,583.67,6210.0
09:59,583.69,583.77,583.12,583.61,3688.0
10:00,583.06,583.51,583.06,583.51,3494.0
10:01,583.56,583.56,582.97,583.26,2929.0
10:02,583.34,583.5,583.22,583.5,2982.0
10:03,583.56,583.57,583.23,583.3,3228.0
10:04,583.51,583.56,583.33,583.56,3065.0
10:05,583.42,583.51,583.42,583.51,2317.0
10:06,583.84,583.9,583.43,583.43,5245.0
10:07,584.41,584.46,583.98,583.98,4842.0
10:08,584.77,584.81,584.4,584.4,2731.0
10:09,584.67,584.9,584.67,584.67,3270.0
10:10,584.76,585.08,584.46,584.78,2720.0
10:11,584.72,584.99,584.63,584.87,4328.0
10:12,584.91,585.15,584.72,584.72,4193.0
10:13,585.37,585.41,585.09,585.09,4773.0
10:14,586.37,586.37,585.54,585.54,5460.0
10:15,586.48,586.8,586.37,586.37,4380.0
10:16,586.7,586.7,586.05,586.38,5573.0
10:17,586.38,586.62,585.9,585.98,6250.0
10:18,586.38,586.38,585.93,586.1,3020.0
10:19,585.92,586.18,585.92,586.02,3708.0
10:20,586.39,586.57,586.01,586.16,4002.0
10:21,586.0,586.23,585.84,586.23,11453.0
10:22,586.23,586.26,585.99,586.09,5703.0
10:23,586.23,586.23,586.23,586.23,798.0
10:24,586.29,586.29,585.75,586.0,5929.0
10:25,586.19,586.42,586.19,586.4,3427.0
10:26,586.0,586.21,585.81,586.02,7567.0
10:27,586.38,586.41,585.82,585.85,17964.0
10:28,586.19,586.79,586.19,586.45,7985.0
10:29,586.36,586.36,586.01,586.01,2714.0
10:30,586.54,586.58,586.34,586.36,2775.0
10:31,586.34,586.34,586.1,586.14,1624.0
10:32,586.26,586.34,586.26,586.34,1167.0
10:33,586.21,586.26,586.04,586.26,4858.0
10:34,586.05,586.22,585.98,585.98,1027.0
10:35,586.14,586.47,586.14,586.46,1856.0
10:36,586.49,586.63,586.49,586.63,2350.0
10:37,586.49,586.62,586.18,586.6,2478.0
10:38,586.66,586.66,586.66,586.66,1868.0
10:39,586.83,586.83,586.53,586.53,2004.0
10:40,586.42,586.51,586.42,586.51,824.0
10:41,586.51,586.51,586.41,586.5,3187.0
10:42,586.51,586.82,586.51,586.81,1941.0
10:43,586.5,586.68,586.2,586.68,5310.0
10:44,586.5,586.66,586.43,586.58,4711.0
10:45,586.6,586.6,586.41,586.48,7295.0
10:46,586.76,586.89,586.54,586.81,7751.0
10:47,587.05,587.05,586.7,586.79,11197.0
10:48,587.0,587.12,586.98,587.09,4409.0
10:49,586.81,587.01,586.61,586.99,25355.0
10:50,587.16,587.18,586.85,586.99,18689.0
10:51,587.18,587.34,587.12,587.28,4080.0
10:52,587.34,587.34,587.03,587.03,5844.0
10:53,587.0,587.18,587.0,587.18,3731.0
10:54,587.03,587.03,586.7,587.02,27233.0
10:55,586.97,587.1,586.82,586.96,5138.0
10:56,587.03,587.18,586.94,587.1,7284.0
10:57,586.73,587.03,586.73,586.91,4976.0
10:58,587.01,587.01,586.79,586.92,7109.0
10:59,586.77,587.0,586.77,587.0,1493.0
11:00,586.47,586.99,586.47,586.93,17778.0
11:01,585.96,586.65,585.96,586.47,15234.0
11:02,586.47,586.47,585.64,585.96,9174.0
11:03,587.06,587.3,586.46,586.46,17781.0
11:04,587.09,587.2,587.01,587.01,2244.0
11:05,587.02,587.02,586.71,586.91,29892.0
11:06,587.0,587.04,586.8,586.81,6007.0
11:07,587.0,587.12,586.64,586.91,33375.0
11:08,587.14,587.16,586.89,586.97,32098.0
11:09,586.96,587.04,586.78,587.04,30757.0
11:10,586.97,587.14,586.87,586.94,40064.0
11:11,586.04,587.14,585.83,587.14,39968.0
11:12,585.82,586.24,585.76,586.24,3333.0
11:13,585.64,585.93,585.12,585.93,20630.0
11:14,586.25,586.25,585.64,585.64,6732.0
11:15,586.18,586.28,586.18,586.26,2270.0
11:16,586.34,586.38,585.88,585.88,3900.0
11:17,585.92,586.34,585.82,586.34,13375.0
11:18,586.21,586.21,585.66,585.66,5189.0
11:19,586.0,586.34,586.0,586.01,5795.0
11:20,585.73,586.0,585.73,586.0,1995.0
11:21,586.51,586.56,586.04,586.04,4397.0
11:22,585.9,586.36,585.77,586.35,23606.0
11:23,585.11,585.51,584.91,585.51,5662.0
11:24,585.62,585.62,584.9,585.1,4414.0
11:25,585.69,585.71,585.49,585.62,4686.0
11:26,585.58,585.73,585.46,585.52,13313.0
11:27,585.62,585.62,585.57,585.57,2753.0
11:28,585.68,585.93,585.56,585.68,8756.0
11:29,585.68,585.88,585.49,585.67,35779.0
11:30,585.83,585.93,585.64,585.64,25463.0
11:31,586.03,586.09,585.76,585.84,27899.0
11:32,586.08,586.08,585.73,585.91,23167.0
11:33,586.0,586.07,585.92,586.07,8415.0
11:34,586.05,586.35,585.87,585.99,10617.0
11:35,585.97,586.29,585.85,585.96,7748.0
11:36,585.56,585.94,585.53,585.94,5861.0
11:37,585.38,585.67,585.34,585.34,3370.0
11:38,585.71,585.76,585.64,585.69,1535.0
11:39,586.1,586.23,585.76,585.76,4089.0
11:40,586.05,586.09,585.93,586.09,3375.0
11:41,585.85,586.19,585.74,585.99,4352.0
11:42,585.79,585.97,585.79,585.84,2512.0
11:43,585.83,586.05,585.71,585.78,6887.0
11:44,585.93,585.93,585.69,585.69,1129.0
11:45,585.96,586.02,585.82,585.93,9314.0
11:46,585.81,585.89,585.76,585.89,9485.0
11:47,585.84,585.98,585.65,585.82,15434.0
11:48,586.22,586.28,585.84,585.84,7192.0
11:49,585.84,586.19,585.84,586.19,4230.0
11:50,586.02,586.17,586.02,586.13,3129.0
11:51,586.14,586.14,586.14,586.14,824.0
11:52,586.45,586.45,586.32,586.32,3206.0
11:53,586.16,586.5,586.16,586.5,2763.0
11:54,586.14,586.26,586.11,586.2,6683.0
11:55,586.39,586.39,586.03,586.25,4308.0
11:56,586.32,586.43,586.22,586.4,1825.0
11:57,586.09,586.42,585.99,586.32,11764.0
11:58,585.6,586.0,585.59,585.99,11076.0
11:59,585.7,585.88,585.44,585.44,6111.0
12:00,585.92,585.99,585.73,585.95,6125.0
12:01,585.64,585.99,585.47,585.92,88871.0
12:02,585.6,585.68,585.38,585.62,1475.0
12:03,585.3,585.62,585.29,585.61,60521.0
12:04,585.68,585.8,585.17,585.3,37674.0
12:05,585.36,585.7,585.29,585.67,7778.0
12:06,584.81,585.58,584.81,585.58,9513.0
12:07,583.53,584.29,583.48,584.29,12290.0
12:08,583.71,583.86,583.64,583.86,3259.0
12:09,583.12,583.63,582.9,583.63,7471.0
12:10,583.35,583.56,583.08,583.11,5512.0
12:11,582.88,583.51,582.88,583.36,7967.0
12:12,582.66,582.71,582.18,582.3,4863.0
12:13,582.57,582.97,582.52,582.52,3229.0
12:14,582.72,582.92,582.56,582.57,4641.0
12:15,583.27,583.27,582.59,582.59,3938.0
12:16,583.55,583.55,583.29,583.3,2789.0
12:17,584.25,584.26,583.87,583.87,2757.0
12:18,583.17,584.16,583.14,584.1,5066.0
12:19,583.93,583.97,582.75,582.77,7827.0
12:20,583.87,584.06,583.86,584.03,2049.0
12:21,584.03,584.03,583.75,583.75,6979.0
12:22,583.97,584.03,583.86,584.03,2172.0
12:23,584.12,584.12,583.62,583.95,10580.0
12:24,584.27,584.35,584.19,584.21,3810.0
12:25,584.41,584.45,584.22,584.25,5316.0
12:26,584.61,584.61,584.61,584.61,341.0
12:27,583.93,584.63,583.93,584.63,2225.0
12:28,584.2,584.44,584.16,584.16,1152.0
12:29,584.43,584.64,584.43,584.46,3937.0
12:30,584.43,584.43,584.43,584.43,988.0
12:31,584.29,584.43,584.18,584.43,2942.0
12:32,584.24,584.24,584.24,584.24,619.0
12:33,584.08,584.27,584.08,584.24,3682.0
12:34,584.25,584.26,584.24,584.25,1012.0
12:35,584.35,584.35,583.76,583.76,1389.0
12:36,584.42,584.42,584.09,584.33,2032.0
12:37,584.58,584.62,584.45,584.45,2685.0
12:38,584.55,584.55,584.4,584.4,2958.0
12:39,584.49,584.54,584.46,584.54,2898.0
12:40,584.41,584.41,584.4,584.4,645.0
12:41,584.27,584.45,584.27,584.41,2882.0
12:42,584.38,584.38,584.31,584.31,922.0
12:43,584.11,584.38,584.11,584.38,2436.0
12:44,584.11,584.11,584.11,584.11,983.0
12:45,584.33,584.33,584.26,584.26,2477.0
12:46,584.53,584.53,584.4,584.4,2961.0
12:47,584.49,584.52,584.46,584.46,2425.0
12:48,584.68,584.68,584.61,584.61,1208.0
12:49,584.34,584.63,584.34,584.63,2987.0
12:50,584.18,584.34,584.18,584.18,1793.0
12:51,584.35,584.4,584.35,584.4,2140.0
12:52,584.41,584.41,584.35,584.35,1082.0
12:53,584.77,584.88,584.34,584.39,5329.0
12:54,584.65,584.66,584.65,584.66,915.0
12:55,584.66,584.66,584.64,584.64,1303.0
12:56,584.5,584.65,584.24,584.65,4435.0
12:57,584.59,584.59,584.22,584.22,1617.0
12:58,584.22,584.41,584.19,584.22,2911.0
12:59,585.21,585.29,584.46,584.51,5426.0
13:00,585.36,585.36,585.36,585.36,1136.0
13:01,585.54,585.65,585.53,585.53,4236.0
13:02,584.99,585.55,584.94,585.54,6329.0
13:03,584.94,585.25,584.66,584.71,10722.0
13:04,585.0,585.21,584.86,585.0,5524.0
13:05,584.75,585.0,584.75,585.0,2002.0
13:06,584.64,584.85,584.63,584.73,3379.0
13:07,584.3,584.65,584.3,584.65,1198.0
13:08,584.19,584.19,584.01,584.01,2106.0
13:09,584.35,584.36,584.35,584.36,867.0
13:10,584.59,584.59,584.47,584.47,2674.0
13:11,584.67,584.68,584.61,584.68,1147.0
13:12,584.58,584.67,584.58,584.61,1232.0
13:13,584.52,584.84,584.46,584.84,1944.0
13:14,584.62,584.75,584.52,584.75,2490.0
13:15,584.32,584.32,584.32,584.32,986.0
13:16,584.64,584.65,584.64,584.65,1864.0
13:17,584.46,584.6,584.46,584.53,1745.0
13:18,584.46,584.72,584.46,584.68,868.0
13:19,584.42,584.56,584.42,584.55,2460.0
13:20,584.24,584.49,584.24,584.49,1569.0
13:21,584.49,584.5,584.49,584.49,1207.0
13:22,584.73,584.76,584.49,584.49,3757.0
13:23,584.61,584.9,584.57,584.57,2692.0
13:24,584.9,585.0,584.64,584.92,3375.0
13:25,584.91,585.02,584.9,584.95,9400.0
13:26,584.89,584.89,584.8,584.81,3814.0
13:27,584.55,584.63,584.47,584.63,1473.0
13:28,584.61,584.91,584.44,584.44,3480.0
13:29,585.01,585.05,584.91,584.91,5824.0
13:30,584.87,584.91,584.87,584.88,1006.0
13:31,585.0,585.0,584.8,584.94,1591.0
13:32,585.0,585.11,584.8,584.8,6132.0
13:33,585.21,585.24,584.94,585.0,58629.0
13:34,585.19,585.5,585.19,585.5,5052.0
13:35,585.2,585.2,585.18,585.18,1115.0
13:36,584.99,584.99,584.86,584.9,2562.0
13:37,585.08,585.23,584.99,585.23,1240.0
13:38,585.07,585.31,585.07,585.23,3274.0
13:39,584.9,584.9,584.9,584.9,337.0
13:40,585.35,585.35,585.19,585.19,1273.0
13:41,585.24,585.5,585.19,585.49,4015.0
13:42,584.65,585.42,584.65,585.42,1925.0
13:43,585.08,585.08,584.71,584.71,1845.0
13:44,584.7,585.05,584.69,584.69,1478.0
13:45,584.7,585.14,584.7,585.14,4086.0
13:46,584.85,585.07,584.75,585.04,2832.0
13:47,584.99,584.99,584.8,584.95,1578.0
13:48,584.87,585.02,584.81,585.02,2060.0
13:49,584.89,585.19,584.88,584.88,6381.0
13:50,585.04,585.04,585.0,585.0,1452.0
13:51,584.74,585.03,584.71,585.03,2150.0
13:52,584.83,584.83,584.74,584.74,1896.0
13:53,584.74,584.82,584.74,584.82,1281.0
13:54,584.74,584.74,584.74,584.74,1707.0
13:55,584.85,584.85,584.85,584.85,1814.0
13:56,585.0,585.17,584.91,584.91,7200.0
13:57,585.0,585.0,585.0,585.0,601.0
13:58,584.77,584.77,584.77,584.77,3550.0
13:59,584.54,584.54,584.54,584.54,6500.0
14:00,584.62,584.62,584.33,584.33,3054.0
14:01,584.44,584.62,584.41,584.62,2725.0
14:02,584.47,584.47,584.41,584.41,1210.0
14:03,584.21,584.45,584.21,584.45,2192.0
14:04,584.2,584.28,584.16,584.16,1681.0
14:05,584.49,584.62,584.22,584.22,6628.0
14:06,584.47,584.63,584.46,584.63,2245.0
14:07,584.38,584.5,584.16,584.47,5190.0
14:08,584.65,584.65,584.07,584.38,1879.0
14:09,584.52,584.52,584.22,584.22,1597.0
14:10,584.17,584.62,584.17,584.57,7059.0
14:11,584.51,584.68,584.51,584.57,5403.0
14:12,584.83,584.83,584.57,584.57,2984.0
14:13,584.83,584.83,584.83,584.83,757.0
14:14,584.84,584.93,584.79,584.79,3970.0
14:15,584.86,584.93,584.86,584.93,990.0
14:16,584.74,584.83,584.64,584.64,1566.0
14:17,584.84,584.84,584.84,584.84,1476.0
14:18,584.82,584.88,584.7,584.88,3835.0
14:19,584.72,584.83,584.72,584.83,1345.0
14:20,584.93,584.97,584.78,584.82,3236.0
14:21,585.11,585.11,584.86,584.93,3968.0
14:22,585.32,585.32,585.11,585.11,2310.0
14:23,585.45,585.49,585.41,585.41,2722.0
14:24,585.26,585.3,585.24,585.26,3650.0
14:25,585.07,585.12,585.07,585.12,4578.0
14:26,585.03,585.07,585.03,585.07,1520.0
14:27,585.08,585.17,584.84,585.04,4972.0
14:28,584.86,585.08,584.86,585.08,737.0
14:29,584.78,584.93,584.72,584.86,1531.0
14:30,584.87,584.87,584.81,584.81,1791.0
14:31,584.76,584.88,584.72,584.88,1927.0
14:32,584.98,584.98,584.76,584.86,3084.0
14:33,585.08,585.08,584.76,584.76,2018.0
14:34,584.94,584.94,584.94,584.94,1999.0
14:35,585.15,585.15,585.15,585.15,765.0
14:36,585.15,585.26,585.15,585.26,3015.0
14:37,585.23,585.23,585.14,585.14,1942.0
14:38,585.36,585.36,585.36,585.36,102.0
14:39,585.34,585.36,585.34,585.36,1462.0
14:40,585.47,585.47,585.37,585.42,1785.0
14:41,585.48,585.48,585.37,585.37,2650.0
14:42,585.65,585.65,585.5,585.5,2783.0
14:43,585.68,585.68,585.5,585.5,1737.0
14:44,585.79,585.79,585.71,585.79,2404.0
14:45,585.89,585.91,585.89,585.89,3076.0
14:46,585.84,585.84,585.84,585.84,1464.0
14:47,585.54,585.69,585.54,585.69,1765.0
14:48,585.49,585.49,585.43,585.46,2096.0
14:49,585.26,585.3,585.26,585.3,1273.0
14:50,585.12,585.3,585.1,585.28,2529.0
14:51,585.22,585.22,585.12,585.12,1825.0
14:52,585.24,585.37,585.24,585.37,2168.0
14:53,585.17,585.24,585.17,585.24,1266.0
14:54,585.18,585.18,585.18,585.18,411.0
14:55,585.26,585.38,585.2,585.2,3400.0
14:56,585.69,585.69,585.27,585.27,7146.0
14:57,585.67,585.68,585.37,585.4,5590.0
14:58,585.64,585.68,585.46,585.54,4033.0
14:59,585.62,585.67,585.56,585.67,2477.0
15:00,585.69,585.72,585.63,585.72,3081.0
15:01,585.55,585.65,585.55,585.65,3234.0
15:02,586.0,586.0,585.55,585.56,5809.0
15:03,586.12,586.24,586.12,586.24,1351.0
15:04,585.99,586.13,585.92,586.12,3373.0
15:05,586.05,586.13,585.99,585.99,1935.0
15:06,586.09,586.09,586.05,586.05,2408.0
15:07,586.09,586.11,585.93,586.06,1724.0
15:08,585.75,586.05,585.75,585.96,3657.0
15:09,585.72,585.99,585.72,585.99,3778.0
15:10,586.06,586.06,586.04,586.04,1222.0
15:11,585.78,586.06,585.76,585.9,1744.0
15:12,585.92,586.01,585.87,586.01,5124.0
15:13,585.91,585.97,585.78,585.92,3612.0
15:14,586.12,586.27,585.91,585.91,4890.0
15:15,586.18,586.41,586.14,586.4,2951.0
15:16,585.81,586.19,585.81,586.19,2610.0
15:17,585.89,585.92,585.82,585.82,1577.0
15:18,585.95,586.12,585.93,585.93,2213.0
15:19,586.12,586.12,585.97,585.97,3260.0
15:20,586.23,586.23,585.84,585.99,12912.0
15:21,585.93,585.95,585.76,585.85,2004.0
15:22,585.9,585.9,585.72,585.77,2746.0
15:23,585.88,585.92,585.74,585.9,3532.0
15:24,585.7,585.83,585.65,585.74,3058.0
15:25,585.86,585.89,585.74,585.81,4966.0
15:26,585.8,586.03,585.8,585.89,10610.0
15:27,585.48,585.77,585.46,585.77,2396.0
15:28,585.91,586.05,585.44,585.44,4692.0
15:29,585.74,586.03,585.71,585.78,5283.0
15:30,585.74,585.78,585.66,585.75,2402.0
15:31,585.7,585.85,585.65,585.78,3794.0
15:32,585.55,585.77,585.4,585.73,8447.0
15:33,585.25,585.55,585.25,585.55,2316.0
15:34,585.2,585.26,585.05,585.24,5535.0
15:35,585.41,585.46,585.12,585.18,6887.0
15:36,585.83,585.84,585.47,585.62,4796.0
15:37,586.07,586.09,585.84,585.84,5074.0
15:38,585.91,586.07,585.85,586.07,5992.0
15:39,586.22,586.22,585.65,585.91,16707.0
15:40,586.31,586.31,586.22,586.27,2094.0
15:41,586.27,586.27,586.19,586.21,5749.0
15:42,586.1,586.28,586.07,586.27,3261.0
15:43,586.04,586.11,585.86,586.09,4579.0
15:44,586.09,586.15,585.77,585.93,15900.0
15:45,586.01,586.08,585.84,586.07,6278.0
15:46,585.81,586.27,585.67,586.27,9548.0
15:47,585.53,585.88,585.39,585.88,6999.0
15:48,586.03,586.03,585.47,585.49,20447.0
15:49,586.02,586.02,585.89,586.02,7014.0
15:50,585.08,585.94,585.08,585.75,14501.0
15:51,585.17,585.39,585.1,585.18,15282.0
15:52,585.02,585.24,584.84,585.06,9860.0
15:53,585.3,585.48,584.93,584.93,12544.0
15:54,585.05,585.43,585.04,585.43,8423.0
15:55,585.26,585.41,584.6,585.27,30194.0
15:56,585.02,585.8,584.82,585.55,15406.0
15:57,585.14,585.38,584.97,585.02,26922.0
15:58,584.6,585.14,584.53,585.14,38794.0
15:59,584.54,584.9,584.07,584.6,111188.0
