Time,Close,High,Low,Open,Volume
09:30,560.84,561.0,558.5,560.0,64406.0
09:31,560.84,561.0,558.5,560.0,64406.0
09:32,560.84,561.0,558.5,560.0,64406.0
09:33,560.84,561.0,558.5,560.0,64406.0
09:34,560.84,561.0,558.5,560.0,64406.0
09:35,560.84,561.0,558.5,560.0,64406.0
09:36,560.84,561.0,558.5,560.0,64406.0
09:37,560.84,561.0,558.5,560.0,64406.0
09:38,560.84,561.0,558.5,560.0,64406.0
09:39,560.84,561.0,558.5,560.0,64406.0
09:40,560.84,561.0,558.5,560.0,64406.0
09:41,560.84,561.0,558.5,560.0,64406.0
09:42,560.84,561.0,558.5,560.0,64406.0
09:43,560.84,561.0,558.5,560.0,64406.0
09:44,560.84,561.0,558.5,560.0,64406.0
09:45,560.84,561.0,558.5,560.0,64406.0
09:46,560.84,561.0,558.5,560.0,64406.0
09:47,560.84,561.0,558.5,560.0,64406.0
09:48,560.84,561.0,558.5,560.0,64406.0
09:49,560.84,561.0,558.5,560.0,64406.0
09:50,560.84,561.0,558.5,560.0,64406.0
09:51,560.84,561.0,558.5,560.0,64406.0
09:52,560.84,561.0,558.5,560.0,64406.0
09:53,560.84,561.0,558.5,560.0,64406.0
09:54,560.84,561.0,558.5,560.0,64406.0
09:55,560.84,561.0,558.5,560.0,64406.0
09:56,560.84,561.0,558.5,560.0,64406.0
09:57,560.84,561.0,558.5,560.0,64406.0
09:58,560.84,561.0,558.5,560.0,64406.0
09:59,560.84,561.0,558.5,560.0,64406.0
10:00,560.84,561.0,558.5,560.0,64406.0
10:01,560.84,561.0,558.5,560.0,64406.0
10:02,560.84,561.0,558.5,560.0,64406.0
10:03,560.84,561.0,558.5,560.0,64406.0
10:04,560.84,561.0,558.5,560.0,64406.0
10:05,560.84,561.0,558.5,560.0,64406.0
10:06,560.84,561.0,558.5,560.0,64406.0
10:07,560.84,561.0,558.5,560.0,64406.0
10:08,560.84,561.0,558.5,560.0,64406.0
10:09,560.84,561.0,558.5,560.0,64406.0
10:10,560.84,561.0,558.5,560.0,64406.0
10:11,560.84,561.0,558.5,560.0,64406.0
10:12,560.84,561.0,558.5,560.0,64406.0
10:13,560.84,561.0,558.5,560.0,64406.0
10:14,560.84,561.0,558.5,560.0,64406.0
10:15,560.84,561.0,558.5,560.0,64406.0
10:16,560.84,561.0,558.5,560.0,64406.0
10:17,560.84,561.0,558.5,560.0,64406.0
10:18,560.84,561.0,558.5,560.0,64406.0
10:19,560.84,561.0,558.5,560.0,64406.0
10:20,560.84,561.0,558.5,560.0,64406.0
10:21,560.84,561.0,558.5,560.0,64406.0
10:22,560.84,561.0,558.5,560.0,64406.0
10:23,560.84,561.0,558.5,560.0,64406.0
10:24,560.84,561.0,558.5,560.0,64406.0
10:25,560.84,561.0,558.5,560.0,64406.0
10:26,560.84,561.0,558.5,560.0,64406.0
10:27,560.84,561.0,558.5,560.0,64406.0
10:28,560.84,561.0,558.5,560.0,64406.0
10:29,560.84,561.0,558.5,560.0,64406.0
10:30,560.84,561.0,558.5,560.0,64406.0
10:31,560.56,562.22,560.56,560.82,4308.0
10:32,561.33,561.87,561.05,561.05,4298.0
10:33,562.81,562.91,561.33,561.64,3836.0
10:34,563.14,563.25,562.2,562.2,6123.0
10:35,563.44,563.51,562.6,563.14,3975.0
10:36,563.67,563.97,562.86,563.97,5441.0
10:37,563.65,564.15,563.47,563.96,8838.0
10:38,563.54,563.91,563.39,563.56,8486.0
10:39,563.99,564.05,563.4,563.54,4328.0
10:40,563.2,564.11,563.2,563.93,9055.0
10:41,563.47,563.84,563.26,563.56,5428.0
10:42,563.5,564.1,563.46,563.68,4612.0
10:43,563.99,564.51,563.49,563.5,11253.0
10:44,563.84,564.37,563.68,563.99,4233.0
10:45,563.79,564.15,563.25,563.56,5802.0
10:46,564.6,564.6,564.01,564.01,16146.0
10:47,565.27,565.44,564.44,564.53,9616.0
10:48,565.35,565.91,565.26,565.34,8886.0
10:49,565.07,565.47,564.66,565.25,12520.0
10:50,565.0,565.66,564.98,565.12,7025.0
10:51,564.26,564.79,563.94,564.79,3426.0
10:52,564.38,564.91,564.38,564.38,6953.0
10:53,564.18,564.56,564.0,564.56,4143.0
10:54,563.73,564.37,563.59,564.18,4088.0
10:55,563.64,563.76,563.43,563.72,3687.0
10:56,563.51,563.87,562.97,563.64,5657.0
10:57,563.48,563.91,563.34,563.51,9674.0
10:58,563.09,563.49,562.89,563.08,4554.0
10:59,562.88,563.32,562.4,562.92,6839.0
11:00,561.77,562.89,561.77,562.71,3354.0
11:01,561.11,561.57,560.78,561.48,5971.0
11:02,561.19,561.67,561.1,561.11,5005.0
11:03,561.19,561.19,561.04,561.07,4623.0
11:04,560.8,560.97,560.54,560.88,4127.0
11:05,561.17,561.21,560.39,560.41,5640.0
11:06,560.78,561.52,560.78,561.35,4138.0
11:07,560.19,561.03,560.13,561.03,2348.0
11:08,560.77,560.77,559.71,560.03,5495.0
11:09,560.72,560.93,560.49,560.82,2504.0
11:10,559.95,560.4,559.7,560.37,3138.0
11:11,559.8,560.08,559.79,559.95,3086.0
11:12,560.98,560.98,559.62,559.62,5402.0
11:13,560.82,560.94,560.65,560.79,1824.0
11:14,561.38,561.38,560.51,560.81,4108.0
11:15,561.57,561.94,561.09,561.09,1859.0
11:16,560.99,561.98,560.98,561.98,2602.0
11:17,560.72,561.27,560.72,560.99,1881.0
11:18,560.73,560.74,560.52,560.68,1660.0
11:19,560.37,560.79,560.32,560.79,5457.0
11:20,559.99,560.79,559.92,560.37,2328.0
11:21,559.77,559.99,559.53,559.99,3551.0
11:22,559.34,559.75,559.07,559.53,3004.0
11:23,559.36,559.55,559.26,559.52,2692.0
11:24,558.94,559.37,558.85,559.36,2868.0
11:25,559.07,559.34,558.93,558.94,3028.0
11:26,559.2,559.29,558.86,559.07,1635.0
11:27,559.33,559.59,559.02,559.21,4372.0
11:28,559.14,559.43,559.01,559.33,1551.0
11:29,558.67,559.4,558.62,559.4,5858.0
11:30,558.61,558.69,558.48,558.67,2809.0
11:31,558.51,558.89,558.46,558.73,8990.0
11:32,558.6,558.69,558.41,558.6,5017.0
11:33,558.87,558.88,558.44,558.6,6330.0
11:34,559.05,559.25,558.52,558.87,4098.0
11:35,559.12,559.38,558.93,559.05,3111.0
11:36,559.8,559.96,559.12,559.12,4257.0
11:37,560.01,560.06,559.76,559.86,2845.0
11:38,559.42,560.01,559.42,560.0,2944.0
11:39,559.71,559.74,559.41,559.71,2741.0
11:40,560.3,560.48,559.71,559.71,3426.0
11:41,560.67,560.69,560.3,560.3,2414.0
11:42,561.02,561.03,560.79,560.84,3386.0
11:43,561.02,561.11,560.87,561.03,4044.0
11:44,560.96,561.0,560.75,561.0,2647.0
11:45,561.0,561.24,561.0,561.11,1394.0
11:46,561.23,561.48,561.01,561.43,2633.0
11:47,561.61,561.92,561.35,561.35,3578.0
11:48,561.67,561.86,561.49,561.55,4132.0
11:49,561.69,561.76,561.66,561.67,1264.0
11:50,562.37,562.39,561.54,561.54,3407.0
11:51,562.53,562.53,562.13,562.37,2154.0
11:52,562.49,562.61,562.33,562.53,3102.0
11:53,562.56,562.72,562.34,562.47,3934.0
11:54,562.18,562.5,562.15,562.5,1610.0
11:55,561.95,562.26,561.95,562.26,2039.0
11:56,562.27,562.27,561.87,561.94,2333.0
11:57,562.25,562.44,562.25,562.44,1071.0
11:58,562.02,562.44,561.89,562.36,3149.0
11:59,562.05,562.09,561.86,562.09,3098.0
12:00,562.09,562.19,561.9,562.01,2896.0
12:01,562.03,562.24,561.9,562.08,3222.0
12:02,561.45,561.88,561.45,561.76,2083.0
12:03,562.36,562.36,561.49,561.67,3994.0
12:04,562.38,562.52,562.18,562.27,2127.0
12:05,561.94,562.3,561.94,562.22,1712.0
12:06,562.27,562.27,561.8,561.99,2047.0
12:07,561.97,562.18,561.97,562.17,819.0
12:08,562.41,562.59,562.17,562.17,4710.0
12:09,562.23,562.38,562.05,562.38,2825.0
12:10,561.79,562.13,561.59,561.99,2434.0
12:11,561.7,561.85,561.59,561.79,2683.0
12:12,561.72,561.72,561.64,561.64,1401.0
12:13,561.78,561.88,561.73,561.83,1619.0
12:14,562.05,562.17,561.89,561.94,4209.0
12:15,562.25,562.75,562.02,562.05,7912.0
12:16,562.39,562.49,562.23,562.23,1784.0
12:17,562.48,562.64,562.39,562.39,1334.0
12:18,562.85,562.93,562.58,562.69,2391.0
12:19,562.58,562.94,562.5,562.87,4859.0
12:20,562.55,562.58,562.29,562.55,1690.0
12:21,562.69,562.69,562.5,562.52,1489.0
12:22,563.16,563.16,562.48,562.48,2272.0
12:23,563.0,563.09,562.96,563.09,1907.0
12:24,563.05,563.32,563.04,563.04,2075.0
12:25,562.89,563.14,562.76,563.03,1852.0
12:26,563.07,563.09,562.85,562.89,1762.0
12:27,562.86,562.99,562.85,562.87,1783.0
12:28,562.64,563.21,562.64,563.13,3281.0
12:29,562.6,562.91,562.5,562.91,3997.0
12:30,562.26,562.6,561.83,562.54,3875.0
12:31,562.32,562.42,562.21,562.24,1685.0
12:32,562.57,562.71,562.36,562.65,2855.0
12:33,562.52,562.81,562.42,562.78,1607.0
12:34,561.94,562.4,561.86,562.39,2116.0
12:35,562.06,562.06,561.72,561.94,1760.0
12:36,562.19,562.19,561.96,562.06,1185.0
12:37,562.27,562.27,562.0,562.0,2018.0
12:38,562.23,562.23,561.99,561.99,862.0
12:39,562.02,562.28,562.02,562.25,5284.0
12:40,561.77,562.03,561.77,562.03,1302.0
12:41,562.21,562.29,561.77,561.77,3612.0
12:42,562.2,562.32,562.15,562.32,1313.0
12:43,562.32,562.4,562.29,562.29,1244.0
12:44,562.47,562.47,562.3,562.32,958.0
12:45,562.63,562.65,562.45,562.47,2146.0
12:46,562.37,562.53,562.37,562.53,1107.0
12:47,562.24,562.39,562.24,562.37,1137.0
12:48,562.25,562.47,562.14,562.47,1527.0
12:49,562.53,562.53,562.21,562.22,1548.0
12:50,562.46,562.66,562.09,562.57,1119.0
12:51,562.34,562.39,562.34,562.39,586.0
12:52,562.09,562.48,562.09,562.48,1503.0
12:53,562.28,562.29,562.1,562.12,1055.0
12:54,562.16,562.28,562.11,562.28,1580.0
12:55,562.29,562.45,562.29,562.29,2098.0
12:56,562.56,562.57,562.42,562.43,1571.0
12:57,562.47,562.61,562.45,562.61,2124.0
12:58,562.08,562.42,562.03,562.35,2133.0
12:59,562.2,562.2,562.01,562.08,1003.0
13:00,562.6,562.76,562.26,562.28,2229.0
13:01,562.57,562.76,562.57,562.57,1774.0
13:02,562.53,562.65,562.39,562.64,2664.0
13:03,562.53,562.61,562.48,562.57,1786.0
13:04,562.49,562.62,562.49,562.62,1064.0
13:05,562.65,562.71,562.41,562.41,1806.0
13:06,562.7,563.01,562.5,562.71,16616.0
13:07,562.72,562.72,562.47,562.51,4969.0
13:08,562.66,562.72,562.66,562.72,1513.0
13:09,562.8,562.89,562.65,562.89,3065.0
13:10,562.66,562.78,562.42,562.63,2406.0
13:11,562.64,562.72,562.31,562.69,2680.0
13:12,562.5,562.78,562.49,562.64,5745.0
13:13,562.55,562.55,562.54,562.54,296.0
13:14,562.82,562.82,562.57,562.57,1848.0
13:15,562.83,562.83,562.6,562.6,855.0
13:16,562.65,562.65,562.62,562.63,850.0
13:17,562.84,562.85,562.69,562.69,3412.0
13:18,563.8,563.8,562.79,562.79,9071.0
13:19,564.1,564.27,563.7,563.8,4512.0
13:20,564.21,564.21,564.05,564.05,3827.0
13:21,564.13,564.36,563.91,564.27,22471.0
13:22,564.38,564.39,564.19,564.35,2711.0
13:23,564.18,564.51,564.18,564.33,3016.0
13:24,564.18,564.2,564.13,564.2,1109.0
13:25,564.32,564.32,564.01,564.12,1068.0
13:26,564.32,564.32,563.92,564.21,1696.0
13:27,564.5,564.5,564.31,564.32,3108.0
13:28,564.21,564.48,564.12,564.48,1706.0
13:29,564.12,564.43,564.12,564.28,613.0
13:30,564.03,564.3,564.03,564.25,1681.0
13:31,564.15,564.37,563.87,563.87,2981.0
13:32,563.89,564.15,563.85,564.15,1813.0
13:33,563.9,564.04,563.78,563.87,1957.0
13:34,563.91,563.91,563.63,563.91,860.0
13:35,564.03,564.07,563.84,563.91,1914.0
13:36,564.09,564.11,563.96,564.11,1536.0
13:37,563.97,564.14,563.88,563.96,1653.0
13:38,564.22,564.22,563.96,563.98,1948.0
13:39,564.35,564.35,563.99,564.19,1124.0
13:40,564.36,564.54,564.24,564.35,1991.0
13:41,564.07,564.36,564.07,564.36,2797.0
13:42,564.11,564.29,564.1,564.29,801.0
13:43,564.35,564.54,564.09,564.09,1053.0
13:44,564.3,564.33,564.11,564.31,761.0
13:45,564.37,564.54,564.31,564.31,2583.0
13:46,564.34,564.38,564.31,564.37,1297.0
13:47,564.34,564.34,564.33,564.33,823.0
13:48,564.13,564.2,564.07,564.17,2648.0
13:49,563.96,564.13,563.95,564.13,2882.0
13:50,563.95,564.18,563.73,563.79,1380.0
13:51,564.07,564.12,563.99,564.12,1029.0
13:52,564.23,564.35,563.89,564.18,1637.0
13:53,564.44,564.52,564.19,564.31,2961.0
13:54,564.28,564.45,564.22,564.45,1242.0
13:55,564.46,564.6,564.39,564.49,2265.0
13:56,564.37,564.46,564.28,564.46,1156.0
13:57,564.28,564.37,564.28,564.37,923.0
13:58,564.22,564.34,564.22,564.26,840.0
13:59,564.22,564.33,564.22,564.25,1258.0
14:00,563.99,564.22,563.99,564.16,2524.0
14:01,563.78,563.93,563.72,563.82,752.0
14:02,563.99,563.99,563.73,563.85,1684.0
14:03,563.64,563.95,563.64,563.95,760.0
14:04,563.54,563.78,563.37,563.78,2830.0
14:05,563.38,563.46,563.2,563.46,730.0
14:06,563.48,563.48,563.29,563.38,1063.0
14:07,563.34,563.66,563.34,563.48,837.0
14:08,563.38,563.58,563.34,563.34,1215.0
14:09,563.38,563.53,563.37,563.47,1024.0
14:10,563.43,563.53,563.29,563.43,1319.0
14:11,563.36,563.48,563.21,563.43,1053.0
14:12,563.21,563.47,563.21,563.36,499.0
14:13,563.15,563.34,563.13,563.34,1894.0
14:14,563.09,563.14,563.02,563.14,2953.0
14:15,562.91,563.09,562.79,563.09,3015.0
14:16,562.97,563.03,562.8,562.84,2701.0
14:17,562.93,563.11,562.93,563.1,1718.0
14:18,562.72,563.09,562.72,563.08,4651.0
14:19,562.75,562.96,562.72,562.84,2873.0
14:20,562.63,562.69,562.47,562.69,6150.0
14:21,563.21,563.21,562.62,562.63,4207.0
14:22,563.11,563.15,563.11,563.11,823.0
14:23,563.26,563.42,563.24,563.32,1392.0
14:24,563.17,563.42,563.17,563.26,1324.0
14:25,563.11,563.28,563.1,563.16,945.0
14:26,563.22,563.24,562.97,563.1,3103.0
14:27,563.0,563.16,563.0,563.16,1567.0
14:28,563.32,563.39,563.07,563.2,1574.0
14:29,563.28,563.48,563.28,563.39,1251.0
14:30,563.29,563.47,563.21,563.45,1908.0
14:31,563.39,563.42,563.38,563.4,992.0
14:32,563.4,563.4,563.4,563.4,603.0
14:33,563.66,563.68,563.5,563.51,1559.0
14:34,563.7,563.77,563.49,563.68,920.0
14:35,563.49,563.77,563.49,563.7,1821.0
14:36,563.34,563.49,563.32,563.49,1286.0
14:37,563.0,563.33,563.0,563.33,694.0
14:38,563.42,563.42,563.19,563.19,824.0
14:39,563.5,563.53,563.41,563.41,1100.0
14:40,563.65,563.8,563.5,563.54,2600.0
14:41,563.63,563.72,563.56,563.64,874.0
14:42,563.79,563.85,563.5,563.5,1423.0
14:43,563.72,563.72,563.72,563.72,447.0
14:44,563.63,563.72,563.59,563.72,1031.0
14:45,563.87,563.89,563.58,563.68,2126.0
14:46,563.79,563.79,563.72,563.72,647.0
14:47,563.58,563.72,563.58,563.72,1101.0
14:48,563.53,563.61,563.53,563.58,785.0
14:49,563.72,563.73,563.52,563.53,1592.0
14:50,563.85,563.86,563.72,563.78,1752.0
14:51,563.79,563.85,563.79,563.85,455.0
14:52,563.78,563.87,563.73,563.87,1271.0
14:53,563.77,563.78,563.66,563.73,2193.0
14:54,563.74,563.77,563.74,563.77,780.0
14:55,563.63,563.74,563.63,563.74,953.0
14:56,563.71,563.71,563.58,563.64,2423.0
14:57,563.67,563.68,563.63,563.66,991.0
14:58,563.61,563.68,563.61,563.68,2305.0
14:59,563.44,563.74,563.42,563.61,5354.0
15:00,563.0,563.44,562.95,563.44,4582.0
15:01,563.12,563.26,563.0,563.0,3150.0
15:02,563.29,563.4,563.26,563.29,2953.0
15:03,563.42,563.42,563.42,563.42,606.0
15:04,563.51,563.53,563.41,563.41,2027.0
15:05,563.55,563.61,563.4,563.6,2054.0
15:06,563.47,563.62,563.47,563.54,1132.0
15:07,563.37,563.54,563.37,563.47,1346.0
15:08,563.44,563.46,563.35,563.43,1990.0
15:09,563.36,563.45,563.36,563.45,767.0
15:10,563.08,563.45,563.08,563.42,2300.0
15:11,563.26,563.39,563.26,563.39,1443.0
15:12,563.24,563.41,563.24,563.34,1065.0
15:13,563.24,563.46,563.2,563.25,3734.0
15:14,563.11,563.2,562.9,563.2,5490.0
15:15,563.1,563.23,563.1,563.17,1604.0
15:16,563.04,563.1,563.01,563.1,1229.0
15:17,563.02,563.08,563.0,563.04,1467.0
15:18,562.97,563.05,562.83,563.0,9204.0
15:19,563.24,563.3,562.84,562.89,3224.0
15:20,563.43,563.52,563.31,563.43,1028.0
15:21,563.24,563.31,563.11,563.31,3653.0
15:22,563.29,563.29,563.2,563.24,1641.0
15:23,563.39,563.43,563.29,563.43,1458.0
15:24,563.53,563.53,563.37,563.37,1175.0
15:25,563.37,563.53,563.37,563.53,463.0
15:26,563.47,563.51,563.47,563.51,632.0
15:27,563.7,563.73,563.47,563.47,1872.0
15:28,563.49,563.7,563.48,563.7,1374.0
15:29,563.6,563.65,563.45,563.5,2087.0
15:30,563.41,563.6,563.4,563.6,1213.0
15:31,563.13,563.43,563.0,563.43,2842.0
15:32,563.18,563.21,563.1,563.1,1555.0
15:33,563.26,563.27,563.17,563.18,1724.0
15:34,563.25,563.28,563.11,563.22,1189.0
15:35,563.33,563.33,563.22,563.22,1226.0
15:36,563.39,563.47,563.38,563.41,2110.0
15:37,563.63,563.63,563.36,563.43,3069.0
15:38,563.87,563.97,563.73,563.73,2356.0
15:39,563.63,563.91,563.63,563.78,2618.0
15:40,563.72,563.94,563.5,563.63,1303.0
15:41,563.75,563.77,563.51,563.72,1649.0
15:42,563.91,563.91,563.7,563.75,2266.0
15:43,563.9,563.92,563.81,563.92,2001.0
15:44,564.01,564.12,563.84,563.85,5520.0
15:45,564.22,564.34,564.0,564.04,2434.0
15:46,564.24,564.38,564.24,564.34,1072.0
15:47,564.05,564.15,563.9,564.15,3414.0
15:48,563.56,563.95,563.56,563.9,3018.0
15:49,563.7,563.88,563.38,563.47,4611.0
15:50,563.27,563.89,563.26,563.78,6329.0
15:51,563.52,563.61,563.0,563.26,9179.0
15:52,563.23,563.53,563.17,563.53,2279.0
15:53,563.1,563.2,562.92,563.14,5145.0
15:54,563.07,563.12,562.91,563.03,4385.0
15:55,563.23,563.24,563.0,563.11,1987.0
15:56,563.24,563.29,562.91,563.16,1964.0
15:57,563.23,563.49,563.09,563.31,6867.0
15:58,563.43,563.58,563.24,563.24,2843.0
15:59,563.43,563.54,563.35,563.43,2394.0
16:00,563.48,563.52,563.36,563.47,2543.0
16:01,563.52,563.67,563.48,563.52,1326.0
16:02,563.79,563.91,563.52,563.52,3120.0
16:03,563.8,563.88,563.74,563.88,1908.0
16:04,563.85,564.0,563.79,563.87,2274.0
16:05,563.77,563.83,563.64,563.83,4760.0
16:06,563.58,563.86,563.58,563.76,1131.0
16:07,563.77,563.79,563.58,563.67,3352.0
16:08,564.05,564.09,563.81,563.85,6268.0
16:09,563.82,563.93,563.77,563.93,2893.0
16:10,563.85,563.96,563.75,563.75,3342.0
16:11,563.8,564.0,563.6,563.96,1979.0
16:12,563.79,563.91,563.71,563.89,1291.0
16:13,564.03,564.08,563.75,563.75,4111.0
16:14,564.03,564.27,563.99,564.08,6077.0
16:15,564.02,564.27,563.9,564.03,4458.0
16:16,563.87,564.12,563.87,564.12,1954.0
16:17,564.32,564.36,563.87,564.02,2653.0
16:18,564.15,564.49,564.08,564.41,5391.0
16:19,564.04,564.14,564.03,564.07,1753.0
16:20,564.24,564.32,564.03,564.1,5013.0
16:21,564.14,564.32,564.03,564.32,2249.0
16:22,564.2,564.26,564.03,564.14,2857.0
16:23,564.13,564.21,564.03,564.21,2849.0
16:24,563.82,564.03,563.82,564.03,4236.0
16:25,563.92,564.0,563.83,563.83,3237.0
16:26,563.95,563.95,563.87,563.92,1749.0
16:27,564.04,564.04,563.86,563.94,2347.0
16:28,563.93,564.05,563.89,564.04,3551.0
16:29,563.72,564.07,563.72,563.99,6774.0
16:30,563.64,563.75,563.63,563.63,5047.0
16:31,563.61,563.61,563.51,563.58,1904.0
16:32,563.68,563.76,563.51,563.6,4250.0
16:33,563.76,563.88,563.69,563.74,3702.0
16:34,563.83,563.86,563.68,563.69,1829.0
16:35,563.64,563.85,563.64,563.84,1326.0
16:36,563.81,563.87,563.61,563.77,4399.0
16:37,563.78,563.87,563.74,563.81,2881.0
16:38,563.71,563.87,563.71,563.78,3154.0
16:39,563.73,563.88,563.66,563.87,5865.0
16:40,563.74,563.82,563.67,563.71,2012.0
16:41,563.59,563.88,563.59,563.7,3954.0
16:42,563.57,563.72,563.43,563.72,3692.0
16:43,563.57,563.69,563.57,563.64,2610.0
16:44,563.64,563.64,563.43,563.51,2060.0
16:45,563.16,563.62,563.15,563.6,3624.0
16:46,562.72,563.01,562.63,563.01,4837.0
16:47,562.46,562.77,562.46,562.77,3528.0
16:48,562.67,562.69,562.51,562.62,6099.0
16:49,561.97,562.77,561.83,562.76,6694.0
16:50,561.85,562.04,561.35,561.83,8589.0
16:51,562.16,562.34,561.87,561.87,6866.0
16:52,562.31,562.44,562.08,562.3,6731.0
16:53,562.16,562.38,562.13,562.17,6853.0
16:54,562.56,562.77,562.07,562.19,11339.0
16:55,562.45,562.92,562.16,562.92,13615.0
16:56,562.21,562.41,562.06,562.41,12596.0
16:57,561.92,562.32,561.9,562.24,16683.0
16:58,561.27,562.0,561.17,561.93,35275.0
16:59,561.23,561.47,561.06,561.32,92853.0
