Time,Close,High,Low,Open,Volume
09:30,571.5,572.0,571.0,571.05,40156.0
09:31,569.76,571.28,569.76,571.28,6352.0
09:32,570.46,570.46,568.58,569.73,10212.0
09:33,570.44,570.62,569.34,569.34,3782.0
09:34,570.71,571.21,570.0,570.0,3601.0
09:35,570.74,571.39,569.98,570.72,6114.0
09:36,569.41,569.74,569.16,569.74,1459.0
09:37,570.62,571.08,569.86,569.86,7575.0
09:38,571.26,571.28,570.02,570.02,4175.0
09:39,572.15,572.15,571.65,571.65,3660.0
09:40,571.66,572.15,571.11,572.15,4748.0
09:41,571.45,571.84,570.6,570.6,1780.0
09:42,571.76,572.1,571.36,571.36,1688.0
09:43,570.93,571.2,570.93,571.2,2535.0
09:44,571.41,571.41,571.0,571.0,2020.0
09:45,571.52,571.88,571.24,571.83,4429.0
09:46,571.72,571.8,571.64,571.64,1817.0
09:47,571.12,571.74,571.12,571.71,3158.0
09:48,571.68,571.74,570.98,570.98,4649.0
09:49,571.72,571.74,571.46,571.46,2149.0
09:50,571.28,571.6,570.48,571.49,2416.0
09:51,570.96,571.52,570.96,571.38,2455.0
09:52,571.01,571.52,571.01,571.52,1698.0
09:53,570.98,571.43,570.98,571.06,3213.0
09:54,570.8,571.28,570.61,571.28,3048.0
09:55,571.25,571.44,570.89,570.89,3493.0
09:56,571.1,571.25,570.74,571.25,4758.0
09:57,571.63,571.77,571.63,571.77,1107.0
09:58,571.04,571.24,571.04,571.24,1905.0
09:59,570.39,571.22,570.39,571.04,7122.0
10:00,570.38,570.68,570.07,570.39,3700.0
10:01,569.93,570.08,569.15,570.08,5277.0
10:02,571.55,571.67,570.27,570.42,13663.0
10:03,571.54,571.87,571.52,571.83,3696.0
10:04,571.2,571.54,571.19,571.54,2535.0
10:05,571.18,571.45,571.14,571.45,5346.0
10:06,571.51,571.68,571.19,571.3,5757.0
10:07,571.75,571.75,571.35,571.54,1952.0
10:08,571.53,572.28,571.32,571.79,6784.0
10:09,571.69,571.69,571.69,571.69,1659.0
10:10,571.25,571.97,571.25,571.73,950.0
10:11,572.03,572.27,572.02,572.11,4734.0
10:12,572.67,572.67,572.03,572.03,2058.0
10:13,572.56,572.56,572.5,572.5,1376.0
10:14,572.28,572.29,572.2,572.29,2213.0
10:15,572.35,572.51,571.9,571.92,5072.0
10:16,572.91,573.38,572.36,572.36,7700.0
10:17,572.95,572.95,572.44,572.71,2132.0
10:18,572.4,572.79,572.4,572.79,2072.0
10:19,572.9,572.95,572.69,572.69,943.0
10:20,572.37,572.9,572.37,572.9,4745.0
10:21,572.36,572.74,572.12,572.3,4042.0
10:22,573.32,573.32,572.65,572.66,5328.0
10:23,572.95,573.69,572.95,573.6,5369.0
10:24,572.94,572.94,572.94,572.94,1828.0
10:25,573.11,573.18,572.68,572.82,3684.0
10:26,573.67,573.67,573.04,573.04,915.0
10:27,573.68,573.68,573.2,573.2,880.0
10:28,573.28,573.28,573.19,573.19,1782.0
10:29,573.36,573.36,572.99,573.27,3625.0
10:30,573.12,573.4,573.12,573.36,2926.0
10:31,573.08,573.08,573.08,573.08,1850.0
10:32,572.97,573.46,572.84,572.84,4726.0
10:33,573.16,573.45,572.99,573.45,1894.0
10:34,574.05,574.43,573.29,573.29,8840.0
10:35,574.11,574.31,573.9,573.9,4345.0
10:36,574.59,574.59,574.12,574.12,2418.0
10:37,574.39,574.39,574.39,574.39,840.0
10:38,574.25,574.81,574.25,574.42,4997.0
10:39,574.62,574.85,574.62,574.62,2524.0
10:40,574.62,574.63,574.59,574.62,1793.0
10:41,574.78,575.21,574.62,574.62,4247.0
10:42,574.98,575.42,574.78,575.13,7489.0
10:43,574.43,574.74,574.43,574.74,3020.0
10:44,574.43,574.43,574.43,574.43,1449.0
10:45,573.75,574.0,573.75,574.0,2676.0
10:46,573.89,573.95,573.55,573.74,4275.0
10:47,573.29,574.24,573.29,573.82,3166.0
10:48,573.16,573.4,573.16,573.29,2469.0
10:49,573.38,573.4,572.97,573.14,6525.0
10:50,573.41,573.41,573.26,573.38,2091.0
10:51,572.98,572.98,572.98,572.98,926.0
10:52,573.22,573.24,573.06,573.24,2002.0
10:53,573.41,573.42,573.02,573.2,3252.0
10:54,573.6,573.6,572.99,573.16,4502.0
10:55,574.6,574.6,573.63,573.72,5235.0
10:56,573.99,574.32,573.99,574.23,3186.0
10:57,574.21,574.21,573.87,573.92,4546.0
10:58,574.37,574.85,573.91,574.27,5111.0
10:59,573.64,574.0,573.64,574.0,2713.0
11:00,574.65,574.78,573.37,573.68,25458.0
11:01,574.66,575.49,574.66,575.17,7391.0
11:02,574.91,574.96,574.52,574.52,5337.0
11:03,575.0,575.0,574.79,574.84,2375.0
11:04,574.66,575.0,574.66,575.0,1426.0
11:05,574.85,574.85,574.63,574.63,1389.0
11:06,574.86,575.31,574.86,575.08,2410.0
11:07,574.92,574.92,574.92,574.92,829.0
11:08,575.03,575.21,574.98,575.03,5371.0
11:09,574.63,575.03,574.63,575.03,2659.0
11:10,574.65,574.65,574.39,574.5,2179.0
11:11,574.54,574.66,574.54,574.66,1112.0
11:12,574.61,574.61,574.27,574.27,3404.0
11:13,574.66,574.73,574.66,574.73,542.0
11:14,574.63,574.66,574.4,574.66,3735.0
11:15,574.69,574.91,574.63,574.63,4379.0
11:16,574.68,574.71,574.4,574.58,3185.0
11:17,574.69,574.74,574.69,574.7,1924.0
11:18,575.22,575.22,574.59,574.69,3851.0
11:19,575.23,575.29,575.08,575.26,4252.0
11:20,575.17,575.17,575.17,575.17,162.0
11:21,575.0,575.04,574.84,575.04,5010.0
11:22,574.38,574.78,574.38,574.78,2459.0
11:23,574.28,574.31,574.13,574.31,2230.0
11:24,574.65,574.65,574.27,574.39,2011.0
11:25,574.3,574.66,574.3,574.65,1792.0
11:26,574.67,574.67,574.3,574.6,3099.0
11:27,574.87,575.0,574.67,574.67,5015.0
11:28,575.46,575.48,575.25,575.25,4595.0
11:29,575.07,575.41,575.07,575.19,6810.0
11:30,575.27,575.37,575.27,575.33,1544.0
11:31,575.0,575.0,575.0,575.0,2243.0
11:32,575.51,575.51,575.51,575.51,403.0
11:33,575.25,575.95,575.25,575.74,5268.0
11:34,575.32,575.32,575.32,575.32,704.0
11:35,575.83,575.83,575.67,575.67,1615.0
11:36,575.93,575.93,575.53,575.53,1812.0
11:37,575.99,576.21,575.96,575.96,3944.0
11:38,576.33,576.43,576.21,576.21,4063.0
11:39,575.91,576.34,575.91,576.33,4365.0
11:40,576.17,576.17,576.15,576.15,849.0
11:41,576.17,576.17,576.17,576.17,1265.0
11:42,576.18,576.18,576.14,576.16,1550.0
11:43,576.14,576.14,576.03,576.03,1005.0
11:44,575.97,576.12,575.8,576.12,4876.0
11:45,575.84,576.05,575.84,575.89,1785.0
11:46,575.98,576.11,575.98,576.04,4223.0
11:47,575.66,575.91,575.66,575.72,2290.0
11:48,575.88,575.91,575.78,575.89,2768.0
11:49,575.9,576.07,575.68,575.86,2783.0
11:50,575.84,576.04,575.84,575.91,2031.0
11:51,576.0,576.16,575.94,576.03,14710.0
11:52,575.76,576.01,575.76,575.99,3372.0
11:53,575.58,575.96,575.58,575.96,2403.0
11:54,575.78,576.0,575.77,576.0,2110.0
11:55,575.76,575.77,575.76,575.77,1042.0
11:56,575.58,575.85,575.58,575.71,2411.0
11:57,575.62,575.68,575.5,575.68,2913.0
11:58,575.93,575.98,575.61,575.61,4624.0
11:59,575.76,575.93,575.41,575.93,4991.0
12:00,575.4,575.83,575.39,575.76,9748.0
12:01,575.44,575.54,575.44,575.49,1346.0
12:02,575.58,575.58,575.42,575.42,806.0
12:03,575.38,575.58,575.23,575.23,4463.0
12:04,575.49,575.49,575.21,575.39,2315.0
12:05,575.35,575.5,575.35,575.5,1044.0
12:06,575.29,575.32,575.16,575.21,4610.0
12:07,575.3,575.5,575.3,575.5,1438.0
12:08,575.1,575.3,575.1,575.3,916.0
12:09,575.12,575.35,575.12,575.29,1840.0
12:10,575.14,575.4,575.14,575.27,2763.0
12:11,575.12,575.12,574.87,575.1,3575.0
12:12,575.12,575.12,574.95,575.1,1823.0
12:13,574.96,574.96,574.95,574.95,1373.0
12:14,575.08,575.08,574.91,574.95,2770.0
12:15,575.07,575.08,574.99,575.02,2351.0
12:16,575.07,575.08,575.07,575.08,1932.0
12:17,575.09,575.19,575.07,575.19,1312.0
12:18,575.11,575.3,575.07,575.3,691.0
12:19,574.98,575.06,574.85,574.85,1963.0
12:20,574.96,575.08,574.82,574.85,5015.0
12:21,575.11,575.13,574.96,574.96,6115.0
12:22,575.13,575.29,575.11,575.22,1000.0
12:23,575.12,575.12,575.1,575.1,2287.0
12:24,574.72,574.92,574.53,574.92,5141.0
12:25,574.87,575.0,574.87,575.0,549.0
12:26,574.87,574.87,574.87,574.87,1085.0
12:27,574.62,574.93,574.59,574.84,4084.0
12:28,574.61,574.92,574.61,574.83,2979.0
12:29,574.46,574.46,574.46,574.46,903.0
12:30,572.39,574.53,571.77,574.48,15744.0
12:31,571.91,572.68,571.84,572.07,5463.0
12:32,572.01,572.17,571.92,572.17,4467.0
12:33,572.3,572.4,571.61,571.61,1943.0
12:34,573.35,573.35,572.44,572.44,7050.0
12:35,573.45,573.8,573.45,573.62,2114.0
12:36,573.55,573.55,573.45,573.5,1600.0
12:37,573.73,573.87,573.48,573.84,1732.0
12:38,574.58,574.69,573.73,573.73,5053.0
12:39,574.7,574.78,574.49,574.54,4118.0
12:40,574.74,574.99,574.42,574.64,2373.0
12:41,575.16,575.2,574.5,574.63,4883.0
12:42,574.94,575.16,574.81,574.81,1509.0
12:43,574.82,574.86,574.82,574.82,1657.0
12:44,574.21,574.21,574.21,574.21,683.0
12:45,574.91,575.06,574.91,575.06,2399.0
12:46,574.71,574.91,574.67,574.91,1731.0
12:47,574.84,574.84,574.84,574.84,692.0
12:48,574.81,574.81,574.53,574.73,1710.0
12:49,574.64,574.81,574.53,574.58,4592.0
12:50,574.65,574.76,574.52,574.61,4134.0
12:51,574.67,574.72,574.51,574.64,3677.0
12:52,575.35,575.35,574.83,574.83,2128.0
12:53,575.26,575.26,575.21,575.21,1626.0
12:54,575.68,575.68,575.23,575.23,3083.0
12:55,575.56,575.6,575.28,575.6,3197.0
12:56,575.54,575.54,575.49,575.49,1115.0
12:57,575.48,575.48,575.48,575.48,638.0
12:58,575.44,575.44,575.21,575.44,3325.0
12:59,575.06,575.59,575.06,575.59,2210.0
13:00,575.0,575.06,575.0,575.06,1402.0
13:01,575.25,575.25,575.25,575.25,765.0
13:02,575.18,575.18,575.18,575.18,1185.0
13:03,575.14,575.14,574.89,574.9,2096.0
13:04,574.72,574.83,574.72,574.83,2840.0
13:05,574.73,574.92,574.73,574.92,1134.0
13:06,574.72,575.12,574.67,574.8,3561.0
13:07,574.64,574.64,574.58,574.58,1315.0
13:08,574.78,574.86,574.78,574.84,1641.0
13:09,575.03,575.03,575.03,575.03,1225.0
13:10,574.9,574.96,574.6,574.96,2945.0
13:11,574.9,574.91,574.9,574.9,1632.0
13:12,574.96,574.96,574.7,574.77,2806.0
13:13,574.6,574.78,574.6,574.78,3337.0
13:14,574.43,574.51,574.42,574.51,1763.0
13:15,574.55,574.64,574.53,574.53,1592.0
13:16,574.4,574.53,574.19,574.36,9286.0
13:17,574.4,574.5,574.4,574.4,4418.0
13:18,574.27,574.27,574.04,574.27,4028.0
13:19,573.86,574.33,573.75,574.17,3504.0
13:20,573.46,574.39,573.46,574.07,2980.0
13:21,573.55,574.02,573.47,573.85,2158.0
13:22,573.64,573.64,573.49,573.63,1336.0
13:23,573.71,573.71,573.51,573.51,1993.0
13:24,573.39,573.52,573.39,573.52,1652.0
13:25,573.19,573.21,573.09,573.21,3322.0
13:26,573.48,573.49,573.25,573.3,4570.0
13:27,573.77,573.77,573.4,573.4,5817.0
13:28,573.62,573.65,573.62,573.65,1654.0
13:29,574.12,574.12,574.12,574.12,493.0
13:30,573.82,574.07,573.82,574.07,1960.0
13:31,573.96,573.96,573.82,573.82,1294.0
13:32,574.0,574.0,574.0,574.0,841.0
13:33,574.17,574.32,574.08,574.17,2948.0
13:34,574.26,574.4,574.12,574.21,3910.0
13:35,574.34,574.49,574.17,574.25,4873.0
13:36,574.4,574.47,574.14,574.18,3178.0
13:37,574.45,574.45,574.11,574.11,1484.0
13:38,573.91,574.79,573.91,574.44,2508.0
13:39,573.72,573.92,573.72,573.92,2594.0
13:40,573.67,573.67,573.67,573.67,784.0
13:41,573.39,573.76,573.01,573.63,9581.0
13:42,573.18,573.18,573.18,573.18,1665.0
13:43,573.03,573.03,572.81,572.81,1340.0
13:44,572.59,572.88,572.59,572.76,2103.0
13:45,573.18,573.18,572.95,572.95,2536.0
13:46,573.17,573.27,573.01,573.19,2786.0
13:47,573.44,573.49,573.21,573.3,2404.0
13:48,573.71,573.71,573.41,573.41,2022.0
13:49,573.7,573.75,573.41,573.75,1125.0
13:50,573.41,573.7,573.41,573.7,1286.0
13:51,573.39,573.41,573.22,573.41,1306.0
13:52,573.13,573.14,573.13,573.14,1023.0
13:53,573.36,573.36,573.36,573.36,657.0
13:54,572.99,573.36,572.99,573.36,2477.0
13:55,573.22,573.22,573.22,573.22,1474.0
13:56,573.31,573.31,573.17,573.17,1459.0
13:57,573.41,573.41,573.13,573.13,1444.0
13:58,573.22,573.42,573.22,573.33,3824.0
13:59,573.28,573.28,573.22,573.22,875.0
14:00,573.5,573.5,573.48,573.48,2536.0
14:01,573.51,573.62,573.51,573.62,1610.0
14:02,573.44,573.55,573.44,573.55,529.0
14:03,573.26,573.59,573.26,573.44,3069.0
14:04,573.26,573.26,573.25,573.25,1395.0
14:05,573.77,573.92,573.46,573.46,4313.0
14:06,573.74,573.74,573.74,573.74,1529.0
14:07,573.52,573.95,573.5,573.74,2339.0
14:08,573.65,573.67,573.61,573.67,1849.0
14:09,573.5,573.63,573.5,573.51,1255.0
14:10,573.64,573.94,573.46,573.62,4415.0
14:11,573.38,573.38,573.38,573.38,1143.0
14:12,573.45,573.46,573.38,573.46,1944.0
14:13,573.53,573.54,573.38,573.53,2745.0
14:14,573.2,573.53,573.07,573.53,2940.0
14:15,572.99,573.28,572.99,573.28,1163.0
14:16,572.97,572.97,572.97,572.97,860.0
14:17,572.66,572.82,572.65,572.82,2553.0
14:18,572.94,572.94,572.66,572.66,1243.0
14:19,573.24,573.31,573.09,573.09,1577.0
14:20,573.68,573.72,573.29,573.32,2868.0
14:21,573.48,573.82,573.48,573.82,970.0
14:22,573.48,573.48,573.48,573.48,1140.0
14:23,574.08,574.09,573.48,574.09,2712.0
14:24,573.95,574.06,573.95,574.06,691.0
14:25,574.15,574.15,573.95,574.09,2584.0
14:26,573.98,574.34,573.98,574.25,5393.0
14:27,573.92,573.92,573.92,573.92,1264.0
14:28,573.91,573.93,573.74,573.9,3346.0
14:29,573.66,573.92,573.66,573.92,5256.0
14:30,573.88,573.88,573.86,573.86,1388.0
14:31,573.58,573.64,573.55,573.55,2569.0
14:32,573.35,573.62,573.35,573.62,983.0
14:33,573.57,573.63,573.57,573.63,2720.0
14:34,573.56,573.56,573.56,573.56,1557.0
14:35,573.89,573.89,573.44,573.47,2976.0
14:36,573.29,573.37,573.29,573.37,1457.0
14:37,573.47,573.49,573.47,573.49,891.0
14:38,573.71,573.71,573.28,573.47,4198.0
14:39,573.84,573.84,573.84,573.84,1090.0
14:40,573.41,573.5,573.41,573.5,1260.0
14:41,573.57,573.57,573.19,573.23,2863.0
14:42,573.65,573.87,573.65,573.84,1037.0
14:43,573.65,573.77,573.65,573.77,1375.0
14:44,573.34,573.65,573.34,573.65,2697.0
14:45,573.6,573.6,573.35,573.35,1502.0
14:46,573.52,573.6,573.39,573.47,1887.0
14:47,573.45,573.6,573.44,573.6,2272.0
14:48,573.58,573.58,573.58,573.58,582.0
14:49,573.86,573.86,573.51,573.57,2180.0
14:50,573.0,573.85,573.0,573.85,4426.0
14:51,572.91,573.1,572.91,573.04,2668.0
14:52,573.08,573.31,573.08,573.3,2355.0
14:53,573.01,573.01,572.92,572.96,998.0
14:54,573.25,573.25,573.01,573.05,1819.0
14:55,572.9,573.02,572.83,573.02,2070.0
14:56,572.92,573.04,572.92,573.04,1095.0
14:57,573.07,573.07,573.07,573.07,1370.0
14:58,573.12,573.31,573.12,573.2,2536.0
14:59,573.09,573.09,573.09,573.09,675.0
15:00,572.73,573.06,572.72,573.03,3557.0
15:01,572.14,572.73,571.82,572.73,3574.0
15:02,571.78,572.16,571.72,572.16,3917.0
15:03,571.98,572.08,571.98,572.08,2671.0
15:04,572.01,572.01,571.98,571.98,698.0
15:05,572.32,572.32,572.01,572.01,2729.0
15:06,572.51,572.51,572.47,572.47,1500.0
15:07,572.51,572.56,572.51,572.56,2320.0
15:08,572.51,572.51,572.51,572.51,362.0
15:09,572.59,572.59,572.36,572.36,1292.0
15:10,572.62,572.62,572.56,572.59,2302.0
15:11,572.77,572.77,572.74,572.74,1316.0
15:12,572.47,572.7,572.47,572.7,1550.0
15:13,572.18,572.47,572.18,572.43,3449.0
15:14,572.03,572.44,572.03,572.2,10008.0
15:15,572.08,572.24,572.08,572.13,1277.0
15:16,571.93,572.19,571.89,572.1,2224.0
15:17,571.44,571.82,571.44,571.74,1543.0
15:18,571.85,571.89,571.73,571.73,2509.0
15:19,571.99,571.99,571.84,571.84,1962.0
15:20,571.98,572.11,571.79,572.03,6987.0
15:21,571.97,571.97,571.97,571.97,887.0
15:22,571.68,571.95,571.68,571.86,1413.0
15:23,571.6,571.74,571.6,571.74,3370.0
15:24,571.7,571.83,571.6,571.6,2637.0
15:25,571.59,571.74,571.59,571.74,3235.0
15:26,571.41,571.6,571.29,571.6,5300.0
15:27,571.49,571.49,571.34,571.41,2790.0
15:28,571.75,571.75,571.57,571.59,5755.0
15:29,571.55,571.75,571.55,571.64,6272.0
15:30,571.48,571.63,571.47,571.47,4324.0
15:31,571.54,571.68,571.48,571.55,7829.0
15:32,571.7,571.75,571.6,571.62,4526.0
15:33,571.44,571.68,571.44,571.61,5587.0
15:34,571.56,571.57,571.47,571.57,1039.0
15:35,571.53,571.66,571.45,571.65,3996.0
15:36,571.43,571.71,571.32,571.71,3277.0
15:37,571.6,571.6,571.47,571.48,4719.0
15:38,571.97,571.97,571.73,571.74,5874.0
15:39,571.9,571.97,571.87,571.89,5505.0
15:40,571.69,571.9,571.56,571.9,4110.0
15:41,571.53,571.69,571.53,571.69,2786.0
15:42,571.36,571.56,571.35,571.48,2467.0
15:43,571.42,571.42,571.3,571.36,3254.0
15:44,571.47,571.61,571.42,571.42,5590.0
15:45,571.28,571.48,571.28,571.48,3966.0
15:46,571.32,571.32,571.14,571.21,5163.0
15:47,571.54,571.54,571.18,571.38,12512.0
15:48,571.47,571.47,571.35,571.42,3331.0
15:49,571.41,571.54,571.28,571.42,4974.0
15:50,571.78,571.78,571.51,571.58,11414.0
15:51,571.72,571.93,571.56,571.62,9899.0
15:52,571.23,571.77,571.23,571.72,4498.0
15:53,571.23,571.44,571.03,571.44,7442.0
15:54,571.53,571.62,571.22,571.22,12913.0
15:55,571.18,571.7,571.18,571.56,26462.0
15:56,571.36,571.43,571.12,571.13,14732.0
15:57,570.56,571.27,570.56,571.27,16377.0
15:58,570.53,570.88,570.44,570.72,19673.0
15:59,571.25,571.55,570.45,570.58,63686.0
