Time,Close,High,Low,Open,Volume
09:30,558.48,559.54,557.8,558.0,50567.0
09:31,560.19,560.32,558.58,559.3,6175.0
09:32,562.28,562.29,560.46,560.69,12235.0
09:33,563.05,563.45,561.81,562.28,18074.0
09:34,562.82,563.88,562.02,562.93,16159.0
09:35,560.98,562.82,560.98,562.82,8631.0
09:36,561.62,561.8,560.27,560.98,21589.0
09:37,561.92,562.09,561.62,561.62,5752.0
09:38,562.71,562.71,561.32,561.59,9964.0
09:39,562.85,563.3,562.3,562.69,16329.0
09:40,562.4,563.59,562.4,562.8,36753.0
09:41,562.71,563.14,562.4,562.4,3614.0
09:42,563.0,563.16,562.62,562.62,8996.0
09:43,564.0,565.0,563.0,563.0,14124.0
09:44,563.93,564.11,563.39,564.11,12605.0
09:45,563.38,563.76,563.24,563.56,17452.0
09:46,563.75,563.94,563.33,563.38,13237.0
09:47,563.82,563.99,563.7,563.7,3179.0
09:48,563.44,564.05,563.44,563.9,5703.0
09:49,562.4,563.67,562.4,563.67,8817.0
09:50,563.22,563.23,562.22,562.82,6783.0
09:51,561.61,563.46,561.61,563.22,10322.0
09:52,560.55,561.8,560.43,561.74,7252.0
09:53,560.66,560.7,560.28,560.37,4608.0
09:54,560.32,560.58,560.32,560.58,1304.0
09:55,559.87,560.18,559.63,559.87,6077.0
09:56,559.24,560.07,559.16,560.04,6931.0
09:57,558.23,559.38,558.2,559.35,12085.0
09:58,558.43,558.68,558.0,558.2,6345.0
09:59,558.05,558.51,557.95,558.51,13685.0
10:00,557.31,558.52,557.29,558.09,13010.0
10:01,557.47,558.1,557.01,557.91,9139.0
10:02,556.61,557.81,556.61,557.35,6677.0
10:03,556.44,556.76,555.51,556.65,27746.0
10:04,556.51,556.6,556.35,556.35,2086.0
10:05,555.46,556.09,554.36,556.02,20662.0
10:06,554.73,555.41,554.52,555.11,5503.0
10:07,555.03,555.78,554.37,554.37,26525.0
10:08,554.67,555.26,554.6,555.26,8725.0
10:09,554.01,555.12,554.0,554.44,9554.0
10:10,554.0,554.15,553.01,553.88,10913.0
10:11,554.17,554.25,553.43,553.9,9192.0
10:12,553.93,554.17,553.4,554.17,9927.0
10:13,553.97,554.11,553.56,553.93,7237.0
10:14,554.58,554.66,554.18,554.25,8181.0
10:15,554.34,554.45,553.2,554.45,17320.0
10:16,554.62,555.01,554.44,554.81,14590.0
10:17,554.81,554.81,554.52,554.62,2475.0
10:18,555.07,555.67,554.99,554.99,10852.0
10:19,555.24,555.34,554.94,554.95,6279.0
10:20,555.05,555.6,555.05,555.25,4262.0
10:21,554.59,555.06,554.47,555.05,4253.0
10:22,554.21,554.37,553.88,554.37,8916.0
10:23,554.1,554.64,554.1,554.34,5751.0
10:24,555.07,555.14,554.73,554.73,5017.0
10:25,554.03,555.14,554.03,555.14,6281.0
10:26,554.09,554.28,553.72,553.9,3797.0
10:27,554.49,554.54,553.97,553.97,5963.0
10:28,554.92,555.09,554.64,554.76,10131.0
10:29,554.88,555.3,554.82,554.92,4054.0
10:30,553.95,554.61,553.62,554.61,4541.0
10:31,554.38,554.39,553.93,554.02,2696.0
10:32,555.13,555.13,554.4,554.4,4698.0
10:33,555.14,555.2,554.91,555.13,3252.0
10:34,555.32,555.36,554.97,555.14,6032.0
10:35,555.54,555.72,555.43,555.53,5877.0
10:36,556.2,556.24,555.45,555.58,2708.0
10:37,556.18,556.19,556.18,556.19,1454.0
10:38,556.91,556.91,555.93,556.18,8301.0
10:39,556.82,557.02,556.64,556.78,5498.0
10:40,557.11,557.2,556.53,556.53,2180.0
10:41,557.3,557.3,556.79,557.08,14940.0
10:42,557.2,557.34,556.97,557.24,3267.0
10:43,556.98,557.28,556.98,557.21,2609.0
10:44,557.51,557.83,557.18,557.18,3670.0
10:45,557.46,557.53,557.04,557.46,4246.0
10:46,557.04,557.36,557.04,557.33,3969.0
10:47,557.76,558.05,557.07,557.09,10814.0
10:48,557.44,557.88,557.37,557.88,12007.0
10:49,557.47,557.69,557.3,557.57,7046.0
10:50,557.5,557.5,557.23,557.26,2085.0
10:51,557.68,557.68,557.49,557.5,3015.0
10:52,557.59,557.62,557.59,557.62,1892.0
10:53,558.07,558.16,557.7,557.78,10717.0
10:54,558.0,558.28,557.84,558.07,2738.0
10:55,557.9,557.92,557.64,557.88,7580.0
10:56,558.08,558.32,557.99,557.99,4301.0
10:57,558.23,558.28,557.89,558.28,3169.0
10:58,558.43,558.5,557.75,557.92,6484.0
10:59,558.02,558.43,557.85,558.43,3683.0
11:00,558.06,558.06,557.86,557.98,3562.0
11:01,558.19,558.21,558.13,558.2,3140.0
11:02,558.2,558.2,558.03,558.19,3156.0
11:03,558.36,558.36,557.95,558.16,3008.0
11:04,557.99,558.04,557.91,558.04,3361.0
11:05,558.06,558.36,557.91,557.99,6420.0
11:06,558.28,558.38,558.17,558.17,7270.0
11:07,558.57,558.57,558.27,558.38,2397.0
11:08,559.27,559.27,558.34,558.34,10384.0
11:09,560.02,560.05,559.24,559.27,5382.0
11:10,560.78,560.78,560.01,560.01,4532.0
11:11,560.09,560.58,560.09,560.58,4008.0
11:12,560.43,560.46,560.09,560.09,3668.0
11:13,560.59,560.97,560.34,560.7,4115.0
11:14,560.97,560.97,560.59,560.59,1677.0
11:15,561.17,561.17,560.6,560.6,2841.0
11:16,561.1,561.27,560.99,561.17,3299.0
11:17,561.07,561.19,560.99,560.99,2804.0
11:18,560.78,561.07,560.62,561.07,8279.0
11:19,561.35,561.57,560.9,560.91,9606.0
11:20,561.25,561.57,561.23,561.36,8744.0
11:21,561.14,561.56,560.98,561.23,4141.0
11:22,561.4,561.48,561.14,561.14,4362.0
11:23,561.72,561.83,561.55,561.56,6733.0
11:24,561.62,562.08,561.62,561.89,2250.0
11:25,561.69,561.69,561.43,561.62,4679.0
11:26,561.72,561.72,561.61,561.61,1707.0
11:27,561.68,561.77,561.5,561.61,6968.0
11:28,561.69,561.69,561.5,561.65,2949.0
11:29,561.91,561.98,561.58,561.58,3564.0
11:30,561.91,562.04,561.86,561.89,2563.0
11:31,562.3,562.3,561.88,561.89,4765.0
11:32,562.54,562.54,561.89,561.89,1818.0
11:33,562.83,562.92,562.58,562.58,3473.0
11:34,563.23,563.24,562.82,562.83,3241.0
11:35,563.1,563.82,562.91,562.98,5442.0
11:36,563.16,563.32,563.16,563.23,1685.0
11:37,562.54,563.16,562.54,563.16,5971.0
11:38,562.15,562.78,562.15,562.6,4680.0
11:39,561.77,562.4,561.77,562.03,3389.0
11:40,561.78,562.4,561.62,561.77,5247.0
11:41,561.86,562.22,561.78,561.78,6686.0
11:42,561.41,562.06,561.41,561.66,6364.0
11:43,561.77,561.77,561.59,561.59,17195.0
11:44,561.37,561.49,561.26,561.47,3305.0
11:45,561.17,561.19,560.96,561.19,5202.0
11:46,561.19,561.19,560.94,561.04,2346.0
11:47,560.91,561.18,560.84,561.04,3903.0
11:48,560.78,561.16,560.65,560.91,5490.0
11:49,560.96,561.0,560.83,560.83,2397.0
11:50,560.75,561.14,560.71,560.96,8088.0
11:51,560.84,561.13,560.68,560.84,3988.0
11:52,561.11,561.11,560.84,560.84,2046.0
11:53,560.69,561.1,560.61,560.61,5452.0
11:54,560.7,560.72,560.5,560.69,3511.0
11:55,560.49,560.7,560.49,560.7,2091.0
11:56,560.55,560.56,560.39,560.49,7093.0
11:57,560.54,560.67,560.51,560.67,2547.0
11:58,560.55,560.55,560.41,560.54,3849.0
11:59,560.55,560.55,560.55,560.55,5886.0
12:00,560.27,560.45,560.27,560.29,2062.0
12:01,560.18,560.27,560.11,560.25,1733.0
12:02,560.59,560.59,559.91,560.07,16114.0
12:03,560.36,560.59,560.18,560.48,16227.0
12:04,560.29,560.58,560.05,560.33,5792.0
12:05,560.05,560.29,559.97,560.06,3625.0
12:06,560.06,560.29,559.97,560.05,8888.0
12:07,560.24,560.37,560.05,560.05,5406.0
12:08,559.78,560.37,559.78,560.12,11409.0
12:09,560.03,560.03,559.78,559.78,3435.0
12:10,559.83,560.04,559.67,559.75,2809.0
12:11,560.06,560.06,559.98,560.03,4962.0
12:12,559.9,559.9,559.85,559.85,1243.0
12:13,560.03,560.25,559.97,559.97,4431.0
12:14,559.85,560.07,559.85,560.04,3236.0
12:15,560.7,560.71,560.05,560.05,5325.0
12:16,561.14,561.14,560.67,560.69,2327.0
12:17,560.64,560.64,560.64,560.64,426.0
12:18,560.52,560.8,560.52,560.66,2118.0
12:19,560.21,560.47,560.21,560.47,1700.0
12:20,560.74,560.81,560.38,560.38,2554.0
12:21,560.72,561.03,560.62,560.62,3835.0
12:22,561.14,561.14,560.57,560.65,2614.0
12:23,561.02,561.17,561.02,561.13,3097.0
12:24,561.18,561.39,561.07,561.19,3946.0
12:25,560.91,561.08,560.87,561.08,1475.0
12:26,561.24,561.25,561.22,561.22,1577.0
12:27,561.05,561.51,560.99,561.24,2814.0
12:28,561.08,561.19,561.07,561.07,2687.0
12:29,561.36,561.37,561.09,561.22,2084.0
12:30,560.88,561.15,560.88,561.14,1821.0
12:31,561.13,561.36,561.09,561.12,2194.0
12:32,561.62,561.63,561.24,561.24,2291.0
12:33,561.96,562.0,561.53,561.62,7416.0
12:34,561.65,562.41,561.63,561.88,5359.0
12:35,561.61,561.76,561.61,561.73,1544.0
12:36,561.37,561.61,561.37,561.61,1136.0
12:37,561.29,561.6,561.28,561.6,2216.0
12:38,560.99,561.76,560.99,561.3,2104.0
12:39,561.29,561.61,561.13,561.13,4507.0
12:40,561.28,561.29,561.28,561.29,1109.0
12:41,561.34,561.56,561.22,561.23,1870.0
12:42,561.73,561.73,561.56,561.56,2304.0
12:43,561.72,561.73,561.72,561.73,1184.0
12:44,561.89,561.89,561.85,561.85,1249.0
12:45,561.27,561.72,561.27,561.72,3741.0
12:46,561.5,561.5,561.5,561.5,230.0
12:47,561.61,561.67,561.5,561.61,3124.0
12:48,561.45,561.6,561.43,561.51,1385.0
12:49,561.39,561.46,561.29,561.3,3469.0
12:50,561.57,561.61,561.3,561.38,4609.0
12:51,561.76,561.76,561.66,561.66,1063.0
12:52,561.54,561.72,561.33,561.72,2090.0
12:53,561.42,561.84,561.42,561.84,1598.0
12:54,561.57,561.57,561.35,561.56,910.0
12:55,561.71,561.84,561.57,561.84,1860.0
12:56,561.8,561.85,561.71,561.78,1970.0
12:57,561.84,561.86,561.72,561.79,2935.0
12:58,562.04,562.04,561.62,561.82,2078.0
12:59,561.83,561.83,561.73,561.83,885.0
13:00,561.77,562.04,561.77,561.87,2658.0
13:01,562.36,562.36,561.91,561.91,2954.0
13:02,562.39,562.39,562.36,562.36,936.0
13:03,562.57,562.57,562.48,562.5,3047.0
13:04,562.53,562.55,562.32,562.4,1461.0
13:05,562.63,562.63,562.33,562.33,2760.0
13:06,562.16,562.35,561.66,562.34,4694.0
13:07,561.75,561.75,561.75,561.75,1432.0
13:08,561.99,561.99,561.75,561.75,2047.0
13:09,561.92,562.08,561.87,561.87,3948.0
13:10,561.84,562.16,561.65,561.69,3983.0
13:11,561.57,561.86,561.57,561.86,707.0
13:12,561.1,561.57,561.1,561.57,2996.0
13:13,561.02,561.56,560.99,561.03,3510.0
13:14,560.92,561.35,560.91,561.03,2701.0
13:15,561.0,561.22,560.87,560.9,2516.0
13:16,560.5,560.9,560.35,560.9,4786.0
13:17,560.2,560.59,560.12,560.24,2413.0
13:18,560.1,560.55,560.1,560.32,2113.0
13:19,560.56,560.63,560.17,560.33,26000.0
13:20,560.33,560.56,559.99,560.56,4226.0
13:21,560.43,560.46,560.11,560.46,4308.0
13:22,560.6,560.6,560.59,560.59,958.0
13:23,560.41,560.76,560.26,560.7,6198.0
13:24,560.54,560.55,560.22,560.44,38201.0
13:25,560.67,560.91,560.42,560.51,6983.0
13:26,560.52,560.59,560.52,560.59,1122.0
13:27,560.79,560.79,560.53,560.53,2443.0
13:28,560.22,560.54,560.02,560.54,3123.0
13:29,560.2,560.47,560.09,560.36,9911.0
13:30,559.95,560.33,559.95,560.33,2684.0
13:31,560.05,560.23,559.94,559.94,1200.0
13:32,559.94,560.05,559.94,560.05,1896.0
13:33,560.0,560.17,559.98,559.98,4319.0
13:34,560.03,560.18,559.98,560.09,12184.0
13:35,560.06,560.2,559.99,560.2,20050.0
13:36,560.62,560.62,560.15,560.15,5042.0
13:37,560.61,560.8,560.5,560.65,5395.0
13:38,560.38,560.53,560.38,560.52,6867.0
13:39,560.02,560.38,560.02,560.38,2371.0
13:40,559.96,560.39,559.96,560.11,10025.0
13:41,559.67,559.99,559.67,559.89,13560.0
13:42,560.41,560.41,560.12,560.26,1876.0
13:43,560.35,560.54,559.97,560.12,74595.0
13:44,560.95,560.95,560.35,560.38,6294.0
13:45,560.93,560.95,560.88,560.94,5051.0
13:46,560.68,560.79,560.65,560.79,4663.0
13:47,560.43,560.64,560.43,560.63,4275.0
13:48,560.25,560.31,560.05,560.24,3012.0
13:49,560.22,560.25,560.22,560.25,2051.0
13:50,559.86,560.03,559.86,560.03,2936.0
13:51,560.03,560.03,559.85,560.0,1084.0
13:52,560.02,560.05,559.85,560.01,5022.0
13:53,560.08,560.08,560.0,560.0,3519.0
13:54,559.96,559.96,559.96,559.96,2099.0
13:55,559.96,559.96,559.96,559.96,765.0
13:56,560.3,560.3,559.87,560.02,5115.0
13:57,560.63,560.72,560.17,560.17,2268.0
13:58,560.78,560.78,560.78,560.78,1761.0
13:59,560.78,560.92,560.76,560.87,4762.0
14:00,560.78,561.06,560.73,560.95,7762.0
14:01,560.78,560.78,560.68,560.78,4057.0
14:02,561.1,561.1,560.97,560.97,2260.0
14:03,560.91,561.09,560.91,561.05,4025.0
14:04,560.83,560.9,560.45,560.9,4736.0
14:05,560.95,561.03,560.78,560.78,5362.0
14:06,560.95,560.95,560.95,560.95,3421.0
14:07,560.66,560.98,560.66,560.98,2539.0
14:08,561.03,561.03,560.78,560.79,2473.0
14:09,560.82,561.03,560.82,560.96,1650.0
14:10,560.82,561.15,560.82,560.82,3276.0
14:11,560.57,560.77,560.48,560.67,6553.0
14:12,560.72,560.72,560.72,560.72,1538.0
14:13,560.48,560.53,560.48,560.53,2473.0
14:14,560.1,560.28,560.09,560.27,1940.0
14:15,560.1,560.28,560.1,560.13,1795.0
14:16,560.11,560.28,560.1,560.14,4397.0
14:17,559.86,560.27,559.86,560.2,6356.0
14:18,559.62,560.27,559.62,560.26,8315.0
14:19,559.8,559.8,559.8,559.8,650.0
14:20,560.16,560.16,559.8,559.89,7182.0
14:21,560.0,560.2,559.99,560.19,2277.0
14:22,560.16,560.16,559.97,560.0,1841.0
14:23,559.87,560.16,559.84,560.16,2917.0
14:24,559.88,559.91,559.88,559.91,2038.0
14:25,560.1,560.13,559.93,559.94,3276.0
14:26,560.32,560.36,559.98,559.98,4514.0
14:27,560.47,560.6,560.47,560.48,3346.0
14:28,560.39,560.49,560.31,560.49,4623.0
14:29,559.96,560.22,559.85,560.22,4583.0
14:30,560.39,560.39,559.96,560.0,5231.0
14:31,560.37,560.43,560.25,560.25,3070.0
14:32,560.37,560.37,560.37,560.37,1633.0
14:33,559.95,560.19,559.91,560.19,5398.0
14:34,559.85,560.09,559.85,560.09,2825.0
14:35,560.02,560.1,559.85,559.99,2835.0
14:36,559.79,560.02,559.79,560.02,5121.0
14:37,559.78,559.78,559.75,559.75,1134.0
14:38,559.4,559.64,559.33,559.64,2862.0
14:39,559.37,559.47,559.37,559.47,2936.0
14:40,559.63,559.64,559.53,559.54,4323.0
14:41,559.63,559.7,559.53,559.7,3954.0
14:42,559.5,559.57,559.5,559.54,2279.0
14:43,559.39,559.52,559.17,559.42,4684.0
14:44,559.47,559.62,559.31,559.49,5961.0
14:45,559.54,559.72,559.45,559.55,7238.0
14:46,559.46,559.75,559.46,559.65,2059.0
14:47,559.65,559.78,559.64,559.64,2169.0
14:48,559.58,559.68,559.45,559.52,2425.0
14:49,559.58,559.7,559.58,559.59,2651.0
14:50,559.73,559.79,559.69,559.69,1861.0
14:51,559.53,559.73,559.53,559.73,3489.0
14:52,559.56,559.6,559.52,559.54,2089.0
14:53,559.21,559.56,559.21,559.56,5769.0
14:54,558.95,558.95,558.95,558.95,1254.0
14:55,559.12,559.12,559.11,559.11,1242.0
14:56,558.76,558.96,558.74,558.96,2796.0
14:57,558.94,558.94,558.54,558.57,4054.0
14:58,559.27,559.27,558.72,558.72,3257.0
14:59,559.26,559.28,559.18,559.18,3473.0
15:00,559.37,559.54,559.2,559.34,4819.0
15:01,559.2,559.38,559.2,559.38,8975.0
15:02,559.28,559.38,559.22,559.22,1587.0
15:03,559.3,559.3,559.3,559.3,1294.0
15:04,559.04,559.12,559.04,559.05,2472.0
15:05,559.19,559.29,559.19,559.29,3200.0
15:06,559.69,559.69,559.55,559.55,1749.0
15:07,559.72,559.77,559.56,559.66,5981.0
15:08,559.72,559.74,559.72,559.74,1498.0
15:09,559.76,559.76,559.53,559.73,2444.0
15:10,559.78,560.0,559.76,559.76,8536.0
15:11,559.81,559.81,559.77,559.78,2815.0
15:12,560.0,560.0,559.89,559.89,4370.0
15:13,559.87,560.02,559.87,560.0,2899.0
15:14,559.99,560.12,559.94,559.97,5180.0
15:15,560.06,560.25,559.99,560.01,10106.0
15:16,560.26,560.29,560.07,560.07,3367.0
15:17,560.26,560.49,560.18,560.2,4457.0
15:18,560.19,560.26,560.07,560.26,5195.0
15:19,560.05,560.15,560.04,560.05,3526.0
15:20,560.23,560.53,560.07,560.07,5112.0
15:21,559.98,560.23,559.91,560.23,5110.0
15:22,559.83,559.97,559.68,559.97,4982.0
15:23,559.66,559.9,559.62,559.9,7919.0
15:24,559.04,559.63,559.03,559.63,4592.0
15:25,558.88,559.12,558.78,559.03,6500.0
15:26,558.84,558.88,558.77,558.87,2698.0
15:27,558.98,559.0,558.84,558.84,6859.0
15:28,558.9,559.0,558.87,558.88,6814.0
15:29,558.81,558.81,558.55,558.8,4211.0
15:30,558.91,558.91,558.8,558.89,2964.0
15:31,559.15,559.16,558.84,558.87,8439.0
15:32,558.8,559.23,558.77,559.15,4391.0
15:33,558.75,558.9,558.75,558.9,2788.0
15:34,558.86,558.94,558.78,558.91,4603.0
15:35,558.83,558.96,558.76,558.93,7575.0
15:36,558.8,559.0,558.76,558.79,14248.0
15:37,558.91,559.0,558.9,558.92,3726.0
15:38,559.22,559.43,558.91,559.0,8685.0
15:39,559.7,559.7,559.28,559.46,5675.0
15:40,559.32,559.41,559.15,559.39,6109.0
15:41,559.48,559.67,559.34,559.48,12311.0
15:42,559.17,559.27,559.01,559.12,4493.0
15:43,559.13,559.13,558.96,559.12,3232.0
15:44,559.18,559.29,559.17,559.21,5645.0
15:45,559.09,559.24,559.01,559.01,2719.0
15:46,558.97,559.18,558.91,559.1,11438.0
15:47,558.91,559.0,558.88,559.0,4874.0
15:48,558.49,558.99,558.49,558.99,7934.0
15:49,558.66,558.66,558.56,558.57,6084.0
15:50,558.63,558.75,558.31,558.57,31578.0
15:51,558.84,559.02,558.55,558.63,11335.0
15:52,559.0,559.0,558.75,558.88,4661.0
15:53,559.32,559.46,558.84,558.9,19355.0
15:54,559.15,559.56,559.05,559.55,16250.0
15:55,558.91,559.31,558.86,559.15,28477.0
15:56,558.92,559.24,558.85,559.11,26315.0
15:57,558.91,559.12,558.79,558.88,25152.0
15:58,558.87,559.03,558.81,558.94,29825.0
15:59,559.13,559.33,558.71,558.9,72174.0
