Time,Close,High,Low,Open,Volume
09:30,567.9,568.78,567.39,567.58,63517.0
09:31,568.08,568.11,567.5,567.5,18828.0
09:32,567.68,568.24,567.58,567.74,5814.0
09:33,566.97,567.76,566.65,567.47,9985.0
09:34,566.29,567.22,566.29,566.53,9682.0
09:35,567.09,567.33,566.26,566.35,10264.0
09:36,567.23,567.38,566.48,566.85,10350.0
09:37,566.54,567.6,566.53,567.6,9654.0
09:38,566.68,567.0,566.0,567.0,23340.0
09:39,566.4,566.94,566.24,566.93,6331.0
09:40,567.18,567.8,566.74,566.82,13100.0
09:41,567.6,567.67,567.09,567.22,17217.0
09:42,567.59,568.04,567.32,567.32,9565.0
09:43,566.67,567.97,566.67,567.92,16202.0
09:44,567.33,567.55,566.52,566.7,3184.0
09:45,567.33,568.12,567.22,567.22,11511.0
09:46,567.84,567.84,567.27,567.27,4820.0
09:47,567.49,567.81,567.38,567.59,7091.0
09:48,567.08,567.34,566.63,567.34,14000.0
09:49,567.78,567.78,567.47,567.47,4562.0
09:50,567.4,567.59,567.4,567.5,4160.0
09:51,567.26,567.32,566.92,567.31,5165.0
09:52,567.87,568.08,567.13,567.13,10873.0
09:53,567.91,567.91,567.64,567.75,1689.0
09:54,567.69,568.0,567.52,567.96,4610.0
09:55,567.35,567.5,567.14,567.5,7574.0
09:56,567.61,568.07,567.0,567.12,11680.0
09:57,567.87,567.87,567.54,567.54,2213.0
09:58,568.12,568.25,567.7,567.87,4388.0
09:59,567.96,568.4,567.96,568.21,9589.0
10:00,568.01,568.42,568.01,568.29,9957.0
10:01,567.74,568.19,567.74,568.18,5411.0
10:02,568.12,568.41,567.83,567.83,3990.0
10:03,567.65,568.12,567.65,568.12,4064.0
10:04,566.96,567.63,566.71,567.61,11684.0
10:05,567.59,567.63,566.92,567.02,4031.0
10:06,567.75,568.02,567.25,567.64,11108.0
10:07,568.8,568.8,567.88,567.88,5767.0
10:08,568.02,568.16,567.99,568.05,2317.0
10:09,567.81,567.98,567.64,567.9,5205.0
10:10,566.99,567.49,566.99,567.49,1458.0
10:11,567.01,567.74,567.01,567.38,4734.0
10:12,566.71,567.49,566.71,567.14,4287.0
10:13,566.72,567.04,566.45,566.74,11423.0
10:14,566.92,566.98,566.78,566.78,3053.0
10:15,566.97,567.08,566.81,566.88,8869.0
10:16,566.97,567.1,566.91,566.98,6605.0
10:17,566.98,566.98,566.76,566.84,4506.0
10:18,567.35,567.35,566.77,566.77,5527.0
10:19,567.51,567.66,567.29,567.36,11108.0
10:20,567.66,567.66,567.66,567.66,1705.0
10:21,567.93,568.07,567.66,567.66,3522.0
10:22,567.79,567.96,567.57,567.96,4652.0
10:23,567.88,567.91,567.65,567.65,734.0
10:24,567.62,567.83,567.62,567.72,2749.0
10:25,568.79,568.8,567.69,567.69,7199.0
10:26,569.22,569.22,569.06,569.21,1963.0
10:27,569.39,569.42,569.29,569.42,5126.0
10:28,568.33,569.16,568.33,569.16,3561.0
10:29,568.47,568.47,568.23,568.25,1915.0
10:30,568.28,568.6,568.28,568.5,5180.0
10:31,567.73,568.27,567.63,568.27,3153.0
10:32,567.7,567.79,567.29,567.35,5825.0
10:33,566.98,567.71,566.88,567.71,6456.0
10:34,566.91,566.99,566.69,566.87,2608.0
10:35,567.28,567.36,566.91,566.91,3012.0
10:36,566.62,567.02,566.62,567.02,2517.0
10:37,567.11,567.11,566.93,566.93,3229.0
10:38,566.95,567.19,566.7,567.17,11813.0
10:39,567.08,567.19,566.84,566.95,4074.0
10:40,566.98,567.12,566.91,567.04,4378.0
10:41,566.99,567.08,566.91,567.08,4531.0
10:42,566.64,567.05,566.6,566.99,11390.0
10:43,566.8,566.86,566.63,566.86,7382.0
10:44,567.27,567.27,566.85,566.91,8230.0
10:45,567.95,567.95,567.43,567.53,2484.0
10:46,567.62,567.95,567.61,567.95,2231.0
10:47,567.56,567.84,567.56,567.64,7240.0
10:48,567.49,567.72,567.49,567.61,4903.0
10:49,567.41,567.6,567.41,567.58,2566.0
10:50,567.78,567.78,567.54,567.54,5450.0
10:51,567.75,567.82,567.75,567.78,2139.0
10:52,567.4,567.6,567.4,567.6,2816.0
10:53,567.39,567.48,567.28,567.4,5693.0
10:54,567.17,567.26,567.17,567.22,1812.0
10:55,567.25,567.26,566.98,567.02,5002.0
10:56,567.23,567.24,567.23,567.24,1207.0
10:57,566.28,567.39,566.28,567.39,14504.0
10:58,565.84,566.32,564.85,566.32,20342.0
10:59,565.43,565.58,564.63,565.42,12005.0
11:00,564.35,564.94,563.89,564.94,15630.0
11:01,563.91,564.43,563.78,563.91,11428.0
11:02,563.74,563.96,563.18,563.84,9269.0
11:03,564.25,564.32,563.7,563.7,6298.0
11:04,564.08,564.17,563.64,564.17,7468.0
11:05,563.62,564.24,563.59,563.66,9131.0
11:06,562.84,563.4,562.84,563.26,8668.0
11:07,562.13,562.69,561.87,562.69,6932.0
11:08,562.62,562.62,562.07,562.24,6722.0
11:09,562.3,562.56,561.85,562.48,4554.0
11:10,563.66,563.75,562.3,562.3,25753.0
11:11,563.29,563.95,563.14,563.93,18119.0
11:12,563.61,563.61,563.1,563.12,5041.0
11:13,564.15,564.42,563.47,563.7,17306.0
11:14,564.58,564.64,564.38,564.52,2968.0
11:15,564.83,565.22,564.37,564.55,11530.0
11:16,564.74,564.89,564.64,564.89,3750.0
11:17,564.42,564.75,564.42,564.75,7906.0
11:18,564.15,564.58,564.15,564.39,6554.0
11:19,564.1,564.22,563.75,563.96,13607.0
11:20,564.13,564.5,563.73,563.9,16546.0
11:21,564.01,564.14,563.89,564.14,6604.0
11:22,563.78,563.79,563.5,563.79,4983.0
11:23,563.42,563.76,563.42,563.52,4011.0
11:24,563.2,563.47,563.0,563.47,4523.0
11:25,562.68,562.92,562.68,562.92,3028.0
11:26,563.0,563.17,562.57,562.9,6987.0
11:27,563.35,563.51,562.94,562.97,8315.0
11:28,562.63,563.53,562.63,563.14,6275.0
11:29,562.48,562.84,562.09,562.41,7809.0
11:30,562.05,562.59,561.89,562.13,13171.0
11:31,562.58,562.81,562.04,562.04,17492.0
11:32,562.33,562.49,562.0,562.03,4575.0
11:33,562.5,562.72,561.84,561.97,23929.0
11:34,562.16,562.45,562.07,562.2,11628.0
11:35,562.1,562.52,562.05,562.16,16385.0
11:36,561.92,562.22,561.39,562.09,18297.0
11:37,561.69,562.31,561.69,561.92,5378.0
11:38,561.53,561.71,561.24,561.59,3720.0
11:39,561.47,561.52,561.47,561.47,14483.0
11:40,560.69,561.27,560.69,561.14,10486.0
11:41,561.11,561.72,561.11,561.22,9557.0
11:42,561.81,561.91,561.11,561.11,2112.0
11:43,561.76,561.9,561.48,561.82,7637.0
11:44,562.57,562.59,561.88,561.88,13568.0
11:45,562.37,563.48,562.37,562.8,12365.0
11:46,562.67,562.91,562.38,562.91,1589.0
11:47,562.28,562.63,562.17,562.63,13810.0
11:48,562.44,562.54,561.91,562.29,6486.0
11:49,562.41,562.63,562.41,562.62,2111.0
11:50,562.13,562.63,562.13,562.53,3444.0
11:51,561.75,562.44,561.75,562.44,3578.0
11:52,561.99,561.99,561.42,561.62,5353.0
11:53,561.9,562.0,561.66,561.84,3139.0
11:54,561.66,561.91,561.54,561.83,4554.0
11:55,560.97,561.47,560.97,561.47,2808.0
11:56,560.95,561.03,560.62,561.03,5424.0
11:57,560.94,560.94,560.81,560.81,1393.0
11:58,561.27,561.27,560.85,560.86,4330.0
11:59,560.96,561.42,560.82,561.42,2938.0
12:00,560.76,560.98,560.59,560.98,2619.0
12:01,560.55,560.85,560.34,560.85,4604.0
12:02,560.64,560.64,560.23,560.55,7237.0
12:03,560.27,560.58,560.27,560.29,3210.0
12:04,559.72,560.24,559.48,560.24,12602.0
12:05,560.23,560.23,560.05,560.05,1131.0
12:06,559.79,559.92,559.79,559.83,1502.0
12:07,559.79,559.93,559.75,559.78,6362.0
12:08,560.61,560.73,559.91,560.12,4792.0
12:09,560.61,560.61,560.61,560.61,654.0
12:10,560.63,560.63,560.36,560.39,3533.0
12:11,561.41,561.42,560.62,560.62,3376.0
12:12,561.73,561.73,561.41,561.41,2001.0
12:13,561.79,561.84,561.46,561.47,4089.0
12:14,561.83,561.88,561.73,561.88,1371.0
12:15,561.69,562.01,561.63,561.83,4521.0
12:16,561.78,561.96,561.7,561.96,1974.0
12:17,561.73,562.1,561.73,561.78,2744.0
12:18,561.54,561.81,561.54,561.58,3982.0
12:19,561.56,561.62,561.38,561.6,4407.0
12:20,561.37,561.53,561.37,561.53,1813.0
12:21,561.34,561.42,561.02,561.02,2952.0
12:22,561.54,561.54,561.44,561.44,2876.0
12:23,561.76,561.84,561.53,561.54,14678.0
12:24,561.27,561.74,561.27,561.53,2754.0
12:25,561.05,561.21,561.05,561.21,824.0
12:26,561.17,561.43,561.17,561.42,1896.0
12:27,561.13,561.26,561.02,561.24,3921.0
12:28,560.79,560.89,560.78,560.87,3447.0
12:29,560.78,561.05,560.78,560.91,6898.0
12:30,560.92,561.0,560.78,560.78,11021.0
12:31,561.41,561.44,560.92,561.05,8725.0
12:32,561.41,561.41,561.41,561.41,574.0
12:33,561.14,561.42,561.03,561.41,4299.0
12:34,561.05,561.05,561.04,561.04,1302.0
12:35,560.92,560.95,560.64,560.67,7711.0
12:36,561.16,561.16,560.89,561.15,3155.0
12:37,561.24,561.24,561.16,561.16,1217.0
12:38,560.81,561.06,560.81,561.06,2802.0
12:39,561.09,561.09,560.96,560.96,1595.0
12:40,561.52,561.52,561.09,561.09,10068.0
12:41,561.39,561.42,561.39,561.42,1718.0
12:42,561.54,561.54,561.39,561.39,1820.0
12:43,561.15,561.26,561.15,561.25,2749.0
12:44,561.14,561.21,561.05,561.21,2182.0
12:45,561.19,561.19,560.96,560.96,5141.0
12:46,561.22,561.22,561.22,561.22,448.0
12:47,561.11,561.45,561.11,561.22,7258.0
12:48,560.89,560.94,560.89,560.94,1485.0
12:49,560.76,560.99,560.76,560.89,1044.0
12:50,560.56,560.63,560.56,560.63,1883.0
12:51,560.6,560.78,560.58,560.7,6334.0
12:52,560.34,560.63,560.34,560.63,889.0
12:53,560.27,560.35,560.27,560.32,1419.0
12:54,560.36,560.36,560.16,560.27,3353.0
12:55,559.84,560.05,559.84,560.05,2642.0
12:56,559.99,560.13,559.72,559.86,3388.0
12:57,559.97,560.16,559.97,560.16,2434.0
12:58,559.9,559.97,559.56,559.74,11050.0
12:59,560.01,560.22,559.78,559.86,8504.0
13:00,560.15,560.15,559.85,560.0,2303.0
13:01,560.16,560.2,559.85,560.2,4570.0
13:02,559.0,560.07,559.0,560.07,16938.0
13:03,559.36,559.48,559.03,559.03,4819.0
13:04,559.16,559.16,559.13,559.13,1225.0
13:05,559.16,559.49,559.16,559.49,2566.0
13:06,559.11,559.18,558.93,559.13,3205.0
13:07,559.08,559.08,559.03,559.03,1288.0
13:08,559.13,559.37,558.95,559.09,3828.0
13:09,558.96,559.29,558.96,559.11,2912.0
13:10,559.16,559.43,559.12,559.12,977.0
13:11,560.13,560.13,559.15,559.15,7364.0
13:12,559.75,560.2,559.73,559.86,4121.0
13:13,559.35,559.77,559.35,559.77,4336.0
13:14,559.51,560.12,559.45,559.45,3183.0
13:15,559.66,559.66,559.51,559.62,2323.0
13:16,559.68,559.7,559.68,559.7,729.0
13:17,559.75,559.95,559.7,559.95,3034.0
13:18,559.63,559.91,559.63,559.76,2021.0
13:19,559.48,559.49,559.47,559.47,1976.0
13:20,559.3,559.5,559.3,559.49,2524.0
13:21,559.3,559.43,559.3,559.36,1364.0
13:22,559.65,559.86,559.31,559.31,4417.0
13:23,559.68,559.85,559.68,559.71,944.0
13:24,559.85,559.86,559.51,559.66,9896.0
13:25,559.66,559.92,559.66,559.85,6705.0
13:26,559.08,560.05,559.08,559.91,5413.0
13:27,559.18,559.51,559.13,559.51,1962.0
13:28,559.55,559.55,559.41,559.44,7660.0
13:29,559.5,559.84,559.41,559.69,4652.0
13:30,559.41,559.63,559.26,559.63,2952.0
13:31,559.14,559.44,559.14,559.26,3095.0
13:32,559.14,559.14,558.85,558.99,3399.0
13:33,559.31,559.31,558.99,559.14,5614.0
13:34,559.59,559.59,559.35,559.45,3948.0
13:35,559.47,559.58,559.47,559.58,720.0
13:36,559.59,559.59,559.49,559.49,1778.0
13:37,559.91,559.97,559.59,559.59,2939.0
13:38,559.56,560.29,559.56,560.29,3069.0
13:39,559.41,559.73,559.41,559.57,2488.0
13:40,559.36,559.36,559.36,559.36,2194.0
13:41,559.82,559.92,559.81,559.92,1865.0
13:42,559.71,559.88,559.71,559.82,2491.0
13:43,559.78,559.87,559.69,559.69,1044.0
13:44,559.49,559.95,559.48,559.83,6485.0
13:45,559.22,559.44,559.2,559.44,3468.0
13:46,558.93,559.21,558.64,559.2,4565.0
13:47,558.68,558.69,558.65,558.65,1384.0
13:48,558.8,559.11,558.7,558.7,8393.0
13:49,558.92,559.09,558.76,559.05,4897.0
13:50,558.82,559.03,558.71,559.03,3301.0
13:51,558.68,559.0,558.68,558.86,2702.0
13:52,558.57,558.62,558.56,558.62,2164.0
13:53,558.46,558.59,558.46,558.59,2677.0
13:54,558.42,558.43,558.42,558.43,2014.0
13:55,559.26,559.26,558.28,558.48,7865.0
13:56,559.18,559.26,559.18,559.26,1167.0
13:57,559.23,559.32,559.07,559.19,3151.0
13:58,559.41,559.57,559.25,559.25,4069.0
13:59,559.63,559.63,559.42,559.51,2290.0
14:00,559.11,559.55,559.01,559.53,5774.0
14:01,558.91,559.01,558.9,559.0,3015.0
14:02,559.09,559.18,558.95,558.99,3540.0
14:03,559.17,559.25,558.97,558.97,2824.0
14:04,558.79,559.26,558.79,559.17,3222.0
14:05,558.86,559.03,558.81,559.02,3168.0
14:06,559.05,559.31,558.91,558.91,3761.0
14:07,559.18,559.28,558.91,559.06,6165.0
14:08,559.03,559.13,559.02,559.13,2464.0
14:09,558.95,559.18,558.95,559.18,2974.0
14:10,559.22,559.34,558.98,558.98,6419.0
14:11,559.02,559.36,559.02,559.35,4641.0
14:12,558.98,559.2,558.98,559.09,2963.0
14:13,559.07,559.14,558.95,558.98,2985.0
14:14,559.81,559.81,559.0,559.0,6326.0
14:15,559.83,560.14,559.83,560.13,4565.0
14:16,559.49,559.49,559.49,559.49,230.0
14:17,559.58,559.95,559.5,559.95,1758.0
14:18,559.3,559.5,559.3,559.49,2473.0
14:19,559.35,559.73,559.27,559.28,2370.0
14:20,559.46,559.83,559.46,559.69,9544.0
14:21,559.62,559.84,559.46,559.54,3064.0
14:22,559.46,559.53,559.34,559.4,4790.0
14:23,559.27,559.54,559.27,559.47,1649.0
14:24,558.91,559.26,558.91,559.26,2777.0
14:25,559.28,559.66,559.25,559.25,7612.0
14:26,559.51,559.51,559.29,559.29,1193.0
14:27,559.1,559.32,559.1,559.29,2438.0
14:28,558.95,559.03,558.95,559.03,2176.0
14:29,559.17,559.17,558.96,559.17,2586.0
14:30,558.84,559.17,558.84,559.17,2268.0
14:31,558.88,559.1,558.82,558.99,5380.0
14:32,558.87,559.01,558.8,559.0,2936.0
14:33,558.83,559.03,558.8,558.98,4925.0
14:34,558.84,558.96,558.62,558.96,4097.0
14:35,558.64,558.84,558.62,558.7,1853.0
14:36,558.98,558.98,558.65,558.88,3536.0
14:37,559.25,559.25,558.98,558.98,5083.0
14:38,559.69,559.94,559.36,559.39,9698.0
14:39,559.73,559.8,559.59,559.8,3151.0
14:40,559.57,559.57,559.4,559.5,3246.0
14:41,559.47,559.57,559.28,559.57,5327.0
14:42,559.22,559.47,559.22,559.29,2883.0
14:43,559.25,559.46,559.24,559.26,4060.0
14:44,559.08,559.29,559.08,559.18,1820.0
14:45,559.28,559.28,559.08,559.08,1772.0
14:46,559.42,559.53,559.23,559.28,6814.0
14:47,559.29,559.52,559.29,559.52,2903.0
14:48,559.22,559.22,559.09,559.15,2521.0
14:49,559.57,559.57,559.09,559.09,7048.0
14:50,559.53,559.54,559.35,559.54,3176.0
14:51,559.23,559.59,559.23,559.37,7517.0
14:52,559.26,559.45,559.26,559.27,1573.0
14:53,559.16,559.26,558.93,559.26,4912.0
14:54,559.08,559.23,558.93,559.12,10256.0
14:55,559.27,559.27,559.08,559.08,5087.0
14:56,560.05,560.05,559.27,559.41,5986.0
14:57,559.31,559.63,559.28,559.63,4364.0
14:58,559.17,559.56,559.14,559.27,2788.0
14:59,558.77,559.17,558.73,559.17,7782.0
15:00,559.46,559.54,559.09,559.09,7691.0
15:01,559.38,559.49,559.38,559.49,3385.0
15:02,559.14,559.47,559.14,559.47,4018.0
15:03,558.88,559.08,558.88,559.0,2189.0
15:04,558.89,558.89,558.81,558.81,1307.0
15:05,558.83,558.97,558.83,558.9,3261.0
15:06,558.97,559.12,558.97,559.01,2786.0
15:07,559.0,559.0,558.56,558.9,3812.0
15:08,558.74,559.01,558.74,558.95,2489.0
15:09,558.98,558.98,558.75,558.75,2934.0
15:10,558.97,558.97,558.76,558.76,1797.0
15:11,558.75,559.04,558.75,558.82,3584.0
15:12,558.68,558.77,558.6,558.75,3350.0
15:13,558.96,559.09,558.74,558.87,5057.0
15:14,559.04,559.1,559.04,559.09,4241.0
15:15,559.1,559.28,558.84,558.96,12660.0
15:16,559.54,559.54,559.28,559.31,5427.0
15:17,559.44,559.68,559.44,559.55,4828.0
15:18,559.12,559.33,559.09,559.33,8045.0
15:19,559.35,559.35,559.1,559.1,4388.0
15:20,559.18,559.53,559.15,559.35,7474.0
15:21,559.18,559.21,559.11,559.11,3734.0
15:22,559.16,559.2,559.03,559.05,5946.0
15:23,559.18,559.18,559.16,559.16,2850.0
15:24,559.06,559.2,558.97,559.18,4899.0
15:25,559.1,559.23,559.04,559.06,7161.0
15:26,559.28,559.28,559.1,559.25,6149.0
15:27,559.23,559.29,559.0,559.17,6370.0
15:28,558.82,559.3,558.82,559.1,8169.0
15:29,558.91,559.02,558.81,558.85,3598.0
15:30,559.3,559.4,559.04,559.04,21306.0
15:31,559.22,559.43,559.15,559.37,8593.0
15:32,559.14,559.32,559.03,559.12,3758.0
15:33,558.93,559.09,558.84,558.98,5210.0
15:34,558.71,558.93,558.69,558.93,5062.0
15:35,558.62,558.8,558.52,558.71,12881.0
15:36,558.61,558.78,558.51,558.51,9095.0
15:37,558.48,558.68,558.46,558.48,6299.0
15:38,558.23,558.52,558.2,558.44,10938.0
15:39,558.08,558.24,557.91,558.23,8910.0
15:40,558.44,558.45,558.08,558.08,11454.0
15:41,558.45,558.53,558.28,558.36,8521.0
15:42,558.57,558.57,558.33,558.45,10037.0
15:43,558.57,558.77,558.54,558.59,11947.0
15:44,559.15,559.16,558.57,558.71,15659.0
15:45,559.15,559.66,559.12,559.12,8518.0
15:46,559.83,559.83,559.2,559.2,9265.0
15:47,560.09,560.28,559.82,559.83,7588.0
15:48,560.06,560.37,559.79,560.09,8788.0
15:49,559.78,560.07,559.73,560.07,4695.0
15:50,559.32,559.97,559.16,559.87,18750.0
15:51,559.17,559.33,558.89,559.16,8128.0
15:52,559.04,559.37,559.03,559.18,8394.0
15:53,559.14,559.59,559.14,559.14,10755.0
15:54,558.57,559.27,558.57,559.04,15158.0
15:55,557.99,558.53,557.75,558.53,21516.0
15:56,557.49,558.19,557.49,557.88,30557.0
15:57,557.74,557.97,557.58,557.6,35220.0
15:58,556.98,557.88,556.91,557.69,58394.0
15:59,557.46,557.49,556.69,557.01,139642.0
