Time,Close,High,Low,Open,Volume
09:30,585.77,585.77,585.77,585.77,37204.0
09:31,585.73,586.06,585.73,585.74,2552.0
09:32,585.43,585.9,585.27,585.74,4288.0
09:33,585.12,585.73,584.8,585.73,6025.0
09:34,586.34,586.34,585.46,585.75,2717.0
09:35,585.95,586.2,585.75,585.8,3401.0
09:36,586.13,586.67,586.13,586.23,1339.0
09:37,586.34,586.34,586.13,586.13,1877.0
09:38,586.49,586.86,586.34,586.67,8294.0
09:39,586.35,586.53,586.35,586.53,664.0
09:40,586.36,586.65,586.01,586.62,7136.0
09:41,585.64,586.42,585.64,586.38,6890.0
09:42,586.09,586.09,585.7,585.95,3151.0
09:43,586.01,586.04,585.68,585.68,1789.0
09:44,586.32,586.49,585.7,585.7,4831.0
09:45,586.45,586.72,586.45,586.57,5800.0
09:46,586.62,586.62,586.55,586.59,1566.0
09:47,585.99,586.63,585.91,586.63,4784.0
09:48,586.06,586.49,586.06,586.18,1454.0
09:49,586.66,586.66,586.07,586.17,1751.0
09:50,586.2,586.61,586.2,586.61,2869.0
09:51,585.59,586.03,585.41,586.03,5038.0
09:52,585.33,585.67,584.97,585.28,17529.0
09:53,584.57,585.24,584.52,584.98,12631.0
09:54,584.86,584.86,584.24,584.52,13039.0
09:55,584.46,584.46,584.08,584.46,1834.0
09:56,584.53,584.84,584.23,584.53,2013.0
09:57,584.5,584.5,583.85,584.23,16534.0
09:58,584.38,584.78,584.38,584.5,5476.0
09:59,584.38,584.5,584.11,584.41,11258.0
10:00,583.33,584.48,583.23,584.38,23071.0
10:01,582.24,583.32,581.59,583.32,21434.0
10:02,582.57,582.73,581.0,582.24,34103.0
10:03,582.61,582.74,582.12,582.47,21208.0
10:04,582.88,583.23,582.37,582.62,14155.0
10:05,582.34,583.04,582.06,583.04,21267.0
10:06,581.98,582.02,581.98,582.02,1580.0
10:07,583.31,583.31,582.02,582.02,59248.0
10:08,582.69,582.98,582.63,582.98,4330.0
10:09,583.3,583.5,582.69,582.69,9706.0
10:10,583.81,583.81,583.44,583.46,2711.0
10:11,583.75,584.62,583.33,583.62,38142.0
10:12,583.24,584.57,583.2,583.71,34015.0
10:13,582.93,583.1,581.66,583.1,21918.0
10:14,582.36,582.52,582.34,582.52,3942.0
10:15,583.05,583.27,582.27,582.33,91469.0
10:16,582.64,583.49,582.64,582.89,6536.0
10:17,582.33,582.48,581.95,582.02,5605.0
10:18,582.84,583.38,582.35,582.61,17290.0
10:19,583.0,583.0,582.6,582.84,27406.0
10:20,581.6,582.21,580.57,582.21,17656.0
10:21,582.89,582.89,581.4,581.72,11870.0
10:22,583.47,583.73,583.47,583.47,1636.0
10:23,582.8,583.75,582.8,583.41,3296.0
10:24,582.49,583.27,582.4,582.75,46111.0
10:25,582.86,583.23,582.14,582.49,13614.0
10:26,582.55,583.04,582.15,582.77,6422.0
10:27,581.66,582.26,581.54,582.26,3628.0
10:28,581.71,581.93,581.43,581.43,5079.0
10:29,581.32,581.71,581.22,581.63,5741.0
10:30,580.79,581.23,580.57,581.23,17177.0
10:31,579.9,580.78,579.9,580.72,11012.0
10:32,580.4,580.4,579.96,580.01,9278.0
10:33,580.16,580.48,579.7,580.48,3331.0
10:34,579.66,580.16,579.36,579.73,7890.0
10:35,579.85,580.46,579.8,579.91,9193.0
10:36,578.69,580.1,578.69,580.1,8000.0
10:37,578.2,579.1,578.2,578.78,1941.0
10:38,578.01,578.28,577.29,578.2,17514.0
10:39,578.45,578.64,577.93,578.43,6164.0
10:40,579.2,579.31,577.79,578.05,6389.0
10:41,579.1,579.35,578.92,579.11,5165.0
10:42,579.2,579.27,578.82,579.27,2430.0
10:43,579.09,579.22,578.9,578.9,1815.0
10:44,578.66,579.12,578.53,579.1,6278.0
10:45,578.81,579.08,578.33,578.53,11007.0
10:46,579.03,579.24,578.67,579.0,9258.0
10:47,578.97,579.33,578.79,578.79,7579.0
10:48,578.67,578.97,578.67,578.97,2229.0
10:49,579.0,579.09,578.77,578.77,2181.0
10:50,579.9,579.9,579.07,579.07,6122.0
10:51,580.04,580.09,579.42,579.42,1892.0
10:52,580.98,580.98,580.33,580.33,1939.0
10:53,581.14,581.14,580.41,580.96,1523.0
10:54,580.63,581.02,580.53,581.02,4329.0
10:55,581.22,581.29,580.89,580.9,2158.0
10:56,581.15,581.53,581.15,581.53,3050.0
10:57,580.82,581.17,580.81,581.16,3880.0
10:58,580.48,580.8,580.47,580.79,4709.0
10:59,579.83,580.6,579.79,580.6,5025.0
11:00,580.29,580.29,580.27,580.27,1968.0
11:01,579.71,580.07,579.71,580.07,1159.0
11:02,579.37,579.61,579.37,579.6,4128.0
11:03,579.28,579.37,579.28,579.37,2012.0
11:04,578.99,579.57,578.94,579.34,9437.0
11:05,578.01,578.59,578.01,578.56,5578.0
11:06,577.29,578.03,577.2,578.0,8266.0
11:07,576.89,577.58,576.0,577.32,26744.0
11:08,576.81,577.43,576.19,576.95,6818.0
11:09,576.8,576.8,575.44,576.7,10736.0
11:10,576.7,576.97,576.07,576.78,5298.0
11:11,577.11,577.39,576.7,576.7,5230.0
11:12,577.11,577.68,577.11,577.39,8120.0
11:13,577.43,577.59,576.79,576.89,3523.0
11:14,577.58,577.58,577.03,577.17,3236.0
11:15,577.45,577.58,577.42,577.42,1265.0
11:16,577.66,578.01,577.41,578.01,3567.0
11:17,577.32,577.73,577.2,577.53,9804.0
11:18,577.18,577.21,577.03,577.04,5715.0
11:19,576.97,577.19,576.97,577.19,3725.0
11:20,577.06,577.06,576.87,576.87,704.0
11:21,576.34,576.62,576.31,576.62,2559.0
11:22,576.27,576.45,576.27,576.45,1959.0
11:23,576.33,576.6,576.19,576.19,6339.0
11:24,576.73,576.73,576.15,576.15,3088.0
11:25,576.57,576.95,576.56,576.73,2808.0
11:26,575.96,576.89,575.95,576.89,4301.0
11:27,575.71,576.01,575.66,575.66,3453.0
11:28,575.64,575.78,575.4,575.71,3963.0
11:29,575.86,575.87,575.51,575.55,5458.0
11:30,576.16,576.28,575.78,576.04,5841.0
11:31,576.5,576.84,576.27,576.34,5636.0
11:32,576.51,576.51,576.03,576.5,1308.0
11:33,576.0,576.35,576.0,576.35,8415.0
11:34,576.6,576.6,576.2,576.41,1210.0
11:35,576.37,576.6,576.21,576.6,2879.0
11:36,576.07,576.07,576.07,576.07,1887.0
11:37,576.07,576.07,576.07,576.07,2300.0
11:38,576.21,576.41,576.21,576.34,4119.0
11:39,576.55,576.55,576.21,576.21,2711.0
11:40,576.68,576.68,576.36,576.56,2487.0
11:41,576.28,576.28,576.01,576.28,2913.0
11:42,576.55,576.55,576.11,576.11,5080.0
11:43,576.49,576.55,576.49,576.55,1880.0
11:44,576.47,576.55,576.37,576.37,2522.0
11:45,576.46,576.49,576.46,576.49,2163.0
11:46,576.26,576.56,576.26,576.56,4609.0
11:47,576.2,576.27,576.2,576.27,1629.0
11:48,576.18,576.46,576.15,576.46,3678.0
11:49,576.21,576.21,576.03,576.16,2750.0
11:50,576.07,576.39,576.0,576.39,3756.0
11:51,575.96,576.37,575.86,576.15,3331.0
11:52,575.46,575.82,575.46,575.82,4512.0
11:53,575.61,575.61,575.45,575.46,2317.0
11:54,575.63,575.9,575.63,575.9,4071.0
11:55,575.92,576.14,575.86,575.86,4560.0
11:56,575.93,575.95,575.64,575.64,2219.0
11:57,575.65,575.75,575.46,575.75,4551.0
11:58,575.52,575.64,575.47,575.47,2555.0
11:59,575.53,575.53,575.52,575.53,2204.0
12:00,575.47,575.6,575.21,575.53,3059.0
12:01,575.77,575.89,575.45,575.55,11923.0
12:02,575.78,575.78,575.65,575.77,931.0
12:03,575.47,575.77,575.47,575.77,4072.0
12:04,574.37,575.47,574.37,575.47,15580.0
12:05,574.71,574.71,574.16,574.51,4408.0
12:06,574.54,574.54,574.11,574.11,1045.0
12:07,574.15,574.3,574.15,574.3,1546.0
12:08,573.68,574.16,573.62,574.16,8790.0
12:09,573.95,574.09,573.9,574.09,2781.0
12:10,574.88,574.88,574.49,574.49,4654.0
12:11,575.11,575.11,574.88,574.88,5012.0
12:12,575.11,575.11,575.11,575.11,1392.0
12:13,575.67,575.67,575.12,575.12,1996.0
12:14,575.7,575.7,575.67,575.67,996.0
12:15,575.52,575.71,575.52,575.71,1469.0
12:16,575.58,575.66,575.31,575.53,3918.0
12:17,575.58,575.58,575.53,575.53,2102.0
12:18,575.4,575.6,575.18,575.39,10309.0
12:19,575.64,575.67,575.36,575.5,13499.0
12:20,575.46,575.75,575.36,575.52,30631.0
12:21,575.22,575.46,575.22,575.46,3286.0
12:22,575.41,575.42,575.41,575.42,382.0
12:23,574.71,575.24,574.71,575.24,4748.0
12:24,575.32,575.33,574.96,575.07,5786.0
12:25,575.03,575.22,575.03,575.22,6490.0
12:26,575.17,575.17,575.17,575.17,1235.0
12:27,574.59,575.17,574.44,575.17,7639.0
12:28,574.43,574.72,574.43,574.68,1441.0
12:29,574.83,574.83,574.18,574.18,3995.0
12:30,574.55,574.56,574.31,574.32,1750.0
12:31,574.57,574.57,574.3,574.56,2417.0
12:32,574.65,574.65,574.31,574.31,2524.0
12:33,575.78,575.78,574.65,574.65,5962.0
12:34,575.52,575.78,575.33,575.78,4136.0
12:35,575.18,575.2,575.07,575.1,3282.0
12:36,575.5,575.55,574.78,574.78,5818.0
12:37,576.2,576.2,575.5,575.5,5574.0
12:38,576.57,576.57,576.5,576.52,1077.0
12:39,576.85,576.85,576.21,576.57,4190.0
12:40,576.16,576.73,576.14,576.72,8161.0
12:41,576.36,576.77,576.26,576.55,5900.0
12:42,576.56,576.81,576.38,576.39,3639.0
12:43,576.23,576.59,576.12,576.59,4369.0
12:44,576.22,576.23,576.12,576.22,724.0
12:45,575.91,576.59,575.91,576.22,5910.0
12:46,575.97,576.03,575.97,575.97,989.0
12:47,576.86,576.86,576.28,576.45,2811.0
12:48,577.19,577.27,576.06,576.86,3060.0
12:49,576.84,577.18,576.52,577.18,2465.0
12:50,576.27,576.85,576.27,576.84,4445.0
12:51,576.66,576.66,576.38,576.38,1726.0
12:52,576.01,576.59,576.0,576.59,3692.0
12:53,575.93,576.52,575.92,576.52,3522.0
12:54,575.85,576.45,575.85,576.45,3352.0
12:55,575.4,575.85,575.4,575.85,2443.0
12:56,575.53,575.64,575.45,575.45,1697.0
12:57,575.01,575.41,575.0,575.37,3521.0
12:58,575.44,575.72,575.41,575.41,2113.0
12:59,575.44,575.62,575.44,575.62,1579.0
13:00,575.68,575.81,575.57,575.8,5639.0
13:01,575.34,575.68,575.34,575.68,2091.0
13:02,575.5,575.51,575.19,575.33,2832.0
13:03,575.0,575.18,575.0,575.02,1688.0
13:04,574.94,575.16,574.94,575.16,2644.0
13:05,575.02,575.13,574.94,575.05,2038.0
13:06,575.09,575.09,574.94,574.94,1433.0
13:07,575.09,575.09,574.85,574.85,2656.0
13:08,574.96,575.12,574.85,574.97,7149.0
13:09,575.39,575.39,574.96,575.15,5785.0
13:10,574.9,575.1,574.82,575.1,4330.0
13:11,574.69,574.89,574.69,574.85,2568.0
13:12,575.28,575.28,574.86,574.86,3256.0
13:13,575.24,575.24,575.23,575.24,1400.0
13:14,575.41,575.41,575.08,575.1,2022.0
13:15,574.5,574.72,574.24,574.72,1956.0
13:16,574.44,574.44,574.39,574.39,755.0
13:17,574.84,574.84,574.39,574.48,2243.0
13:18,574.77,574.96,574.58,574.82,4979.0
13:19,574.87,574.87,574.58,574.87,1032.0
13:20,574.45,574.95,574.45,574.92,3693.0
13:21,574.44,574.45,574.44,574.45,1351.0
13:22,574.42,574.42,574.21,574.36,2455.0
13:23,574.51,574.51,574.33,574.51,1197.0
13:24,574.43,574.5,574.22,574.5,5825.0
13:25,574.69,574.69,574.33,574.33,3502.0
13:26,574.53,574.56,574.45,574.56,2934.0
13:27,574.22,574.64,574.22,574.53,6639.0
13:28,574.34,574.63,574.34,574.42,4679.0
13:29,574.15,574.34,574.14,574.34,1755.0
13:30,574.22,574.23,574.03,574.08,1984.0
13:31,574.02,574.12,574.0,574.12,3705.0
13:32,574.32,574.32,574.11,574.12,2793.0
13:33,574.14,574.14,574.11,574.12,1495.0
13:34,574.12,574.13,574.12,574.13,1120.0
13:35,574.0,574.0,574.0,574.0,3081.0
13:36,573.96,573.98,573.88,573.95,1277.0
13:37,573.7,573.96,573.7,573.96,1091.0
13:38,573.96,573.96,573.7,573.76,2844.0
13:39,574.09,574.09,573.77,573.77,5201.0
13:40,574.27,574.39,573.98,574.05,9515.0
13:41,574.32,574.51,574.28,574.4,5352.0
13:42,575.1,575.1,574.53,574.53,3459.0
13:43,575.75,575.83,575.2,575.2,7077.0
13:44,576.26,576.45,575.78,575.78,6494.0
13:45,575.72,576.05,575.72,575.95,3138.0
13:46,576.4,576.43,576.03,576.09,7660.0
13:47,576.4,576.4,576.4,576.4,1480.0
13:48,576.62,576.62,576.32,576.32,4079.0
13:49,576.91,577.53,576.81,576.82,19214.0
13:50,576.89,577.11,576.58,576.97,4917.0
13:51,576.3,576.99,575.59,576.89,17095.0
13:52,575.65,576.14,575.65,576.09,8502.0
13:53,575.45,576.06,575.45,576.06,3712.0
13:54,575.25,575.73,575.25,575.56,3886.0
13:55,575.05,575.41,575.05,575.05,4059.0
13:56,574.86,574.86,574.86,574.86,27213.0
13:57,574.83,574.83,574.83,574.83,1285.0
13:58,574.81,575.13,574.81,574.83,3004.0
13:59,574.74,574.74,574.74,574.74,1098.0
14:00,574.0,574.56,574.0,574.43,5825.0
14:01,573.85,574.07,573.85,574.07,625.0
14:02,573.72,574.11,573.66,573.69,7867.0
14:03,573.61,573.61,573.29,573.49,2888.0
14:04,573.11,573.59,573.1,573.1,2558.0
14:05,573.3,573.45,573.12,573.32,2318.0
14:06,573.46,573.53,573.3,573.3,4343.0
14:07,573.37,573.43,573.15,573.43,1654.0
14:08,573.53,573.84,573.53,573.57,5964.0
14:09,573.6,573.6,573.6,573.6,637.0
14:10,573.69,573.75,573.69,573.75,985.0
14:11,573.87,573.91,573.69,573.69,3333.0
14:12,573.95,574.05,573.95,573.95,1678.0
14:13,573.84,574.02,573.84,573.89,1008.0
14:14,573.47,573.86,573.47,573.85,3218.0
14:15,573.29,573.71,573.29,573.71,2117.0
14:16,573.33,573.59,573.15,573.59,4333.0
14:17,573.79,573.79,573.16,573.27,7640.0
14:18,573.33,573.66,573.33,573.65,4785.0
14:19,573.39,573.46,572.87,573.34,11725.0
14:20,573.03,573.34,572.65,573.12,2702.0
14:21,572.69,573.23,572.69,573.03,3315.0
14:22,572.36,572.69,572.33,572.69,6421.0
14:23,571.62,572.35,571.62,572.35,4029.0
14:24,572.0,572.14,571.96,571.97,5312.0
14:25,571.62,572.0,571.62,572.0,3292.0
14:26,571.75,571.84,571.49,571.63,5533.0
14:27,571.79,571.91,571.79,571.85,6653.0
14:28,571.79,571.85,571.62,571.79,2463.0
14:29,571.75,571.84,571.61,571.79,5173.0
14:30,572.19,572.32,571.83,571.84,3747.0
14:31,572.74,572.76,572.18,572.19,3530.0
14:32,572.34,572.74,572.33,572.74,5340.0
14:33,572.43,572.9,572.36,572.36,8405.0
14:34,572.83,572.83,572.22,572.22,855.0
14:35,572.68,572.78,572.66,572.66,1256.0
14:36,572.34,572.7,572.34,572.68,1204.0
14:37,571.89,572.39,571.89,572.37,6205.0
14:38,571.96,572.21,571.85,572.14,4814.0
14:39,572.03,572.03,571.8,571.9,3422.0
14:40,571.66,572.02,571.66,572.0,1803.0
14:41,571.61,571.67,571.51,571.67,2202.0
14:42,571.35,571.54,571.35,571.44,2721.0
14:43,571.47,571.47,571.08,571.32,6566.0
14:44,571.14,571.3,571.14,571.3,2038.0
14:45,571.14,571.5,571.14,571.32,2460.0
14:46,570.88,571.29,570.7,571.29,7005.0
14:47,571.27,571.27,570.83,570.83,5644.0
14:48,571.25,571.33,571.2,571.27,2452.0
14:49,571.24,571.37,571.12,571.14,2676.0
14:50,571.05,571.31,571.05,571.31,3670.0
14:51,570.81,570.99,570.81,570.99,3429.0
14:52,570.94,571.08,570.48,570.83,9736.0
14:53,570.8,570.81,570.66,570.81,1614.0
14:54,570.81,570.95,570.8,570.8,1830.0
14:55,570.64,570.93,570.64,570.81,5746.0
14:56,570.86,570.86,570.44,570.61,10959.0
14:57,570.43,570.52,570.43,570.52,870.0
14:58,570.64,570.82,570.45,570.63,3776.0
14:59,570.59,570.59,570.58,570.58,926.0
15:00,570.75,570.81,570.38,570.54,12040.0
15:01,570.55,571.01,570.37,570.89,5114.0
15:02,570.51,570.93,570.19,570.19,2995.0
15:03,570.49,570.65,570.3,570.47,2882.0
15:04,570.35,570.8,570.35,570.49,3818.0
15:05,570.53,570.57,570.36,570.57,2275.0
15:06,570.72,570.81,570.4,570.53,8294.0
15:07,570.79,570.79,570.72,570.72,1437.0
15:08,570.52,570.62,570.52,570.52,3229.0
15:09,570.35,570.7,570.35,570.5,3516.0
15:10,570.26,570.75,570.25,570.42,8479.0
15:11,570.47,570.53,570.39,570.53,6465.0
15:12,570.38,570.38,570.18,570.32,2663.0
15:13,569.61,570.32,569.61,570.32,14803.0
15:14,569.82,569.93,569.71,569.71,5994.0
15:15,570.0,570.0,569.78,569.82,7016.0
15:16,570.11,570.71,570.11,570.11,8467.0
15:17,570.33,570.52,570.15,570.15,2977.0
15:18,570.59,570.59,570.29,570.39,3661.0
15:19,570.82,570.82,570.67,570.67,4721.0
15:20,570.73,570.8,570.6,570.6,1825.0
15:21,570.54,570.6,570.38,570.6,3965.0
15:22,570.46,570.47,570.36,570.36,3980.0
15:23,570.24,570.47,570.24,570.47,2007.0
15:24,570.43,570.44,570.19,570.19,4668.0
15:25,570.13,570.34,570.11,570.34,5063.0
15:26,570.21,570.34,570.02,570.34,5943.0
15:27,570.23,570.23,570.07,570.07,2265.0
15:28,570.9,570.9,570.24,570.24,8498.0
15:29,570.82,570.82,570.51,570.69,3974.0
15:30,570.27,570.8,570.12,570.8,15605.0
15:31,570.23,570.32,570.17,570.31,3807.0
15:32,570.2,570.42,570.2,570.24,6271.0
15:33,570.59,570.63,570.32,570.32,5475.0
15:34,570.55,570.57,570.41,570.47,6113.0
15:35,570.24,570.5,570.23,570.5,7045.0
15:36,570.31,570.33,570.12,570.33,3417.0
15:37,569.51,570.16,569.51,570.16,11666.0
15:38,569.42,569.44,569.29,569.29,3958.0
15:39,569.88,569.88,569.42,569.42,9002.0
15:40,569.73,569.88,569.65,569.74,7889.0
15:41,569.5,569.86,569.5,569.75,4285.0
15:42,569.42,569.73,569.17,569.64,9877.0
15:43,569.46,569.56,569.21,569.45,4842.0
15:44,569.11,569.51,568.71,569.36,28473.0
15:45,569.55,569.55,569.11,569.18,10953.0
15:46,569.27,569.61,569.21,569.58,11171.0
15:47,568.55,569.29,568.55,569.06,5571.0
15:48,568.55,568.59,568.32,568.55,8531.0
15:49,568.34,568.39,568.25,568.39,8337.0
15:50,568.67,569.01,568.31,568.49,18266.0
15:51,569.78,570.07,569.03,569.03,26775.0
15:52,569.82,569.82,569.47,569.62,17559.0
15:53,570.06,570.66,569.79,569.79,33306.0
15:54,570.42,570.61,569.92,569.92,17655.0
15:55,570.36,570.59,569.79,570.42,33430.0
15:56,569.91,570.36,569.36,570.26,29472.0
15:57,568.93,569.8,568.93,569.78,35516.0
15:58,569.56,569.56,569.0,569.01,46491.0
15:59,569.56,570.0,569.13,569.58,82204.0
