Time,Close,High,Low,Open,Volume
09:30,574.83,576.0,573.67,574.36,233261.0
09:31,574.83,574.83,573.67,574.83,2690.0
09:32,574.77,574.82,574.77,574.82,1503.0
09:33,574.89,574.89,574.51,574.7,1760.0
09:34,575.6,575.67,574.85,574.89,7019.0
09:35,575.52,575.85,575.41,575.41,3820.0
09:36,575.07,575.68,574.95,575.68,4604.0
09:37,575.93,576.16,575.35,575.35,5008.0
09:38,575.3,575.89,575.3,575.89,5078.0
09:39,574.91,575.61,574.48,575.3,3908.0
09:40,574.16,574.91,574.13,574.91,6303.0
09:41,575.07,575.07,574.07,574.15,3083.0
09:42,575.47,575.74,575.07,575.07,3615.0
09:43,575.59,575.74,575.08,575.35,5159.0
09:44,574.95,575.59,574.78,575.59,5320.0
09:45,575.12,575.41,574.98,574.98,1770.0
09:46,575.07,575.64,575.07,575.29,5586.0
09:47,575.35,575.41,575.06,575.41,2687.0
09:48,575.58,576.07,575.48,576.06,6816.0
09:49,575.8,575.8,575.8,575.8,832.0
09:50,575.25,575.8,575.07,575.8,2722.0
09:51,575.17,575.34,574.9,575.0,2243.0
09:52,574.98,575.63,574.75,575.6,4432.0
09:53,573.49,574.86,573.49,574.86,3170.0
09:54,573.6,573.7,573.36,573.36,1631.0
09:55,574.26,574.26,573.62,573.62,4753.0
09:56,573.5,574.23,573.5,574.22,3638.0
09:57,573.62,573.93,573.6,573.93,928.0
09:58,572.68,573.85,572.41,573.79,6504.0
09:59,573.18,573.32,572.77,572.8,4859.0
10:00,573.86,573.86,573.32,573.32,3016.0
10:01,574.54,574.54,573.81,573.81,3759.0
10:02,574.33,574.33,574.09,574.11,2026.0
10:03,574.1,574.26,573.71,574.01,4729.0
10:04,574.63,574.92,574.15,574.15,7657.0
10:05,574.72,574.91,574.72,574.91,3294.0
10:06,574.44,575.18,574.44,574.99,5088.0
10:07,574.9,574.9,574.35,574.36,5472.0
10:08,574.31,574.78,574.31,574.78,1774.0
10:09,574.13,574.35,574.13,574.35,2449.0
10:10,573.6,573.74,573.32,573.6,4932.0
10:11,573.39,573.9,573.39,573.56,3505.0
10:12,573.95,573.95,573.21,573.68,3258.0
10:13,574.35,574.35,573.82,573.99,2864.0
10:14,573.4,573.71,573.4,573.71,2337.0
10:15,573.28,573.28,572.91,573.24,1988.0
10:16,573.17,573.17,572.94,573.07,1986.0
10:17,573.2,573.2,572.74,572.87,2732.0
10:18,572.77,572.77,572.67,572.75,1161.0
10:19,572.1,572.6,572.1,572.46,4176.0
10:20,572.73,572.99,572.36,572.36,6581.0
10:21,573.01,573.03,572.76,572.81,3602.0
10:22,573.41,573.47,572.97,572.97,3913.0
10:23,573.66,573.66,573.4,573.41,1225.0
10:24,573.72,573.72,573.67,573.67,1462.0
10:25,573.42,573.81,573.42,573.51,3463.0
10:26,573.76,573.76,573.76,573.76,460.0
10:27,573.82,573.88,573.71,573.88,1831.0
10:28,573.96,573.97,573.57,573.58,9530.0
10:29,573.91,574.02,573.9,573.9,1700.0
10:30,574.2,574.23,573.9,573.9,6447.0
10:31,573.98,574.11,573.69,574.1,8220.0
10:32,573.98,573.98,573.64,573.64,1691.0
10:33,573.8,573.97,573.63,573.97,10961.0
10:34,574.09,574.09,573.62,573.62,1277.0
10:35,574.28,574.51,574.26,574.27,2886.0
10:36,574.67,574.73,574.41,574.41,1688.0
10:37,574.95,575.01,574.7,574.73,3175.0
10:38,575.46,575.46,575.01,575.06,4017.0
10:39,575.28,575.28,575.28,575.28,550.0
10:40,575.4,575.59,575.3,575.56,3823.0
10:41,575.5,575.5,575.5,575.5,591.0
10:42,575.35,575.54,575.35,575.53,2112.0
10:43,575.37,575.48,575.37,575.48,1023.0
10:44,575.35,575.49,575.26,575.47,3863.0
10:45,575.48,575.48,575.13,575.36,11004.0
10:46,575.52,575.52,575.44,575.44,1505.0
10:47,575.42,575.42,575.4,575.41,1261.0
10:48,575.55,575.55,575.42,575.42,1745.0
10:49,575.3,575.5,575.23,575.4,3416.0
10:50,575.05,575.45,575.05,575.39,5088.0
10:51,575.14,575.18,575.04,575.04,2675.0
10:52,574.81,575.14,574.81,575.09,3284.0
10:53,574.77,574.77,574.7,574.7,1278.0
10:54,574.7,574.96,574.7,574.96,2493.0
10:55,574.36,574.77,574.06,574.77,2786.0
10:56,574.22,574.41,574.22,574.41,721.0
10:57,574.21,574.36,574.21,574.21,2180.0
10:58,574.39,574.4,574.29,574.29,1716.0
10:59,574.36,574.52,574.2,574.2,2014.0
11:00,574.42,574.54,574.33,574.44,4530.0
11:01,574.21,574.42,574.21,574.42,1910.0
11:02,574.32,574.32,574.05,574.05,1003.0
11:03,574.29,574.32,574.29,574.32,1840.0
11:04,574.37,574.37,574.31,574.31,1511.0
11:05,574.64,574.64,574.41,574.41,3146.0
11:06,574.58,574.58,574.54,574.54,928.0
11:07,574.69,574.72,574.52,574.52,3250.0
11:08,574.51,574.58,574.2,574.54,2205.0
11:09,574.17,574.48,574.08,574.46,1858.0
11:10,574.08,574.15,573.87,573.9,6392.0
11:11,573.93,573.97,573.78,573.87,2628.0
11:12,573.63,573.87,573.63,573.86,2501.0
11:13,573.56,573.75,573.56,573.71,1970.0
11:14,573.38,573.45,573.25,573.45,2532.0
11:15,573.38,573.38,573.08,573.31,4635.0
11:16,573.22,573.5,573.22,573.32,1560.0
11:17,573.22,573.27,573.22,573.27,2008.0
11:18,573.01,573.11,572.93,573.11,1313.0
11:19,573.3,573.3,573.11,573.11,1161.0
11:20,573.09,573.12,573.05,573.12,2306.0
11:21,573.14,573.2,573.08,573.2,1994.0
11:22,573.19,573.28,573.11,573.28,1682.0
11:23,573.19,573.4,573.19,573.4,1538.0
11:24,573.26,573.34,573.15,573.34,2241.0
11:25,573.52,573.52,573.11,573.26,3916.0
11:26,573.49,573.49,573.47,573.47,1344.0
11:27,573.18,573.18,573.15,573.15,1173.0
11:28,573.28,573.28,573.28,573.28,2251.0
11:29,573.54,573.6,573.47,573.47,2672.0
11:30,573.93,573.97,573.49,573.63,4005.0
11:31,573.65,573.84,573.65,573.76,3144.0
11:32,573.59,573.59,573.59,573.59,1547.0
11:33,573.82,573.82,573.76,573.78,1348.0
11:34,573.98,574.1,573.98,574.03,2839.0
11:35,573.52,573.78,573.52,573.78,1741.0
11:36,573.42,573.57,573.42,573.57,2718.0
11:37,573.17,573.24,573.17,573.24,1738.0
11:38,572.92,572.92,572.92,572.92,757.0
11:39,572.92,573.12,572.92,573.12,1386.0
11:40,573.13,573.13,572.82,572.92,2781.0
11:41,573.15,573.15,573.13,573.13,636.0
11:42,572.85,573.17,572.84,573.17,3674.0
11:43,572.9,573.08,572.9,573.06,2228.0
11:44,572.92,573.07,572.72,573.07,1457.0
11:45,572.92,572.93,572.92,572.92,2853.0
11:46,572.73,572.99,572.73,572.92,5024.0
11:47,572.72,572.72,572.56,572.72,1930.0
11:48,572.71,572.71,572.7,572.7,3952.0
11:49,572.85,572.94,572.61,572.71,5379.0
11:50,572.86,572.97,572.86,572.97,1328.0
11:51,572.81,572.81,572.51,572.66,2028.0
11:52,572.53,572.81,572.53,572.81,861.0
11:53,572.91,572.91,572.6,572.6,6902.0
11:54,572.68,572.71,572.68,572.71,1509.0
11:55,572.62,572.62,572.42,572.42,1634.0
11:56,572.59,572.61,572.45,572.61,1251.0
11:57,572.22,572.59,572.22,572.59,2466.0
11:58,572.48,572.48,572.18,572.18,1163.0
11:59,572.16,572.16,572.14,572.14,507.0
12:00,572.04,572.47,572.04,572.47,2546.0
12:01,571.79,571.95,571.79,571.95,1464.0
12:02,572.01,572.01,571.89,571.89,433.0
12:03,571.96,571.97,571.88,571.97,1562.0
12:04,571.91,571.91,571.91,571.91,1045.0
12:05,571.68,571.91,571.68,571.91,4530.0
12:06,572.26,572.26,571.75,571.79,10385.0
12:07,572.39,572.39,572.27,572.27,2544.0
12:08,572.39,572.39,572.39,572.39,585.0
12:09,572.33,572.5,572.33,572.43,5225.0
12:10,572.16,572.38,572.16,572.35,3574.0
12:11,572.0,572.27,572.0,572.27,1923.0
12:12,572.19,572.19,572.14,572.14,1601.0
12:13,572.18,572.18,572.18,572.18,400.0
12:14,572.09,572.18,572.09,572.18,1553.0
12:15,572.27,572.27,572.27,572.27,463.0
12:16,572.16,572.16,572.16,572.16,864.0
12:17,571.86,572.16,571.86,572.16,1691.0
12:18,572.05,572.12,572.05,572.12,2015.0
12:19,572.04,572.08,572.04,572.08,1450.0
12:20,572.03,572.04,572.03,572.04,884.0
12:21,571.88,572.04,571.85,571.97,2918.0
12:22,572.0,572.0,571.72,571.88,3852.0
12:23,571.81,571.99,571.81,571.9,2240.0
12:24,571.73,572.11,571.7,571.84,14234.0
12:25,571.87,571.87,571.71,571.71,6001.0
12:26,571.78,571.87,571.78,571.87,1142.0
12:27,571.68,571.9,571.67,571.9,1723.0
12:28,571.97,572.16,571.82,571.82,9226.0
12:29,572.23,572.23,572.06,572.06,1420.0
12:30,572.48,572.48,572.24,572.24,4098.0
12:31,572.46,572.51,572.46,572.48,2734.0
12:32,572.75,572.78,572.73,572.78,956.0
12:33,572.72,572.72,572.72,572.72,1806.0
12:34,572.86,572.86,572.77,572.77,2140.0
12:35,572.69,572.86,572.69,572.86,3588.0
12:36,572.82,572.82,572.82,572.82,1071.0
12:37,573.11,573.16,572.81,572.81,3256.0
12:38,573.43,573.44,573.22,573.23,4429.0
12:39,573.49,573.53,573.49,573.53,1982.0
12:40,573.49,573.49,573.49,573.49,833.0
12:41,573.45,573.45,573.45,573.45,1132.0
12:42,573.21,573.3,573.21,573.29,1837.0
12:43,573.42,573.43,573.42,573.43,1439.0
12:44,573.42,573.54,573.38,573.52,2789.0
12:45,573.68,573.74,573.43,573.5,2880.0
12:46,573.94,573.94,573.48,573.48,2970.0
12:47,573.71,573.71,573.67,573.67,936.0
12:48,573.81,573.91,573.81,573.91,1010.0
12:49,573.86,573.86,573.81,573.81,792.0
12:50,573.86,573.86,573.86,573.86,1229.0
12:51,573.61,573.86,573.61,573.82,946.0
12:52,573.24,573.85,573.23,573.8,5685.0
12:53,573.2,573.43,573.19,573.25,1842.0
12:54,573.37,573.48,573.2,573.23,1606.0
12:55,573.53,573.53,573.21,573.21,1371.0
12:56,573.32,573.44,573.32,573.44,1687.0
12:57,573.44,573.49,573.34,573.34,1121.0
12:58,573.37,573.37,573.13,573.24,981.0
12:59,573.29,573.37,573.29,573.37,1067.0
13:00,573.36,573.36,573.36,573.36,1533.0
13:01,573.13,573.46,573.13,573.36,2023.0
13:02,573.27,573.51,573.24,573.46,2405.0
13:03,573.41,573.56,573.34,573.56,2787.0
13:04,573.72,573.72,573.4,573.4,4091.0
13:05,573.84,573.84,573.76,573.76,1889.0
13:06,573.72,573.84,573.72,573.82,2775.0
13:07,573.52,573.71,573.52,573.71,1972.0
13:08,573.39,573.5,572.93,573.39,7740.0
13:09,573.39,573.39,573.39,573.39,1447.0
13:10,573.8,573.8,573.62,573.68,1822.0
13:11,573.73,573.73,573.73,573.73,101.0
13:12,573.85,573.89,573.73,573.73,1947.0
13:13,573.65,573.68,573.65,573.65,1331.0
13:14,573.61,573.61,573.61,573.61,358.0
13:15,573.63,573.64,573.52,573.59,2252.0
13:16,573.76,573.76,573.53,573.73,2891.0
13:17,573.56,573.73,573.56,573.73,1349.0
13:18,573.47,573.74,573.47,573.74,734.0
13:19,573.36,573.47,573.36,573.47,1952.0
13:20,573.59,573.59,573.29,573.29,8812.0
13:21,573.6,573.67,573.6,573.67,1842.0
13:22,573.6,573.6,573.6,573.6,634.0
13:23,573.48,573.48,573.48,573.48,554.0
13:24,573.69,573.69,573.54,573.54,2521.0
13:25,573.71,573.71,573.62,573.7,1887.0
13:26,573.76,573.76,573.65,573.71,1690.0
13:27,573.72,573.87,573.72,573.72,1680.0
13:28,573.9,573.9,573.9,573.9,1162.0
13:29,573.92,574.22,573.92,574.15,1690.0
13:30,574.18,574.18,574.11,574.11,1968.0
13:31,574.16,574.26,574.16,574.16,1158.0
13:32,574.41,574.41,574.18,574.28,2334.0
13:33,574.57,574.77,574.35,574.47,3908.0
13:34,574.7,574.71,574.5,574.5,3646.0
13:35,574.9,575.0,574.7,574.7,6432.0
13:36,575.15,575.15,574.79,574.9,4243.0
13:37,575.22,575.22,575.0,575.16,1753.0
13:38,575.36,575.36,575.03,575.03,2662.0
13:39,575.27,575.46,575.27,575.35,2315.0
13:40,575.15,575.36,575.06,575.36,5162.0
13:41,575.24,575.35,575.24,575.35,787.0
13:42,575.17,575.36,575.17,575.36,1822.0
13:43,575.0,575.23,575.0,575.11,6400.0
13:44,575.02,575.31,575.02,575.22,5268.0
13:45,575.03,575.39,575.03,575.34,4137.0
13:46,575.05,575.46,575.05,575.45,3005.0
13:47,574.7,574.97,574.7,574.97,3580.0
13:48,574.91,574.91,574.91,574.91,335.0
13:49,575.02,575.02,575.02,575.02,2042.0
13:50,574.92,574.92,574.83,574.83,1724.0
13:51,574.83,574.83,574.83,574.83,460.0
13:52,574.72,574.88,574.69,574.88,1989.0
13:53,574.88,574.88,574.43,574.72,1615.0
13:54,575.03,575.03,574.84,574.84,1725.0
13:55,574.94,574.95,574.94,574.95,1807.0
13:56,575.14,575.14,575.14,575.14,2389.0
13:57,575.27,575.27,575.15,575.15,3545.0
13:58,575.4,575.4,575.16,575.16,4701.0
13:59,575.68,575.69,575.31,575.47,4788.0
14:00,575.67,575.69,575.67,575.69,921.0
14:01,575.98,575.98,575.46,575.67,5958.0
14:02,575.8,575.83,575.72,575.8,4238.0
14:03,575.97,575.99,575.9,575.9,1822.0
14:04,575.71,575.97,575.6,575.84,10202.0
14:05,575.6,575.6,575.58,575.58,2707.0
14:06,575.7,575.7,575.5,575.5,4799.0
14:07,575.93,575.93,575.7,575.77,4107.0
14:08,575.97,575.97,575.81,575.81,1896.0
14:09,575.77,575.87,575.77,575.86,2433.0
14:10,575.7,575.8,575.64,575.8,5949.0
14:11,575.96,576.05,575.85,575.87,5843.0
14:12,575.93,575.96,575.93,575.95,2268.0
14:13,575.93,575.93,575.93,575.93,1288.0
14:14,575.93,575.93,575.68,575.93,4880.0
14:15,575.85,575.85,575.64,575.85,5386.0
14:16,575.66,575.66,575.58,575.66,1815.0
14:17,575.81,575.81,575.54,575.65,1733.0
14:18,575.72,575.73,575.5,575.65,3306.0
14:19,575.62,575.66,575.46,575.65,4880.0
14:20,575.53,575.53,575.53,575.53,844.0
14:21,575.61,575.79,575.61,575.65,5298.0
14:22,575.47,575.68,575.47,575.68,2883.0
14:23,575.51,575.53,575.51,575.53,1726.0
14:24,575.44,575.54,575.44,575.54,1063.0
14:25,575.47,575.47,575.43,575.45,1285.0
14:26,575.49,575.49,575.44,575.45,2686.0
14:27,575.51,575.58,575.33,575.56,2810.0
14:28,575.47,575.48,575.36,575.48,4029.0
14:29,575.52,575.53,575.47,575.47,1811.0
14:30,575.49,575.5,575.41,575.5,3009.0
14:31,575.67,575.67,575.49,575.53,3064.0
14:32,575.57,575.58,575.57,575.58,2084.0
14:33,575.85,575.9,575.58,575.58,7419.0
14:34,575.85,575.85,575.85,575.85,904.0
14:35,575.84,575.96,575.73,575.88,12964.0
14:36,575.87,576.05,575.59,575.78,7096.0
14:37,576.33,576.33,575.94,575.94,3850.0
14:38,576.53,576.69,576.15,576.18,7606.0
14:39,576.48,576.57,576.33,576.33,6719.0
14:40,576.5,576.5,576.46,576.46,2303.0
14:41,576.71,576.71,576.54,576.54,5659.0
14:42,576.8,576.88,576.77,576.77,4705.0
14:43,576.8,576.8,576.8,576.8,554.0
14:44,576.86,576.89,576.8,576.85,5013.0
14:45,576.99,576.99,576.8,576.88,5009.0
14:46,576.98,576.98,576.98,576.98,583.0
14:47,576.75,576.88,576.73,576.88,5362.0
14:48,576.66,576.67,576.66,576.67,1744.0
14:49,576.82,576.86,576.82,576.82,1360.0
14:50,576.91,576.96,576.82,576.82,2636.0
14:51,576.69,576.86,576.69,576.84,2716.0
14:52,576.42,576.79,576.41,576.79,3644.0
14:53,576.41,576.41,576.23,576.41,1569.0
14:54,576.19,576.23,576.02,576.23,1758.0
14:55,576.23,576.23,576.1,576.19,965.0
14:56,575.84,576.1,575.84,576.1,1865.0
14:57,575.84,575.95,575.81,575.81,4377.0
14:58,575.82,575.82,575.82,575.82,341.0
14:59,575.81,575.91,575.81,575.91,1610.0
15:00,575.76,575.99,575.76,575.89,4564.0
15:01,575.72,575.73,575.51,575.73,4425.0
15:02,576.24,576.24,575.85,575.85,5072.0
15:03,575.98,575.98,575.98,575.98,184.0
15:04,575.98,575.98,575.97,575.98,2164.0
15:05,575.97,576.01,575.97,575.97,2593.0
15:06,575.97,576.01,575.97,576.01,1213.0
15:07,575.97,575.97,575.96,575.97,1203.0
15:08,575.97,575.98,575.75,575.75,2585.0
15:09,575.74,575.97,575.74,575.97,1735.0
15:10,575.99,576.11,575.82,575.94,2580.0
15:11,576.24,576.24,575.9,575.9,3424.0
15:12,576.29,576.29,576.27,576.27,1143.0
15:13,576.09,576.18,576.07,576.08,1874.0
15:14,576.19,576.19,576.19,576.19,1123.0
15:15,576.19,576.23,576.17,576.18,3829.0
15:16,576.28,576.28,576.18,576.18,2091.0
15:17,576.27,576.28,576.21,576.21,1460.0
15:18,576.28,576.42,576.24,576.24,3041.0
15:19,576.33,576.34,576.27,576.27,2204.0
15:20,576.26,576.43,576.24,576.33,5211.0
15:21,576.17,576.27,576.1,576.19,3280.0
15:22,576.17,576.19,576.17,576.19,1112.0
15:23,576.17,576.17,576.04,576.04,1737.0
15:24,576.3,576.3,576.08,576.08,6275.0
15:25,576.13,576.17,576.1,576.12,8757.0
15:26,576.08,576.16,576.06,576.13,2698.0
15:27,575.86,576.19,575.86,575.93,3129.0
15:28,576.07,576.07,576.07,576.07,1455.0
15:29,575.85,576.0,575.85,575.92,2816.0
15:30,575.7,575.95,575.66,575.95,3858.0
15:31,575.82,575.85,575.67,575.69,6827.0
15:32,575.82,575.82,575.82,575.82,1393.0
15:33,575.8,575.87,575.8,575.87,2314.0
15:34,575.83,575.83,575.72,575.8,3715.0
15:35,575.65,575.72,575.64,575.67,2919.0
15:36,575.64,575.75,575.63,575.63,5649.0
15:37,575.73,575.73,575.45,575.59,6507.0
15:38,575.76,575.84,575.76,575.77,3449.0
15:39,575.8,575.86,575.69,575.69,3755.0
15:40,575.65,575.86,575.65,575.86,3221.0
15:41,575.92,575.97,575.65,575.76,4831.0
15:42,576.04,576.05,575.93,576.04,4177.0
15:43,576.02,576.09,575.98,576.04,7186.0
15:44,575.87,576.05,575.75,576.05,8121.0
15:45,575.88,575.88,575.78,575.87,2744.0
15:46,575.76,575.88,575.73,575.87,5022.0
15:47,575.39,575.67,575.29,575.67,10761.0
15:48,575.12,575.19,575.12,575.18,3869.0
15:49,574.97,575.16,574.97,575.13,5874.0
15:50,574.91,575.07,574.84,574.99,9370.0
15:51,574.92,575.28,574.92,575.08,10255.0
15:52,574.55,574.91,574.55,574.83,7226.0
15:53,574.77,574.77,574.37,574.37,8654.0
15:54,574.48,574.8,574.4,574.65,8829.0
15:55,574.07,574.42,574.0,574.04,11444.0
15:56,574.39,574.66,574.18,574.18,11086.0
15:57,573.41,574.32,573.33,574.31,19676.0
15:58,573.6,573.6,573.27,573.45,42200.0
15:59,573.85,574.12,573.55,573.6,50746.0
