Time,Close,High,Low,Open,Volume
09:30,545.21,550.1,544.95,548.89,80794.0
09:31,544.37,545.87,543.53,545.87,21759.0
09:32,546.67,547.58,544.35,544.35,11130.0
09:33,548.68,549.16,545.93,546.66,15367.0
09:34,549.26,549.72,548.34,548.34,6556.0
09:35,549.85,550.68,549.19,549.82,11501.0
09:36,549.93,550.27,549.51,550.1,6604.0
09:37,549.39,549.93,549.32,549.93,5030.0
09:38,550.22,550.22,548.67,548.88,9606.0
09:39,549.91,551.01,549.46,550.22,13201.0
09:40,548.87,550.05,548.52,550.05,8812.0
09:41,548.54,549.56,548.54,548.63,8168.0
09:42,548.9,549.33,548.73,549.1,4744.0
09:43,549.55,549.55,547.95,548.71,16308.0
09:44,548.64,549.06,548.64,548.83,2173.0
09:45,548.77,549.79,548.77,549.15,9724.0
09:46,548.78,549.02,548.03,548.49,29933.0
09:47,548.5,548.91,548.14,548.91,8171.0
09:48,546.22,547.67,546.0,547.63,9796.0
09:49,547.03,547.5,545.83,546.15,12192.0
09:50,548.06,549.01,547.04,547.04,9520.0
09:51,548.08,548.75,548.01,548.04,12117.0
09:52,547.8,548.2,547.4,548.2,8520.0
09:53,548.68,549.06,547.49,547.5,11017.0
09:54,549.07,549.74,548.9,548.9,8163.0
09:55,547.99,548.95,547.99,548.95,6268.0
09:56,547.33,548.07,547.33,547.88,7733.0
09:57,547.37,547.87,547.05,547.33,11062.0
09:58,547.29,547.61,547.07,547.37,20477.0
09:59,547.23,547.34,546.67,547.14,29646.0
10:00,547.33,547.78,546.28,547.78,18961.0
10:01,547.22,547.33,546.82,547.33,6911.0
10:02,546.46,547.3,546.16,547.3,6281.0
10:03,546.75,546.91,546.6,546.63,7850.0
10:04,547.07,547.21,546.75,546.75,8173.0
10:05,546.87,547.23,546.75,547.22,10318.0
10:06,547.22,547.22,546.81,547.02,5806.0
10:07,546.5,547.13,546.25,546.97,10316.0
10:08,546.43,547.0,546.03,547.0,7350.0
10:09,546.03,546.83,545.55,546.6,14671.0
10:10,546.5,546.53,545.76,545.76,10232.0
10:11,546.72,547.2,546.32,546.45,13104.0
10:12,546.58,546.9,546.58,546.58,2891.0
10:13,546.31,546.69,546.0,546.58,10651.0
10:14,546.03,546.2,545.89,546.2,5752.0
10:15,546.6,546.6,545.55,545.59,11655.0
10:16,546.82,546.82,546.67,546.72,7256.0
10:17,547.98,547.98,547.28,547.28,3942.0
10:18,547.45,547.74,547.42,547.74,4092.0
10:19,546.88,547.03,546.35,547.01,13851.0
10:20,546.47,546.78,546.18,546.78,4980.0
10:21,545.66,546.03,545.66,546.02,3592.0
10:22,545.89,545.99,545.36,545.9,5150.0
10:23,545.7,546.16,545.37,545.59,2973.0
10:24,546.12,546.49,545.52,545.69,6938.0
10:25,546.4,546.71,545.85,546.03,11356.0
10:26,546.69,546.7,546.23,546.57,6446.0
10:27,546.05,546.41,545.91,546.41,3957.0
10:28,545.89,546.22,545.84,546.22,3831.0
10:29,545.49,546.47,545.49,546.12,9772.0
10:30,545.6,545.88,545.49,545.49,3201.0
10:31,546.08,546.34,545.99,545.99,13052.0
10:32,546.12,546.59,546.01,546.01,2602.0
10:33,545.98,546.22,545.77,545.87,3434.0
10:34,546.01,546.17,545.95,546.02,3470.0
10:35,545.92,546.27,545.49,545.75,15029.0
10:36,546.14,546.21,545.94,546.21,1144.0
10:37,546.36,546.36,546.13,546.22,5103.0
10:38,546.81,546.82,546.37,546.67,2712.0
10:39,546.2,546.88,546.2,546.81,5883.0
10:40,546.25,546.25,546.19,546.2,2187.0
10:41,546.29,546.29,545.59,546.08,11421.0
10:42,546.73,547.04,546.18,546.46,6750.0
10:43,546.45,546.82,546.44,546.82,5441.0
10:44,546.24,546.61,546.24,546.45,1290.0
10:45,547.72,547.72,546.45,546.61,9721.0
10:46,547.76,547.81,547.76,547.81,1112.0
10:47,547.67,547.7,547.23,547.52,5280.0
10:48,547.63,547.86,547.63,547.64,3024.0
10:49,547.51,547.63,547.51,547.63,931.0
10:50,547.25,547.45,547.01,547.19,4667.0
10:51,546.99,547.39,546.96,547.32,4846.0
10:52,547.47,547.57,547.09,547.21,5950.0
10:53,547.63,547.79,547.48,547.56,3743.0
10:54,547.61,547.61,547.44,547.5,1382.0
10:55,547.44,548.0,547.44,547.77,4122.0
10:56,547.17,547.37,547.17,547.23,3674.0
10:57,546.86,547.27,546.86,547.07,3930.0
10:58,546.81,547.21,546.24,546.86,6471.0
10:59,546.68,546.7,546.59,546.69,3218.0
11:00,547.34,547.44,546.68,546.68,6518.0
11:01,548.12,548.12,547.36,547.37,5148.0
11:02,547.94,548.12,547.94,548.12,3554.0
11:03,547.02,548.13,547.02,548.03,9878.0
11:04,547.42,547.52,547.35,547.35,1388.0
11:05,547.52,547.53,547.39,547.39,1257.0
11:06,547.36,547.66,547.36,547.66,2071.0
11:07,547.44,547.6,547.16,547.36,5009.0
11:08,547.45,547.63,547.02,547.42,3906.0
11:09,547.7,547.86,547.28,547.51,3652.0
11:10,547.87,548.02,547.28,547.85,9022.0
11:11,547.47,547.56,547.46,547.47,2419.0
11:12,547.64,547.65,547.27,547.47,2912.0
11:13,547.74,547.74,547.47,547.47,3334.0
11:14,547.74,547.89,547.72,547.78,7011.0
11:15,547.25,548.0,547.25,547.88,7616.0
11:16,547.22,547.26,546.82,547.2,4597.0
11:17,547.04,547.22,547.04,547.22,1980.0
11:18,547.01,547.4,546.73,546.73,2851.0
11:19,547.32,547.44,547.04,547.2,5689.0
11:20,547.37,547.37,547.02,547.32,3337.0
11:21,547.6,547.6,547.53,547.6,3005.0
11:22,547.7,547.71,547.59,547.71,2558.0
11:23,547.99,548.16,547.68,547.7,12915.0
11:24,547.91,547.99,547.81,547.99,3542.0
11:25,547.78,547.81,547.61,547.81,1523.0
11:26,547.76,547.77,547.59,547.59,3531.0
11:27,547.75,547.76,547.73,547.76,2080.0
11:28,547.89,547.96,547.86,547.9,4288.0
11:29,548.34,548.35,547.86,547.86,9626.0
11:30,548.13,548.41,547.85,548.34,14626.0
11:31,548.51,548.51,547.95,547.95,4079.0
11:32,549.35,549.35,548.51,548.64,11565.0
11:33,549.15,549.39,548.05,549.34,14337.0
11:34,549.24,549.29,548.87,549.29,6048.0
11:35,549.2,549.2,548.93,548.96,3218.0
11:36,549.52,549.76,549.33,549.33,5430.0
11:37,549.26,549.6,549.26,549.6,1664.0
11:38,548.99,549.27,548.95,549.22,11047.0
11:39,548.8,549.0,548.8,549.0,2069.0
11:40,548.61,548.74,548.61,548.74,2893.0
11:41,548.2,548.78,548.16,548.78,6159.0
11:42,547.01,548.15,547.0,548.1,16767.0
11:43,546.79,546.94,546.55,546.92,5525.0
11:44,547.21,547.62,546.59,546.73,8038.0
11:45,547.96,548.17,547.59,547.59,5491.0
11:46,547.8,547.91,547.64,547.66,3103.0
11:47,547.8,548.14,547.79,548.12,3366.0
11:48,548.38,548.38,547.99,548.26,4064.0
11:49,548.14,548.16,548.05,548.16,1510.0
11:50,548.85,548.99,548.05,548.05,3048.0
11:51,549.45,549.45,548.85,548.98,5999.0
11:52,549.06,549.22,549.06,549.22,1318.0
11:53,549.99,549.99,549.33,549.33,4540.0
11:54,550.07,550.24,549.99,550.24,3590.0
11:55,550.09,550.14,550.09,550.14,2602.0
11:56,550.91,550.91,550.47,550.47,4441.0
11:57,550.8,551.01,550.8,551.01,3457.0
11:58,551.45,551.45,550.84,551.04,3519.0
11:59,551.47,551.6,551.44,551.57,3753.0
12:00,551.3,551.51,551.2,551.38,7254.0
12:01,551.17,551.3,551.12,551.3,2024.0
12:02,551.49,551.49,551.05,551.05,5360.0
12:03,551.09,551.49,551.01,551.49,3815.0
12:04,551.28,551.49,550.9,551.19,6668.0
12:05,551.29,551.52,551.03,551.17,9241.0
12:06,551.48,551.48,551.48,551.48,188.0
12:07,551.8,551.96,551.57,551.67,5403.0
12:08,551.7,551.86,551.66,551.73,6939.0
12:09,551.36,551.72,551.22,551.61,3481.0
12:10,551.66,551.75,551.28,551.5,8373.0
12:11,551.51,551.66,551.36,551.47,4676.0
12:12,551.73,551.96,551.65,551.76,6119.0
12:13,551.97,551.99,551.7,551.7,1719.0
12:14,551.28,551.96,551.18,551.96,14103.0
12:15,551.08,551.08,550.61,550.88,3164.0
12:16,551.22,551.22,550.85,551.18,5323.0
12:17,551.67,551.73,551.22,551.3,10708.0
12:18,551.71,551.85,551.6,551.68,2272.0
12:19,551.96,552.02,551.76,551.76,4431.0
12:20,552.11,552.35,551.94,551.94,5123.0
12:21,552.18,552.22,551.61,551.81,6426.0
12:22,552.17,552.75,552.17,552.17,4155.0
12:23,551.85,552.75,551.85,552.17,17129.0
12:24,552.23,552.23,551.65,551.98,8766.0
12:25,552.46,552.52,552.13,552.52,22205.0
12:26,552.3,552.54,552.08,552.53,14407.0
12:27,552.66,552.66,552.3,552.3,5772.0
12:28,553.11,553.15,552.21,552.8,4598.0
12:29,553.15,553.5,553.15,553.15,11075.0
12:30,553.48,553.5,553.15,553.15,3281.0
12:31,552.87,553.54,552.87,553.33,11087.0
12:32,553.27,553.27,552.86,552.96,2476.0
12:33,553.1,553.22,552.92,553.16,1391.0
12:34,553.0,553.1,552.84,553.09,5207.0
12:35,552.9,553.22,552.9,553.12,4384.0
12:36,552.82,553.07,552.82,552.9,3151.0
12:37,552.73,552.82,552.52,552.82,4611.0
12:38,552.95,552.95,552.44,552.44,1818.0
12:39,552.61,552.71,552.26,552.71,3104.0
12:40,552.67,552.86,552.52,552.6,4256.0
12:41,552.29,552.59,552.29,552.59,840.0
12:42,552.35,552.68,552.35,552.6,3063.0
12:43,552.46,552.46,552.18,552.35,2135.0
12:44,552.94,553.32,552.74,552.74,3315.0
12:45,552.77,552.86,552.55,552.86,4235.0
12:46,552.65,552.84,552.55,552.77,7544.0
12:47,552.49,552.59,552.45,552.52,620.0
12:48,552.64,552.64,552.49,552.5,3130.0
12:49,552.5,552.63,552.39,552.54,6737.0
12:50,552.24,552.43,552.19,552.19,2626.0
12:51,552.06,552.35,552.06,552.15,4352.0
12:52,552.11,552.11,552.01,552.01,754.0
12:53,551.93,552.17,551.93,552.11,1557.0
12:54,552.08,552.09,551.91,552.09,2832.0
12:55,552.08,552.25,552.05,552.05,2396.0
12:56,551.76,552.07,551.76,551.87,3530.0
12:57,551.74,551.76,551.74,551.76,1451.0
12:58,551.16,551.52,551.16,551.52,2872.0
12:59,551.05,551.39,551.03,551.39,2455.0
13:00,551.35,551.5,551.02,551.34,5275.0
13:01,551.55,551.67,551.36,551.36,12218.0
13:02,551.51,551.51,551.22,551.41,4082.0
13:03,551.42,551.49,551.42,551.49,2300.0
13:04,551.41,551.54,551.22,551.23,5758.0
13:05,551.44,551.44,551.22,551.41,3075.0
13:06,551.08,551.39,550.94,551.39,7550.0
13:07,550.96,551.15,550.96,550.96,2333.0
13:08,550.48,551.04,550.23,550.96,10854.0
13:09,550.33,550.6,550.23,550.55,11072.0
13:10,550.28,550.32,550.28,550.32,1587.0
13:11,550.08,550.08,549.87,550.07,4065.0
13:12,550.32,550.32,550.07,550.08,3285.0
13:13,550.5,550.6,550.18,550.23,7067.0
13:14,550.12,550.48,549.91,550.24,3807.0
13:15,549.88,550.3,549.73,550.12,4564.0
13:16,550.24,550.24,550.24,550.24,947.0
13:17,550.47,550.47,550.09,550.3,3113.0
13:18,550.33,550.33,550.07,550.23,2940.0
13:19,549.91,550.06,549.89,550.06,3375.0
13:20,549.87,549.9,549.27,549.84,4038.0
13:21,549.3,549.61,549.26,549.43,5037.0
13:22,549.87,549.87,549.3,549.3,3978.0
13:23,549.97,550.13,549.88,549.88,2899.0
13:24,550.05,550.26,550.05,550.15,2727.0
13:25,550.15,550.15,549.94,550.05,4309.0
13:26,549.95,550.18,549.95,550.15,2917.0
13:27,549.95,550.21,549.95,549.97,1984.0
13:28,550.11,550.19,550.11,550.11,1785.0
13:29,549.95,550.3,549.83,550.11,5519.0
13:30,550.3,550.55,550.01,550.01,5294.0
13:31,550.38,550.38,549.98,550.3,3393.0
13:32,549.61,550.2,549.61,550.2,8137.0
13:33,550.17,550.17,549.41,549.63,4013.0
13:34,549.88,549.88,549.32,549.8,2939.0
13:35,549.81,550.44,549.79,549.87,7291.0
13:36,549.34,549.72,549.25,549.72,3626.0
13:37,549.57,549.69,549.21,549.29,4169.0
13:38,549.62,549.81,549.47,549.81,2468.0
13:39,549.66,549.82,549.62,549.8,9301.0
13:40,549.51,549.69,549.43,549.69,1929.0
13:41,549.59,549.76,549.51,549.7,3921.0
13:42,550.11,550.11,549.59,549.65,3872.0
13:43,550.25,550.37,549.91,549.94,6385.0
13:44,550.74,550.83,550.42,550.44,5788.0
13:45,550.31,550.81,550.31,550.8,5994.0
13:46,550.22,550.6,550.18,550.35,4900.0
13:47,550.2,550.42,550.2,550.42,3319.0
13:48,550.53,550.53,550.24,550.31,5746.0
13:49,550.55,550.56,550.24,550.3,4628.0
13:50,550.54,550.54,550.23,550.36,5647.0
13:51,550.5,550.53,550.33,550.51,8618.0
13:52,550.49,550.75,550.49,550.53,7338.0
13:53,550.62,550.62,550.49,550.49,3960.0
13:54,551.0,551.04,550.62,550.62,2910.0
13:55,550.93,551.0,550.8,551.0,4200.0
13:56,550.75,550.93,550.69,550.93,5112.0
13:57,550.69,550.83,550.55,550.83,4434.0
13:58,550.62,550.73,550.49,550.54,3960.0
13:59,550.87,550.96,550.69,550.74,6590.0
14:00,550.82,550.9,550.7,550.87,7717.0
14:01,550.71,550.89,550.56,550.81,10346.0
14:02,550.8,551.06,550.71,550.71,12379.0
14:03,550.88,550.97,550.8,550.97,2879.0
14:04,550.99,551.09,550.78,550.8,5656.0
14:05,550.99,551.2,550.99,551.01,4213.0
14:06,551.08,551.08,550.92,550.93,2928.0
14:07,551.39,551.43,551.04,551.08,7134.0
14:08,551.44,551.64,551.32,551.45,6310.0
14:09,551.52,551.63,551.31,551.44,3403.0
14:10,551.48,551.63,551.42,551.62,5943.0
14:11,552.05,552.07,551.48,551.48,7808.0
14:12,551.91,552.08,551.87,551.91,1708.0
14:13,552.03,552.07,551.91,552.07,1409.0
14:14,551.96,552.11,551.87,551.97,7730.0
14:15,551.81,551.96,551.71,551.96,4841.0
14:16,551.62,551.94,551.54,551.8,5400.0
14:17,551.55,551.62,551.4,551.47,4635.0
14:18,551.39,551.55,551.33,551.49,5880.0
14:19,551.24,551.72,551.24,551.44,5694.0
14:20,551.69,551.96,551.2,551.2,3759.0
14:21,551.74,551.92,551.64,551.64,3684.0
14:22,551.74,552.02,551.74,551.9,1600.0
14:23,551.79,551.92,551.72,551.8,3143.0
14:24,552.07,552.07,551.79,551.94,3073.0
14:25,551.96,552.09,551.95,552.09,2249.0
14:26,551.81,552.09,551.81,551.95,2395.0
14:27,551.55,552.1,551.55,552.1,6942.0
14:28,551.84,551.84,551.55,551.55,5412.0
14:29,551.76,551.81,551.62,551.76,5188.0
14:30,551.76,551.89,551.76,551.89,1484.0
14:31,551.77,551.79,551.77,551.79,1527.0
14:32,551.69,551.92,551.57,551.77,11590.0
14:33,551.77,551.77,551.77,551.77,2748.0
14:34,551.72,551.84,551.66,551.76,7288.0
14:35,551.68,551.79,551.68,551.72,4682.0
14:36,551.63,551.63,551.51,551.63,4733.0
14:37,551.21,551.63,551.07,551.63,10888.0
14:38,550.9,551.21,550.87,551.21,2396.0
14:39,550.94,551.07,550.9,550.9,3945.0
14:40,550.9,550.9,550.89,550.89,1142.0
14:41,550.74,550.9,550.52,550.9,4210.0
14:42,550.78,550.78,550.7,550.75,3839.0
14:43,550.85,550.86,550.69,550.78,2711.0
14:44,550.51,551.02,550.35,550.76,3293.0
14:45,550.61,550.78,550.6,550.6,3910.0
14:46,550.57,550.61,550.37,550.61,3209.0
14:47,550.78,550.81,550.48,550.51,7622.0
14:48,550.85,550.97,550.82,550.97,4726.0
14:49,551.03,551.14,550.85,550.9,4531.0
14:50,551.03,551.03,550.9,550.9,1201.0
14:51,550.95,551.15,550.9,550.97,11544.0
14:52,551.16,551.16,550.83,550.95,5675.0
14:53,551.19,551.22,550.99,551.22,4247.0
14:54,551.58,551.58,551.17,551.17,4743.0
14:55,552.19,552.27,551.58,551.58,6347.0
14:56,552.67,552.67,552.28,552.46,5952.0
14:57,552.74,552.82,552.55,552.73,9253.0
14:58,553.18,553.19,552.73,552.73,4875.0
14:59,553.18,553.18,553.18,553.18,1308.0
15:00,553.3,553.4,553.17,553.4,1440.0
15:01,553.07,553.26,552.79,553.11,2625.0
15:02,553.07,553.28,552.97,553.07,5208.0
15:03,552.98,552.98,552.65,552.76,11321.0
15:04,552.99,552.99,552.99,552.99,926.0
15:05,553.11,553.11,552.99,552.99,2337.0
15:06,552.96,552.96,552.96,552.96,1083.0
15:07,552.84,553.13,552.8,552.89,4277.0
15:08,553.08,553.08,552.73,552.83,8021.0
15:09,553.18,553.18,553.06,553.06,1800.0
15:10,553.25,553.25,553.14,553.14,1626.0
15:11,553.1,553.1,552.99,553.08,2313.0
15:12,553.23,553.23,552.87,552.9,1634.0
15:13,553.19,553.25,553.1,553.25,3490.0
15:14,553.12,553.21,553.12,553.16,1328.0
15:15,553.07,553.07,552.87,553.07,5140.0
15:16,553.37,553.69,553.06,553.27,4017.0
15:17,553.41,553.5,553.35,553.42,2120.0
15:18,553.36,553.62,553.34,553.36,1653.0
15:19,553.43,553.61,553.43,553.44,1508.0
15:20,553.67,553.76,553.6,553.61,5936.0
15:21,553.77,553.87,553.73,553.73,1995.0
15:22,553.74,553.97,553.66,553.76,2748.0
15:23,553.73,553.8,553.55,553.59,3887.0
15:24,553.68,553.69,553.62,553.69,2624.0
15:25,553.83,553.84,553.76,553.76,3111.0
15:26,553.66,553.87,553.61,553.87,5310.0
15:27,553.76,553.76,553.62,553.64,1775.0
15:28,553.47,554.0,553.47,553.99,7357.0
15:29,553.73,553.75,553.44,553.44,4868.0
15:30,553.82,553.89,553.7,553.74,1456.0
15:31,554.03,554.23,553.84,553.96,6711.0
15:32,554.2,554.29,553.99,554.03,6848.0
15:33,554.26,554.31,554.15,554.2,5510.0
15:34,554.39,554.43,554.12,554.19,7003.0
15:35,554.2,554.39,554.12,554.39,2554.0
15:36,553.88,554.13,553.88,554.11,7974.0
15:37,553.57,553.77,553.56,553.76,3136.0
15:38,553.46,553.73,553.46,553.65,6424.0
15:39,553.44,553.59,553.2,553.59,8039.0
15:40,553.42,553.49,553.38,553.41,2893.0
15:41,553.8,553.8,553.42,553.42,4857.0
15:42,553.72,553.72,553.68,553.68,2254.0
15:43,553.88,553.93,553.72,553.93,4305.0
15:44,553.79,553.93,553.55,553.66,3152.0
15:45,553.84,554.09,553.77,553.93,7125.0
15:46,553.76,553.93,553.63,553.84,7155.0
15:47,553.94,554.07,553.61,553.69,6904.0
15:48,554.02,554.11,553.9,553.99,4909.0
15:49,553.75,554.11,553.61,554.07,10577.0
15:50,553.77,554.02,553.66,553.93,12609.0
15:51,554.0,554.1,553.71,553.71,11152.0
15:52,553.6,554.0,553.46,553.83,19458.0
15:53,553.28,553.8,553.15,553.63,9717.0
15:54,553.85,553.85,553.04,553.15,7629.0
15:55,553.03,553.47,552.85,553.39,21068.0
15:56,553.39,553.48,552.85,553.03,29877.0
15:57,552.7,553.35,552.55,553.29,34881.0
15:58,552.62,552.84,552.39,552.69,62361.0
15:59,552.16,552.63,552.01,552.52,158518.0
