Time,Close,High,Low,Open,Volume
09:30,232.52,233.17,232.07,232.38,8136468.0
09:31,232.55,232.99,232.29,232.61,197756.0
09:32,232.44,232.66,231.89,232.54,296824.0
09:33,232.62,232.76,232.42,232.45,105663.0
09:34,232.94,233.06,232.77,232.79,234241.0
09:35,232.84,233.09,232.71,232.97,115400.0
09:36,233.03,233.13,232.74,232.82,153053.0
09:37,232.84,233.07,232.76,233.02,117386.0
09:38,232.6,232.93,232.54,232.85,123316.0
09:39,232.69,232.72,232.51,232.6,84809.0
09:40,232.48,232.72,232.45,232.69,125721.0
09:41,232.26,232.68,232.17,232.49,144555.0
09:42,232.56,232.68,232.22,232.28,101739.0
09:43,232.49,232.79,232.45,232.55,140363.0
09:44,232.49,232.58,232.14,232.47,231158.0
09:45,232.69,232.69,232.42,232.49,20.0
09:46,232.43,232.87,232.43,232.69,1681735.0
09:47,232.45,232.47,232.32,232.41,77092.0
09:48,232.68,232.81,232.38,232.44,70290.0
09:49,232.87,232.99,232.62,232.67,138613.0
09:50,232.88,233.03,232.76,232.88,102576.0
09:51,232.58,232.9,232.58,232.87,52330.0
09:52,232.76,232.76,232.58,232.6,51642.0
09:53,232.72,232.78,232.59,232.76,80064.0
09:54,232.73,232.85,232.52,232.71,130627.0
09:55,232.87,232.9,232.68,232.74,94043.0
09:56,232.99,233.13,232.85,232.85,136347.0
09:57,232.85,233.0,232.62,233.0,102764.0
09:58,232.84,232.9,232.68,232.83,70422.0
09:59,233.16,233.19,232.81,232.83,110456.0
10:00,233.02,233.28,232.96,233.17,185250.0
10:01,233.27,233.34,233.05,233.05,144453.0
10:02,233.02,233.32,232.98,233.3,89767.0
10:03,233.05,233.09,232.99,233.01,54810.0
10:04,233.2,233.25,233.0,233.05,176615.0
10:05,233.17,233.33,233.15,233.19,94162.0
10:06,233.38,233.38,233.15,233.15,96912.0
10:07,233.65,233.67,233.37,233.37,199319.0
10:08,233.55,233.8,233.55,233.65,153001.0
10:09,233.07,233.57,233.06,233.54,118669.0
10:10,233.23,233.24,233.0,233.09,99906.0
10:11,233.44,233.55,233.09,233.24,117305.0
10:12,233.48,233.58,233.33,233.41,141387.0
10:13,233.35,233.6,233.3,233.48,85681.0
10:14,233.31,233.47,233.28,233.36,39407.0
10:15,233.2,233.38,233.2,233.3,50128.0
10:16,233.06,233.3,233.05,233.24,53058.0
10:17,233.04,233.14,233.0,233.07,61665.0
10:18,233.11,233.17,233.0,233.04,103830.0
10:19,233.11,233.14,233.07,233.12,46676.0
10:20,233.2,233.25,233.0,233.1,85240.0
10:21,233.1,233.22,233.07,233.11,44476.0
10:22,233.09,233.15,233.01,233.12,67018.0
10:23,233.22,233.26,233.03,233.07,51584.0
10:24,233.21,233.38,233.15,233.22,220643.0
10:25,233.41,233.42,233.2,233.21,56852.0
10:26,233.57,233.57,233.28,233.4,77642.0
10:27,233.68,233.75,233.51,233.57,76467.0
10:28,233.55,233.9,233.55,233.68,80039.0
10:29,233.4,233.61,233.34,233.55,65908.0
10:30,233.36,233.4,233.25,233.4,72380.0
10:31,233.42,233.44,233.28,233.36,60846.0
10:32,233.27,233.51,233.24,233.43,64620.0
10:33,233.26,233.36,233.23,233.24,34502.0
10:34,233.41,233.52,233.26,233.27,52708.0
10:35,233.45,233.49,233.36,233.43,48663.0
10:36,233.39,233.47,233.33,233.46,34591.0
10:37,233.35,233.5,233.35,233.4,34323.0
10:38,233.28,233.36,233.22,233.34,61376.0
10:39,233.15,233.29,233.15,233.26,63428.0
10:40,232.81,233.16,232.79,233.16,83139.0
10:41,232.9,232.94,232.79,232.82,73250.0
10:42,233.0,233.03,232.9,232.9,89015.0
10:43,232.97,233.0,232.86,232.99,61062.0
10:44,232.91,232.96,232.88,232.95,61128.0
10:45,232.88,232.93,232.82,232.9,51923.0
10:46,232.82,232.9,232.73,232.9,56719.0
10:47,232.62,232.84,232.54,232.84,112487.0
10:48,232.88,232.88,232.63,232.63,47976.0
10:49,232.97,233.04,232.84,232.89,69073.0
10:50,233.0,233.04,232.92,232.97,32578.0
10:51,232.94,233.04,232.9,233.0,56680.0
10:52,233.04,233.21,232.89,232.94,119238.0
10:53,233.24,233.29,232.98,233.05,65519.0
10:54,233.26,233.27,233.15,233.21,544358.0
10:55,233.17,233.32,233.16,233.26,36472.0
10:56,233.52,233.56,233.17,233.21,77478.0
10:57,233.54,233.57,233.37,233.53,89947.0
10:58,233.46,233.57,233.4,233.53,46969.0
10:59,233.63,233.66,233.43,233.47,77265.0
11:00,233.94,233.98,233.64,233.65,124186.0
11:01,233.84,234.15,233.84,233.95,276630.0
11:02,233.57,233.91,233.53,233.85,73361.0
11:03,233.6,233.65,233.5,233.58,52793.0
11:04,233.52,233.62,233.46,233.6,111170.0
11:05,233.32,233.52,233.2,233.45,58862.0
11:06,233.45,233.57,233.26,233.3,54717.0
11:07,233.5,233.6,233.43,233.44,38176.0
11:08,233.66,233.67,233.51,233.52,50241.0
11:09,233.6,233.71,233.59,233.68,52612.0
11:10,233.63,233.66,233.54,233.6,38706.0
11:11,233.5,233.69,233.4,233.63,47958.0
11:12,233.54,233.55,233.39,233.51,37042.0
11:13,233.62,233.73,233.52,233.52,55754.0
11:14,233.59,233.65,233.52,233.62,37375.0
11:15,233.57,233.65,233.5,233.57,46768.0
11:16,233.75,233.8,233.58,233.58,65235.0
11:17,233.79,233.85,233.73,233.74,53703.0
11:18,233.74,233.82,233.72,233.78,35286.0
11:19,233.73,233.78,233.68,233.74,34897.0
11:20,233.7,233.74,233.63,233.72,35444.0
11:21,233.54,233.72,233.5,233.68,31612.0
11:22,233.5,233.59,233.5,233.53,30566.0
11:23,233.52,233.55,233.34,233.5,78464.0
11:24,233.58,233.7,233.54,233.54,74843.0
11:25,233.55,233.59,233.35,233.53,45224.0
11:26,233.37,233.56,233.37,233.56,22126.0
11:27,233.21,233.37,233.18,233.37,92067.0
11:28,233.23,233.3,233.17,233.23,47305.0
11:29,233.23,233.29,233.2,233.24,47930.0
11:30,233.23,233.24,233.13,233.2,242841.0
11:31,233.04,233.23,232.99,233.23,133200.0
11:32,233.09,233.13,233.0,233.01,51585.0
11:33,233.16,233.27,233.08,233.09,59535.0
11:34,233.17,233.21,233.01,233.16,62900.0
11:35,233.14,233.24,233.08,233.12,54673.0
11:36,233.1,233.23,233.09,233.12,67161.0
11:37,233.0,233.12,232.99,233.1,34595.0
11:38,232.98,233.03,232.95,233.0,43363.0
11:39,233.01,233.06,232.94,232.98,42084.0
11:40,233.12,233.15,233.0,233.03,42234.0
11:41,233.12,233.15,233.04,233.12,38676.0
11:42,233.1,233.13,233.08,233.1,25439.0
11:43,233.12,233.16,233.08,233.11,37730.0
11:44,233.2,233.25,233.11,233.13,39790.0
11:45,233.2,233.27,233.16,233.17,35925.0
11:46,233.24,233.28,233.18,233.19,21732.0
11:47,233.12,233.22,233.06,233.21,54180.0
11:48,233.18,233.23,233.09,233.12,31680.0
11:49,233.19,233.24,233.12,233.17,28883.0
11:50,233.19,233.24,233.12,233.17,66781.0
11:51,233.18,233.23,233.16,233.2,34312.0
11:52,233.15,233.24,233.13,233.2,98452.0
11:53,233.15,233.2,233.1,233.14,27627.0
11:54,233.24,233.26,233.16,233.16,37794.0
11:55,233.2,233.25,233.13,233.24,48546.0
11:56,233.24,233.27,233.16,233.2,45454.0
11:57,233.18,233.26,233.15,233.26,64753.0
11:58,232.98,233.18,232.98,233.18,77354.0
11:59,233.04,233.05,232.98,232.98,67053.0
12:00,233.18,233.27,233.03,233.04,84580.0
12:01,233.12,233.22,233.11,233.16,32657.0
12:02,232.94,233.1,232.92,233.1,61593.0
12:03,232.96,232.99,232.93,232.96,31925.0
12:04,233.07,233.11,232.95,232.97,31426.0
12:05,233.12,233.12,233.05,233.09,23233.0
12:06,233.12,233.26,233.09,233.12,48011.0
12:07,233.18,233.29,233.12,233.13,81449.0
12:08,233.24,233.26,233.2,233.2,50647.0
12:09,233.3,233.37,233.26,233.26,191822.0
12:10,233.51,233.51,233.26,233.3,65283.0
12:11,233.55,233.62,233.5,233.51,150956.0
12:12,233.56,233.64,233.55,233.55,47259.0
12:13,233.59,233.61,233.51,233.57,505791.0
12:14,233.65,233.74,233.55,233.59,71383.0
12:15,233.84,233.91,233.64,233.64,89276.0
12:16,234.07,234.13,233.83,233.87,133983.0
12:17,233.95,234.09,233.88,234.06,67254.0
12:18,234.04,234.16,233.92,233.96,92451.0
12:19,233.96,234.05,233.88,234.05,49300.0
12:20,233.9,234.03,233.86,234.0,40472.0
12:21,233.87,233.9,233.82,233.9,35722.0
12:22,233.91,233.92,233.81,233.87,34366.0
12:23,233.87,233.92,233.77,233.92,77053.0
12:24,233.85,233.86,233.73,233.84,26316.0
12:25,233.77,233.87,233.74,233.86,25087.0
12:26,233.75,233.81,233.74,233.75,31930.0
12:27,233.66,233.76,233.64,233.76,43146.0
12:28,233.65,233.7,233.6,233.66,35903.0
12:29,233.61,233.67,233.58,233.65,30155.0
12:30,233.66,233.72,233.57,233.6,50173.0
12:31,233.7,233.86,233.66,233.67,67146.0
12:32,233.59,233.68,233.57,233.68,34968.0
12:33,233.61,233.68,233.59,233.6,40929.0
12:34,233.62,233.71,233.57,233.6,38524.0
12:35,233.7,233.76,233.62,233.62,59997.0
12:36,233.63,233.71,233.61,233.69,52946.0
12:37,233.59,233.65,233.54,233.65,36522.0
12:38,233.52,233.63,233.51,233.6,36442.0
12:39,233.59,233.61,233.49,233.52,61675.0
12:40,233.55,233.66,233.52,233.58,46042.0
12:41,233.71,233.72,233.55,233.55,29501.0
12:42,233.65,233.74,233.63,233.71,44134.0
12:43,233.51,233.65,233.45,233.64,39168.0
12:44,233.53,233.59,233.49,233.51,37580.0
12:45,233.23,233.52,233.23,233.5,54368.0
12:46,233.27,233.33,233.23,233.25,38340.0
12:47,233.3,233.3,233.23,233.26,26952.0
12:48,233.38,233.41,233.3,233.3,31562.0
12:49,233.29,233.38,233.27,233.38,43944.0
12:50,233.12,233.32,233.12,233.32,92186.0
12:51,233.15,233.18,233.06,233.14,63552.0
12:52,233.12,233.21,233.11,233.14,24534.0
12:53,233.01,233.12,232.92,233.12,95362.0
12:54,233.13,233.13,232.96,233.01,56144.0
12:55,233.23,233.24,233.07,233.13,30389.0
12:56,233.26,233.33,233.23,233.23,34474.0
12:57,233.19,233.25,233.13,233.25,27630.0
12:58,233.16,233.21,233.14,233.17,13783.0
12:59,233.24,233.29,233.15,233.17,23832.0
13:00,233.17,233.23,233.15,233.23,26302.0
13:01,233.17,233.23,233.16,233.17,20141.0
13:02,233.26,233.28,233.16,233.17,28298.0
13:03,233.23,233.28,233.22,233.26,24731.0
13:04,233.1,233.28,233.1,233.22,44471.0
13:05,233.03,233.11,232.95,233.08,58419.0
13:06,233.08,233.1,233.01,233.02,43164.0
13:07,233.05,233.1,233.02,233.08,29238.0
13:08,233.03,233.05,233.0,233.04,53105.0
13:09,233.06,233.07,232.99,233.04,31527.0
13:10,233.06,233.1,233.0,233.07,37440.0
13:11,233.18,233.2,233.04,233.06,76166.0
13:12,233.12,233.2,233.1,233.2,30462.0
13:13,233.18,233.24,233.11,233.12,51405.0
13:14,233.21,233.27,233.17,233.19,37913.0
13:15,233.26,233.27,233.17,233.21,30929.0
13:16,233.29,233.34,233.22,233.26,45508.0
13:17,233.41,233.42,233.25,233.28,35199.0
13:18,233.22,233.42,233.18,233.42,81071.0
13:19,233.36,233.37,233.2,233.24,54882.0
13:20,233.31,233.38,233.26,233.38,20862.0
13:21,233.34,233.36,233.28,233.32,26850.0
13:22,233.27,233.35,233.24,233.34,20856.0
13:23,233.27,233.29,233.24,233.28,32035.0
13:24,233.07,233.27,233.05,233.26,329826.0
13:25,232.97,233.09,232.91,233.09,42252.0
13:26,232.88,232.96,232.85,232.96,27191.0
13:27,232.81,232.86,232.75,232.86,53834.0
13:28,232.65,232.81,232.63,232.8,82035.0
13:29,232.72,232.74,232.65,232.65,47023.0
13:30,232.69,232.73,232.66,232.71,46802.0
13:31,232.95,232.99,232.68,232.68,75801.0
13:32,232.95,232.99,232.89,232.94,52457.0
13:33,232.96,233.02,232.9,232.97,34036.0
13:34,233.04,233.05,232.93,232.97,37391.0
13:35,233.02,233.08,233.0,233.04,32433.0
13:36,232.9,233.01,232.88,233.01,30718.0
13:37,232.97,232.99,232.84,232.9,44324.0
13:38,232.96,232.98,232.87,232.93,45847.0
13:39,232.98,233.0,232.95,232.96,26357.0
13:40,233.03,233.06,232.98,232.99,32997.0
13:41,232.91,233.05,232.9,233.04,48348.0
13:42,233.01,233.03,232.91,232.91,22745.0
13:43,232.99,233.03,232.96,233.0,18709.0
13:44,233.02,233.05,233.01,233.02,17668.0
13:45,233.04,233.09,233.01,233.03,28213.0
13:46,233.15,233.16,233.04,233.05,30241.0
13:47,233.07,233.15,233.05,233.14,31432.0
13:48,233.07,233.09,233.02,233.04,20668.0
13:49,233.03,233.09,232.99,233.07,29537.0
13:50,233.01,233.07,233.0,233.03,20385.0
13:51,232.95,233.04,232.91,233.01,128630.0
13:52,232.87,232.99,232.83,232.96,55241.0
13:53,232.94,232.95,232.87,232.87,29683.0
13:54,232.89,232.95,232.85,232.95,31268.0
13:55,232.8,232.89,232.76,232.88,39670.0
13:56,232.77,232.83,232.75,232.81,31582.0
13:57,232.59,232.75,232.57,232.75,32965.0
13:58,232.71,232.71,232.59,232.59,40229.0
13:59,232.75,232.76,232.69,232.69,34452.0
14:00,232.87,232.88,232.75,232.75,52294.0
14:01,232.82,232.83,232.76,232.82,34302.0
14:02,232.84,232.84,232.77,232.82,34802.0
14:03,232.9,232.91,232.82,232.82,26388.0
14:04,232.91,232.93,232.83,232.9,47320.0
14:05,232.92,232.96,232.89,232.92,31416.0
14:06,232.76,232.93,232.73,232.92,60747.0
14:07,232.82,232.86,232.76,232.76,38951.0
14:08,232.8,232.84,232.79,232.82,106844.0
14:09,232.84,232.85,232.77,232.8,32562.0
14:10,232.6,232.83,232.57,232.83,64636.0
14:11,232.39,232.6,232.39,232.58,96637.0
14:12,232.31,232.4,232.26,232.39,71525.0
14:13,232.24,232.32,232.23,232.32,73089.0
14:14,232.29,232.34,232.23,232.26,89723.0
14:15,232.18,232.33,232.18,232.29,80548.0
14:16,232.24,232.26,232.15,232.18,59070.0
14:17,232.28,232.3,232.2,232.24,44094.0
14:18,232.35,232.36,232.26,232.28,80088.0
14:19,232.29,232.38,232.27,232.34,1.0
14:20,232.36,232.38,232.29,232.3,62502.0
14:21,232.43,232.46,232.34,232.34,34935.0
14:22,232.44,232.45,232.35,232.42,45961.0
14:23,232.46,232.49,232.43,232.43,38819.0
14:24,232.49,232.49,232.45,232.47,35488.0
14:25,232.46,232.55,232.45,232.48,67547.0
14:26,232.21,232.46,232.19,232.46,119493.0
14:27,232.29,232.31,232.1,232.21,178471.0
14:28,232.29,232.33,232.2,232.29,56025.0
14:29,232.44,232.48,232.29,232.3,37878.0
14:30,232.45,232.5,232.39,232.43,30353.0
14:31,232.41,232.46,232.38,232.46,27012.0
14:32,232.4,232.41,232.3,232.41,34069.0
14:33,232.38,232.4,232.3,232.4,36120.0
14:34,232.42,232.46,232.35,232.39,43069.0
14:35,232.49,232.51,232.4,232.43,35600.0
14:36,232.45,232.49,232.43,232.47,38183.0
14:37,232.29,232.49,232.25,232.45,339541.0
14:38,232.46,232.5,232.28,232.29,39256.0
14:39,232.38,232.47,232.38,232.46,24200.0
14:40,232.44,232.49,232.38,232.38,41275.0
14:41,232.41,232.45,232.38,232.44,35489.0
14:42,232.44,232.45,232.4,232.41,23316.0
14:43,232.37,232.47,232.37,232.44,43555.0
14:44,232.32,232.42,232.31,232.39,35290.0
14:45,232.31,232.38,232.29,232.34,29792.0
14:46,232.31,232.35,232.3,232.32,35497.0
14:47,232.32,232.35,232.3,232.31,47926.0
14:48,232.11,232.32,232.08,232.31,140457.0
14:49,232.15,232.19,232.09,232.13,39519.0
14:50,231.95,232.24,231.9,232.15,120475.0
14:51,231.96,231.99,231.92,231.95,48044.0
14:52,231.84,231.99,231.83,231.95,96367.0
14:53,231.85,231.96,231.82,231.84,90854.0
14:54,232.17,232.17,231.81,231.85,157678.0
14:55,232.07,232.2,231.97,232.15,101910.0
14:56,232.13,232.14,232.04,232.06,63586.0
14:57,232.16,232.16,232.04,232.15,47395.0
14:58,232.26,232.27,232.13,232.14,46538.0
14:59,232.19,232.28,232.14,232.25,31037.0
15:00,232.09,232.23,232.05,232.19,29794.0
15:01,232.2,232.2,232.05,232.09,69424.0
15:02,232.19,232.24,232.13,232.2,46047.0
15:03,232.18,232.27,232.16,232.2,73117.0
15:04,232.24,232.24,232.12,232.18,88488.0
15:05,232.15,232.27,232.13,232.24,57799.0
15:06,232.13,232.21,232.12,232.15,32430.0
15:07,232.28,232.31,232.08,232.14,55950.0
15:08,232.42,232.44,232.25,232.29,59805.0
15:09,232.3,232.42,232.28,232.42,66144.0
15:10,232.34,232.35,232.3,232.3,26468.0
15:11,232.31,232.34,232.28,232.33,50625.0
15:12,232.12,232.35,232.1,232.29,117066.0
15:13,231.99,232.15,231.99,232.13,55592.0
15:14,232.06,232.09,231.99,231.99,38437.0
15:15,232.17,232.25,232.05,232.05,44769.0
15:16,232.02,232.17,232.01,232.17,61012.0
15:17,232.06,232.13,232.02,232.02,414812.0
15:18,231.98,232.08,231.96,232.06,60889.0
15:19,231.95,232.0,231.92,231.97,114464.0
15:20,231.78,231.94,231.76,231.94,114746.0
15:21,231.87,231.94,231.78,231.78,71124.0
15:22,231.83,231.88,231.8,231.87,45438.0
15:23,231.77,231.87,231.7,231.83,84517.0
15:24,231.8,231.81,231.75,231.76,57628.0
15:25,231.95,231.98,231.79,231.79,77329.0
15:26,232.0,232.03,231.94,231.94,79449.0
15:27,231.96,232.01,231.91,231.99,62803.0
15:28,231.94,232.01,231.93,231.96,73016.0
15:29,231.84,231.95,231.82,231.95,89660.0
15:30,231.83,231.9,231.77,231.85,82945.0
15:31,231.8,231.95,231.78,231.82,247585.0
15:32,231.7,231.85,231.69,231.81,85679.0
15:33,231.75,231.81,231.67,231.7,66167.0
15:34,231.73,231.79,231.7,231.76,53833.0
15:35,231.68,231.74,231.66,231.74,111706.0
15:36,231.73,231.75,231.6,231.66,193109.0
15:37,231.64,231.75,231.6,231.74,362729.0
15:38,231.91,231.92,231.61,231.65,137879.0
15:39,232.04,232.06,231.88,231.91,113588.0
15:40,231.99,232.1,231.91,232.03,141259.0
15:41,231.99,232.04,231.92,231.99,79432.0
15:42,232.0,232.07,231.96,231.99,66629.0
15:43,231.96,232.07,231.93,232.01,65451.0
15:44,232.04,232.09,231.9,231.96,88765.0
15:45,231.75,232.04,231.74,232.02,123227.0
15:46,231.7,231.86,231.68,231.76,92824.0
15:47,231.59,231.72,231.58,231.69,162722.0
15:48,231.55,231.61,231.45,231.6,180672.0
15:49,231.71,231.75,231.54,231.56,185189.0
15:50,230.79,231.74,230.54,231.73,976517.0
15:51,230.88,231.03,230.72,230.78,288362.0
15:52,231.18,231.29,230.83,230.87,338409.0
15:53,231.33,231.36,231.1,231.18,311545.0
15:54,231.43,231.64,231.25,231.32,437293.0
15:55,231.67,231.67,231.36,231.44,421571.0
15:56,231.64,231.83,231.62,231.67,421218.0
15:57,231.68,231.72,231.55,231.64,397235.0
15:58,231.74,231.75,231.58,231.66,497121.0
15:59,231.6,231.75,231.37,231.75,1044113.0
