Time,Close,High,Low,Open,Volume
09:30,232.66,233.5,232.5,232.64,908226.0
09:31,232.09,232.64,232.07,232.55,186588.0
09:32,231.87,232.27,231.71,232.09,142521.0
09:33,231.02,231.93,230.98,231.84,138066.0
09:34,229.99,231.0,229.91,230.99,309844.0
09:35,230.32,230.4,229.61,230.04,210924.0
09:36,230.79,230.95,230.31,230.31,181914.0
09:37,230.13,230.81,230.07,230.81,122136.0
09:38,230.39,230.42,229.85,230.13,161044.0
09:39,230.32,230.52,230.03,230.4,125588.0
09:40,230.58,230.58,230.25,230.32,85017.0
09:41,230.36,230.54,230.28,230.51,115016.0
09:42,230.11,230.41,230.0,230.35,115268.0
09:43,230.31,230.36,229.87,230.11,118425.0
09:44,229.95,230.34,229.92,230.32,83644.0
09:45,229.54,229.9,229.5,229.9,183210.0
09:46,229.58,229.7,229.33,229.52,158792.0
09:47,229.63,229.72,229.4,229.55,105980.0
09:48,229.4,229.79,229.22,229.64,143011.0
09:49,229.21,229.46,229.12,229.39,150980.0
09:50,229.16,229.29,228.94,229.18,196599.0
09:51,228.86,229.18,228.8,229.16,140001.0
09:52,228.96,228.97,228.64,228.84,169148.0
09:53,228.8,229.06,228.78,228.97,140356.0
09:54,229.1,229.12,228.72,228.8,105816.0
09:55,229.17,229.26,228.95,229.07,114647.0
09:56,229.07,229.29,229.04,229.15,98895.0
09:57,228.84,229.05,228.7,229.04,96757.0
09:58,228.73,228.99,228.61,228.82,138787.0
09:59,228.93,228.98,228.65,228.71,98137.0
10:00,228.96,228.99,228.87,228.94,90362.0
10:01,228.65,228.97,228.65,228.94,88392.0
10:02,228.58,228.7,228.45,228.63,114879.0
10:03,228.59,228.77,228.48,228.57,103517.0
10:04,228.47,228.71,228.4,228.58,106808.0
10:05,228.51,228.62,228.31,228.45,154712.0
10:06,228.88,228.9,228.49,228.51,122693.0
10:07,228.71,228.94,228.7,228.88,88841.0
10:08,228.95,228.95,228.68,228.71,101332.0
10:09,228.82,229.02,228.81,228.95,78336.0
10:10,228.44,228.84,228.42,228.8,148204.0
10:11,228.76,228.78,228.44,228.44,163920.0
10:12,228.92,229.0,228.76,228.76,102917.0
10:13,228.94,228.96,228.79,228.92,55291.0
10:14,228.86,229.08,228.85,228.94,101785.0
10:15,228.79,228.88,228.74,228.87,68424.0
10:16,229.04,229.04,228.79,228.8,69717.0
10:17,228.82,229.05,228.73,229.05,84932.0
10:18,228.65,228.96,228.63,228.8,61441.0
10:19,228.5,228.68,228.43,228.64,81553.0
10:20,228.53,228.53,228.32,228.43,104445.0
10:21,228.64,228.69,228.47,228.57,65751.0
10:22,228.74,228.79,228.63,228.64,63298.0
10:23,228.71,228.85,228.66,228.77,55686.0
10:24,228.39,228.73,228.21,228.7,108968.0
10:25,228.21,228.43,228.06,228.33,120866.0
10:26,228.27,228.38,228.16,228.2,90538.0
10:27,228.51,228.59,228.24,228.27,106476.0
10:28,228.72,228.73,228.46,228.52,75108.0
10:29,228.77,228.83,228.67,228.72,64033.0
10:30,228.81,228.83,228.58,228.76,59697.0
10:31,228.6,228.83,228.6,228.8,43359.0
10:32,228.83,228.83,228.56,228.58,53539.0
10:33,228.78,228.84,228.74,228.82,50194.0
10:34,228.76,228.88,228.7,228.78,59533.0
10:35,228.68,228.77,228.59,228.76,67119.0
10:36,228.71,228.71,228.64,228.69,54405.0
10:37,228.69,228.75,228.66,228.71,39202.0
10:38,228.69,228.73,228.56,228.7,70308.0
10:39,228.73,228.73,228.61,228.69,67443.0
10:40,228.72,228.75,228.62,228.73,64777.0
10:41,228.67,228.73,228.65,228.72,48488.0
10:42,228.69,228.74,228.64,228.66,47963.0
10:43,228.71,228.77,228.64,228.69,830389.0
10:44,228.68,228.73,228.58,228.71,65173.0
10:45,228.52,228.75,228.52,228.67,72589.0
10:46,228.36,228.54,228.32,228.54,114414.0
10:47,228.01,228.36,227.94,228.36,175887.0
10:48,227.95,228.02,227.92,228.01,86960.0
10:49,227.91,227.97,227.68,227.95,219626.0
10:50,228.0,228.11,227.81,227.92,202097.0
10:51,228.12,228.19,228.01,228.02,107055.0
10:52,228.19,228.22,228.0,228.11,206450.0
10:53,228.21,228.24,228.02,228.2,94799.0
10:54,228.05,228.24,228.05,228.22,84265.0
10:55,227.85,228.1,227.83,228.07,82836.0
10:56,227.67,227.85,227.66,227.85,129941.0
10:57,227.67,227.73,227.63,227.68,98135.0
10:58,227.79,227.87,227.67,227.69,105030.0
10:59,227.56,227.81,227.53,227.79,106734.0
11:00,227.69,227.71,227.53,227.57,122948.0
11:01,227.39,227.69,227.38,227.68,131997.0
11:02,227.51,227.51,227.27,227.38,171367.0
11:03,227.34,227.53,227.22,227.5,127485.0
11:04,226.98,227.39,226.95,227.33,176383.0
11:05,227.02,227.11,226.8,226.96,159245.0
11:06,227.18,227.2,226.93,226.99,114438.0
11:07,227.22,227.35,227.1,227.18,103580.0
11:08,227.34,227.48,227.2,227.23,111043.0
11:09,227.49,227.53,227.33,227.33,71991.0
11:10,227.36,227.51,227.35,227.48,72305.0
11:11,227.08,227.36,227.07,227.36,88085.0
11:12,227.37,227.43,227.05,227.07,99956.0
11:13,227.24,227.42,227.15,227.37,75310.0
11:14,227.18,227.29,227.12,227.23,88026.0
11:15,227.1,227.21,227.05,227.18,109005.0
11:16,227.21,227.25,227.08,227.08,98325.0
11:17,227.38,227.52,227.2,227.21,104491.0
11:18,227.59,227.6,227.37,227.4,83597.0
11:19,227.63,227.65,227.44,227.58,75915.0
11:20,227.59,227.68,227.53,227.62,88791.0
11:21,227.41,227.62,227.4,227.58,81957.0
11:22,227.46,227.51,227.25,227.41,110625.0
11:23,227.41,227.45,227.25,227.45,79815.0
11:24,227.75,227.75,227.42,227.42,79890.0
11:25,227.66,227.82,227.65,227.74,66203.0
11:26,227.62,227.66,227.54,227.65,66474.0
11:27,227.83,227.83,227.61,227.64,50632.0
11:28,227.67,227.85,227.63,227.83,45495.0
11:29,227.9,227.94,227.66,227.66,51299.0
11:30,227.78,227.88,227.73,227.86,60371.0
11:31,227.91,227.95,227.76,227.78,62033.0
11:32,227.83,227.93,227.79,227.92,62542.0
11:33,227.73,227.84,227.59,227.81,56684.0
11:34,227.55,227.78,227.54,227.72,47157.0
11:35,227.7,227.75,227.52,227.57,38729.0
11:36,227.68,227.76,227.62,227.7,36278.0
11:37,227.67,227.73,227.57,227.71,37371.0
11:38,227.62,227.71,227.5,227.66,79315.0
11:39,227.57,227.63,227.52,227.62,55341.0
11:40,227.52,227.64,227.46,227.58,77533.0
11:41,227.39,227.52,227.38,227.51,51638.0
11:42,227.63,227.63,227.35,227.4,58858.0
11:43,227.75,227.78,227.52,227.65,88903.0
11:44,227.66,227.75,227.54,227.75,95264.0
11:45,227.6,227.71,227.6,227.66,41971.0
11:46,227.84,227.84,227.56,227.57,46130.0
11:47,227.85,227.88,227.77,227.84,35591.0
11:48,227.88,227.9,227.83,227.86,63608.0
11:49,227.88,227.96,227.87,227.88,105632.0
11:50,227.84,227.89,227.75,227.88,65477.0
11:51,227.79,227.86,227.76,227.82,38183.0
11:52,227.87,227.87,227.75,227.82,46845.0
11:53,227.91,227.95,227.81,227.86,59828.0
11:54,227.93,227.95,227.82,227.91,42285.0
11:55,227.84,227.93,227.83,227.93,55612.0
11:56,227.89,227.92,227.79,227.85,67341.0
11:57,227.82,227.9,227.78,227.89,50238.0
11:58,227.79,227.87,227.71,227.83,54280.0
11:59,227.44,227.82,227.43,227.78,97624.0
12:00,227.62,227.63,227.39,227.44,117317.0
12:01,227.67,227.73,227.63,227.64,52697.0
12:02,227.61,227.65,227.57,227.65,41306.0
12:03,227.61,227.62,227.55,227.6,43581.0
12:04,227.6,227.62,227.51,227.6,42043.0
12:05,227.77,227.77,227.56,227.59,37080.0
12:06,227.61,227.78,227.61,227.78,72950.0
12:07,227.81,227.85,227.57,227.61,54122.0
12:08,227.82,227.86,227.77,227.86,71184.0
12:09,227.8,227.85,227.76,227.82,53556.0
12:10,227.68,227.82,227.66,227.82,52744.0
12:11,227.64,227.71,227.55,227.66,66264.0
12:12,227.68,227.75,227.56,227.64,46490.0
12:13,227.72,227.78,227.63,227.66,42754.0
12:14,227.81,227.83,227.7,227.73,54155.0
12:15,227.63,227.83,227.62,227.82,62072.0
12:16,227.65,227.67,227.6,227.64,35671.0
12:17,227.68,227.7,227.62,227.64,28789.0
12:18,227.6,227.76,227.6,227.68,32547.0
12:19,227.59,227.67,227.57,227.6,38390.0
12:20,227.54,227.64,227.52,227.58,52674.0
12:21,227.41,227.63,227.4,227.53,92225.0
12:22,227.5,227.56,227.37,227.42,58482.0
12:23,227.41,227.51,227.4,227.5,54606.0
12:24,227.32,227.43,227.25,227.42,81905.0
12:25,227.38,227.44,227.32,227.32,40871.0
12:26,227.33,227.46,227.33,227.39,39710.0
12:27,227.33,227.35,227.28,227.33,50332.0
12:28,227.27,227.35,227.26,227.33,30944.0
12:29,227.17,227.29,227.13,227.27,78489.0
12:30,227.25,227.32,227.11,227.2,75629.0
12:31,227.32,227.34,227.25,227.25,43125.0
12:32,227.36,227.39,227.32,227.32,36612.0
12:33,227.44,227.45,227.26,227.35,52825.0
12:34,227.51,227.55,227.37,227.45,51805.0
12:35,227.51,227.56,227.46,227.52,48004.0
12:36,227.48,227.62,227.45,227.53,70159.0
12:37,227.66,227.73,227.48,227.48,62243.0
12:38,227.65,227.7,227.63,227.66,41278.0
12:39,227.56,227.69,227.55,227.64,57149.0
12:40,227.59,227.64,227.54,227.54,36118.0
12:41,227.64,227.65,227.54,227.58,38300.0
12:42,227.77,227.77,227.55,227.64,75922.0
12:43,227.67,227.76,227.62,227.75,45409.0
12:44,227.78,227.83,227.65,227.65,85304.0
12:45,227.87,227.95,227.78,227.79,85941.0
12:46,227.91,227.95,227.86,227.87,48014.0
12:47,228.03,228.04,227.9,227.9,68010.0
12:48,228.07,228.09,228.0,228.03,60646.0
12:49,228.01,228.15,227.97,228.06,63435.0
12:50,228.13,228.13,228.02,228.02,27112.0
12:51,228.1,228.18,228.1,228.11,55082.0
12:52,228.01,228.18,228.01,228.1,53854.0
12:53,228.02,228.05,227.98,228.0,54512.0
12:54,228.04,228.04,227.94,228.02,41090.0
12:55,227.99,228.06,227.96,228.03,42324.0
12:56,227.9,228.02,227.89,227.99,43749.0
12:57,228.0,228.02,227.88,227.9,47553.0
12:58,228.0,228.06,227.98,228.0,32235.0
12:59,227.93,228.02,227.92,228.01,27819.0
13:00,227.93,227.97,227.88,227.94,58665.0
13:01,227.88,227.95,227.87,227.92,46240.0
13:02,227.87,227.89,227.79,227.88,62028.0
13:03,227.91,227.97,227.87,227.88,46145.0
13:04,228.01,228.07,227.92,227.92,34944.0
13:05,227.88,228.03,227.83,228.01,61009.0
13:06,227.96,227.96,227.82,227.88,30860.0
13:07,227.9,227.98,227.89,227.96,42729.0
13:08,228.0,228.0,227.9,227.91,26043.0
13:09,227.96,228.02,227.89,228.0,36076.0
13:10,227.96,228.04,227.94,227.96,44511.0
13:11,227.87,228.05,227.87,227.94,58405.0
13:12,227.98,227.99,227.85,227.87,36403.0
13:13,228.12,228.15,227.97,227.97,59023.0
13:14,228.18,228.21,228.1,228.12,44106.0
13:15,228.22,228.25,228.03,228.21,62843.0
13:16,228.29,228.37,228.22,228.24,76722.0
13:17,228.23,228.34,228.2,228.3,73790.0
13:18,228.29,228.36,228.2,228.22,66895.0
13:19,228.21,228.29,228.15,228.27,33759.0
13:20,228.05,228.21,228.03,228.21,47809.0
13:21,228.08,228.12,227.97,228.06,40232.0
13:22,228.09,228.14,228.04,228.07,47363.0
13:23,228.07,228.14,228.03,228.09,33446.0
13:24,228.09,228.12,228.06,228.06,29953.0
13:25,228.11,228.15,228.06,228.09,55079.0
13:26,228.14,228.16,228.11,228.12,28356.0
13:27,228.2,228.2,228.13,228.14,28603.0
13:28,228.26,228.32,228.17,228.19,44553.0
13:29,228.3,228.32,228.27,228.27,36640.0
13:30,228.31,228.33,228.26,228.29,27711.0
13:31,228.32,228.33,228.3,228.3,36634.0
13:32,228.47,228.48,228.31,228.32,157391.0
13:33,228.48,228.55,228.45,228.46,114222.0
13:34,228.53,228.55,228.47,228.48,44471.0
13:35,228.49,228.55,228.42,228.52,67798.0
13:36,228.49,228.5,228.41,228.48,44035.0
13:37,228.44,228.48,228.39,228.48,49594.0
13:38,228.41,228.47,228.39,228.44,54706.0
13:39,228.48,228.54,228.43,228.43,38918.0
13:40,228.44,228.5,228.4,228.47,42185.0
13:41,228.33,228.43,228.3,228.42,31694.0
13:42,228.33,228.35,228.26,228.32,35316.0
13:43,228.38,228.45,228.35,228.35,37983.0
13:44,228.37,228.39,228.32,228.39,27233.0
13:45,228.3,228.39,228.29,228.37,38463.0
13:46,228.33,228.37,228.26,228.3,32903.0
13:47,228.29,228.35,228.28,228.32,23497.0
13:48,228.32,228.33,228.19,228.29,36691.0
13:49,228.32,228.32,228.25,228.31,17402.0
13:50,228.49,228.49,228.31,228.31,34199.0
13:51,228.48,228.53,228.48,228.49,24979.0
13:52,228.54,228.57,228.45,228.46,42718.0
13:53,228.46,228.57,228.45,228.55,44783.0
13:54,228.45,228.49,228.43,228.44,18939.0
13:55,228.41,228.45,228.38,228.45,23905.0
13:56,228.6,228.6,228.41,228.41,40671.0
13:57,228.73,228.73,228.58,228.6,66711.0
13:58,228.75,228.78,228.68,228.73,68325.0
13:59,228.73,228.82,228.69,228.74,55485.0
14:00,228.78,228.8,228.73,228.73,35574.0
14:01,228.87,228.9,228.72,228.77,55348.0
14:02,228.83,228.92,228.82,228.87,43600.0
14:03,228.78,228.85,228.78,228.84,36894.0
14:04,228.72,228.78,228.71,228.78,26059.0
14:05,228.69,228.79,228.68,228.71,44582.0
14:06,228.64,228.75,228.63,228.68,37313.0
14:07,228.63,228.66,228.6,228.63,37692.0
14:08,228.6,228.67,228.51,228.62,44281.0
14:09,228.9,228.96,228.59,228.59,74511.0
14:10,228.81,228.91,228.75,228.88,49155.0
14:11,228.74,228.86,228.72,228.79,26592.0
14:12,228.64,228.74,228.64,228.74,31615.0
14:13,228.6,228.63,228.57,228.62,53802.0
14:14,228.73,228.73,228.59,228.61,35515.0
14:15,228.71,228.73,228.65,228.7,33979.0
14:16,228.76,228.78,228.63,228.7,39835.0
14:17,228.9,228.93,228.76,228.76,63922.0
14:18,228.86,228.93,228.82,228.91,62550.0
14:19,228.65,228.86,228.65,228.85,62674.0
14:20,228.39,228.72,228.31,228.64,82130.0
14:21,228.21,228.36,228.12,228.36,73473.0
14:22,228.0,228.31,228.0,228.18,125790.0
14:23,228.06,228.13,227.9,228.0,67802.0
14:24,228.07,228.19,228.0,228.04,45603.0
14:25,228.24,228.3,228.03,228.06,38598.0
14:26,228.4,228.42,228.23,228.23,56487.0
14:27,228.52,228.55,228.37,228.41,53733.0
14:28,228.48,228.55,228.44,228.54,36099.0
14:29,228.31,228.48,228.29,228.48,38066.0
14:30,228.46,228.48,228.18,228.31,44198.0
14:31,228.52,228.6,228.45,228.46,32054.0
14:32,228.62,228.63,228.51,228.53,30185.0
14:33,228.72,228.74,228.62,228.63,37176.0
14:34,228.84,228.84,228.72,228.72,38470.0
14:35,229.08,229.1,228.85,228.85,96814.0
14:36,229.28,229.28,229.11,229.11,77299.0
14:37,229.4,229.43,229.28,229.28,109105.0
14:38,229.21,229.45,229.18,229.4,107178.0
14:39,229.17,229.29,229.15,229.21,46513.0
14:40,229.24,229.25,229.13,229.17,35795.0
14:41,229.11,229.23,229.11,229.23,35199.0
14:42,229.16,229.24,229.08,229.1,40258.0
14:43,229.16,229.24,229.15,229.21,31155.0
14:44,229.22,229.25,229.12,229.18,22166.0
14:45,229.21,229.28,229.17,229.22,43059.0
14:46,229.19,229.22,229.13,229.2,31662.0
14:47,229.22,229.29,229.18,229.18,23817.0
14:48,229.34,229.36,229.21,229.22,39652.0
14:49,229.29,229.33,229.22,229.33,28118.0
14:50,229.28,229.35,229.26,229.3,35224.0
14:51,229.31,229.38,229.27,229.29,37616.0
14:52,229.27,229.4,229.23,229.32,41584.0
14:53,229.25,229.31,229.22,229.28,21208.0
14:54,229.21,229.32,229.18,229.23,44158.0
14:55,229.25,229.28,229.2,229.21,31459.0
14:56,229.17,229.29,229.14,229.27,53920.0
14:57,229.13,229.21,229.06,229.17,45508.0
14:58,229.06,229.14,229.05,229.12,27104.0
14:59,229.14,229.15,229.03,229.05,26604.0
15:00,228.89,229.14,228.88,229.13,62253.0
15:01,228.82,228.92,228.78,228.88,79476.0
15:02,228.93,228.94,228.78,228.82,47172.0
15:03,229.0,229.02,228.9,228.94,40071.0
15:04,228.85,228.99,228.84,228.99,48835.0
15:05,228.82,228.83,228.71,228.83,40400.0
15:06,228.67,228.82,228.66,228.82,48964.0
15:07,228.69,228.7,228.53,228.66,52384.0
15:08,228.71,228.72,228.61,228.7,37034.0
15:09,228.79,228.79,228.69,228.74,22274.0
15:10,228.82,228.83,228.69,228.79,33056.0
15:11,228.9,228.91,228.73,228.81,31561.0
15:12,228.89,228.91,228.8,228.9,28011.0
15:13,228.99,228.99,228.89,228.9,37298.0
15:14,228.91,229.0,228.9,228.99,32361.0
15:15,228.9,228.95,228.89,228.91,28074.0
15:16,228.87,228.89,228.82,228.89,43719.0
15:17,228.76,228.91,228.76,228.88,36374.0
15:18,228.83,228.83,228.72,228.76,39433.0
15:19,228.92,228.93,228.78,228.83,36748.0
15:20,228.79,228.98,228.79,228.94,35662.0
15:21,228.98,229.0,228.77,228.78,75420.0
15:22,229.05,229.06,228.97,228.99,35697.0
15:23,228.95,229.07,228.92,229.05,62349.0
15:24,228.86,228.97,228.83,228.95,36924.0
15:25,228.93,228.96,228.84,228.86,48562.0
15:26,228.86,228.94,228.83,228.93,29881.0
15:27,228.85,228.89,228.84,228.86,28881.0
15:28,228.84,228.9,228.84,228.86,44821.0
15:29,228.71,228.84,228.7,228.84,53673.0
15:30,228.84,228.89,228.71,228.71,42893.0
15:31,228.71,228.85,228.68,228.85,48006.0
15:32,228.77,228.77,228.66,228.72,69360.0
15:33,228.83,228.88,228.76,228.77,57339.0
15:34,228.74,228.85,228.72,228.83,56961.0
15:35,228.66,228.77,228.65,228.75,43180.0
15:36,228.68,228.68,228.57,228.66,57192.0
15:37,228.64,228.69,228.63,228.68,39717.0
15:38,228.7,228.74,228.62,228.64,39193.0
15:39,228.74,228.78,228.64,228.71,40933.0
15:40,228.66,228.73,228.63,228.73,43297.0
15:41,228.6,228.68,228.6,228.66,35930.0
15:42,228.6,228.62,228.55,228.61,59946.0
15:43,228.57,228.66,228.56,228.6,47561.0
15:44,228.61,228.63,228.54,228.57,56828.0
15:45,228.61,228.65,228.54,228.6,75831.0
15:46,228.77,228.78,228.6,228.61,50057.0
15:47,228.8,228.85,228.77,228.77,57542.0
15:48,228.85,228.88,228.79,228.8,75796.0
15:49,228.7,228.88,228.69,228.84,66126.0
15:50,229.02,229.03,228.7,228.71,118398.0
15:51,228.97,229.04,228.95,229.03,79922.0
15:52,229.1,229.15,228.97,228.97,106837.0
15:53,229.12,229.15,229.02,229.13,90369.0
15:54,228.99,229.26,228.0,229.13,194908.0
15:55,229.08,229.14,228.92,229.08,126942.0
15:56,228.93,229.12,228.86,229.09,139441.0
15:57,229.0,229.01,228.93,228.93,121974.0
15:58,228.97,229.0,228.91,229.0,215493.0
15:59,229.1,229.17,228.91,228.98,463237.0
