Time,Close,High,Low,Open,Volume
09:30,241.58,243.17,241.39,242.9,1358147.0
09:31,241.58,243.17,241.39,242.9,1358147.0
09:32,241.58,243.17,241.39,242.9,1358147.0
09:33,241.58,243.17,241.39,242.9,1358147.0
09:34,241.58,243.17,241.39,242.9,1358147.0
09:35,241.58,243.17,241.39,242.9,1358147.0
09:36,241.58,243.17,241.39,242.9,1358147.0
09:37,241.58,243.17,241.39,242.9,1358147.0
09:38,241.58,243.17,241.39,242.9,1358147.0
09:39,241.58,243.17,241.39,242.9,1358147.0
09:40,241.58,243.17,241.39,242.9,1358147.0
09:41,241.58,243.17,241.39,242.9,1358147.0
09:42,241.58,243.17,241.39,242.9,1358147.0
09:43,241.58,243.17,241.39,242.9,1358147.0
09:44,241.58,243.17,241.39,242.9,1358147.0
09:45,241.58,243.17,241.39,242.9,1358147.0
09:46,241.58,243.17,241.39,242.9,1358147.0
09:47,241.58,243.17,241.39,242.9,1358147.0
09:48,241.58,243.17,241.39,242.9,1358147.0
09:49,241.58,243.17,241.39,242.9,1358147.0
09:50,241.58,243.17,241.39,242.9,1358147.0
09:51,241.58,243.17,241.39,242.9,1358147.0
09:52,241.58,243.17,241.39,242.9,1358147.0
09:53,241.58,243.17,241.39,242.9,1358147.0
09:54,241.58,243.17,241.39,242.9,1358147.0
09:55,241.58,243.17,241.39,242.9,1358147.0
09:56,241.58,243.17,241.39,242.9,1358147.0
09:57,241.58,243.17,241.39,242.9,1358147.0
09:58,241.58,243.17,241.39,242.9,1358147.0
09:59,241.58,243.17,241.39,242.9,1358147.0
10:00,241.58,243.17,241.39,242.9,1358147.0
10:01,241.58,243.17,241.39,242.9,1358147.0
10:02,241.58,243.17,241.39,242.9,1358147.0
10:03,241.58,243.17,241.39,242.9,1358147.0
10:04,241.58,243.17,241.39,242.9,1358147.0
10:05,241.58,243.17,241.39,242.9,1358147.0
10:06,241.58,243.17,241.39,242.9,1358147.0
10:07,241.58,243.17,241.39,242.9,1358147.0
10:08,241.58,243.17,241.39,242.9,1358147.0
10:09,241.58,243.17,241.39,242.9,1358147.0
10:10,241.58,243.17,241.39,242.9,1358147.0
10:11,241.58,243.17,241.39,242.9,1358147.0
10:12,241.58,243.17,241.39,242.9,1358147.0
10:13,241.58,243.17,241.39,242.9,1358147.0
10:14,241.58,243.17,241.39,242.9,1358147.0
10:15,241.58,243.17,241.39,242.9,1358147.0
10:16,241.58,243.17,241.39,242.9,1358147.0
10:17,241.58,243.17,241.39,242.9,1358147.0
10:18,241.58,243.17,241.39,242.9,1358147.0
10:19,241.58,243.17,241.39,242.9,1358147.0
10:20,241.58,243.17,241.39,242.9,1358147.0
10:21,241.58,243.17,241.39,242.9,1358147.0
10:22,241.58,243.17,241.39,242.9,1358147.0
10:23,241.58,243.17,241.39,242.9,1358147.0
10:24,241.58,243.17,241.39,242.9,1358147.0
10:25,241.58,243.17,241.39,242.9,1358147.0
10:26,241.58,243.17,241.39,242.9,1358147.0
10:27,241.58,243.17,241.39,242.9,1358147.0
10:28,241.58,243.17,241.39,242.9,1358147.0
10:29,241.58,243.17,241.39,242.9,1358147.0
10:30,241.58,243.17,241.39,242.9,1358147.0
10:31,241.36,241.85,241.21,241.54,120562.0
10:32,241.55,241.74,240.95,241.55,154238.0
10:33,241.29,241.62,241.07,241.55,68024.0
10:34,241.32,241.59,241.21,241.29,81202.0
10:35,241.16,241.39,240.77,241.36,107728.0
10:36,240.61,241.45,240.53,241.16,145244.0
10:37,239.93,240.62,239.75,240.6,366604.0
10:38,239.97,240.34,239.76,239.92,193862.0
10:39,239.99,240.22,239.77,239.99,141918.0
10:40,240.21,240.29,239.86,239.97,182597.0
10:41,239.61,240.25,239.3,240.15,221088.0
10:42,239.71,240.05,239.5,239.59,228097.0
10:43,240.12,240.58,239.74,239.74,131959.0
10:44,240.14,240.28,239.88,240.11,93120.0
10:45,240.23,240.47,239.99,240.12,96656.0
10:46,240.18,240.49,240.07,240.24,123211.0
10:47,240.0,240.34,239.99,240.23,51443.0
10:48,240.67,240.67,239.93,240.0,70684.0
10:49,239.69,240.88,239.66,240.7,166117.0
10:50,239.66,239.87,239.57,239.65,99845.0
10:51,239.7,239.88,239.33,239.67,107858.0
10:52,239.93,240.0,239.58,239.7,88829.0
10:53,239.87,240.01,239.78,239.92,165313.0
10:54,239.98,239.99,239.76,239.83,63706.0
10:55,239.66,240.2,239.65,239.98,70045.0
10:56,240.09,240.13,239.61,239.64,63928.0
10:57,240.51,240.6,240.0,240.08,61602.0
10:58,240.9,240.92,240.49,240.51,1560724.0
10:59,240.73,240.92,240.59,240.9,56066.0
11:00,240.24,240.86,240.21,240.68,84959.0
11:01,240.21,240.33,239.96,240.24,54545.0
11:02,240.28,240.45,240.08,240.2,60920.0
11:03,240.17,240.34,240.08,240.25,56207.0
11:04,240.02,240.22,239.95,240.15,70782.0
11:05,240.02,240.38,239.76,240.04,79000.0
11:06,239.44,239.99,239.28,239.99,82547.0
11:07,239.49,239.64,239.21,239.46,99575.0
11:08,239.72,239.73,239.15,239.52,109736.0
11:09,240.03,240.08,239.54,239.69,84330.0
11:10,240.26,240.36,239.93,240.04,70946.0
11:11,240.53,240.67,240.24,240.28,77532.0
11:12,240.55,240.69,240.39,240.57,60033.0
11:13,240.8,240.86,240.43,240.56,62565.0
11:14,240.95,240.98,240.66,240.78,43749.0
11:15,240.96,241.05,240.74,240.94,68388.0
11:16,240.78,241.03,240.7,240.96,45342.0
11:17,240.75,240.79,240.55,240.77,45097.0
11:18,240.68,240.85,240.58,240.76,48963.0
11:19,240.72,240.9,240.37,240.65,54540.0
11:20,240.72,240.89,240.68,240.73,72895.0
11:21,240.71,241.1,240.57,240.73,54174.0
11:22,241.1,241.14,240.58,240.76,58040.0
11:23,240.61,241.12,240.5,241.1,107035.0
11:24,240.57,240.91,240.52,240.62,68713.0
11:25,240.78,240.79,240.43,240.54,75245.0
11:26,240.97,241.24,240.77,240.79,64270.0
11:27,241.2,241.3,240.9,240.97,75328.0
11:28,241.01,241.24,240.7,241.2,83105.0
11:29,240.95,241.15,240.83,240.99,50827.0
11:30,241.14,241.19,240.9,240.97,39116.0
11:31,241.08,241.18,240.82,241.08,60922.0
11:32,240.89,241.15,240.76,241.01,61461.0
11:33,240.62,241.16,240.59,240.85,77405.0
11:34,240.49,240.78,240.48,240.61,50304.0
11:35,240.64,240.8,240.4,240.49,47277.0
11:36,240.97,241.04,240.69,240.69,83090.0
11:37,240.79,241.21,240.7,240.99,54754.0
11:38,240.84,240.87,240.7,240.79,31952.0
11:39,240.68,240.89,240.65,240.83,45327.0
11:40,240.91,240.94,240.55,240.66,57412.0
11:41,240.64,240.98,240.6,240.9,54586.0
11:42,240.72,240.74,240.5,240.64,44231.0
11:43,240.9,240.96,240.72,240.74,44392.0
11:44,240.79,240.92,240.69,240.89,41134.0
11:45,240.66,240.85,240.6,240.83,50445.0
11:46,240.57,240.66,240.42,240.66,43378.0
11:47,240.86,241.02,240.6,240.63,61482.0
11:48,240.65,240.84,240.63,240.84,46482.0
11:49,240.61,240.75,240.55,240.65,46026.0
11:50,240.65,240.7,240.51,240.61,47574.0
11:51,239.9,240.66,239.78,240.65,154130.0
11:52,240.09,240.17,239.9,239.92,74294.0
11:53,240.08,240.17,239.93,240.07,44193.0
11:54,240.33,240.41,240.05,240.06,80674.0
11:55,240.31,240.44,240.12,240.32,39100.0
11:56,240.32,240.39,240.25,240.32,38725.0
11:57,240.17,240.33,239.98,240.33,57267.0
11:58,239.89,240.15,239.89,240.15,38477.0
11:59,239.8,239.92,239.8,239.85,54488.0
12:00,240.13,240.22,239.75,239.8,59649.0
12:01,240.11,240.24,240.08,240.14,34955.0
12:02,240.01,240.15,240.0,240.1,63436.0
12:03,240.15,240.17,240.03,240.03,42390.0
12:04,240.18,240.22,239.98,240.16,66208.0
12:05,240.14,240.22,239.95,240.16,32392.0
12:06,239.74,240.14,239.74,240.14,46278.0
12:07,239.74,239.82,239.63,239.76,80609.0
12:08,239.61,239.77,239.54,239.72,60279.0
12:09,239.58,239.63,239.52,239.6,64705.0
12:10,239.63,239.69,239.42,239.58,92458.0
12:11,239.51,239.62,239.44,239.62,41299.0
12:12,239.48,239.59,239.42,239.52,54686.0
12:13,239.58,239.7,239.43,239.49,77794.0
12:14,239.38,239.6,239.33,239.6,73369.0
12:15,239.3,239.45,239.23,239.37,54558.0
12:16,239.23,239.36,239.22,239.29,41547.0
12:17,239.44,239.59,239.23,239.26,133518.0
12:18,239.85,239.9,239.42,239.45,57150.0
12:19,239.82,239.92,239.7,239.84,50611.0
12:20,239.78,239.89,239.7,239.81,69385.0
12:21,239.92,239.93,239.59,239.72,44993.0
12:22,239.86,239.99,239.78,239.93,44669.0
12:23,239.95,240.09,239.82,239.88,48469.0
12:24,239.88,240.04,239.79,239.98,38073.0
12:25,240.02,240.06,239.83,239.84,45741.0
12:26,239.99,240.1,239.9,240.01,44230.0
12:27,240.01,240.01,239.84,239.97,33671.0
12:28,240.01,240.1,239.93,240.0,29221.0
12:29,240.01,240.08,239.93,240.0,32575.0
12:30,240.0,240.14,239.97,240.0,35406.0
12:31,240.04,240.09,239.92,239.97,27867.0
12:32,239.7,240.08,239.7,240.01,28235.0
12:33,239.75,239.9,239.7,239.7,22725.0
12:34,240.07,240.13,239.78,239.8,24327.0
12:35,239.77,240.06,239.72,240.05,48693.0
12:36,239.73,239.9,239.69,239.76,27183.0
12:37,239.84,239.85,239.65,239.67,20978.0
12:38,239.6,239.92,239.6,239.82,30573.0
12:39,239.57,239.65,239.49,239.59,39445.0
12:40,239.45,239.49,239.38,239.48,61310.0
12:41,239.12,239.42,239.03,239.42,52603.0
12:42,239.43,239.47,239.13,239.13,47262.0
12:43,239.46,239.54,239.34,239.42,54824.0
12:44,239.52,239.71,239.46,239.46,40697.0
12:45,239.64,239.7,239.51,239.54,29369.0
12:46,239.29,239.69,239.28,239.65,34496.0
12:47,239.48,239.59,239.27,239.3,36333.0
12:48,239.48,239.53,239.43,239.5,23413.0
12:49,239.49,239.55,239.36,239.48,18488.0
12:50,239.65,239.67,239.48,239.53,24577.0
12:51,239.8,239.9,239.62,239.63,43758.0
12:52,239.8,239.89,239.73,239.81,32167.0
12:53,239.68,239.88,239.68,239.82,20547.0
12:54,239.55,239.68,239.47,239.68,30171.0
12:55,239.32,239.62,239.32,239.57,28385.0
12:56,239.15,239.34,239.13,239.26,48860.0
12:57,238.79,239.23,238.73,239.17,103254.0
12:58,238.97,238.97,238.79,238.79,45662.0
12:59,238.89,239.05,238.89,238.94,43132.0
13:00,238.93,238.96,238.69,238.89,53051.0
13:01,238.71,239.09,238.63,238.96,91316.0
13:02,238.99,238.99,238.7,238.72,38932.0
13:03,238.68,238.95,238.67,238.95,30259.0
13:04,238.76,238.8,238.62,238.67,59718.0
13:05,238.93,238.97,238.79,238.79,32492.0
13:06,238.68,238.92,238.63,238.87,31042.0
13:07,238.54,238.69,238.52,238.69,32415.0
13:08,238.55,238.62,238.49,238.56,47375.0
13:09,238.79,238.82,238.5,238.55,25395.0
13:10,238.9,238.9,238.68,238.75,56835.0
13:11,239.06,239.07,238.87,238.89,47064.0
13:12,239.03,239.08,238.96,239.07,25759.0
13:13,239.22,239.25,239.02,239.06,49531.0
13:14,239.32,239.44,239.18,239.18,50776.0
13:15,239.41,239.47,239.28,239.3,43856.0
13:16,239.64,239.65,239.36,239.4,48777.0
13:17,239.53,239.77,239.51,239.61,43435.0
13:18,239.49,239.53,239.39,239.52,24639.0
13:19,239.49,239.49,239.3,239.48,22208.0
13:20,239.65,239.65,239.39,239.49,60029.0
13:21,239.68,239.83,239.6,239.66,47801.0
13:22,239.87,239.88,239.62,239.72,20375.0
13:23,239.9,239.96,239.82,239.84,46020.0
13:24,239.84,239.92,239.79,239.89,34422.0
13:25,239.87,239.98,239.84,239.86,39643.0
13:26,239.88,240.0,239.86,239.87,30450.0
13:27,239.79,240.0,239.79,239.9,33554.0
13:28,239.7,239.83,239.63,239.81,53653.0
13:29,239.76,239.85,239.71,239.73,20450.0
13:30,239.77,239.85,239.69,239.74,39931.0
13:31,239.98,240.02,239.79,239.79,63091.0
13:32,240.12,240.19,239.97,239.98,67559.0
13:33,240.17,240.19,239.99,240.08,73632.0
13:34,240.15,240.27,240.13,240.18,36648.0
13:35,240.09,240.15,239.87,240.14,30345.0
13:36,239.92,240.19,239.88,240.14,21950.0
13:37,240.02,240.02,239.89,239.94,19672.0
13:38,239.83,240.05,239.74,240.01,26764.0
13:39,239.86,239.94,239.8,239.84,24731.0
13:40,239.78,239.91,239.75,239.84,22912.0
13:41,239.79,239.82,239.6,239.78,31762.0
13:42,239.79,239.85,239.66,239.77,29777.0
13:43,239.61,239.89,239.61,239.78,28646.0
13:44,239.62,239.71,239.57,239.61,22720.0
13:45,239.65,239.76,239.57,239.66,19141.0
13:46,239.77,239.8,239.65,239.65,18042.0
13:47,239.81,239.87,239.73,239.79,19185.0
13:48,239.41,239.82,239.4,239.82,48111.0
13:49,239.54,239.54,239.38,239.42,24168.0
13:50,239.36,239.52,239.3,239.52,26172.0
13:51,239.7,239.76,239.36,239.37,19358.0
13:52,239.57,239.71,239.5,239.71,16534.0
13:53,239.58,239.65,239.43,239.53,17595.0
13:54,239.76,239.76,239.49,239.58,26838.0
13:55,239.93,239.95,239.73,239.78,28006.0
13:56,239.97,240.0,239.85,239.92,39094.0
13:57,239.92,240.08,239.92,239.99,28884.0
13:58,240.05,240.11,239.96,239.96,17099.0
13:59,240.12,240.26,239.99,240.0,55143.0
14:00,240.23,240.24,240.11,240.13,15655.0
14:01,240.24,240.32,240.16,240.25,20777.0
14:02,240.23,240.29,240.14,240.26,21990.0
14:03,240.22,240.36,240.17,240.23,20568.0
14:04,240.22,240.29,240.19,240.19,38162.0
14:05,240.0,240.22,239.93,240.22,22454.0
14:06,240.12,240.16,239.96,239.99,29877.0
14:07,240.29,240.3,240.13,240.14,26927.0
14:08,240.6,240.61,240.29,240.3,40288.0
14:09,240.6,240.7,240.5,240.57,39734.0
14:10,240.63,240.69,240.57,240.57,29562.0
14:11,240.63,240.7,240.6,240.62,39959.0
14:12,240.62,240.74,240.56,240.63,38038.0
14:13,240.53,240.62,240.44,240.57,51839.0
14:14,240.45,240.58,240.41,240.53,70601.0
14:15,240.39,240.51,240.36,240.47,47077.0
14:16,240.32,240.44,240.22,240.43,20970.0
14:17,240.22,240.34,240.17,240.29,22695.0
14:18,240.56,240.56,240.21,240.23,24241.0
14:19,240.36,240.51,240.29,240.5,86594.0
14:20,240.29,240.43,240.27,240.36,23212.0
14:21,240.43,240.46,240.3,240.31,18413.0
14:22,240.48,240.51,240.38,240.42,22915.0
14:23,240.56,240.59,240.45,240.46,30222.0
14:24,240.65,240.68,240.5,240.53,46012.0
14:25,240.7,240.83,240.66,240.67,35761.0
14:26,240.64,240.74,240.58,240.7,48983.0
14:27,240.51,240.64,240.47,240.64,29331.0
14:28,240.51,240.55,240.41,240.52,28712.0
14:29,240.55,240.55,240.36,240.48,38525.0
14:30,240.6,240.67,240.52,240.54,35180.0
14:31,240.73,240.73,240.61,240.62,23879.0
14:32,240.73,240.87,240.72,240.75,35168.0
14:33,240.81,240.83,240.7,240.71,35101.0
14:34,240.46,240.85,240.45,240.82,56753.0
14:35,240.38,240.52,240.33,240.46,41356.0
14:36,240.26,240.41,240.21,240.38,40232.0
14:37,240.4,240.48,240.26,240.28,25490.0
14:38,240.56,240.59,240.37,240.41,20996.0
14:39,240.77,240.87,240.56,240.57,32912.0
14:40,240.93,240.96,240.73,240.74,45914.0
14:41,240.91,241.0,240.81,240.92,39999.0
14:42,240.88,240.96,240.82,240.91,29762.0
14:43,240.81,240.91,240.79,240.89,40158.0
14:44,240.88,240.88,240.79,240.84,15915.0
14:45,241.0,241.04,240.89,240.89,40333.0
14:46,241.0,241.04,240.93,241.0,38458.0
14:47,240.88,241.05,240.84,241.0,43676.0
14:48,240.61,240.9,240.58,240.88,40496.0
14:49,240.55,240.65,240.46,240.63,47096.0
14:50,240.43,240.57,240.33,240.54,37663.0
14:51,240.48,240.49,240.37,240.42,32798.0
14:52,240.45,240.53,240.34,240.5,25213.0
14:53,240.39,240.45,240.35,240.43,23777.0
14:54,240.48,240.48,240.32,240.42,23260.0
14:55,240.76,240.82,240.48,240.49,25785.0
14:56,240.75,240.81,240.65,240.76,32860.0
14:57,240.74,240.77,240.67,240.75,17731.0
14:58,240.87,240.91,240.75,240.75,23722.0
14:59,240.74,240.93,240.73,240.91,18622.0
15:00,240.88,240.93,240.58,240.73,28445.0
15:01,241.08,241.12,240.85,240.86,60380.0
15:02,241.15,241.23,241.1,241.1,31233.0
15:03,241.12,241.18,241.1,241.16,28711.0
15:04,241.03,241.22,241.02,241.11,25608.0
15:05,240.96,241.04,240.91,241.03,23563.0
15:06,241.15,241.21,240.93,240.94,28496.0
15:07,241.1,241.16,241.04,241.14,21673.0
15:08,241.13,241.2,241.09,241.12,35882.0
15:09,241.2,241.23,241.04,241.15,30410.0
15:10,241.2,241.23,241.11,241.2,40196.0
15:11,241.28,241.29,241.18,241.19,38253.0
15:12,241.37,241.42,241.26,241.28,38895.0
15:13,241.38,241.49,241.34,241.39,51207.0
15:14,241.46,241.49,241.37,241.43,84555.0
15:15,241.51,241.55,241.38,241.48,39439.0
15:16,241.51,241.62,241.4,241.49,84912.0
15:17,241.46,241.54,241.4,241.51,47285.0
15:18,241.65,241.66,241.47,241.48,39864.0
15:19,241.37,241.66,241.34,241.66,48398.0
15:20,241.61,241.66,241.39,241.39,34474.0
15:21,241.53,241.61,241.45,241.61,34423.0
15:22,241.63,241.66,241.57,241.57,53417.0
15:23,241.49,241.65,241.46,241.64,33683.0
15:24,241.62,241.66,241.42,241.49,36673.0
15:25,241.51,241.6,241.47,241.6,31359.0
15:26,241.47,241.49,241.36,241.49,30982.0
15:27,241.4,241.5,241.33,241.43,1743596.0
15:28,241.41,241.46,241.36,241.4,26111.0
15:29,241.49,241.49,241.37,241.41,16418.0
15:30,241.76,241.8,241.49,241.49,74906.0
15:31,241.77,241.85,241.68,241.77,44463.0
15:32,241.91,241.93,241.72,241.78,43100.0
15:33,241.94,241.97,241.87,241.9,47211.0
15:34,242.04,242.1,241.89,241.96,80739.0
15:35,242.12,242.16,241.96,242.03,66620.0
15:36,242.25,242.37,242.1,242.12,366565.0
15:37,242.45,242.45,242.24,242.25,67486.0
15:38,242.53,242.59,242.42,242.45,82238.0
15:39,242.55,242.7,242.52,242.53,67579.0
15:40,242.89,242.9,242.58,242.58,77496.0
15:41,243.15,243.29,242.9,242.9,116282.0
15:42,242.96,243.3,242.82,243.15,318708.0
15:43,243.01,243.08,242.9,242.97,51604.0
15:44,243.12,243.24,243.0,243.01,45742.0
15:45,243.15,243.24,242.99,243.12,78029.0
15:46,242.98,243.23,242.97,243.14,65210.0
15:47,243.04,243.3,242.82,242.97,93246.0
15:48,243.03,243.08,242.85,243.01,51075.0
15:49,243.09,243.18,242.95,243.04,31016.0
15:50,243.28,243.41,243.06,243.11,72851.0
15:51,243.25,243.28,243.14,243.26,38657.0
15:52,243.11,243.27,243.0,243.24,35725.0
15:53,243.31,243.32,243.08,243.13,33873.0
15:54,243.36,243.36,243.25,243.32,32336.0
15:55,243.22,243.43,243.21,243.33,38721.0
15:56,243.49,243.55,243.2,243.22,54951.0
15:57,243.34,243.49,243.34,243.47,27368.0
15:58,243.35,243.42,243.26,243.36,38662.0
15:59,243.55,243.64,243.35,243.35,81431.0
16:00,243.3,243.56,243.1,243.55,90987.0
16:01,243.4,243.45,243.26,243.33,44912.0
16:02,243.39,243.51,243.33,243.42,27348.0
16:03,243.38,243.44,243.18,243.37,46963.0
16:04,243.28,243.51,243.25,243.36,43980.0
16:05,243.17,243.29,243.09,243.29,38417.0
16:06,243.12,243.24,243.06,243.2,52612.0
16:07,243.0,243.12,242.86,243.12,63203.0
16:08,243.34,243.34,242.97,243.04,42085.0
16:09,243.53,243.54,243.27,243.29,60939.0
16:10,243.58,243.7,243.46,243.54,54494.0
16:11,243.6,243.68,243.46,243.57,30144.0
16:12,243.73,243.78,243.64,243.65,56000.0
16:13,243.75,243.82,243.67,243.71,46714.0
16:14,243.71,243.75,243.6,243.74,38347.0
16:15,243.49,243.75,243.46,243.73,41766.0
16:16,243.45,243.62,243.45,243.53,30235.0
16:17,243.37,243.51,243.35,243.47,26183.0
16:18,243.21,243.38,243.13,243.38,53821.0
16:19,243.34,243.43,243.2,243.22,40020.0
16:20,243.18,243.4,243.15,243.35,33781.0
16:21,243.27,243.29,243.07,243.17,39849.0
16:22,243.29,243.36,243.21,243.27,28935.0
16:23,243.14,243.28,243.1,243.27,38423.0
16:24,243.09,243.19,243.08,243.13,30594.0
16:25,242.97,243.15,242.97,243.09,49831.0
16:26,242.97,243.06,242.89,242.98,63016.0
16:27,243.39,243.42,242.99,242.99,50214.0
16:28,243.52,243.52,243.35,243.39,50663.0
16:29,243.37,243.63,243.37,243.54,48799.0
16:30,243.63,243.72,243.38,243.41,44093.0
16:31,243.72,243.81,243.59,243.65,44022.0
16:32,243.86,243.87,243.66,243.72,65473.0
16:33,243.88,243.9,243.78,243.85,52307.0
16:34,243.94,244.01,243.85,243.88,64948.0
16:35,244.05,244.08,243.93,243.96,56461.0
16:36,243.95,244.07,243.89,244.05,47884.0
16:37,244.11,244.15,243.93,243.96,60341.0
16:38,244.3,244.33,244.1,244.12,84806.0
16:39,244.51,244.58,244.29,244.3,139408.0
16:40,244.4,244.58,244.4,244.5,79388.0
16:41,244.32,244.45,244.3,244.41,58698.0
16:42,244.4,244.4,244.18,244.32,88164.0
16:43,244.62,244.62,244.28,244.43,78800.0
16:44,244.78,244.88,244.62,244.62,88758.0
16:45,244.71,244.8,244.58,244.77,100727.0
16:46,244.68,244.87,244.66,244.7,110233.0
16:47,244.65,244.78,244.61,244.67,64596.0
16:48,244.63,244.75,244.59,244.64,71103.0
16:49,244.4,244.68,244.38,244.62,92251.0
16:50,244.76,244.82,244.41,244.41,98038.0
16:51,244.8,244.85,244.6,244.79,64340.0
16:52,244.79,244.9,244.74,244.79,108639.0
16:53,244.46,244.85,244.46,244.81,116050.0
16:54,244.27,244.63,244.25,244.47,126784.0
16:55,244.47,244.58,244.0,244.27,154721.0
16:56,244.38,244.51,244.27,244.46,126401.0
16:57,244.49,244.49,244.26,244.39,135987.0
16:58,244.59,244.61,244.4,244.47,185884.0
16:59,244.41,244.6,244.4,244.57,473013.0
