Time,Close,High,Low,Open,Volume
09:30,220.84,221.01,220.17,220.88,1469465.0
09:31,221.05,221.07,220.69,220.82,211996.0
09:32,221.08,221.45,220.9,221.04,138963.0
09:33,220.98,221.1,220.71,221.09,136804.0
09:34,221.43,221.54,220.95,220.95,168290.0
09:35,222.09,222.1,221.43,221.43,294419.0
09:36,222.6,222.6,222.02,222.07,277508.0
09:37,222.76,222.89,222.57,222.6,338620.0
09:38,222.23,222.76,222.2,222.75,232487.0
09:39,221.87,222.26,221.84,222.24,166737.0
09:40,222.14,222.16,221.79,221.87,122809.0
09:41,221.84,222.16,221.76,222.14,152497.0
09:42,221.21,221.82,221.12,221.82,142631.0
09:43,221.27,221.53,221.06,221.21,162448.0
09:44,221.34,221.4,221.16,221.21,143989.0
09:45,220.98,221.36,220.95,221.34,206839.0
09:46,221.09,221.2,220.97,220.98,103453.0
09:47,221.14,221.31,221.08,221.09,81389.0
09:48,220.96,221.18,220.96,221.13,107293.0
09:49,220.97,221.05,220.79,220.98,153802.0
09:50,221.08,221.1,220.84,220.94,98854.0
09:51,221.12,221.13,220.95,221.07,85565.0
09:52,221.39,221.41,221.12,221.13,156281.0
09:53,221.32,221.46,221.29,221.38,87921.0
09:54,221.01,221.36,220.99,221.32,116541.0
09:55,221.09,221.19,220.95,221.01,117804.0
09:56,220.95,221.16,220.94,221.1,145334.0
09:57,220.74,220.96,220.74,220.93,116306.0
09:58,220.93,220.93,220.74,220.74,86648.0
09:59,221.06,221.11,220.88,220.95,105435.0
10:00,221.13,221.15,220.97,221.08,174835.0
10:01,221.24,221.27,221.07,221.13,124825.0
10:02,221.21,221.46,221.21,221.26,113340.0
10:03,220.98,221.23,220.93,221.23,97806.0
10:04,220.8,221.01,220.67,220.98,100098.0
10:05,220.94,221.02,220.77,220.82,93067.0
10:06,221.33,221.36,220.93,220.94,97871.0
10:07,221.15,221.32,221.14,221.32,43932.0
10:08,221.32,221.34,221.2,221.2,80913.0
10:09,221.38,221.43,221.26,221.32,69789.0
10:10,221.61,221.65,221.42,221.42,85171.0
10:11,221.52,221.72,221.52,221.61,115850.0
10:12,221.54,221.76,221.51,221.52,57106.0
10:13,221.4,221.54,221.34,221.53,62400.0
10:14,221.54,221.55,221.36,221.41,54645.0
10:15,221.68,221.75,221.5,221.54,46019.0
10:16,221.82,221.95,221.7,221.7,78852.0
10:17,221.63,221.83,221.62,221.82,75792.0
10:18,221.72,221.74,221.62,221.63,61768.0
10:19,221.74,221.77,221.66,221.73,50532.0
10:20,221.76,221.77,221.62,221.74,42901.0
10:21,221.65,221.79,221.65,221.77,40344.0
10:22,221.57,221.66,221.55,221.63,68190.0
10:23,221.6,221.65,221.53,221.56,53681.0
10:24,221.6,221.75,221.55,221.6,65313.0
10:25,221.54,221.71,221.5,221.6,56569.0
10:26,221.37,221.56,221.35,221.53,51567.0
10:27,221.32,221.39,221.23,221.36,61252.0
10:28,221.35,221.35,221.27,221.33,35670.0
10:29,221.47,221.47,221.33,221.35,65497.0
10:30,221.66,221.7,221.47,221.47,92528.0
10:31,221.73,221.74,221.61,221.65,86695.0
10:32,221.81,221.92,221.71,221.72,69961.0
10:33,221.8,221.82,221.76,221.81,99076.0
10:34,221.91,221.97,221.89,221.9,40858.0
10:35,221.88,221.91,221.76,221.91,180176.0
10:36,221.71,221.77,221.7,221.76,14271.0
10:37,221.9,221.95,221.71,221.73,58046.0
10:38,222.08,222.2,222.06,222.11,218327.0
10:39,222.13,222.18,222.04,222.07,91548.0
10:40,222.05,222.12,222.05,222.12,82335.0
10:41,222.16,222.18,222.07,222.11,76469.0
10:42,222.12,222.22,222.08,222.16,90908.0
10:43,222.06,222.2,222.04,222.12,95565.0
10:44,222.35,222.36,222.05,222.06,130268.0
10:45,222.12,222.36,222.12,222.36,156916.0
10:46,221.93,221.93,221.73,221.74,39693.0
10:47,222.09,222.09,221.93,221.94,59321.0
10:48,221.9,222.1,221.89,222.1,64968.0
10:49,221.76,221.92,221.68,221.91,61740.0
10:50,221.84,221.85,221.69,221.77,49475.0
10:51,221.82,221.85,221.73,221.85,52546.0
10:52,221.86,221.93,221.82,221.82,39506.0
10:53,221.99,222.04,221.86,221.86,79623.0
10:54,222.14,222.17,221.96,221.99,101197.0
10:55,222.18,222.18,222.09,222.11,35345.0
10:56,222.13,222.18,222.01,222.16,70574.0
10:57,222.15,222.28,222.13,222.14,70373.0
10:58,222.06,222.25,222.0,222.17,95340.0
10:59,221.86,222.05,221.85,222.05,49741.0
11:00,221.88,221.91,221.79,221.87,59997.0
11:01,221.94,221.99,221.85,221.86,46092.0
11:02,221.86,221.98,221.69,221.97,84893.0
11:03,221.78,221.9,221.76,221.87,35447.0
11:04,221.55,221.79,221.54,221.78,69929.0
11:05,221.43,221.58,221.38,221.58,109880.0
11:06,221.23,221.45,221.15,221.45,91486.0
11:07,221.24,221.26,221.0,221.07,138418.0
11:08,221.15,221.23,220.98,221.23,93419.0
11:09,221.06,221.13,220.97,221.12,78938.0
11:10,220.93,221.11,220.87,221.05,127242.0
11:11,220.96,221.0,220.82,220.92,143919.0
11:12,221.0,221.04,220.8,220.99,98567.0
11:13,221.27,221.27,220.95,221.0,78644.0
11:14,221.28,221.33,221.17,221.23,55371.0
11:15,221.01,221.33,220.99,221.26,61039.0
11:16,221.18,221.19,221.0,221.03,265068.0
11:17,221.0,221.16,220.99,221.16,67370.0
11:18,221.0,221.02,220.85,220.99,71809.0
11:19,220.97,221.08,220.91,221.01,60698.0
11:20,221.16,221.23,220.91,221.0,87529.0
11:21,221.31,221.33,221.12,221.15,72485.0
11:22,221.38,221.41,221.19,221.25,99750.0
11:23,221.45,221.48,221.26,221.36,127015.0
11:24,221.2,221.46,221.2,221.46,68796.0
11:25,221.28,221.34,221.18,221.21,37895.0
11:26,221.11,221.35,221.08,221.29,71113.0
11:27,221.16,221.27,221.08,221.12,39768.0
11:28,221.21,221.22,221.13,221.18,41523.0
11:29,221.25,221.25,221.12,221.21,57230.0
11:30,221.05,221.24,221.03,221.23,52384.0
11:31,221.08,221.2,220.98,221.06,67226.0
11:32,221.18,221.19,221.04,221.07,37838.0
11:33,221.24,221.28,221.12,221.22,49051.0
11:34,221.34,221.35,221.18,221.26,40774.0
11:35,221.15,221.37,221.13,221.35,56753.0
11:36,221.12,221.19,221.05,221.17,46009.0
11:37,221.11,221.2,221.07,221.13,72107.0
11:38,221.09,221.13,221.05,221.12,71196.0
11:39,221.04,221.11,220.93,221.1,100569.0
11:40,221.05,221.05,220.94,221.03,82609.0
11:41,221.11,221.13,220.99,221.06,80419.0
11:42,221.21,221.25,221.04,221.1,50587.0
11:43,221.27,221.28,221.12,221.2,34441.0
11:44,221.14,221.26,221.12,221.26,94711.0
11:45,221.18,221.21,221.12,221.15,44196.0
11:46,221.05,221.19,221.04,221.18,37976.0
11:47,220.85,221.09,220.83,221.05,79527.0
11:48,220.96,220.99,220.8,220.85,57763.0
11:49,220.91,221.02,220.84,220.96,78622.0
11:50,220.86,221.02,220.83,220.9,58710.0
11:51,220.86,220.89,220.8,220.88,69943.0
11:52,220.68,220.87,220.57,220.84,130163.0
11:53,220.66,220.81,220.62,220.67,58593.0
11:54,220.54,220.69,220.53,220.66,123708.0
11:55,220.49,220.56,220.47,220.55,83149.0
11:56,220.64,220.64,220.48,220.48,73321.0
11:57,220.59,220.64,220.4,220.64,55930.0
11:58,220.6,220.62,220.51,220.6,48966.0
11:59,220.69,220.72,220.62,220.62,42354.0
12:00,220.84,220.84,220.68,220.7,53095.0
12:01,221.0,221.02,220.82,220.9,59912.0
12:02,220.83,221.05,220.81,220.99,59359.0
12:03,221.01,221.03,220.86,220.86,45674.0
12:04,221.03,221.12,221.0,221.0,50382.0
12:05,221.02,221.12,221.01,221.03,54810.0
12:06,220.65,221.03,220.64,221.02,82202.0
12:07,220.7,220.7,220.58,220.65,49319.0
12:08,220.62,220.71,220.61,220.68,56535.0
12:09,220.73,220.76,220.62,220.62,25196.0
12:10,220.64,220.76,220.58,220.74,38594.0
12:11,220.55,220.67,220.53,220.65,38960.0
12:12,220.68,220.68,220.52,220.56,24493.0
12:13,220.64,220.69,220.62,220.69,31043.0
12:14,220.68,220.68,220.59,220.63,25888.0
12:15,220.76,220.78,220.63,220.68,25828.0
12:16,220.7,220.75,220.64,220.75,47644.0
12:17,220.7,220.74,220.64,220.69,27911.0
12:18,220.65,220.74,220.65,220.7,20546.0
12:19,220.54,220.66,220.5,220.66,42142.0
12:20,220.61,220.67,220.55,220.55,21687.0
12:21,220.8,220.81,220.61,220.61,38601.0
12:22,220.57,220.81,220.57,220.79,25044.0
12:23,220.68,220.7,220.57,220.57,24654.0
12:24,220.72,220.79,220.67,220.67,26048.0
12:25,220.87,220.88,220.71,220.72,44249.0
12:26,221.01,221.04,220.85,220.87,63128.0
12:27,221.06,221.13,221.0,221.01,71608.0
12:28,221.06,221.1,221.01,221.05,39042.0
12:29,221.07,221.09,220.93,221.08,55957.0
12:30,221.21,221.23,221.08,221.08,67418.0
12:31,221.2,221.26,221.15,221.21,57602.0
12:32,221.19,221.24,221.17,221.2,55699.0
12:33,221.38,221.38,221.18,221.18,50449.0
12:34,221.4,221.42,221.36,221.38,56434.0
12:35,221.38,221.44,221.37,221.41,50034.0
12:36,221.36,221.42,221.35,221.38,49711.0
12:37,221.49,221.5,221.37,221.37,34266.0
12:38,221.42,221.52,221.38,221.5,44535.0
12:39,221.38,221.47,221.38,221.43,32941.0
12:40,221.32,221.42,221.31,221.34,39637.0
12:41,221.2,221.32,221.17,221.31,36879.0
12:42,220.98,221.21,220.98,221.2,47548.0
12:43,221.0,221.03,220.94,220.97,41165.0
12:44,221.03,221.07,220.97,221.0,68533.0
12:45,220.98,221.1,220.98,221.02,37378.0
12:46,220.94,221.01,220.92,220.95,47226.0
12:47,220.85,220.95,220.85,220.94,58353.0
12:48,220.77,220.89,220.75,220.85,43060.0
12:49,220.59,220.78,220.56,220.78,46899.0
12:50,220.49,220.6,220.46,220.57,63148.0
12:51,220.56,220.72,220.48,220.5,52133.0
12:52,220.52,220.61,220.49,220.56,59146.0
12:53,220.59,220.65,220.52,220.53,31718.0
12:54,220.57,220.65,220.55,220.59,41204.0
12:55,220.56,220.6,220.5,220.59,43475.0
12:56,220.57,220.64,220.53,220.55,21994.0
12:57,220.64,220.68,220.55,220.58,33149.0
12:58,220.48,220.64,220.45,220.63,43172.0
12:59,220.58,220.58,220.46,220.49,24210.0
13:00,220.53,220.59,220.51,220.59,30814.0
13:01,220.63,220.66,220.53,220.53,18681.0
13:02,220.65,220.71,220.62,220.62,27632.0
13:03,220.74,220.77,220.62,220.66,34191.0
13:04,220.85,220.89,220.7,220.73,41178.0
13:05,220.69,220.85,220.69,220.85,38130.0
13:06,220.74,220.78,220.64,220.7,37261.0
13:07,220.73,220.75,220.62,220.75,36689.0
13:08,220.79,220.8,220.7,220.73,41500.0
13:09,220.85,220.88,220.78,220.78,29069.0
13:10,220.93,220.93,220.83,220.83,34789.0
13:11,220.99,221.03,220.9,220.93,50559.0
13:12,220.83,221.02,220.83,220.99,47119.0
13:13,220.9,220.9,220.8,220.83,30584.0
13:14,220.97,221.02,220.9,220.9,31699.0
13:15,221.02,221.08,220.96,220.96,31652.0
13:16,221.06,221.07,221.01,221.03,24748.0
13:17,221.04,221.07,221.01,221.05,36860.0
13:18,221.08,221.17,221.05,221.06,49158.0
13:19,221.05,221.11,221.0,221.09,33257.0
13:20,221.09,221.1,221.04,221.08,35162.0
13:21,221.07,221.09,221.03,221.08,23075.0
13:22,221.13,221.15,221.05,221.07,21303.0
13:23,221.13,221.15,221.07,221.12,30737.0
13:24,221.16,221.23,221.12,221.12,42619.0
13:25,221.05,221.17,221.01,221.17,62636.0
13:26,221.06,221.16,221.04,221.04,28657.0
13:27,221.16,221.22,221.06,221.06,33920.0
13:28,221.16,221.17,221.13,221.16,33402.0
13:29,221.18,221.18,221.11,221.16,23336.0
13:30,221.11,221.18,221.08,221.17,28114.0
13:31,221.03,221.17,221.02,221.1,22565.0
13:32,220.99,221.05,220.96,221.02,45278.0
13:33,220.98,220.99,220.93,220.99,22757.0
13:34,220.88,220.98,220.88,220.98,51571.0
13:35,220.84,220.89,220.8,220.87,33490.0
13:36,220.78,220.83,220.76,220.82,28878.0
13:37,220.68,220.78,220.67,220.78,39106.0
13:38,220.74,220.83,220.69,220.7,25935.0
13:39,220.83,220.86,220.76,220.76,27734.0
13:40,220.82,220.84,220.77,220.84,18711.0
13:41,220.79,220.83,220.76,220.8,22494.0
13:42,220.81,220.82,220.74,220.79,14232.0
13:43,220.82,220.85,220.76,220.8,15607.0
13:44,220.91,220.93,220.83,220.83,22300.0
13:45,220.92,220.93,220.85,220.92,27594.0
13:46,220.96,220.98,220.9,220.91,18333.0
13:47,220.99,221.01,220.96,220.97,27572.0
13:48,221.0,221.0,220.94,220.99,27614.0
13:49,221.04,221.07,221.0,221.0,57164.0
13:50,220.84,221.06,220.82,221.04,40645.0
13:51,220.87,220.91,220.83,220.83,21317.0
13:52,220.98,220.99,220.87,220.87,33944.0
13:53,220.96,220.99,220.92,220.98,43484.0
13:54,220.91,220.96,220.9,220.96,16611.0
13:55,220.83,220.92,220.79,220.9,39299.0
13:56,220.8,220.87,220.8,220.82,24293.0
13:57,220.81,220.83,220.77,220.79,34415.0
13:58,220.73,220.82,220.73,220.81,35765.0
13:59,220.73,220.76,220.7,220.74,20322.0
14:00,220.54,220.74,220.54,220.74,46317.0
14:01,220.75,220.77,220.54,220.55,33438.0
14:02,220.76,220.79,220.71,220.75,26671.0
14:03,220.65,220.76,220.64,220.76,39931.0
14:04,220.68,220.75,220.66,220.66,27049.0
14:05,220.8,220.84,220.69,220.69,29508.0
14:06,220.84,220.84,220.76,220.79,31019.0
14:07,220.91,220.92,220.81,220.84,25349.0
14:08,220.93,220.96,220.91,220.91,25663.0
14:09,220.9,220.95,220.84,220.93,35007.0
14:10,220.92,220.92,220.85,220.91,28747.0
14:11,220.99,221.0,220.91,220.91,41476.0
14:12,221.15,221.18,220.97,220.99,57658.0
14:13,221.18,221.18,221.08,221.14,50044.0
14:14,221.15,221.2,221.11,221.18,42830.0
14:15,221.23,221.24,221.15,221.15,44514.0
14:16,221.21,221.24,221.18,221.23,42008.0
14:17,221.09,221.22,221.07,221.21,30347.0
14:18,221.05,221.13,221.04,221.09,38448.0
14:19,221.16,221.19,221.06,221.06,33226.0
14:20,221.18,221.21,221.14,221.16,29569.0
14:21,221.19,221.22,221.15,221.17,27150.0
14:22,221.19,221.21,221.14,221.19,39696.0
14:23,221.15,221.2,221.15,221.18,17491.0
14:24,221.2,221.23,221.14,221.14,37358.0
14:25,221.21,221.26,221.17,221.2,27398.0
14:26,221.28,221.29,221.21,221.22,34099.0
14:27,221.3,221.34,221.28,221.28,35160.0
14:28,221.22,221.32,221.22,221.3,40986.0
14:29,221.13,221.29,221.09,221.23,88080.0
14:30,221.12,221.17,221.11,221.14,33891.0
14:31,221.07,221.15,221.07,221.13,29215.0
14:32,221.11,221.13,221.08,221.08,18760.0
14:33,221.18,221.18,221.1,221.11,28328.0
14:34,221.17,221.21,221.15,221.19,21058.0
14:35,221.18,221.21,221.15,221.18,26006.0
14:36,221.22,221.25,221.18,221.18,35796.0
14:37,221.21,221.33,221.21,221.22,71502.0
14:38,221.13,221.24,221.11,221.2,29602.0
14:39,221.2,221.22,221.11,221.12,35974.0
14:40,221.09,221.2,221.07,221.2,27225.0
14:41,221.0,221.1,220.98,221.1,34767.0
14:42,220.99,221.06,220.99,221.01,28112.0
14:43,220.97,221.01,220.96,220.99,29031.0
14:44,221.05,221.07,220.96,220.97,28620.0
14:45,221.02,221.05,221.01,221.05,33374.0
14:46,221.03,221.05,221.01,221.01,33277.0
14:47,221.1,221.11,221.04,221.05,37083.0
14:48,221.07,221.11,221.07,221.1,28201.0
14:49,221.07,221.07,221.03,221.07,23007.0
14:50,221.05,221.07,221.0,221.06,38529.0
14:51,221.09,221.09,221.04,221.05,24822.0
14:52,221.11,221.15,221.09,221.11,27514.0
14:53,221.1,221.11,221.06,221.1,31787.0
14:54,221.15,221.15,221.06,221.1,31325.0
14:55,221.15,221.16,221.11,221.15,37209.0
14:56,221.23,221.23,221.12,221.16,38365.0
14:57,221.24,221.27,221.21,221.22,34480.0
14:58,221.26,221.26,221.2,221.24,28677.0
14:59,221.24,221.28,221.23,221.27,27999.0
15:00,221.12,221.25,221.12,221.23,44711.0
15:01,221.1,221.12,220.99,221.12,59680.0
15:02,221.05,221.1,221.04,221.1,48618.0
15:03,221.08,221.09,221.01,221.05,36240.0
15:04,221.07,221.1,221.05,221.08,38049.0
15:05,221.05,221.1,221.05,221.08,40592.0
15:06,221.03,221.07,221.02,221.05,40918.0
15:07,221.1,221.1,221.02,221.02,38106.0
15:08,221.34,221.34,221.09,221.09,68976.0
15:09,221.42,221.43,221.35,221.37,40848.0
15:10,221.25,221.46,221.25,221.42,48799.0
15:11,221.29,221.31,221.23,221.25,38966.0
15:12,221.33,221.35,221.29,221.29,49149.0
15:13,221.29,221.34,221.29,221.32,56903.0
15:14,221.29,221.33,221.28,221.32,42620.0
15:15,221.29,221.35,221.29,221.29,36628.0
15:16,221.23,221.32,221.23,221.31,26420.0
15:17,221.26,221.26,221.23,221.23,24119.0
15:18,221.29,221.3,221.22,221.27,39180.0
15:19,221.31,221.35,221.3,221.3,44996.0
15:20,221.29,221.32,221.27,221.31,30102.0
15:21,221.31,221.32,221.25,221.29,44386.0
15:22,221.32,221.33,221.26,221.3,32055.0
15:23,221.22,221.33,221.22,221.32,37822.0
15:24,221.23,221.27,221.21,221.22,38592.0
15:25,221.21,221.23,221.15,221.23,41977.0
15:26,221.24,221.27,221.23,221.23,38873.0
15:27,221.18,221.24,221.17,221.24,28080.0
15:28,221.18,221.23,221.18,221.18,55515.0
15:29,221.2,221.22,221.19,221.19,27539.0
15:30,221.24,221.25,221.19,221.21,36070.0
15:31,221.29,221.34,221.24,221.24,56723.0
15:32,221.27,221.3,221.24,221.29,48722.0
15:33,221.31,221.32,221.27,221.27,39247.0
15:34,221.37,221.39,221.32,221.32,58076.0
15:35,221.35,221.37,221.31,221.37,60823.0
15:36,221.35,221.38,221.32,221.35,40632.0
15:37,221.42,221.44,221.37,221.37,71720.0
15:38,221.43,221.46,221.41,221.42,45499.0
15:39,221.43,221.43,221.35,221.43,43208.0
15:40,221.65,221.66,221.41,221.43,90667.0
15:41,221.6,221.66,221.6,221.65,60301.0
15:42,221.66,221.69,221.57,221.6,81650.0
15:43,221.62,221.73,221.6,221.67,89368.0
15:44,221.7,221.7,221.54,221.62,80279.0
15:45,221.64,221.72,221.63,221.7,64860.0
15:46,221.63,221.69,221.62,221.65,55489.0
15:47,221.68,221.68,221.63,221.63,55368.0
15:48,221.71,221.73,221.65,221.67,61150.0
15:49,221.68,221.73,221.67,221.71,58393.0
15:50,221.75,221.76,221.63,221.69,120348.0
15:51,221.82,221.84,221.71,221.75,131537.0
15:52,221.74,221.86,221.72,221.83,97697.0
15:53,221.71,221.79,221.7,221.73,125246.0
15:54,221.82,221.83,221.7,221.72,138016.0
15:55,221.92,222.0,221.82,221.82,210712.0
15:56,221.99,222.02,221.91,221.92,170945.0
15:57,221.7,222.0,221.7,221.99,188363.0
15:58,221.75,221.82,221.68,221.69,211230.0
15:59,221.8,221.81,221.66,221.76,437717.0
