Time,Close,High,Low,Open,Volume
09:30,230.44,230.7,230.2,230.38,936340.0
09:31,230.45,230.85,230.29,230.44,161141.0
09:32,230.39,230.87,230.32,230.45,121328.0
09:33,230.34,230.63,230.32,230.4,92234.0
09:34,230.36,230.66,230.27,230.32,95710.0
09:35,230.75,230.93,230.37,230.37,105934.0
09:36,230.66,230.73,230.33,230.73,83835.0
09:37,230.95,230.98,230.56,230.68,84568.0
09:38,231.0,231.17,230.8,230.96,152563.0
09:39,230.46,231.07,230.44,231.03,87177.0
09:40,230.15,230.5,230.04,230.44,91378.0
09:41,230.26,230.39,229.99,230.14,124242.0
09:42,230.32,230.4,230.02,230.25,79701.0
09:43,230.43,230.46,230.23,230.3,61281.0
09:44,230.66,230.71,230.32,230.41,81982.0
09:45,230.38,230.68,230.33,230.67,71124.0
09:46,230.3,230.5,230.3,230.39,53755.0
09:47,230.21,230.37,230.07,230.32,102495.0
09:48,230.09,230.23,229.91,230.2,103369.0
09:49,230.18,230.2,230.0,230.05,73242.0
09:50,230.1,230.2,230.01,230.2,61123.0
09:51,230.08,230.27,229.95,230.07,78883.0
09:52,230.53,230.53,230.1,230.12,56363.0
09:53,230.8,230.85,230.52,230.53,64287.0
09:54,230.56,230.87,230.5,230.82,51937.0
09:55,230.76,230.78,230.58,230.58,33599.0
09:56,230.32,230.83,230.31,230.78,51613.0
09:57,230.2,230.38,230.09,230.32,45345.0
09:58,230.26,230.34,230.17,230.18,37143.0
09:59,230.34,230.39,230.23,230.26,44696.0
10:00,230.01,230.45,229.92,230.34,109671.0
10:01,229.93,230.0,229.81,229.95,61444.0
10:02,230.08,230.14,229.83,229.91,93170.0
10:03,230.1,230.17,230.04,230.1,48268.0
10:04,230.08,230.15,229.92,230.07,42990.0
10:05,230.15,230.21,230.06,230.09,47270.0
10:06,230.17,230.29,230.11,230.18,56480.0
10:07,230.3,230.31,230.1,230.16,61551.0
10:08,230.18,230.32,230.16,230.29,48990.0
10:09,230.24,230.33,230.18,230.19,35689.0
10:10,230.29,230.41,230.19,230.24,56352.0
10:11,230.47,230.47,230.23,230.27,47626.0
10:12,230.74,230.74,230.35,230.47,75129.0
10:13,230.73,230.85,230.72,230.74,85501.0
10:14,230.5,230.76,230.49,230.73,77708.0
10:15,230.41,230.55,230.3,230.49,73661.0
10:16,230.6,230.76,230.43,230.43,42306.0
10:17,230.6,230.63,230.53,230.57,33666.0
10:18,230.64,230.68,230.57,230.6,47092.0
10:19,230.71,230.76,230.55,230.67,42162.0
10:20,230.75,230.82,230.64,230.7,54099.0
10:21,230.82,230.86,230.72,230.76,36754.0
10:22,230.88,231.01,230.72,230.82,72209.0
10:23,231.02,231.08,230.87,230.89,49174.0
10:24,231.03,231.09,231.01,231.02,47268.0
10:25,231.08,231.08,230.92,231.01,39372.0
10:26,230.93,231.15,230.93,231.08,45150.0
10:27,230.83,230.94,230.8,230.93,57782.0
10:28,231.01,231.01,230.82,230.82,45231.0
10:29,230.94,230.99,230.88,230.99,43476.0
10:30,231.01,231.02,230.87,230.94,40333.0
10:31,230.96,231.02,230.88,231.01,38067.0
10:32,231.04,231.07,230.95,230.95,45567.0
10:33,231.07,231.1,230.95,231.04,32478.0
10:34,231.18,231.2,231.06,231.08,54615.0
10:35,231.04,231.24,231.04,231.2,56760.0
10:36,231.0,231.1,230.98,231.04,34337.0
10:37,230.97,231.03,230.95,231.01,30008.0
10:38,230.89,230.98,230.85,230.95,47388.0
10:39,230.83,230.92,230.8,230.87,47009.0
10:40,230.79,230.86,230.72,230.83,33304.0
10:41,230.77,230.84,230.73,230.77,45556.0
10:42,230.91,230.95,230.75,230.78,43995.0
10:43,230.74,230.94,230.71,230.93,29426.0
10:44,230.82,230.86,230.72,230.74,28814.0
10:45,230.6,230.82,230.51,230.81,54327.0
10:46,230.68,230.72,230.55,230.61,31490.0
10:47,230.82,230.88,230.62,230.67,34979.0
10:48,230.8,230.84,230.73,230.84,39289.0
10:49,230.68,230.79,230.68,230.79,44392.0
10:50,230.56,230.68,230.52,230.67,58098.0
10:51,230.52,230.66,230.46,230.57,56520.0
10:52,230.28,230.56,230.27,230.51,61462.0
10:53,230.33,230.34,230.23,230.29,37121.0
10:54,230.29,230.45,230.25,230.31,26500.0
10:55,230.26,230.33,230.2,230.26,30992.0
10:56,230.16,230.28,230.13,230.21,40247.0
10:57,230.21,230.23,230.09,230.15,43530.0
10:58,230.16,230.22,230.07,230.2,30218.0
10:59,230.29,230.38,230.12,230.15,74267.0
11:00,230.42,230.52,230.26,230.3,45954.0
11:01,230.4,230.42,230.25,230.42,35690.0
11:02,230.29,230.4,230.26,230.38,30615.0
11:03,230.24,230.36,230.18,230.3,35023.0
11:04,230.17,230.28,230.17,230.24,33046.0
11:05,230.16,230.24,230.1,230.16,34478.0
11:06,230.17,230.26,230.14,230.17,29072.0
11:07,230.09,230.2,230.0,230.18,64252.0
11:08,230.19,230.2,230.05,230.08,30157.0
11:09,230.17,230.2,230.09,230.18,29877.0
11:10,230.16,230.22,230.08,230.18,34378.0
11:11,230.16,230.23,230.05,230.15,40900.0
11:12,230.1,230.17,230.05,230.17,29814.0
11:13,230.08,230.17,230.03,230.13,20410.0
11:14,229.93,230.1,229.88,230.1,55553.0
11:15,229.81,229.93,229.79,229.89,45198.0
11:16,229.77,229.92,229.7,229.8,63781.0
11:17,229.8,229.84,229.66,229.77,52895.0
11:18,229.61,229.82,229.58,229.81,68919.0
11:19,229.69,229.71,229.45,229.6,84306.0
11:20,229.76,229.82,229.62,229.67,60077.0
11:21,229.77,229.87,229.75,229.76,42966.0
11:22,229.93,229.93,229.74,229.76,40116.0
11:23,229.73,229.93,229.73,229.91,54606.0
11:24,229.62,229.73,229.62,229.71,39649.0
11:25,229.95,229.97,229.62,229.62,38367.0
11:26,229.96,229.96,229.85,229.95,38364.0
11:27,229.79,229.95,229.79,229.95,28716.0
11:28,229.71,229.8,229.57,229.77,44416.0
11:29,229.67,229.75,229.62,229.65,32110.0
11:30,229.58,229.65,229.55,229.65,28537.0
11:31,229.41,229.59,229.4,229.59,31396.0
11:32,229.48,229.5,229.38,229.42,34645.0
11:33,229.55,229.6,229.39,229.47,60335.0
11:34,229.4,229.56,229.32,229.56,30802.0
11:35,229.56,229.57,229.43,229.43,25775.0
11:36,229.53,229.58,229.49,229.58,28428.0
11:37,229.48,229.54,229.38,229.53,28193.0
11:38,229.54,229.54,229.39,229.49,31655.0
11:39,229.4,229.57,229.4,229.53,36391.0
11:40,229.35,229.46,229.34,229.4,38977.0
11:41,229.35,229.38,229.27,229.34,29901.0
11:42,229.45,229.47,229.34,229.34,28906.0
11:43,229.53,229.58,229.45,229.46,22957.0
11:44,229.45,229.53,229.44,229.52,28968.0
11:45,229.53,229.54,229.45,229.45,36541.0
11:46,229.54,229.54,229.44,229.54,25606.0
11:47,229.24,229.54,229.23,229.51,49641.0
11:48,229.38,229.48,229.26,229.26,31130.0
11:49,229.46,229.46,229.35,229.38,27530.0
11:50,229.42,229.5,229.39,229.47,33199.0
11:51,229.5,229.5,229.41,229.45,47276.0
11:52,229.63,229.65,229.51,229.51,44975.0
11:53,229.71,229.74,229.59,229.62,35783.0
11:54,229.64,229.72,229.6,229.72,26912.0
11:55,229.6,229.65,229.57,229.62,26594.0
11:56,229.67,229.72,229.62,229.62,38805.0
11:57,229.65,229.78,229.65,229.68,34434.0
11:58,229.65,229.67,229.59,229.65,27127.0
11:59,229.4,229.66,229.39,229.65,31980.0
12:00,229.51,229.58,229.32,229.38,42122.0
12:01,229.49,229.51,229.29,229.49,42695.0
12:02,229.55,229.58,229.45,229.48,15293.0
12:03,229.59,229.66,229.54,229.55,24565.0
12:04,229.65,229.72,229.57,229.57,24342.0
12:05,229.71,229.71,229.59,229.61,25628.0
12:06,229.78,229.82,229.72,229.72,31168.0
12:07,229.69,229.81,229.69,229.76,27334.0
12:08,229.74,229.76,229.63,229.69,17753.0
12:09,229.72,229.74,229.65,229.73,11680.0
12:10,229.64,229.73,229.64,229.73,29353.0
12:11,229.49,229.65,229.48,229.64,31783.0
12:12,229.5,229.53,229.43,229.49,47563.0
12:13,229.42,229.51,229.39,229.48,18725.0
12:14,229.34,229.45,229.32,229.4,24621.0
12:15,229.34,229.39,229.3,229.34,19521.0
12:16,229.34,229.38,229.3,229.34,26650.0
12:17,229.25,229.43,229.24,229.35,30838.0
12:18,229.23,229.32,229.2,229.27,31813.0
12:19,229.16,229.28,229.13,229.21,51350.0
12:20,229.21,229.29,229.16,229.18,21367.0
12:21,229.29,229.3,229.17,229.2,27413.0
12:22,229.24,229.34,229.24,229.29,28735.0
12:23,229.35,229.38,229.22,229.22,19702.0
12:24,229.43,229.43,229.32,229.37,24402.0
12:25,229.45,229.48,229.41,229.42,21122.0
12:26,229.38,229.46,229.38,229.45,19877.0
12:27,229.39,229.42,229.33,229.37,19394.0
12:28,229.38,229.42,229.32,229.4,23852.0
12:29,229.39,229.42,229.34,229.37,22722.0
12:30,229.3,229.42,229.28,229.39,32881.0
12:31,229.16,229.33,229.15,229.31,38250.0
12:32,229.15,229.23,229.15,229.15,30221.0
12:33,229.09,229.13,229.03,229.13,42360.0
12:34,228.95,229.07,228.87,229.06,93411.0
12:35,228.76,228.93,228.75,228.93,62278.0
12:36,228.81,228.84,228.73,228.76,61112.0
12:37,228.95,228.99,228.72,228.78,47429.0
12:38,229.02,229.04,228.92,228.95,28346.0
12:39,229.14,229.14,229.03,229.03,25829.0
12:40,229.04,229.14,228.99,229.13,35545.0
12:41,229.11,229.12,229.03,229.05,17756.0
12:42,229.11,229.17,229.07,229.12,22878.0
12:43,229.04,229.12,229.04,229.1,17706.0
12:44,229.08,229.18,229.0,229.03,33014.0
12:45,229.1,229.13,229.07,229.08,26476.0
12:46,229.09,229.16,229.08,229.11,22225.0
12:47,229.15,229.16,229.07,229.09,31276.0
12:48,229.04,229.18,229.01,229.16,24581.0
12:49,229.06,229.08,229.03,229.03,29981.0
12:50,229.13,229.13,229.0,229.06,36488.0
12:51,229.35,229.35,229.1,229.13,38132.0
12:52,229.43,229.48,229.33,229.35,31833.0
12:53,229.49,229.56,229.43,229.43,35407.0
12:54,229.57,229.57,229.48,229.49,30123.0
12:55,229.49,229.6,229.47,229.59,42986.0
12:56,229.52,229.54,229.47,229.49,32284.0
12:57,229.57,229.57,229.49,229.54,22470.0
12:58,229.58,229.61,229.54,229.56,31636.0
12:59,229.64,229.66,229.56,229.57,26925.0
13:00,229.59,229.69,229.58,229.65,26801.0
13:01,229.57,229.62,229.54,229.58,30211.0
13:02,229.49,229.59,229.49,229.57,21340.0
13:03,229.52,229.52,229.49,229.51,29444.0
13:04,229.62,229.62,229.48,229.51,29107.0
13:05,229.66,229.68,229.61,229.64,28500.0
13:06,229.54,229.67,229.53,229.66,18711.0
13:07,229.56,229.56,229.5,229.54,18333.0
13:08,229.6,229.6,229.53,229.55,15213.0
13:09,229.71,229.71,229.61,229.61,22230.0
13:10,229.73,229.73,229.67,229.7,31959.0
13:11,229.63,229.77,229.62,229.74,32124.0
13:12,229.74,229.74,229.62,229.62,19970.0
13:13,229.62,229.75,229.6,229.75,33989.0
13:14,229.61,229.68,229.57,229.61,18905.0
13:15,229.57,229.63,229.51,229.62,27068.0
13:16,229.61,229.62,229.54,229.57,20861.0
13:17,229.67,229.7,229.62,229.62,13312.0
13:18,229.57,229.68,229.55,229.68,40610.0
13:19,229.59,229.61,229.53,229.57,12424.0
13:20,229.57,229.62,229.55,229.6,24361.0
13:21,229.48,229.57,229.47,229.55,27646.0
13:22,229.45,229.5,229.41,229.45,20103.0
13:23,229.54,229.57,229.46,229.46,25986.0
13:24,229.57,229.6,229.55,229.57,20526.0
13:25,229.6,229.62,229.53,229.56,27547.0
13:26,229.69,229.69,229.6,229.6,24780.0
13:27,229.78,229.79,229.66,229.7,27229.0
13:28,229.83,229.87,229.75,229.8,27041.0
13:29,229.84,229.89,229.82,229.82,23012.0
13:30,229.83,229.89,229.78,229.83,23104.0
13:31,229.71,229.83,229.67,229.83,25975.0
13:32,229.76,229.77,229.67,229.71,20743.0
13:33,229.95,229.97,229.73,229.74,27999.0
13:34,229.93,229.96,229.89,229.94,32026.0
13:35,229.87,229.91,229.83,229.91,27536.0
13:36,229.86,229.91,229.79,229.89,22150.0
13:37,229.8,229.9,229.79,229.87,24359.0
13:38,229.82,229.86,229.77,229.81,26637.0
13:39,229.81,229.85,229.77,229.84,20036.0
13:40,229.75,229.81,229.71,229.81,20253.0
13:41,229.75,229.8,229.74,229.75,18982.0
13:42,229.73,229.79,229.68,229.74,19139.0
13:43,229.63,229.74,229.63,229.73,52081.0
13:44,229.68,229.71,229.57,229.64,20196.0
13:45,229.59,229.7,229.59,229.67,26256.0
13:46,229.62,229.67,229.56,229.59,21457.0
13:47,229.61,229.68,229.61,229.62,14206.0
13:48,229.64,229.64,229.58,229.62,19667.0
13:49,229.85,229.86,229.63,229.63,21030.0
13:50,229.77,229.88,229.77,229.84,18556.0
13:51,229.68,229.75,229.64,229.75,14714.0
13:52,229.77,229.79,229.67,229.68,12665.0
13:53,229.87,229.89,229.77,229.78,27051.0
13:54,229.78,229.87,229.75,229.86,16659.0
13:55,229.77,229.84,229.76,229.77,22401.0
13:56,229.78,229.79,229.72,229.72,12977.0
13:57,229.79,229.82,229.74,229.77,22551.0
13:58,229.8,229.82,229.76,229.79,14643.0
13:59,229.8,229.84,229.78,229.82,17995.0
14:00,229.78,229.87,229.76,229.8,28413.0
14:01,229.75,229.79,229.72,229.76,20237.0
14:02,229.76,229.76,229.7,229.74,14586.0
14:03,229.77,229.81,229.74,229.76,22716.0
14:04,229.73,229.77,229.71,229.77,10539.0
14:05,229.7,229.77,229.67,229.72,18293.0
14:06,229.72,229.75,229.65,229.72,17986.0
14:07,229.79,229.8,229.68,229.73,14987.0
14:08,229.8,229.82,229.74,229.81,15287.0
14:09,229.73,229.82,229.72,229.81,19957.0
14:10,229.73,229.76,229.64,229.71,26582.0
14:11,229.75,229.78,229.72,229.73,16234.0
14:12,229.82,229.82,229.71,229.74,10167.0
14:13,229.79,229.82,229.76,229.82,12354.0
14:14,229.83,229.87,229.8,229.8,17343.0
14:15,229.81,229.88,229.77,229.83,18777.0
14:16,229.63,229.8,229.6,229.8,24310.0
14:17,229.58,229.63,229.58,229.63,16345.0
14:18,229.69,229.69,229.58,229.61,17224.0
14:19,229.67,229.71,229.65,229.7,14923.0
14:20,229.75,229.77,229.64,229.65,14277.0
14:21,229.71,229.75,229.71,229.74,10659.0
14:22,229.65,229.79,229.63,229.71,28102.0
14:23,229.58,229.68,229.57,229.66,20633.0
14:24,229.61,229.62,229.54,229.59,16716.0
14:25,229.64,229.66,229.57,229.6,22883.0
14:26,229.74,229.74,229.62,229.62,11630.0
14:27,229.73,229.75,229.7,229.74,17179.0
14:28,229.68,229.76,229.62,229.76,24981.0
14:29,229.68,229.7,229.64,229.68,21690.0
14:30,229.66,229.74,229.66,229.67,17409.0
14:31,229.66,229.7,229.65,229.67,15980.0
14:32,229.74,229.74,229.64,229.65,24999.0
14:33,229.73,229.78,229.69,229.75,21309.0
14:34,229.75,229.75,229.68,229.73,21887.0
14:35,229.67,229.74,229.66,229.74,16868.0
14:36,229.68,229.72,229.66,229.68,15002.0
14:37,229.72,229.72,229.65,229.68,19357.0
14:38,229.72,229.74,229.66,229.73,20762.0
14:39,229.75,229.76,229.7,229.71,23336.0
14:40,229.74,229.77,229.72,229.75,17655.0
14:41,229.8,229.86,229.73,229.75,24343.0
14:42,229.68,229.84,229.68,229.79,30906.0
14:43,229.6,229.71,229.59,229.68,29314.0
14:44,229.61,229.61,229.53,229.6,22955.0
14:45,229.57,229.61,229.55,229.6,18331.0
14:46,229.52,229.56,229.47,229.56,31151.0
14:47,229.47,229.52,229.46,229.52,18968.0
14:48,229.52,229.54,229.46,229.47,13420.0
14:49,229.47,229.52,229.45,229.51,13934.0
14:50,229.54,229.57,229.45,229.47,22148.0
14:51,229.53,229.56,229.5,229.55,12571.0
14:52,229.6,229.6,229.53,229.54,32028.0
14:53,229.56,229.62,229.55,229.6,16127.0
14:54,229.65,229.65,229.55,229.57,14964.0
14:55,229.62,229.64,229.59,229.62,22385.0
14:56,229.65,229.66,229.62,229.63,28680.0
14:57,229.68,229.73,229.63,229.66,25053.0
14:58,229.73,229.73,229.67,229.7,14299.0
14:59,229.7,229.73,229.64,229.71,19387.0
15:00,229.72,229.74,229.66,229.7,18836.0
15:01,229.62,229.7,229.61,229.7,16112.0
15:02,229.55,229.64,229.54,229.61,17077.0
15:03,229.66,229.66,229.56,229.56,21080.0
15:04,229.59,229.66,229.57,229.66,20331.0
15:05,229.56,229.59,229.54,229.58,18080.0
15:06,229.56,229.63,229.55,229.58,21891.0
15:07,229.57,229.57,229.53,229.55,18831.0
15:08,229.58,229.6,229.54,229.56,18662.0
15:09,229.54,229.57,229.49,229.57,23039.0
15:10,229.45,229.54,229.42,229.54,36036.0
15:11,229.56,229.58,229.45,229.47,13873.0
15:12,229.51,229.57,229.51,229.57,11750.0
15:13,229.56,229.56,229.5,229.51,22043.0
15:14,229.37,229.56,229.37,229.56,32575.0
15:15,229.42,229.5,229.37,229.37,53547.0
15:16,229.57,229.57,229.41,229.44,29706.0
15:17,229.48,229.61,229.47,229.57,26025.0
15:18,229.47,229.48,229.4,229.48,17460.0
15:19,229.53,229.56,229.45,229.46,29884.0
15:20,229.47,229.53,229.45,229.51,30314.0
15:21,229.35,229.46,229.35,229.46,32983.0
15:22,229.24,229.35,229.23,229.34,33701.0
15:23,229.23,229.3,229.21,229.24,40417.0
15:24,229.28,229.3,229.21,229.23,38480.0
15:25,229.15,229.27,229.15,229.27,30588.0
15:26,229.28,229.3,229.13,229.16,50817.0
15:27,229.23,229.28,229.2,229.26,27157.0
15:28,229.29,229.3,229.21,229.21,39197.0
15:29,229.26,229.3,229.24,229.29,28465.0
15:30,229.26,229.34,229.2,229.25,53295.0
15:31,229.17,229.29,229.17,229.26,19385.0
15:32,229.27,229.29,229.15,229.16,25916.0
15:33,229.22,229.29,229.19,229.27,26034.0
15:34,229.22,229.24,229.17,229.21,35913.0
15:35,229.26,229.28,229.18,229.23,28380.0
15:36,229.26,229.3,229.24,229.26,29761.0
15:37,229.21,229.27,229.15,229.26,59987.0
15:38,229.23,229.28,229.22,229.23,24843.0
15:39,229.23,229.32,229.23,229.23,21435.0
15:40,229.17,229.26,229.15,229.23,35544.0
15:41,229.17,229.25,229.15,229.18,38775.0
15:42,229.26,229.5,229.14,229.18,57052.0
15:43,229.3,229.3,229.23,229.26,40628.0
15:44,229.3,229.32,229.27,229.3,34789.0
15:45,229.13,229.31,229.13,229.31,49178.0
15:46,229.1,229.17,229.09,229.14,49106.0
15:47,228.93,229.11,228.92,229.11,72170.0
15:48,228.94,228.96,228.82,228.92,58791.0
15:49,228.98,228.99,228.89,228.93,46640.0
15:50,228.61,229.0,228.6,229.0,138038.0
15:51,228.57,228.68,228.55,228.61,100864.0
15:52,228.7,228.74,228.56,228.58,72730.0
15:53,229.4,229.54,228.65,228.69,184240.0
15:54,229.34,229.55,229.11,229.41,175430.0
15:55,229.22,229.64,229.2,229.34,171872.0
15:56,229.21,229.27,229.18,229.22,112322.0
15:57,229.48,229.51,229.21,229.21,170065.0
15:58,229.49,229.55,229.46,229.48,185687.0
15:59,229.55,229.62,229.48,229.49,580556.0
