Time,Close,High,Low,Open,Volume
09:30,6693.05,6693.59,6689.02,6689.02,1.0
09:31,6693.11,6693.61,6691.33,6693.02,10783424.0
09:32,6692.26,6693.67,6691.16,6692.93,19887014.0
09:33,6691.42,6693.72,6690.98,6692.83,28990605.0
09:34,6692.65,6693.04,6689.31,6691.07,9311123.0
09:35,6690.16,6692.64,6688.94,6692.64,11628408.0
09:36,6689.3,6691.62,6688.98,6690.27,11371599.0
09:37,6690.82,6692.5,6689.03,6689.42,10132972.0
09:38,6692.79,6693.67,6690.78,6691.2,9236737.0
09:39,6690.76,6694.54,6690.61,6692.54,7708071.0
09:40,6686.05,6692.13,6685.75,6691.02,9392445.0
09:41,6687.55,6688.21,6685.86,6685.86,9328691.0
09:42,6690.54,6692.42,6687.55,6687.6,8842373.0
09:43,6694.99,6695.07,6690.3,6690.33,8804299.0
09:44,6695.46,6695.84,6693.87,6695.28,8482405.0
09:45,6702.1,6702.1,6695.6,6695.6,10426889.0
09:46,6699.27,6703.15,6697.81,6702.36,9531602.0
09:47,6690.77,6699.24,6690.77,6699.24,8837169.0
09:48,6691.55,6693.57,6690.81,6690.81,8292157.0
09:49,6688.63,6691.95,6688.45,6691.57,8416318.0
09:50,6687.45,6688.91,6683.7,6688.87,9399803.0
09:51,6685.3,6688.65,6684.57,6687.5,8815792.0
09:52,6690.38,6690.47,6685.6,6685.63,7407987.0
09:53,6687.83,6690.32,6686.82,6690.22,7636314.0
09:54,6688.94,6689.53,6687.53,6687.77,7440182.0
09:55,6691.23,6691.65,6689.12,6689.25,8161669.0
09:56,6688.29,6694.23,6688.29,6691.12,9953372.0
09:57,6689.03,6689.32,6685.79,6688.55,8079303.0
09:58,6691.51,6691.51,6687.62,6689.09,7858211.0
09:59,6690.15,6694.08,6689.97,6691.61,7519148.0
10:00,6688.96,6690.57,6688.12,6688.12,10691274.0
10:01,6690.28,6690.68,6687.71,6689.06,8602815.0
10:02,6691.26,6691.42,6689.11,6690.2,8819000.0
10:03,6685.49,6691.36,6684.98,6691.36,8032281.0
10:04,6688.83,6688.83,6683.53,6685.58,6990476.0
10:05,6690.55,6690.79,6687.13,6689.05,7532139.0
10:06,6690.83,6692.62,6690.04,6691.03,8041512.0
10:07,6685.22,6690.72,6685.09,6690.72,7499185.0
10:08,6687.63,6687.63,6683.48,6685.14,7072352.0
10:09,6684.77,6688.0,6684.72,6687.79,6103443.0
10:10,6686.15,6687.11,6684.59,6684.81,6950088.0
10:11,6680.7,6686.39,6680.4,6686.2,6889133.0
10:12,6678.82,6681.82,6677.59,6680.5,6184299.0
10:13,6678.59,6682.44,6678.44,6678.96,7676053.0
10:14,6681.08,6682.07,6678.59,6678.59,6266661.0
10:15,6686.05,6686.32,6678.76,6681.09,9541283.0
10:16,6691.25,6691.28,6686.18,6686.18,9309733.0
10:17,6689.5,6691.45,6688.21,6691.17,8910659.0
10:18,6691.01,6691.33,6688.71,6689.71,7274568.0
10:19,6689.83,6692.05,6688.12,6691.12,6569483.0
10:20,6690.86,6690.88,6689.07,6689.66,6299265.0
10:21,6693.28,6693.28,6690.74,6690.98,6499976.0
10:22,6696.35,6696.37,6693.36,6693.36,6731641.0
10:23,6695.58,6697.72,6695.15,6696.21,7096796.0
10:24,6693.82,6697.5,6693.82,6695.57,6475620.0
10:25,6695.37,6695.42,6692.63,6692.63,6255750.0
10:26,6687.16,6695.76,6687.16,6695.39,7664540.0
10:27,6689.74,6689.74,6685.93,6686.85,6580453.0
10:28,6688.58,6689.88,6686.75,6689.49,6339572.0
10:29,6691.6,6691.6,6688.1,6688.69,6381165.0
10:30,6691.68,6694.01,6691.58,6691.58,7290340.0
10:31,6695.01,6695.06,6691.31,6692.07,6761333.0
10:32,6694.78,6695.47,6693.68,6695.35,6253718.0
10:33,6693.18,6695.49,6692.84,6694.66,6798001.0
10:34,6695.86,6696.12,6693.33,6693.41,6405249.0
10:35,6697.71,6697.71,6694.89,6696.09,5874802.0
10:36,6698.33,6699.86,6697.4,6697.99,9314899.0
10:37,6699.47,6700.94,6697.1,6698.32,6765837.0
10:38,6698.68,6700.73,6698.28,6699.45,6376483.0
10:39,6697.6,6698.56,6696.9,6698.56,6228822.0
10:40,6699.19,6699.78,6697.57,6697.57,7069849.0
10:41,6702.88,6703.24,6698.84,6699.14,8016172.0
10:42,6706.86,6707.04,6702.88,6702.88,8035155.0
10:43,6708.08,6708.65,6706.66,6707.1,8096140.0
10:44,6707.62,6709.34,6707.62,6708.2,7539010.0
10:45,6706.6,6708.64,6706.6,6707.4,7476848.0
10:46,6702.65,6707.07,6701.78,6706.55,9252917.0
10:47,6699.44,6703.34,6699.22,6702.5,6873203.0
10:48,6700.87,6701.06,6697.89,6699.41,6598994.0
10:49,6700.67,6700.7,6698.91,6700.7,6510932.0
10:50,6695.95,6700.59,6695.03,6700.59,7331885.0
10:51,6696.47,6696.47,6693.56,6695.45,7415795.0
10:52,6694.82,6696.6,6693.16,6696.6,6621712.0
10:53,6696.47,6696.56,6694.47,6694.78,6038837.0
10:54,6698.9,6698.9,6695.66,6696.42,6378030.0
10:55,6700.3,6700.76,6698.44,6699.26,7124734.0
10:56,6697.54,6700.77,6696.94,6700.39,7216384.0
10:57,6694.4,6698.61,6693.95,6697.46,7306073.0
10:58,6694.14,6695.45,6692.39,6694.57,6333753.0
10:59,6693.45,6694.47,6693.2,6694.15,5775442.0
11:00,6695.33,6695.33,6693.01,6693.57,6656377.0
11:01,6695.42,6696.44,6694.58,6695.17,7295378.0
11:02,6695.23,6696.08,6694.78,6695.46,5801774.0
11:03,6697.85,6698.18,6695.56,6695.56,7210732.0
11:04,6694.42,6697.85,6693.42,6697.85,5837890.0
11:05,6692.1,6697.15,6692.1,6694.39,6476169.0
11:06,6694.08,6694.08,6689.13,6691.11,8118460.0
11:07,6697.21,6697.4,6694.17,6694.17,6905644.0
11:08,6700.11,6700.23,6697.28,6697.28,6677674.0
11:09,6699.4,6700.53,6699.34,6700.04,5854042.0
11:10,6698.47,6700.16,6696.59,6699.39,7187856.0
11:11,6701.26,6701.77,6697.78,6698.67,6209431.0
11:12,6701.36,6702.12,6700.6,6701.43,5784644.0
11:13,6701.29,6701.47,6700.42,6701.39,5617747.0
11:14,6702.07,6702.07,6701.24,6701.47,5833682.0
11:15,6698.33,6702.08,6698.33,6702.08,6650459.0
11:16,6698.71,6698.92,6696.53,6698.27,6934510.0
11:17,6699.36,6700.01,6697.87,6698.78,5925283.0
11:18,6701.21,6701.51,6699.37,6699.46,5952002.0
11:19,6701.31,6702.42,6699.99,6701.15,5413959.0
11:20,6700.88,6702.59,6700.46,6701.27,5835949.0
11:21,6697.67,6701.37,6697.67,6700.85,6578532.0
11:22,6698.27,6699.35,6697.12,6697.69,6078739.0
11:23,6695.17,6699.08,6694.7,6698.29,8850925.0
11:24,6693.3,6695.33,6692.85,6695.33,7596930.0
11:25,6689.83,6693.24,6689.83,6693.17,7862402.0
11:26,6685.97,6689.65,6685.91,6689.65,8119238.0
11:27,6682.56,6685.96,6681.64,6685.96,7620610.0
11:28,6679.56,6682.96,6677.8,6682.96,8127467.0
11:29,6680.77,6680.77,6678.67,6679.47,6851461.0
11:30,6673.84,6680.67,6673.72,6680.67,8654083.0
11:31,6676.58,6677.58,6673.51,6673.82,8452450.0
11:32,6681.37,6681.37,6675.71,6676.63,6436095.0
11:33,6680.47,6681.59,6678.57,6681.59,6154433.0
11:34,6686.13,6686.26,6680.49,6680.51,6841000.0
11:35,6682.84,6686.72,6682.42,6686.21,5253000.0
11:36,6684.52,6685.2,6682.38,6682.79,5649000.0
11:37,6688.92,6688.92,6684.42,6684.53,7076000.0
11:38,6686.61,6689.41,6686.61,6688.92,5459000.0
11:39,6685.2,6687.82,6684.47,6686.03,5981000.0
11:40,6677.34,6685.56,6677.19,6685.23,7280000.0
11:41,6675.22,6677.11,6673.55,6677.04,6575000.0
11:42,6672.7,6675.02,6672.53,6675.02,6468000.0
11:43,6675.1,6675.48,6670.72,6672.88,6373000.0
11:44,6674.11,6675.74,6673.99,6675.17,4977000.0
11:45,6668.59,6674.03,6668.0,6673.85,6413000.0
11:46,6666.64,6670.25,6666.64,6668.8,6102000.0
11:47,6670.27,6671.08,6666.79,6666.79,6185000.0
11:48,6672.25,6672.52,6668.23,6670.23,7194000.0
11:49,6668.11,6672.24,6666.35,6672.15,5676000.0
11:50,6673.11,6675.19,6668.07,6668.07,7242000.0
11:51,6674.82,6676.33,6671.37,6673.33,5399000.0
11:52,6673.71,6675.52,6673.3,6674.55,4842000.0
11:53,6670.72,6673.89,6670.21,6673.8,5362000.0
11:54,6670.57,6671.51,6669.51,6670.74,5269000.0
11:55,6669.22,6670.97,6668.8,6670.64,5253000.0
11:56,6664.18,6669.87,6664.1,6669.29,5746000.0
11:57,6667.18,6667.18,6662.34,6663.72,6767000.0
11:58,6664.12,6668.16,6663.29,6667.3,6530000.0
11:59,6666.81,6667.11,6664.03,6664.03,5385000.0
12:00,6663.58,6667.47,6661.91,6666.97,7103000.0
12:01,6663.27,6664.2,6660.5,6663.59,7773000.0
12:02,6661.7,6665.22,6661.46,6662.93,5909000.0
12:03,6662.97,6664.4,6661.57,6661.57,4935000.0
12:04,6666.77,6666.77,6659.97,6662.82,5470000.0
12:05,6666.74,6670.24,6666.58,6666.69,6095000.0
12:06,6672.49,6672.49,6665.79,6666.7,6350000.0
12:07,6668.22,6672.54,6666.83,6672.54,5195000.0
12:08,6668.5,6670.5,6667.76,6668.27,4603000.0
12:09,6668.86,6669.67,6668.28,6668.58,4441000.0
12:10,6666.5,6668.37,6666.09,6668.37,6389000.0
12:11,6667.23,6667.39,6664.57,6666.5,4908000.0
12:12,6672.24,6672.72,6667.4,6667.4,5639000.0
12:13,6667.47,6671.87,6667.33,6671.87,5577000.0
12:14,6669.26,6669.63,6666.72,6667.51,5144000.0
12:15,6670.11,6672.22,6668.91,6669.36,5035000.0
12:16,6666.73,6670.03,6666.73,6670.03,5048000.0
12:17,6663.04,6666.64,6663.02,6666.36,5591000.0
12:18,6660.25,6663.45,6660.16,6662.68,5563000.0
12:19,6655.21,6660.18,6653.86,6659.9,7097000.0
12:20,6653.45,6655.1,6651.39,6654.81,6369000.0
12:21,6658.46,6659.96,6653.44,6653.44,6367000.0
12:22,6657.76,6658.86,6656.36,6658.23,4237000.0
12:23,6656.4,6659.8,6656.18,6657.87,5277000.0
12:24,6657.93,6657.98,6655.76,6656.37,4889000.0
12:25,6652.83,6659.17,6652.4,6657.94,5536000.0
12:26,6646.17,6653.35,6645.9,6652.86,8197000.0
12:27,6648.37,6650.22,6646.19,6646.19,5926000.0
12:28,6647.82,6649.57,6647.6,6648.37,4865000.0
12:29,6646.76,6649.06,6646.09,6647.81,5147000.0
12:30,6633.69,6646.89,6631.32,6646.86,12596000.0
12:31,6633.55,6636.76,6633.55,6633.68,6412000.0
12:32,6620.71,6633.72,6620.71,6633.72,10305000.0
12:33,6627.21,6628.04,6620.77,6620.77,9044000.0
12:34,6622.12,6627.59,6620.43,6627.59,7194000.0
12:35,6627.29,6633.31,6622.12,6622.12,8742000.0
12:36,6630.59,6630.65,6626.84,6627.19,5696000.0
12:37,6625.9,6632.13,6625.9,6630.59,5774000.0
12:38,6630.43,6631.3,6624.8,6626.43,6049000.0
12:39,6627.44,6630.38,6626.92,6630.36,5394000.0
12:40,6623.56,6627.45,6621.44,6627.45,6183000.0
12:41,6636.18,6636.34,6623.65,6623.65,7411000.0
12:42,6630.84,6636.82,6629.82,6636.04,5786000.0
12:43,6632.44,6633.7,6630.36,6630.75,4920000.0
12:44,6629.37,6632.67,6628.06,6632.49,4480000.0
12:45,6622.33,6629.47,6622.33,6629.47,6212000.0
12:46,6617.02,6624.18,6616.47,6622.22,9036000.0
12:47,6624.94,6628.83,6617.14,6617.14,6842000.0
12:48,6624.38,6627.33,6623.36,6624.76,4498000.0
12:49,6631.19,6631.19,6624.52,6624.55,5483000.0
12:50,6640.4,6640.4,6630.8,6631.01,8224000.0
12:51,6634.28,6641.53,6633.07,6640.46,6369000.0
12:52,6634.31,6636.15,6633.01,6634.25,4898000.0
12:53,6639.81,6639.81,6634.11,6634.22,4574000.0
12:54,6639.15,6640.16,6637.32,6639.95,4550000.0
12:55,6646.13,6646.14,6638.98,6638.98,5946000.0
12:56,6648.75,6648.99,6645.56,6646.31,6403000.0
12:57,6651.59,6651.59,6648.76,6648.77,5064000.0
12:58,6654.73,6655.88,6651.46,6651.61,6807000.0
12:59,6656.06,6656.38,6654.48,6654.77,5134000.0
13:00,6657.3,6657.9,6654.35,6656.05,3351000.0
13:01,6647.14,6650.16,6647.14,6649.61,10018000.0
13:02,6645.29,6646.94,6643.19,6646.9,5535000.0
13:03,6640.95,6645.06,6640.95,6645.06,5025000.0
13:04,6642.06,6644.81,6639.39,6640.91,5085000.0
13:05,6641.01,6643.45,6640.34,6642.25,4602000.0
13:06,6637.04,6641.03,6636.57,6641.01,6519000.0
13:07,6647.27,6650.9,6637.03,6637.03,8799000.0
13:08,6649.45,6650.24,6644.31,6647.45,7708000.0
13:09,6648.48,6651.62,6646.21,6649.17,7257000.0
13:10,6646.64,6648.29,6645.25,6648.29,4539000.0
13:11,6651.59,6652.96,6646.55,6646.74,5801000.0
13:12,6652.37,6655.17,6650.59,6651.56,7397000.0
13:13,6651.92,6655.26,6651.57,6652.36,5697000.0
13:14,6649.65,6652.61,6649.64,6651.96,4201000.0
13:15,6649.51,6651.0,6646.98,6649.38,5674000.0
13:16,6652.31,6652.33,6648.95,6649.71,5506000.0
13:17,6656.46,6657.36,6652.14,6652.41,6621000.0
13:18,6662.92,6664.09,6655.93,6656.3,7368000.0
13:19,6658.57,6663.98,6657.94,6662.35,7464000.0
13:20,6655.71,6658.54,6654.75,6658.54,5077000.0
13:21,6647.86,6655.99,6646.15,6655.93,6500000.0
13:22,6648.45,6650.65,6647.9,6648.39,4150000.0
13:23,6647.44,6648.2,6646.44,6648.2,4099000.0
13:24,6650.58,6652.09,6646.56,6647.41,5697000.0
13:25,6649.83,6651.23,6648.77,6650.56,4826000.0
13:26,6651.02,6651.06,6648.9,6649.9,5169000.0
13:27,6655.21,6655.21,6650.91,6650.97,4330000.0
13:28,6656.61,6657.53,6654.81,6655.25,5225000.0
13:29,6657.68,6657.84,6655.56,6656.61,3605000.0
13:30,6660.47,6661.54,6657.17,6657.63,6300000.0
13:31,6654.77,6660.39,6654.63,6660.37,5197000.0
13:32,6657.58,6657.76,6652.6,6654.8,5348000.0
13:33,6657.14,6658.4,6656.3,6657.7,4265000.0
13:34,6655.15,6657.62,6655.0,6657.07,4303000.0
13:35,6656.63,6656.98,6653.22,6655.04,5155000.0
13:36,6656.5,6656.5,6655.08,6656.24,3557000.0
13:37,6655.97,6657.27,6655.94,6656.2,4348000.0
13:38,6657.57,6657.57,6655.37,6655.83,4853000.0
13:39,6649.72,6658.07,6649.72,6657.53,5769000.0
13:40,6645.17,6649.81,6644.31,6649.81,7044000.0
13:41,6641.45,6646.13,6640.49,6645.22,6641000.0
13:42,6641.48,6643.69,6641.44,6641.6,5369000.0
13:43,6639.64,6641.51,6638.75,6641.08,5474000.0
13:44,6641.88,6642.29,6639.19,6639.66,4394000.0
13:45,6637.84,6642.11,6637.84,6641.89,4583000.0
13:46,6639.06,6640.96,6637.79,6637.79,5382000.0
13:47,6642.68,6643.18,6638.44,6639.22,5753000.0
13:48,6642.8,6643.04,6641.12,6642.65,4280000.0
13:49,6643.44,6644.39,6642.13,6642.85,4065000.0
13:50,6638.81,6643.5,6638.41,6643.24,5227000.0
13:51,6637.51,6639.85,6637.36,6639.14,4022000.0
13:52,6638.42,6638.68,6637.58,6637.69,5411000.0
13:53,6634.7,6638.59,6634.62,6638.17,5128000.0
13:54,6634.92,6635.57,6633.98,6634.96,4213000.0
13:55,6640.09,6641.92,6635.23,6635.23,6259000.0
13:56,6639.73,6640.34,6638.41,6639.97,4525000.0
13:57,6637.68,6640.49,6637.68,6639.68,4523000.0
13:58,6638.5,6639.42,6637.1,6637.69,4890000.0
13:59,6639.81,6639.81,6638.11,6638.6,3758000.0
14:00,6636.06,6640.77,6635.84,6639.94,5775000.0
14:01,6634.33,6636.87,6634.22,6636.16,5997000.0
14:02,6634.43,6635.36,6634.21,6634.32,4544000.0
14:03,6631.56,6634.99,6630.63,6634.45,5404000.0
14:04,6624.81,6631.6,6624.81,6631.42,5675000.0
14:05,6622.41,6625.75,6620.91,6624.77,7029000.0
14:06,6620.46,6622.66,6620.46,6622.09,4909000.0
14:07,6618.74,6621.17,6617.3,6620.1,6795000.0
14:08,6618.7,6620.24,6617.77,6618.76,5899000.0
14:09,6618.64,6619.05,6617.7,6618.84,4819000.0
14:10,6617.57,6620.47,6616.91,6618.79,5419000.0
14:11,6614.22,6617.51,6614.22,6617.51,5652000.0
14:12,6604.17,6614.03,6604.17,6614.03,7929000.0
14:13,6606.16,6606.16,6603.15,6604.05,6167000.0
14:14,6605.99,6607.05,6605.14,6606.21,5111000.0
14:15,6601.18,6605.83,6600.37,6605.83,6188000.0
14:16,6603.32,6603.32,6597.0,6601.22,8134000.0
14:17,6608.07,6608.26,6602.39,6603.42,7014000.0
14:18,6607.54,6610.03,6607.03,6608.33,5936000.0
14:19,6599.9,6607.62,6599.9,6607.43,5911000.0
14:20,6604.16,6604.33,6599.56,6599.93,7099000.0
14:21,6608.13,6608.29,6601.52,6604.14,5630000.0
14:22,6612.45,6613.9,6608.05,6608.24,6416000.0
14:23,6614.57,6614.8,6610.66,6611.75,5296000.0
14:24,6610.37,6614.43,6608.32,6614.43,5700000.0
14:25,6606.41,6612.61,6606.14,6610.58,6172000.0
14:26,6604.34,6606.76,6602.89,6606.33,5658000.0
14:27,6602.91,6606.0,6602.4,6604.36,5083000.0
14:28,6601.94,6602.81,6600.99,6602.8,5284000.0
14:29,6605.79,6606.5,6601.56,6602.01,6667000.0
14:30,6606.71,6608.87,6604.74,6605.68,5803000.0
14:31,6599.92,6606.75,6599.85,6606.75,6148000.0
14:32,6598.77,6599.8,6596.83,6599.8,6377000.0
14:33,6597.85,6600.34,6597.8,6598.79,5799000.0
14:34,6595.36,6597.65,6593.99,6597.65,6229000.0
14:35,6607.81,6607.81,6594.35,6595.37,8694000.0
14:36,6608.23,6609.79,6607.29,6608.02,6005000.0
14:37,6607.8,6609.88,6606.66,6608.63,4927000.0
14:38,6610.56,6610.96,6606.68,6607.96,7342000.0
14:39,6609.51,6613.33,6609.51,6610.25,5891000.0
14:40,6608.77,6610.25,6608.19,6609.53,4511000.0
14:41,6611.94,6613.48,6607.94,6608.8,5764000.0
14:42,6612.51,6612.51,6610.51,6611.81,4321000.0
14:43,6621.14,6621.25,6612.41,6612.6,7388000.0
14:44,6620.48,6624.27,6618.67,6620.95,7310000.0
14:45,6622.24,6624.86,6620.49,6620.49,5697000.0
14:46,6622.91,6624.75,6622.37,6622.48,5659000.0
14:47,6625.52,6627.8,6623.02,6623.02,6379000.0
14:48,6622.02,6625.51,6621.17,6625.51,4949000.0
14:49,6620.1,6622.73,6619.41,6622.04,4969000.0
14:50,6620.88,6620.88,6617.41,6619.96,5504000.0
14:51,6620.12,6621.33,6617.97,6621.33,4611000.0
14:52,6622.48,6622.69,6619.66,6620.4,4627000.0
14:53,6623.05,6624.79,6622.04,6622.69,5095000.0
14:54,6625.51,6625.51,6623.3,6623.3,5248000.0
14:55,6624.02,6627.6,6623.86,6625.54,6300000.0
14:56,6623.9,6625.42,6622.76,6624.07,5184000.0
14:57,6623.76,6624.95,6623.29,6623.89,5032000.0
14:58,6624.52,6625.8,6623.57,6623.57,4309000.0
14:59,6626.91,6626.96,6624.51,6624.51,4547000.0
15:00,6624.1,6627.61,6623.07,6626.93,6810000.0
15:01,6626.92,6628.93,6623.59,6623.85,5606000.0
15:02,6620.72,6627.28,6620.12,6627.06,5797000.0
15:03,6620.49,6622.22,6620.27,6620.78,4564000.0
15:04,6623.2,6623.86,6619.86,6620.46,5286000.0
15:05,6621.58,6624.6,6620.88,6623.48,5485000.0
15:06,6626.19,6626.47,6620.78,6621.54,5771000.0
15:07,6623.52,6626.63,6622.62,6626.17,5346000.0
15:08,6622.95,6624.85,6622.58,6623.63,4804000.0
15:09,6624.09,6624.79,6622.09,6622.92,5522000.0
15:10,6629.9,6630.13,6622.27,6624.13,7238000.0
15:11,6623.64,6630.23,6623.64,6630.04,6306000.0
15:12,6624.01,6624.38,6622.04,6623.75,7273000.0
15:13,6618.69,6624.21,6617.56,6624.21,7641000.0
15:14,6617.14,6620.05,6616.84,6618.85,6014000.0
15:15,6615.61,6618.27,6614.37,6616.93,6699000.0
15:16,6613.95,6615.57,6613.22,6615.17,5109000.0
15:17,6610.39,6614.21,6609.89,6613.74,5875000.0
15:18,6611.51,6613.2,6610.07,6610.32,6036000.0
15:19,6611.49,6612.78,6610.75,6611.73,5814000.0
15:20,6608.15,6612.44,6608.15,6611.62,7820000.0
15:21,6604.19,6608.26,6604.19,6608.09,9211000.0
15:22,6606.86,6606.86,6602.67,6604.12,5942000.0
15:23,6608.7,6610.45,6607.09,6607.33,5884000.0
15:24,6615.59,6616.14,6608.7,6608.7,6962000.0
15:25,6613.24,6616.69,6612.98,6615.31,6716000.0
15:26,6610.17,6613.16,6610.05,6613.16,9923000.0
15:27,6610.21,6610.28,6608.75,6610.13,5648000.0
15:28,6611.78,6612.41,6610.19,6610.19,6115000.0
15:29,6611.13,6611.9,6610.73,6611.84,6157000.0
15:30,6608.49,6612.92,6607.4,6611.13,7590000.0
15:31,6606.54,6609.46,6606.54,6608.41,7320000.0
15:32,6607.36,6608.4,6605.85,6606.5,6806000.0
15:33,6605.6,6608.13,6604.73,6607.37,7105000.0
15:34,6608.2,6608.44,6603.99,6605.59,8443000.0
15:35,6608.94,6608.94,6606.15,6607.89,6928000.0
15:36,6615.85,6617.21,6608.78,6608.93,11168000.0
15:37,6611.58,6615.72,6611.35,6615.72,7462000.0
15:38,6611.64,6612.29,6610.81,6612.22,6903000.0
15:39,6609.74,6611.71,6607.51,6611.71,7908000.0
15:40,6614.87,6614.87,6609.9,6609.9,8724000.0
15:41,6613.5,6615.75,6612.66,6614.9,8399000.0
15:42,6616.5,6616.52,6613.5,6613.61,8124000.0
15:43,6612.75,6617.24,6612.75,6616.41,9461000.0
15:44,6616.77,6616.77,6612.71,6612.71,7456000.0
15:45,6619.05,6620.3,6616.74,6616.74,10887000.0
15:46,6614.83,6619.05,6614.73,6619.05,10250000.0
15:47,6618.92,6618.92,6614.56,6614.93,10612000.0
15:48,6617.92,6619.96,6616.93,6618.99,11571000.0
15:49,6624.47,6624.58,6618.3,6618.3,11443000.0
15:50,6626.91,6627.14,6622.05,6624.64,18347000.0
15:51,6626.38,6627.61,6625.37,6626.87,15137000.0
15:52,6630.66,6631.08,6626.07,6626.43,15714000.0
15:53,6628.15,6631.76,6628.15,6630.75,17150000.0
15:54,6631.32,6631.74,6627.55,6628.09,21392000.0
15:55,6630.04,6633.86,6627.79,6631.17,29164000.0
15:56,6627.36,6630.84,6627.36,6630.04,25912000.0
15:57,6622.0,6628.46,6622.0,6627.19,33428000.0
15:58,6625.63,6626.23,6622.39,6622.39,38840000.0
15:59,6629.0,6629.88,6623.81,6625.7,75860000.0
