Time,Close,High,Low,Open,Volume
09:30,6785.17,6788.39,6783.29,6787.59,1.0
09:31,6790.3,6790.83,6785.36,6785.77,15497797.0
09:32,6795.79,6796.68,6790.15,6790.41,14727819.0
09:33,6792.01,6795.8,6791.14,6795.8,13191805.0
09:34,6793.33,6796.15,6791.86,6791.9,10592277.0
09:35,6789.43,6793.19,6787.98,6793.19,11558741.0
09:36,6790.07,6792.46,6788.73,6788.73,10892856.0
09:37,6792.12,6792.88,6790.15,6790.23,10087995.0
09:38,6794.25,6795.76,6792.0,6792.0,11233627.0
09:39,6790.21,6793.98,6790.21,6793.77,8766238.0
09:40,6786.59,6790.23,6786.39,6790.23,12002276.0
09:41,6779.85,6786.1,6778.37,6786.1,11720971.0
09:42,6781.34,6783.29,6778.99,6779.89,10173628.0
09:43,6781.22,6782.57,6779.69,6781.52,9161206.0
09:44,6780.77,6782.61,6779.3,6781.06,9556185.0
09:45,6787.38,6787.71,6780.31,6780.7,12676280.0
09:46,6786.82,6787.82,6784.81,6787.62,10024122.0
09:47,6788.41,6790.12,6786.4,6786.91,10326310.0
09:48,6791.14,6791.47,6788.14,6788.92,10881425.0
09:49,6783.12,6791.26,6782.57,6790.92,10521297.0
09:50,6777.43,6786.17,6776.45,6782.93,12078781.0
09:51,6774.36,6778.39,6774.12,6777.53,11754272.0
09:52,6774.54,6775.77,6772.22,6774.71,10474327.0
09:53,6774.85,6776.15,6774.13,6774.27,9721943.0
09:54,6769.92,6774.82,6769.92,6774.82,9284858.0
09:55,6771.0,6771.55,6768.78,6769.85,9839980.0
09:56,6771.39,6771.92,6768.38,6771.45,9489651.0
09:57,6766.46,6771.36,6766.46,6771.36,10636870.0
09:58,6766.71,6769.64,6766.21,6766.43,10346425.0
09:59,6761.7,6766.85,6761.34,6766.85,9119315.0
10:00,6757.22,6761.92,6754.41,6761.92,13321338.0
10:01,6755.66,6758.33,6754.93,6757.23,11864617.0
10:02,6751.38,6756.14,6749.67,6755.36,13973053.0
10:03,6752.99,6754.25,6749.79,6751.51,13150813.0
10:04,6746.15,6753.0,6746.09,6753.0,9662366.0
10:05,6752.46,6753.52,6746.29,6746.41,11256841.0
10:06,6756.32,6756.32,6751.12,6752.03,9899340.0
10:07,6753.27,6756.58,6752.28,6756.54,9369488.0
10:08,6752.89,6755.41,6750.64,6753.69,9116059.0
10:09,6753.39,6755.11,6751.7,6753.56,8797103.0
10:10,6760.59,6761.01,6753.47,6753.47,11162228.0
10:11,6760.65,6762.87,6760.54,6760.85,10402569.0
10:12,6753.41,6761.15,6753.36,6760.46,9227197.0
10:13,6753.73,6755.11,6753.25,6753.45,7531237.0
10:14,6752.19,6754.84,6751.26,6753.93,7960359.0
10:15,6753.18,6753.76,6749.36,6752.11,9261393.0
10:16,6758.69,6759.94,6753.11,6753.37,8561379.0
10:17,6762.31,6763.28,6758.27,6758.36,7866014.0
10:18,6766.87,6766.87,6762.37,6762.37,8363563.0
10:19,6764.41,6766.06,6761.9,6765.96,9174021.0
10:20,6768.55,6769.04,6764.15,6764.15,8144500.0
10:21,6769.95,6770.2,6768.53,6768.58,8073398.0
10:22,6773.45,6773.76,6769.19,6769.89,7889976.0
10:23,6772.69,6773.8,6770.65,6773.25,7302524.0
10:24,6772.09,6774.68,6771.4,6772.82,7747098.0
10:25,6772.61,6772.78,6770.65,6771.68,7444143.0
10:26,6768.83,6772.64,6767.97,6772.45,7668340.0
10:27,6767.51,6769.84,6766.6,6768.83,7525888.0
10:28,6769.39,6770.39,6766.91,6767.2,6585285.0
10:29,6765.85,6770.14,6765.56,6769.49,7149632.0
10:30,6763.68,6766.92,6763.14,6765.93,8809024.0
10:31,6764.75,6766.81,6762.65,6763.65,8255169.0
10:32,6759.66,6765.86,6759.66,6764.73,8729946.0
10:33,6754.89,6759.53,6754.28,6759.53,10388355.0
10:34,6756.13,6756.32,6754.22,6755.02,8292130.0
10:35,6752.57,6756.19,6751.53,6756.19,7699215.0
10:36,6743.9,6752.87,6743.9,6752.54,9146908.0
10:37,6737.44,6744.49,6737.44,6743.82,12045636.0
10:38,6741.88,6743.22,6737.64,6737.64,10041646.0
10:39,6739.05,6741.31,6738.91,6741.31,7726837.0
10:40,6735.69,6739.84,6735.69,6739.18,9615982.0
10:41,6735.04,6738.06,6734.5,6735.63,9554767.0
10:42,6736.67,6737.12,6733.97,6735.21,7584430.0
10:43,6736.84,6739.7,6735.68,6736.47,8524327.0
10:44,6730.95,6737.42,6730.64,6736.94,9491224.0
10:45,6737.48,6737.48,6731.08,6731.08,8763195.0
10:46,6735.52,6737.77,6733.1,6737.77,8479277.0
10:47,6732.6,6736.23,6732.6,6735.26,7588322.0
10:48,6732.06,6735.48,6729.72,6732.82,10754419.0
10:49,6733.87,6734.16,6730.09,6731.94,8595082.0
10:50,6731.99,6738.22,6731.9,6734.36,8267496.0
10:51,6736.46,6738.14,6732.27,6732.27,7926335.0
10:52,6734.91,6736.83,6732.61,6736.4,7172389.0
10:53,6730.94,6735.48,6730.85,6734.91,7598427.0
10:54,6736.83,6737.29,6730.53,6730.53,7566010.0
10:55,6737.82,6738.41,6735.6,6736.99,8010175.0
10:56,6731.36,6737.46,6729.35,6737.46,8439783.0
10:57,6731.4,6733.52,6731.03,6731.03,7804925.0
10:58,6729.7,6731.85,6729.62,6731.28,8730712.0
10:59,6729.02,6731.04,6727.43,6730.03,7880453.0
11:00,6731.06,6731.31,6728.91,6729.04,8083998.0
11:01,6731.53,6735.01,6730.98,6731.05,8690166.0
11:02,6732.86,6735.0,6731.58,6731.58,9469287.0
11:03,6731.98,6734.2,6731.38,6732.82,7108351.0
11:04,6735.39,6735.48,6731.57,6731.97,7353833.0
11:05,6737.91,6738.61,6735.28,6735.48,7594146.0
11:06,6736.05,6740.33,6736.04,6737.79,6726586.0
11:07,6731.87,6737.22,6731.04,6736.07,6555000.0
11:08,6737.55,6737.55,6731.8,6731.8,6501000.0
11:09,6734.93,6737.77,6733.43,6737.75,6690000.0
11:10,6730.75,6735.29,6730.72,6735.02,6385000.0
11:11,6734.03,6734.67,6731.13,6731.14,5770000.0
11:12,6730.85,6735.48,6729.86,6734.46,7451000.0
11:13,6733.1,6734.22,6730.82,6730.82,6133000.0
11:14,6735.0,6736.0,6733.09,6733.09,6141000.0
11:15,6735.76,6737.57,6734.84,6734.84,6883000.0
11:16,6732.33,6738.14,6732.21,6735.71,7141000.0
11:17,6731.08,6732.89,6730.28,6732.12,5824000.0
11:18,6726.57,6731.5,6726.3,6731.06,7312000.0
11:19,6729.96,6730.3,6726.66,6726.71,6204000.0
11:20,6733.33,6733.6,6729.23,6730.0,6460000.0
11:21,6733.65,6735.34,6730.72,6733.72,5835000.0
11:22,6725.47,6733.9,6725.37,6733.71,8033000.0
11:23,6725.81,6727.6,6725.13,6725.53,6839000.0
11:24,6725.49,6726.47,6724.62,6725.96,6197000.0
11:25,6724.69,6726.3,6722.14,6725.86,7816000.0
11:26,6727.81,6728.07,6723.09,6724.53,7224000.0
11:27,6725.82,6728.01,6725.11,6728.01,6980000.0
11:28,6728.68,6728.78,6725.62,6725.83,7425000.0
11:29,6734.18,6735.23,6728.35,6728.64,7658000.0
11:30,6729.16,6734.21,6728.51,6734.21,6500000.0
11:31,6729.13,6731.45,6728.86,6729.71,6311000.0
11:32,6729.67,6730.2,6727.36,6729.09,6285000.0
11:33,6730.43,6731.99,6728.52,6729.56,6752000.0
11:34,6728.86,6731.13,6728.3,6731.07,5894000.0
11:35,6719.6,6728.86,6718.55,6728.86,10433000.0
11:36,6724.23,6725.31,6718.89,6719.51,7524000.0
11:37,6721.95,6726.08,6721.82,6724.27,7197000.0
11:38,6723.01,6725.06,6721.86,6721.91,6355000.0
11:39,6720.3,6723.44,6720.02,6722.93,7527000.0
11:40,6720.86,6721.6,6718.55,6720.55,6837000.0
11:41,6718.95,6722.33,6718.53,6721.75,6931000.0
11:42,6719.57,6720.52,6718.85,6719.2,6337000.0
11:43,6716.64,6719.63,6714.24,6719.58,7926000.0
11:44,6719.8,6719.8,6716.48,6716.48,6802000.0
11:45,6716.48,6719.81,6715.46,6719.71,5977000.0
11:46,6717.29,6718.1,6715.94,6716.46,5564000.0
11:47,6714.91,6717.47,6714.12,6717.26,6621000.0
11:48,6715.69,6716.64,6714.73,6715.12,5363000.0
11:49,6715.79,6716.17,6714.21,6715.37,6313000.0
11:50,6717.52,6718.95,6714.74,6715.87,6970000.0
11:51,6719.07,6720.83,6717.51,6717.51,5792000.0
11:52,6723.67,6723.67,6719.27,6719.27,7110000.0
11:53,6720.26,6724.51,6720.0,6723.76,6896000.0
11:54,6723.6,6724.24,6720.27,6720.27,5198000.0
11:55,6716.57,6723.54,6715.9,6723.54,7142000.0
11:56,6710.81,6717.53,6710.34,6716.45,8262000.0
11:57,6714.92,6714.95,6711.05,6711.05,7127000.0
11:58,6714.23,6716.33,6713.83,6715.13,8062000.0
11:59,6712.32,6714.22,6711.46,6714.22,6432000.0
12:00,6718.73,6719.5,6712.32,6712.32,7955000.0
12:01,6718.56,6720.7,6718.39,6718.84,7079000.0
12:02,6721.04,6721.04,6717.02,6718.54,5812000.0
12:03,6717.08,6721.46,6717.08,6721.19,6474000.0
12:04,6722.06,6722.06,6716.84,6717.15,5585000.0
12:05,6724.2,6724.36,6720.63,6721.87,6529000.0
12:06,6724.59,6724.84,6722.51,6724.09,6081000.0
12:07,6717.46,6724.95,6717.31,6724.95,6883000.0
12:08,6716.91,6719.39,6715.56,6717.55,5463000.0
12:09,6724.4,6724.4,6717.56,6717.56,6792000.0
12:10,6727.93,6728.32,6724.34,6724.52,7248000.0
12:11,6729.5,6731.51,6727.45,6728.01,6964000.0
12:12,6727.3,6729.68,6726.12,6729.48,5395000.0
12:13,6723.48,6727.42,6723.16,6727.05,5294000.0
12:14,6721.05,6724.35,6721.05,6723.6,5833000.0
12:15,6718.13,6721.05,6717.7,6721.05,6286000.0
12:16,6716.17,6719.53,6716.17,6718.21,5547000.0
12:17,6718.05,6718.96,6715.93,6715.93,5166000.0
12:18,6719.72,6722.48,6718.18,6718.23,5466000.0
12:19,6720.0,6720.22,6717.73,6719.56,4818000.0
12:20,6717.36,6720.03,6716.45,6720.03,5169000.0
12:21,6711.33,6717.4,6710.73,6717.39,6497000.0
12:22,6712.63,6712.72,6711.03,6711.26,4907000.0
12:23,6711.02,6715.41,6710.95,6712.63,7527000.0
12:24,6712.04,6713.9,6710.77,6710.77,5565000.0
12:25,6711.01,6712.12,6710.36,6712.04,5158000.0
12:26,6709.33,6713.12,6707.51,6711.35,5982000.0
12:27,6712.2,6712.3,6709.36,6709.58,5221000.0
12:28,6713.63,6713.97,6711.79,6712.04,4986000.0
12:29,6715.87,6716.11,6713.11,6713.27,5397000.0
12:30,6715.67,6715.78,6713.47,6715.78,5568000.0
12:31,6716.65,6716.65,6715.46,6715.65,5866000.0
12:32,6720.84,6721.97,6716.89,6716.89,6282000.0
12:33,6722.35,6723.92,6720.39,6720.8,5855000.0
12:34,6718.32,6722.36,6717.58,6722.35,5521000.0
12:35,6722.56,6722.84,6718.17,6718.17,5371000.0
12:36,6722.76,6723.17,6720.75,6722.57,5135000.0
12:37,6720.5,6724.32,6720.5,6722.85,8600000.0
12:38,6724.08,6724.1,6720.39,6720.39,4371000.0
12:39,6718.38,6724.11,6718.38,6724.01,5103000.0
12:40,6719.62,6719.86,6718.17,6718.54,5375000.0
12:41,6719.5,6721.94,6719.5,6719.86,4652000.0
12:42,6724.13,6724.49,6719.52,6719.52,5383000.0
12:43,6725.8,6726.37,6724.13,6724.19,5502000.0
12:44,6726.17,6726.4,6724.67,6726.4,4860000.0
12:45,6730.93,6730.93,6726.12,6726.27,6028000.0
12:46,6730.43,6731.63,6730.43,6731.0,5750000.0
12:47,6732.78,6733.0,6729.87,6730.44,5164000.0
12:48,6732.91,6734.08,6732.8,6732.8,5314000.0
12:49,6731.79,6733.86,6731.71,6732.97,5766000.0
12:50,6733.78,6734.43,6731.71,6731.91,5627000.0
12:51,6734.35,6735.24,6733.63,6733.63,4646000.0
12:52,6735.49,6735.82,6733.03,6734.28,4710000.0
12:53,6732.39,6735.96,6731.51,6735.58,5864000.0
12:54,6734.71,6735.03,6732.15,6732.15,4604000.0
12:55,6735.59,6736.13,6733.38,6734.78,4978000.0
12:56,6735.84,6736.29,6734.82,6735.4,4573000.0
12:57,6732.47,6735.75,6732.47,6735.75,5233000.0
12:58,6732.25,6734.65,6732.25,6732.31,4347000.0
12:59,6731.76,6732.4,6729.91,6732.18,5173000.0
13:00,6731.28,6731.84,6730.87,6731.84,4721000.0
13:01,6733.44,6734.1,6730.91,6730.91,5067000.0
13:02,6733.63,6734.35,6732.82,6733.49,4487000.0
13:03,6728.23,6733.61,6728.15,6733.61,5393000.0
13:04,6724.26,6728.56,6723.92,6728.09,5367000.0
13:05,6719.15,6724.5,6719.07,6724.1,5640000.0
13:06,6714.11,6719.09,6712.77,6719.09,7255000.0
13:07,6714.91,6716.6,6713.92,6713.92,6281000.0
13:08,6714.7,6716.78,6714.48,6714.79,5276000.0
13:09,6713.95,6715.03,6713.56,6714.69,4697000.0
13:10,6713.89,6714.86,6712.43,6713.89,5417000.0
13:11,6713.47,6714.36,6712.69,6713.89,4326000.0
13:12,6713.51,6714.55,6713.11,6713.57,5232000.0
13:13,6715.91,6718.3,6713.59,6713.59,5283000.0
13:14,6716.71,6716.82,6714.53,6716.05,3928000.0
13:15,6717.28,6719.48,6716.59,6716.76,4680000.0
13:16,6717.39,6718.3,6716.8,6717.43,4031000.0
13:17,6716.74,6717.28,6714.87,6717.28,4014000.0
13:18,6716.5,6717.73,6714.5,6716.86,4264000.0
13:19,6716.68,6717.01,6714.67,6716.48,4125000.0
13:20,6719.13,6720.0,6716.19,6716.76,5240000.0
13:21,6717.89,6720.18,6716.23,6719.17,4671000.0
13:22,6718.32,6718.46,6717.64,6717.92,4153000.0
13:23,6722.07,6722.07,6718.32,6718.32,5333000.0
13:24,6725.85,6725.99,6721.99,6722.16,5404000.0
13:25,6728.41,6729.32,6725.59,6725.78,5201000.0
13:26,6732.65,6732.97,6728.18,6728.39,5255000.0
13:27,6728.71,6732.75,6728.71,6732.75,4817000.0
13:28,6731.59,6731.59,6728.61,6728.61,3650000.0
13:29,6730.25,6732.64,6729.38,6731.62,4465000.0
13:30,6733.45,6733.45,6730.25,6730.25,4995000.0
13:31,6734.48,6734.92,6733.23,6733.42,5285000.0
13:32,6733.62,6734.6,6733.53,6734.52,4382000.0
13:33,6732.09,6735.14,6731.95,6733.81,4921000.0
13:34,6734.23,6734.23,6731.94,6732.02,4005000.0
13:35,6736.23,6737.02,6733.5,6734.52,6079000.0
13:36,6740.37,6740.37,6736.39,6736.39,5305000.0
13:37,6739.0,6740.21,6738.79,6740.21,5683000.0
13:38,6737.41,6739.27,6737.1,6739.04,4371000.0
13:39,6738.27,6739.26,6736.45,6737.42,5457000.0
13:40,6737.67,6739.98,6737.5,6738.32,4471000.0
13:41,6738.36,6740.58,6737.79,6738.15,5370000.0
13:42,6740.97,6741.09,6737.82,6738.28,5352000.0
13:43,6739.4,6741.91,6739.39,6740.75,5991000.0
13:44,6740.17,6741.59,6739.46,6739.46,5038000.0
13:45,6739.2,6740.3,6738.95,6740.11,5545000.0
13:46,6734.61,6739.66,6734.43,6739.34,5634000.0
13:47,6736.83,6737.49,6734.14,6734.69,4951000.0
13:48,6737.88,6739.63,6736.76,6736.77,4735000.0
13:49,6738.59,6738.88,6737.01,6737.76,4176000.0
13:50,6739.27,6739.87,6737.74,6738.57,5125000.0
13:51,6740.14,6740.75,6738.9,6739.32,4018000.0
13:52,6740.21,6740.37,6739.21,6740.01,3941000.0
13:53,6737.05,6740.5,6736.55,6740.05,4811000.0
13:54,6739.71,6740.26,6737.06,6737.2,5429000.0
13:55,6735.97,6739.96,6735.95,6739.73,6105000.0
13:56,6733.61,6736.33,6733.52,6735.99,5026000.0
13:57,6732.86,6733.78,6731.49,6733.41,4888000.0
13:58,6733.89,6735.14,6732.63,6732.86,4613000.0
13:59,6735.2,6735.71,6733.88,6734.07,5482000.0
14:00,6735.64,6736.43,6733.95,6735.2,4562000.0
14:01,6737.36,6738.39,6734.9,6735.61,5502000.0
14:02,6734.57,6737.33,6734.5,6737.33,5222000.0
14:03,6739.23,6739.26,6734.53,6734.6,4899000.0
14:04,6742.98,6743.32,6738.02,6739.14,5502000.0
14:05,6747.78,6747.83,6742.9,6743.07,5326000.0
14:06,6749.28,6750.74,6747.79,6747.8,5251000.0
14:07,6746.59,6749.45,6746.39,6749.4,5348000.0
14:08,6745.29,6746.95,6744.04,6746.63,4659000.0
14:09,6743.33,6745.47,6742.27,6745.21,4551000.0
14:10,6746.94,6746.99,6743.38,6743.38,4990000.0
14:11,6745.3,6747.01,6745.3,6746.85,4877000.0
14:12,6745.47,6746.28,6744.82,6744.85,4158000.0
14:13,6747.31,6747.31,6744.84,6745.45,4615000.0
14:14,6748.61,6749.22,6746.48,6747.33,4989000.0
14:15,6747.26,6749.63,6747.05,6748.57,4754000.0
14:16,6745.9,6748.36,6745.37,6747.49,5825000.0
14:17,6744.38,6746.92,6743.15,6745.98,4757000.0
14:18,6743.22,6745.37,6742.94,6744.31,4870000.0
14:19,6745.52,6746.37,6742.88,6743.24,4635000.0
14:20,6744.71,6746.26,6744.71,6745.59,4559000.0
14:21,6746.26,6746.51,6744.5,6744.5,4732000.0
14:22,6746.36,6747.91,6745.13,6745.9,4823000.0
14:23,6747.58,6747.92,6746.15,6746.61,3986000.0
14:24,6747.81,6748.47,6747.37,6747.37,8899000.0
14:25,6750.25,6750.28,6747.75,6747.75,5593000.0
14:26,6751.75,6752.03,6749.64,6750.04,7441000.0
14:27,6751.17,6754.67,6751.17,6751.8,5971000.0
14:28,6754.6,6754.78,6751.24,6751.26,5363000.0
14:29,6754.76,6755.86,6753.85,6754.66,4813000.0
14:30,6750.55,6755.0,6750.55,6754.81,6676000.0
14:31,6751.86,6752.26,6750.4,6750.4,5627000.0
14:32,6755.46,6755.46,6751.88,6751.91,5449000.0
14:33,6755.05,6756.04,6754.44,6755.43,4815000.0
14:34,6754.48,6755.21,6753.96,6755.03,4130000.0
14:35,6755.18,6755.18,6754.32,6754.4,4541000.0
14:36,6756.52,6757.63,6754.69,6755.05,5183000.0
14:37,6754.93,6756.67,6754.65,6756.4,4622000.0
14:38,6756.14,6756.88,6755.12,6755.2,4271000.0
14:39,6753.52,6756.77,6753.52,6756.03,4907000.0
14:40,6750.62,6753.51,6750.32,6753.42,5937000.0
14:41,6746.6,6750.68,6746.6,6750.59,5992000.0
14:42,6744.67,6746.67,6744.42,6746.67,5225000.0
14:43,6746.03,6746.3,6743.06,6744.62,6326000.0
14:44,6748.98,6749.17,6746.01,6746.01,5304000.0
14:45,6749.74,6749.74,6747.72,6748.98,5260000.0
14:46,6746.78,6749.52,6746.63,6749.52,6133000.0
14:47,6745.89,6747.81,6745.35,6746.95,4542000.0
14:48,6743.88,6747.4,6743.88,6746.2,4492000.0
14:49,6744.93,6745.15,6742.78,6744.19,4607000.0
14:50,6746.41,6746.69,6744.03,6744.99,5310000.0
14:51,6744.51,6747.2,6744.5,6746.29,5349000.0
14:52,6742.0,6744.51,6741.85,6744.4,5573000.0
14:53,6744.94,6745.43,6740.85,6741.72,5610000.0
14:54,6746.0,6746.5,6744.42,6745.09,5079000.0
14:55,6748.7,6748.7,6745.45,6745.97,5999000.0
14:56,6749.83,6750.65,6748.77,6748.77,5548000.0
14:57,6753.08,6753.29,6749.65,6749.81,5532000.0
14:58,6754.14,6754.71,6753.32,6753.32,5476000.0
14:59,6750.46,6754.1,6749.72,6754.07,6010000.0
15:00,6750.09,6751.92,6750.09,6750.72,5959000.0
15:01,6747.27,6750.52,6746.87,6750.27,6030000.0
15:02,6746.93,6748.62,6745.87,6747.3,6079000.0
15:03,6748.55,6748.85,6747.0,6747.0,5264000.0
15:04,6748.94,6749.47,6748.16,6748.53,4959000.0
15:05,6750.79,6751.37,6748.33,6748.83,5385000.0
15:06,6749.49,6750.68,6748.42,6750.68,5330000.0
15:07,6750.83,6751.24,6748.73,6749.67,5014000.0
15:08,6749.51,6752.0,6748.99,6750.86,5661000.0
15:09,6750.42,6750.57,6748.51,6749.36,6429000.0
15:10,6750.97,6752.38,6750.15,6750.41,5612000.0
15:11,6751.65,6752.4,6750.92,6751.07,5919000.0
15:12,6748.21,6753.33,6747.98,6751.96,6238000.0
15:13,6750.7,6750.88,6748.36,6748.36,6424000.0
15:14,6750.5,6751.2,6749.84,6750.6,5217000.0
15:15,6748.11,6751.13,6748.02,6750.35,6387000.0
15:16,6748.13,6749.15,6745.03,6747.87,6984000.0
15:17,6747.78,6748.56,6747.61,6748.05,5087000.0
15:18,6750.01,6750.29,6747.7,6747.7,6142000.0
15:19,6750.35,6751.75,6750.05,6750.06,6632000.0
15:20,6749.14,6750.79,6749.11,6750.39,5697000.0
15:21,6751.08,6751.55,6748.8,6749.14,6585000.0
15:22,6751.52,6751.77,6750.4,6750.96,6315000.0
15:23,6752.73,6753.12,6750.79,6751.48,6042000.0
15:24,6752.68,6752.89,6751.63,6752.76,6406000.0
15:25,6752.82,6752.94,6751.04,6752.54,6336000.0
15:26,6751.47,6753.8,6751.47,6752.78,7441000.0
15:27,6750.02,6751.52,6749.47,6751.42,7339000.0
15:28,6748.3,6750.27,6747.72,6749.99,6425000.0
15:29,6743.82,6748.41,6743.29,6748.25,7516000.0
15:30,6744.41,6747.17,6743.88,6743.88,9188000.0
15:31,6741.63,6744.4,6741.44,6744.26,8363000.0
15:32,6741.23,6741.74,6737.68,6741.64,8528000.0
15:33,6742.23,6743.62,6741.85,6741.93,8397000.0
15:34,6745.79,6746.09,6742.14,6742.21,8355000.0
15:35,6746.63,6747.53,6745.74,6745.74,8617000.0
15:36,6744.87,6747.04,6744.21,6746.49,7979000.0
15:37,6743.8,6745.68,6743.8,6744.88,8273000.0
15:38,6741.54,6743.82,6741.45,6743.69,8853000.0
15:39,6739.65,6742.02,6739.48,6741.61,9752000.0
15:40,6740.5,6742.08,6739.4,6739.7,9862000.0
15:41,6739.19,6740.68,6738.86,6740.29,9745000.0
15:42,6736.13,6739.77,6736.05,6739.19,11088000.0
15:43,6736.36,6736.92,6734.55,6736.31,9964000.0
15:44,6734.23,6736.43,6733.7,6736.28,9278000.0
15:45,6732.14,6735.68,6731.48,6734.18,11465000.0
15:46,6726.5,6732.82,6726.09,6732.16,11858000.0
15:47,6726.02,6727.91,6726.0,6726.45,12141000.0
15:48,6726.78,6727.7,6724.12,6726.01,11995000.0
15:49,6723.91,6726.47,6723.91,6726.47,13543000.0
15:50,6726.38,6727.19,6723.73,6723.73,20323000.0
15:51,6727.29,6728.07,6725.66,6726.84,18126000.0
15:52,6729.48,6730.68,6727.12,6727.3,18694000.0
15:53,6728.68,6729.67,6727.19,6729.44,19176000.0
15:54,6725.39,6729.88,6724.79,6728.71,25515000.0
15:55,6724.85,6726.02,6723.06,6725.02,34989000.0
15:56,6723.45,6726.3,6723.45,6724.85,29778000.0
15:57,6721.95,6723.43,6720.69,6723.33,38312000.0
15:58,6720.58,6722.81,6719.36,6722.14,51374000.0
15:59,6721.72,6722.68,6715.98,6721.11,91160000.0
