Time,Close,High,Low,Open,Volume
09:30,6667.74,6672.66,6667.16,6669.79,1.0
09:31,6668.47,6669.55,6667.25,6667.82,12170092.0
09:32,6667.6,6669.65,6666.85,6668.35,12341673.0
09:33,6665.23,6667.68,6665.0,6667.32,11892916.0
09:34,6667.03,6667.03,6664.44,6665.04,10627806.0
09:35,6666.47,6667.82,6666.0,6667.06,10913225.0
09:36,6664.26,6666.78,6663.89,6666.31,11121892.0
09:37,6660.96,6664.33,6660.67,6664.1,9922593.0
09:38,6660.6,6662.28,6660.09,6661.0,7845667.0
09:39,6660.92,6663.13,6660.57,6660.57,9577091.0
09:40,6663.08,6663.08,6660.63,6660.8,9678920.0
09:41,6660.62,6663.04,6660.17,6663.04,8802654.0
09:42,6661.82,6661.94,6660.44,6660.77,9420636.0
09:43,6664.08,6664.08,6661.78,6661.78,10514956.0
09:44,6661.11,6661.98,6660.36,6660.41,9735282.0
09:45,6659.24,6661.25,6659.19,6661.11,10249989.0
09:46,6659.91,6660.26,6658.92,6659.42,8764021.0
09:47,6659.92,6661.13,6659.44,6659.76,7580269.0
09:48,6659.36,6660.01,6658.75,6660.01,8003787.0
09:49,6654.59,6659.4,6654.59,6659.4,7570692.0
09:50,6653.22,6655.9,6653.22,6654.39,9765094.0
09:51,6649.49,6654.35,6649.49,6653.54,8351348.0
09:52,6652.37,6653.07,6650.06,6650.06,8834085.0
09:53,6652.85,6653.93,6651.26,6652.39,7989641.0
09:54,6651.91,6653.29,6651.41,6652.64,8276624.0
09:55,6653.54,6654.96,6651.78,6651.78,7701673.0
09:56,6653.15,6654.39,6652.86,6653.25,7350248.0
09:57,6653.44,6654.19,6652.75,6653.24,6690387.0
09:58,6652.55,6654.56,6652.45,6653.58,6001909.0
09:59,6656.91,6656.91,6652.5,6652.5,8476639.0
10:00,6653.05,6656.38,6653.05,6656.38,10322377.0
10:01,6653.42,6653.7,6652.84,6652.92,8307227.0
10:02,6653.36,6654.3,6652.54,6653.52,6067450.0
10:03,6656.91,6656.96,6652.72,6653.47,7127159.0
10:04,6658.81,6659.23,6656.19,6657.02,7479482.0
10:05,6655.23,6659.0,6655.23,6658.79,8755008.0
10:06,6653.79,6655.62,6653.69,6655.52,7666979.0
10:07,6655.76,6655.76,6654.02,6654.16,6397158.0
10:08,6655.48,6656.39,6654.95,6655.97,7653448.0
10:09,6655.24,6655.99,6654.82,6655.41,7451490.0
10:10,6655.68,6655.76,6654.54,6655.14,6217074.0
10:11,6655.59,6655.92,6654.27,6655.92,7537687.0
10:12,6655.15,6656.28,6654.52,6655.68,6375115.0
10:13,6656.75,6656.78,6654.99,6655.09,6914459.0
10:14,6658.6,6658.74,6656.66,6656.74,7012669.0
10:15,6656.89,6658.67,6656.69,6658.61,6959938.0
10:16,6658.72,6658.73,6657.12,6657.12,6161211.0
10:17,6659.82,6660.21,6658.54,6658.71,5908689.0
10:18,6658.62,6659.64,6658.57,6659.64,5801928.0
10:19,6659.77,6660.09,6658.46,6658.66,6258814.0
10:20,6658.64,6660.12,6658.51,6659.92,7052147.0
10:21,6657.46,6659.1,6657.28,6658.74,6194760.0
10:22,6658.47,6658.95,6657.43,6657.49,6606514.0
10:23,6657.4,6658.73,6657.18,6658.45,6326597.0
10:24,6656.44,6657.23,6655.66,6657.23,5426177.0
10:25,6657.81,6658.57,6656.41,6656.41,6314378.0
10:26,6656.46,6658.01,6656.16,6657.81,6178990.0
10:27,6656.43,6657.0,6655.32,6656.38,5169280.0
10:28,6657.28,6657.53,6655.43,6656.49,5709331.0
10:29,6657.86,6658.24,6657.27,6657.27,5460095.0
10:30,6656.89,6657.73,6656.58,6657.73,6065466.0
10:31,6658.62,6658.93,6657.07,6657.1,6484364.0
10:32,6656.65,6659.26,6656.39,6658.62,6863259.0
10:33,6654.46,6656.84,6654.43,6656.59,6344079.0
10:34,6655.25,6655.51,6654.39,6654.39,5816358.0
10:35,6657.58,6658.3,6655.13,6655.13,6204461.0
10:36,6658.14,6658.76,6657.51,6657.51,5741220.0
10:37,6657.25,6658.3,6656.63,6658.12,7178696.0
10:38,6657.17,6657.78,6657.08,6657.34,5070212.0
10:39,6658.09,6658.46,6657.03,6657.21,7593667.0
10:40,6656.8,6658.24,6656.34,6658.24,5639490.0
10:41,6655.42,6657.52,6655.42,6656.82,6340407.0
10:42,6655.44,6656.08,6655.26,6655.53,5322090.0
10:43,6655.61,6657.01,6655.4,6655.4,5730051.0
10:44,6657.83,6657.93,6655.64,6655.64,5743847.0
10:45,6657.86,6658.12,6657.32,6657.91,5406816.0
10:46,6658.67,6659.34,6657.9,6657.91,5749480.0
10:47,6658.89,6659.09,6658.17,6658.63,5617820.0
10:48,6659.62,6660.03,6658.89,6658.89,4800377.0
10:49,6660.22,6660.83,6659.55,6659.55,5211711.0
10:50,6658.89,6660.68,6658.84,6660.18,5043185.0
10:51,6661.25,6661.52,6658.78,6658.91,5541352.0
10:52,6662.05,6662.14,6661.31,6661.31,4876735.0
10:53,6659.63,6662.0,6659.63,6662.0,5568086.0
10:54,6657.19,6659.85,6657.08,6659.58,5231857.0
10:55,6655.89,6657.36,6655.88,6657.13,5298113.0
10:56,6655.73,6656.33,6655.7,6655.88,4857645.0
10:57,6654.41,6655.88,6654.19,6655.76,5105631.0
10:58,6657.24,6657.24,6654.42,6654.42,4766389.0
10:59,6655.28,6657.28,6655.09,6657.28,4633671.0
11:00,6656.53,6657.36,6654.43,6655.33,7681067.0
11:01,6655.49,6656.68,6655.49,6656.57,4920630.0
11:02,6655.1,6656.08,6655.08,6655.64,6315427.0
11:03,6654.8,6655.4,6654.44,6655.09,5475076.0
11:04,6654.19,6654.87,6653.74,6654.82,5343335.0
11:05,6655.47,6655.64,6654.12,6654.18,4971381.0
11:06,6655.18,6655.75,6654.3,6655.47,4768685.0
11:07,6656.11,6656.21,6655.15,6655.18,5685179.0
11:08,6655.48,6656.14,6655.01,6656.01,4912454.0
11:09,6654.14,6655.35,6654.04,6655.23,4499389.0
11:10,6652.92,6654.41,6652.63,6654.14,5415455.0
11:11,6652.4,6653.32,6651.91,6652.86,5091333.0
11:12,6653.02,6653.46,6652.12,6652.38,4697199.0
11:13,6653.26,6654.01,6652.91,6652.91,5194761.0
11:14,6650.42,6653.23,6650.38,6653.23,4826895.0
11:15,6651.36,6651.39,6650.29,6650.29,6232793.0
11:16,6651.9,6652.51,6651.35,6651.35,5262719.0
11:17,6651.71,6652.88,6651.48,6651.95,5453946.0
11:18,6651.18,6651.98,6650.88,6651.71,5092437.0
11:19,6652.37,6652.53,6651.14,6651.19,5062263.0
11:20,6653.67,6653.87,6652.26,6652.35,5306224.0
11:21,6653.54,6654.51,6653.43,6653.7,4403791.0
11:22,6654.55,6654.63,6653.27,6653.56,4961793.0
11:23,6654.68,6655.45,6654.57,6654.59,4343988.0
11:24,6654.61,6655.18,6654.21,6654.71,4961091.0
11:25,6653.53,6655.12,6653.53,6654.66,5156079.0
11:26,6653.63,6654.1,6653.22,6653.59,4778891.0
11:27,6652.27,6653.64,6652.15,6653.64,4721543.0
11:28,6652.74,6653.33,6652.28,6652.28,4527748.0
11:29,6652.95,6653.27,6652.46,6652.8,5566154.0
11:30,6652.47,6653.02,6651.62,6652.82,4957601.0
11:31,6651.58,6652.56,6651.36,6652.42,4491024.0
11:32,6650.91,6651.83,6650.82,6651.52,4583983.0
11:33,6648.8,6651.04,6648.53,6650.94,5124508.0
11:34,6647.73,6649.05,6647.63,6648.7,4831227.0
11:35,6648.45,6648.66,6647.36,6647.67,5555443.0
11:36,6649.23,6649.54,6648.48,6648.48,4623816.0
11:37,6650.4,6650.6,6649.05,6649.15,4244252.0
11:38,6647.23,6650.4,6647.23,6650.4,4336181.0
11:39,6648.66,6648.75,6647.13,6647.16,5268519.0
11:40,6648.82,6649.3,6648.11,6648.57,4175460.0
11:41,6646.78,6648.84,6646.7,6648.8,4428919.0
11:42,6647.95,6648.53,6646.51,6646.68,4517636.0
11:43,6647.12,6648.53,6647.07,6648.05,4864254.0
11:44,6647.47,6647.85,6647.14,6647.16,4106003.0
11:45,6646.1,6647.55,6645.95,6647.55,5245820.0
11:46,6643.13,6646.16,6642.38,6646.11,6897896.0
11:47,6641.52,6644.0,6641.26,6643.19,6315482.0
11:48,6640.28,6641.5,6639.92,6641.43,5851549.0
11:49,6639.59,6641.23,6639.59,6640.12,5835350.0
11:50,6638.03,6640.64,6637.92,6639.61,5594087.0
11:51,6636.82,6638.28,6636.17,6638.06,8471196.0
11:52,6635.5,6636.76,6635.5,6636.76,8648618.0
11:53,6638.15,6639.82,6635.18,6635.35,6749000.0
11:54,6637.71,6638.26,6637.42,6638.11,5627000.0
11:55,6634.57,6637.92,6634.57,6637.81,6653000.0
11:56,6632.63,6634.76,6632.38,6634.69,7240000.0
11:57,6634.04,6634.51,6632.17,6632.92,5807000.0
11:58,6629.5,6634.73,6628.92,6634.18,6891000.0
11:59,6628.89,6629.56,6628.56,6629.42,7070000.0
12:00,6627.92,6629.85,6627.39,6628.88,6026000.0
12:01,6629.78,6631.65,6627.89,6627.97,5202000.0
12:02,6628.72,6629.01,6626.77,6629.01,5973000.0
12:03,6628.97,6629.94,6628.83,6628.84,6301000.0
12:04,6629.84,6630.44,6628.58,6628.58,4669000.0
12:05,6626.74,6631.29,6626.73,6629.9,6887000.0
12:06,6626.27,6627.92,6625.9,6626.88,5132000.0
12:07,6627.01,6627.41,6625.37,6626.27,5564000.0
12:08,6626.69,6628.48,6625.63,6627.05,6767000.0
12:09,6625.51,6627.3,6624.68,6626.67,5996000.0
12:10,6623.95,6626.08,6623.88,6625.52,5452000.0
12:11,6624.05,6625.35,6623.94,6624.19,5982000.0
12:12,6622.39,6624.08,6621.76,6624.0,6141000.0
12:13,6625.57,6625.88,6621.98,6622.05,5848000.0
12:14,6625.75,6625.86,6623.68,6625.55,5591000.0
12:15,6623.63,6625.71,6623.56,6625.71,5233000.0
12:16,6623.81,6624.16,6622.4,6623.76,5642000.0
12:17,6625.4,6625.56,6623.52,6623.85,5058000.0
12:18,6627.72,6627.96,6625.44,6625.44,7459000.0
12:19,6628.11,6628.38,6627.11,6627.89,5200000.0
12:20,6629.42,6629.64,6627.97,6628.05,4748000.0
12:21,6630.49,6631.13,6629.16,6629.41,4722000.0
12:22,6632.73,6632.79,6630.4,6630.41,5334000.0
12:23,6634.59,6634.83,6632.62,6632.68,4381000.0
12:24,6634.81,6634.94,6634.18,6634.72,4554000.0
12:25,6632.17,6635.23,6631.05,6634.85,5158000.0
12:26,6632.75,6633.3,6631.99,6632.16,4114000.0
12:27,6636.3,6636.3,6632.65,6632.65,4620000.0
12:28,6634.66,6636.38,6634.17,6636.38,4981000.0
12:29,6634.73,6635.57,6634.41,6634.6,3728000.0
12:30,6634.27,6635.52,6634.18,6634.74,5383000.0
12:31,6633.38,6634.51,6633.25,6634.29,4532000.0
12:32,6634.27,6634.41,6633.08,6633.48,4108000.0
12:33,6634.51,6634.58,6633.67,6634.28,3730000.0
12:34,6632.09,6634.41,6631.83,6634.39,4163000.0
12:35,6634.0,6634.47,6632.21,6632.21,5516000.0
12:36,6632.89,6633.99,6632.66,6633.99,4057000.0
12:37,6634.18,6634.4,6632.87,6632.94,4888000.0
12:38,6633.93,6634.54,6633.53,6634.16,4847000.0
12:39,6634.59,6634.77,6633.4,6633.97,4464000.0
12:40,6635.33,6636.17,6634.54,6634.54,5256000.0
12:41,6635.66,6635.97,6634.77,6635.31,3207000.0
12:42,6636.32,6636.45,6635.68,6635.77,3859000.0
12:43,6634.56,6636.43,6634.55,6636.3,4311000.0
12:44,6635.65,6635.71,6634.01,6634.62,3972000.0
12:45,6633.55,6635.41,6633.2,6635.41,4217000.0
12:46,6632.69,6633.64,6632.08,6633.49,3502000.0
12:47,6634.25,6634.39,6632.7,6632.7,3965000.0
12:48,6634.23,6634.36,6633.41,6634.23,3776000.0
12:49,6633.05,6634.44,6633.05,6634.22,3505000.0
12:50,6631.5,6633.11,6631.25,6633.07,4095000.0
12:51,6633.24,6633.24,6631.41,6631.41,4044000.0
12:52,6631.88,6633.36,6631.66,6633.36,3644000.0
12:53,6632.15,6632.5,6631.77,6631.77,3595000.0
12:54,6632.22,6632.32,6631.75,6632.22,3783000.0
12:55,6632.44,6632.44,6631.57,6632.07,4041000.0
12:56,6631.45,6632.85,6631.35,6632.4,3371000.0
12:57,6630.62,6631.61,6630.52,6631.45,3417000.0
12:58,6630.64,6631.49,6630.58,6630.58,3822000.0
12:59,6631.12,6631.37,6630.54,6630.7,4367000.0
13:00,6632.49,6633.17,6630.55,6631.11,6315000.0
13:01,6632.69,6633.15,6632.19,6632.52,3910000.0
13:02,6632.66,6633.22,6632.61,6632.8,4448000.0
13:03,6631.53,6632.6,6630.67,6632.6,3463000.0
13:04,6633.43,6633.63,6631.66,6631.66,3860000.0
13:05,6633.03,6633.7,6632.65,6633.38,3857000.0
13:06,6632.05,6633.29,6632.05,6633.03,4123000.0
13:07,6634.08,6634.39,6632.03,6632.03,4522000.0
13:08,6635.79,6636.16,6633.95,6634.16,4488000.0
13:09,6637.01,6637.07,6635.66,6635.79,3958000.0
13:10,6639.88,6640.44,6636.78,6637.02,4681000.0
13:11,6640.06,6640.45,6639.56,6639.94,3725000.0
13:12,6641.93,6642.05,6639.91,6639.94,4435000.0
13:13,6640.91,6642.14,6640.68,6641.83,6957000.0
13:14,6639.04,6641.07,6638.88,6640.9,3931000.0
13:15,6638.55,6639.34,6638.43,6639.08,4030000.0
13:16,6637.64,6638.56,6637.48,6638.52,3880000.0
13:17,6638.14,6638.4,6637.61,6637.78,3162000.0
13:18,6638.12,6638.59,6637.76,6638.16,5141000.0
13:19,6637.75,6638.18,6637.72,6638.07,4639000.0
13:20,6636.85,6637.76,6636.56,6637.76,3852000.0
13:21,6636.24,6637.12,6636.03,6637.02,3850000.0
13:22,6636.59,6636.85,6635.9,6636.22,3587000.0
13:23,6636.95,6637.33,6636.3,6636.61,3632000.0
13:24,6638.65,6638.77,6636.72,6636.93,3382000.0
13:25,6638.8,6638.86,6638.13,6638.61,3518000.0
13:26,6637.46,6638.62,6636.96,6638.62,4412000.0
13:27,6638.09,6638.39,6637.46,6637.46,3444000.0
13:28,6639.27,6639.27,6638.15,6638.16,3126000.0
13:29,6639.48,6639.78,6639.17,6639.28,3661000.0
13:30,6641.15,6641.37,6639.5,6639.5,3620000.0
13:31,6641.6,6641.62,6640.84,6641.27,3783000.0
13:32,6641.77,6641.85,6641.41,6641.63,3725000.0
13:33,6641.56,6641.89,6641.25,6641.77,3739000.0
13:34,6642.42,6642.54,6641.44,6641.63,4128000.0
13:35,6641.71,6643.59,6641.47,6642.4,4339000.0
13:36,6639.56,6641.57,6639.55,6641.57,3835000.0
13:37,6638.41,6639.61,6638.35,6639.61,3281000.0
13:38,6638.08,6638.74,6637.72,6638.43,3254000.0
13:39,6637.34,6638.12,6636.96,6638.1,3516000.0
13:40,6635.96,6637.42,6635.88,6637.35,4013000.0
13:41,6637.08,6637.19,6635.87,6635.87,3814000.0
13:42,6636.72,6637.05,6636.03,6637.05,3513000.0
13:43,6636.31,6637.01,6636.08,6636.74,4037000.0
13:44,6635.47,6636.61,6635.47,6636.22,4112000.0
13:45,6635.02,6635.54,6634.77,6635.47,3603000.0
13:46,6631.84,6635.0,6631.68,6635.0,6163000.0
13:47,6631.2,6632.07,6631.2,6631.95,4166000.0
13:48,6630.99,6631.52,6630.45,6631.21,4354000.0
13:49,6631.64,6632.31,6630.95,6630.95,4194000.0
13:50,6630.55,6631.64,6630.42,6631.52,3899000.0
13:51,6631.42,6632.37,6630.39,6630.54,5523000.0
13:52,6631.88,6631.89,6630.97,6631.52,3571000.0
13:53,6631.2,6631.88,6630.94,6631.84,3763000.0
13:54,6632.64,6632.68,6631.01,6631.08,3744000.0
13:55,6632.42,6633.67,6632.27,6632.68,3811000.0
13:56,6631.56,6632.93,6631.56,6632.38,3632000.0
13:57,6631.75,6632.19,6631.48,6631.65,3650000.0
13:58,6631.29,6632.31,6631.24,6631.88,3878000.0
13:59,6631.65,6631.72,6630.9,6631.12,3246000.0
14:00,6631.08,6631.77,6630.86,6631.67,3926000.0
14:01,6630.32,6631.3,6630.21,6631.12,4429000.0
14:02,6630.5,6631.13,6630.3,6630.3,4330000.0
14:03,6630.13,6631.14,6630.02,6630.47,3805000.0
14:04,6630.48,6630.57,6629.96,6630.13,3839000.0
14:05,6631.36,6631.36,6630.21,6630.51,4229000.0
14:06,6631.13,6631.82,6630.94,6631.39,4529000.0
14:07,6629.87,6631.24,6629.8,6631.24,3519000.0
14:08,6629.3,6630.08,6629.28,6629.89,3567000.0
14:09,6629.04,6629.49,6628.75,6629.3,3644000.0
14:10,6626.86,6629.21,6626.86,6629.08,4794000.0
14:11,6626.87,6627.29,6625.75,6626.85,6528000.0
14:12,6627.15,6627.47,6626.68,6626.8,5873000.0
14:13,6629.19,6629.32,6627.07,6627.16,4829000.0
14:14,6630.07,6630.21,6629.3,6629.3,5175000.0
14:15,6632.16,6632.24,6630.05,6630.05,5171000.0
14:16,6631.23,6632.24,6631.13,6632.11,4744000.0
14:17,6630.51,6631.59,6630.51,6631.27,5822000.0
14:18,6631.41,6631.53,6630.51,6630.51,4052000.0
14:19,6632.46,6632.46,6631.46,6631.46,4099000.0
14:20,6630.5,6632.38,6630.36,6632.38,4493000.0
14:21,6628.83,6630.52,6628.82,6630.52,4046000.0
14:22,6629.69,6629.69,6628.41,6628.83,3647000.0
14:23,6629.61,6630.2,6629.26,6629.97,4064000.0
14:24,6629.62,6629.99,6629.32,6629.57,4158000.0
14:25,6628.34,6629.65,6628.26,6629.65,3841000.0
14:26,6628.46,6629.24,6628.38,6628.46,3637000.0
14:27,6629.2,6629.49,6628.46,6628.52,3913000.0
14:28,6629.66,6630.17,6629.18,6629.18,3531000.0
14:29,6629.83,6630.38,6629.27,6629.63,3999000.0
14:30,6629.24,6630.38,6629.23,6629.88,4300000.0
14:31,6630.62,6631.45,6628.95,6629.27,4749000.0
14:32,6630.23,6630.87,6629.58,6630.64,4564000.0
14:33,6631.58,6631.94,6630.22,6630.23,4360000.0
14:34,6630.75,6631.53,6630.41,6631.53,4289000.0
14:35,6631.86,6632.22,6630.73,6630.8,3613000.0
14:36,6631.48,6632.41,6631.39,6631.86,3942000.0
14:37,6632.49,6632.57,6631.49,6631.49,3675000.0
14:38,6633.92,6634.04,6632.57,6632.57,4460000.0
14:39,6633.77,6634.7,6633.77,6633.9,4033000.0
14:40,6634.02,6634.79,6633.73,6633.73,4074000.0
14:41,6633.44,6634.03,6633.43,6634.03,3592000.0
14:42,6633.32,6633.55,6632.72,6633.4,3832000.0
14:43,6633.11,6633.66,6632.91,6633.32,3613000.0
14:44,6633.36,6633.98,6633.32,6633.35,3426000.0
14:45,6634.93,6634.93,6633.38,6633.38,3573000.0
14:46,6634.48,6635.03,6634.25,6634.94,4613000.0
14:47,6633.83,6634.91,6633.71,6634.4,3839000.0
14:48,6632.04,6634.0,6631.38,6633.74,4816000.0
14:49,6632.34,6632.39,6631.64,6632.03,3909000.0
14:50,6632.46,6632.9,6632.04,6632.27,4140000.0
14:51,6632.6,6632.67,6631.8,6632.43,4128000.0
14:52,6633.99,6634.09,6632.57,6632.57,4893000.0
14:53,6636.77,6636.82,6634.03,6634.03,4700000.0
14:54,6636.43,6636.78,6636.12,6636.78,4928000.0
14:55,6637.5,6637.61,6636.37,6636.42,5360000.0
14:56,6637.08,6637.56,6636.91,6637.43,3959000.0
14:57,6636.34,6637.3,6636.27,6637.02,4658000.0
14:58,6636.49,6636.81,6635.97,6636.35,4760000.0
14:59,6637.05,6637.11,6636.36,6636.45,4415000.0
15:00,6634.67,6637.3,6634.52,6637.09,5787000.0
15:01,6634.26,6635.4,6634.07,6634.63,4582000.0
15:02,6632.91,6634.27,6632.66,6634.19,4802000.0
15:03,6633.69,6634.01,6632.93,6632.93,5219000.0
15:04,6633.56,6633.97,6633.38,6633.87,4372000.0
15:05,6633.75,6634.48,6633.43,6633.44,4366000.0
15:06,6632.5,6633.73,6632.34,6633.73,4084000.0
15:07,6633.22,6633.29,6632.31,6632.57,4501000.0
15:08,6632.78,6633.59,6632.51,6633.22,4367000.0
15:09,6632.67,6633.08,6632.52,6632.83,4519000.0
15:10,6633.92,6633.98,6632.61,6632.73,4766000.0
15:11,6634.61,6634.8,6634.0,6634.0,4192000.0
15:12,6634.8,6634.87,6634.17,6634.59,4576000.0
15:13,6632.81,6634.91,6632.81,6634.75,5002000.0
15:14,6632.5,6633.31,6632.46,6632.85,4520000.0
15:15,6632.01,6632.87,6631.76,6632.51,5171000.0
15:16,6633.01,6633.33,6632.02,6632.02,4819000.0
15:17,6633.58,6634.12,6633.07,6633.07,4581000.0
15:18,6634.38,6634.38,6633.5,6633.53,4708000.0
15:19,6634.43,6634.95,6634.36,6634.38,4628000.0
15:20,6633.88,6634.71,6633.54,6634.5,5058000.0
15:21,6633.32,6634.29,6633.28,6633.95,5475000.0
15:22,6633.71,6633.71,6632.98,6633.24,5116000.0
15:23,6633.2,6634.14,6633.1,6633.65,5478000.0
15:24,6633.46,6633.46,6632.95,6633.28,5047000.0
15:25,6632.78,6633.63,6632.78,6633.41,5443000.0
15:26,6632.76,6633.17,6632.31,6632.72,5438000.0
15:27,6633.33,6633.44,6632.79,6632.79,5623000.0
15:28,6632.86,6633.26,6632.66,6633.24,5395000.0
15:29,6633.57,6633.65,6632.9,6632.9,5769000.0
15:30,6633.98,6634.1,6633.52,6633.69,6586000.0
15:31,6634.18,6634.46,6633.67,6633.99,7851000.0
15:32,6634.29,6634.33,6633.49,6634.2,7112000.0
15:33,6635.16,6635.3,6633.57,6634.22,6776000.0
15:34,6635.63,6635.69,6635.1,6635.1,6163000.0
15:35,6633.11,6635.72,6633.11,6635.62,7311000.0
15:36,6632.45,6633.11,6632.39,6633.11,6460000.0
15:37,6632.49,6632.93,6632.31,6632.48,7079000.0
15:38,6632.73,6633.07,6632.65,6632.69,6565000.0
15:39,6633.91,6633.91,6632.35,6632.74,10028000.0
15:40,6634.06,6635.36,6634.0,6634.0,9650000.0
15:41,6633.45,6634.94,6633.45,6634.08,8380000.0
15:42,6632.26,6633.54,6632.26,6633.34,7036000.0
15:43,6633.47,6633.56,6631.99,6632.24,9072000.0
15:44,6632.15,6633.43,6632.15,6633.43,7646000.0
15:45,6630.73,6632.28,6630.73,6632.19,8933000.0
15:46,6632.24,6632.49,6630.72,6630.72,8615000.0
15:47,6634.21,6634.39,6632.31,6632.31,8739000.0
15:48,6635.82,6636.04,6634.32,6634.32,18724000.0
15:49,6635.84,6635.84,6634.81,6635.72,13540000.0
15:50,6635.9,6638.42,6635.7,6635.7,21618000.0
15:51,6637.61,6638.03,6635.81,6635.81,15077000.0
15:52,6636.83,6637.52,6636.56,6637.5,14335000.0
15:53,6638.37,6638.47,6636.33,6636.72,13947000.0
15:54,6637.67,6639.03,6637.58,6638.62,21161000.0
15:55,6636.5,6638.23,6634.76,6637.78,29253000.0
15:56,6635.56,6636.98,6635.48,6636.53,24598000.0
15:57,6636.81,6638.02,6635.17,6635.51,29817000.0
15:58,6638.55,6638.55,6636.82,6636.82,36682000.0
15:59,6636.68,6639.74,6636.68,6638.75,72556000.0
