Time,Close,High,Low,Open,Volume
09:30,6629.19,6632.69,6622.53,6622.53,1.0
09:31,6636.24,6636.24,6628.57,6628.57,15751122.0
09:32,6638.47,6639.35,6636.1,6636.29,14376334.0
09:33,6633.74,6638.98,6633.0,6638.18,11542192.0
09:34,6629.81,6636.28,6629.46,6634.12,11801064.0
09:35,6621.67,6631.62,6621.49,6629.55,12153033.0
09:36,6622.73,6623.94,6620.71,6621.39,10534239.0
09:37,6628.76,6629.72,6623.22,6623.22,10247386.0
09:38,6629.7,6631.72,6625.59,6629.09,10562076.0
09:39,6628.48,6630.0,6626.01,6629.75,8787088.0
09:40,6627.67,6628.94,6622.65,6628.52,9232435.0
09:41,6622.99,6629.46,6622.99,6627.61,9356373.0
09:42,6630.67,6630.67,6622.91,6622.91,7993581.0
09:43,6635.9,6636.7,6631.01,6631.01,9934155.0
09:44,6634.09,6635.86,6631.62,6635.62,9161758.0
09:45,6628.77,6635.07,6627.17,6634.09,10032959.0
09:46,6634.0,6634.0,6628.44,6629.15,7591631.0
09:47,6636.74,6637.52,6633.12,6633.95,7467966.0
09:48,6632.31,6636.92,6632.15,6636.92,8160259.0
09:49,6635.24,6635.47,6631.64,6632.35,7096035.0
09:50,6641.34,6641.34,6632.2,6635.07,8413367.0
09:51,6639.66,6643.23,6639.66,6641.13,8071181.0
09:52,6642.16,6643.54,6640.06,6640.06,7734927.0
09:53,6642.25,6643.19,6641.95,6642.04,7868286.0
09:54,6638.49,6642.31,6637.72,6642.01,7363774.0
09:55,6642.91,6643.2,6638.2,6638.56,7419164.0
09:56,6643.49,6643.72,6641.6,6642.92,6740422.0
09:57,6647.59,6647.9,6643.26,6643.26,6442392.0
09:58,6648.92,6648.92,6647.35,6647.62,7420506.0
09:59,6651.68,6652.54,6648.72,6649.67,8836852.0
10:00,6654.01,6654.88,6651.19,6651.42,12720544.0
10:01,6650.78,6654.54,6650.03,6654.14,9320928.0
10:02,6645.15,6650.86,6644.9,6650.81,8228016.0
10:03,6649.39,6649.39,6644.17,6645.36,7141666.0
10:04,6653.48,6653.48,6649.24,6649.44,7132930.0
10:05,6652.85,6653.57,6652.06,6653.57,7654425.0
10:06,6650.62,6652.63,6649.31,6652.17,6509683.0
10:07,6647.6,6650.74,6647.12,6650.74,6851191.0
10:08,6647.15,6649.91,6646.85,6647.66,6498455.0
10:09,6649.35,6650.02,6647.11,6647.16,6312926.0
10:10,6648.02,6649.47,6647.05,6649.47,7008384.0
10:11,6649.02,6649.12,6646.46,6647.94,6667568.0
10:12,6644.19,6649.39,6642.94,6648.79,6951871.0
10:13,6644.51,6645.58,6643.09,6644.32,6911165.0
10:14,6645.28,6646.67,6644.45,6644.8,6751716.0
10:15,6649.02,6649.02,6643.89,6645.2,7912801.0
10:16,6648.85,6650.17,6648.07,6649.6,7431208.0
10:17,6645.69,6649.04,6645.69,6648.79,6091783.0
10:18,6646.19,6647.59,6645.75,6645.75,5098510.0
10:19,6643.4,6646.72,6643.4,6646.65,5430496.0
10:20,6641.22,6644.29,6639.84,6643.22,6230488.0
10:21,6637.27,6641.42,6635.8,6641.37,6788922.0
10:22,6631.15,6638.45,6627.61,6637.3,8618219.0
10:23,6633.35,6633.42,6630.48,6631.05,6694152.0
10:24,6634.7,6636.34,6633.6,6633.6,5956809.0
10:25,6626.6,6634.9,6626.32,6634.8,7707154.0
10:26,6627.46,6629.15,6625.84,6626.4,5715576.0
10:27,6625.21,6627.42,6624.47,6627.42,6000101.0
10:28,6630.14,6630.76,6625.62,6625.62,6486850.0
10:29,6631.74,6632.61,6630.16,6630.16,6228711.0
10:30,6627.94,6631.93,6625.76,6631.82,7297735.0
10:31,6628.27,6629.46,6626.67,6627.99,5485582.0
10:32,6632.57,6633.5,6627.21,6627.21,6105333.0
10:33,6635.83,6637.19,6631.78,6632.68,5901365.0
10:34,6638.36,6638.49,6636.03,6636.03,5804885.0
10:35,6642.0,6643.45,6638.32,6638.42,6244915.0
10:36,6642.0,6642.92,6640.95,6642.0,5861032.0
10:37,6642.78,6643.89,6641.33,6642.04,5420115.0
10:38,6643.76,6644.07,6642.49,6643.07,5443117.0
10:39,6645.86,6646.6,6643.47,6643.65,5355000.0
10:40,6646.6,6647.64,6645.26,6645.76,5527359.0
10:41,6638.14,6646.61,6637.41,6646.61,7281177.0
10:42,6639.17,6639.17,6635.89,6638.11,5111806.0
10:43,6639.1,6639.89,6637.98,6639.22,5116914.0
10:44,6638.36,6639.6,6638.34,6639.01,5006807.0
10:45,6640.24,6640.42,6637.9,6638.45,5746944.0
10:46,6633.73,6641.21,6632.83,6640.19,7616888.0
10:47,6638.57,6638.59,6632.36,6633.75,6605004.0
10:48,6633.1,6638.71,6632.92,6638.48,5842473.0
10:49,6632.1,6634.04,6632.1,6633.13,5400202.0
10:50,6631.14,6632.15,6629.61,6632.15,6333163.0
10:51,6628.95,6633.33,6628.84,6631.14,6174404.0
10:52,6626.17,6629.5,6626.11,6628.85,5194902.0
10:53,6631.36,6631.36,6626.02,6626.36,5739481.0
10:54,6629.47,6631.32,6628.29,6631.32,5017916.0
10:55,6626.27,6629.6,6624.73,6629.57,5762355.0
10:56,6624.61,6626.35,6623.88,6626.17,5612923.0
10:57,6624.54,6624.61,6622.49,6624.02,5617428.0
10:58,6624.97,6625.31,6623.41,6624.55,5028128.0
10:59,6625.07,6625.21,6623.39,6625.02,4957509.0
11:00,6626.74,6626.94,6622.94,6625.09,7047602.0
11:01,6627.77,6628.98,6626.92,6627.0,7027314.0
11:02,6623.96,6627.98,6623.16,6627.62,5675244.0
11:03,6623.74,6624.45,6622.27,6623.41,5375192.0
11:04,6624.47,6624.79,6622.26,6623.77,5627027.0
11:05,6624.29,6625.52,6623.38,6624.63,5293991.0
11:06,6624.02,6624.37,6621.17,6624.18,5557651.0
11:07,6622.4,6624.75,6621.76,6624.16,4809013.0
11:08,6626.53,6626.53,6622.13,6622.49,5412822.0
11:09,6629.58,6629.58,6625.6,6626.88,5937710.0
11:10,6635.13,6635.13,6629.49,6629.51,5210374.0
11:11,6634.18,6635.54,6633.83,6635.14,5074148.0
11:12,6637.11,6637.18,6633.96,6634.17,4873210.0
11:13,6638.57,6638.57,6637.09,6637.19,5078164.0
11:14,6638.03,6638.96,6637.33,6638.55,5039782.0
11:15,6640.57,6640.71,6637.81,6638.09,4940169.0
11:16,6641.86,6641.88,6640.6,6640.6,6935732.0
11:17,6643.66,6644.61,6641.66,6642.09,5297154.0
11:18,6644.19,6644.58,6643.03,6643.68,4915430.0
11:19,6645.41,6645.76,6643.88,6644.11,4889123.0
11:20,6647.63,6648.21,6645.55,6645.58,5469977.0
11:21,6649.73,6649.73,6647.08,6647.91,5354477.0
11:22,6650.07,6650.86,6649.54,6649.8,5014994.0
11:23,6650.4,6650.56,6649.09,6650.11,4885269.0
11:24,6647.11,6651.59,6646.96,6650.52,5682782.0
11:25,6648.27,6648.46,6646.1,6647.05,4758457.0
11:26,6648.76,6648.76,6647.46,6648.28,5357320.0
11:27,6649.29,6649.92,6648.01,6648.75,7043954.0
11:28,6647.37,6649.3,6646.99,6649.3,5829471.0
11:29,6649.57,6649.7,6647.37,6647.4,4356630.0
11:30,6650.24,6651.06,6649.45,6649.65,4702257.0
11:31,6652.69,6652.69,6649.93,6650.23,4699299.0
11:32,6652.58,6653.83,6652.12,6652.57,7663929.0
11:33,6652.21,6652.72,6651.04,6652.47,4699103.0
11:34,6652.28,6653.13,6651.88,6652.36,6290019.0
11:35,6652.43,6653.9,6652.09,6652.66,5157524.0
11:36,6653.74,6653.92,6651.64,6652.57,4217979.0
11:37,6651.29,6653.8,6651.29,6653.71,4718756.0
11:38,6652.05,6652.32,6650.93,6651.38,4985978.0
11:39,6650.76,6652.05,6650.64,6652.05,4561878.0
11:40,6650.23,6651.02,6648.74,6650.9,3886996.0
11:41,6650.1,6651.02,6649.81,6650.39,4342376.0
11:42,6646.42,6649.79,6646.42,6649.79,5417029.0
11:43,6646.54,6647.68,6646.37,6646.37,3861379.0
11:44,6646.08,6647.53,6645.46,6646.43,3862997.0
11:45,6648.91,6648.91,6645.99,6645.99,4321000.0
11:46,6650.37,6650.37,6648.43,6648.88,4502000.0
11:47,6651.02,6651.39,6648.9,6650.41,5089000.0
11:48,6647.15,6650.92,6646.32,6650.92,4693000.0
11:49,6651.17,6651.17,6647.23,6647.23,3993000.0
11:50,6649.04,6652.28,6649.04,6651.44,4424000.0
11:51,6651.06,6651.07,6648.32,6649.04,4321000.0
11:52,6651.08,6651.62,6650.69,6651.36,3521000.0
11:53,6652.36,6652.7,6650.81,6650.88,3979000.0
11:54,6651.69,6652.57,6651.04,6652.41,3620000.0
11:55,6652.1,6652.14,6651.08,6651.64,3257000.0
11:56,6651.82,6652.49,6651.82,6652.04,3332000.0
11:57,6653.09,6653.67,6651.65,6651.65,3760000.0
11:58,6653.66,6654.09,6652.94,6653.06,4193000.0
11:59,6652.83,6653.75,6652.79,6653.71,3324000.0
12:00,6651.18,6653.46,6651.18,6652.86,4765000.0
12:01,6652.61,6652.98,6651.3,6651.31,3853000.0
12:02,6652.04,6652.95,6652.04,6652.58,3442000.0
12:03,6653.71,6653.74,6652.0,6652.21,3572000.0
12:04,6653.55,6654.06,6652.93,6653.76,3431000.0
12:05,6651.36,6653.7,6651.36,6653.52,3855000.0
12:06,6651.54,6653.49,6651.41,6651.41,3538000.0
12:07,6650.9,6651.83,6650.26,6651.58,3844000.0
12:08,6654.59,6654.59,6650.77,6650.98,4022000.0
12:09,6654.21,6655.58,6654.07,6654.73,3486000.0
12:10,6655.01,6655.38,6654.29,6654.29,3286000.0
12:11,6653.77,6655.51,6653.09,6654.98,4232000.0
12:12,6652.92,6654.12,6652.92,6653.6,2797000.0
12:13,6654.97,6655.03,6652.94,6652.94,3288000.0
12:14,6656.79,6657.23,6655.01,6655.01,3225000.0
12:15,6658.15,6658.23,6656.77,6656.8,3633000.0
12:16,6659.79,6660.01,6658.13,6658.18,4029000.0
12:17,6658.35,6659.89,6658.35,6659.83,4098000.0
12:18,6659.95,6660.19,6658.31,6658.61,3548000.0
12:19,6660.18,6660.49,6659.73,6659.79,3587000.0
12:20,6658.86,6660.24,6658.79,6660.21,3166000.0
12:21,6656.86,6658.91,6656.73,6658.91,4665000.0
12:22,6653.89,6654.48,6650.84,6654.34,7070000.0
12:23,6655.77,6655.95,6653.88,6653.88,2940000.0
12:24,6658.38,6661.2,6655.6,6655.84,6535000.0
12:25,6656.55,6658.37,6656.37,6658.3,4006000.0
12:26,6657.88,6657.88,6656.26,6656.58,2969000.0
12:27,6659.69,6659.79,6657.36,6657.78,3286000.0
12:28,6658.13,6659.9,6657.72,6659.68,3721000.0
12:29,6657.47,6658.65,6656.87,6658.3,6722000.0
12:30,6657.52,6658.01,6657.14,6657.64,4533000.0
12:31,6659.67,6660.24,6657.34,6657.49,5007000.0
12:32,6659.8,6660.22,6659.04,6659.71,3658000.0
12:33,6661.78,6661.86,6659.35,6659.78,4764000.0
12:34,6660.26,6661.74,6659.79,6661.74,4168000.0
12:35,6660.81,6660.81,6660.13,6660.41,3515000.0
12:36,6659.93,6661.06,6659.93,6660.74,3713000.0
12:37,6658.22,6659.96,6657.89,6659.96,4155000.0
12:38,6656.42,6658.29,6656.2,6658.29,3397000.0
12:39,6656.93,6657.06,6656.35,6656.53,3167000.0
12:40,6655.78,6657.41,6655.72,6656.89,3694000.0
12:41,6654.4,6655.68,6653.46,6655.68,3787000.0
12:42,6654.86,6655.79,6654.28,6654.29,3377000.0
12:43,6656.21,6656.57,6654.6,6654.92,8557000.0
12:44,6655.74,6656.18,6654.75,6656.18,4230000.0
12:45,6654.05,6655.79,6653.62,6655.73,4180000.0
12:46,6655.45,6655.68,6654.06,6654.06,3631000.0
12:47,6656.06,6656.44,6655.43,6655.43,3444000.0
12:48,6655.31,6656.35,6654.26,6656.19,4320000.0
12:49,6659.72,6659.75,6655.14,6655.14,4995000.0
12:50,6659.78,6660.06,6658.79,6659.72,4728000.0
12:51,6660.12,6660.87,6659.57,6659.71,3882000.0
12:52,6660.59,6661.05,6658.76,6660.03,4029000.0
12:53,6659.64,6660.51,6659.64,6660.51,3293000.0
12:54,6660.86,6660.86,6659.64,6659.68,4084000.0
12:55,6662.76,6662.92,6660.69,6660.89,4057000.0
12:56,6664.3,6664.64,6662.7,6662.84,3852000.0
12:57,6664.96,6665.03,6664.33,6664.33,3818000.0
12:58,6665.33,6665.85,6664.98,6664.98,3776000.0
12:59,6665.41,6666.14,6665.24,6665.31,3177000.0
13:00,6665.18,6665.81,6664.72,6665.42,3789000.0
13:01,6666.12,6666.37,6664.98,6665.3,3428000.0
13:02,6666.75,6667.21,6666.11,6666.11,3304000.0
13:03,6668.07,6668.68,6666.6,6666.74,4366000.0
13:04,6667.9,6668.16,6667.64,6668.0,3792000.0
13:05,6667.9,6668.4,6667.5,6667.94,3746000.0
13:06,6666.57,6667.84,6666.3,6667.81,3573000.0
13:07,6667.61,6667.61,6666.04,6666.47,3582000.0
13:08,6666.46,6668.0,6666.03,6667.63,3437000.0
13:09,6665.78,6666.38,6665.66,6666.38,3609000.0
13:10,6663.9,6666.16,6663.9,6665.78,4839000.0
13:11,6663.82,6664.06,6663.28,6663.75,3617000.0
13:12,6660.52,6663.8,6660.24,6663.8,4786000.0
13:13,6657.93,6660.35,6657.24,6660.35,4377000.0
13:14,6658.28,6659.21,6657.57,6657.94,3273000.0
13:15,6658.7,6659.22,6657.76,6658.28,3522000.0
13:16,6657.3,6659.07,6656.18,6658.82,4307000.0
13:17,6655.97,6657.5,6655.97,6657.35,4393000.0
13:18,6654.32,6656.75,6654.32,6656.09,3855000.0
13:19,6654.66,6654.93,6652.89,6654.37,4893000.0
13:20,6654.31,6654.83,6654.17,6654.63,4991000.0
13:21,6655.44,6655.44,6653.96,6654.29,4870000.0
13:22,6657.85,6657.89,6655.44,6655.44,3495000.0
13:23,6659.85,6659.85,6657.3,6657.87,4546000.0
13:24,6657.13,6660.04,6657.12,6660.04,4818000.0
13:25,6655.25,6657.16,6654.74,6657.16,3913000.0
13:26,6653.7,6655.41,6653.32,6655.22,3903000.0
13:27,6655.46,6655.46,6653.61,6653.7,3920000.0
13:28,6653.92,6655.48,6653.48,6655.48,3485000.0
13:29,6654.38,6654.51,6653.62,6653.99,4045000.0
13:30,6654.4,6655.05,6654.26,6654.37,3475000.0
13:31,6655.55,6655.56,6653.64,6654.53,4048000.0
13:32,6653.95,6656.02,6653.51,6655.65,3447000.0
13:33,6653.33,6653.95,6653.09,6653.88,2941000.0
13:34,6652.55,6653.76,6652.51,6653.2,4072000.0
13:35,6654.03,6654.62,6652.52,6652.52,4421000.0
13:36,6655.24,6655.24,6653.0,6653.99,3583000.0
13:37,6652.14,6655.11,6651.99,6655.11,4336000.0
13:38,6653.43,6653.43,6652.16,6652.18,3663000.0
13:39,6653.01,6653.86,6652.83,6653.25,3222000.0
13:40,6651.51,6653.03,6651.28,6653.02,3636000.0
13:41,6651.48,6651.84,6650.65,6651.64,3697000.0
13:42,6652.99,6653.87,6650.98,6651.45,4244000.0
13:43,6650.67,6653.0,6650.53,6653.0,3565000.0
13:44,6650.28,6650.95,6650.01,6650.63,3885000.0
13:45,6650.79,6651.07,6650.13,6650.4,3659000.0
13:46,6651.43,6652.23,6650.7,6650.7,3896000.0
13:47,6650.17,6651.51,6650.15,6651.35,3533000.0
13:48,6650.38,6650.59,6650.01,6650.15,3447000.0
13:49,6650.38,6650.98,6650.24,6650.46,3362000.0
13:50,6647.61,6650.52,6647.47,6650.38,4539000.0
13:51,6648.76,6649.01,6647.09,6647.44,3514000.0
13:52,6649.56,6649.71,6648.7,6648.77,2968000.0
13:53,6650.7,6651.24,6649.41,6649.47,3507000.0
13:54,6651.75,6651.75,6649.72,6650.77,3077000.0
13:55,6648.53,6651.83,6648.38,6651.77,3780000.0
13:56,6649.02,6649.08,6648.07,6648.51,3438000.0
13:57,6652.65,6652.66,6649.25,6649.25,4305000.0
13:58,6654.17,6654.17,6652.3,6652.72,3630000.0
13:59,6655.34,6655.34,6654.14,6654.2,3547000.0
14:00,6655.13,6655.51,6654.77,6655.5,3836000.0
14:01,6655.66,6656.19,6655.17,6655.22,4308000.0
14:02,6656.94,6656.99,6655.68,6655.68,3653000.0
14:03,6657.58,6658.3,6657.1,6657.1,3740000.0
14:04,6656.82,6657.69,6656.74,6657.69,3688000.0
14:05,6657.82,6657.82,6656.61,6656.85,3483000.0
14:06,6658.3,6658.72,6657.69,6657.85,4443000.0
14:07,6658.05,6658.16,6657.08,6658.16,3951000.0
14:08,6658.05,6658.23,6657.32,6657.98,4120000.0
14:09,6658.23,6659.13,6658.03,6658.03,3942000.0
14:10,6659.4,6659.57,6657.73,6658.26,4374000.0
14:11,6659.76,6659.94,6659.07,6659.45,3510000.0
14:12,6659.54,6660.05,6659.39,6659.66,3926000.0
14:13,6657.73,6659.61,6657.73,6659.48,3247000.0
14:14,6657.27,6658.26,6656.97,6657.72,3853000.0
14:15,6658.67,6658.67,6657.27,6657.27,3473000.0
14:16,6659.8,6659.92,6658.62,6658.77,3806000.0
14:17,6659.36,6660.1,6659.04,6659.78,3195000.0
14:18,6658.2,6659.39,6658.04,6659.35,4191000.0
14:19,6658.23,6658.98,6658.06,6658.21,4174000.0
14:20,6659.77,6659.77,6658.12,6658.23,3245000.0
14:21,6659.77,6660.18,6659.77,6659.87,3471000.0
14:22,6660.3,6660.3,6659.14,6659.78,3661000.0
14:23,6661.51,6661.51,6660.26,6660.29,4270000.0
14:24,6662.7,6663.07,6661.54,6661.58,4513000.0
14:25,6661.7,6662.66,6661.43,6662.66,4057000.0
14:26,6662.96,6663.05,6661.21,6661.53,4087000.0
14:27,6662.5,6663.17,6662.5,6662.87,3702000.0
14:28,6662.84,6662.87,6662.42,6662.52,3532000.0
14:29,6662.82,6663.29,6662.59,6662.88,3326000.0
14:30,6665.05,6665.17,6662.8,6662.89,5170000.0
14:31,6664.52,6665.19,6664.12,6665.01,4136000.0
14:32,6665.22,6665.79,6664.39,6664.39,3835000.0
14:33,6662.88,6665.32,6662.88,6665.16,4089000.0
14:34,6661.7,6662.89,6661.08,6662.89,4075000.0
14:35,6661.18,6661.94,6660.95,6661.73,3673000.0
14:36,6661.3,6661.69,6660.88,6661.11,3127000.0
14:37,6661.91,6662.13,6661.11,6661.21,3380000.0
14:38,6658.32,6661.66,6657.58,6661.66,5521000.0
14:39,6657.17,6658.44,6656.43,6658.35,3550000.0
14:40,6658.02,6658.02,6657.12,6657.12,3350000.0
14:41,6656.97,6658.13,6656.92,6658.02,3094000.0
14:42,6652.72,6656.99,6652.72,6656.93,4858000.0
14:43,6651.6,6653.18,6650.83,6652.74,5461000.0
14:44,6653.72,6653.9,6651.64,6651.64,3996000.0
14:45,6653.07,6653.84,6652.11,6653.78,3766000.0
14:46,6651.33,6653.07,6651.15,6653.07,3377000.0
14:47,6652.24,6652.6,6651.36,6651.36,3994000.0
14:48,6650.69,6652.03,6650.05,6652.03,4490000.0
14:49,6650.6,6650.76,6649.73,6650.62,4780000.0
14:50,6652.27,6652.87,6650.47,6650.58,4261000.0
14:51,6650.2,6652.22,6650.17,6652.22,5061000.0
14:52,6647.19,6650.54,6647.19,6650.11,4397000.0
14:53,6646.8,6647.16,6645.25,6647.16,4674000.0
14:54,6646.07,6647.1,6646.07,6646.8,3272000.0
14:55,6646.02,6646.31,6645.14,6646.07,4615000.0
14:56,6642.82,6646.0,6642.74,6646.0,5989000.0
14:57,6642.74,6643.22,6641.92,6642.75,4672000.0
14:58,6643.87,6643.91,6642.46,6642.84,4467000.0
14:59,6643.44,6644.1,6643.27,6643.86,3924000.0
15:00,6643.86,6646.08,6643.5,6643.5,6424000.0
15:01,6641.09,6643.8,6640.27,6643.8,5896000.0
15:02,6642.24,6642.24,6640.46,6640.87,4450000.0
15:03,6642.91,6643.16,6642.04,6642.3,4849000.0
15:04,6642.33,6642.89,6641.71,6642.87,3606000.0
15:05,6643.55,6643.62,6641.93,6642.28,4543000.0
15:06,6647.77,6647.77,6643.44,6643.62,5102000.0
15:07,6647.35,6647.98,6646.2,6647.98,4953000.0
15:08,6648.56,6648.61,6647.31,6647.31,4474000.0
15:09,6647.61,6648.77,6647.28,6648.5,4108000.0
15:10,6649.24,6649.63,6647.48,6647.62,4295000.0
15:11,6648.56,6649.65,6648.2,6649.35,4024000.0
15:12,6647.58,6648.54,6647.58,6648.53,5004000.0
15:13,6645.64,6647.69,6645.51,6647.69,5613000.0
15:14,6644.6,6645.71,6643.85,6645.71,5392000.0
15:15,6645.93,6646.13,6643.95,6644.6,4757000.0
15:16,6649.09,6649.09,6645.89,6645.93,6227000.0
15:17,6650.12,6650.12,6648.96,6649.23,4672000.0
15:18,6650.26,6650.49,6649.92,6650.09,3900000.0
15:19,6650.7,6651.47,6650.3,6650.3,4112000.0
15:20,6653.2,6653.62,6650.71,6650.71,6161000.0
15:21,6654.31,6654.42,6652.94,6653.11,5327000.0
15:22,6655.97,6655.97,6653.29,6654.26,5095000.0
15:23,6655.62,6656.06,6655.37,6656.01,4434000.0
15:24,6654.6,6655.86,6654.58,6655.63,4466000.0
15:25,6653.97,6654.67,6653.73,6654.56,5518000.0
15:26,6652.84,6653.88,6652.36,6653.88,4699000.0
15:27,6652.68,6653.5,6652.68,6652.96,4428000.0
15:28,6651.36,6652.88,6650.74,6652.72,5913000.0
15:29,6651.06,6651.25,6649.8,6651.25,4898000.0
15:30,6649.78,6651.57,6649.74,6651.04,6749000.0
15:31,6652.18,6652.29,6650.04,6650.07,6334000.0
15:32,6651.42,6652.47,6651.18,6652.2,5463000.0
15:33,6651.59,6651.93,6651.12,6651.35,6185000.0
15:34,6652.33,6652.79,6651.3,6651.52,5924000.0
15:35,6651.72,6652.85,6651.7,6652.48,7601000.0
15:36,6652.59,6652.64,6651.43,6651.76,5278000.0
15:37,6653.17,6653.68,6652.62,6652.64,6159000.0
15:38,6653.98,6653.98,6653.03,6653.2,6854000.0
15:39,6653.91,6654.28,6653.15,6653.94,6451000.0
15:40,6655.96,6656.08,6653.76,6653.93,7069000.0
15:41,6657.12,6657.27,6655.83,6655.98,6552000.0
15:42,6656.38,6657.56,6655.67,6657.11,7172000.0
15:43,6657.41,6657.63,6656.14,6656.4,6306000.0
15:44,6657.09,6658.02,6657.07,6657.32,6559000.0
15:45,6654.6,6657.06,6654.43,6657.06,8986000.0
15:46,6654.22,6656.01,6653.94,6654.65,8154000.0
15:47,6654.8,6654.96,6653.98,6654.24,7556000.0
15:48,6652.51,6655.03,6652.51,6654.8,8415000.0
15:49,6652.96,6653.33,6652.33,6652.54,8534000.0
15:50,6654.73,6655.05,6651.64,6652.89,14719000.0
15:51,6656.57,6656.84,6654.41,6654.78,12288000.0
15:52,6656.12,6656.46,6655.27,6656.39,11287000.0
15:53,6656.99,6658.34,6655.97,6656.1,13684000.0
15:54,6658.34,6659.31,6657.09,6657.09,18927000.0
15:55,6656.22,6659.22,6656.22,6658.65,23832000.0
15:56,6655.18,6657.23,6654.48,6656.42,21222000.0
15:57,6653.82,6655.55,6653.79,6655.17,27563000.0
15:58,6655.58,6655.58,6653.86,6653.86,34364000.0
15:59,6653.91,6655.44,6653.26,6655.44,66484000.0
