Time,Close,High,Low,Open,Volume
09:30,6831.24,6834.26,6830.72,6830.96,1.0
09:31,6834.85,6834.85,6831.14,6831.14,12296889.0
09:32,6834.12,6836.72,6833.04,6834.5,11470982.0
09:33,6833.71,6836.6,6833.16,6833.8,10362991.0
09:34,6833.73,6834.32,6831.93,6833.77,10544680.0
09:35,6835.27,6836.05,6833.01,6833.71,9893343.0
09:36,6841.9,6841.9,6834.99,6835.15,10223536.0
09:37,6842.44,6843.76,6840.31,6841.67,10244013.0
09:38,6841.03,6842.68,6839.57,6842.38,10012047.0
09:39,6841.55,6842.84,6841.22,6841.25,8094804.0
09:40,6840.01,6842.38,6838.61,6841.35,9975293.0
09:41,6838.67,6840.88,6838.2,6839.74,8571099.0
09:42,6836.61,6839.09,6835.3,6838.87,8148136.0
09:43,6836.73,6838.93,6835.22,6836.99,7585661.0
09:44,6836.95,6838.65,6834.99,6836.7,8276857.0
09:45,6838.38,6839.0,6836.64,6837.55,9411978.0
09:46,6834.35,6838.33,6833.01,6838.33,7288927.0
09:47,6836.64,6837.22,6833.77,6834.34,7378050.0
09:48,6833.48,6837.17,6832.97,6836.52,7963555.0
09:49,6833.59,6834.36,6831.97,6833.54,6845743.0
09:50,6835.52,6835.52,6832.1,6833.72,7912435.0
09:51,6837.42,6837.42,6833.44,6835.09,6938797.0
09:52,6834.89,6837.58,6834.81,6837.58,7183093.0
09:53,6830.64,6834.75,6829.5,6834.75,7307323.0
09:54,6830.19,6832.12,6829.65,6830.49,7311430.0
09:55,6831.19,6832.74,6829.6,6830.12,7089112.0
09:56,6832.88,6833.09,6830.93,6831.7,6360122.0
09:57,6835.77,6835.77,6832.71,6832.92,5772191.0
09:58,6838.54,6838.54,6835.91,6835.91,6276050.0
09:59,6837.9,6839.88,6836.81,6838.69,7266399.0
10:00,6840.08,6840.21,6836.7,6837.58,9065470.0
10:01,6844.19,6844.24,6840.09,6840.09,7871775.0
10:02,6843.62,6844.2,6842.74,6844.19,8742192.0
10:03,6842.99,6843.93,6842.77,6843.74,5938445.0
10:04,6843.97,6844.69,6842.35,6843.14,8711137.0
10:05,6845.74,6846.41,6844.04,6844.04,7035366.0
10:06,6843.54,6846.1,6843.49,6845.94,8005403.0
10:07,6843.43,6843.79,6841.56,6843.64,6887712.0
10:08,6845.41,6845.58,6842.87,6843.41,7351117.0
10:09,6844.73,6846.73,6844.73,6845.82,7684315.0
10:10,6841.75,6844.73,6841.2,6844.73,9465558.0
10:11,6839.61,6841.4,6837.17,6841.4,9050930.0
10:12,6842.19,6842.59,6839.3,6839.69,7704829.0
10:13,6842.77,6842.98,6841.14,6842.13,7651652.0
10:14,6843.61,6843.71,6841.02,6842.84,6147207.0
10:15,6845.27,6845.43,6843.64,6843.8,6197551.0
10:16,6845.22,6845.89,6843.62,6845.31,6102359.0
10:17,6845.19,6845.86,6844.14,6845.4,6219129.0
10:18,6844.17,6845.76,6843.82,6845.13,6305279.0
10:19,6844.55,6844.73,6842.49,6844.04,5996057.0
10:20,6839.92,6844.53,6839.76,6844.53,6254122.0
10:21,6840.77,6841.53,6839.78,6839.78,6249448.0
10:22,6842.27,6842.48,6839.7,6840.68,6439176.0
10:23,6844.77,6844.99,6841.79,6842.45,7755496.0
10:24,6844.95,6845.14,6843.87,6844.84,6711417.0
10:25,6842.57,6846.4,6842.57,6844.88,6529554.0
10:26,6840.52,6843.31,6840.52,6842.54,7364456.0
10:27,6837.17,6840.38,6837.1,6839.62,7191672.0
10:28,6829.88,6837.39,6829.76,6837.2,7828573.0
10:29,6829.64,6830.67,6828.74,6830.02,6822327.0
10:30,6830.25,6830.25,6824.43,6829.52,7776079.0
10:31,6831.57,6831.66,6827.78,6830.21,7167535.0
10:32,6827.46,6831.01,6827.46,6831.01,7292624.0
10:33,6825.13,6828.22,6824.94,6827.62,6455853.0
10:34,6825.52,6826.77,6822.86,6824.82,7108547.0
10:35,6827.36,6827.36,6823.57,6825.55,6476364.0
10:36,6826.94,6828.7,6826.17,6827.35,5998423.0
10:37,6829.09,6830.51,6826.92,6826.92,6599043.0
10:38,6828.63,6829.3,6827.19,6829.16,5507576.0
10:39,6827.56,6828.87,6826.33,6828.87,5761767.0
10:40,6834.08,6834.12,6826.99,6827.38,6638578.0
10:41,6837.94,6837.94,6833.8,6833.98,7213091.0
10:42,6839.42,6840.21,6837.97,6837.97,7306349.0
10:43,6841.93,6841.99,6839.42,6839.42,6936414.0
10:44,6841.25,6841.99,6840.6,6841.99,6219303.0
10:45,6842.71,6843.64,6839.75,6841.21,6668381.0
10:46,6843.4,6843.72,6842.03,6842.54,5572222.0
10:47,6845.17,6845.21,6842.61,6843.4,6276750.0
10:48,6845.87,6846.59,6845.02,6845.09,6304348.0
10:49,6845.95,6846.14,6844.7,6845.72,5716733.0
10:50,6848.59,6848.68,6846.05,6846.05,6228306.0
10:51,6848.11,6850.57,6848.09,6848.59,6198960.0
10:52,6846.86,6848.76,6846.46,6848.29,5585394.0
10:53,6846.53,6846.97,6845.6,6846.82,5323277.0
10:54,6846.53,6847.29,6845.53,6846.77,5714119.0
10:55,6847.96,6848.65,6846.11,6846.55,6637369.0
10:56,6848.65,6849.32,6847.53,6847.99,6587144.0
10:57,6848.36,6849.42,6847.63,6848.68,5776702.0
10:58,6848.69,6848.78,6846.19,6848.25,5625552.0
10:59,6848.6,6849.05,6847.63,6848.65,5507497.0
11:00,6846.52,6848.85,6843.92,6848.46,10551309.0
11:01,6850.39,6850.39,6846.77,6846.77,6994566.0
11:02,6850.66,6851.16,6849.39,6850.17,6963866.0
11:03,6850.33,6850.9,6849.24,6850.78,5594594.0
11:04,6848.77,6851.55,6848.77,6850.38,6796765.0
11:05,6844.22,6849.36,6844.22,6848.93,7676813.0
11:06,6843.2,6845.08,6841.42,6843.89,8123921.0
11:07,6842.59,6843.53,6840.55,6843.53,6209313.0
11:08,6845.42,6846.31,6842.87,6843.38,6542016.0
11:09,6840.31,6844.87,6839.3,6844.87,6655999.0
11:10,6837.84,6841.98,6836.94,6840.23,5660846.0
11:11,6836.2,6838.68,6835.24,6838.01,5946215.0
11:12,6832.55,6837.64,6831.65,6836.14,6535007.0
11:13,6829.15,6832.43,6828.74,6832.43,7432631.0
11:14,6829.44,6829.44,6825.96,6828.86,6477248.0
11:15,6827.68,6830.11,6827.59,6828.81,6124300.0
11:16,6830.53,6831.64,6826.56,6827.57,6675268.0
11:17,6828.48,6831.4,6828.48,6830.68,6804348.0
11:18,6827.82,6829.75,6825.84,6828.34,4825573.0
11:19,6827.62,6829.46,6824.27,6828.28,5969830.0
11:20,6829.53,6829.89,6825.1,6827.63,5436314.0
11:21,6826.0,6830.63,6825.64,6829.55,5761743.0
11:22,6822.25,6825.66,6820.22,6825.66,7109251.0
11:23,6817.91,6822.03,6816.38,6822.03,7033271.0
11:24,6814.7,6818.41,6814.38,6817.83,6536494.0
11:25,6815.14,6818.4,6813.45,6814.61,7381064.0
11:26,6815.09,6815.51,6811.2,6814.83,6323020.0
11:27,6814.83,6814.97,6812.46,6814.79,5415931.0
11:28,6811.69,6814.57,6810.85,6814.57,5516212.0
11:29,6813.58,6813.73,6811.17,6811.58,5089896.0
11:30,6812.58,6816.97,6812.18,6813.54,6367971.0
11:31,6808.4,6812.61,6807.91,6812.61,5920567.0
11:32,6807.15,6808.74,6806.78,6808.22,5454996.0
11:33,6813.43,6814.12,6806.71,6807.0,5412741.0
11:34,6814.11,6814.11,6810.9,6813.16,5289919.0
11:35,6817.25,6817.44,6812.82,6813.39,7531981.0
11:36,6816.74,6819.1,6816.17,6817.48,6351977.0
11:37,6819.87,6821.1,6816.64,6816.64,6077586.0
11:38,6821.56,6821.56,6818.57,6819.75,5272555.0
11:39,6821.81,6821.82,6820.15,6821.22,5054529.0
11:40,6824.62,6824.63,6821.82,6821.82,4729877.0
11:41,6823.43,6825.87,6823.39,6824.84,5071184.0
11:42,6820.87,6823.72,6820.87,6823.01,4457079.0
11:43,6822.39,6822.62,6819.44,6820.81,4724000.0
11:44,6819.14,6822.19,6819.14,6822.11,4185000.0
11:45,6817.39,6819.96,6817.39,6818.72,4704000.0
11:46,6820.87,6820.87,6816.62,6817.36,4253000.0
11:47,6821.79,6821.79,6820.48,6821.18,4399000.0
11:48,6818.15,6821.73,6817.9,6821.73,4454000.0
11:49,6817.88,6818.48,6815.71,6818.03,4166000.0
11:50,6820.43,6820.64,6817.96,6818.09,4054000.0
11:51,6823.1,6823.28,6820.44,6820.6,3924000.0
11:52,6820.17,6823.86,6820.17,6822.95,4263000.0
11:53,6820.25,6821.5,6820.24,6820.24,3665000.0
11:54,6822.59,6822.77,6818.48,6820.37,4278000.0
11:55,6824.77,6826.0,6822.63,6822.63,4587000.0
11:56,6823.95,6825.16,6822.11,6824.49,4645000.0
11:57,6821.26,6824.15,6821.02,6823.85,4764000.0
11:58,6818.88,6821.09,6818.72,6820.97,3714000.0
11:59,6819.39,6819.62,6817.9,6819.11,5086000.0
12:00,6823.47,6823.47,6818.74,6819.26,4852000.0
12:01,6826.4,6826.4,6823.5,6823.5,4570000.0
12:02,6827.06,6827.55,6825.76,6826.36,4240000.0
12:03,6824.46,6827.36,6824.2,6827.08,4065000.0
12:04,6824.45,6825.43,6823.57,6824.13,3882000.0
12:05,6824.62,6825.47,6824.12,6824.34,4451000.0
12:06,6821.24,6824.46,6821.24,6824.46,4515000.0
12:07,6821.92,6822.9,6821.01,6821.2,6295000.0
12:08,6820.83,6822.5,6820.83,6822.22,4709000.0
12:09,6819.96,6820.98,6819.5,6820.88,4262000.0
12:10,6821.35,6821.65,6819.14,6819.73,3957000.0
12:11,6821.99,6822.25,6820.4,6821.42,5171000.0
12:12,6824.06,6824.06,6821.48,6821.99,3693000.0
12:13,6824.75,6825.92,6823.9,6824.04,4030000.0
12:14,6826.14,6826.14,6824.55,6824.7,3334000.0
12:15,6826.69,6827.5,6825.94,6826.19,3750000.0
12:16,6828.12,6829.0,6826.77,6826.77,3751000.0
12:17,6830.95,6831.29,6828.2,6828.2,5074000.0
12:18,6831.94,6831.94,6829.82,6831.04,3856000.0
12:19,6835.33,6835.94,6831.99,6831.99,5110000.0
12:20,6836.31,6838.14,6835.2,6835.2,5209000.0
12:21,6836.7,6836.95,6835.56,6836.28,4023000.0
12:22,6833.75,6836.61,6833.75,6836.61,4167000.0
12:23,6835.34,6835.66,6833.32,6833.7,3386000.0
12:24,6834.41,6835.61,6834.03,6835.39,3192000.0
12:25,6834.7,6834.97,6833.69,6834.5,3734000.0
12:26,6837.43,6837.73,6834.44,6834.44,3596000.0
12:27,6837.62,6838.28,6837.17,6837.52,3416000.0
12:28,6839.33,6839.75,6837.65,6837.65,4061000.0
12:29,6838.26,6839.37,6838.09,6839.26,3598000.0
12:30,6839.54,6839.81,6838.13,6838.13,3511000.0
12:31,6840.83,6840.86,6839.6,6839.6,3745000.0
12:32,6839.8,6841.75,6839.8,6840.78,4293000.0
12:33,6839.55,6840.27,6839.29,6839.84,3748000.0
12:34,6839.11,6839.8,6838.68,6839.58,3660000.0
12:35,6838.34,6839.13,6838.19,6839.13,3123000.0
12:36,6836.79,6838.26,6833.85,6838.26,5357000.0
12:37,6838.3,6838.99,6836.95,6836.98,3449000.0
12:38,6835.73,6839.29,6835.73,6838.31,4804000.0
12:39,6835.02,6836.03,6834.19,6835.63,3775000.0
12:40,6835.51,6836.27,6835.12,6835.12,3444000.0
12:41,6834.15,6836.38,6834.08,6835.51,3364000.0
12:42,6835.87,6835.87,6833.35,6833.69,3658000.0
12:43,6836.34,6836.49,6835.73,6835.92,3202000.0
12:44,6836.25,6837.0,6836.21,6836.42,4423000.0
12:45,6836.38,6836.84,6835.23,6836.35,3442000.0
12:46,6837.29,6837.72,6836.23,6836.33,3180000.0
12:47,6836.0,6837.15,6835.35,6836.92,3076000.0
12:48,6835.73,6836.05,6835.2,6836.03,2840000.0
12:49,6836.27,6836.42,6834.53,6835.82,3041000.0
12:50,6835.67,6836.71,6835.67,6836.23,2789000.0
12:51,6833.13,6835.93,6832.5,6835.79,3322000.0
12:52,6830.28,6833.04,6830.28,6833.04,3158000.0
12:53,6827.81,6830.33,6827.32,6830.33,4238000.0
12:54,6827.44,6827.87,6825.63,6827.87,3564000.0
12:55,6824.64,6827.46,6824.45,6827.21,3130000.0
12:56,6819.96,6824.64,6819.55,6824.64,4528000.0
12:57,6819.31,6819.89,6818.5,6819.89,3806000.0
12:58,6817.52,6819.72,6817.25,6819.27,3615000.0
12:59,6815.35,6818.06,6815.35,6817.42,3559000.0
13:00,6819.04,6819.43,6813.54,6815.2,5311000.0
13:01,6821.7,6821.81,6818.54,6819.32,3866000.0
13:02,6822.89,6823.12,6820.7,6821.56,3613000.0
13:03,6823.55,6823.55,6821.36,6822.89,3878000.0
13:04,6821.56,6823.76,6821.21,6823.53,4548000.0
13:05,6822.81,6823.16,6820.6,6821.38,4439000.0
13:06,6826.58,6826.58,6822.89,6822.89,4527000.0
13:07,6826.95,6828.5,6826.44,6826.59,4325000.0
13:08,6825.09,6826.84,6825.09,6826.84,4174000.0
13:09,6824.81,6825.81,6824.51,6824.88,3618000.0
13:10,6822.47,6824.68,6822.42,6824.66,3490000.0
13:11,6821.51,6822.14,6820.39,6822.14,3768000.0
13:12,6822.86,6822.86,6820.14,6821.36,3820000.0
13:13,6820.95,6822.81,6820.95,6822.81,3861000.0
13:14,6821.26,6821.54,6820.82,6820.92,2960000.0
13:15,6819.44,6821.49,6819.44,6821.29,3863000.0
13:16,6822.77,6822.86,6819.94,6819.94,3872000.0
13:17,6823.84,6824.13,6821.89,6822.81,3704000.0
13:18,6824.33,6824.33,6822.14,6823.85,3630000.0
13:19,6824.13,6824.7,6823.69,6824.41,3609000.0
13:20,6825.54,6825.86,6823.38,6824.14,4387000.0
13:21,6825.17,6825.7,6824.72,6825.54,3515000.0
13:22,6828.34,6828.37,6825.12,6825.12,3832000.0
13:23,6828.35,6829.3,6828.19,6828.42,3706000.0
13:24,6826.48,6828.62,6826.29,6828.22,4443000.0
13:25,6821.77,6826.68,6821.77,6826.46,5365000.0
13:26,6821.78,6822.36,6820.57,6821.71,4127000.0
13:27,6822.31,6822.78,6820.96,6822.1,3819000.0
13:28,6823.11,6823.13,6821.54,6822.33,3418000.0
13:29,6824.27,6825.12,6823.34,6823.34,3574000.0
13:30,6825.9,6825.9,6823.64,6824.22,3522000.0
13:31,6825.78,6826.87,6825.78,6825.95,3465000.0
13:32,6821.77,6825.63,6821.77,6825.63,4247000.0
13:33,6821.35,6822.28,6820.9,6821.69,3058000.0
13:34,6820.99,6821.5,6820.0,6821.28,3012000.0
13:35,6819.58,6821.07,6818.4,6821.07,4158000.0
13:36,6820.13,6820.35,6819.45,6819.65,3369000.0
13:37,6818.95,6820.87,6816.51,6820.36,5147000.0
13:38,6819.72,6821.03,6818.76,6818.96,3797000.0
13:39,6817.83,6819.84,6817.83,6819.66,3439000.0
13:40,6816.36,6818.2,6816.36,6817.71,3589000.0
13:41,6817.74,6817.99,6816.2,6816.46,3235000.0
13:42,6817.63,6818.52,6817.37,6817.74,3811000.0
13:43,6819.49,6819.73,6816.78,6817.37,4216000.0
13:44,6821.21,6821.46,6819.45,6819.45,4135000.0
13:45,6818.61,6820.98,6818.57,6820.98,3740000.0
13:46,6820.84,6821.04,6818.32,6818.57,3893000.0
13:47,6820.91,6821.44,6820.62,6820.67,3768000.0
13:48,6822.16,6822.44,6821.11,6821.11,3288000.0
13:49,6822.02,6822.38,6820.75,6822.07,3939000.0
13:50,6820.83,6822.2,6820.31,6821.96,3555000.0
13:51,6822.93,6822.93,6820.57,6820.75,3863000.0
13:52,6826.13,6826.13,6822.88,6822.88,5855000.0
13:53,6825.62,6826.5,6824.25,6826.27,4627000.0
13:54,6825.98,6826.01,6825.02,6825.61,3678000.0
13:55,6825.59,6826.55,6825.49,6826.11,6219000.0
13:56,6823.5,6825.72,6822.71,6825.72,4578000.0
13:57,6822.07,6824.38,6821.84,6823.78,3266000.0
13:58,6821.81,6822.29,6821.08,6822.21,3614000.0
13:59,6824.79,6824.92,6821.33,6821.77,4345000.0
14:00,6824.01,6826.17,6824.01,6824.8,5040000.0
14:01,6826.39,6826.39,6823.53,6823.84,3902000.0
14:02,6827.19,6828.39,6826.55,6826.55,4687000.0
14:03,6828.57,6828.57,6826.82,6827.21,3241000.0
14:04,6830.29,6831.34,6828.45,6828.56,4076000.0
14:05,6832.1,6832.37,6830.18,6830.42,4157000.0
14:06,6830.89,6832.64,6830.7,6832.11,4568000.0
14:07,6829.72,6831.06,6829.17,6830.94,4157000.0
14:08,6830.48,6831.78,6829.8,6829.98,4135000.0
14:09,6829.4,6830.59,6829.33,6830.53,3443000.0
14:10,6828.66,6829.74,6828.16,6829.45,3852000.0
14:11,6828.55,6830.01,6828.41,6828.76,4362000.0
14:12,6830.32,6830.32,6828.19,6828.72,4049000.0
14:13,6831.57,6831.57,6830.14,6830.33,3589000.0
14:14,6830.47,6831.75,6829.72,6831.7,3604000.0
14:15,6831.23,6831.29,6830.42,6830.42,3453000.0
14:16,6831.11,6831.89,6831.11,6831.28,6045000.0
14:17,6828.42,6831.35,6828.37,6831.09,4240000.0
14:18,6829.41,6830.23,6828.29,6828.43,4028000.0
14:19,6828.79,6829.39,6828.49,6829.39,3836000.0
14:20,6826.88,6829.71,6826.88,6828.76,4836000.0
14:21,6824.95,6827.15,6824.95,6826.8,3522000.0
14:22,6825.62,6825.62,6822.63,6824.7,5483000.0
14:23,6823.25,6825.88,6823.25,6825.61,4070000.0
14:24,6822.84,6823.21,6821.35,6823.21,3800000.0
14:25,6824.19,6824.19,6822.94,6822.94,3595000.0
14:26,6822.75,6824.21,6822.51,6824.21,3948000.0
14:27,6823.86,6824.5,6822.93,6822.93,4197000.0
14:28,6825.57,6825.57,6822.44,6823.7,4443000.0
14:29,6827.43,6827.5,6825.37,6825.53,4445000.0
14:30,6829.12,6829.12,6826.9,6827.41,3741000.0
14:31,6830.4,6831.5,6829.17,6829.17,4670000.0
14:32,6829.97,6830.99,6829.68,6830.38,3696000.0
14:33,6830.0,6830.49,6829.69,6830.11,3017000.0
14:34,6831.15,6831.35,6830.16,6830.24,3679000.0
14:35,6831.22,6832.36,6830.92,6831.11,4600000.0
14:36,6831.01,6831.47,6830.13,6831.25,3693000.0
14:37,6830.12,6831.19,6830.12,6830.96,3597000.0
14:38,6830.66,6830.66,6829.07,6830.06,4549000.0
14:39,6831.23,6832.05,6830.66,6830.77,5852000.0
14:40,6832.09,6832.24,6831.22,6831.33,3486000.0
14:41,6830.51,6832.11,6830.35,6831.84,3240000.0
14:42,6830.16,6830.81,6829.7,6830.49,3261000.0
14:43,6827.09,6830.13,6827.09,6830.02,3888000.0
14:44,6828.62,6828.99,6827.07,6827.07,3803000.0
14:45,6828.68,6829.01,6827.95,6828.62,4376000.0
14:46,6828.86,6830.4,6828.68,6828.71,4234000.0
14:47,6829.26,6829.4,6828.3,6828.73,4435000.0
14:48,6832.54,6832.54,6829.25,6829.38,4241000.0
14:49,6832.29,6833.68,6831.86,6832.61,4634000.0
14:50,6833.63,6833.63,6831.72,6832.29,4134000.0
14:51,6838.15,6838.83,6833.89,6833.89,6166000.0
14:52,6838.39,6838.43,6837.05,6838.19,4186000.0
14:53,6837.96,6839.08,6837.85,6838.37,4775000.0
14:54,6836.83,6838.07,6836.33,6838.07,4152000.0
14:55,6837.48,6837.69,6836.38,6836.84,3564000.0
14:56,6836.87,6837.59,6836.75,6837.41,4023000.0
14:57,6837.74,6837.79,6835.97,6836.71,4759000.0
14:58,6838.22,6838.65,6837.73,6837.73,4638000.0
14:59,6837.37,6839.22,6837.37,6838.27,4827000.0
15:00,6836.72,6838.27,6836.2,6837.37,5529000.0
15:01,6835.47,6837.29,6835.47,6836.82,4967000.0
15:02,6835.58,6835.85,6833.81,6835.21,4434000.0
15:03,6835.7,6836.14,6835.22,6835.62,4664000.0
15:04,6835.34,6835.89,6834.87,6835.73,4225000.0
15:05,6836.28,6836.41,6834.78,6835.34,4533000.0
15:06,6835.63,6836.53,6835.54,6836.3,3726000.0
15:07,6836.29,6836.72,6835.05,6835.6,4828000.0
15:08,6835.51,6836.24,6835.42,6836.18,4572000.0
15:09,6836.97,6836.97,6834.92,6835.4,5049000.0
15:10,6836.54,6837.59,6836.47,6837.01,4452000.0
15:11,6836.0,6836.94,6835.79,6836.52,4292000.0
15:12,6838.12,6838.12,6835.97,6836.0,5007000.0
15:13,6839.23,6840.02,6838.24,6838.24,5505000.0
15:14,6837.65,6839.16,6837.35,6839.16,4193000.0
15:15,6838.07,6838.24,6837.39,6837.86,5151000.0
15:16,6838.29,6838.49,6837.3,6838.14,5069000.0
15:17,6838.13,6838.53,6837.68,6838.29,4806000.0
15:18,6838.29,6839.42,6837.73,6838.14,6049000.0
15:19,6838.93,6839.07,6838.09,6838.31,5114000.0
15:20,6839.14,6839.64,6838.92,6838.93,4837000.0
15:21,6838.95,6840.43,6838.95,6839.1,5203000.0
15:22,6838.94,6839.31,6838.58,6839.0,4220000.0
15:23,6838.62,6839.01,6838.29,6838.97,4859000.0
15:24,6838.33,6838.72,6838.12,6838.64,5033000.0
15:25,6837.79,6839.06,6837.71,6838.34,5515000.0
15:26,6839.43,6839.77,6837.54,6837.78,5083000.0
15:27,6839.16,6839.57,6838.44,6839.5,5069000.0
15:28,6838.11,6839.25,6838.04,6839.19,5864000.0
15:29,6838.45,6838.72,6837.17,6837.97,5934000.0
15:30,6840.18,6840.18,6837.91,6838.4,7407000.0
15:31,6841.72,6841.78,6840.17,6840.18,7145000.0
15:32,6840.74,6841.74,6840.74,6841.64,6235000.0
15:33,6840.59,6840.75,6839.86,6840.63,6138000.0
15:34,6840.78,6841.97,6840.65,6840.65,6118000.0
15:35,6841.12,6841.31,6840.22,6840.8,6595000.0
15:36,6840.09,6841.21,6840.03,6841.17,6905000.0
15:37,6839.65,6840.12,6838.74,6840.12,6932000.0
15:38,6837.76,6840.66,6837.76,6839.65,6782000.0
15:39,6837.81,6838.52,6837.38,6837.67,6790000.0
15:40,6839.86,6839.86,6836.53,6837.8,8068000.0
15:41,6839.36,6839.94,6838.45,6839.84,7267000.0
15:42,6837.5,6839.61,6837.5,6839.51,7147000.0
15:43,6838.22,6838.22,6836.27,6837.46,7756000.0
15:44,6838.56,6838.85,6838.25,6838.41,7450000.0
15:45,6838.39,6839.1,6838.12,6838.56,8762000.0
15:46,6839.46,6840.84,6838.3,6838.3,8588000.0
15:47,6839.06,6841.3,6839.06,6839.63,9016000.0
15:48,6838.62,6839.42,6838.46,6838.9,8349000.0
15:49,6837.9,6838.66,6836.73,6838.66,9534000.0
15:50,6836.21,6839.88,6836.21,6837.9,18783000.0
15:51,6835.02,6836.18,6834.7,6836.04,13506000.0
15:52,6834.28,6835.74,6834.07,6834.81,12727000.0
15:53,6833.15,6834.3,6832.33,6834.3,15677000.0
15:54,6828.96,6834.49,6828.4,6833.2,22839000.0
15:55,6830.22,6831.85,6828.95,6828.95,23006000.0
15:56,6831.1,6832.07,6830.42,6830.49,21312000.0
15:57,6829.12,6831.52,6828.7,6831.08,24992000.0
15:58,6830.06,6830.06,6828.05,6829.12,37398000.0
15:59,6827.83,6831.66,6827.83,6830.43,66246000.0
