Time,Close,High,Low,Open,Volume
09:30,6668.15,6670.06,6661.58,6661.58,1.0
09:31,6668.03,6669.42,6667.16,6668.03,19480287.0
09:32,6671.05,6671.9,6667.68,6668.02,16848538.0
09:33,6670.35,6671.59,6669.3,6671.02,13679740.0
09:34,6667.87,6670.61,6667.77,6670.39,12478169.0
09:35,6667.39,6670.15,6666.61,6667.88,13918719.0
09:36,6666.72,6667.88,6666.27,6667.04,13177440.0
09:37,6667.41,6669.39,6666.91,6666.95,10764110.0
09:38,6665.62,6668.5,6664.92,6667.43,11241123.0
09:39,6664.52,6666.45,6664.09,6665.56,9460153.0
09:40,6665.31,6665.91,6663.49,6664.43,10116652.0
09:41,6663.4,6666.11,6663.1,6665.35,10079740.0
09:42,6664.6,6665.25,6662.38,6663.27,11736506.0
09:43,6666.3,6669.07,6665.08,6665.08,11769531.0
09:44,6668.92,6668.98,6665.64,6666.31,10533477.0
09:45,6670.61,6670.76,6668.49,6668.85,14297808.0
09:46,6669.52,6672.12,6669.26,6670.57,10158021.0
09:47,6670.84,6672.23,6669.44,6669.44,9469203.0
09:48,6670.58,6671.79,6669.87,6671.01,8905963.0
09:49,6671.26,6671.35,6670.13,6670.98,8481728.0
09:50,6669.63,6671.76,6669.57,6671.26,12089742.0
09:51,6668.82,6670.64,6667.95,6669.82,8396128.0
09:52,6666.81,6668.71,6666.15,6668.71,8510886.0
09:53,6669.46,6669.86,6666.98,6666.98,8248722.0
09:54,6671.07,6671.48,6669.82,6669.82,8794901.0
09:55,6668.33,6671.84,6667.59,6671.2,9625942.0
09:56,6669.61,6669.78,6668.13,6668.66,9077986.0
09:57,6670.07,6671.83,6669.12,6669.63,8398359.0
09:58,6669.97,6671.11,6669.9,6670.08,7263264.0
09:59,6671.09,6671.99,6669.92,6669.92,8132449.0
10:00,6670.89,6672.94,6670.18,6670.92,11820519.0
10:01,6669.24,6670.69,6668.87,6670.68,9064622.0
10:02,6668.89,6671.73,6668.72,6669.29,7354406.0
10:03,6668.2,6669.89,6668.03,6668.94,7067325.0
10:04,6667.71,6668.38,6666.91,6667.05,9875471.0
10:05,6668.18,6668.28,6666.52,6667.62,8822905.0
10:06,6670.65,6670.9,6668.28,6668.28,9278468.0
10:07,6673.55,6673.55,6669.96,6670.35,9063021.0
10:08,6673.66,6674.03,6672.45,6673.6,8002748.0
10:09,6676.92,6677.31,6673.75,6673.75,9580755.0
10:10,6675.35,6676.96,6674.5,6676.84,8006849.0
10:11,6673.63,6675.25,6672.26,6675.22,6971561.0
10:12,6671.8,6673.78,6671.52,6673.58,7841496.0
10:13,6671.62,6671.73,6670.48,6671.73,9276484.0
10:14,6672.25,6672.29,6671.57,6671.57,7571682.0
10:15,6672.92,6673.03,6671.91,6672.15,7077132.0
10:16,6670.38,6672.86,6669.43,6672.86,7207986.0
10:17,6669.66,6670.44,6668.44,6670.38,6627900.0
10:18,6668.85,6670.03,6668.61,6669.79,6103472.0
10:19,6667.34,6669.81,6667.3,6669.32,7271848.0
10:20,6668.16,6668.24,6665.73,6667.47,7657666.0
10:21,6670.81,6670.93,6668.06,6668.14,6388423.0
10:22,6672.37,6672.43,6670.77,6670.77,6273126.0
10:23,6674.48,6674.48,6671.96,6672.35,6056023.0
10:24,6674.11,6674.68,6673.68,6674.59,6121644.0
10:25,6674.19,6674.76,6673.16,6674.1,7037093.0
10:26,6674.0,6674.51,6673.55,6674.47,6459948.0
10:27,6674.4,6675.0,6674.11,6674.16,6009387.0
10:28,6674.54,6675.26,6674.13,6674.41,6036693.0
10:29,6673.13,6674.61,6672.79,6674.61,7169221.0
10:30,6672.02,6673.19,6671.52,6673.16,7102455.0
10:31,6671.96,6672.85,6671.62,6671.95,6765367.0
10:32,6673.64,6674.07,6672.02,6672.02,6328560.0
10:33,6673.31,6673.57,6671.99,6673.57,7188494.0
10:34,6673.81,6673.84,6673.3,6673.3,8980938.0
10:35,6672.39,6674.63,6671.97,6673.92,7371581.0
10:36,6672.7,6673.13,6672.24,6672.47,6488937.0
10:37,6671.36,6673.25,6671.32,6672.69,6026997.0
10:38,6672.16,6672.23,6670.83,6671.54,5382439.0
10:39,6673.64,6673.9,6672.02,6672.07,7555096.0
10:40,6673.8,6674.25,6673.3,6673.69,6726707.0
10:41,6675.52,6675.81,6673.36,6673.8,7292912.0
10:42,6674.11,6675.35,6673.54,6675.35,6400232.0
10:43,6675.52,6675.73,6674.13,6674.13,6369115.0
10:44,6675.82,6676.23,6675.37,6675.5,6912436.0
10:45,6675.26,6676.14,6674.97,6675.88,7117464.0
10:46,6676.06,6676.19,6675.06,6675.27,6363207.0
10:47,6676.54,6677.27,6676.01,6676.01,6437790.0
10:48,6676.25,6676.79,6676.01,6676.62,5630215.0
10:49,6675.28,6676.62,6674.98,6676.13,5861756.0
10:50,6673.7,6675.88,6673.63,6675.25,5946491.0
10:51,6674.34,6675.08,6673.64,6673.64,7172673.0
10:52,6674.18,6674.72,6673.75,6674.35,5360038.0
10:53,6672.59,6674.23,6672.4,6674.23,5551980.0
10:54,6671.8,6672.78,6671.25,6672.54,6731353.0
10:55,6670.88,6672.18,6670.82,6671.74,5927218.0
10:56,6669.08,6671.05,6668.82,6670.92,6230894.0
10:57,6670.11,6670.47,6669.02,6669.02,7494347.0
10:58,6669.74,6670.97,6669.74,6670.29,8012097.0
10:59,6670.28,6670.46,6669.31,6669.64,6697001.0
11:00,6669.92,6670.89,6669.67,6670.17,6925094.0
11:01,6670.77,6671.25,6670.01,6670.09,6737665.0
11:02,6670.83,6670.98,6669.74,6670.71,6463021.0
11:03,6671.18,6671.69,6670.33,6670.82,6581684.0
11:04,6671.06,6671.57,6670.69,6671.21,5470705.0
11:05,6670.45,6671.37,6670.45,6671.1,6401341.0
11:06,6670.46,6670.59,6668.98,6670.21,6679139.0
11:07,6670.56,6670.99,6670.26,6670.34,5651775.0
11:08,6669.1,6670.6,6669.1,6670.6,5988261.0
11:09,6668.37,6669.22,6668.31,6669.11,5769544.0
11:10,6668.0,6668.53,6666.59,6668.45,6270082.0
11:11,6665.25,6668.21,6665.25,6667.84,6218311.0
11:12,6664.24,6665.37,6663.33,6665.37,5695178.0
11:13,6664.22,6664.63,6663.36,6663.97,5586684.0
11:14,6663.28,6664.34,6663.02,6664.34,5360815.0
11:15,6661.21,6663.17,6660.58,6663.17,8097832.0
11:16,6661.75,6662.56,6660.17,6661.23,5768478.0
11:17,6658.42,6662.27,6658.42,6661.63,6819566.0
11:18,6660.38,6660.39,6658.32,6658.7,6494658.0
11:19,6661.78,6662.1,6660.11,6660.48,5485050.0
11:20,6660.73,6661.76,6659.8,6661.76,5365787.0
11:21,6661.37,6661.92,6660.32,6660.53,4570020.0
11:22,6662.85,6664.63,6661.05,6661.28,5632425.0
11:23,6664.99,6665.3,6662.77,6662.8,4906394.0
11:24,6662.27,6664.91,6662.11,6664.89,4926735.0
11:25,6662.44,6663.72,6661.63,6662.31,4739857.0
11:26,6662.91,6663.19,6662.41,6662.59,4387719.0
11:27,6661.51,6662.91,6661.16,6662.91,4984252.0
11:28,6661.14,6662.46,6660.81,6661.53,4768000.0
11:29,6661.48,6662.12,6660.9,6660.94,5031000.0
11:30,6660.95,6662.3,6660.74,6661.45,5626000.0
11:31,6659.46,6661.11,6659.34,6660.99,4848000.0
11:32,6659.0,6660.14,6659.0,6659.3,4505000.0
11:33,6659.69,6659.82,6658.36,6659.0,5581000.0
11:34,6659.01,6660.06,6658.17,6659.74,6227000.0
11:35,6657.64,6659.93,6657.64,6659.04,5248000.0
11:36,6656.68,6658.23,6655.6,6657.58,5449000.0
11:37,6658.17,6658.77,6656.87,6656.87,5482000.0
11:38,6659.39,6659.75,6657.58,6658.11,6073000.0
11:39,6659.39,6659.51,6658.48,6659.42,4611000.0
11:40,6657.38,6660.19,6657.34,6659.48,4656000.0
11:41,6657.86,6658.79,6657.57,6657.65,4673000.0
11:42,6659.01,6659.84,6657.88,6657.88,4333000.0
11:43,6659.62,6659.62,6658.38,6659.09,5658000.0
11:44,6661.05,6661.07,6659.44,6659.5,5133000.0
11:45,6659.96,6661.18,6659.96,6661.0,5310000.0
11:46,6658.81,6660.42,6658.18,6659.98,4662000.0
11:47,6659.13,6659.87,6658.79,6658.79,4431000.0
11:48,6658.04,6659.27,6658.04,6659.17,4703000.0
11:49,6657.81,6658.22,6657.55,6658.02,4995000.0
11:50,6656.18,6657.97,6655.76,6657.83,6298000.0
11:51,6656.59,6657.54,6656.2,6656.26,5699000.0
11:52,6655.25,6656.71,6654.69,6656.7,5934000.0
11:53,6654.84,6655.11,6653.89,6654.93,6394000.0
11:54,6657.19,6657.19,6654.88,6654.88,5377000.0
11:55,6656.3,6658.56,6656.3,6657.19,4984000.0
11:56,6656.21,6656.45,6654.67,6656.28,5739000.0
11:57,6657.04,6657.57,6656.24,6656.27,4721000.0
11:58,6655.64,6657.59,6655.64,6657.05,4245000.0
11:59,6657.85,6658.04,6655.67,6655.77,4327000.0
12:00,6659.27,6659.81,6657.99,6657.99,5253000.0
12:01,6657.47,6659.23,6657.02,6659.23,6304000.0
12:02,6657.03,6657.71,6656.4,6657.48,5211000.0
12:03,6655.39,6657.16,6654.76,6657.05,4739000.0
12:04,6655.57,6656.43,6655.45,6655.57,4159000.0
12:05,6656.4,6656.57,6655.57,6655.6,3954000.0
12:06,6656.24,6657.07,6656.13,6656.39,4941000.0
12:07,6655.54,6656.31,6655.43,6656.15,4012000.0
12:08,6656.78,6656.78,6655.09,6655.57,4038000.0
12:09,6658.15,6658.15,6656.81,6656.81,5288000.0
12:10,6660.44,6660.55,6658.21,6658.21,4510000.0
12:11,6660.04,6660.55,6659.97,6660.51,4728000.0
12:12,6660.95,6661.51,6659.84,6660.07,4565000.0
12:13,6661.5,6661.68,6660.16,6660.99,3918000.0
12:14,6662.65,6663.31,6661.34,6661.51,4332000.0
12:15,6662.77,6663.03,6662.5,6662.69,4768000.0
12:16,6660.51,6662.72,6660.21,6662.72,5266000.0
12:17,6656.4,6660.59,6656.18,6660.59,4970000.0
12:18,6658.73,6658.73,6656.44,6656.44,4272000.0
12:19,6660.44,6660.44,6658.7,6658.7,4734000.0
12:20,6659.66,6660.58,6659.61,6660.52,3810000.0
12:21,6659.72,6660.13,6659.04,6659.84,3929000.0
12:22,6661.06,6661.06,6659.58,6659.63,4078000.0
12:23,6661.92,6662.47,6661.32,6661.32,3730000.0
12:24,6662.69,6662.69,6661.42,6661.97,4070000.0
12:25,6661.77,6662.67,6661.7,6662.67,4376000.0
12:26,6661.48,6661.99,6661.48,6661.76,4069000.0
12:27,6661.59,6661.63,6661.01,6661.44,3579000.0
12:28,6660.67,6661.5,6660.4,6661.5,4163000.0
12:29,6660.22,6660.92,6659.88,6660.67,4253000.0
12:30,6662.03,6662.03,6660.21,6660.21,4492000.0
12:31,6661.56,6662.29,6661.52,6661.89,4261000.0
12:32,6661.7,6661.75,6661.22,6661.49,3944000.0
12:33,6661.94,6662.42,6661.61,6661.7,3384000.0
12:34,6661.79,6662.17,6661.13,6661.99,3687000.0
12:35,6660.38,6661.8,6659.95,6661.8,3854000.0
12:36,6660.09,6660.55,6659.63,6660.33,3743000.0
12:37,6660.02,6660.21,6659.32,6660.08,3343000.0
12:38,6659.73,6660.05,6659.58,6659.96,3306000.0
12:39,6659.79,6660.29,6659.71,6659.76,3855000.0
12:40,6659.66,6660.35,6659.66,6659.69,4424000.0
12:41,6660.21,6660.5,6659.42,6659.53,3495000.0
12:42,6660.17,6661.42,6660.12,6660.12,4282000.0
12:43,6658.74,6660.55,6658.74,6660.11,5078000.0
12:44,6656.75,6658.79,6656.6,6658.79,4539000.0
12:45,6656.34,6657.13,6656.11,6656.7,5043000.0
12:46,6657.11,6658.05,6656.3,6656.32,3492000.0
12:47,6656.57,6657.2,6656.57,6657.03,4134000.0
12:48,6656.95,6657.43,6656.17,6656.63,3415000.0
12:49,6657.56,6657.6,6656.76,6657.03,3962000.0
12:50,6657.14,6657.52,6655.9,6657.52,4076000.0
12:51,6656.01,6657.51,6655.71,6657.18,3496000.0
12:52,6655.73,6656.08,6655.58,6656.08,3726000.0
12:53,6654.99,6655.79,6654.99,6655.79,3545000.0
12:54,6654.64,6655.33,6654.42,6655.03,3283000.0
12:55,6655.11,6655.45,6654.58,6654.67,4205000.0
12:56,6654.74,6655.24,6654.44,6655.1,5258000.0
12:57,6654.2,6654.94,6654.2,6654.74,4510000.0
12:58,6654.99,6655.13,6654.16,6654.18,3772000.0
12:59,6656.07,6656.38,6655.05,6655.05,3940000.0
13:00,6655.13,6656.21,6654.41,6656.08,4243000.0
13:01,6653.81,6655.21,6653.79,6655.14,4324000.0
13:02,6652.56,6653.88,6652.07,6653.78,5010000.0
13:03,6650.29,6652.43,6650.07,6652.43,5684000.0
13:04,6651.17,6652.11,6649.36,6650.29,6117000.0
13:05,6652.01,6652.68,6651.17,6651.22,3776000.0
13:06,6652.43,6653.09,6651.81,6651.81,4498000.0
13:07,6652.5,6653.74,6652.26,6652.35,3869000.0
13:08,6652.58,6652.73,6651.78,6652.52,4327000.0
13:09,6652.23,6652.74,6652.09,6652.58,4218000.0
13:10,6652.59,6652.85,6652.14,6652.34,3322000.0
13:11,6652.52,6653.76,6652.52,6652.8,3681000.0
13:12,6652.47,6652.89,6652.14,6652.66,3695000.0
13:13,6651.91,6652.54,6651.28,6652.53,4173000.0
13:14,6650.93,6652.1,6650.45,6651.97,5051000.0
13:15,6649.87,6650.91,6649.48,6650.91,4928000.0
13:16,6650.21,6650.48,6649.36,6649.95,5294000.0
13:17,6652.44,6652.51,6649.99,6650.17,8391000.0
13:18,6653.32,6653.36,6652.54,6652.56,3945000.0
13:19,6653.11,6653.7,6653.05,6653.39,3817000.0
13:20,6651.85,6652.87,6651.79,6652.83,3878000.0
13:21,6650.34,6652.21,6650.33,6651.8,4416000.0
13:22,6650.72,6651.64,6650.0,6650.16,4148000.0
13:23,6651.73,6651.87,6650.79,6650.79,3609000.0
13:24,6651.18,6651.79,6651.07,6651.79,4732000.0
13:25,6650.89,6651.6,6650.26,6651.16,4882000.0
13:26,6652.09,6652.46,6650.87,6650.93,4055000.0
13:27,6650.68,6652.04,6650.68,6652.04,3887000.0
13:28,6650.5,6650.62,6650.2,6650.54,4117000.0
13:29,6650.9,6651.32,6650.12,6650.32,3847000.0
13:30,6650.86,6651.53,6650.69,6650.93,4011000.0
13:31,6650.17,6650.56,6649.66,6650.56,4594000.0
13:32,6648.85,6649.68,6647.93,6649.68,5622000.0
13:33,6650.16,6650.16,6649.08,6649.08,6008000.0
13:34,6649.73,6650.59,6649.26,6650.32,6319000.0
13:35,6648.9,6649.75,6648.78,6649.75,4216000.0
13:36,6649.63,6650.4,6648.72,6648.86,4664000.0
13:37,6649.45,6650.57,6649.45,6649.62,4115000.0
13:38,6649.44,6650.06,6649.16,6649.46,3818000.0
13:39,6650.55,6650.61,6649.46,6649.46,3912000.0
13:40,6651.78,6652.09,6650.58,6650.58,4794000.0
13:41,6651.95,6652.01,6650.91,6652.0,4370000.0
13:42,6651.66,6652.11,6650.9,6651.85,3907000.0
13:43,6651.52,6651.75,6650.57,6651.72,4061000.0
13:44,6651.23,6651.5,6650.4,6651.5,3601000.0
13:45,6651.29,6651.65,6650.68,6651.11,4004000.0
13:46,6651.86,6651.97,6651.29,6651.32,5234000.0
13:47,6651.97,6652.73,6651.73,6651.88,3911000.0
13:48,6651.02,6652.31,6650.94,6652.17,4198000.0
13:49,6651.41,6651.53,6650.58,6650.95,4099000.0
13:50,6652.15,6652.22,6651.35,6651.38,4413000.0
13:51,6653.87,6653.98,6652.15,6652.16,4055000.0
13:52,6655.68,6655.68,6653.76,6653.9,4997000.0
13:53,6655.18,6655.72,6654.85,6655.72,4334000.0
13:54,6655.97,6656.08,6654.96,6655.26,4096000.0
13:55,6654.43,6655.96,6654.21,6655.96,4046000.0
13:56,6654.92,6655.22,6654.35,6654.38,3828000.0
13:57,6654.46,6655.04,6654.05,6654.94,3868000.0
13:58,6654.99,6655.02,6654.44,6654.53,3603000.0
13:59,6655.04,6655.23,6654.44,6655.0,3542000.0
14:00,6655.28,6655.49,6654.53,6655.08,4523000.0
14:01,6655.35,6655.37,6654.74,6655.29,4098000.0
14:02,6655.18,6655.51,6654.93,6655.51,4037000.0
14:03,6655.97,6655.97,6654.96,6655.05,4204000.0
14:04,6656.69,6656.98,6655.9,6655.92,4118000.0
14:05,6656.77,6657.53,6656.66,6656.66,4085000.0
14:06,6656.83,6657.65,6656.81,6656.82,5070000.0
14:07,6656.87,6656.91,6656.24,6656.85,5519000.0
14:08,6656.44,6656.85,6656.17,6656.84,4339000.0
14:09,6655.51,6656.68,6655.49,6656.37,4124000.0
14:10,6655.55,6655.78,6655.05,6655.52,3829000.0
14:11,6657.07,6657.07,6655.63,6655.68,4917000.0
14:12,6657.72,6658.41,6656.8,6657.0,4385000.0
14:13,6657.9,6658.29,6657.41,6657.68,3889000.0
14:14,6658.24,6658.54,6657.75,6657.87,4713000.0
14:15,6658.65,6658.87,6658.03,6658.23,4531000.0
14:16,6658.47,6659.1,6658.3,6658.72,4792000.0
14:17,6658.26,6658.68,6657.73,6658.5,4259000.0
14:18,6658.92,6658.92,6658.06,6658.22,3815000.0
14:19,6658.68,6658.86,6658.35,6658.86,3439000.0
14:20,6658.35,6659.03,6658.32,6658.68,3756000.0
14:21,6658.64,6658.69,6658.18,6658.33,4003000.0
14:22,6659.39,6659.54,6658.65,6658.68,3734000.0
14:23,6659.52,6659.78,6659.13,6659.32,4839000.0
14:24,6660.29,6660.29,6659.28,6659.51,4182000.0
14:25,6659.99,6660.6,6659.7,6660.35,4031000.0
14:26,6661.0,6661.03,6659.85,6660.02,3748000.0
14:27,6661.05,6661.36,6660.97,6661.04,4053000.0
14:28,6660.42,6661.09,6660.27,6661.09,3807000.0
14:29,6660.4,6660.69,6659.88,6660.41,6038000.0
14:30,6660.53,6660.79,6660.22,6660.44,4601000.0
14:31,6660.54,6660.59,6660.14,6660.47,4358000.0
14:32,6660.64,6660.67,6660.19,6660.56,5827000.0
14:33,6661.08,6661.25,6660.68,6660.68,3532000.0
14:34,6660.09,6661.21,6660.09,6661.08,4854000.0
14:35,6659.51,6660.13,6659.1,6660.05,5089000.0
14:36,6659.71,6660.0,6659.31,6659.45,3947000.0
14:37,6660.03,6660.22,6659.72,6659.72,3974000.0
14:38,6658.51,6660.22,6658.28,6660.07,4320000.0
14:39,6657.78,6658.57,6657.74,6658.52,3960000.0
14:40,6656.98,6657.95,6656.5,6657.75,4120000.0
14:41,6658.1,6658.47,6656.97,6657.01,4714000.0
14:42,6657.81,6658.65,6657.8,6658.18,3772000.0
14:43,6658.22,6658.67,6657.74,6657.76,5606000.0
14:44,6658.28,6658.31,6657.45,6658.22,4779000.0
14:45,6659.27,6659.73,6658.22,6658.26,5343000.0
14:46,6659.1,6659.49,6658.87,6659.17,4897000.0
14:47,6660.05,6660.12,6659.0,6659.17,4429000.0
14:48,6659.44,6660.33,6659.35,6660.04,4376000.0
14:49,6659.62,6659.66,6659.35,6659.51,4316000.0
14:50,6658.83,6659.63,6658.23,6659.63,4642000.0
14:51,6658.56,6659.56,6658.41,6658.89,7140000.0
14:52,6658.84,6658.84,6658.23,6658.57,9262000.0
14:53,6658.51,6658.76,6657.93,6658.76,2607000.0
14:54,6658.06,6658.56,6658.0,6658.52,5924000.0
14:55,6658.19,6658.68,6657.74,6658.02,4554000.0
14:56,6657.8,6658.32,6657.66,6658.3,4360000.0
14:57,6658.44,6658.47,6657.58,6657.72,5513000.0
14:58,6658.72,6659.2,6658.35,6658.47,5045000.0
14:59,6658.69,6658.8,6658.1,6658.73,5809000.0
15:00,6657.25,6658.81,6657.25,6658.75,5277000.0
15:01,6656.77,6657.69,6656.72,6657.35,5625000.0
15:02,6656.14,6656.86,6656.01,6656.8,5913000.0
15:03,6656.41,6656.78,6655.86,6656.12,4715000.0
15:04,6657.18,6657.22,6656.32,6656.37,7037000.0
15:05,6655.72,6657.25,6655.72,6657.17,5525000.0
15:06,6655.21,6656.17,6655.11,6655.7,5522000.0
15:07,6653.41,6655.14,6653.18,6655.14,5773000.0
15:08,6652.42,6653.59,6652.42,6653.47,5088000.0
15:09,6652.47,6652.8,6651.25,6652.31,6933000.0
15:10,6654.09,6654.22,6652.32,6652.47,5183000.0
15:11,6652.44,6654.25,6652.44,6654.15,4854000.0
15:12,6650.8,6652.5,6650.8,6652.38,5029000.0
15:13,6650.26,6651.07,6650.13,6650.85,5439000.0
15:14,6650.48,6650.52,6649.96,6650.25,5282000.0
15:15,6645.18,6650.51,6645.18,6650.51,8806000.0
15:16,6644.86,6646.03,6644.77,6645.33,6736000.0
15:17,6645.96,6645.96,6644.49,6644.92,6786000.0
15:18,6648.37,6648.95,6645.56,6646.09,6153000.0
15:19,6648.4,6649.01,6647.27,6648.37,5471000.0
15:20,6649.19,6649.19,6648.21,6648.33,5239000.0
15:21,6648.98,6649.62,6648.76,6649.1,5962000.0
15:22,6650.15,6650.16,6648.59,6648.99,5674000.0
15:23,6651.37,6651.37,6650.12,6650.12,5691000.0
15:24,6651.19,6651.7,6650.74,6651.4,5760000.0
15:25,6652.78,6652.82,6650.65,6651.05,5637000.0
15:26,6652.63,6653.18,6652.29,6652.71,5799000.0
15:27,6653.16,6653.67,6652.14,6652.61,5454000.0
15:28,6652.32,6653.22,6652.16,6653.1,5313000.0
15:29,6651.36,6652.73,6651.36,6652.39,6120000.0
15:30,6652.83,6652.83,6651.48,6651.5,7574000.0
15:31,6651.68,6652.85,6651.6,6652.85,6963000.0
15:32,6652.16,6652.22,6651.63,6651.72,8136000.0
15:33,6654.74,6654.74,6652.44,6652.45,6819000.0
15:34,6654.87,6654.87,6653.98,6654.71,7124000.0
15:35,6654.63,6655.28,6654.37,6654.95,7290000.0
15:36,6655.26,6656.53,6654.7,6654.7,7645000.0
15:37,6656.21,6656.33,6655.05,6655.24,6238000.0
15:38,6657.03,6657.03,6656.22,6656.23,7136000.0
15:39,6656.63,6657.28,6656.43,6657.08,7668000.0
15:40,6658.82,6658.99,6656.76,6656.76,8462000.0
15:41,6659.22,6659.39,6658.4,6658.71,8298000.0
15:42,6657.86,6659.26,6657.61,6659.24,6880000.0
15:43,6657.37,6658.28,6657.37,6657.88,7954000.0
15:44,6657.98,6657.98,6656.62,6657.36,8451000.0
15:45,6658.83,6659.2,6657.97,6657.97,9548000.0
15:46,6659.0,6659.5,6658.52,6658.73,8157000.0
15:47,6661.03,6661.17,6658.7,6658.94,10655000.0
15:48,6661.2,6661.93,6660.81,6661.12,9770000.0
15:49,6661.07,6661.35,6660.25,6661.35,11150000.0
15:50,6661.65,6663.21,6661.08,6661.08,20018000.0
15:51,6660.04,6662.01,6659.98,6661.65,14056000.0
15:52,6660.08,6661.32,6660.08,6660.11,14825000.0
15:53,6658.08,6660.13,6657.62,6660.01,14860000.0
15:54,6657.48,6659.62,6657.48,6658.11,21077000.0
15:55,6659.23,6659.54,6657.31,6657.31,26356000.0
15:56,6657.31,6659.13,6657.19,6659.13,24983000.0
15:57,6657.97,6658.92,6657.53,6657.53,28916000.0
15:58,6658.87,6658.87,6656.7,6657.99,37149000.0
15:59,6661.71,6661.79,6658.4,6658.91,67443000.0
