Time,Close,High,Low,Open,Volume
09:30,6636.63,6641.19,6633.65,6641.19,1.0
09:31,6636.63,6641.19,6633.65,6641.19,1.0
09:32,6636.63,6641.19,6633.65,6641.19,1.0
09:33,6636.63,6641.19,6633.65,6641.19,1.0
09:34,6636.63,6641.19,6633.65,6641.19,1.0
09:35,6636.63,6641.19,6633.65,6641.19,1.0
09:36,6636.63,6641.19,6633.65,6641.19,1.0
09:37,6636.63,6641.19,6633.65,6641.19,1.0
09:38,6636.63,6641.19,6633.65,6641.19,1.0
09:39,6636.63,6641.19,6633.65,6641.19,1.0
09:40,6636.63,6641.19,6633.65,6641.19,1.0
09:41,6636.63,6641.19,6633.65,6641.19,1.0
09:42,6636.63,6641.19,6633.65,6641.19,1.0
09:43,6636.63,6641.19,6633.65,6641.19,1.0
09:44,6636.63,6641.19,6633.65,6641.19,1.0
09:45,6636.63,6641.19,6633.65,6641.19,1.0
09:46,6636.63,6641.19,6633.65,6641.19,1.0
09:47,6636.63,6641.19,6633.65,6641.19,1.0
09:48,6636.63,6641.19,6633.65,6641.19,1.0
09:49,6636.63,6641.19,6633.65,6641.19,1.0
09:50,6636.63,6641.19,6633.65,6641.19,1.0
09:51,6636.63,6641.19,6633.65,6641.19,1.0
09:52,6636.63,6641.19,6633.65,6641.19,1.0
09:53,6636.63,6641.19,6633.65,6641.19,1.0
09:54,6636.63,6641.19,6633.65,6641.19,1.0
09:55,6636.63,6641.19,6633.65,6641.19,1.0
09:56,6636.63,6641.19,6633.65,6641.19,1.0
09:57,6636.63,6641.19,6633.65,6641.19,1.0
09:58,6636.63,6641.19,6633.65,6641.19,1.0
09:59,6636.63,6641.19,6633.65,6641.19,1.0
10:00,6636.63,6641.19,6633.65,6641.19,1.0
10:01,6636.63,6641.19,6633.65,6641.19,1.0
10:02,6636.63,6641.19,6633.65,6641.19,1.0
10:03,6636.63,6641.19,6633.65,6641.19,1.0
10:04,6636.63,6641.19,6633.65,6641.19,1.0
10:05,6636.63,6641.19,6633.65,6641.19,1.0
10:06,6636.63,6641.19,6633.65,6641.19,1.0
10:07,6636.63,6641.19,6633.65,6641.19,1.0
10:08,6636.63,6641.19,6633.65,6641.19,1.0
10:09,6636.63,6641.19,6633.65,6641.19,1.0
10:10,6636.63,6641.19,6633.65,6641.19,1.0
10:11,6636.63,6641.19,6633.65,6641.19,1.0
10:12,6636.63,6641.19,6633.65,6641.19,1.0
10:13,6636.63,6641.19,6633.65,6641.19,1.0
10:14,6636.63,6641.19,6633.65,6641.19,1.0
10:15,6636.63,6641.19,6633.65,6641.19,1.0
10:16,6636.63,6641.19,6633.65,6641.19,1.0
10:17,6636.63,6641.19,6633.65,6641.19,1.0
10:18,6636.63,6641.19,6633.65,6641.19,1.0
10:19,6636.63,6641.19,6633.65,6641.19,1.0
10:20,6636.63,6641.19,6633.65,6641.19,1.0
10:21,6636.63,6641.19,6633.65,6641.19,1.0
10:22,6636.63,6641.19,6633.65,6641.19,1.0
10:23,6636.63,6641.19,6633.65,6641.19,1.0
10:24,6636.63,6641.19,6633.65,6641.19,1.0
10:25,6636.63,6641.19,6633.65,6641.19,1.0
10:26,6636.63,6641.19,6633.65,6641.19,1.0
10:27,6636.63,6641.19,6633.65,6641.19,1.0
10:28,6636.63,6641.19,6633.65,6641.19,1.0
10:29,6636.63,6641.19,6633.65,6641.19,1.0
10:30,6636.63,6641.19,6633.65,6641.19,1.0
10:31,6625.37,6636.54,6624.95,6636.54,15526457.0
10:32,6649.15,6649.15,6625.19,6625.19,16129091.0
10:33,6653.21,6656.69,6649.04,6649.95,11649797.0
10:34,6643.92,6654.36,6643.92,6653.17,10199015.0
10:35,6641.77,6646.93,6640.3,6644.6,9380850.0
10:36,6647.88,6648.07,6641.87,6641.87,10132599.0
10:37,6650.18,6651.6,6645.93,6647.57,9040350.0
10:38,6647.89,6652.59,6644.57,6650.53,8295088.0
10:39,6646.94,6652.87,6646.68,6647.97,8969952.0
10:40,6646.07,6647.23,6641.43,6647.23,9852764.0
10:41,6638.53,6649.95,6638.25,6646.09,10008699.0
10:42,6635.48,6639.21,6634.69,6639.21,9533034.0
10:43,6636.96,6639.59,6631.47,6635.82,10932242.0
10:44,6632.68,6637.31,6632.68,6637.31,8824846.0
10:45,6645.61,6648.45,6632.4,6633.28,12477008.0
10:46,6635.96,6647.3,6635.96,6645.66,9563766.0
10:47,6629.15,6636.94,6627.75,6635.65,9953136.0
10:48,6632.63,6632.63,6628.52,6628.58,9288758.0
10:49,6624.93,6633.6,6622.74,6632.49,10081856.0
10:50,6623.53,6625.55,6619.95,6624.92,8541192.0
10:51,6616.68,6626.84,6616.68,6623.4,9918970.0
10:52,6613.43,6618.5,6611.44,6616.82,9725556.0
10:53,6614.82,6619.12,6613.24,6613.24,8795385.0
10:54,6613.62,6618.27,6612.22,6614.39,9467155.0
10:55,6607.82,6613.63,6606.89,6613.35,10066816.0
10:56,6607.3,6608.98,6603.6,6608.13,8945557.0
10:57,6611.99,6612.65,6606.72,6606.73,8984489.0
10:58,6608.31,6611.82,6606.72,6611.82,9610583.0
10:59,6601.4,6608.2,6600.87,6608.2,8868095.0
11:00,6606.39,6609.33,6601.15,6601.17,14150514.0
11:01,6599.2,6606.22,6598.65,6606.22,11075208.0
11:02,6592.79,6599.11,6592.57,6599.11,14295017.0
11:03,6590.75,6594.41,6588.84,6592.76,12532782.0
11:04,6585.8,6591.91,6584.96,6590.81,10308631.0
11:05,6590.56,6590.56,6583.84,6585.94,12166961.0
11:06,6598.17,6598.32,6590.33,6590.33,11115653.0
11:07,6602.41,6605.28,6597.67,6598.39,10415260.0
11:08,6604.72,6605.94,6600.08,6601.72,9796736.0
11:09,6604.36,6604.54,6600.53,6604.54,7991434.0
11:10,6601.71,6609.26,6601.57,6604.58,8830003.0
11:11,6592.72,6601.52,6592.1,6601.52,9138468.0
11:12,6592.64,6595.77,6591.8,6593.22,7973909.0
11:13,6605.17,6605.2,6592.23,6592.23,9685737.0
11:14,6604.09,6607.66,6603.93,6604.71,8117684.0
11:15,6597.08,6604.19,6595.29,6604.11,9040449.0
11:16,6589.11,6598.16,6589.08,6596.95,9554913.0
11:17,6587.88,6591.19,6585.91,6588.9,7954386.0
11:18,6591.2,6594.1,6587.88,6587.88,8595383.0
11:19,6595.71,6595.71,6590.73,6591.16,7627334.0
11:20,6607.54,6607.54,6594.91,6595.5,9679164.0
11:21,6611.25,6615.95,6606.47,6607.15,11241370.0
11:22,6612.25,6612.58,6608.46,6611.25,7498660.0
11:23,6616.49,6618.24,6612.45,6612.45,7965601.0
11:24,6608.8,6616.49,6605.22,6616.33,7560695.0
11:25,6613.41,6613.41,6607.22,6608.63,7261817.0
11:26,6616.09,6616.5,6610.9,6612.83,6718560.0
11:27,6613.83,6617.8,6612.38,6615.85,6976722.0
11:28,6610.72,6615.42,6608.21,6613.74,6617249.0
11:29,6606.26,6611.04,6605.98,6610.95,6099528.0
11:30,6611.7,6613.52,6605.18,6606.38,7034202.0
11:31,6603.77,6613.16,6603.77,6612.22,6364263.0
11:32,6615.14,6616.7,6603.72,6603.72,7852628.0
11:33,6608.53,6616.53,6607.98,6615.38,6232009.0
11:34,6602.29,6609.48,6600.41,6609.48,8014164.0
11:35,6593.63,6602.57,6593.2,6602.36,7260184.0
11:36,6592.97,6595.98,6592.1,6593.96,6032855.0
11:37,6591.64,6598.93,6590.13,6592.84,6379059.0
11:38,6598.48,6598.98,6591.87,6591.87,5971463.0
11:39,6598.24,6598.36,6592.55,6598.36,5752832.0
11:40,6594.99,6599.66,6592.13,6598.63,5244983.0
11:41,6604.85,6604.98,6594.69,6594.69,7247208.0
11:42,6595.99,6605.32,6595.59,6604.94,6164133.0
11:43,6593.94,6600.3,6593.94,6595.74,5649845.0
11:44,6598.61,6601.04,6592.94,6594.12,6774729.0
11:45,6594.73,6598.53,6593.56,6598.53,5756774.0
11:46,6596.58,6598.11,6593.82,6594.57,5950189.0
11:47,6594.41,6597.94,6593.35,6596.78,5975872.0
11:48,6594.13,6594.78,6592.34,6594.53,5305922.0
11:49,6594.57,6595.1,6593.26,6593.46,5875512.0
11:50,6587.37,6594.47,6586.9,6594.47,6202539.0
11:51,6595.03,6595.54,6587.41,6587.62,6594684.0
11:52,6597.9,6600.13,6595.09,6595.09,7874043.0
11:53,6592.23,6598.79,6591.81,6597.73,5351928.0
11:54,6595.57,6596.29,6590.2,6591.9,5118343.0
11:55,6601.24,6602.23,6594.76,6595.47,6395977.0
11:56,6593.33,6601.18,6593.15,6601.18,6312165.0
11:57,6596.03,6597.77,6593.11,6593.23,6229013.0
11:58,6590.37,6595.94,6590.09,6595.94,5783974.0
11:59,6587.76,6590.61,6587.43,6590.2,5116616.0
12:00,6590.22,6590.41,6585.38,6587.84,7142110.0
12:01,6577.26,6590.64,6577.13,6590.47,7726619.0
12:02,6577.01,6579.99,6575.76,6576.97,6638334.0
12:03,6579.98,6580.54,6574.32,6576.89,6335180.0
12:04,6581.34,6581.38,6579.02,6579.79,5543689.0
12:05,6579.33,6583.62,6578.37,6581.36,7546914.0
12:06,6582.57,6582.65,6578.55,6579.89,5801544.0
12:07,6591.23,6592.39,6582.25,6582.45,7798492.0
12:08,6596.52,6597.13,6591.49,6591.49,6645412.0
12:09,6598.99,6599.16,6593.48,6596.46,7025049.0
12:10,6599.55,6601.7,6598.11,6598.98,6605532.0
12:11,6606.46,6608.14,6599.65,6599.65,7920609.0
12:12,6602.61,6606.85,6600.62,6606.3,6524709.0
12:13,6606.88,6606.88,6602.11,6602.74,5913713.0
12:14,6604.69,6610.54,6603.65,6606.77,7295703.0
12:15,6600.02,6604.68,6597.37,6604.68,7010995.0
12:16,6602.94,6603.43,6598.47,6600.14,5572450.0
12:17,6600.99,6602.61,6598.77,6602.61,5718537.0
12:18,6606.39,6607.06,6600.46,6600.81,6894038.0
12:19,6610.06,6610.88,6605.06,6606.12,5735836.0
12:20,6615.76,6616.08,6607.94,6608.95,6980555.0
12:21,6611.25,6616.36,6611.07,6616.36,6338049.0
12:22,6614.26,6616.5,6611.08,6611.08,5599912.0
12:23,6615.18,6615.18,6612.46,6614.43,6321919.0
12:24,6617.94,6619.77,6615.11,6615.16,6037000.0
12:25,6623.66,6624.2,6617.74,6617.99,6892000.0
12:26,6626.71,6627.28,6621.97,6623.73,6697000.0
12:27,6628.06,6630.42,6626.6,6626.88,7172000.0
12:28,6632.02,6632.89,6628.18,6628.18,6102000.0
12:29,6631.86,6634.44,6630.91,6631.32,7142000.0
12:30,6632.63,6633.67,6630.72,6632.18,6453000.0
12:31,6633.84,6635.55,6632.48,6632.48,6841000.0
12:32,6632.83,6635.17,6632.05,6634.15,6398000.0
12:33,6636.29,6636.64,6631.24,6632.95,6856000.0
12:34,6631.11,6636.49,6631.11,6636.4,6259000.0
12:35,6630.38,6631.65,6628.99,6631.15,6554000.0
12:36,6633.7,6633.7,6629.75,6630.85,6462000.0
12:37,6635.03,6637.11,6633.81,6633.81,5698000.0
12:38,6639.2,6639.5,6634.2,6634.68,5568000.0
12:39,6628.89,6639.02,6628.54,6639.02,6444000.0
12:40,6630.86,6631.74,6626.35,6629.0,5866000.0
12:41,6630.47,6631.83,6627.46,6630.82,5200000.0
12:42,6631.83,6636.0,6630.79,6630.79,6493000.0
12:43,6634.39,6635.39,6631.4,6631.75,4472000.0
12:44,6635.14,6635.14,6631.89,6634.32,5108000.0
12:45,6635.89,6638.65,6635.01,6635.01,5324000.0
12:46,6631.11,6636.25,6631.08,6636.21,5213000.0
12:47,6625.12,6632.68,6624.74,6631.05,5023000.0
12:48,6634.24,6635.25,6624.65,6625.31,7707000.0
12:49,6630.91,6634.76,6629.35,6634.35,5047000.0
12:50,6631.32,6631.37,6627.96,6630.74,4946000.0
12:51,6625.72,6634.15,6625.72,6631.6,5102000.0
12:52,6624.92,6628.44,6624.38,6625.74,4462000.0
12:53,6624.25,6627.28,6623.81,6624.79,4495000.0
12:54,6628.96,6629.2,6624.34,6624.59,4649000.0
12:55,6635.12,6635.79,6629.09,6629.09,5939000.0
12:56,6629.93,6634.33,6627.87,6634.33,5056000.0
12:57,6632.54,6633.91,6629.26,6629.81,5164000.0
12:58,6625.54,6632.8,6625.54,6632.64,4215000.0
12:59,6628.25,6629.5,6625.74,6625.74,4505000.0
13:00,6631.97,6632.05,6627.22,6628.01,5047000.0
13:01,6628.84,6631.86,6627.66,6631.86,4643000.0
13:02,6633.67,6634.11,6629.41,6629.41,4930000.0
13:03,6629.56,6633.67,6627.91,6633.67,4609000.0
13:04,6627.88,6631.77,6626.49,6629.41,4781000.0
13:05,6624.84,6628.59,6624.11,6627.76,4356000.0
13:06,6619.4,6624.93,6619.12,6624.9,4973000.0
13:07,6625.94,6626.78,6619.26,6619.46,5403000.0
13:08,6624.08,6625.95,6622.88,6625.95,4781000.0
13:09,6620.94,6624.45,6620.23,6624.12,4651000.0
13:10,6621.79,6625.11,6620.67,6621.62,5410000.0
13:11,6621.79,6621.93,6619.2,6621.68,4666000.0
13:12,6624.12,6624.64,6620.83,6621.57,5012000.0
13:13,6624.97,6625.52,6623.05,6624.05,4573000.0
13:14,6615.69,6624.81,6615.42,6624.81,5374000.0
13:15,6619.67,6621.2,6615.49,6615.74,4784000.0
13:16,6619.58,6621.51,6617.45,6619.55,4995000.0
13:17,6613.25,6619.87,6612.28,6619.87,5076000.0
13:18,6616.1,6619.56,6613.21,6613.39,5459000.0
13:19,6615.56,6617.03,6614.42,6616.28,3875000.0
13:20,6621.82,6622.21,6615.79,6615.79,6999000.0
13:21,6622.22,6624.26,6620.86,6621.79,4862000.0
13:22,6614.99,6622.26,6614.82,6622.24,4717000.0
13:23,6614.8,6617.18,6613.84,6615.11,4182000.0
13:24,6613.96,6615.14,6613.1,6614.72,3860000.0
13:25,6615.5,6617.52,6613.43,6613.71,5434000.0
13:26,6614.34,6616.07,6613.09,6615.55,5149000.0
13:27,6604.49,6615.22,6604.49,6614.72,6095000.0
13:28,6602.77,6605.74,6602.48,6604.37,5049000.0
13:29,6602.39,6604.58,6602.16,6602.68,5575000.0
13:30,6599.83,6602.56,6599.82,6602.56,4886000.0
13:31,6597.69,6599.97,6595.67,6599.97,5680000.0
13:32,6596.46,6598.38,6596.46,6597.9,5435000.0
13:33,6599.48,6600.19,6596.26,6596.3,4440000.0
13:34,6605.53,6605.53,6596.73,6598.88,5645000.0
13:35,6607.09,6609.39,6604.43,6605.32,4902000.0
13:36,6611.08,6611.08,6606.56,6607.25,5216000.0
13:37,6612.35,6613.45,6610.19,6611.03,4314000.0
13:38,6621.98,6622.32,6612.84,6612.87,6304000.0
13:39,6627.26,6627.55,6621.32,6621.87,5741000.0
13:40,6634.54,6636.34,6627.29,6627.29,7167000.0
13:41,6635.94,6636.68,6633.45,6634.34,5402000.0
13:42,6639.94,6642.1,6635.89,6636.06,6643000.0
13:43,6640.41,6645.92,6639.74,6639.96,7998000.0
13:44,6643.9,6643.91,6640.01,6640.9,5401000.0
13:45,6637.85,6643.9,6636.91,6643.69,5716000.0
13:46,6634.76,6639.33,6634.23,6637.82,5066000.0
13:47,6641.49,6641.56,6634.85,6634.85,5036000.0
13:48,6645.99,6647.44,6641.25,6641.44,6626000.0
13:49,6647.54,6648.34,6645.66,6646.17,4745000.0
13:50,6642.68,6647.32,6641.57,6647.32,6030000.0
13:51,6640.99,6644.27,6640.67,6642.81,4673000.0
13:52,6645.56,6646.34,6641.02,6641.02,5704000.0
13:53,6651.02,6652.52,6645.15,6645.53,7862000.0
13:54,6651.59,6651.95,6649.99,6650.8,4882000.0
13:55,6648.95,6651.64,6647.15,6651.64,6681000.0
13:56,6655.71,6655.71,6648.95,6648.95,7289000.0
13:57,6656.73,6657.58,6653.9,6655.59,7062000.0
13:58,6657.25,6659.64,6656.81,6656.81,7472000.0
13:59,6653.1,6658.99,6652.84,6657.94,6842000.0
14:00,6654.26,6658.04,6653.36,6653.36,6490000.0
14:01,6655.95,6657.67,6654.14,6654.18,5399000.0
14:02,6650.93,6656.6,6650.91,6656.03,5338000.0
14:03,6654.14,6656.22,6649.97,6650.94,5485000.0
14:04,6653.83,6654.89,6652.66,6654.13,4222000.0
14:05,6656.03,6656.27,6652.51,6653.91,5441000.0
14:06,6658.35,6658.91,6655.23,6655.92,6155000.0
14:07,6657.98,6659.9,6657.96,6658.52,4237000.0
14:08,6656.93,6658.56,6655.66,6657.92,5381000.0
14:09,6654.85,6657.27,6653.37,6656.95,5356000.0
14:10,6658.36,6658.44,6655.08,6655.08,5053000.0
14:11,6658.32,6659.92,6656.45,6658.55,4665000.0
14:12,6658.02,6659.08,6656.69,6658.3,4429000.0
14:13,6656.36,6660.34,6656.36,6658.36,4666000.0
14:14,6654.31,6656.21,6653.72,6655.69,5288000.0
14:15,6653.27,6654.36,6649.63,6654.36,5200000.0
14:16,6656.36,6656.36,6653.43,6653.43,4543000.0
14:17,6651.94,6656.3,6650.43,6656.26,4992000.0
14:18,6655.09,6656.54,6652.0,6652.03,4310000.0
14:19,6656.46,6656.73,6654.31,6655.12,5885000.0
14:20,6647.88,6656.43,6647.88,6656.43,6228000.0
14:21,6652.82,6652.93,6647.9,6647.9,4363000.0
14:22,6655.11,6655.11,6651.17,6652.9,4366000.0
14:23,6657.7,6657.7,6655.4,6655.4,6229000.0
14:24,6657.19,6658.22,6654.59,6657.64,4224000.0
14:25,6652.42,6657.15,6651.9,6657.07,4319000.0
14:26,6651.35,6652.53,6650.28,6652.33,4631000.0
14:27,6657.99,6659.39,6651.58,6651.58,5161000.0
14:28,6652.52,6657.87,6652.24,6657.87,4333000.0
14:29,6649.72,6652.97,6649.45,6652.48,4245000.0
14:30,6655.91,6656.86,6649.58,6649.58,5583000.0
14:31,6655.91,6656.47,6653.09,6655.59,4144000.0
14:32,6658.06,6658.1,6655.7,6655.83,4835000.0
14:33,6660.0,6660.62,6657.41,6657.9,4285000.0
14:34,6659.81,6661.92,6658.71,6659.89,4271000.0
14:35,6657.05,6661.65,6656.54,6659.74,5138000.0
14:36,6652.6,6657.61,6651.41,6656.96,4733000.0
14:37,6650.81,6652.63,6647.37,6652.63,6242000.0
14:38,6653.07,6653.07,6648.21,6650.83,5184000.0
14:39,6656.11,6656.43,6652.89,6653.12,4918000.0
14:40,6665.97,6666.16,6656.13,6656.13,6807000.0
14:41,6665.92,6666.63,6664.77,6665.93,5316000.0
14:42,6659.71,6666.0,6659.35,6666.0,5411000.0
14:43,6657.5,6659.99,6652.88,6659.79,5443000.0
14:44,6655.43,6658.7,6655.43,6657.47,4812000.0
14:45,6654.96,6657.36,6654.32,6655.44,4225000.0
14:46,6658.31,6659.56,6655.04,6655.09,4242000.0
14:47,6657.98,6659.99,6656.28,6658.49,7749000.0
14:48,6653.91,6658.91,6653.25,6658.1,5336000.0
14:49,6659.48,6659.82,6653.0,6653.93,6413000.0
14:50,6659.42,6660.45,6657.66,6659.51,4761000.0
14:51,6662.26,6662.56,6659.29,6659.5,3501000.0
14:52,6664.54,6665.02,6661.41,6662.6,5226000.0
14:53,6661.5,6664.63,6661.5,6664.57,4247000.0
14:54,6661.02,6661.81,6660.35,6660.99,3749000.0
14:55,6653.31,6660.97,6653.31,6660.97,6146000.0
14:56,6651.36,6653.22,6650.6,6652.97,5301000.0
14:57,6649.68,6652.06,6649.03,6651.38,4516000.0
14:58,6643.9,6649.64,6643.9,6649.56,6936000.0
14:59,6646.55,6646.55,6643.95,6643.95,6021000.0
15:00,6649.15,6649.5,6645.57,6646.57,5514000.0
15:01,6653.21,6657.66,6648.71,6649.22,6454000.0
15:02,6652.0,6652.85,6649.11,6652.85,4777000.0
15:03,6647.7,6652.0,6645.61,6651.96,4689000.0
15:04,6646.49,6649.24,6646.41,6647.81,4387000.0
15:05,6649.53,6650.7,6646.29,6646.42,5243000.0
15:06,6650.37,6650.99,6648.73,6649.61,3943000.0
15:07,6648.84,6651.54,6648.03,6650.2,3954000.0
15:08,6648.82,6649.2,6646.48,6648.92,4352000.0
15:09,6653.18,6654.05,6647.73,6648.93,4417000.0
15:10,6651.15,6653.52,6650.1,6653.14,4581000.0
15:11,6649.79,6652.28,6648.8,6651.08,5565000.0
15:12,6651.82,6652.74,6649.72,6649.72,3613000.0
15:13,6654.84,6655.1,6649.23,6651.89,4964000.0
15:14,6655.35,6657.88,6654.97,6654.97,4918000.0
15:15,6650.19,6656.12,6649.55,6655.38,4730000.0
15:16,6650.3,6651.59,6647.67,6650.18,4358000.0
15:17,6647.24,6650.38,6646.06,6650.38,3915000.0
15:18,6650.15,6650.27,6647.18,6647.18,4244000.0
15:19,6655.74,6656.47,6650.29,6650.44,4639000.0
15:20,6652.46,6657.75,6652.46,6656.03,4870000.0
15:21,6648.34,6652.58,6648.34,6652.58,4323000.0
15:22,6649.62,6650.71,6648.03,6648.47,4148000.0
15:23,6646.66,6649.65,6645.02,6649.64,4798000.0
15:24,6646.54,6646.69,6643.89,6646.61,4013000.0
15:25,6650.13,6650.53,6646.56,6646.56,5191000.0
15:26,6648.66,6651.08,6648.66,6650.13,3943000.0
15:27,6647.25,6648.84,6645.96,6648.84,4312000.0
15:28,6642.56,6647.14,6642.56,6647.14,5397000.0
15:29,6645.05,6645.4,6642.54,6642.54,3692000.0
15:30,6646.53,6647.63,6645.08,6645.42,4182000.0
15:31,6644.26,6647.05,6644.26,6646.41,4185000.0
15:32,6642.74,6644.28,6641.47,6644.28,4137000.0
15:33,6642.23,6643.28,6641.25,6642.53,4522000.0
15:34,6642.96,6643.07,6641.49,6642.23,3899000.0
15:35,6648.49,6649.22,6643.09,6643.37,5147000.0
15:36,6650.42,6650.53,6647.99,6648.76,4347000.0
15:37,6653.4,6657.24,6650.4,6650.4,6105000.0
15:38,6655.99,6655.99,6651.3,6653.12,4788000.0
15:39,6662.09,6662.4,6656.6,6656.6,5088000.0
15:40,6662.89,6665.01,6661.09,6662.13,5868000.0
15:41,6659.1,6663.41,6659.1,6662.84,4507000.0
15:42,6656.81,6659.19,6656.28,6659.19,4082000.0
15:43,6657.81,6659.56,6655.47,6656.95,4859000.0
15:44,6650.4,6657.76,6649.1,6657.76,5562000.0
15:45,6656.09,6656.29,6650.47,6650.47,4740000.0
15:46,6655.25,6656.03,6653.55,6655.93,3674000.0
15:47,6663.9,6664.01,6655.27,6655.27,5224000.0
15:48,6657.2,6663.81,6656.91,6663.81,6418000.0
15:49,6657.28,6659.51,6656.15,6657.36,4555000.0
15:50,6656.09,6657.74,6654.39,6657.33,4128000.0
15:51,6655.44,6657.1,6652.63,6656.63,4868000.0
15:52,6653.53,6655.75,6652.87,6655.53,3461000.0
15:53,6651.38,6653.75,6650.44,6653.56,4989000.0
15:54,6649.11,6651.58,6648.85,6651.25,4975000.0
15:55,6651.4,6651.71,6646.49,6649.15,5431000.0
15:56,6653.9,6653.9,6650.22,6651.29,4918000.0
15:57,6654.55,6656.11,6653.58,6653.86,4291000.0
15:58,6655.22,6657.09,6654.02,6654.51,5003000.0
15:59,6660.21,6660.57,6655.38,6655.38,4786000.0
16:00,6664.48,6664.98,6658.79,6660.3,6805000.0
16:01,6659.52,6664.46,6659.04,6664.38,4918000.0
16:02,6658.08,6661.02,6655.34,6659.33,5160000.0
16:03,6656.26,6658.86,6656.26,6658.19,4767000.0
16:04,6653.68,6656.52,6653.37,6656.22,5115000.0
16:05,6650.14,6654.03,6649.98,6653.63,4890000.0
16:06,6650.04,6651.59,6647.7,6650.04,6021000.0
16:07,6648.48,6650.82,6647.48,6650.12,4463000.0
16:08,6647.97,6650.31,6647.97,6648.61,4883000.0
16:09,6648.87,6650.22,6647.56,6647.61,4853000.0
16:10,6647.57,6650.86,6647.57,6648.99,6141000.0
16:11,6648.07,6648.11,6646.41,6647.52,5812000.0
16:12,6648.64,6650.24,6647.88,6648.42,5779000.0
16:13,6646.8,6648.49,6646.1,6648.49,5073000.0
16:14,6648.13,6648.13,6645.51,6646.9,5904000.0
16:15,6648.67,6648.97,6647.22,6648.06,5973000.0
16:16,6648.11,6650.63,6647.28,6648.63,6834000.0
16:17,6648.0,6651.48,6647.97,6648.14,5807000.0
16:18,6645.68,6648.01,6645.52,6647.98,5187000.0
16:19,6643.87,6646.34,6643.76,6645.53,5000000.0
16:20,6647.57,6647.57,6644.02,6644.1,6599000.0
16:21,6648.97,6650.91,6647.62,6647.81,6392000.0
16:22,6647.02,6648.89,6646.89,6648.84,5075000.0
16:23,6645.59,6647.08,6644.92,6647.08,5503000.0
16:24,6641.61,6645.59,6640.63,6645.59,6340000.0
16:25,6637.05,6641.78,6636.56,6641.78,6498000.0
16:26,6637.32,6638.99,6634.63,6637.02,6891000.0
16:27,6634.29,6637.09,6634.27,6637.09,6181000.0
16:28,6634.68,6634.68,6631.72,6633.76,7451000.0
16:29,6640.15,6640.19,6634.81,6634.81,7068000.0
16:30,6642.99,6643.3,6637.51,6640.24,8230000.0
16:31,6637.77,6643.07,6637.27,6642.63,6731000.0
16:32,6637.23,6638.25,6636.68,6637.71,5323000.0
16:33,6636.54,6637.13,6634.98,6637.13,6996000.0
16:34,6633.37,6636.55,6632.95,6636.26,6850000.0
16:35,6634.86,6637.17,6633.57,6633.57,7517000.0
16:36,6634.05,6635.82,6632.92,6634.7,6545000.0
16:37,6637.79,6638.27,6633.8,6634.05,7078000.0
16:38,6641.75,6642.56,6637.82,6637.82,7077000.0
16:39,6639.98,6641.25,6638.18,6641.25,7798000.0
16:40,6636.4,6640.91,6636.4,6639.97,7271000.0
16:41,6637.63,6639.14,6636.39,6636.39,7211000.0
16:42,6635.22,6638.23,6634.61,6637.13,6561000.0
16:43,6636.81,6637.96,6633.22,6635.07,8246000.0
16:44,6632.35,6636.75,6632.2,6636.75,7216000.0
16:45,6633.09,6634.8,6631.64,6632.4,8893000.0
16:46,6627.2,6633.74,6626.58,6633.43,8770000.0
16:47,6631.58,6631.6,6627.14,6627.14,8990000.0
16:48,6630.48,6631.33,6628.58,6631.33,10621000.0
16:49,6624.46,6630.93,6624.46,6630.1,12416000.0
16:50,6636.9,6637.15,6624.41,6624.41,19346000.0
16:51,6635.53,6638.77,6633.52,6636.75,14618000.0
16:52,6633.27,6637.34,6633.27,6635.34,14330000.0
16:53,6632.47,6633.99,6630.33,6633.36,14663000.0
16:54,6629.34,6634.07,6627.57,6632.37,23043000.0
16:55,6629.32,6631.9,6626.04,6628.6,26563000.0
16:56,6625.17,6629.02,6625.17,6629.02,24184000.0
16:57,6623.81,6626.35,6623.45,6625.53,29098000.0
16:58,6620.17,6625.83,6618.41,6624.05,44534000.0
16:59,6616.94,6622.62,6616.94,6620.47,80451000.0
