Time,Close,High,Low,Open,Volume
09:30,6596.28,6608.19,6596.07,6608.19,1.0
09:31,6595.6,6598.68,6595.31,6596.7,17883816.0
09:32,6598.95,6599.36,6594.72,6595.65,16409017.0
09:33,6600.31,6600.31,6598.27,6598.27,11860527.0
09:34,6595.12,6600.55,6595.12,6600.39,11781008.0
09:35,6592.14,6596.47,6592.14,6595.18,17117402.0
09:36,6588.18,6592.19,6587.27,6591.81,13887064.0
09:37,6586.7,6589.08,6586.37,6587.74,11836749.0
09:38,6585.96,6588.47,6585.87,6586.67,11665036.0
09:39,6584.92,6587.26,6584.35,6586.25,11879400.0
09:40,6580.49,6584.98,6580.49,6584.86,13800524.0
09:41,6578.43,6581.05,6577.26,6580.18,13200570.0
09:42,6577.79,6578.92,6576.39,6578.14,12967438.0
09:43,6575.66,6579.48,6575.66,6577.99,13384793.0
09:44,6577.34,6578.07,6575.04,6575.56,12989345.0
09:45,6581.9,6582.29,6576.3,6576.84,14958562.0
09:46,6582.75,6583.16,6578.47,6582.0,11061012.0
09:47,6584.8,6585.6,6581.48,6582.82,10554978.0
09:48,6587.9,6587.96,6583.87,6584.65,10924927.0
09:49,6586.39,6588.5,6585.95,6587.86,10601602.0
09:50,6590.75,6593.33,6585.7,6586.42,10490093.0
09:51,6586.59,6594.04,6586.59,6590.6,10941271.0
09:52,6582.13,6586.93,6582.13,6586.33,8520730.0
09:53,6581.48,6582.86,6580.68,6582.04,8140807.0
09:54,6581.59,6582.59,6580.67,6581.92,9790992.0
09:55,6583.6,6585.02,6580.13,6581.72,9149939.0
09:56,6583.59,6584.12,6582.83,6583.29,7968994.0
09:57,6580.93,6583.76,6580.03,6583.45,8118647.0
09:58,6578.47,6581.16,6577.4,6581.0,7535961.0
09:59,6582.36,6582.36,6578.66,6578.66,8329460.0
10:00,6582.43,6586.14,6581.38,6583.01,13458033.0
10:01,6588.56,6588.73,6582.52,6582.58,12184550.0
10:02,6589.67,6592.75,6588.95,6588.95,9999923.0
10:03,6591.86,6591.86,6588.87,6589.75,9981008.0
10:04,6595.03,6595.51,6591.85,6591.85,9322652.0
10:05,6597.56,6597.56,6594.76,6594.89,10469673.0
10:06,6598.44,6600.59,6597.64,6597.81,13137089.0
10:07,6599.14,6600.61,6598.52,6598.65,10386663.0
10:08,6600.5,6600.66,6598.35,6598.94,9174639.0
10:09,6603.76,6603.76,6600.6,6600.6,9387881.0
10:10,6605.84,6605.84,6601.58,6603.89,10106128.0
10:11,6606.68,6608.03,6606.11,6606.11,9948646.0
10:12,6604.7,6607.12,6604.09,6606.9,9400273.0
10:13,6604.31,6605.48,6603.74,6604.27,9748402.0
10:14,6604.72,6605.16,6603.98,6604.47,8940714.0
10:15,6610.67,6611.1,6604.89,6604.89,9734059.0
10:16,6610.8,6611.16,6610.05,6610.76,8882911.0
10:17,6609.83,6611.44,6609.79,6611.0,8963805.0
10:18,6607.77,6610.11,6606.59,6609.82,8644780.0
10:19,6610.02,6610.13,6607.86,6608.04,8253073.0
10:20,6609.57,6610.11,6608.81,6609.97,8721264.0
10:21,6613.06,6613.06,6609.68,6609.68,9671874.0
10:22,6612.64,6612.91,6610.89,6612.91,7948332.0
10:23,6614.26,6614.42,6612.73,6612.73,7753029.0
10:24,6616.24,6617.01,6614.1,6614.34,8370548.0
10:25,6614.43,6616.73,6614.26,6616.1,8739776.0
10:26,6613.47,6615.44,6613.17,6614.38,7742433.0
10:27,6612.23,6614.04,6611.28,6613.15,7705491.0
10:28,6608.97,6612.13,6608.97,6611.83,7235506.0
10:29,6610.77,6611.97,6608.92,6608.98,7690501.0
10:30,6610.26,6611.58,6609.3,6610.79,8059796.0
10:31,6608.46,6610.83,6608.24,6610.36,6306954.0
10:32,6610.76,6612.65,6608.5,6608.5,7328328.0
10:33,6611.55,6611.55,6610.18,6610.83,6338075.0
10:34,6612.85,6613.23,6611.45,6611.56,6826654.0
10:35,6611.13,6612.68,6611.02,6612.66,7603466.0
10:36,6609.9,6611.23,6609.15,6611.1,6752718.0
10:37,6610.78,6611.14,6609.69,6609.72,6317419.0
10:38,6612.76,6613.01,6610.72,6610.72,6712804.0
10:39,6614.0,6614.32,6612.34,6612.8,7300493.0
10:40,6610.94,6613.99,6610.94,6613.99,6863683.0
10:41,6612.08,6612.43,6610.48,6610.71,6578253.0
10:42,6614.49,6614.54,6612.18,6612.18,7339071.0
10:43,6613.08,6615.09,6612.96,6614.55,6385624.0
10:44,6612.61,6613.89,6612.57,6613.11,6647291.0
10:45,6610.73,6612.73,6610.22,6612.54,5823547.0
10:46,6609.99,6611.74,6609.99,6610.84,7388168.0
10:47,6612.97,6612.97,6609.61,6609.96,8477956.0
10:48,6614.93,6615.65,6613.19,6613.19,7070126.0
10:49,6616.12,6616.12,6614.35,6614.9,7214641.0
10:50,6610.03,6616.11,6609.59,6616.11,7838358.0
10:51,6609.62,6611.45,6609.47,6610.18,6454090.0
10:52,6612.66,6612.86,6609.7,6609.7,7353279.0
10:53,6611.8,6613.37,6611.35,6612.58,6133664.0
10:54,6612.1,6612.21,6611.38,6611.75,5108157.0
10:55,6616.06,6616.41,6612.09,6612.09,6659261.0
10:56,6615.53,6616.58,6615.53,6616.02,6307200.0
10:57,6615.57,6615.61,6614.34,6615.5,6141254.0
10:58,6614.29,6616.24,6614.29,6615.96,6476045.0
10:59,6613.5,6614.62,6613.5,6614.14,5546540.0
11:00,6611.06,6613.62,6611.06,6613.42,6576141.0
11:01,6610.5,6612.92,6610.34,6611.08,5914010.0
11:02,6607.35,6611.03,6607.33,6610.37,7244900.0
11:03,6606.58,6607.83,6606.58,6607.47,5457767.0
11:04,6606.74,6607.03,6606.2,6606.55,5934070.0
11:05,6607.24,6607.55,6605.86,6606.76,6286318.0
11:06,6604.57,6607.23,6604.45,6607.17,5242988.0
11:07,6600.86,6604.57,6600.86,6604.52,6844616.0
11:08,6599.55,6601.26,6599.23,6600.83,6974525.0
11:09,6601.62,6601.62,6599.19,6599.55,5843658.0
11:10,6601.06,6601.73,6600.27,6601.63,5988614.0
11:11,6607.9,6608.1,6601.04,6601.04,8654000.0
11:12,6608.78,6608.78,6606.48,6607.93,6325000.0
11:13,6610.08,6610.16,6608.45,6608.81,6716000.0
11:14,6610.88,6611.04,6609.31,6609.92,6188000.0
11:15,6609.95,6611.71,6609.91,6610.95,6063000.0
11:16,6609.89,6610.55,6609.45,6609.77,6044000.0
11:17,6610.87,6612.24,6609.93,6609.93,5944000.0
11:18,6609.06,6610.96,6608.6,6610.85,6053000.0
11:19,6609.88,6610.16,6609.03,6609.03,5179000.0
11:20,6609.36,6610.65,6608.98,6609.9,6476000.0
11:21,6607.35,6610.01,6607.3,6609.63,6448000.0
11:22,6605.36,6607.7,6605.11,6607.31,6008000.0
11:23,6605.27,6605.78,6604.8,6605.27,5671000.0
11:24,6604.1,6606.15,6604.08,6605.26,7983000.0
11:25,6602.75,6604.07,6601.59,6604.07,6520000.0
11:26,6599.46,6603.0,6599.46,6602.82,7338000.0
11:27,6599.44,6600.32,6598.79,6599.46,6316000.0
11:28,6599.42,6600.03,6598.32,6599.45,6676000.0
11:29,6600.5,6601.37,6598.64,6599.43,8214000.0
11:30,6603.52,6604.74,6600.38,6600.38,8425000.0
11:31,6602.97,6603.65,6601.3,6603.54,5921000.0
11:32,6604.46,6604.66,6602.37,6603.16,5995000.0
11:33,6605.32,6605.49,6603.83,6604.36,8603000.0
11:34,6608.91,6609.15,6605.28,6605.36,6515000.0
11:35,6611.11,6611.77,6608.94,6608.94,6759000.0
11:36,6610.44,6611.79,6609.45,6610.96,6448000.0
11:37,6611.75,6612.06,6610.53,6610.62,5674000.0
11:38,6611.16,6612.34,6610.8,6611.91,5851000.0
11:39,6614.37,6614.37,6611.13,6611.2,7171000.0
11:40,6615.44,6615.67,6613.51,6614.44,6226000.0
11:41,6615.91,6616.45,6614.6,6615.46,5442000.0
11:42,6616.53,6617.34,6615.26,6615.27,6690000.0
11:43,6618.77,6618.77,6616.6,6616.6,5994000.0
11:44,6617.47,6618.92,6616.13,6618.71,5898000.0
11:45,6618.12,6618.13,6616.79,6617.4,5471000.0
11:46,6618.13,6618.5,6617.57,6618.08,5634000.0
11:47,6618.56,6618.64,6616.77,6618.13,5333000.0
11:48,6617.84,6618.85,6617.69,6618.68,5174000.0
11:49,6618.31,6619.0,6617.77,6617.9,5873000.0
11:50,6616.66,6618.36,6615.84,6618.35,6281000.0
11:51,6617.04,6617.43,6615.82,6616.73,6530000.0
11:52,6616.34,6618.12,6616.24,6617.06,5637000.0
11:53,6614.54,6616.47,6614.32,6616.4,5423000.0
11:54,6616.64,6617.12,6614.57,6614.57,5172000.0
11:55,6617.39,6617.61,6616.67,6616.67,5376000.0
11:56,6616.6,6617.46,6615.89,6617.42,5216000.0
11:57,6614.54,6616.73,6614.54,6616.56,4829000.0
11:58,6613.73,6614.88,6613.67,6614.57,4758000.0
11:59,6614.88,6614.88,6613.42,6613.76,4704000.0
12:00,6616.82,6617.08,6614.39,6614.99,5331000.0
12:01,6616.82,6616.99,6614.74,6616.73,5774000.0
12:02,6617.83,6618.18,6616.82,6616.82,5591000.0
12:03,6614.7,6617.77,6614.57,6617.77,5011000.0
12:04,6614.38,6615.94,6614.35,6614.7,3810000.0
12:05,6614.11,6615.72,6613.89,6614.37,4216000.0
12:06,6615.93,6616.55,6614.21,6614.21,4327000.0
12:07,6614.13,6615.89,6614.13,6615.89,4410000.0
12:08,6614.48,6614.97,6613.95,6614.07,4210000.0
12:09,6613.88,6614.84,6613.28,6614.51,4235000.0
12:10,6612.76,6614.9,6612.73,6613.92,4683000.0
12:11,6613.23,6614.21,6612.7,6612.74,5185000.0
12:12,6614.86,6615.08,6613.14,6613.36,4301000.0
12:13,6613.43,6615.11,6613.31,6614.92,4093000.0
12:14,6612.47,6613.48,6612.15,6613.39,4023000.0
12:15,6614.82,6614.91,6612.47,6612.52,5298000.0
12:16,6614.86,6616.26,6614.35,6614.89,5584000.0
12:17,6613.99,6615.82,6613.78,6614.86,5510000.0
12:18,6612.57,6614.88,6612.57,6614.08,3994000.0
12:19,6612.35,6613.14,6612.19,6612.53,4329000.0
12:20,6613.76,6613.8,6611.92,6612.31,4760000.0
12:21,6611.28,6613.7,6611.28,6613.6,4703000.0
12:22,6607.31,6611.39,6607.14,6611.31,5401000.0
12:23,6606.75,6607.94,6606.75,6607.32,4803000.0
12:24,6608.14,6608.18,6606.51,6606.81,4836000.0
12:25,6609.09,6609.57,6608.12,6608.16,5061000.0
12:26,6605.61,6609.11,6605.61,6609.02,4609000.0
12:27,6605.27,6606.13,6605.02,6605.78,4923000.0
12:28,6605.37,6606.44,6605.25,6605.25,4668000.0
12:29,6605.25,6605.78,6604.87,6605.43,4769000.0
12:30,6610.72,6610.72,6605.24,6605.24,5956000.0
12:31,6612.41,6613.07,6610.53,6610.8,5900000.0
12:32,6614.05,6614.11,6611.68,6612.49,4752000.0
12:33,6612.78,6614.72,6612.21,6613.92,5021000.0
12:34,6614.17,6614.31,6612.7,6612.72,4347000.0
12:35,6612.7,6614.1,6612.57,6614.07,3681000.0
12:36,6612.71,6613.13,6612.26,6612.7,3877000.0
12:37,6612.18,6612.84,6610.87,6612.63,4408000.0
12:38,6611.56,6612.92,6611.56,6612.33,4142000.0
12:39,6610.1,6612.09,6610.07,6611.55,4902000.0
12:40,6604.53,6609.99,6604.48,6609.99,6307000.0
12:41,6606.19,6607.05,6604.53,6604.53,4411000.0
12:42,6609.39,6609.6,6606.18,6606.18,4314000.0
12:43,6608.36,6609.36,6607.91,6609.36,3915000.0
12:44,6606.4,6608.66,6606.4,6608.35,4268000.0
12:45,6607.59,6607.59,6605.32,6606.28,4203000.0
12:46,6607.7,6608.82,6607.42,6607.49,4385000.0
12:47,6605.51,6607.69,6605.44,6607.56,3471000.0
12:48,6605.17,6606.81,6605.0,6605.56,4659000.0
12:49,6604.47,6605.16,6604.29,6604.97,4478000.0
12:50,6605.0,6605.77,6604.45,6604.45,4338000.0
12:51,6603.76,6605.01,6603.45,6605.0,4273000.0
12:52,6603.86,6604.58,6603.68,6603.73,3372000.0
12:53,6603.01,6603.86,6602.69,6603.86,4030000.0
12:54,6603.24,6603.26,6601.88,6602.8,3997000.0
12:55,6604.17,6604.75,6603.25,6603.25,4738000.0
12:56,6604.83,6604.92,6603.4,6604.14,3749000.0
12:57,6604.4,6605.8,6604.4,6604.85,4219000.0
12:58,6604.52,6605.09,6604.27,6604.32,3284000.0
12:59,6604.04,6604.66,6603.55,6604.52,3948000.0
13:00,6604.6,6605.09,6603.09,6604.03,5090000.0
13:01,6604.72,6604.72,6602.98,6604.61,3926000.0
13:02,6602.76,6605.39,6602.76,6604.69,4163000.0
13:03,6601.8,6603.35,6601.79,6602.76,3447000.0
13:04,6602.1,6602.34,6601.4,6601.8,3882000.0
13:05,6603.8,6603.83,6601.57,6601.98,3984000.0
13:06,6604.65,6604.65,6603.65,6603.75,3788000.0
13:07,6605.23,6605.29,6604.24,6604.79,4037000.0
13:08,6607.24,6607.89,6605.13,6605.25,3642000.0
13:09,6606.01,6607.45,6605.79,6607.23,3976000.0
13:10,6605.99,6606.35,6605.36,6606.09,3753000.0
13:11,6604.52,6605.94,6604.37,6605.94,3724000.0
13:12,6607.2,6607.2,6604.63,6604.63,4468000.0
13:13,6608.26,6608.31,6607.13,6607.24,4154000.0
13:14,6606.78,6609.12,6606.15,6608.29,8609000.0
13:15,6603.31,6606.83,6602.28,6606.81,5390000.0
13:16,6604.33,6604.69,6602.93,6603.15,4417000.0
13:17,6606.78,6607.25,6604.54,6604.54,4532000.0
13:18,6604.64,6607.01,6604.58,6606.87,4274000.0
13:19,6603.31,6604.62,6603.31,6604.58,3906000.0
13:20,6599.68,6603.28,6599.68,6603.22,4905000.0
13:21,6595.32,6599.55,6595.21,6599.51,6021000.0
13:22,6593.33,6596.13,6593.33,6595.49,5233000.0
13:23,6592.98,6594.68,6592.21,6593.31,5652000.0
13:24,6592.89,6594.04,6592.89,6593.09,4557000.0
13:25,6597.49,6598.4,6592.84,6592.88,6160000.0
13:26,6599.48,6599.9,6596.33,6597.34,5320000.0
13:27,6599.24,6600.22,6599.08,6599.23,4091000.0
13:28,6598.76,6599.73,6598.76,6599.18,3569000.0
13:29,6598.8,6599.34,6598.48,6598.75,4257000.0
13:30,6598.46,6600.26,6598.3,6598.78,4924000.0
13:31,6595.99,6598.7,6595.99,6598.37,3744000.0
13:32,6593.81,6595.9,6593.76,6595.9,4694000.0
13:33,6594.13,6594.85,6593.53,6593.78,3996000.0
13:34,6594.29,6595.37,6593.73,6594.05,4422000.0
13:35,6593.76,6594.66,6593.12,6594.26,4361000.0
13:36,6590.95,6593.92,6590.46,6593.84,5243000.0
13:37,6592.16,6592.39,6590.79,6591.03,4845000.0
13:38,6593.97,6594.41,6592.16,6592.16,5141000.0
13:39,6592.28,6594.65,6591.87,6593.92,4289000.0
13:40,6591.95,6592.58,6591.18,6592.26,4495000.0
13:41,6590.77,6592.08,6590.05,6591.85,4614000.0
13:42,6589.95,6591.2,6589.95,6590.91,4789000.0
13:43,6590.72,6590.72,6588.61,6590.01,5619000.0
13:44,6592.18,6592.33,6590.71,6591.05,5031000.0
13:45,6590.72,6592.51,6590.43,6592.21,5128000.0
13:46,6590.99,6590.99,6590.1,6590.71,4085000.0
13:47,6590.52,6591.33,6589.78,6591.0,4412000.0
13:48,6590.39,6590.93,6590.13,6590.61,4782000.0
13:49,6587.11,6590.48,6587.1,6590.31,5457000.0
13:50,6589.95,6590.21,6587.19,6587.19,5097000.0
13:51,6588.3,6590.2,6587.96,6590.01,6089000.0
13:52,6588.75,6588.81,6587.74,6588.32,4610000.0
13:53,6589.21,6589.73,6588.59,6588.78,4946000.0
13:54,6589.14,6589.8,6588.72,6589.36,3992000.0
13:55,6588.36,6589.58,6588.21,6589.03,4185000.0
13:56,6586.03,6588.34,6586.03,6588.34,5481000.0
13:57,6583.15,6586.14,6582.96,6586.14,6643000.0
13:58,6581.39,6583.81,6581.19,6583.1,6314000.0
13:59,6581.62,6582.16,6580.95,6581.63,5469000.0
14:00,6577.33,6581.88,6577.32,6581.59,6496000.0
14:01,6576.1,6579.68,6575.76,6577.3,7080000.0
14:02,6574.29,6576.42,6572.87,6575.78,7289000.0
14:03,6572.41,6574.72,6572.16,6574.61,6360000.0
14:04,6569.93,6574.14,6569.22,6572.48,7489000.0
14:05,6574.3,6574.66,6569.71,6569.88,6513000.0
14:06,6578.6,6579.12,6574.17,6574.35,7251000.0
14:07,6575.78,6578.54,6575.78,6578.54,6422000.0
14:08,6576.17,6577.27,6575.76,6575.95,5841000.0
14:09,6576.85,6577.51,6575.81,6576.44,5306000.0
14:10,6580.03,6580.03,6577.01,6577.01,5514000.0
14:11,6581.75,6582.55,6579.71,6579.97,5653000.0
14:12,6584.12,6584.53,6581.93,6581.93,4900000.0
14:13,6583.52,6584.28,6581.8,6584.02,5279000.0
14:14,6585.36,6585.41,6582.33,6583.47,4654000.0
14:15,6588.34,6588.53,6585.21,6585.34,6580000.0
14:16,6588.73,6590.09,6588.26,6588.48,5816000.0
14:17,6590.8,6590.81,6588.92,6588.95,4762000.0
14:18,6591.93,6592.23,6590.87,6590.87,7260000.0
14:19,6592.98,6593.22,6591.87,6591.89,5195000.0
14:20,6592.39,6593.05,6591.68,6592.96,5559000.0
14:21,6593.39,6593.67,6592.4,6592.4,4371000.0
14:22,6592.21,6593.35,6591.41,6593.34,5230000.0
14:23,6592.74,6592.81,6590.34,6592.14,4228000.0
14:24,6593.54,6594.37,6592.69,6592.69,5227000.0
14:25,6595.52,6595.55,6593.42,6593.62,5715000.0
14:26,6594.84,6596.65,6594.84,6595.49,5417000.0
14:27,6594.4,6595.1,6593.99,6594.83,5433000.0
14:28,6594.04,6595.0,6593.65,6594.31,4914000.0
14:29,6595.6,6595.71,6593.92,6593.92,3959000.0
14:30,6595.1,6596.49,6595.1,6595.5,4772000.0
14:31,6596.03,6596.49,6595.05,6595.05,4321000.0
14:32,6595.44,6597.81,6595.44,6596.1,5953000.0
14:33,6593.14,6595.51,6592.55,6595.51,5213000.0
14:34,6594.82,6595.41,6593.05,6593.05,4093000.0
14:35,6595.02,6595.98,6594.06,6594.85,4897000.0
14:36,6594.79,6595.75,6593.76,6595.04,4707000.0
14:37,6596.99,6596.99,6594.72,6594.83,5248000.0
14:38,6598.32,6598.32,6596.26,6596.9,4462000.0
14:39,6599.14,6599.37,6598.22,6598.28,3994000.0
14:40,6604.4,6604.41,6599.02,6599.02,7092000.0
14:41,6606.42,6606.86,6604.4,6604.4,6094000.0
14:42,6605.39,6607.18,6605.05,6606.46,5560000.0
14:43,6604.74,6605.57,6604.29,6605.35,5202000.0
14:44,6603.81,6604.85,6602.48,6604.85,5667000.0
14:45,6601.38,6604.43,6601.32,6603.77,6220000.0
14:46,6598.97,6601.95,6598.97,6601.46,5577000.0
14:47,6598.72,6600.06,6598.6,6599.0,4268000.0
14:48,6601.27,6601.34,6598.67,6598.67,5853000.0
14:49,6602.56,6603.08,6600.63,6601.36,5701000.0
14:50,6602.55,6603.22,6602.05,6602.6,5562000.0
14:51,6602.74,6603.21,6602.1,6602.57,4581000.0
14:52,6601.4,6602.67,6600.99,6602.59,4656000.0
14:53,6602.47,6602.98,6601.71,6601.71,6668000.0
14:54,6603.77,6604.11,6602.44,6602.44,5458000.0
14:55,6606.27,6606.28,6603.76,6603.76,5316000.0
14:56,6604.56,6606.45,6604.5,6606.32,5693000.0
14:57,6602.44,6604.49,6602.44,6604.49,5372000.0
14:58,6605.18,6605.21,6602.1,6602.32,5088000.0
14:59,6604.67,6605.68,6604.67,6605.32,4531000.0
15:00,6605.46,6605.46,6602.15,6604.7,7634000.0
15:01,6603.8,6605.85,6603.18,6605.39,5873000.0
15:02,6603.35,6604.32,6603.28,6603.81,5465000.0
15:03,6604.27,6604.27,6602.71,6603.2,5447000.0
15:04,6604.16,6604.56,6603.79,6604.24,4894000.0
15:05,6605.36,6605.7,6604.14,6604.14,5516000.0
15:06,6604.62,6605.9,6604.58,6605.4,4796000.0
15:07,6602.97,6604.7,6602.76,6604.7,5274000.0
15:08,6603.08,6603.32,6601.47,6602.89,6101000.0
15:09,6602.86,6603.43,6602.58,6603.04,5206000.0
15:10,6602.39,6603.02,6600.82,6602.93,6126000.0
15:11,6605.31,6605.31,6602.45,6602.45,6481000.0
15:12,6604.78,6605.44,6604.38,6605.23,5690000.0
15:13,6604.07,6604.76,6603.97,6604.75,4971000.0
15:14,6602.05,6603.83,6601.81,6603.69,5690000.0
15:15,6603.15,6603.15,6601.56,6602.01,6317000.0
15:16,6601.88,6603.19,6601.55,6603.16,6549000.0
15:17,6601.57,6602.51,6601.21,6602.01,5654000.0
15:18,6600.49,6602.14,6600.49,6601.69,6020000.0
15:19,6599.84,6600.88,6599.72,6600.46,6618000.0
15:20,6602.01,6602.28,6599.78,6599.8,5765000.0
15:21,6599.03,6601.95,6598.95,6601.95,6107000.0
15:22,6600.0,6600.08,6599.1,6599.1,5580000.0
15:23,6598.99,6600.3,6598.94,6600.04,6498000.0
15:24,6597.22,6599.15,6596.95,6599.04,6298000.0
15:25,6600.27,6600.34,6597.18,6597.18,6612000.0
15:26,6598.66,6600.52,6598.5,6600.31,5952000.0
15:27,6598.7,6599.33,6598.53,6598.96,6693000.0
15:28,6598.44,6599.32,6597.98,6598.59,6844000.0
15:29,6599.88,6599.94,6598.38,6598.49,6298000.0
15:30,6603.09,6603.34,6599.91,6599.91,8192000.0
15:31,6603.39,6603.48,6602.25,6603.06,7037000.0
15:32,6603.02,6603.95,6602.63,6603.49,6956000.0
15:33,6601.17,6603.03,6601.17,6602.98,6689000.0
15:34,6599.81,6601.17,6599.26,6601.1,6782000.0
15:35,6599.38,6600.31,6598.83,6599.84,7357000.0
15:36,6597.76,6599.87,6597.61,6599.53,8040000.0
15:37,6597.18,6597.87,6597.03,6597.83,7152000.0
15:38,6596.73,6597.39,6596.43,6597.16,7753000.0
15:39,6597.95,6597.98,6596.55,6596.77,8042000.0
15:40,6597.84,6598.13,6597.0,6597.77,8776000.0
15:41,6596.81,6597.89,6596.45,6597.89,9074000.0
15:42,6598.78,6598.88,6596.81,6596.81,8047000.0
15:43,6599.65,6599.99,6598.72,6598.84,7674000.0
15:44,6600.25,6600.59,6599.56,6599.64,8525000.0
15:45,6598.69,6600.74,6598.64,6600.26,9113000.0
15:46,6597.07,6598.67,6596.89,6598.66,9220000.0
15:47,6597.68,6597.85,6596.51,6597.09,10556000.0
15:48,6597.45,6598.63,6597.3,6597.65,9455000.0
15:49,6598.06,6598.06,6597.39,6597.57,11513000.0
15:50,6599.11,6599.94,6598.0,6598.0,18786000.0
15:51,6600.68,6601.34,6599.19,6599.19,15981000.0
15:52,6601.29,6601.64,6600.4,6600.55,14487000.0
15:53,6603.43,6603.56,6601.19,6601.19,16237000.0
15:54,6604.82,6607.15,6603.5,6603.5,22956000.0
15:55,6603.3,6604.63,6601.09,6604.63,28972000.0
15:56,6603.14,6604.11,6602.36,6603.43,25095000.0
15:57,6604.77,6605.14,6603.4,6603.4,28620000.0
15:58,6604.93,6605.32,6604.18,6604.65,39202000.0
15:59,6604.2,6607.86,6603.62,6604.98,69523000.0
