Time,Close,High,Low,Open,Volume
09:30,6779.03,6788.52,6772.87,6788.52,1.0
09:31,6779.03,6788.52,6772.87,6788.52,1.0
09:32,6779.03,6788.52,6772.87,6788.52,1.0
09:33,6779.03,6788.52,6772.87,6788.52,1.0
09:34,6779.03,6788.52,6772.87,6788.52,1.0
09:35,6779.03,6788.52,6772.87,6788.52,1.0
09:36,6779.03,6788.52,6772.87,6788.52,1.0
09:37,6779.03,6788.52,6772.87,6788.52,1.0
09:38,6779.03,6788.52,6772.87,6788.52,1.0
09:39,6779.03,6788.52,6772.87,6788.52,1.0
09:40,6779.03,6788.52,6772.87,6788.52,1.0
09:41,6779.03,6788.52,6772.87,6788.52,1.0
09:42,6779.03,6788.52,6772.87,6788.52,1.0
09:43,6779.03,6788.52,6772.87,6788.52,1.0
09:44,6779.03,6788.52,6772.87,6788.52,1.0
09:45,6779.03,6788.52,6772.87,6788.52,1.0
09:46,6779.03,6788.52,6772.87,6788.52,1.0
09:47,6779.03,6788.52,6772.87,6788.52,1.0
09:48,6779.03,6788.52,6772.87,6788.52,1.0
09:49,6779.03,6788.52,6772.87,6788.52,1.0
09:50,6779.03,6788.52,6772.87,6788.52,1.0
09:51,6779.03,6788.52,6772.87,6788.52,1.0
09:52,6779.03,6788.52,6772.87,6788.52,1.0
09:53,6779.03,6788.52,6772.87,6788.52,1.0
09:54,6779.03,6788.52,6772.87,6788.52,1.0
09:55,6779.03,6788.52,6772.87,6788.52,1.0
09:56,6779.03,6788.52,6772.87,6788.52,1.0
09:57,6779.03,6788.52,6772.87,6788.52,1.0
09:58,6779.03,6788.52,6772.87,6788.52,1.0
09:59,6779.03,6788.52,6772.87,6788.52,1.0
10:00,6779.03,6788.52,6772.87,6788.52,1.0
10:01,6779.03,6788.52,6772.87,6788.52,1.0
10:02,6779.03,6788.52,6772.87,6788.52,1.0
10:03,6779.03,6788.52,6772.87,6788.52,1.0
10:04,6779.03,6788.52,6772.87,6788.52,1.0
10:05,6779.03,6788.52,6772.87,6788.52,1.0
10:06,6779.03,6788.52,6772.87,6788.52,1.0
10:07,6779.03,6788.52,6772.87,6788.52,1.0
10:08,6779.03,6788.52,6772.87,6788.52,1.0
10:09,6779.03,6788.52,6772.87,6788.52,1.0
10:10,6779.03,6788.52,6772.87,6788.52,1.0
10:11,6779.03,6788.52,6772.87,6788.52,1.0
10:12,6779.03,6788.52,6772.87,6788.52,1.0
10:13,6779.03,6788.52,6772.87,6788.52,1.0
10:14,6779.03,6788.52,6772.87,6788.52,1.0
10:15,6779.03,6788.52,6772.87,6788.52,1.0
10:16,6779.03,6788.52,6772.87,6788.52,1.0
10:17,6779.03,6788.52,6772.87,6788.52,1.0
10:18,6779.03,6788.52,6772.87,6788.52,1.0
10:19,6779.03,6788.52,6772.87,6788.52,1.0
10:20,6779.03,6788.52,6772.87,6788.52,1.0
10:21,6779.03,6788.52,6772.87,6788.52,1.0
10:22,6779.03,6788.52,6772.87,6788.52,1.0
10:23,6779.03,6788.52,6772.87,6788.52,1.0
10:24,6779.03,6788.52,6772.87,6788.52,1.0
10:25,6779.03,6788.52,6772.87,6788.52,1.0
10:26,6779.03,6788.52,6772.87,6788.52,1.0
10:27,6779.03,6788.52,6772.87,6788.52,1.0
10:28,6779.03,6788.52,6772.87,6788.52,1.0
10:29,6779.03,6788.52,6772.87,6788.52,1.0
10:30,6779.03,6788.52,6772.87,6788.52,1.0
10:31,6779.19,6782.81,6779.18,6779.62,18972256.0
10:32,6775.36,6778.86,6774.16,6778.86,20693677.0
10:33,6769.15,6775.19,6769.15,6775.19,19155690.0
10:34,6768.85,6770.57,6767.31,6768.55,17983145.0
10:35,6767.17,6772.88,6766.71,6768.79,16684656.0
10:36,6776.38,6777.09,6766.97,6767.2,16601847.0
10:37,6770.98,6776.35,6770.39,6776.16,14605506.0
10:38,6771.25,6772.04,6769.29,6771.29,13735624.0
10:39,6772.15,6774.89,6771.38,6771.38,13692459.0
10:40,6776.5,6777.21,6769.99,6772.24,13320032.0
10:41,6785.31,6785.31,6776.61,6777.03,13044257.0
10:42,6787.16,6788.14,6784.7,6785.53,12324371.0
10:43,6786.03,6788.5,6784.93,6787.52,11114395.0
10:44,6789.97,6791.3,6786.26,6786.39,10518895.0
10:45,6788.21,6791.62,6788.21,6790.07,13982170.0
10:46,6788.92,6790.65,6787.59,6788.45,11534565.0
10:47,6786.94,6790.13,6786.13,6789.23,11057252.0
10:48,6792.82,6793.28,6786.58,6786.87,11231078.0
10:49,6792.36,6793.32,6791.89,6792.79,10088807.0
10:50,6794.98,6795.39,6790.69,6792.13,10642550.0
10:51,6799.18,6800.58,6795.39,6795.39,10008735.0
10:52,6799.1,6799.95,6797.62,6799.09,9709199.0
10:53,6800.91,6802.49,6799.08,6799.08,10762599.0
10:54,6803.85,6804.6,6799.64,6801.03,9444088.0
10:55,6805.33,6806.57,6803.76,6803.76,10081343.0
10:56,6805.35,6806.78,6805.33,6805.47,10761824.0
10:57,6803.39,6805.38,6802.45,6805.38,9574186.0
10:58,6805.47,6805.83,6802.78,6803.31,8968161.0
10:59,6809.31,6809.61,6804.7,6805.58,9048195.0
11:00,6807.91,6809.73,6807.28,6808.96,11805495.0
11:01,6809.27,6810.4,6807.93,6807.93,9057804.0
11:02,6807.18,6810.16,6805.91,6808.76,10821868.0
11:03,6808.89,6809.61,6807.13,6807.36,9277772.0
11:04,6811.45,6812.08,6808.6,6808.6,9377864.0
11:05,6810.77,6812.65,6810.73,6811.41,11370247.0
11:06,6809.6,6810.95,6808.79,6810.88,10276641.0
11:07,6810.82,6811.68,6809.34,6809.34,8786199.0
11:08,6806.13,6811.72,6805.14,6810.96,11096062.0
11:09,6808.45,6808.47,6806.25,6806.25,8706979.0
11:10,6807.32,6808.79,6804.63,6808.64,9750357.0
11:11,6805.82,6808.0,6805.46,6807.32,9124135.0
11:12,6807.76,6808.22,6805.39,6805.98,7882396.0
11:13,6810.87,6812.82,6807.62,6807.62,8374116.0
11:14,6810.03,6811.87,6809.41,6810.98,7457236.0
11:15,6811.2,6812.63,6809.85,6809.85,8158858.0
11:16,6813.07,6813.21,6810.71,6811.52,7274161.0
11:17,6811.23,6813.67,6810.93,6813.62,7731694.0
11:18,6811.29,6812.84,6810.88,6811.1,8181900.0
11:19,6814.48,6815.82,6810.79,6811.29,8208157.0
11:20,6814.01,6815.39,6813.65,6814.62,8263485.0
11:21,6813.69,6814.7,6811.93,6813.61,7365762.0
11:22,6813.74,6814.34,6812.53,6813.61,6649150.0
11:23,6813.19,6814.32,6812.66,6813.93,7336129.0
11:24,6813.37,6813.81,6812.4,6813.3,7396968.0
11:25,6814.11,6814.41,6812.77,6813.38,7835103.0
11:26,6815.71,6817.12,6813.71,6814.26,6998660.0
11:27,6814.95,6816.59,6813.89,6815.84,7898290.0
11:28,6813.91,6814.87,6813.47,6814.87,6400907.0
11:29,6814.27,6815.04,6813.49,6813.58,7166510.0
11:30,6812.72,6814.45,6812.11,6814.42,8132413.0
11:31,6813.2,6814.67,6812.79,6812.92,7242607.0
11:32,6811.45,6813.07,6810.76,6813.07,7136431.0
11:33,6812.34,6813.71,6811.48,6811.48,7157128.0
11:34,6815.08,6815.17,6811.3,6812.15,7223975.0
11:35,6815.61,6816.03,6814.8,6815.17,7352452.0
11:36,6813.24,6816.4,6812.75,6815.4,7798243.0
11:37,6814.53,6816.18,6813.23,6813.27,6780123.0
11:38,6816.74,6816.8,6814.43,6814.43,6218518.0
11:39,6818.13,6818.66,6816.5,6816.88,6702682.0
11:40,6819.31,6819.7,6818.01,6818.14,7562761.0
11:41,6818.6,6820.21,6818.29,6819.04,7603167.0
11:42,6816.04,6819.37,6815.51,6818.69,7598655.0
11:43,6816.64,6818.54,6816.15,6816.15,6336255.0
11:44,6814.83,6816.66,6814.48,6816.66,6302707.0
11:45,6813.44,6815.27,6813.19,6815.25,6995170.0
11:46,6814.37,6814.74,6812.16,6813.49,7489745.0
11:47,6809.76,6813.97,6809.76,6813.97,6296278.0
11:48,6808.85,6810.15,6808.69,6809.37,6718155.0
11:49,6808.33,6810.37,6808.29,6808.99,6549022.0
11:50,6807.04,6809.84,6806.77,6808.28,7728615.0
11:51,6805.95,6808.06,6805.07,6806.8,8491775.0
11:52,6805.67,6806.24,6805.27,6806.03,6801371.0
11:53,6804.78,6806.41,6804.78,6805.73,6603615.0
11:54,6804.9,6805.48,6804.47,6804.63,6431845.0
11:55,6801.95,6804.81,6801.87,6804.81,8145202.0
11:56,6799.23,6801.99,6798.73,6801.99,7513476.0
11:57,6800.14,6800.59,6797.61,6799.08,6911748.0
11:58,6802.08,6802.99,6799.4,6800.09,6583583.0
11:59,6802.2,6802.37,6801.5,6802.14,6460825.0
12:00,6808.44,6808.8,6802.06,6802.23,8115521.0
12:01,6807.47,6808.31,6806.36,6808.31,6959308.0
12:02,6804.03,6808.57,6804.03,6807.65,6565000.0
12:03,6803.23,6804.76,6802.34,6804.05,6211000.0
12:04,6805.33,6806.01,6802.97,6803.5,5836000.0
12:05,6801.58,6805.48,6801.58,6805.3,6032000.0
12:06,6802.23,6802.87,6801.29,6801.63,6399000.0
12:07,6804.4,6804.55,6801.89,6802.17,5796000.0
12:08,6801.16,6804.13,6801.16,6804.13,5751000.0
12:09,6801.44,6802.19,6800.89,6801.23,5603000.0
12:10,6800.81,6802.11,6800.81,6801.34,6980000.0
12:11,6798.13,6801.36,6797.64,6800.8,6855000.0
12:12,6801.36,6802.01,6797.37,6798.25,6631000.0
12:13,6800.2,6801.5,6799.33,6801.05,5420000.0
12:14,6801.22,6801.41,6800.25,6800.4,5828000.0
12:15,6799.32,6801.76,6798.52,6801.48,7156000.0
12:16,6800.02,6800.71,6798.24,6799.3,7624000.0
12:17,6803.25,6803.49,6800.1,6800.15,8166000.0
12:18,6798.7,6803.27,6798.21,6803.27,7188000.0
12:19,6798.31,6800.57,6798.23,6798.79,5457000.0
12:20,6797.41,6799.04,6796.55,6798.47,6713000.0
12:21,6800.69,6800.69,6796.72,6797.51,6791000.0
12:22,6800.24,6800.91,6799.39,6800.51,5497000.0
12:23,6797.8,6800.25,6797.28,6800.25,5946000.0
12:24,6798.94,6799.19,6796.79,6798.18,6111000.0
12:25,6798.73,6800.13,6797.85,6798.88,6625000.0
12:26,6797.48,6798.53,6796.6,6798.44,6492000.0
12:27,6799.48,6800.23,6797.6,6797.65,8889000.0
12:28,6803.29,6804.31,6799.24,6799.28,8030000.0
12:29,6803.0,6803.48,6802.65,6803.34,6411000.0
12:30,6802.17,6802.93,6800.85,6802.93,6929000.0
12:31,6804.85,6805.23,6801.9,6802.38,6708000.0
12:32,6802.3,6804.69,6802.19,6804.69,7107000.0
12:33,6800.66,6803.05,6800.13,6802.21,7268000.0
12:34,6801.91,6802.38,6800.55,6800.64,6208000.0
12:35,6801.59,6802.41,6800.92,6802.05,6066000.0
12:36,6804.58,6804.61,6801.42,6801.57,6005000.0
12:37,6805.75,6806.82,6804.58,6804.58,5624000.0
12:38,6806.31,6806.43,6803.49,6805.76,5505000.0
12:39,6806.58,6807.09,6805.81,6806.26,5068000.0
12:40,6800.61,6806.67,6800.61,6806.59,6170000.0
12:41,6803.94,6804.17,6800.46,6800.65,5467000.0
12:42,6803.29,6804.29,6802.89,6803.83,4885000.0
12:43,6806.68,6806.68,6802.98,6803.21,6127000.0
12:44,6803.35,6806.85,6803.11,6806.72,5738000.0
12:45,6801.06,6804.56,6800.99,6803.36,5191000.0
12:46,6799.55,6802.05,6799.55,6801.13,4500000.0
12:47,6799.25,6799.98,6798.04,6799.6,6503000.0
12:48,6797.67,6799.54,6797.63,6799.29,4830000.0
12:49,6796.92,6797.98,6796.69,6797.85,5753000.0
12:50,6797.84,6798.3,6795.73,6796.9,6294000.0
12:51,6796.56,6797.58,6795.56,6797.58,4875000.0
12:52,6800.34,6800.67,6796.61,6796.85,6530000.0
12:53,6800.18,6800.51,6798.27,6800.42,5550000.0
12:54,6803.88,6804.12,6800.23,6800.36,7121000.0
12:55,6803.53,6803.86,6802.88,6803.86,5792000.0
12:56,6796.98,6803.63,6796.88,6803.63,7880000.0
12:57,6797.94,6798.88,6796.14,6796.9,5583000.0
12:58,6800.72,6801.24,6797.34,6797.88,5730000.0
12:59,6802.51,6802.72,6799.64,6801.02,5763000.0
13:00,6798.9,6802.67,6798.9,6802.48,5633000.0
13:01,6797.35,6798.85,6797.0,6798.51,5924000.0
13:02,6797.92,6798.44,6797.08,6797.92,5879000.0
13:03,6798.3,6799.92,6797.66,6797.7,7402000.0
13:04,6797.29,6799.17,6796.98,6798.41,6519000.0
13:05,6797.17,6797.33,6795.98,6797.33,6196000.0
13:06,6793.82,6797.03,6793.82,6797.03,5655000.0
13:07,6792.63,6794.56,6792.62,6793.8,5767000.0
13:08,6793.02,6793.94,6792.67,6792.84,4785000.0
13:09,6794.01,6794.35,6792.78,6793.05,4649000.0
13:10,6791.39,6794.03,6791.05,6794.03,5690000.0
13:11,6790.68,6792.24,6790.27,6791.85,5242000.0
13:12,6792.41,6792.91,6790.7,6790.7,4632000.0
13:13,6791.98,6793.25,6791.4,6792.39,4858000.0
13:14,6791.21,6792.47,6791.18,6791.98,5210000.0
13:15,6791.29,6792.35,6790.62,6790.63,4864000.0
13:16,6790.06,6791.71,6790.06,6791.29,4776000.0
13:17,6786.69,6789.98,6786.28,6789.98,5970000.0
13:18,6786.55,6787.47,6786.32,6786.72,5164000.0
13:19,6780.55,6786.58,6780.55,6786.58,8816000.0
13:20,6780.47,6780.53,6778.19,6780.53,6962000.0
13:21,6782.66,6783.28,6779.15,6780.96,6780000.0
13:22,6784.82,6785.44,6782.72,6782.72,5592000.0
13:23,6789.43,6789.8,6784.9,6784.96,6379000.0
13:24,6790.25,6790.33,6787.66,6789.52,6045000.0
13:25,6792.09,6792.6,6789.46,6790.22,5818000.0
13:26,6795.38,6795.75,6792.1,6792.1,5404000.0
13:27,6794.72,6795.73,6794.22,6795.42,6725000.0
13:28,6790.43,6795.05,6790.28,6794.72,5613000.0
13:29,6790.52,6791.29,6789.46,6790.55,6246000.0
13:30,6790.14,6791.76,6790.11,6790.54,5706000.0
13:31,6787.69,6790.24,6787.69,6790.08,5612000.0
13:32,6788.74,6789.42,6787.26,6787.33,4760000.0
13:33,6788.21,6789.14,6787.58,6788.62,4971000.0
13:34,6787.91,6789.1,6787.24,6788.31,6050000.0
13:35,6788.25,6788.25,6786.72,6787.93,6665000.0
13:36,6787.41,6789.09,6786.68,6788.2,5674000.0
13:37,6786.96,6788.1,6786.74,6787.43,5625000.0
13:38,6786.23,6787.32,6785.93,6786.97,4754000.0
13:39,6784.11,6786.2,6783.81,6786.2,4924000.0
13:40,6782.47,6784.19,6781.83,6784.18,6180000.0
13:41,6780.62,6782.61,6780.62,6782.46,5900000.0
13:42,6780.77,6780.94,6778.93,6780.46,6327000.0
13:43,6782.95,6783.19,6779.39,6780.79,5167000.0
13:44,6781.91,6783.45,6781.28,6783.45,5015000.0
13:45,6784.2,6784.74,6781.98,6781.98,5443000.0
13:46,6786.04,6786.19,6783.05,6784.46,4897000.0
13:47,6787.12,6787.22,6785.85,6786.07,5156000.0
13:48,6787.42,6789.3,6786.81,6786.91,5236000.0
13:49,6787.71,6787.94,6787.18,6787.52,4317000.0
13:50,6792.47,6792.94,6787.68,6787.7,5818000.0
13:51,6789.65,6792.54,6789.63,6792.54,4390000.0
13:52,6788.0,6790.13,6787.65,6789.13,4646000.0
13:53,6784.55,6788.51,6784.42,6788.05,5379000.0
13:54,6783.34,6785.05,6783.07,6784.41,4356000.0
13:55,6781.54,6783.37,6780.68,6783.37,6028000.0
13:56,6779.17,6781.79,6779.17,6781.55,6222000.0
13:57,6778.1,6780.14,6778.09,6779.18,5106000.0
13:58,6779.58,6779.58,6777.86,6778.04,5153000.0
13:59,6780.75,6781.65,6779.62,6779.67,5059000.0
14:00,6780.29,6781.2,6779.58,6780.78,4905000.0
14:01,6779.89,6781.69,6779.49,6780.32,5915000.0
14:02,6779.19,6780.51,6779.19,6779.88,5615000.0
14:03,6777.72,6779.96,6777.71,6779.04,6804000.0
14:04,6778.18,6778.72,6777.35,6777.63,4435000.0
14:05,6778.37,6778.61,6777.37,6778.13,4306000.0
14:06,6778.11,6780.0,6777.71,6778.42,4634000.0
14:07,6777.19,6778.5,6776.99,6778.12,4452000.0
14:08,6778.26,6778.3,6776.32,6777.33,5526000.0
14:09,6777.13,6778.55,6777.13,6778.28,5046000.0
14:10,6778.71,6779.86,6776.93,6777.13,6342000.0
14:11,6776.64,6778.97,6776.0,6778.75,6015000.0
14:12,6777.55,6778.39,6776.34,6776.5,5808000.0
14:13,6777.63,6778.45,6777.02,6777.53,5106000.0
14:14,6779.15,6779.28,6777.01,6777.7,5792000.0
14:15,6780.53,6781.03,6779.05,6779.22,4489000.0
14:16,6777.78,6780.42,6777.47,6780.22,4566000.0
14:17,6776.47,6777.97,6775.9,6777.97,5044000.0
14:18,6776.17,6777.29,6775.43,6776.5,5310000.0
14:19,6772.26,6775.78,6772.07,6775.78,7586000.0
14:20,6771.68,6772.95,6771.33,6772.24,6063000.0
14:21,6778.05,6778.1,6771.37,6771.59,7164000.0
14:22,6778.7,6779.21,6776.68,6777.87,5180000.0
14:23,6779.92,6780.84,6777.61,6778.64,5782000.0
14:24,6777.11,6780.12,6777.11,6779.72,4716000.0
14:25,6776.0,6776.91,6775.9,6776.84,4572000.0
14:26,6773.33,6776.04,6773.33,6776.04,5035000.0
14:27,6770.91,6773.18,6770.91,6773.18,5003000.0
14:28,6771.95,6772.73,6770.98,6771.07,5641000.0
14:29,6773.21,6773.21,6772.07,6772.07,6437000.0
14:30,6776.8,6777.05,6772.04,6773.05,7196000.0
14:31,6775.1,6777.0,6774.35,6776.79,5505000.0
14:32,6772.0,6776.48,6772.0,6775.41,4970000.0
14:33,6770.8,6772.5,6770.71,6771.81,5442000.0
14:34,6771.95,6772.03,6770.87,6770.87,4515000.0
14:35,6770.52,6772.09,6770.52,6771.82,5519000.0
14:36,6770.46,6771.3,6770.38,6770.55,5353000.0
14:37,6771.95,6772.68,6770.42,6770.51,6143000.0
14:38,6770.32,6772.98,6770.02,6771.96,6956000.0
14:39,6768.68,6770.56,6768.66,6770.2,5644000.0
14:40,6770.19,6770.19,6767.56,6768.72,6234000.0
14:41,6772.0,6772.18,6769.63,6770.02,6723000.0
14:42,6773.72,6774.12,6771.83,6772.06,6359000.0
14:43,6775.98,6776.46,6773.24,6773.85,6268000.0
14:44,6778.42,6778.51,6775.7,6775.92,6770000.0
14:45,6778.52,6779.08,6776.9,6778.48,5538000.0
14:46,6776.52,6780.33,6776.45,6778.54,5797000.0
14:47,6777.3,6778.78,6776.38,6776.53,4886000.0
14:48,6775.19,6778.64,6775.09,6777.38,6181000.0
14:49,6775.39,6775.64,6774.6,6775.15,4525000.0
14:50,6780.2,6780.31,6775.4,6775.47,6412000.0
14:51,6778.93,6780.65,6778.93,6780.22,4863000.0
14:52,6783.74,6783.74,6778.97,6779.0,6206000.0
14:53,6781.15,6784.2,6780.86,6783.76,6068000.0
14:54,6783.91,6784.51,6781.13,6781.13,5242000.0
14:55,6782.51,6783.97,6782.27,6783.97,8052000.0
14:56,6778.95,6782.92,6778.95,6782.52,5717000.0
14:57,6780.87,6781.04,6778.87,6778.87,4869000.0
14:58,6782.95,6783.19,6780.38,6780.86,5224000.0
14:59,6782.16,6783.08,6781.88,6782.91,4629000.0
15:00,6783.35,6783.63,6780.85,6781.94,6740000.0
15:01,6784.13,6784.61,6783.0,6783.36,6778000.0
15:02,6785.96,6786.15,6784.42,6784.42,6535000.0
15:03,6785.27,6786.51,6784.99,6786.04,5900000.0
15:04,6786.65,6786.74,6785.31,6785.31,5612000.0
15:05,6782.87,6786.62,6782.85,6786.57,6410000.0
15:06,6782.17,6783.68,6781.79,6782.77,4767000.0
15:07,6780.8,6782.51,6780.31,6781.93,5309000.0
15:08,6779.85,6781.35,6779.55,6780.95,5246000.0
15:09,6778.22,6780.0,6777.78,6779.88,4568000.0
15:10,6780.07,6780.28,6777.29,6778.25,6090000.0
15:11,6779.61,6780.24,6778.88,6779.76,4833000.0
15:12,6780.59,6783.15,6779.72,6779.72,5977000.0
15:13,6783.25,6783.98,6780.66,6780.66,5518000.0
15:14,6781.46,6783.69,6781.44,6783.22,5102000.0
15:15,6783.47,6783.81,6781.28,6781.4,5391000.0
15:16,6782.04,6783.74,6781.55,6783.58,5092000.0
15:17,6781.66,6783.56,6781.34,6781.93,6155000.0
15:18,6780.89,6781.89,6780.76,6781.63,4690000.0
15:19,6780.13,6781.61,6780.07,6781.13,5275000.0
15:20,6783.4,6783.53,6779.88,6780.19,6412000.0
15:21,6780.07,6783.9,6779.57,6783.37,6098000.0
15:22,6781.36,6782.77,6780.15,6780.15,5013000.0
15:23,6783.15,6783.38,6780.88,6781.06,5181000.0
15:24,6784.44,6785.21,6783.18,6783.28,5413000.0
15:25,6785.92,6786.16,6784.45,6784.59,5032000.0
15:26,6785.32,6785.95,6784.35,6785.7,5735000.0
15:27,6782.93,6785.94,6782.93,6785.45,4726000.0
15:28,6783.74,6784.08,6782.48,6782.48,4848000.0
15:29,6783.29,6784.99,6783.12,6783.63,5056000.0
15:30,6779.67,6784.2,6779.59,6783.38,6349000.0
15:31,6777.23,6779.61,6776.78,6779.61,5933000.0
15:32,6776.53,6777.23,6775.59,6777.22,5622000.0
15:33,6778.8,6778.87,6775.91,6776.46,6144000.0
15:34,6779.93,6779.93,6776.96,6778.77,4815000.0
15:35,6777.46,6780.17,6777.15,6779.97,5842000.0
15:36,6774.55,6777.47,6774.55,6777.47,5711000.0
15:37,6773.96,6775.86,6773.91,6774.78,5562000.0
15:38,6769.75,6773.92,6769.4,6773.92,5873000.0
15:39,6771.5,6772.2,6770.22,6770.22,5537000.0
15:40,6772.23,6774.48,6770.93,6771.39,6436000.0
15:41,6769.92,6772.23,6769.92,6772.23,5607000.0
15:42,6769.73,6770.0,6769.07,6769.89,5468000.0
15:43,6767.97,6769.43,6766.76,6769.43,6643000.0
15:44,6769.36,6770.0,6767.93,6768.07,5632000.0
15:45,6771.94,6772.1,6768.31,6769.25,6227000.0
15:46,6768.98,6771.49,6768.42,6771.49,5983000.0
15:47,6769.56,6770.95,6769.05,6769.05,5739000.0
15:48,6769.09,6770.69,6768.8,6769.8,5916000.0
15:49,6768.87,6770.22,6768.59,6769.1,5982000.0
15:50,6769.51,6769.61,6767.9,6768.89,6496000.0
15:51,6769.7,6771.75,6768.37,6769.44,6839000.0
15:52,6771.84,6772.47,6768.82,6769.75,6240000.0
15:53,6770.77,6772.25,6770.64,6771.7,4779000.0
15:54,6770.36,6771.14,6770.15,6770.95,5178000.0
15:55,6774.36,6774.46,6769.95,6770.01,6760000.0
15:56,6771.3,6774.26,6770.8,6774.26,5721000.0
15:57,6770.94,6772.28,6770.53,6771.36,5665000.0
15:58,6769.82,6770.98,6769.41,6770.98,5952000.0
15:59,6772.24,6772.48,6769.67,6769.9,7132000.0
16:00,6773.44,6773.52,6771.57,6772.38,6745000.0
16:01,6772.33,6774.64,6772.33,6773.37,6967000.0
16:02,6771.99,6773.04,6771.49,6772.44,6586000.0
16:03,6771.25,6772.46,6771.17,6771.9,5465000.0
16:04,6772.39,6773.45,6771.07,6771.07,5490000.0
16:05,6775.9,6775.9,6771.99,6772.43,7027000.0
16:06,6775.34,6776.17,6774.6,6775.95,6001000.0
16:07,6774.22,6776.45,6774.18,6775.26,6472000.0
16:08,6776.87,6776.99,6774.08,6774.14,7000000.0
16:09,6775.16,6776.91,6774.99,6776.91,6617000.0
16:10,6773.75,6775.13,6773.6,6775.13,7556000.0
16:11,6775.59,6776.56,6773.91,6773.92,7131000.0
16:12,6775.95,6776.23,6774.9,6775.63,6654000.0
16:13,6778.45,6778.62,6775.22,6776.11,7127000.0
16:14,6780.05,6780.71,6778.17,6778.4,7250000.0
16:15,6782.14,6782.15,6778.86,6779.94,7496000.0
16:16,6780.8,6782.54,6780.8,6782.11,7319000.0
16:17,6779.6,6780.73,6779.25,6780.55,7772000.0
16:18,6779.06,6780.19,6778.52,6779.6,6864000.0
16:19,6779.57,6780.85,6778.92,6778.96,6324000.0
16:20,6775.09,6779.6,6774.6,6779.52,7680000.0
16:21,6774.15,6775.54,6773.36,6775.18,7160000.0
16:22,6772.88,6774.07,6772.83,6774.07,5846000.0
16:23,6775.18,6775.2,6771.65,6772.8,7334000.0
16:24,6773.34,6775.1,6773.32,6775.08,6747000.0
16:25,6774.84,6775.06,6773.41,6773.49,8654000.0
16:26,6773.72,6774.65,6773.39,6774.63,8250000.0
16:27,6776.53,6777.87,6773.8,6773.8,7917000.0
16:28,6777.56,6777.74,6776.65,6776.83,7310000.0
16:29,6780.14,6780.18,6777.59,6777.59,8594000.0
16:30,6777.88,6780.98,6776.96,6780.19,10662000.0
16:31,6774.51,6778.23,6774.28,6777.92,9285000.0
16:32,6777.07,6777.69,6774.4,6774.65,8882000.0
16:33,6776.13,6777.96,6776.0,6777.11,8057000.0
16:34,6776.24,6776.95,6775.36,6776.02,8363000.0
16:35,6778.86,6778.9,6775.78,6776.1,11377000.0
16:36,6782.35,6782.41,6778.47,6778.75,8536000.0
16:37,6780.17,6782.27,6779.88,6782.27,9345000.0
16:38,6781.66,6781.67,6779.82,6780.12,9540000.0
16:39,6778.55,6781.57,6778.55,6781.57,9261000.0
16:40,6779.9,6780.09,6778.34,6778.7,10745000.0
16:41,6782.18,6782.55,6779.9,6779.9,10679000.0
16:42,6782.19,6782.39,6780.7,6782.09,10335000.0
16:43,6783.75,6783.98,6782.08,6782.08,9904000.0
16:44,6783.61,6784.54,6783.23,6783.76,10620000.0
16:45,6785.53,6785.97,6783.54,6783.56,11913000.0
16:46,6782.82,6785.9,6781.39,6785.6,12862000.0
16:47,6781.14,6783.68,6781.01,6782.86,11404000.0
16:48,6779.66,6781.44,6779.66,6781.13,12694000.0
16:49,6775.12,6779.56,6774.88,6779.34,14245000.0
16:50,6772.58,6775.62,6771.31,6775.03,22245000.0
16:51,6770.7,6773.81,6770.57,6772.61,18986000.0
16:52,6770.4,6771.03,6769.11,6770.64,18391000.0
16:53,6773.73,6773.97,6770.32,6770.32,19103000.0
16:54,6770.44,6773.87,6769.72,6773.63,25997000.0
16:55,6768.32,6770.92,6768.32,6770.21,36851000.0
16:56,6767.32,6768.52,6766.97,6768.36,30513000.0
16:57,6769.94,6770.64,6767.71,6767.73,39597000.0
16:58,6771.38,6771.58,6769.79,6770.19,48943000.0
16:59,6772.4,6773.2,6770.79,6772.26,93037000.0
