Time,Close,High,Low,Open,Volume
09:30,547.73,549.33,547.15,547.82,56515.0
09:31,548.17,548.91,546.51,547.73,8997.0
09:32,546.34,549.0,546.21,548.71,7922.0
09:33,548.73,549.28,546.81,547.38,4113.0
09:34,549.73,550.75,548.73,548.73,11108.0
09:35,553.44,553.44,549.67,550.03,15327.0
09:36,551.23,553.44,551.04,553.44,4368.0
09:37,552.85,553.18,551.22,551.73,9272.0
09:38,553.08,553.93,552.2,552.81,11657.0
09:39,551.51,553.65,551.51,553.53,3302.0
09:40,552.48,552.97,551.72,552.02,2953.0
09:41,551.19,552.98,551.19,552.73,4218.0
09:42,552.27,552.43,551.31,552.11,5896.0
09:43,550.87,552.59,550.0,552.59,5931.0
09:44,551.08,551.58,550.37,551.2,5007.0
09:45,551.49,551.9,550.86,551.49,2186.0
09:46,552.32,553.0,551.45,551.97,4383.0
09:47,552.45,552.96,552.1,552.32,2610.0
09:48,551.14,552.48,551.14,552.48,2754.0
09:49,552.01,552.5,551.69,551.69,2701.0
09:50,551.6,552.77,551.06,551.77,2890.0
09:51,550.64,551.82,550.23,551.33,3069.0
09:52,549.24,550.9,549.24,550.53,9658.0
09:53,550.47,550.55,549.46,549.46,4937.0
09:54,551.06,551.06,550.02,550.48,2313.0
09:55,551.43,551.46,550.49,550.97,3395.0
09:56,550.83,552.29,550.83,551.57,4978.0
09:57,550.47,551.27,550.47,551.11,1282.0
09:58,550.07,550.35,549.75,550.01,5074.0
09:59,549.78,550.48,549.54,550.15,8674.0
10:00,549.64,550.3,549.45,549.78,3209.0
10:01,550.99,551.12,549.58,550.07,3619.0
10:02,550.6,551.2,550.47,551.07,2517.0
10:03,550.38,550.59,549.45,550.39,3916.0
10:04,551.03,551.29,550.46,550.48,1558.0
10:05,551.34,551.51,550.77,550.91,4483.0
10:06,551.62,551.62,550.88,550.88,3000.0
10:07,550.5,552.0,550.26,551.82,6327.0
10:08,550.34,550.57,549.38,550.54,2890.0
10:09,550.94,550.94,550.01,550.01,1861.0
10:10,550.64,551.2,550.58,550.58,1656.0
10:11,550.42,550.63,550.1,550.42,3030.0
10:12,550.45,550.79,550.36,550.36,1105.0
10:13,551.07,551.07,550.55,550.58,3818.0
10:14,550.49,550.96,550.4,550.96,1252.0
10:15,550.55,550.71,550.14,550.7,1578.0
10:16,549.64,550.64,549.64,550.25,2641.0
10:17,550.01,550.67,550.0,550.0,986.0
10:18,549.84,550.48,549.73,550.34,1662.0
10:19,549.78,549.99,549.51,549.74,2953.0
10:20,550.99,550.99,549.5,549.65,3847.0
10:21,551.18,551.18,550.77,550.92,1932.0
10:22,549.32,550.99,549.32,550.9,1556.0
10:23,550.47,550.47,549.65,549.66,979.0
10:24,550.63,550.71,549.84,550.47,1087.0
10:25,551.44,551.71,550.88,550.9,6949.0
10:26,551.49,551.92,551.35,551.67,4058.0
10:27,551.13,551.49,550.51,551.49,2434.0
10:28,550.91,551.2,550.42,550.88,3083.0
10:29,550.36,551.23,550.36,551.21,1135.0
10:30,549.79,550.86,549.77,550.22,1288.0
10:31,549.72,549.87,549.72,549.83,746.0
10:32,549.0,549.5,548.85,549.5,5367.0
10:33,547.81,549.13,547.8,549.13,3096.0
10:34,548.64,548.79,548.3,548.33,1553.0
10:35,547.74,549.15,547.74,548.88,1766.0
10:36,546.87,548.0,546.76,547.96,2778.0
10:37,546.84,547.06,546.32,547.04,3053.0
10:38,546.83,547.25,546.57,547.06,1992.0
10:39,546.95,546.95,546.41,546.57,3853.0
10:40,547.98,548.17,547.03,547.03,1867.0
10:41,546.93,548.15,546.93,547.99,3765.0
10:42,547.19,547.4,547.18,547.4,963.0
10:43,546.61,547.38,546.61,547.38,1121.0
10:44,547.4,547.4,546.51,546.61,3956.0
10:45,547.29,547.48,547.26,547.47,1426.0
10:46,547.0,547.66,547.0,547.19,1889.0
10:47,546.96,547.34,546.8,547.34,1424.0
10:48,546.46,546.96,546.1,546.96,1645.0
10:49,546.79,546.98,546.3,546.44,2113.0
10:50,546.23,546.79,546.08,546.79,7735.0
10:51,545.98,546.44,545.8,546.09,3014.0
10:52,545.96,546.17,545.76,545.82,2733.0
10:53,546.19,546.68,545.95,546.08,3312.0
10:54,546.38,546.43,545.8,546.34,1459.0
10:55,546.33,546.74,545.95,546.22,1357.0
10:56,546.49,547.24,545.82,545.82,3296.0
10:57,546.29,546.29,546.29,546.29,221.0
10:58,546.47,546.47,545.63,545.81,3938.0
10:59,545.82,546.47,545.38,546.47,2292.0
11:00,544.54,545.85,544.54,545.79,3864.0
11:01,544.87,544.91,544.31,544.57,1865.0
11:02,545.18,545.18,544.46,544.82,1642.0
11:03,545.77,545.78,545.18,545.34,1331.0
11:04,545.62,545.95,545.62,545.95,755.0
11:05,544.72,544.93,544.36,544.93,1768.0
11:06,544.44,544.82,544.44,544.72,710.0
11:07,545.37,545.54,545.07,545.07,713.0
11:08,545.53,545.69,545.53,545.69,242.0
11:09,545.49,545.74,544.89,545.14,2653.0
11:10,545.77,545.8,545.34,545.74,1327.0
11:11,545.87,546.0,545.6,545.6,1183.0
11:12,545.6,546.16,545.6,545.92,3053.0
11:13,544.86,545.57,544.55,545.57,1719.0
11:14,544.36,545.15,544.36,544.52,1614.0
11:15,544.88,544.88,544.37,544.75,1088.0
11:16,544.9,545.28,544.77,545.14,2168.0
11:17,544.66,545.14,544.6,544.92,1084.0
11:18,544.88,545.1,544.67,544.81,1587.0
11:19,545.28,545.35,544.51,544.89,590.0
11:20,545.97,545.97,545.34,545.34,1257.0
11:21,545.6,545.99,545.24,545.76,1181.0
11:22,544.72,545.6,544.62,545.6,4237.0
11:23,545.18,545.23,544.55,544.81,1445.0
11:24,545.27,545.39,545.08,545.26,732.0
11:25,545.06,545.15,544.61,545.15,1642.0
11:26,545.37,545.37,544.91,544.97,335.0
11:27,545.21,545.3,544.76,545.03,1008.0
11:28,545.61,545.77,545.18,545.18,587.0
11:29,545.21,545.61,545.21,545.61,942.0
11:30,546.3,546.36,545.27,545.27,1717.0
11:31,546.42,546.61,546.17,546.22,855.0
11:32,546.24,546.77,546.17,546.77,943.0
11:33,546.27,546.43,546.03,546.43,1754.0
11:34,546.22,546.37,546.02,546.2,1478.0
11:35,545.65,546.43,545.65,546.0,1673.0
11:36,545.66,545.66,545.43,545.43,531.0
11:37,545.82,546.12,545.43,545.65,1080.0
11:38,544.84,545.42,544.65,545.42,1501.0
11:39,544.82,544.84,544.57,544.84,3376.0
11:40,544.78,545.05,544.26,544.83,2335.0
11:41,544.61,545.37,544.61,544.62,1937.0
11:42,545.42,545.43,544.62,545.08,3356.0
11:43,545.21,545.42,545.08,545.15,1114.0
11:44,546.0,546.0,545.0,545.0,852.0
11:45,545.97,546.2,545.77,546.08,755.0
11:46,545.9,546.38,545.72,545.78,1456.0
11:47,546.5,546.75,545.99,545.99,1799.0
11:48,547.13,547.15,546.21,546.29,2601.0
11:49,547.16,547.5,546.85,547.17,2375.0
11:50,546.52,547.12,546.21,547.12,771.0
11:51,546.1,546.57,546.0,546.57,1265.0
11:52,546.55,546.65,546.1,546.46,1160.0
11:53,546.57,546.8,546.25,546.55,1293.0
11:54,546.18,546.57,545.77,546.36,1243.0
11:55,546.18,546.3,545.93,546.11,896.0
11:56,546.77,546.77,545.74,545.74,757.0
11:57,547.28,547.51,546.99,546.99,1713.0
11:58,548.38,548.38,547.32,547.32,2702.0
11:59,548.38,548.57,548.1,548.28,798.0
12:00,548.69,549.02,548.4,548.52,1280.0
12:01,548.94,549.0,548.39,548.69,1546.0
12:02,548.36,548.67,548.17,548.59,1288.0
12:03,548.7,548.7,548.02,548.02,1735.0
12:04,548.46,548.57,548.11,548.22,1674.0
12:05,548.21,548.43,548.21,548.42,1614.0
12:06,548.85,548.85,548.44,548.44,1427.0
12:07,548.71,548.77,548.46,548.7,1233.0
12:08,548.33,548.87,548.33,548.71,1276.0
12:09,548.44,548.67,548.28,548.67,469.0
12:10,547.96,548.54,547.96,548.54,952.0
12:11,547.89,547.89,547.72,547.8,453.0
12:12,547.81,548.0,547.74,547.88,1669.0
12:13,547.67,548.09,547.37,547.72,1731.0
12:14,546.79,547.7,546.79,547.7,1042.0
12:15,547.05,547.05,546.63,546.74,894.0
12:16,546.98,547.26,546.98,547.26,289.0
12:17,547.04,547.49,547.04,547.09,339.0
12:18,547.26,547.26,546.98,546.99,1542.0
12:19,547.2,547.45,547.2,547.29,1030.0
12:20,547.21,547.49,547.21,547.21,416.0
12:21,546.94,547.21,546.93,547.21,860.0
12:22,547.72,547.73,546.93,546.93,2318.0
12:23,548.11,548.45,547.77,547.88,5132.0
12:24,547.99,547.99,547.47,547.99,8441.0
12:25,547.89,547.89,547.58,547.64,886.0
12:26,547.57,547.87,547.57,547.79,921.0
12:27,547.86,547.86,547.57,547.57,664.0
12:28,548.01,548.39,547.64,548.18,1506.0
12:29,547.78,548.22,547.63,548.0,1903.0
12:30,548.29,548.29,547.77,547.96,924.0
12:31,548.35,548.36,547.78,548.11,1520.0
12:32,548.14,548.21,547.84,548.07,1290.0
12:33,547.92,548.05,547.9,548.02,1061.0
12:34,547.82,547.82,547.65,547.78,877.0
12:35,548.15,548.15,547.83,547.83,1066.0
12:36,548.4,548.4,548.4,548.4,340.0
12:37,548.14,548.7,548.14,548.7,701.0
12:38,547.97,548.42,547.96,547.96,1447.0
12:39,548.29,548.29,547.9,547.9,569.0
12:40,548.81,548.81,548.3,548.3,771.0
12:41,548.91,549.02,548.84,548.84,921.0
12:42,549.23,549.41,549.22,549.22,1067.0
12:43,549.5,549.78,549.2,549.33,4959.0
12:44,549.38,549.54,549.14,549.44,1387.0
12:45,549.66,549.66,549.2,549.43,1432.0
12:46,549.68,549.68,549.43,549.43,956.0
12:47,549.54,549.8,549.54,549.56,662.0
12:48,549.25,549.49,549.25,549.3,821.0
12:49,549.2,549.47,549.2,549.47,737.0
12:50,549.55,549.55,549.26,549.48,982.0
12:51,549.61,549.61,549.27,549.55,1405.0
12:52,549.66,549.66,549.65,549.65,419.0
12:53,549.77,549.78,549.41,549.43,1189.0
12:54,549.91,549.91,549.64,549.64,708.0
12:55,549.64,549.89,549.4,549.73,1518.0
12:56,550.0,550.0,549.62,549.62,2742.0
12:57,549.17,549.86,549.17,549.86,805.0
12:58,549.54,549.83,549.51,549.58,887.0
12:59,549.48,549.65,549.31,549.39,1248.0
13:00,549.61,549.64,549.19,549.48,3452.0
13:01,550.77,551.18,549.57,549.66,4491.0
13:02,550.87,551.0,550.77,551.0,1087.0
13:03,550.8,550.96,550.62,550.88,1069.0
13:04,551.31,551.51,550.82,550.9,1525.0
13:05,551.34,551.34,551.13,551.32,1086.0
13:06,551.36,551.48,551.25,551.27,1661.0
13:07,551.04,551.26,551.01,551.14,1806.0
13:08,551.98,552.18,551.47,551.48,3251.0
13:09,551.69,552.19,551.66,552.06,1851.0
13:10,551.78,551.87,551.69,551.87,945.0
13:11,551.26,551.76,551.1,551.57,3447.0
13:12,551.35,551.65,551.23,551.23,3333.0
13:13,551.21,551.51,551.21,551.51,890.0
13:14,551.28,551.44,551.17,551.44,2585.0
13:15,552.0,552.0,551.03,551.03,1178.0
13:16,551.32,552.1,551.32,552.1,1925.0
13:17,551.93,552.0,551.5,551.58,2094.0
13:18,552.28,552.28,551.96,552.0,848.0
13:19,552.17,552.17,551.95,552.16,1891.0
13:20,551.95,552.17,551.95,552.17,756.0
13:21,552.42,552.42,552.0,552.1,1265.0
13:22,552.37,552.63,552.07,552.42,2491.0
13:23,552.07,552.63,552.07,552.52,889.0
13:24,552.04,552.08,551.66,551.66,1165.0
13:25,552.01,552.01,551.82,551.82,507.0
13:26,551.5,551.96,551.28,551.96,3294.0
13:27,551.5,551.59,551.32,551.41,5542.0
13:28,551.4,551.56,551.25,551.56,1469.0
13:29,551.47,551.91,551.47,551.53,1373.0
13:30,551.57,551.57,551.42,551.53,646.0
13:31,551.81,551.81,551.57,551.57,1155.0
13:32,551.88,551.97,551.84,551.86,1045.0
13:33,552.38,552.63,551.87,552.05,1413.0
13:34,552.15,552.38,552.15,552.38,1010.0
13:35,552.34,552.38,552.16,552.38,572.0
13:36,553.25,553.25,552.34,552.37,5125.0
13:37,552.58,553.02,552.46,553.02,2004.0
13:38,552.78,552.78,552.4,552.58,1692.0
13:39,552.67,552.73,552.2,552.73,1014.0
13:40,552.5,552.55,552.5,552.55,278.0
13:41,552.26,552.72,552.26,552.44,1433.0
13:42,552.5,552.5,552.26,552.26,224056.0
13:43,552.09,552.41,552.09,552.31,1.0
13:44,551.68,552.1,551.66,552.1,1484.0
13:45,551.79,551.82,551.74,551.74,1285.0
13:46,551.97,551.98,551.57,551.78,1154.0
13:47,551.98,551.98,551.74,551.79,932.0
13:48,552.27,552.27,552.09,552.17,1333.0
13:49,552.31,552.5,552.2,552.2,1583.0
13:50,552.28,552.28,551.89,552.22,940.0
13:51,551.85,552.2,551.6,552.2,549.0
13:52,551.98,552.05,551.64,551.93,1844.0
13:53,552.13,552.22,551.94,551.94,773.0
13:54,553.09,553.24,552.12,552.12,7383.0
13:55,552.48,553.04,552.31,553.0,1870.0
13:56,552.61,552.68,552.23,552.68,976.0
13:57,552.47,552.53,552.25,552.52,1330.0
13:58,552.34,552.47,552.34,552.47,590.0
13:59,551.79,552.27,551.79,552.23,1631.0
14:00,552.24,552.24,551.64,551.64,1288.0
14:01,552.16,552.51,552.01,552.15,1420.0
14:02,552.16,552.41,552.16,552.41,594.0
14:03,552.67,552.97,552.34,552.34,2000.0
14:04,553.06,553.06,552.67,552.67,1170.0
14:05,552.84,552.84,552.82,552.84,732.0
14:06,553.26,553.27,552.6,552.98,1614.0
14:07,552.8,553.25,552.8,553.25,1402.0
14:08,552.96,552.96,552.6,552.6,1547.0
14:09,552.36,552.71,552.36,552.71,755.0
14:10,551.78,552.36,551.74,552.36,2615.0
14:11,552.54,552.54,551.98,552.05,1967.0
14:12,552.38,552.62,552.38,552.62,865.0
14:13,552.43,552.47,552.43,552.47,405.0
14:14,552.38,552.38,552.38,552.38,657.0
14:15,552.19,552.46,552.18,552.46,755.0
14:16,552.99,553.0,552.18,552.19,2021.0
14:17,552.77,552.99,552.75,552.99,541.0
14:18,553.08,553.08,552.87,552.9,1235.0
14:19,553.1,553.1,552.76,552.85,3291.0
14:20,552.87,553.5,552.62,553.18,2590.0
14:21,552.45,552.7,552.36,552.7,1193.0
14:22,552.19,552.5,552.18,552.37,1101.0
14:23,552.68,552.68,552.2,552.2,955.0
14:24,552.5,552.5,552.5,552.5,266.0
14:25,552.12,552.25,552.12,552.23,869.0
14:26,552.51,552.72,552.37,552.37,2607.0
14:27,552.65,552.8,552.65,552.8,637.0
14:28,553.1,553.1,552.59,552.59,4551.0
14:29,552.78,553.46,552.65,553.46,1863.0
14:30,552.68,552.83,552.68,552.83,426.0
14:31,552.67,552.83,552.48,552.75,1537.0
14:32,552.52,552.52,552.48,552.49,903.0
14:33,552.53,552.53,552.53,552.53,485.0
14:34,552.69,553.04,552.65,552.65,1605.0
14:35,552.76,552.76,552.76,552.76,99.0
14:36,552.76,552.76,552.55,552.55,405.0
14:37,552.97,552.97,552.52,552.96,779.0
14:38,552.79,552.94,552.7,552.7,961.0
14:39,552.83,553.04,552.83,552.99,530.0
14:40,553.14,553.27,553.01,553.08,2997.0
14:41,553.23,553.38,553.23,553.26,831.0
14:42,553.5,553.52,553.12,553.23,2360.0
14:43,553.89,553.89,553.49,553.65,2095.0
14:44,553.56,553.8,553.36,553.8,2266.0
14:45,553.69,553.69,553.4,553.64,852.0
14:46,553.85,553.95,553.57,553.9,2148.0
14:47,554.21,554.33,553.98,553.98,5601.0
14:48,554.44,554.62,554.2,554.28,15291.0
14:49,554.3,554.65,554.28,554.34,1684.0
14:50,554.29,554.4,554.13,554.3,2171.0
14:51,554.06,554.37,554.05,554.29,2956.0
14:52,554.27,554.4,553.91,554.4,2061.0
14:53,554.75,554.75,554.0,554.0,6849.0
14:54,555.0,555.05,554.78,554.78,6965.0
14:55,554.74,555.15,554.58,554.96,3384.0
14:56,554.73,554.8,554.59,554.74,1303.0
14:57,554.53,554.79,554.52,554.58,1197.0
14:58,554.63,554.91,554.13,554.31,3978.0
14:59,555.0,555.02,554.62,554.63,1539.0
15:00,555.83,555.88,554.73,554.73,4327.0
15:01,555.55,555.9,555.54,555.7,2462.0
15:02,555.07,555.59,554.84,555.59,2174.0
15:03,554.84,555.09,554.24,555.09,8582.0
15:04,555.25,555.25,554.71,554.71,1019.0
15:05,555.1,555.79,555.1,555.16,4721.0
15:06,555.86,556.25,555.51,555.51,3939.0
15:07,555.85,556.18,555.84,556.01,2250.0
15:08,555.9,556.1,555.7,555.93,2428.0
15:09,555.88,556.07,555.74,555.97,2588.0
15:10,556.68,556.68,555.8,555.8,3241.0
15:11,557.08,557.11,556.69,556.8,6038.0
15:12,556.76,557.09,556.48,557.09,3689.0
15:13,556.83,556.83,556.42,556.55,4707.0
15:14,556.49,556.88,556.2,556.88,2872.0
15:15,556.11,556.4,555.9,556.36,4077.0
15:16,556.31,556.69,556.27,556.33,3932.0
15:17,556.53,556.53,556.1,556.28,2997.0
15:18,556.34,556.75,556.31,556.52,3064.0
15:19,556.4,556.44,556.16,556.44,2406.0
15:20,556.45,556.57,556.3,556.44,3187.0
15:21,555.88,556.39,555.7,556.39,3075.0
15:22,556.49,556.5,555.62,555.62,3743.0
15:23,556.55,556.55,556.15,556.55,3672.0
15:24,556.97,557.5,556.51,556.59,5413.0
15:25,557.5,557.5,557.1,557.1,3928.0
15:26,558.1,558.1,557.32,557.55,4788.0
15:27,558.01,558.51,557.91,558.1,5779.0
15:28,557.55,558.39,557.55,558.13,4340.0
15:29,557.83,557.88,557.39,557.44,3494.0
15:30,557.46,557.83,557.24,557.78,5340.0
15:31,558.17,558.25,557.24,557.34,7688.0
15:32,557.21,558.0,557.21,558.0,2549.0
15:33,557.08,557.77,556.88,557.29,5405.0
15:34,557.28,557.41,556.88,557.16,2910.0
15:35,557.57,557.84,557.21,557.3,3565.0
15:36,557.88,558.02,557.55,557.87,3692.0
15:37,557.97,558.12,557.77,557.77,4528.0
15:38,557.8,558.17,557.8,557.95,7041.0
15:39,557.54,558.0,556.41,557.72,12087.0
15:40,557.72,557.85,557.5,557.54,6386.0
15:41,557.65,558.0,557.51,557.74,8312.0
15:42,558.54,558.54,557.57,557.65,7427.0
15:43,558.73,558.73,558.23,558.54,5252.0
15:44,558.35,558.74,558.15,558.54,6246.0
15:45,558.12,558.65,558.1,558.25,7191.0
15:46,558.39,558.4,557.9,558.03,4970.0
15:47,557.92,558.34,557.85,558.32,4597.0
15:48,557.68,558.38,557.6,558.04,13429.0
15:49,557.8,558.11,557.72,557.85,5220.0
15:50,557.04,557.75,556.75,557.56,10564.0
15:51,557.4,557.68,557.0,557.04,14372.0
15:52,557.82,558.2,557.67,557.68,14426.0
15:53,557.99,558.18,557.71,557.71,11928.0
15:54,558.01,558.7,557.51,558.0,16509.0
15:55,558.04,558.98,557.64,558.55,11587.0
15:56,557.81,558.27,557.8,557.97,10319.0
15:57,557.84,558.09,557.59,557.8,13662.0
15:58,557.86,557.92,557.68,557.8,18264.0
15:59,557.47,558.02,557.42,557.87,37599.0
