Time,Close,High,Low,Open,Volume
09:30,25.8,25.93,25.74,25.93,448044.0
09:31,25.92,25.93,25.8,25.8,134653.0
09:32,25.78,25.95,25.77,25.9,180403.0
09:33,25.76,25.8,25.73,25.78,144742.0
09:34,25.59,25.76,25.57,25.76,259147.0
09:35,25.58,25.62,25.53,25.57,222131.0
09:36,25.65,25.65,25.53,25.58,184095.0
09:37,25.6,25.65,25.59,25.65,88847.0
09:38,25.53,25.61,25.5,25.6,159174.0
09:39,25.5,25.52,25.46,25.52,208435.0
09:40,25.5,25.54,25.49,25.5,77680.0
09:41,25.53,25.55,25.49,25.5,54458.0
09:42,25.59,25.61,25.51,25.53,156955.0
09:43,25.57,25.59,25.54,25.58,52657.0
09:44,25.56,25.59,25.54,25.57,81233.0
09:45,25.58,25.61,25.56,25.56,68195.0
09:46,25.48,25.58,25.48,25.57,147649.0
09:47,25.55,25.58,25.45,25.48,128901.0
09:48,25.61,25.63,25.52,25.54,99320.0
09:49,25.58,25.62,25.56,25.6,73172.0
09:50,25.56,25.58,25.52,25.58,92655.0
09:51,25.55,25.58,25.54,25.56,93084.0
09:52,25.55,25.56,25.5,25.55,62262.0
09:53,25.51,25.56,25.51,25.55,36823.0
09:54,25.5,25.54,25.5,25.51,91880.0
09:55,25.51,25.53,25.47,25.51,87694.0
09:56,25.5,25.52,25.45,25.52,67691.0
09:57,25.53,25.54,25.48,25.49,124294.0
09:58,25.58,25.59,25.52,25.53,89776.0
09:59,25.55,25.58,25.54,25.58,79155.0
10:00,25.63,25.64,25.52,25.54,105567.0
10:01,25.68,25.69,25.63,25.63,63135.0
10:02,25.74,25.74,25.68,25.68,127375.0
10:03,25.74,25.77,25.73,25.74,57209.0
10:04,25.7,25.74,25.69,25.73,42547.0
10:05,25.76,25.77,25.69,25.7,143244.0
10:06,25.75,25.79,25.75,25.77,84158.0
10:07,25.81,25.81,25.74,25.75,46309.0
10:08,25.83,25.85,25.81,25.81,52271.0
10:09,25.85,25.88,25.84,25.84,68172.0
10:10,25.91,25.91,25.84,25.85,59178.0
10:11,25.9,25.91,25.89,25.91,43560.0
10:12,25.88,25.92,25.88,25.9,62972.0
10:13,25.88,25.89,25.86,25.88,35055.0
10:14,25.86,25.9,25.84,25.88,26570.0
10:15,25.83,25.88,25.82,25.87,26752.0
10:16,25.84,25.85,25.81,25.83,30943.0
10:17,25.87,25.88,25.83,25.84,62676.0
10:18,25.91,25.91,25.86,25.87,48503.0
10:19,25.89,25.91,25.88,25.91,17375.0
10:20,25.88,25.92,25.86,25.89,44575.0
10:21,25.89,25.89,25.84,25.88,32017.0
10:22,25.92,25.93,25.88,25.9,41748.0
10:23,25.89,25.92,25.88,25.91,50142.0
10:24,25.89,25.9,25.84,25.89,39927.0
10:25,25.91,25.93,25.9,25.9,48837.0
10:26,25.92,25.92,25.89,25.92,21796.0
10:27,25.9,25.92,25.9,25.92,28434.0
10:28,25.86,25.9,25.84,25.89,28665.0
10:29,25.86,25.88,25.83,25.86,53751.0
10:30,25.88,25.89,25.85,25.87,31047.0
10:31,25.85,25.9,25.85,25.89,33698.0
10:32,25.92,25.92,25.85,25.85,33094.0
10:33,25.85,25.91,25.85,25.91,43802.0
10:34,25.87,25.87,25.85,25.86,22034.0
10:35,25.88,25.88,25.83,25.86,24609.0
10:36,25.9,25.9,25.86,25.88,18675.0
10:37,25.87,25.9,25.87,25.9,23886.0
10:38,25.88,25.88,25.87,25.88,11718.0
10:39,25.85,25.88,25.84,25.87,26880.0
10:40,25.88,25.88,25.83,25.86,18573.0
10:41,25.78,25.88,25.77,25.87,83482.0
10:42,25.76,25.78,25.75,25.78,48664.0
10:43,25.72,25.75,25.72,25.75,24594.0
10:44,25.68,25.71,25.65,25.71,58262.0
10:45,25.72,25.75,25.67,25.67,141372.0
10:46,25.72,25.73,25.71,25.72,40134.0
10:47,25.72,25.73,25.7,25.73,33815.0
10:48,25.72,25.73,25.71,25.72,26472.0
10:49,25.71,25.73,25.7,25.71,43182.0
10:50,25.72,25.72,25.7,25.7,37398.0
10:51,25.72,25.76,25.72,25.72,104315.0
10:52,25.73,25.75,25.72,25.72,46376.0
10:53,25.73,25.74,25.72,25.73,20016.0
10:54,25.76,25.76,25.73,25.73,51432.0
10:55,25.76,25.78,25.75,25.76,52497.0
10:56,25.75,25.77,25.75,25.77,31740.0
10:57,25.76,25.77,25.76,25.76,42650.0
10:58,25.77,25.78,25.76,25.77,39609.0
10:59,25.78,25.8,25.77,25.77,44030.0
11:00,25.8,25.8,25.79,25.79,17634.0
11:01,25.81,25.81,25.78,25.8,46593.0
11:02,25.8,25.83,25.79,25.81,72634.0
11:03,25.79,25.81,25.79,25.81,29207.0
11:04,25.83,25.84,25.77,25.78,76792.0
11:05,25.79,25.86,25.79,25.83,49646.0
11:06,25.81,25.83,25.79,25.8,42769.0
11:07,25.82,25.87,25.8,25.8,114338.0
11:08,25.83,25.84,25.83,25.83,73244.0
11:09,25.83,25.84,25.82,25.84,16652.0
11:10,25.8,25.83,25.79,25.83,38984.0
11:11,25.82,25.83,25.8,25.81,36339.0
11:12,25.81,25.81,25.81,25.81,27670.0
11:13,25.83,25.84,25.81,25.81,50940.0
11:14,25.83,25.84,25.83,25.84,22125.0
11:15,25.83,25.84,25.82,25.83,27649.0
11:16,25.82,25.83,25.82,25.83,11062.0
11:17,25.76,25.83,25.76,25.82,49008.0
11:18,25.76,25.77,25.75,25.76,39405.0
11:19,25.77,25.78,25.75,25.76,37012.0
11:20,25.75,25.78,25.75,25.77,32121.0
11:21,25.76,25.76,25.75,25.75,22932.0
11:22,25.73,25.76,25.72,25.75,109211.0
11:23,25.72,25.74,25.72,25.74,16679.0
11:24,25.75,25.75,25.72,25.73,47283.0
11:25,25.75,25.76,25.75,25.75,24551.0
11:26,25.75,25.79,25.74,25.76,155831.0
11:27,25.75,25.76,25.74,25.75,45386.0
11:28,25.77,25.77,25.75,25.75,27265.0
11:29,25.74,25.77,25.74,25.76,24683.0
11:30,25.73,25.75,25.73,25.75,18527.0
11:31,25.74,25.75,25.74,25.74,56727.0
11:32,25.77,25.78,25.74,25.74,35555.0
11:33,25.75,25.78,25.75,25.77,43671.0
11:34,25.74,25.75,25.74,25.75,23075.0
11:35,25.75,25.75,25.72,25.74,192366.0
11:36,25.74,25.75,25.73,25.75,24933.0
11:37,25.73,25.74,25.71,25.74,29616.0
11:38,25.73,25.75,25.7,25.74,113438.0
11:39,25.73,25.74,25.72,25.74,27388.0
11:40,25.73,25.73,25.72,25.73,29717.0
11:41,25.72,25.73,25.71,25.73,19834.0
11:42,25.71,25.72,25.69,25.72,101506.0
11:43,25.73,25.76,25.69,25.72,194076.0
11:44,25.73,25.73,25.72,25.73,43904.0
11:45,25.75,25.75,25.73,25.73,45233.0
11:46,25.76,25.78,25.75,25.75,44562.0
11:47,25.73,25.77,25.73,25.76,25644.0
11:48,25.73,25.73,25.72,25.73,24575.0
11:49,25.73,25.73,25.72,25.73,9026.0
11:50,25.69,25.73,25.67,25.73,68099.0
11:51,25.67,25.7,25.67,25.69,23332.0
11:52,25.68,25.68,25.67,25.67,44619.0
11:53,25.7,25.71,25.68,25.68,24494.0
11:54,25.7,25.71,25.7,25.7,2563.0
11:55,25.69,25.72,25.68,25.7,75647.0
11:56,25.73,25.74,25.69,25.69,43828.0
11:57,25.72,25.73,25.7,25.73,18730.0
11:58,25.7,25.71,25.69,25.71,23670.0
11:59,25.72,25.73,25.7,25.7,32789.0
12:00,25.7,25.73,25.7,25.73,17046.0
12:01,25.73,25.73,25.7,25.7,36602.0
12:02,25.75,25.76,25.72,25.73,53038.0
12:03,25.74,25.75,25.74,25.75,18955.0
12:04,25.76,25.77,25.74,25.75,28803.0
12:05,25.77,25.77,25.75,25.75,19572.0
12:06,25.76,25.78,25.76,25.76,29665.0
12:07,25.79,25.8,25.76,25.76,51277.0
12:08,25.76,25.8,25.76,25.8,29879.0
12:09,25.74,25.76,25.73,25.76,15951.0
12:10,25.75,25.75,25.74,25.74,26318.0
12:11,25.75,25.76,25.74,25.75,32783.0
12:12,25.75,25.76,25.75,25.75,37262.0
12:13,25.74,25.75,25.73,25.75,35068.0
12:14,25.74,25.74,25.73,25.73,11332.0
12:15,25.73,25.74,25.73,25.74,5794.0
12:16,25.74,25.75,25.73,25.74,29855.0
12:17,25.73,25.74,25.72,25.74,25413.0
12:18,25.72,25.73,25.71,25.73,12787.0
12:19,25.69,25.71,25.69,25.71,18058.0
12:20,25.72,25.72,25.69,25.69,46896.0
12:21,25.74,25.74,25.71,25.72,13246.0
12:22,25.72,25.74,25.72,25.74,10747.0
12:23,25.73,25.73,25.72,25.72,10084.0
12:24,25.74,25.75,25.73,25.73,26130.0
12:25,25.74,25.75,25.73,25.75,14390.0
12:26,25.72,25.75,25.72,25.74,29802.0
12:27,25.71,25.73,25.71,25.72,7143.0
12:28,25.71,25.72,25.7,25.71,35148.0
12:29,25.69,25.71,25.68,25.71,40879.0
12:30,25.68,25.7,25.67,25.68,69452.0
12:31,25.68,25.7,25.68,25.68,47111.0
12:32,25.72,25.72,25.68,25.68,69781.0
12:33,25.72,25.72,25.71,25.72,5526.0
12:34,25.73,25.74,25.72,25.72,28376.0
12:35,25.73,25.74,25.73,25.73,21716.0
12:36,25.68,25.72,25.68,25.72,16220.0
12:37,25.67,25.69,25.67,25.69,32539.0
12:38,25.67,25.67,25.65,25.67,20915.0
12:39,25.68,25.68,25.66,25.67,33474.0
12:40,25.67,25.69,25.67,25.68,6763.0
12:41,25.67,25.67,25.67,25.67,9856.0
12:42,25.69,25.7,25.67,25.67,29486.0
12:43,25.7,25.7,25.69,25.7,3912.0
12:44,25.68,25.7,25.68,25.7,85103.0
12:45,25.68,25.69,25.68,25.68,9887.0
12:46,25.67,25.69,25.67,25.68,18059.0
12:47,25.66,25.68,25.66,25.67,19110.0
12:48,25.67,25.69,25.66,25.67,41470.0
12:49,25.69,25.7,25.65,25.66,89115.0
12:50,25.73,25.73,25.68,25.69,30402.0
12:51,25.75,25.75,25.73,25.73,39348.0
12:52,25.75,25.76,25.74,25.75,11087.0
12:53,25.73,25.74,25.73,25.74,21312.0
12:54,25.73,25.74,25.72,25.74,21218.0
12:55,25.72,25.73,25.71,25.73,12253.0
12:56,25.73,25.73,25.72,25.72,27940.0
12:57,25.72,25.73,25.72,25.73,10616.0
12:58,25.69,25.73,25.69,25.72,18556.0
12:59,25.71,25.72,25.69,25.69,39759.0
13:00,25.73,25.73,25.71,25.71,34361.0
13:01,25.75,25.76,25.73,25.73,26576.0
13:02,25.75,25.75,25.75,25.75,7458.0
13:03,25.75,25.76,25.74,25.75,56296.0
13:04,25.74,25.75,25.73,25.74,8786.0
13:05,25.73,25.74,25.72,25.74,35803.0
13:06,25.7,25.73,25.7,25.72,24391.0
13:07,25.71,25.71,25.7,25.7,43090.0
13:08,25.7,25.71,25.69,25.7,74135.0
13:09,25.69,25.71,25.65,25.7,207066.0
13:10,25.7,25.71,25.69,25.69,63874.0
13:11,25.69,25.71,25.68,25.69,59226.0
13:12,25.69,25.71,25.69,25.69,15272.0
13:13,25.7,25.7,25.69,25.69,67660.0
13:14,25.71,25.73,25.7,25.71,184361.0
13:15,25.71,25.75,25.7,25.7,432995.0
13:16,25.75,25.76,25.71,25.71,50574.0
13:17,25.75,25.76,25.75,25.75,18755.0
13:18,25.73,25.76,25.73,25.75,23664.0
13:19,25.73,25.73,25.72,25.73,22794.0
13:20,25.73,25.75,25.73,25.73,103723.0
13:21,25.74,25.74,25.72,25.74,57710.0
13:22,25.75,25.76,25.73,25.73,33702.0
13:23,25.77,25.78,25.76,25.76,22454.0
13:24,25.78,25.78,25.75,25.77,31289.0
13:25,25.78,25.79,25.77,25.78,30857.0
13:26,25.79,25.79,25.78,25.79,7216.0
13:27,25.79,25.79,25.78,25.78,9302.0
13:28,25.77,25.79,25.77,25.78,27726.0
13:29,25.73,25.77,25.72,25.77,55018.0
13:30,25.69,25.73,25.68,25.73,38801.0
13:31,25.72,25.72,25.69,25.69,40450.0
13:32,25.71,25.72,25.7,25.71,14740.0
13:33,25.7,25.72,25.69,25.7,48841.0
13:34,25.67,25.7,25.67,25.69,20936.0
13:35,25.68,25.69,25.67,25.67,75681.0
13:36,25.69,25.7,25.68,25.69,43847.0
13:37,25.68,25.7,25.67,25.69,22992.0
13:38,25.68,25.68,25.67,25.68,15124.0
13:39,25.68,25.69,25.68,25.68,21300.0
13:40,25.68,25.69,25.67,25.68,20117.0
13:41,25.7,25.7,25.68,25.68,40922.0
13:42,25.7,25.72,25.7,25.7,40945.0
13:43,25.68,25.7,25.68,25.7,13919.0
13:44,25.67,25.68,25.66,25.68,36922.0
13:45,25.67,25.67,25.65,25.66,67147.0
13:46,25.67,25.68,25.65,25.66,48012.0
13:47,25.68,25.68,25.67,25.68,16206.0
13:48,25.7,25.7,25.68,25.68,32636.0
13:49,25.7,25.71,25.69,25.7,17471.0
13:50,25.68,25.71,25.68,25.71,17698.0
13:51,25.67,25.69,25.67,25.68,11046.0
13:52,25.68,25.68,25.67,25.67,6994.0
13:53,25.67,25.68,25.66,25.67,28226.0
13:54,25.67,25.69,25.67,25.67,44701.0
13:55,25.66,25.68,25.65,25.68,24746.0
13:56,25.65,25.66,25.65,25.65,30070.0
13:57,25.67,25.68,25.66,25.66,43630.0
13:58,25.67,25.68,25.66,25.67,63535.0
13:59,25.65,25.67,25.65,25.66,21754.0
14:00,25.65,25.66,25.63,25.65,75761.0
14:01,25.66,25.66,25.64,25.65,72719.0
14:02,25.66,25.66,25.64,25.66,61179.0
14:03,25.64,25.66,25.64,25.66,36721.0
14:04,25.61,25.64,25.61,25.64,37455.0
14:05,25.68,25.68,25.61,25.61,54514.0
14:06,25.67,25.69,25.67,25.68,56302.0
14:07,25.67,25.69,25.67,25.67,55093.0
14:08,25.65,25.67,25.65,25.67,65215.0
14:09,25.64,25.65,25.64,25.65,38344.0
14:10,25.63,25.65,25.63,25.65,59936.0
14:11,25.64,25.64,25.61,25.64,79644.0
14:12,25.66,25.66,25.62,25.63,91500.0
14:13,25.67,25.67,25.65,25.66,98060.0
14:14,25.66,25.67,25.66,25.67,16512.0
14:15,25.65,25.66,25.64,25.66,42570.0
14:16,25.64,25.65,25.63,25.65,20684.0
14:17,25.64,25.66,25.62,25.64,97421.0
14:18,25.63,25.64,25.62,25.64,28069.0
14:19,25.64,25.64,25.63,25.64,36857.0
14:20,25.65,25.66,25.63,25.64,52951.0
14:21,25.66,25.66,25.65,25.65,49172.0
14:22,25.67,25.68,25.65,25.66,36833.0
14:23,25.68,25.68,25.67,25.67,20162.0
14:24,25.68,25.68,25.67,25.67,15499.0
14:25,25.67,25.68,25.67,25.67,32736.0
14:26,25.66,25.68,25.66,25.67,34674.0
14:27,25.61,25.66,25.61,25.66,44112.0
14:28,25.58,25.61,25.57,25.61,62538.0
14:29,25.59,25.6,25.57,25.58,131536.0
14:30,25.62,25.64,25.59,25.59,86360.0
14:31,25.62,25.63,25.62,25.62,17016.0
14:32,25.64,25.64,25.62,25.62,19322.0
14:33,25.61,25.64,25.61,25.64,28162.0
14:34,25.61,25.61,25.61,25.61,12123.0
14:35,25.61,25.62,25.59,25.61,56193.0
14:36,25.67,25.67,25.61,25.61,81399.0
14:37,25.67,25.67,25.65,25.67,40018.0
14:38,25.66,25.67,25.65,25.67,23914.0
14:39,25.66,25.66,25.65,25.65,16745.0
14:40,25.66,25.66,25.65,25.65,15923.0
14:41,25.67,25.67,25.65,25.66,43157.0
14:42,25.67,25.68,25.66,25.67,18582.0
14:43,25.66,25.66,25.65,25.66,14112.0
14:44,25.66,25.66,25.65,25.66,20509.0
14:45,25.67,25.67,25.65,25.66,31019.0
14:46,25.67,25.67,25.67,25.67,4167.0
14:47,25.61,25.67,25.61,25.67,44793.0
14:48,25.59,25.62,25.59,25.62,23717.0
14:49,25.59,25.6,25.59,25.59,10610.0
14:50,25.6,25.62,25.58,25.59,57470.0
14:51,25.59,25.61,25.59,25.6,13961.0
14:52,25.61,25.61,25.59,25.59,22238.0
14:53,25.61,25.62,25.61,25.61,10574.0
14:54,25.62,25.63,25.61,25.62,25027.0
14:55,25.61,25.63,25.61,25.62,26294.0
14:56,25.61,25.62,25.61,25.61,10702.0
14:57,25.62,25.63,25.61,25.61,16405.0
14:58,25.62,25.64,25.62,25.62,45845.0
14:59,25.61,25.63,25.6,25.63,41556.0
15:00,25.62,25.63,25.6,25.61,40134.0
15:01,25.65,25.65,25.62,25.62,34699.0
15:02,25.65,25.66,25.64,25.65,29804.0
15:03,25.64,25.65,25.64,25.65,11348.0
15:04,25.62,25.65,25.62,25.65,24932.0
15:05,25.62,25.63,25.61,25.63,36576.0
15:06,25.63,25.63,25.62,25.62,28107.0
15:07,25.62,25.63,25.62,25.62,8369.0
15:08,25.64,25.64,25.61,25.62,51238.0
15:09,25.64,25.65,25.63,25.64,20215.0
15:10,25.66,25.66,25.65,25.65,20288.0
15:11,25.65,25.68,25.65,25.66,56479.0
15:12,25.66,25.66,25.65,25.66,11148.0
15:13,25.67,25.68,25.66,25.66,34970.0
15:14,25.68,25.68,25.66,25.67,33665.0
15:15,25.67,25.69,25.67,25.67,769673.0
15:16,25.67,25.67,25.66,25.66,12224.0
15:17,25.66,25.68,25.66,25.66,41693.0
15:18,25.64,25.67,25.64,25.66,27459.0
15:19,25.64,25.66,25.64,25.64,38998.0
15:20,25.65,25.65,25.64,25.65,14692.0
15:21,25.65,25.66,25.64,25.65,45385.0
15:22,25.65,25.66,25.64,25.65,31657.0
15:23,25.65,25.66,25.64,25.65,52609.0
15:24,25.64,25.66,25.64,25.65,25911.0
15:25,25.65,25.65,25.63,25.63,24053.0
15:26,25.66,25.66,25.65,25.65,26092.0
15:27,25.65,25.66,25.64,25.66,29546.0
15:28,25.62,25.65,25.62,25.65,38131.0
15:29,25.64,25.64,25.62,25.62,29433.0
15:30,25.62,25.64,25.62,25.64,45776.0
15:31,25.6,25.63,25.6,25.62,49239.0
15:32,25.61,25.62,25.6,25.6,55793.0
15:33,25.62,25.62,25.6,25.61,55367.0
15:34,25.63,25.63,25.61,25.61,53073.0
15:35,25.64,25.64,25.62,25.62,46697.0
15:36,25.62,25.64,25.62,25.64,60133.0
15:37,25.65,25.65,25.62,25.62,46482.0
15:38,25.64,25.65,25.64,25.65,44153.0
15:39,25.64,25.64,25.63,25.64,33265.0
15:40,25.62,25.64,25.61,25.64,73160.0
15:41,25.62,25.63,25.61,25.62,69228.0
15:42,25.62,25.63,25.62,25.62,56367.0
15:43,25.62,25.63,25.62,25.62,22745.0
15:44,25.58,25.63,25.58,25.62,98551.0
15:45,25.62,25.64,25.58,25.58,134626.0
15:46,25.63,25.63,25.61,25.62,50653.0
15:47,25.61,25.62,25.61,25.62,41076.0
15:48,25.58,25.62,25.57,25.61,94048.0
15:49,25.58,25.58,25.56,25.58,77541.0
15:50,25.56,25.6,25.55,25.57,185050.0
15:51,25.55,25.58,25.54,25.56,163116.0
15:52,25.55,25.56,25.54,25.55,141747.0
15:53,25.51,25.55,25.5,25.54,218325.0
15:54,25.51,25.52,25.49,25.51,291458.0
15:55,25.5,25.51,25.48,25.5,333269.0
15:56,25.48,25.5,25.48,25.5,162674.0
15:57,25.48,25.5,25.48,25.49,327426.0
15:58,25.47,25.5,25.46,25.48,595826.0
15:59,25.43,25.5,25.43,25.47,886339.0
