Time,Close,High,Low,Open,Volume
09:30,28.73,28.96,28.7,28.81,292905.0
09:31,28.65,28.8,28.61,28.7,77271.0
09:32,28.73,28.74,28.61,28.65,52823.0
09:33,28.67,28.74,28.65,28.71,47828.0
09:34,28.65,28.7,28.63,28.66,40402.0
09:35,28.64,28.67,28.61,28.65,41936.0
09:36,28.65,28.7,28.56,28.64,98997.0
09:37,28.68,28.7,28.64,28.66,23731.0
09:38,28.65,28.73,28.63,28.67,30231.0
09:39,28.67,28.69,28.65,28.66,19380.0
09:40,28.58,28.72,28.56,28.67,57941.0
09:41,28.64,28.64,28.59,28.59,33810.0
09:42,28.64,28.67,28.62,28.64,31059.0
09:43,28.69,28.75,28.63,28.64,81854.0
09:44,28.68,28.72,28.67,28.69,27789.0
09:45,28.57,28.67,28.56,28.67,55381.0
09:46,28.58,28.59,28.52,28.56,46794.0
09:47,28.6,28.6,28.57,28.58,53515.0
09:48,28.62,28.64,28.6,28.61,28587.0
09:49,28.62,28.65,28.6,28.62,41936.0
09:50,28.53,28.62,28.51,28.62,36422.0
09:51,28.58,28.58,28.51,28.53,46800.0
09:52,28.53,28.58,28.53,28.58,19623.0
09:53,28.55,28.59,28.53,28.53,40633.0
09:54,28.53,28.57,28.49,28.55,90196.0
09:55,28.51,28.54,28.49,28.53,30231.0
09:56,28.53,28.53,28.5,28.51,44389.0
09:57,28.52,28.54,28.51,28.53,26212.0
09:58,28.53,28.55,28.5,28.53,43544.0
09:59,28.51,28.54,28.5,28.53,28307.0
10:00,28.49,28.55,28.48,28.51,59636.0
10:01,28.47,28.51,28.45,28.49,54614.0
10:02,28.49,28.5,28.45,28.47,40539.0
10:03,28.43,28.49,28.42,28.49,42791.0
10:04,28.38,28.43,28.36,28.43,69062.0
10:05,28.33,28.42,28.33,28.39,68151.0
10:06,28.32,28.34,28.32,28.33,70175.0
10:07,28.3,28.32,28.3,28.31,73636.0
10:08,28.33,28.34,28.27,28.3,109488.0
10:09,28.26,28.33,28.25,28.33,136112.0
10:10,28.23,28.27,28.22,28.25,32293.0
10:11,28.18,28.24,28.16,28.23,109027.0
10:12,28.16,28.18,28.13,28.18,127787.0
10:13,28.17,28.2,28.16,28.17,74140.0
10:14,28.17,28.2,28.16,28.17,45070.0
10:15,28.16,28.18,28.15,28.17,51866.0
10:16,28.17,28.19,28.15,28.15,77956.0
10:17,28.17,28.17,28.15,28.17,65323.0
10:18,28.16,28.17,28.15,28.17,65139.0
10:19,28.17,28.18,28.15,28.16,76549.0
10:20,28.2,28.21,28.16,28.17,103195.0
10:21,28.28,28.28,28.19,28.19,76607.0
10:22,28.27,28.28,28.24,28.27,52701.0
10:23,28.24,28.28,28.24,28.27,69078.0
10:24,28.21,28.24,28.18,28.24,73101.0
10:25,28.22,28.22,28.19,28.2,56537.0
10:26,28.24,28.25,28.2,28.22,55859.0
10:27,28.23,28.24,28.22,28.23,40234.0
10:28,28.21,28.25,28.21,28.23,46923.0
10:29,28.27,28.28,28.22,28.22,56860.0
10:30,28.25,28.27,28.22,28.27,40701.0
10:31,28.2,28.25,28.2,28.25,50200.0
10:32,28.23,28.25,28.19,28.21,43909.0
10:33,28.25,28.28,28.23,28.23,113567.0
10:34,28.25,28.26,28.24,28.25,56539.0
10:35,28.31,28.32,28.25,28.25,68261.0
10:36,28.27,28.31,28.27,28.31,86987.0
10:37,28.3,28.31,28.26,28.27,40257.0
10:38,28.33,28.34,28.28,28.3,87847.0
10:39,28.37,28.38,28.32,28.33,103435.0
10:40,28.38,28.4,28.36,28.37,99470.0
10:41,28.36,28.42,28.35,28.39,71466.0
10:42,28.35,28.38,28.33,28.37,61574.0
10:43,28.36,28.39,28.35,28.35,41692.0
10:44,28.39,28.42,28.36,28.36,44608.0
10:45,28.37,28.41,28.37,28.39,34572.0
10:46,28.35,28.39,28.35,28.36,33049.0
10:47,28.34,28.35,28.31,28.35,64699.0
10:48,28.38,28.39,28.34,28.34,29519.0
10:49,28.37,28.4,28.37,28.38,26321.0
10:50,28.38,28.39,28.36,28.36,33747.0
10:51,28.38,28.39,28.36,28.38,23856.0
10:52,28.38,28.38,28.35,28.38,28170.0
10:53,28.37,28.4,28.36,28.38,13831.0
10:54,28.38,28.39,28.37,28.37,28187.0
10:55,28.41,28.41,28.38,28.38,20927.0
10:56,28.45,28.45,28.41,28.42,49116.0
10:57,28.48,28.48,28.44,28.45,63687.0
10:58,28.48,28.5,28.47,28.48,38585.0
10:59,28.5,28.5,28.47,28.48,70568.0
11:00,28.5,28.5,28.49,28.49,22486.0
11:01,28.5,28.53,28.5,28.5,31401.0
11:02,28.5,28.51,28.48,28.51,59464.0
11:03,28.52,28.53,28.49,28.5,42009.0
11:04,28.52,28.53,28.5,28.53,49957.0
11:05,28.51,28.52,28.5,28.51,24046.0
11:06,28.45,28.51,28.45,28.51,49176.0
11:07,28.44,28.49,28.44,28.45,29706.0
11:08,28.5,28.5,28.43,28.44,75499.0
11:09,28.52,28.53,28.5,28.5,30951.0
11:10,28.52,28.53,28.5,28.52,32048.0
11:11,28.55,28.55,28.52,28.53,34054.0
11:12,28.53,28.55,28.51,28.55,47048.0
11:13,28.5,28.53,28.5,28.52,31377.0
11:14,28.54,28.55,28.51,28.51,34791.0
11:15,28.52,28.55,28.51,28.55,76581.0
11:16,28.5,28.52,28.48,28.52,23442.0
11:17,28.5,28.51,28.49,28.5,37183.0
11:18,28.51,28.53,28.5,28.5,37562.0
11:19,28.53,28.55,28.5,28.51,53033.0
11:20,28.53,28.54,28.5,28.51,74489.0
11:21,28.52,28.54,28.5,28.51,95945.0
11:22,28.52,28.54,28.5,28.51,117400.0
11:23,28.52,28.54,28.5,28.51,138856.0
11:24,28.51,28.54,28.5,28.51,160312.0
11:25,28.45,28.5,28.45,28.5,12687.0
11:26,28.48,28.48,28.44,28.45,59651.0
11:27,28.49,28.5,28.48,28.48,41102.0
11:28,28.5,28.5,28.49,28.49,24704.0
11:29,28.51,28.52,28.5,28.5,60662.0
11:30,28.53,28.53,28.51,28.51,26492.0
11:31,28.53,28.54,28.52,28.53,28202.0
11:32,28.53,28.56,28.52,28.53,58724.0
11:33,28.55,28.55,28.51,28.53,33628.0
11:34,28.57,28.57,28.54,28.55,43728.0
11:35,28.5,28.56,28.5,28.56,65699.0
11:36,28.52,28.52,28.49,28.5,37671.0
11:37,28.53,28.55,28.52,28.52,31168.0
11:38,28.55,28.55,28.53,28.54,31364.0
11:39,28.53,28.55,28.53,28.55,14049.0
11:40,28.49,28.54,28.48,28.53,48480.0
11:41,28.48,28.49,28.47,28.49,44814.0
11:42,28.47,28.48,28.47,28.48,48420.0
11:43,28.49,28.49,28.47,28.47,56998.0
11:44,28.47,28.49,28.47,28.49,31063.0
11:45,28.49,28.49,28.47,28.47,44071.0
11:46,28.51,28.53,28.48,28.49,31638.0
11:47,28.5,28.52,28.5,28.51,25677.0
11:48,28.5,28.51,28.49,28.5,32554.0
11:49,28.5,28.52,28.5,28.5,29345.0
11:50,28.46,28.5,28.46,28.5,34822.0
11:51,28.47,28.47,28.45,28.46,30025.0
11:52,28.45,28.47,28.45,28.47,10518.0
11:53,28.46,28.46,28.44,28.45,15635.0
11:54,28.48,28.48,28.45,28.45,11367.0
11:55,28.48,28.48,28.47,28.48,11685.0
11:56,28.49,28.49,28.48,28.48,24980.0
11:57,28.5,28.5,28.49,28.49,57175.0
11:58,28.5,28.51,28.49,28.5,28458.0
11:59,28.48,28.5,28.48,28.49,38796.0
12:00,28.45,28.49,28.45,28.48,12347.0
12:01,28.44,28.46,28.43,28.45,22192.0
12:02,28.45,28.46,28.44,28.44,9089.0
12:03,28.48,28.48,28.46,28.46,19008.0
12:04,28.5,28.5,28.47,28.48,64977.0
12:05,28.48,28.5,28.48,28.5,36924.0
12:06,28.49,28.49,28.48,28.48,46372.0
12:07,28.52,28.52,28.49,28.49,37013.0
12:08,28.51,28.53,28.5,28.52,57409.0
12:09,28.5,28.52,28.5,28.51,34463.0
12:10,28.51,28.52,28.5,28.5,34489.0
12:11,28.52,28.52,28.5,28.51,49332.0
12:12,28.52,28.53,28.51,28.52,36045.0
12:13,28.51,28.53,28.51,28.52,35096.0
12:14,28.51,28.53,28.5,28.52,24955.0
12:15,28.56,28.56,28.51,28.51,33466.0
12:16,28.55,28.56,28.53,28.55,31101.0
12:17,28.52,28.55,28.52,28.55,26934.0
12:18,28.53,28.54,28.53,28.53,38642.0
12:19,28.52,28.54,28.51,28.53,19612.0
12:20,28.53,28.54,28.52,28.52,54700.0
12:21,28.52,28.55,28.52,28.54,40753.0
12:22,28.51,28.53,28.51,28.53,11058.0
12:23,28.5,28.51,28.5,28.51,41348.0
12:24,28.5,28.51,28.49,28.5,101862.0
12:25,28.48,28.5,28.46,28.5,143622.0
12:26,28.51,28.51,28.45,28.48,78393.0
12:27,28.55,28.57,28.49,28.51,445109.0
12:28,28.55,28.56,28.54,28.55,31772.0
12:29,28.55,28.56,28.54,28.54,29440.0
12:30,28.58,28.59,28.5,28.55,62008.0
12:31,28.62,28.62,28.59,28.59,22409.0
12:32,28.64,28.65,28.61,28.62,46505.0
12:33,28.66,28.67,28.63,28.65,40008.0
12:34,28.65,28.67,28.64,28.66,40882.0
12:35,28.61,28.65,28.6,28.65,30480.0
12:36,28.62,28.64,28.6,28.6,36783.0
12:37,28.63,28.64,28.62,28.63,28582.0
12:38,28.64,28.64,28.62,28.64,34185.0
12:39,28.6,28.64,28.6,28.63,22539.0
12:40,28.64,28.64,28.6,28.6,20862.0
12:41,28.64,28.64,28.63,28.64,18737.0
12:42,28.64,28.67,28.64,28.64,45736.0
12:43,28.65,28.65,28.63,28.64,14644.0
12:44,28.65,28.66,28.62,28.64,39060.0
12:45,28.65,28.66,28.64,28.65,20380.0
12:46,28.66,28.66,28.64,28.64,24087.0
12:47,28.69,28.69,28.65,28.65,96804.0
12:48,28.69,28.72,28.69,28.7,62832.0
12:49,28.75,28.76,28.69,28.7,95400.0
12:50,28.74,28.75,28.73,28.74,31949.0
12:51,28.74,28.76,28.74,28.74,48272.0
12:52,28.75,28.75,28.73,28.75,28731.0
12:53,28.77,28.79,28.75,28.76,92285.0
12:54,28.75,28.78,28.75,28.77,24852.0
12:55,28.75,28.76,28.73,28.76,36051.0
12:56,28.73,28.76,28.72,28.75,58990.0
12:57,28.72,28.73,28.72,28.73,15364.0
12:58,28.74,28.74,28.72,28.72,41413.0
12:59,28.73,28.74,28.71,28.74,52188.0
13:00,28.74,28.76,28.74,28.74,48795.0
13:01,28.73,28.75,28.72,28.74,22694.0
13:02,28.75,28.75,28.72,28.73,43931.0
13:03,28.7,28.74,28.7,28.74,62706.0
13:04,28.68,28.71,28.68,28.7,47430.0
13:05,28.69,28.7,28.67,28.68,43822.0
13:06,28.66,28.69,28.65,28.69,34354.0
13:07,28.64,28.66,28.61,28.66,31212.0
13:08,28.64,28.64,28.63,28.63,14850.0
13:09,28.65,28.65,28.63,28.64,18296.0
13:10,28.61,28.66,28.61,28.65,21280.0
13:11,28.61,28.62,28.6,28.61,8179.0
13:12,28.61,28.62,28.6,28.61,17724.0
13:13,28.59,28.62,28.59,28.62,31738.0
13:14,28.59,28.61,28.59,28.59,47523.0
13:15,28.6,28.6,28.58,28.59,31719.0
13:16,28.61,28.64,28.6,28.6,22090.0
13:17,28.62,28.62,28.6,28.61,10798.0
13:18,28.62,28.62,28.6,28.61,23318.0
13:19,28.61,28.62,28.61,28.61,20022.0
13:20,28.59,28.61,28.58,28.61,29077.0
13:21,28.59,28.61,28.59,28.59,14548.0
13:22,28.6,28.61,28.59,28.59,22052.0
13:23,28.62,28.62,28.6,28.6,11130.0
13:24,28.61,28.63,28.6,28.61,47818.0
13:25,28.6,28.62,28.6,28.62,19627.0
13:26,28.64,28.64,28.6,28.6,23329.0
13:27,28.62,28.64,28.61,28.64,40405.0
13:28,28.65,28.66,28.62,28.62,53657.0
13:29,28.64,28.65,28.62,28.64,111701.0
13:30,28.67,28.67,28.64,28.64,34292.0
13:31,28.67,28.69,28.67,28.67,33753.0
13:32,28.73,28.73,28.68,28.68,18577.0
13:33,28.75,28.76,28.72,28.73,92236.0
13:34,28.78,28.81,28.71,28.76,122865.0
13:35,28.74,28.79,28.74,28.78,35241.0
13:36,28.78,28.78,28.74,28.75,29170.0
13:37,28.8,28.81,28.77,28.77,75055.0
13:38,28.81,28.82,28.8,28.8,37570.0
13:39,28.81,28.81,28.79,28.81,30413.0
13:40,28.83,28.83,28.8,28.8,37633.0
13:41,28.83,28.84,28.82,28.83,28706.0
13:42,28.79,28.84,28.79,28.83,49516.0
13:43,28.81,28.82,28.79,28.8,171046.0
13:44,28.78,28.82,28.78,28.81,46129.0
13:45,28.77,28.8,28.77,28.79,26744.0
13:46,28.75,28.76,28.75,28.76,14332.0
13:47,28.72,28.76,28.72,28.76,19824.0
13:48,28.74,28.74,28.72,28.73,25356.0
13:49,28.71,28.74,28.71,28.74,16083.0
13:50,28.7,28.71,28.69,28.71,28278.0
13:51,28.7,28.73,28.7,28.7,19331.0
13:52,28.73,28.73,28.69,28.7,31043.0
13:53,28.72,28.74,28.72,28.73,21824.0
13:54,28.71,28.73,28.7,28.72,40772.0
13:55,28.68,28.71,28.68,28.7,10412.0
13:56,28.72,28.72,28.67,28.68,25449.0
13:57,28.7,28.72,28.7,28.72,17348.0
13:58,28.67,28.7,28.66,28.7,43785.0
13:59,28.66,28.67,28.66,28.66,19069.0
14:00,28.67,28.69,28.67,28.67,30241.0
14:01,28.69,28.7,28.66,28.67,102319.0
14:02,28.68,28.7,28.68,28.69,17254.0
14:03,28.72,28.72,28.68,28.68,23053.0
14:04,28.75,28.75,28.69,28.71,71225.0
14:05,28.72,28.75,28.7,28.75,46999.0
14:06,28.74,28.74,28.72,28.72,24366.0
14:07,28.74,28.75,28.73,28.74,31122.0
14:08,28.75,28.75,28.74,28.75,30847.0
14:09,28.77,28.78,28.74,28.74,27248.0
14:10,28.76,28.78,28.76,28.77,17213.0
14:11,28.76,28.77,28.75,28.76,16361.0
14:12,28.75,28.77,28.74,28.76,26850.0
14:13,28.75,28.76,28.74,28.75,26096.0
14:14,28.71,28.75,28.71,28.75,37540.0
14:15,28.76,28.77,28.72,28.72,35232.0
14:16,28.75,28.76,28.75,28.76,20482.0
14:17,28.75,28.76,28.74,28.75,60615.0
14:18,28.76,28.77,28.75,28.75,12290.0
14:19,28.77,28.79,28.76,28.76,21180.0
14:20,28.76,28.79,28.76,28.77,16801.0
14:21,28.76,28.77,28.75,28.76,20802.0
14:22,28.76,28.77,28.76,28.76,15556.0
14:23,28.76,28.78,28.76,28.77,27654.0
14:24,28.76,28.78,28.76,28.77,14989.0
14:25,28.8,28.8,28.74,28.75,20918.0
14:26,28.79,28.8,28.78,28.79,16764.0
14:27,28.82,28.82,28.79,28.79,25944.0
14:28,28.82,28.83,28.81,28.82,37775.0
14:29,28.82,28.83,28.81,28.81,23432.0
14:30,28.86,28.87,28.83,28.83,39518.0
14:31,28.85,28.86,28.83,28.86,104612.0
14:32,28.83,28.85,28.82,28.85,31029.0
14:33,28.82,28.83,28.81,28.82,44853.0
14:34,28.83,28.84,28.82,28.82,18458.0
14:35,28.84,28.85,28.83,28.83,17253.0
14:36,28.85,28.85,28.83,28.84,16885.0
14:37,28.85,28.86,28.84,28.85,22536.0
14:38,28.83,28.84,28.83,28.84,15807.0
14:39,28.83,28.84,28.83,28.83,35460.0
14:40,28.83,28.83,28.82,28.83,32102.0
14:41,28.83,28.83,28.82,28.83,13629.0
14:42,28.82,28.84,28.82,28.83,28287.0
14:43,28.83,28.83,28.83,28.83,9356.0
14:44,28.86,28.86,28.82,28.83,46705.0
14:45,28.86,28.89,28.86,28.86,73080.0
14:46,28.85,28.86,28.85,28.86,25875.0
14:47,28.87,28.87,28.85,28.85,17085.0
14:48,28.88,28.88,28.86,28.87,47389.0
14:49,28.84,28.88,28.84,28.88,43290.0
14:50,28.82,28.86,28.82,28.85,46247.0
14:51,28.82,28.83,28.81,28.82,22452.0
14:52,28.83,28.83,28.81,28.82,66512.0
14:53,28.82,28.84,28.82,28.83,28669.0
14:54,28.83,28.84,28.82,28.83,34833.0
14:55,28.83,28.83,28.82,28.83,30123.0
14:56,28.83,28.85,28.83,28.83,71282.0
14:57,28.84,28.85,28.83,28.83,33465.0
14:58,28.83,28.85,28.83,28.84,35686.0
14:59,28.83,28.83,28.82,28.83,44646.0
15:00,28.83,28.84,28.82,28.83,42465.0
15:01,28.83,28.83,28.82,28.83,43125.0
15:02,28.84,28.84,28.83,28.83,39006.0
15:03,28.83,28.85,28.83,28.83,68788.0
15:04,28.83,28.84,28.83,28.83,51909.0
15:05,28.82,28.84,28.81,28.83,99377.0
15:06,28.76,28.82,28.76,28.81,80909.0
15:07,28.75,28.76,28.74,28.76,43046.0
15:08,28.74,28.75,28.73,28.75,70322.0
15:09,28.73,28.75,28.73,28.74,53606.0
15:10,28.7,28.73,28.7,28.73,38132.0
15:11,28.73,28.73,28.7,28.7,63606.0
15:12,28.73,28.74,28.7,28.72,62438.0
15:13,28.73,28.74,28.72,28.73,60438.0
15:14,28.75,28.76,28.73,28.74,66289.0
15:15,28.74,28.77,28.74,28.75,81374.0
15:16,28.75,28.75,28.74,28.74,54211.0
15:17,28.76,28.79,28.76,28.76,53107.0
15:18,28.77,28.78,28.76,28.76,44452.0
15:19,28.79,28.79,28.77,28.77,59518.0
15:20,28.77,28.79,28.77,28.79,70124.0
15:21,28.75,28.78,28.75,28.77,36461.0
15:22,28.75,28.76,28.74,28.75,19151.0
15:23,28.74,28.77,28.74,28.75,120414.0
15:24,28.76,28.76,28.74,28.75,53986.0
15:25,28.74,28.76,28.73,28.75,67700.0
15:26,28.72,28.74,28.72,28.73,46126.0
15:27,28.78,28.78,28.71,28.72,102431.0
15:28,28.77,28.78,28.76,28.77,89971.0
15:29,28.77,28.78,28.76,28.76,65829.0
15:30,28.8,28.81,28.76,28.77,101170.0
15:31,28.8,28.8,28.79,28.8,55020.0
15:32,28.79,28.8,28.77,28.8,47194.0
15:33,28.76,28.79,28.76,28.78,97181.0
15:34,28.78,28.79,28.76,28.76,60797.0
15:35,28.8,28.8,28.78,28.79,57585.0
15:36,28.82,28.82,28.79,28.8,104664.0
15:37,28.8,28.82,28.78,28.81,113434.0
15:38,28.78,28.8,28.77,28.8,60487.0
15:39,28.76,28.79,28.74,28.78,107033.0
15:40,28.74,28.76,28.74,28.75,80869.0
15:41,28.72,28.74,28.72,28.74,43868.0
15:42,28.72,28.72,28.7,28.72,42986.0
15:43,28.72,28.72,28.7,28.72,44569.0
15:44,28.72,28.72,28.7,28.72,77554.0
15:45,28.73,28.73,28.7,28.71,63695.0
15:46,28.68,28.73,28.68,28.73,97865.0
15:47,28.67,28.69,28.66,28.69,75888.0
15:48,28.66,28.67,28.64,28.67,100815.0
15:49,28.66,28.66,28.65,28.66,61786.0
15:50,28.67,28.69,28.65,28.65,97418.0
15:51,28.68,28.7,28.66,28.67,92378.0
15:52,28.69,28.7,28.68,28.68,65477.0
15:53,28.7,28.71,28.69,28.69,75067.0
15:54,28.72,28.72,28.69,28.71,105662.0
15:55,28.73,28.74,28.71,28.71,89435.0
15:56,28.72,28.73,28.69,28.73,134379.0
15:57,28.68,28.72,28.67,28.71,127971.0
15:58,28.69,28.7,28.66,28.68,253468.0
15:59,28.71,28.72,28.68,28.69,326705.0
