Time,Close,High,Low,Open,Volume
09:30,245.03,246.37,244.61,245.64,64675.0
09:31,242.53,244.83,242.06,244.51,22608.0
09:32,243.45,245.0,242.5,242.6,12367.0
09:33,242.76,244.0,241.86,242.53,9311.0
09:34,243.04,243.6,242.12,242.75,8256.0
09:35,242.71,243.31,242.55,242.55,4415.0
09:36,242.08,243.31,242.04,243.0,14060.0
09:37,242.77,242.77,241.98,242.09,4464.0
09:38,241.37,242.51,241.25,242.51,11785.0
09:39,240.51,241.63,240.44,241.32,20947.0
09:40,240.94,240.94,239.45,240.48,43176.0
09:41,240.72,241.04,240.61,240.94,19618.0
09:42,240.7,241.85,240.7,241.2,13032.0
09:43,240.26,240.93,240.17,240.93,11431.0
09:44,240.07,241.09,240.07,240.25,27713.0
09:45,239.6,240.65,239.45,240.45,27313.0
09:46,237.94,239.43,237.52,239.43,31868.0
09:47,237.94,238.57,237.65,237.91,42072.0
09:48,239.03,239.42,237.88,237.88,17022.0
09:49,238.7,239.03,238.17,239.03,11711.0
09:50,238.16,239.54,238.16,238.84,30242.0
09:51,237.78,238.54,237.26,238.31,32600.0
09:52,238.01,238.37,237.01,237.71,23611.0
09:53,238.62,238.62,237.69,238.32,20626.0
09:54,239.26,239.9,238.48,238.48,21710.0
09:55,238.92,239.34,238.6,239.34,7024.0
09:56,237.58,239.19,237.12,239.19,32772.0
09:57,238.28,238.55,237.75,237.77,14475.0
09:58,238.03,238.13,237.6,238.13,8169.0
09:59,237.32,238.07,237.02,237.91,15271.0
10:00,237.79,238.92,237.32,237.32,38186.0
10:01,236.36,237.76,236.1,237.76,17737.0
10:02,235.53,236.46,235.21,236.33,47354.0
10:03,235.25,235.7,234.0,235.54,71366.0
10:04,235.07,235.25,234.36,235.1,20168.0
10:05,235.52,235.73,234.78,234.78,26214.0
10:06,235.97,236.26,234.84,235.52,25739.0
10:07,235.0,235.68,234.97,235.6,46084.0
10:08,234.74,235.21,234.25,235.17,15013.0
10:09,235.03,235.18,234.13,234.74,19271.0
10:10,234.42,234.83,233.94,234.82,33060.0
10:11,235.04,235.08,234.18,234.47,20830.0
10:12,235.13,235.68,234.71,234.96,20038.0
10:13,234.73,235.38,234.19,235.1,13849.0
10:14,234.99,235.12,234.42,234.72,18602.0
10:15,234.74,234.9,234.29,234.88,13814.0
10:16,234.0,234.73,233.93,234.73,27149.0
10:17,233.52,233.71,232.6,233.71,28452.0
10:18,233.92,234.09,233.28,233.5,47097.0
10:19,234.35,234.6,233.82,233.91,27911.0
10:20,232.86,234.38,232.51,234.2,19706.0
10:21,231.88,232.97,231.72,232.97,27658.0
10:22,233.24,233.59,231.58,231.79,56159.0
10:23,234.24,234.41,233.1,233.25,21648.0
10:24,234.47,234.48,232.98,234.04,15863.0
10:25,234.54,235.11,234.36,234.41,14167.0
10:26,234.01,234.62,233.37,234.54,14622.0
10:27,232.9,233.87,232.63,233.87,14648.0
10:28,232.65,233.13,232.23,232.88,13693.0
10:29,231.99,232.68,231.73,232.6,8197.0
10:30,231.83,232.27,231.34,231.77,14423.0
10:31,232.04,232.39,231.47,231.7,18203.0
10:32,232.45,232.75,231.54,232.38,17420.0
10:33,231.74,232.7,231.33,232.15,32559.0
10:34,231.43,231.92,231.33,231.61,10113.0
10:35,230.54,231.18,230.41,231.13,18992.0
10:36,230.5,230.87,230.0,230.63,48858.0
10:37,230.27,230.41,229.67,230.32,54086.0
10:38,230.6,230.95,230.34,230.44,29428.0
10:39,230.7,230.8,230.24,230.53,23617.0
10:40,230.73,230.93,230.37,230.71,24942.0
10:41,231.3,231.91,230.72,230.74,39129.0
10:42,231.21,231.46,230.74,231.29,15489.0
10:43,232.07,232.31,231.24,231.24,28218.0
10:44,232.11,233.1,232.09,232.43,22954.0
10:45,232.54,232.54,231.24,232.23,32826.0
10:46,233.2,233.2,231.73,231.97,13818.0
10:47,233.61,233.61,232.8,233.58,12580.0
10:48,232.59,233.54,231.98,233.42,11251.0
10:49,233.14,233.39,232.52,233.04,6733.0
10:50,232.82,232.82,231.9,232.78,11379.0
10:51,232.07,232.35,231.6,232.35,4007.0
10:52,231.26,231.8,231.0,231.71,8211.0
10:53,230.8,231.34,230.66,231.24,13904.0
10:54,231.55,231.62,230.75,231.03,24152.0
10:55,232.05,232.05,230.94,231.37,11399.0
10:56,231.29,231.89,230.95,231.89,21548.0
10:57,230.55,231.41,230.53,231.29,218815.0
10:58,231.21,231.23,230.28,230.49,18306.0
10:59,230.58,231.44,230.58,231.2,13864.0
11:00,230.66,230.91,230.38,230.58,11789.0
11:01,229.88,230.57,229.74,230.4,18525.0
11:02,229.76,230.21,229.41,229.88,32435.0
11:03,229.58,229.72,229.41,229.61,13197.0
11:04,229.3,229.62,228.81,229.62,9627.0
11:05,228.92,229.24,228.58,229.07,17157.0
11:06,229.21,229.47,228.81,228.92,20004.0
11:07,230.0,230.0,229.16,229.21,16647.0
11:08,230.19,230.39,229.94,229.94,11602.0
11:09,230.79,230.91,230.19,230.37,11356.0
11:10,230.96,231.15,230.63,230.8,13291.0
11:11,230.59,231.08,230.23,231.08,8929.0
11:12,230.79,230.8,230.16,230.58,15480.0
11:13,231.26,231.6,230.78,231.0,13965.0
11:14,230.82,231.25,230.62,231.15,17031.0
11:15,230.57,230.61,230.07,230.55,7035.0
11:16,231.1,231.33,230.22,230.57,18362.0
11:17,230.8,231.43,230.66,231.26,19423.0
11:18,230.07,230.99,229.98,230.99,15084.0
11:19,229.77,230.07,229.77,229.89,5260.0
11:20,230.59,230.84,229.76,229.76,11192.0
11:21,231.22,231.22,230.32,230.58,7446.0
11:22,231.26,231.62,230.97,231.21,10168.0
11:23,231.3,231.58,231.09,231.39,5298.0
11:24,231.9,232.05,231.53,231.53,11225.0
11:25,231.76,232.2,231.39,231.75,13073.0
11:26,231.74,232.3,231.74,231.74,8660.0
11:27,231.92,232.2,231.79,231.98,7490.0
11:28,232.14,232.19,231.81,231.98,4194.0
11:29,232.28,232.42,231.88,232.13,5769.0
11:30,232.55,232.99,232.42,232.51,10273.0
11:31,232.01,232.68,232.0,232.66,23700.0
11:32,231.7,232.29,231.7,232.0,23355.0
11:33,231.76,231.97,231.54,231.73,9219.0
11:34,230.77,231.76,230.65,231.7,51893.0
11:35,231.15,231.21,230.53,230.57,16605.0
11:36,231.82,231.98,231.04,231.04,18587.0
11:37,231.9,232.24,231.75,231.81,14718.0
11:38,232.04,232.05,231.75,231.89,5823.0
11:39,231.94,232.17,231.86,232.15,6945.0
11:40,232.11,232.53,232.0,232.0,19613.0
11:41,232.07,232.44,232.07,232.26,19058.0
11:42,232.48,232.48,232.17,232.18,9309.0
11:43,232.29,232.34,232.15,232.31,4474.0
11:44,232.23,232.38,231.86,232.15,13322.0
11:45,231.86,232.12,231.63,232.12,8683.0
11:46,232.61,232.76,232.1,232.1,5668.0
11:47,233.33,233.33,232.4,232.6,15247.0
11:48,233.45,233.71,233.07,233.33,79486.0
11:49,233.35,233.94,233.35,233.45,19039.0
11:50,234.01,234.05,233.08,233.34,13574.0
11:51,234.23,234.43,233.76,233.8,24871.0
11:52,234.49,234.8,234.26,234.26,20205.0
11:53,234.31,234.78,234.26,234.6,22022.0
11:54,234.05,234.27,233.83,233.83,7968.0
11:55,234.12,234.37,233.88,234.27,15223.0
11:56,234.4,234.52,234.09,234.12,13210.0
11:57,234.56,234.63,234.2,234.35,55023.0
11:58,235.21,235.31,234.64,234.64,26699.0
11:59,235.51,235.61,235.12,235.21,13345.0
12:00,234.65,235.64,234.65,235.62,14519.0
12:01,234.46,235.06,234.46,234.72,4945.0
12:02,234.74,235.06,234.66,234.85,9461.0
12:03,234.85,234.93,234.44,234.74,18241.0
12:04,235.46,235.75,234.79,234.99,5997.0
12:05,235.72,235.75,235.5,235.58,7653.0
12:06,235.34,235.76,235.27,235.76,7166.0
12:07,236.05,236.05,235.36,235.43,4421.0
12:08,236.07,236.43,235.89,236.08,6174.0
12:09,236.23,236.25,236.05,236.05,1906.0
12:10,236.53,236.56,236.09,236.23,18312.0
12:11,236.8,236.93,236.54,236.75,15262.0
12:12,236.76,236.91,236.55,236.91,17885.0
12:13,236.71,236.81,236.67,236.81,8564.0
12:14,236.78,236.94,236.49,236.66,10441.0
12:15,236.6,236.84,236.38,236.76,102053.0
12:16,236.34,236.52,236.34,236.38,3832.0
12:17,237.2,237.7,236.45,236.45,30020.0
12:18,237.21,237.53,237.16,237.41,9274.0
12:19,237.13,237.38,236.82,237.23,56873.0
12:20,236.69,237.13,236.53,237.13,25396.0
12:21,236.62,236.9,236.53,236.65,6606.0
12:22,236.69,237.04,236.68,236.72,22598.0
12:23,236.85,236.87,236.29,236.68,22006.0
12:24,236.86,237.0,236.74,236.82,5199.0
12:25,236.86,237.05,236.72,236.78,4503.0
12:26,236.63,236.91,236.59,236.82,4146.0
12:27,236.22,236.63,236.21,236.59,4634.0
12:28,236.12,236.18,236.04,236.18,1788.0
12:29,236.35,236.54,236.23,236.24,5118.0
12:30,236.52,236.62,236.5,236.5,1810.0
12:31,236.49,236.7,236.49,236.49,2885.0
12:32,237.05,237.05,236.47,236.47,3750.0
12:33,237.21,237.38,236.95,237.12,7095.0
12:34,237.43,237.54,237.08,237.42,10920.0
12:35,237.44,237.44,237.1,237.31,21544.0
12:36,237.53,237.56,237.28,237.43,3611.0
12:37,237.42,237.69,237.42,237.67,2742.0
12:38,237.27,237.51,237.08,237.31,13220.0
12:39,237.38,237.49,237.11,237.16,3771.0
12:40,237.33,237.4,237.28,237.4,3788.0
12:41,236.93,237.33,236.76,237.33,34845.0
12:42,237.29,237.36,237.0,237.2,5207.0
12:43,237.59,237.67,237.32,237.57,4920.0
12:44,237.51,237.62,237.51,237.58,3683.0
12:45,237.07,237.55,236.88,237.4,24207.0
12:46,236.63,237.06,236.47,236.98,5202.0
12:47,236.86,237.16,236.56,236.81,4760.0
12:48,236.94,236.95,236.51,236.87,3955.0
12:49,236.63,237.37,236.63,237.16,50887.0
12:50,235.82,236.51,235.72,236.48,4586.0
12:51,235.7,236.0,235.54,235.82,52216.0
12:52,235.5,235.71,235.43,235.71,2958.0
12:53,235.35,235.44,235.2,235.2,6056.0
12:54,235.88,235.88,235.22,235.26,9385.0
12:55,236.34,236.34,235.92,236.07,6818.0
12:56,235.36,236.03,235.29,236.03,8514.0
12:57,235.14,235.26,235.01,235.26,3901.0
12:58,235.36,235.67,235.29,235.34,6568.0
12:59,235.4,235.5,235.35,235.35,5425.0
13:00,235.46,235.76,235.26,235.5,9746.0
13:01,235.65,235.68,235.16,235.46,5001.0
13:02,235.4,235.64,235.39,235.59,2238.0
13:03,235.22,235.28,235.11,235.28,6007.0
13:04,234.81,235.12,234.76,235.12,6457.0
13:05,234.58,234.94,234.51,234.94,3808.0
13:06,234.48,234.91,234.48,234.71,10035.0
13:07,234.38,234.68,234.07,234.68,23517.0
13:08,234.19,234.56,234.17,234.3,10909.0
13:09,234.37,234.65,234.01,234.23,13222.0
13:10,234.14,234.5,234.05,234.5,4934.0
13:11,234.02,234.35,233.84,234.03,20204.0
13:12,233.85,234.0,233.85,233.85,7257.0
13:13,233.71,234.28,233.48,234.0,17635.0
13:14,233.05,233.51,233.02,233.48,21483.0
13:15,232.98,233.27,232.45,233.27,21218.0
13:16,233.08,233.27,232.74,232.98,44783.0
13:17,232.97,233.0,232.82,232.89,8809.0
13:18,232.78,232.96,232.78,232.88,2917.0
13:19,232.95,233.13,232.79,232.83,6874.0
13:20,232.96,233.19,232.86,232.87,11583.0
13:21,232.95,233.2,232.7,232.85,24423.0
13:22,233.05,233.12,232.7,233.1,13039.0
13:23,232.81,233.14,232.81,233.0,24227.0
13:24,232.4,232.85,232.32,232.7,7167.0
13:25,232.53,232.74,232.2,232.4,38280.0
13:26,232.0,232.65,232.0,232.65,10646.0
13:27,231.92,232.18,231.81,232.18,10014.0
13:28,231.66,232.27,231.63,232.05,33424.0
13:29,231.81,231.92,231.59,231.65,15603.0
13:30,232.68,232.84,231.57,231.77,19449.0
13:31,233.15,233.15,232.52,232.7,21890.0
13:32,233.63,233.64,233.24,233.25,18898.0
13:33,233.01,233.81,233.0,233.74,9077.0
13:34,233.01,233.17,232.97,233.01,5014.0
13:35,232.82,233.0,232.81,232.86,4558.0
13:36,233.42,233.48,233.0,233.14,20370.0
13:37,233.66,233.71,233.37,233.57,17406.0
13:38,233.49,233.84,233.49,233.67,21550.0
13:39,233.66,233.79,233.64,233.64,2594.0
13:40,233.57,233.65,233.3,233.65,9168.0
13:41,233.65,233.67,233.33,233.33,6371.0
13:42,233.7,233.91,233.7,233.73,3219.0
13:43,233.99,234.0,233.78,233.81,3976.0
13:44,234.31,234.53,233.99,234.1,7800.0
13:45,234.43,234.48,234.27,234.36,11478.0
13:46,234.04,234.53,233.84,234.53,16979.0
13:47,233.83,234.0,233.74,234.0,2873.0
13:48,235.6,235.74,234.1,234.17,15878.0
13:49,235.94,236.08,235.85,235.85,5821.0
13:50,236.73,236.84,236.15,236.15,11860.0
13:51,236.18,236.67,235.75,236.32,10286.0
13:52,235.9,236.15,235.68,236.15,7853.0
13:53,235.93,236.0,235.93,236.0,2994.0
13:54,235.09,235.86,235.03,235.86,7146.0
13:55,235.65,235.65,235.12,235.4,7088.0
13:56,235.16,235.59,234.93,235.42,14382.0
13:57,234.97,235.27,234.55,235.27,8913.0
13:58,234.94,235.42,234.94,235.15,7307.0
13:59,234.91,235.14,234.78,234.93,9346.0
14:00,235.4,235.44,234.91,234.91,15990.0
14:01,235.3,235.3,235.02,235.3,6795.0
14:02,235.61,235.63,235.03,235.56,21735.0
14:03,235.75,235.79,235.5,235.61,6066.0
14:04,236.02,236.03,235.74,235.95,2468.0
14:05,236.29,236.4,235.96,235.96,4910.0
14:06,236.5,236.5,236.0,236.23,5795.0
14:07,236.11,236.72,236.0,236.72,7708.0
14:08,236.05,236.05,235.96,236.0,8185.0
14:09,236.26,236.41,236.21,236.21,2162.0
14:10,236.24,236.4,236.24,236.4,2756.0
14:11,236.36,236.36,235.82,236.27,5306.0
14:12,236.15,236.36,236.15,236.35,7189.0
14:13,235.6,236.39,235.6,236.39,11335.0
14:14,235.69,235.8,235.6,235.7,6219.0
14:15,235.72,235.74,235.53,235.74,6285.0
14:16,236.07,236.15,235.71,235.71,7454.0
14:17,236.18,236.26,236.03,236.15,9724.0
14:18,236.07,236.21,235.79,236.12,11330.0
14:19,236.5,236.52,236.18,236.23,8904.0
14:20,236.8,236.8,236.31,236.45,20242.0
14:21,236.73,236.86,236.45,236.74,7069.0
14:22,236.84,236.99,236.54,236.7,18422.0
14:23,236.82,237.1,236.71,236.99,7823.0
14:24,236.76,237.11,236.75,236.8,18544.0
14:25,236.8,236.95,236.66,236.86,8575.0
14:26,236.57,236.8,236.44,236.8,9943.0
14:27,236.55,236.57,236.52,236.57,1905.0
14:28,236.41,236.66,236.41,236.45,9988.0
14:29,236.79,236.8,236.47,236.47,5217.0
14:30,236.88,237.12,236.79,236.79,20472.0
14:31,236.79,236.93,236.47,236.93,11473.0
14:32,236.64,236.81,236.4,236.78,6227.0
14:33,236.35,236.7,236.28,236.69,5315.0
14:34,236.31,236.35,236.31,236.35,1138.0
14:35,236.6,236.6,236.32,236.35,9866.0
14:36,236.85,236.99,236.64,236.65,7208.0
14:37,237.01,237.01,236.83,236.83,3312.0
14:38,237.09,237.2,237.01,237.06,3428.0
14:39,237.12,237.23,237.08,237.1,2841.0
14:40,237.18,237.38,237.07,237.21,5883.0
14:41,237.39,237.39,236.91,236.99,7749.0
14:42,237.11,237.2,237.11,237.2,1276.0
14:43,236.77,237.09,236.58,237.04,4496.0
14:44,237.04,237.04,236.58,236.74,9185.0
14:45,236.89,237.08,236.73,237.08,4521.0
14:46,236.74,236.82,236.62,236.82,3253.0
14:47,236.86,236.86,236.6,236.86,6851.0
14:48,237.15,237.32,236.86,237.0,5343.0
14:49,236.68,237.15,236.46,237.15,5486.0
14:50,236.6,236.7,236.39,236.57,4631.0
14:51,236.69,236.71,236.48,236.6,3600.0
14:52,236.52,236.82,236.49,236.75,7234.0
14:53,235.74,236.35,235.74,236.35,8043.0
14:54,235.77,235.92,235.4,235.78,6637.0
14:55,236.17,236.3,235.88,236.01,10461.0
14:56,236.07,236.29,236.07,236.17,3592.0
14:57,235.85,236.16,235.79,236.16,5186.0
14:58,236.09,236.09,235.88,235.95,2844.0
14:59,236.1,236.21,235.99,236.0,7299.0
15:00,236.81,236.85,236.1,236.1,13072.0
15:01,237.29,237.29,236.36,236.47,13171.0
15:02,237.08,237.2,237.0,237.15,4074.0
15:03,237.12,237.18,236.92,237.08,5014.0
15:04,236.85,236.96,236.65,236.96,7037.0
15:05,237.15,237.15,236.68,236.89,15086.0
15:06,236.91,237.46,236.91,237.22,18415.0
15:07,236.93,236.95,236.67,236.67,3442.0
15:08,236.81,236.81,236.67,236.81,4185.0
15:09,236.88,236.9,236.88,236.88,1343.0
15:10,236.82,237.01,236.65,237.0,5263.0
15:11,236.79,236.82,236.79,236.82,1409.0
15:12,236.96,237.11,236.77,236.82,4997.0
15:13,236.87,236.87,236.87,236.87,1779.0
15:14,236.66,236.91,236.48,236.84,4562.0
15:15,235.82,236.34,235.82,236.34,7293.0
15:16,236.22,236.22,235.89,235.89,6015.0
15:17,236.27,236.27,236.04,236.26,3634.0
15:18,236.25,236.33,236.23,236.25,2985.0
15:19,236.27,236.27,236.25,236.25,1970.0
15:20,236.03,236.3,236.0,236.19,4757.0
15:21,236.23,236.23,236.15,236.15,2032.0
15:22,236.29,236.32,236.08,236.25,5606.0
15:23,235.74,236.18,235.74,236.18,9610.0
15:24,235.57,235.74,235.48,235.74,8751.0
15:25,235.83,235.99,235.64,235.64,7038.0
15:26,235.71,235.82,235.71,235.82,1717.0
15:27,235.8,235.99,235.77,235.93,7461.0
15:28,235.42,235.9,235.42,235.86,27119.0
15:29,235.32,235.55,235.26,235.43,7225.0
15:30,235.39,235.58,235.12,235.12,78700.0
15:31,235.07,235.4,234.89,235.4,10671.0
15:32,234.87,235.24,234.87,235.2,5394.0
15:33,235.08,235.31,234.76,234.87,14385.0
15:34,235.18,235.18,234.95,235.11,18066.0
15:35,235.8,235.8,235.18,235.21,9434.0
15:36,235.95,236.05,235.77,235.77,19962.0
15:37,236.07,236.07,235.54,235.91,13067.0
15:38,236.36,236.46,236.21,236.21,10062.0
15:39,236.38,236.56,236.34,236.42,21099.0
15:40,235.91,236.42,235.76,236.41,17063.0
15:41,235.83,235.92,235.69,235.8,9476.0
15:42,235.74,235.93,235.54,235.88,20027.0
15:43,235.86,235.89,235.57,235.71,16859.0
15:44,235.65,235.86,235.58,235.86,26859.0
15:45,236.2,236.27,235.74,235.75,10367.0
15:46,236.37,236.41,236.04,236.26,26968.0
15:47,236.11,236.6,236.1,236.44,51506.0
15:48,236.12,236.12,235.74,236.05,27834.0
15:49,235.59,236.16,235.44,236.13,20266.0
15:50,235.68,235.92,235.38,235.51,21289.0
15:51,235.56,235.74,235.55,235.7,21456.0
15:52,235.47,235.73,235.47,235.57,29528.0
15:53,234.96,235.49,234.93,235.48,23350.0
15:54,234.75,234.98,234.71,234.9,38283.0
15:55,234.26,234.81,234.2,234.74,58719.0
15:56,234.13,234.3,234.12,234.26,55593.0
15:57,234.1,234.3,234.08,234.13,62767.0
15:58,234.35,234.45,234.08,234.19,114050.0
15:59,234.04,234.41,234.0,234.36,139096.0
