Time,Close,High,Low,Open,Volume
09:30,241.85,244.14,239.35,244.0,1558102.0
09:31,239.65,241.81,238.94,241.53,262912.0
09:32,241.83,242.41,239.0,239.32,239206.0
09:33,241.04,242.39,239.37,241.67,248977.0
09:34,240.19,241.04,239.15,240.8,139501.0
09:35,241.49,241.56,239.71,240.18,132285.0
09:36,242.5,242.76,241.45,241.5,166608.0
09:37,243.46,243.95,242.09,242.31,228638.0
09:38,242.79,243.65,241.8,243.45,182564.0
09:39,242.19,243.03,241.42,242.81,144899.0
09:40,242.22,242.8,241.75,242.44,81130.0
09:41,240.32,242.23,240.15,242.12,110663.0
09:42,239.48,240.46,239.31,240.3,140498.0
09:43,239.39,239.95,239.25,239.59,127564.0
09:44,238.75,240.17,238.4,239.39,171295.0
09:45,238.21,239.16,238.0,238.78,203838.0
09:46,237.48,238.38,237.47,238.1,148877.0
09:47,236.51,237.52,236.31,237.5,170391.0
09:48,238.32,238.33,236.51,236.52,166212.0
09:49,237.27,238.8,237.27,238.35,143388.0
09:50,236.56,237.56,236.32,237.45,129144.0
09:51,237.19,237.29,236.01,236.57,141367.0
09:52,237.56,237.88,236.73,237.19,137812.0
09:53,238.54,238.64,237.38,237.48,127062.0
09:54,238.6,238.85,238.2,238.57,141409.0
09:55,238.72,238.9,238.36,238.54,93584.0
09:56,238.65,238.81,238.35,238.8,128527.0
09:57,238.91,239.28,238.59,238.63,120381.0
09:58,238.57,239.25,238.53,238.9,127213.0
09:59,237.81,238.56,237.6,238.56,101777.0
10:00,238.48,238.66,237.74,237.94,49545.0
10:01,239.71,239.81,238.41,238.41,168474.0
10:02,239.38,239.73,238.95,239.73,117305.0
10:03,239.74,239.95,239.33,239.55,123120.0
10:04,239.85,240.32,239.6,239.75,144941.0
10:05,240.43,240.94,239.6,239.86,135492.0
10:06,239.96,240.43,239.75,240.41,66576.0
10:07,240.13,240.15,239.58,239.85,48906.0
10:08,239.97,240.19,239.5,240.13,148286.0
10:09,238.57,239.98,238.57,239.9,142259.0
10:10,238.33,238.65,237.45,238.63,153469.0
10:11,238.34,238.62,238.03,238.23,91172.0
10:12,238.56,238.9,238.26,238.33,80646.0
10:13,238.49,238.77,238.19,238.51,65002.0
10:14,237.75,238.64,237.75,238.49,107868.0
10:15,237.01,238.01,236.92,237.76,199521.0
10:16,237.71,237.81,236.51,237.0,126029.0
10:17,238.04,238.47,237.77,237.78,85871.0
10:18,238.25,238.26,237.49,238.16,69265.0
10:19,239.02,239.26,237.86,238.16,64261.0
10:20,238.29,239.22,238.07,239.02,61270.0
10:21,238.38,238.51,238.03,238.29,50387.0
10:22,238.18,238.46,238.1,238.32,61162.0
10:23,238.69,238.69,237.75,238.18,83244.0
10:24,238.15,238.77,238.0,238.66,38767.0
10:25,238.36,238.36,237.8,238.16,64146.0
10:26,238.14,238.64,238.0,238.35,52022.0
10:27,238.38,238.55,238.08,238.08,45560.0
10:28,238.01,238.8,237.9,238.49,52581.0
10:29,238.35,238.42,237.88,238.15,41839.0
10:30,238.33,238.59,238.0,238.42,50035.0
10:31,238.67,238.84,238.27,238.39,63937.0
10:32,239.21,239.61,238.75,238.75,74283.0
10:33,238.92,239.4,238.86,239.16,42125.0
10:34,239.43,239.51,238.84,238.86,42556.0
10:35,239.27,239.57,239.1,239.38,112540.0
10:36,239.6,239.61,239.24,239.26,40731.0
10:37,239.58,239.7,239.34,239.55,48636.0
10:38,239.7,239.86,239.54,239.56,39705.0
10:39,239.55,239.77,239.5,239.7,50400.0
10:40,239.72,239.78,239.5,239.54,43759.0
10:41,239.5,239.76,239.22,239.71,65662.0
10:42,239.5,239.78,239.38,239.43,56409.0
10:43,238.82,239.6,238.67,239.5,54114.0
10:44,238.53,238.76,238.29,238.67,39449.0
10:45,237.43,238.61,237.41,238.53,73117.0
10:46,237.37,237.63,237.2,237.44,105159.0
10:47,237.14,237.48,237.08,237.47,40676.0
10:48,236.9,237.15,236.6,237.15,101038.0
10:49,236.63,237.08,236.31,236.82,87584.0
10:50,236.61,236.88,236.21,236.59,65883.0
10:51,236.1,236.78,236.1,236.61,71257.0
10:52,236.26,236.29,235.7,236.07,179417.0
10:53,236.11,236.36,236.03,236.24,51034.0
10:54,235.88,236.37,235.87,236.1,47396.0
10:55,235.8,236.0,235.69,235.9,65394.0
10:56,235.57,235.85,235.54,235.85,94556.0
10:57,235.38,235.72,235.12,235.58,106873.0
10:58,235.75,235.93,235.39,235.4,75431.0
10:59,235.4,235.91,235.25,235.75,72075.0
11:00,235.54,235.56,235.2,235.35,51316.0
11:01,235.64,235.88,235.39,235.48,46986.0
11:02,235.44,235.86,235.41,235.62,36480.0
11:03,235.49,235.64,235.3,235.49,44584.0
11:04,235.51,235.9,235.48,235.5,54396.0
11:05,235.52,235.69,235.3,235.51,41377.0
11:06,235.54,235.9,235.51,235.54,64912.0
11:07,235.63,235.82,235.41,235.54,75524.0
11:08,235.38,235.68,235.3,235.6,48539.0
11:09,235.38,235.56,235.25,235.45,53959.0
11:10,235.1,235.47,235.01,235.36,67552.0
11:11,235.07,235.12,234.6,235.11,183742.0
11:12,235.17,235.35,234.94,235.08,49751.0
11:13,235.56,235.78,235.15,235.23,64843.0
11:14,235.68,235.86,235.55,235.56,53101.0
11:15,235.32,235.71,235.21,235.71,38297.0
11:16,235.22,235.53,235.06,235.38,84388.0
11:17,235.38,235.55,235.0,235.22,129802.0
11:18,235.21,235.75,235.15,235.34,81647.0
11:19,235.39,235.49,235.07,235.18,50897.0
11:20,235.07,235.4,235.04,235.4,23419.0
11:21,235.17,235.21,234.9,235.06,111570.0
11:22,234.62,235.21,234.5,235.14,72791.0
11:23,234.91,235.01,234.61,234.61,56656.0
11:24,234.86,235.04,234.7,234.92,58770.0
11:25,235.14,235.4,234.84,234.87,50570.0
11:26,235.14,235.5,235.07,235.14,53256.0
11:27,235.4,235.43,235.12,235.18,43553.0
11:28,235.39,235.47,235.27,235.46,34648.0
11:29,235.35,235.48,235.29,235.38,31312.0
11:30,235.43,235.45,235.28,235.33,82527.0
11:31,235.43,235.58,235.26,235.39,61907.0
11:32,235.3,235.54,235.18,235.43,95728.0
11:33,235.05,235.4,235.05,235.3,86952.0
11:34,234.56,235.05,234.51,235.05,94235.0
11:35,234.8,235.0,234.54,234.54,64765.0
11:36,235.29,235.43,234.65,234.76,36546.0
11:37,235.18,235.44,235.1,235.29,43863.0
11:38,235.07,235.34,235.05,235.22,26912.0
11:39,234.99,235.06,234.8,235.06,35216.0
11:40,235.16,235.22,234.94,235.06,27331.0
11:41,235.26,235.34,235.08,235.19,38850.0
11:42,235.23,235.32,235.12,235.24,32693.0
11:43,235.31,235.33,235.15,235.2,23317.0
11:44,235.11,235.34,235.03,235.34,21054.0
11:45,235.1,235.19,234.82,235.18,35896.0
11:46,235.16,235.34,235.08,235.08,25022.0
11:47,235.42,235.48,235.11,235.15,41067.0
11:48,235.62,235.73,235.1,235.4,95413.0
11:49,235.49,235.79,235.34,235.58,54470.0
11:50,235.5,235.55,235.2,235.48,43920.0
11:51,235.53,235.9,235.5,235.5,49077.0
11:52,235.84,235.92,235.5,235.58,37759.0
11:53,236.07,236.18,235.58,235.92,49298.0
11:54,236.66,236.67,236.0,236.05,78278.0
11:55,236.35,236.67,236.23,236.66,70258.0
11:56,236.94,236.95,236.34,236.34,59687.0
11:57,236.98,237.2,236.84,236.89,80340.0
11:58,236.72,237.13,236.59,237.01,56916.0
11:59,236.13,236.9,236.1,236.78,33080.0
12:00,236.02,236.2,235.94,236.1,32753.0
12:01,235.7,235.98,235.52,235.98,54244.0
12:02,236.14,236.25,235.64,235.72,56890.0
12:03,236.07,236.27,236.02,236.27,13498.0
12:04,235.6,236.07,235.6,236.06,151500.0
12:05,235.32,235.52,235.05,235.52,43336.0
12:06,235.18,235.32,235.14,235.29,23531.0
12:07,234.86,235.18,234.82,235.15,50113.0
12:08,234.73,234.9,234.55,234.87,84260.0
12:09,234.82,234.88,234.57,234.74,35797.0
12:10,234.74,234.89,234.68,234.83,57704.0
12:11,234.76,234.82,234.6,234.74,21692.0
12:12,234.89,235.09,234.75,234.78,27494.0
12:13,235.05,235.15,234.83,234.85,28419.0
12:14,234.92,235.09,234.9,235.05,30241.0
12:15,234.95,234.95,234.76,234.91,27539.0
12:16,234.97,235.04,234.89,234.9,32276.0
12:17,235.14,235.21,234.89,234.93,50935.0
12:18,235.21,235.44,235.04,235.14,41786.0
12:19,235.31,235.39,235.16,235.21,29758.0
12:20,235.41,235.45,235.22,235.3,27785.0
12:21,235.68,235.85,235.22,235.4,79084.0
12:22,235.48,235.72,235.12,235.66,51065.0
12:23,235.75,235.87,235.26,235.55,44528.0
12:24,235.82,235.82,235.54,235.71,37469.0
12:25,235.59,235.82,235.43,235.8,50886.0
12:26,235.6,235.86,235.54,235.57,36193.0
12:27,235.61,235.65,235.5,235.64,21937.0
12:28,235.46,235.6,235.4,235.52,37939.0
12:29,235.1,235.59,235.05,235.51,31197.0
12:30,235.08,235.18,234.9,235.1,73778.0
12:31,235.05,235.11,234.9,235.11,31968.0
12:32,234.94,235.14,234.93,235.07,36825.0
12:33,235.2,235.22,234.9,234.91,45395.0
12:34,235.22,235.26,235.12,235.15,13978.0
12:35,235.57,235.6,235.24,235.24,41138.0
12:36,235.51,235.64,235.4,235.59,32768.0
12:37,235.73,235.94,235.47,235.5,46618.0
12:38,235.85,235.96,235.66,235.73,39386.0
12:39,235.75,235.89,235.51,235.85,35962.0
12:40,235.94,235.95,235.54,235.69,21210.0
12:41,236.06,236.16,235.7,235.91,36745.0
12:42,236.19,236.28,235.99,236.06,153179.0
12:43,236.14,236.3,236.1,236.17,40053.0
12:44,235.81,236.17,235.81,236.12,60963.0
12:45,235.51,235.99,235.5,235.85,45568.0
12:46,235.07,235.53,235.04,235.52,56714.0
12:47,235.04,235.28,235.01,235.07,37705.0
12:48,235.44,235.44,235.01,235.02,26995.0
12:49,235.15,235.42,235.1,235.42,15151.0
12:50,235.44,235.44,235.1,235.15,21413.0
12:51,235.2,235.5,235.15,235.41,20113.0
12:52,235.2,235.26,235.12,235.2,13982.0
12:53,235.11,235.19,235.1,235.19,20032.0
12:54,235.18,235.2,235.11,235.13,19205.0
12:55,235.38,235.46,235.16,235.18,20259.0
12:56,235.4,235.52,235.36,235.41,23506.0
12:57,235.36,235.47,235.34,235.47,8487.0
12:58,235.62,235.68,235.34,235.34,39828.0
12:59,235.55,235.73,235.51,235.62,62807.0
13:00,235.41,235.61,235.3,235.51,27198.0
13:01,235.64,235.65,235.41,235.44,20508.0
13:02,235.87,235.91,235.6,235.63,22152.0
13:03,236.11,236.3,235.88,235.96,36523.0
13:04,236.07,236.17,236.01,236.16,14529.0
13:05,235.69,236.01,235.67,236.01,28609.0
13:06,235.79,235.84,235.69,235.71,14913.0
13:07,235.72,235.86,235.68,235.78,25501.0
13:08,235.57,235.81,235.35,235.71,34159.0
13:09,235.61,235.62,235.56,235.56,11024.0
13:10,235.6,235.66,235.49,235.58,15830.0
13:11,235.26,235.6,235.26,235.6,38370.0
13:12,235.36,235.45,235.16,235.19,22814.0
13:13,235.72,235.79,235.38,235.38,45357.0
13:14,235.86,235.86,235.62,235.79,16242.0
13:15,236.01,236.4,235.76,235.84,78229.0
13:16,236.18,236.18,236.04,236.04,18410.0
13:17,236.65,236.74,236.18,236.18,36141.0
13:18,236.32,236.75,236.31,236.62,31348.0
13:19,236.52,236.72,236.08,236.32,80119.0
13:20,236.67,236.78,236.47,236.54,51127.0
13:21,236.65,236.78,236.55,236.77,21213.0
13:22,236.6,236.65,236.4,236.6,45103.0
13:23,236.43,236.6,236.32,236.59,40919.0
13:24,236.48,236.6,236.4,236.4,15940.0
13:25,236.45,236.72,236.41,236.49,55951.0
13:26,236.45,236.54,236.31,236.48,33584.0
13:27,236.29,236.51,236.05,236.51,30905.0
13:28,236.09,236.43,236.05,236.31,27140.0
13:29,235.91,236.13,235.75,236.06,42176.0
13:30,235.96,236.02,235.79,235.82,25433.0
13:31,235.78,236.0,235.75,235.98,19225.0
13:32,235.57,235.86,235.56,235.84,17521.0
13:33,235.38,235.71,235.26,235.64,32323.0
13:34,235.19,235.42,235.15,235.35,25985.0
13:35,235.28,235.29,235.13,235.2,31721.0
13:36,235.16,235.29,235.11,235.27,33340.0
13:37,235.16,235.29,235.02,235.28,42564.0
13:38,234.82,235.12,234.77,235.09,63245.0
13:39,234.91,234.93,234.77,234.81,27452.0
13:40,234.8,235.0,234.8,235.0,52522.0
13:41,234.45,234.82,234.11,234.82,128115.0
13:42,234.44,234.75,234.33,234.43,23590.0
13:43,234.59,234.66,234.38,234.41,29641.0
13:44,234.61,234.67,234.56,234.61,42229.0
13:45,234.51,234.67,234.43,234.6,28017.0
13:46,234.38,234.5,234.11,234.5,69296.0
13:47,234.35,234.44,234.25,234.3,23626.0
13:48,234.38,234.56,234.21,234.3,65290.0
13:49,234.5,234.56,234.35,234.38,18568.0
13:50,234.46,234.6,234.46,234.57,19414.0
13:51,234.66,234.7,234.41,234.46,48341.0
13:52,234.68,234.8,234.65,234.66,44041.0
13:53,234.85,234.95,234.71,234.74,27778.0
13:54,235.02,235.08,234.82,234.89,20280.0
13:55,235.21,235.27,235.04,235.04,31584.0
13:56,234.9,235.23,234.8,235.21,28722.0
13:57,234.87,234.87,234.7,234.86,16800.0
13:58,234.84,235.07,234.81,234.9,35278.0
13:59,234.88,234.93,234.76,234.85,21041.0
14:00,234.99,235.3,234.84,234.86,28652.0
14:01,234.98,235.15,234.96,235.0,25738.0
14:02,235.04,235.06,234.75,235.0,17267.0
14:03,234.81,235.14,234.7,235.08,30619.0
14:04,234.31,234.82,234.31,234.82,93070.0
14:05,234.73,234.82,234.32,234.34,20383.0
14:06,234.58,234.77,234.49,234.77,19724.0
14:07,234.63,234.66,234.51,234.57,22293.0
14:08,234.64,234.67,234.37,234.61,24830.0
14:09,234.94,235.03,234.68,234.7,29183.0
14:10,234.95,234.96,234.8,234.91,73697.0
14:11,234.93,235.0,234.8,234.94,63873.0
14:12,234.96,235.05,234.78,234.97,40329.0
14:13,234.96,235.0,234.81,234.92,24920.0
14:14,234.84,235.0,234.83,234.92,17312.0
14:15,234.92,234.95,234.79,234.83,9362.0
14:16,234.87,234.98,234.79,234.93,17137.0
14:17,234.93,234.99,234.8,234.86,18650.0
14:18,234.78,234.91,234.78,234.91,31692.0
14:19,234.9,234.95,234.51,234.78,67753.0
14:20,234.9,234.91,234.78,234.9,30232.0
14:21,234.83,234.91,234.75,234.9,24845.0
14:22,234.55,234.79,234.4,234.79,40143.0
14:23,234.08,234.51,234.04,234.42,83468.0
14:24,234.59,234.6,234.03,234.03,61882.0
14:25,234.97,235.01,234.46,234.55,54001.0
14:26,235.15,235.18,234.86,234.97,62485.0
14:27,235.01,235.19,235.0,235.16,39725.0
14:28,235.24,235.25,235.01,235.01,46095.0
14:29,235.04,235.36,235.02,235.24,40910.0
14:30,235.24,235.25,234.88,235.04,44841.0
14:31,235.35,235.49,235.13,235.26,40455.0
14:32,235.66,235.7,235.33,235.35,38639.0
14:33,235.55,235.66,235.49,235.65,26502.0
14:34,235.63,235.69,235.46,235.5,31077.0
14:35,235.63,235.65,235.45,235.57,14837.0
14:36,235.25,235.64,235.14,235.57,52838.0
14:37,235.16,235.31,235.13,235.18,14500.0
14:38,235.18,235.22,235.02,235.16,24727.0
14:39,234.97,235.18,234.89,235.18,30538.0
14:40,235.03,235.05,234.81,234.97,18242.0
14:41,234.97,235.05,234.81,235.03,30599.0
14:42,235.32,235.37,234.81,234.99,37726.0
14:43,235.32,235.33,235.16,235.27,23012.0
14:44,234.96,235.38,234.96,235.32,25671.0
14:45,234.72,234.96,234.38,234.96,51690.0
14:46,234.5,234.76,234.33,234.72,41898.0
14:47,234.25,234.5,234.15,234.41,42491.0
14:48,234.32,234.42,234.24,234.29,19491.0
14:49,234.63,234.69,234.25,234.29,31833.0
14:50,234.6,234.7,234.53,234.62,27358.0
14:51,234.56,234.74,234.54,234.6,26897.0
14:52,234.87,234.87,234.4,234.53,39931.0
14:53,234.7,234.98,234.7,234.87,27139.0
14:54,234.61,234.81,234.56,234.72,11860.0
14:55,234.82,234.88,234.43,234.56,36142.0
14:56,234.7,234.85,234.62,234.79,21265.0
14:57,234.68,234.85,234.66,234.82,34528.0
14:58,234.52,234.75,234.5,234.68,33838.0
14:59,234.66,234.66,234.41,234.5,33584.0
15:00,234.89,235.2,234.55,234.66,32187.0
15:01,235.12,235.16,234.79,234.9,31352.0
15:02,235.11,235.33,235.03,235.16,39833.0
15:03,235.1,235.3,235.03,235.14,38893.0
15:04,234.75,235.11,234.7,235.03,27402.0
15:05,234.77,234.78,234.51,234.75,28325.0
15:06,234.51,234.76,234.51,234.75,23291.0
15:07,234.43,234.55,234.3,234.55,55437.0
15:08,234.45,234.5,234.39,234.46,22188.0
15:09,234.57,234.57,234.41,234.5,48525.0
15:10,234.71,234.72,234.42,234.54,38073.0
15:11,234.74,234.96,234.65,234.7,35392.0
15:12,234.81,234.84,234.67,234.69,26720.0
15:13,235.43,235.43,234.8,234.81,51652.0
15:14,235.69,235.74,235.37,235.43,43827.0
15:15,235.49,235.74,235.41,235.67,37650.0
15:16,235.84,235.85,235.33,235.46,56713.0
15:17,236.01,236.2,235.8,235.8,83790.0
15:18,236.27,236.27,235.95,236.01,38047.0
15:19,236.03,236.3,235.83,236.26,60036.0
15:20,235.75,236.11,235.72,236.04,32151.0
15:21,235.58,235.83,235.47,235.76,34146.0
15:22,235.85,235.88,235.54,235.6,36545.0
15:23,236.15,236.2,235.79,235.84,162145.0
15:24,236.02,236.2,236.0,236.1,25939.0
15:25,235.51,236.1,235.39,236.01,46966.0
15:26,235.15,235.56,235.08,235.51,36777.0
15:27,234.79,235.12,234.76,235.12,74392.0
15:28,234.99,235.21,234.7,234.76,39867.0
15:29,234.75,235.02,234.7,234.95,38885.0
15:30,234.62,234.77,234.6,234.77,63954.0
15:31,234.61,234.71,234.34,234.6,73524.0
15:32,234.67,234.74,234.44,234.61,32294.0
15:33,234.55,234.73,234.51,234.65,23151.0
15:34,234.77,234.82,234.58,234.58,25594.0
15:35,234.72,234.81,234.68,234.74,54423.0
15:36,234.5,234.74,234.5,234.7,41955.0
15:37,234.43,234.59,234.37,234.51,71321.0
15:38,234.76,234.81,234.3,234.38,123822.0
15:39,234.86,234.86,234.65,234.7,33894.0
15:40,235.05,235.15,234.75,234.8,75346.0
15:41,234.98,235.29,234.97,235.05,33190.0
15:42,234.97,235.06,234.93,235.0,53354.0
15:43,235.27,235.38,234.9,234.93,55244.0
15:44,235.3,235.36,235.13,235.34,36097.0
15:45,235.43,235.5,235.26,235.33,47319.0
15:46,235.37,235.5,235.31,235.45,57529.0
15:47,235.53,235.59,235.32,235.34,51643.0
15:48,235.63,235.66,235.44,235.54,59691.0
15:49,235.85,235.9,235.59,235.62,57721.0
15:50,236.16,236.32,235.9,235.93,99165.0
15:51,235.49,236.19,235.38,236.19,147264.0
15:52,235.36,235.94,235.3,235.49,116791.0
15:53,235.42,235.57,235.31,235.38,78565.0
15:54,235.1,235.42,235.06,235.42,97235.0
15:55,235.46,235.5,235.07,235.13,147158.0
15:56,235.68,235.72,235.43,235.46,135278.0
15:57,235.29,235.98,235.28,235.68,224330.0
15:58,234.65,235.36,234.64,235.29,231460.0
15:59,234.87,234.87,234.87,234.87,264371.0
