Time,Close,High,Low,Open,Volume
09:30,267.19,267.57,266.01,266.37,56443.0
09:31,267.34,268.11,266.94,267.49,11295.0
09:32,266.73,267.35,266.73,267.35,5081.0
09:33,267.53,268.3,266.73,266.73,23911.0
09:34,266.28,267.58,266.28,267.58,11255.0
09:35,267.36,267.94,266.42,266.67,6533.0
09:36,267.61,267.61,267.17,267.36,1825.0
09:37,267.59,268.27,267.3,267.78,3039.0
09:38,267.84,268.14,267.79,267.85,4328.0
09:39,267.55,267.97,267.5,267.67,3136.0
09:40,267.98,268.04,267.54,267.55,19503.0
09:41,268.09,268.5,267.49,267.85,13922.0
09:42,267.91,268.06,267.59,268.06,7145.0
09:43,267.91,268.31,267.75,267.9,4076.0
09:44,267.77,268.38,267.77,268.19,2723.0
09:45,268.85,268.85,268.85,268.85,352.0
09:46,268.22,268.69,268.04,268.62,37317.0
09:47,268.95,268.98,268.51,268.53,14975.0
09:48,269.16,269.48,269.0,269.0,6770.0
09:49,268.42,269.29,268.24,269.29,6501.0
09:50,269.2,269.2,268.59,268.68,5950.0
09:51,268.67,268.92,268.01,268.85,9073.0
09:52,268.27,268.6,268.01,268.6,5134.0
09:53,268.91,268.91,268.21,268.27,4138.0
09:54,268.42,269.2,268.42,269.2,6419.0
09:55,268.64,268.64,268.51,268.64,3743.0
09:56,269.43,269.57,268.76,268.76,8409.0
09:57,269.48,269.77,269.38,269.52,8812.0
09:58,269.37,269.58,269.35,269.35,2573.0
09:59,269.62,269.72,269.57,269.59,4708.0
10:00,269.48,269.65,269.23,269.44,7904.0
10:01,269.62,269.77,269.4,269.59,4817.0
10:02,269.76,269.89,269.48,269.52,4058.0
10:03,269.73,270.01,269.73,269.89,15254.0
10:04,269.73,269.92,269.54,269.92,4481.0
10:05,269.86,269.98,269.57,269.77,16251.0
10:06,269.44,270.05,269.36,270.04,8322.0
10:07,269.63,269.9,269.43,269.43,13189.0
10:08,269.51,269.85,269.51,269.62,2990.0
10:09,270.05,270.05,269.66,269.66,6871.0
10:10,270.8,270.83,270.0,270.05,13061.0
10:11,270.19,270.95,269.84,270.8,18309.0
10:12,270.35,270.4,270.05,270.05,2395.0
10:13,269.55,270.24,269.49,270.21,9823.0
10:14,269.86,269.88,269.42,269.42,4850.0
10:15,269.04,269.7,268.9,269.7,13925.0
10:16,269.2,269.81,268.78,268.78,21592.0
10:17,268.8,269.14,268.8,269.14,1614.0
10:18,269.58,269.76,268.6,268.6,10531.0
10:19,269.59,269.77,269.34,269.47,3745.0
10:20,270.03,270.04,269.58,269.65,10662.0
10:21,269.83,270.12,269.68,270.12,6658.0
10:22,269.81,269.93,269.69,269.77,7118.0
10:23,269.85,270.12,269.76,269.97,4365.0
10:24,270.46,270.64,269.91,269.91,8402.0
10:25,270.32,270.45,270.11,270.43,5542.0
10:26,269.79,270.32,269.79,270.29,8933.0
10:27,269.85,270.04,269.64,269.98,4997.0
10:28,269.65,270.01,269.4,270.01,8343.0
10:29,269.37,269.64,269.37,269.5,1413.0
10:30,269.49,269.63,269.19,269.62,6753.0
10:31,269.66,269.74,269.18,269.74,1437.0
10:32,269.45,269.53,269.45,269.53,2221.0
10:33,269.33,269.48,269.2,269.33,1322.0
10:34,268.93,269.2,268.93,269.17,8871.0
10:35,268.75,269.25,268.75,268.98,8034.0
10:36,268.26,268.84,268.11,268.63,8638.0
10:37,268.89,268.97,268.19,268.19,11157.0
10:38,269.23,269.23,268.74,268.88,2971.0
10:39,269.37,269.37,269.09,269.19,3685.0
10:40,269.6,269.6,269.25,269.27,4275.0
10:41,270.4,270.48,269.7,269.7,7644.0
10:42,270.19,270.56,270.19,270.56,6777.0
10:43,270.15,270.31,270.11,270.31,2595.0
10:44,270.37,270.44,270.14,270.14,4781.0
10:45,270.23,270.58,270.15,270.19,5479.0
10:46,270.05,270.24,269.92,270.24,2216.0
10:47,269.68,270.22,269.6,269.88,6554.0
10:48,269.72,269.83,269.67,269.83,2034.0
10:49,269.66,269.71,269.51,269.71,1724.0
10:50,269.33,269.62,269.33,269.51,4605.0
10:51,269.2,269.27,269.17,269.27,2206.0
10:52,269.03,269.52,268.98,269.41,5516.0
10:53,269.21,269.21,268.95,269.08,4424.0
10:54,269.04,269.22,269.04,269.22,1190.0
10:55,269.04,269.29,268.85,268.99,3230.0
10:56,268.97,268.97,268.97,268.97,1227.0
10:57,269.1,269.22,269.1,269.22,1845.0
10:58,269.68,269.89,269.22,269.22,7851.0
10:59,269.33,269.69,269.22,269.6,9042.0
11:00,268.9,269.3,268.9,269.1,3197.0
11:01,269.15,269.28,269.03,269.03,3449.0
11:02,269.17,269.29,269.1,269.24,3979.0
11:03,269.32,269.45,269.01,269.3,3657.0
11:04,269.21,269.33,269.08,269.08,1727.0
11:05,269.71,269.71,269.26,269.44,3316.0
11:06,269.33,269.52,269.33,269.46,705.0
11:07,269.63,269.63,269.45,269.46,2610.0
11:08,269.04,269.45,269.02,269.45,4716.0
11:09,268.85,268.85,268.83,268.83,587.0
11:10,269.18,269.18,268.85,268.87,5505.0
11:11,269.36,269.45,269.25,269.25,3509.0
11:12,269.19,269.2,269.16,269.19,1338.0
11:13,269.21,269.21,269.2,269.21,1803.0
11:14,269.04,269.04,269.04,269.04,1357.0
11:15,269.62,269.62,269.45,269.5,1778.0
11:16,269.63,269.65,269.52,269.52,1933.0
11:17,269.55,269.59,269.53,269.54,3243.0
11:18,269.94,269.94,269.75,269.75,2598.0
11:19,270.09,270.09,269.76,269.76,11662.0
11:20,270.13,270.13,269.93,269.93,3948.0
11:21,270.12,270.16,270.05,270.05,1386.0
11:22,269.99,270.05,269.89,270.0,2182.0
11:23,270.34,270.34,269.99,269.99,3681.0
11:24,270.28,270.53,270.26,270.29,4856.0
11:25,269.83,270.28,269.83,270.27,7311.0
11:26,269.29,269.92,269.29,269.83,5400.0
11:27,269.18,269.29,269.17,269.29,3478.0
11:28,268.68,269.38,268.68,269.33,3679.0
11:29,268.63,268.76,268.63,268.74,1681.0
11:30,268.69,268.9,268.55,268.61,5973.0
11:31,269.08,269.08,268.69,268.89,4805.0
11:32,268.89,268.89,268.82,268.82,978.0
11:33,269.21,269.21,268.81,268.83,2802.0
11:34,269.3,269.39,269.13,269.39,3589.0
11:35,269.16,269.16,269.16,269.16,773.0
11:36,269.27,269.27,269.27,269.27,940.0
11:37,269.16,269.55,269.16,269.18,1522.0
11:38,269.05,269.22,268.92,269.18,3072.0
11:39,269.05,269.05,268.75,269.05,1366.0
11:40,268.76,269.16,268.68,269.05,7061.0
11:41,269.05,269.05,268.76,268.76,2891.0
11:42,269.55,269.55,269.02,269.15,10907.0
11:43,269.54,269.62,269.54,269.62,2768.0
11:44,269.13,269.13,269.13,269.13,737.0
11:45,268.87,269.06,268.87,269.06,2405.0
11:46,268.94,269.24,268.81,268.81,4253.0
11:47,269.27,269.27,269.27,269.27,1215.0
11:48,269.29,269.29,269.29,269.29,1416.0
11:49,269.32,269.32,269.31,269.32,1616.0
11:50,269.27,269.64,269.27,269.64,3385.0
11:51,269.6,269.65,269.46,269.61,2091.0
11:52,269.46,269.67,269.46,269.57,2136.0
11:53,269.58,269.58,269.5,269.5,2513.0
11:54,269.57,269.76,269.5,269.73,4068.0
11:55,269.56,269.95,269.5,269.95,5623.0
11:56,269.23,269.63,269.23,269.6,7764.0
11:57,269.18,269.29,269.06,269.29,977.0
11:58,269.53,269.6,269.18,269.18,21578.0
11:59,269.69,269.73,269.52,269.53,2307.0
12:00,269.98,270.14,269.38,269.38,5001.0
12:01,270.28,270.32,270.09,270.09,10777.0
12:02,270.12,270.35,270.12,270.35,4623.0
12:03,269.87,270.38,269.87,270.28,5872.0
12:04,269.9,269.93,269.85,269.86,3944.0
12:05,270.46,270.46,270.0,270.0,2486.0
12:06,270.77,270.77,270.51,270.51,2479.0
12:07,270.67,270.89,270.39,270.39,4492.0
12:08,270.71,270.78,270.71,270.78,1802.0
12:09,270.88,271.16,270.88,270.88,28054.0
12:10,271.0,271.21,270.99,270.99,8215.0
12:11,271.18,271.26,270.92,270.98,6411.0
12:12,271.41,271.41,271.18,271.22,4776.0
12:13,271.49,271.49,271.21,271.23,7394.0
12:14,271.83,271.91,271.44,271.44,3907.0
12:15,271.68,272.0,271.46,271.75,7150.0
12:16,271.77,271.99,271.77,271.8,3739.0
12:17,271.98,271.98,271.74,271.74,1866.0
12:18,271.43,271.8,271.41,271.77,7016.0
12:19,271.73,271.73,271.54,271.55,2323.0
12:20,271.58,271.85,271.53,271.85,3058.0
12:21,271.76,271.76,271.76,271.76,387.0
12:22,271.72,271.93,271.72,271.79,2576.0
12:23,270.84,271.61,270.83,271.61,7758.0
12:24,271.16,271.16,270.64,270.64,4796.0
12:25,270.96,270.98,270.68,270.68,3344.0
12:26,270.84,271.11,270.79,271.11,3455.0
12:27,270.77,270.84,270.69,270.84,5723.0
12:28,271.18,271.18,270.77,270.77,3413.0
12:29,271.02,271.05,271.02,271.05,1774.0
12:30,271.58,271.58,271.1,271.1,4242.0
12:31,271.69,271.72,271.32,271.66,3563.0
12:32,271.69,271.84,271.53,271.69,2112.0
12:33,271.7,271.93,271.7,271.83,2965.0
12:34,271.7,271.73,271.7,271.71,1459.0
12:35,271.52,271.7,271.52,271.7,3172.0
12:36,271.44,271.73,271.44,271.58,2102.0
12:37,271.66,271.8,271.61,271.61,1907.0
12:38,271.64,271.8,271.64,271.65,5475.0
12:39,271.44,271.59,271.38,271.59,2234.0
12:40,271.2,271.43,271.2,271.43,2948.0
12:41,271.15,271.17,271.15,271.17,934.0
12:42,271.12,271.24,271.12,271.24,960.0
12:43,271.14,271.29,271.1,271.12,4013.0
12:44,271.23,271.25,271.12,271.12,2356.0
12:45,271.16,271.48,271.16,271.37,4952.0
12:46,271.32,271.32,271.32,271.32,834.0
12:47,271.33,271.35,271.33,271.34,1493.0
12:48,271.36,271.6,271.33,271.33,4186.0
12:49,271.48,271.5,271.3,271.36,3083.0
12:50,271.48,271.48,271.48,271.48,696.0
12:51,271.42,271.48,271.42,271.48,3363.0
12:52,271.72,271.86,271.48,271.48,4512.0
12:53,271.81,271.81,271.6,271.7,1631.0
12:54,271.72,271.72,271.7,271.7,1195.0
12:55,271.52,271.81,271.52,271.64,4763.0
12:56,271.81,271.81,271.62,271.62,2211.0
12:57,271.72,271.85,271.6,271.77,5371.0
12:58,271.68,271.68,271.59,271.67,2500.0
12:59,271.64,271.76,271.64,271.73,3574.0
13:00,271.64,271.68,271.48,271.64,2720.0
13:01,271.89,271.89,271.67,271.67,2364.0
13:02,271.89,271.89,271.48,271.84,8600.0
13:03,271.89,271.99,271.85,271.99,6417.0
13:04,271.89,271.89,271.88,271.88,1752.0
13:05,272.12,272.22,271.88,271.88,4310.0
13:06,272.29,272.29,272.05,272.18,5648.0
13:07,272.22,272.33,272.21,272.33,1784.0
13:08,272.11,272.31,272.1,272.1,2998.0
13:09,272.04,272.12,271.94,272.11,2536.0
13:10,272.1,272.12,271.99,272.01,5554.0
13:11,271.69,272.0,271.69,271.99,4996.0
13:12,271.75,271.75,271.7,271.7,971.0
13:13,271.84,271.93,271.77,271.77,5281.0
13:14,271.64,271.77,271.59,271.77,3238.0
13:15,271.7,271.8,271.65,271.79,2357.0
13:16,272.0,272.0,271.68,271.68,1314.0
13:17,272.29,272.29,272.06,272.06,1752.0
13:18,272.18,272.18,272.15,272.15,1173.0
13:19,272.63,272.63,272.27,272.27,3105.0
13:20,272.66,272.66,272.6,272.62,3134.0
13:21,272.59,272.7,272.49,272.69,6352.0
13:22,272.34,272.49,272.33,272.49,2614.0
13:23,272.1,272.21,272.03,272.21,1302.0
13:24,271.76,272.1,271.76,272.1,2907.0
13:25,272.03,272.14,272.0,272.14,9942.0
13:26,271.99,272.1,271.92,272.09,7935.0
13:27,271.95,272.05,271.84,272.04,5928.0
13:28,272.18,272.19,272.03,272.03,1886.0
13:29,272.29,272.3,272.26,272.3,2360.0
13:30,272.25,272.25,272.25,272.25,541.0
13:31,272.35,272.55,272.02,272.46,15364.0
13:32,272.26,272.34,272.26,272.31,2941.0
13:33,272.27,272.27,272.27,272.27,1182.0
13:34,272.39,272.39,272.3,272.3,3468.0
13:35,272.11,272.57,272.04,272.39,8233.0
13:36,271.79,272.2,271.71,272.04,25227.0
13:37,271.92,272.01,271.7,271.79,2030.0
13:38,271.9,272.0,271.9,272.0,2078.0
13:39,271.95,272.18,271.95,271.95,2218.0
13:40,272.3,272.49,272.3,272.3,2786.0
13:41,272.43,272.6,272.3,272.45,9873.0
13:42,272.4,272.57,272.38,272.57,4871.0
13:43,272.4,272.4,272.34,272.4,1707.0
13:44,272.33,272.41,272.33,272.4,1761.0
13:45,272.41,272.6,272.41,272.56,2446.0
13:46,272.69,272.69,272.59,272.59,1275.0
13:47,272.53,272.54,272.53,272.54,1372.0
13:48,272.43,272.43,272.43,272.43,688.0
13:49,272.69,272.69,272.61,272.61,3802.0
13:50,272.83,272.83,272.65,272.65,4283.0
13:51,272.7,272.92,272.7,272.88,9991.0
13:52,273.14,273.23,272.74,272.76,9733.0
13:53,273.35,273.35,273.09,273.14,5228.0
13:54,273.05,273.28,272.92,273.21,10164.0
13:55,273.23,273.23,273.05,273.08,3468.0
13:56,272.84,273.06,272.7,273.02,30705.0
13:57,272.98,272.98,272.69,272.89,11375.0
13:58,273.24,273.24,272.92,273.09,2446.0
13:59,273.05,273.18,273.05,273.18,1787.0
14:00,272.89,273.05,272.85,273.05,3499.0
14:01,272.76,272.88,272.71,272.88,9849.0
14:02,272.89,272.97,272.76,272.76,4088.0
14:03,272.89,272.89,272.88,272.89,2341.0
14:04,272.93,273.02,272.85,273.02,1759.0
14:05,272.84,272.93,272.71,272.85,8459.0
14:06,272.76,272.85,272.75,272.75,2407.0
14:07,272.68,272.85,272.57,272.85,10447.0
14:08,272.79,272.87,272.38,272.68,20804.0
14:09,272.73,272.79,272.62,272.79,5509.0
14:10,272.56,272.71,272.56,272.71,7414.0
14:11,272.7,272.71,272.53,272.67,6731.0
14:12,272.83,272.92,272.66,272.66,17105.0
14:13,272.76,272.93,272.72,272.85,6646.0
14:14,272.74,272.77,272.74,272.75,1230.0
14:15,272.76,272.83,272.6,272.83,1228.0
14:16,272.85,272.95,272.74,272.75,5189.0
14:17,272.85,272.86,272.74,272.85,3455.0
14:18,272.95,272.95,272.81,272.81,558.0
14:19,272.45,272.79,272.45,272.79,5404.0
14:20,272.73,272.77,272.48,272.55,5739.0
14:21,272.27,272.69,272.27,272.69,4997.0
14:22,272.1,272.37,272.0,272.28,8944.0
14:23,272.38,272.42,272.1,272.1,4184.0
14:24,272.64,272.64,272.48,272.49,4888.0
14:25,272.61,272.67,272.59,272.61,3135.0
14:26,272.61,272.61,272.61,272.61,1222.0
14:27,272.89,272.89,272.73,272.73,2808.0
14:28,272.89,272.94,272.78,272.86,4465.0
14:29,272.7,272.95,272.7,272.89,5002.0
14:30,273.08,273.1,272.81,272.81,4302.0
14:31,273.1,273.2,272.85,273.2,5169.0
14:32,272.67,273.1,272.54,273.1,8477.0
14:33,272.95,272.95,272.75,272.79,2375.0
14:34,272.52,272.83,272.52,272.83,1389.0
14:35,272.21,272.58,272.21,272.58,2020.0
14:36,272.24,272.24,272.24,272.24,1079.0
14:37,272.46,272.46,272.25,272.28,1428.0
14:38,272.3,272.33,272.13,272.3,3035.0
14:39,272.32,272.43,272.28,272.28,1458.0
14:40,272.04,272.42,271.9,272.24,8996.0
14:41,272.09,272.09,272.09,272.09,996.0
14:42,272.01,272.07,271.99,271.99,3211.0
14:43,271.47,272.0,271.3,271.99,19289.0
14:44,271.46,271.58,271.46,271.58,1826.0
14:45,271.46,271.58,271.46,271.56,4023.0
14:46,271.74,271.76,271.21,271.4,17747.0
14:47,271.53,271.76,271.53,271.76,4394.0
14:48,271.94,271.94,271.69,271.69,2182.0
14:49,271.89,271.96,271.89,271.96,2098.0
14:50,271.99,272.11,271.83,271.83,2787.0
14:51,271.95,271.99,271.95,271.99,2366.0
14:52,271.85,271.93,271.76,271.85,4289.0
14:53,271.95,272.11,271.95,272.1,2252.0
14:54,272.35,272.38,271.95,272.1,32411.0
14:55,272.21,272.36,272.16,272.36,2207.0
14:56,272.16,272.32,272.0,272.16,5273.0
14:57,271.95,272.15,271.89,272.15,2799.0
14:58,271.65,271.95,271.65,271.82,3443.0
14:59,271.67,271.8,271.6,271.6,2936.0
15:00,271.85,271.85,271.78,271.78,1151.0
15:01,271.87,271.87,271.69,271.71,2063.0
15:02,271.44,271.75,271.44,271.75,3156.0
15:03,271.67,271.71,271.67,271.71,2239.0
15:04,271.73,271.82,271.62,271.67,2714.0
15:05,271.76,271.93,271.74,271.74,6906.0
15:06,271.92,271.94,271.79,271.86,3073.0
15:07,271.98,272.0,271.89,271.89,1696.0
15:08,271.79,271.99,271.79,271.9,4131.0
15:09,271.64,271.89,271.64,271.89,3745.0
15:10,271.92,272.04,271.71,271.71,3129.0
15:11,272.11,272.11,272.0,272.0,1407.0
15:12,272.32,272.45,272.14,272.16,4068.0
15:13,272.44,272.52,272.36,272.49,4870.0
15:14,272.52,272.52,272.37,272.42,2820.0
15:15,272.45,272.45,272.32,272.45,1040.0
15:16,272.31,272.44,272.29,272.43,2519.0
15:17,272.36,272.42,272.36,272.42,2194.0
15:18,272.4,272.4,272.4,272.4,789.0
15:19,272.32,272.43,272.32,272.43,2142.0
15:20,272.46,272.46,272.36,272.41,4717.0
15:21,272.46,272.46,272.39,272.42,1791.0
15:22,272.48,272.48,272.45,272.45,899.0
15:23,272.52,272.55,272.33,272.48,7769.0
15:24,272.53,272.59,272.52,272.52,2504.0
15:25,272.35,272.55,272.24,272.55,3535.0
15:26,272.51,272.51,272.34,272.35,3415.0
15:27,272.61,272.61,272.48,272.52,4617.0
15:28,272.76,272.82,272.61,272.7,6743.0
15:29,272.6,272.82,272.53,272.82,8314.0
15:30,272.24,272.42,272.15,272.39,7194.0
15:31,272.24,272.24,272.2,272.24,2257.0
15:32,272.41,272.41,272.21,272.21,6648.0
15:33,272.36,272.51,272.36,272.47,6369.0
15:34,272.21,272.28,272.16,272.28,2727.0
15:35,272.05,272.22,271.94,272.12,7653.0
15:36,271.8,271.98,271.7,271.98,6667.0
15:37,271.78,271.89,271.75,271.8,8796.0
15:38,271.72,271.84,271.63,271.78,7399.0
15:39,271.94,271.95,271.72,271.74,3533.0
15:40,271.98,272.05,271.81,271.84,4913.0
15:41,272.02,272.1,271.91,272.05,6205.0
15:42,272.05,272.1,271.98,272.07,2847.0
15:43,271.98,272.01,271.98,272.01,2529.0
15:44,271.95,272.08,271.95,271.98,5168.0
15:45,272.02,272.13,271.95,272.01,10439.0
15:46,271.55,271.94,271.55,271.94,13155.0
15:47,271.29,271.63,271.21,271.63,35003.0
15:48,271.12,271.23,271.11,271.23,6737.0
15:49,271.09,271.2,271.03,271.1,13449.0
15:50,271.21,271.26,271.04,271.05,12963.0
15:51,271.07,271.08,270.97,271.08,6210.0
15:52,270.97,271.15,270.37,271.1,48708.0
15:53,270.93,271.19,270.91,271.0,14446.0
15:54,271.23,271.23,270.77,270.93,16016.0
15:55,271.11,271.27,271.11,271.27,15497.0
15:56,270.95,271.07,270.84,271.01,26328.0
15:57,270.72,270.92,270.66,270.91,19065.0
15:58,271.22,271.25,270.65,270.68,54958.0
15:59,271.1,271.36,271.1,271.22,43473.0
