Time,Close,High,Low,Open,Volume
09:30,1028.83,1032.22,1027.5,1029.64,89624.0
09:31,1031.54,1031.87,1026.25,1030.61,13503.0
09:32,1030.31,1033.48,1028.9,1031.54,17515.0
09:33,1032.24,1033.5,1029.76,1029.76,11887.0
09:34,1036.05,1036.68,1032.0,1032.0,21330.0
09:35,1038.62,1039.58,1035.66,1035.66,19321.0
09:36,1042.39,1043.43,1038.0,1038.69,26982.0
09:37,1039.58,1042.99,1039.06,1042.76,18836.0
09:38,1039.13,1039.32,1038.15,1039.09,11685.0
09:39,1039.0,1039.34,1038.1,1038.79,7265.0
09:40,1038.7,1040.89,1037.26,1039.05,16493.0
09:41,1040.0,1040.92,1038.57,1039.01,12115.0
09:42,1041.41,1042.3,1038.97,1039.9,11590.0
09:43,1040.69,1042.0,1040.04,1041.9,10448.0
09:44,1039.8,1041.62,1038.91,1041.62,9417.0
09:45,1041.0,1041.0,1039.09,1039.46,7418.0
09:46,1039.75,1041.88,1039.75,1041.88,14353.0
09:47,1038.84,1039.99,1038.42,1039.68,7081.0
09:48,1039.65,1040.62,1037.24,1038.91,5172.0
09:49,1039.52,1040.5,1038.67,1039.65,6393.0
09:50,1036.56,1040.37,1036.22,1038.65,14646.0
09:51,1038.79,1038.79,1036.0,1036.52,4934.0
09:52,1040.11,1040.63,1037.77,1038.79,10612.0
09:53,1041.1,1041.65,1039.22,1040.11,11368.0
09:54,1041.51,1043.0,1040.81,1040.83,11422.0
09:55,1041.66,1041.84,1040.04,1041.84,4229.0
09:56,1044.51,1045.2,1041.83,1042.35,18454.0
09:57,1044.52,1044.78,1044.04,1044.21,7024.0
09:58,1044.65,1044.91,1044.05,1044.53,14205.0
09:59,1047.0,1047.0,1044.3,1044.69,14701.0
10:00,1046.09,1047.72,1045.91,1046.5,16604.0
10:01,1046.32,1046.45,1044.31,1045.98,21657.0
10:02,1047.22,1047.4,1046.09,1046.33,6661.0
10:03,1045.27,1046.94,1044.01,1046.77,8697.0
10:04,1046.57,1046.67,1044.77,1044.77,6254.0
10:05,1045.97,1047.44,1045.72,1047.06,9620.0
10:06,1044.64,1046.76,1044.64,1046.03,8220.0
10:07,1044.34,1046.03,1044.29,1044.64,8164.0
10:08,1043.04,1044.52,1042.33,1044.04,12241.0
10:09,1042.8,1043.32,1041.86,1042.8,4713.0
10:10,1042.23,1043.07,1041.29,1042.0,14900.0
10:11,1041.5,1042.94,1041.26,1041.26,11904.0
10:12,1042.6,1042.95,1041.65,1042.15,3357.0
10:13,1042.12,1042.49,1041.55,1042.26,5049.0
10:14,1041.24,1042.43,1040.96,1042.29,11095.0
10:15,1041.04,1041.47,1040.53,1041.47,5873.0
10:16,1039.19,1041.04,1039.0,1041.04,10125.0
10:17,1037.8,1039.53,1037.66,1039.08,11286.0
10:18,1038.98,1040.0,1037.29,1037.6,8002.0
10:19,1040.68,1041.0,1038.24,1038.25,6111.0
10:20,1040.18,1042.4,1039.6,1040.28,29578.0
10:21,1040.27,1040.85,1039.06,1040.23,15208.0
10:22,1040.67,1041.0,1039.78,1040.29,5750.0
10:23,1038.85,1040.68,1038.0,1040.68,11221.0
10:24,1039.78,1040.22,1038.71,1038.71,3809.0
10:25,1039.58,1039.66,1038.5,1039.48,3834.0
10:26,1040.33,1040.34,1039.53,1039.6,4511.0
10:27,1039.66,1041.0,1039.25,1040.19,6491.0
10:28,1041.61,1041.61,1039.35,1039.65,6423.0
10:29,1040.66,1041.66,1040.62,1041.66,6058.0
10:30,1042.86,1043.07,1040.74,1041.04,5641.0
10:31,1041.6,1043.21,1041.5,1043.21,5428.0
10:32,1041.71,1042.99,1041.51,1042.26,5585.0
10:33,1043.4,1043.56,1041.65,1041.65,3518.0
10:34,1042.85,1043.61,1042.66,1043.48,4582.0
10:35,1043.28,1043.28,1042.09,1042.79,3636.0
10:36,1043.49,1043.49,1042.77,1042.77,3290.0
10:37,1043.97,1044.1,1043.01,1043.75,7020.0
10:38,1045.2,1046.0,1043.64,1044.17,8467.0
10:39,1045.25,1045.75,1044.68,1045.46,6234.0
10:40,1045.65,1046.09,1045.25,1045.25,6477.0
10:41,1045.94,1046.29,1045.24,1045.44,4994.0
10:42,1046.52,1046.62,1045.47,1045.94,1748.0
10:43,1047.62,1047.62,1046.25,1046.43,7334.0
10:44,1047.6,1047.73,1047.11,1047.68,5914.0
10:45,1047.58,1047.71,1047.22,1047.53,6314.0
10:46,1048.06,1048.12,1047.45,1047.7,9429.0
10:47,1048.73,1048.8,1047.84,1048.04,8666.0
10:48,1050.26,1050.27,1048.51,1048.99,37137.0
10:49,1050.05,1050.5,1049.22,1050.0,10352.0
10:50,1049.75,1050.5,1049.1,1050.19,8024.0
10:51,1047.84,1049.33,1047.56,1049.31,7652.0
10:52,1048.28,1048.94,1047.78,1047.78,3996.0
10:53,1048.28,1048.94,1047.39,1048.12,3501.0
10:54,1047.98,1048.94,1047.53,1048.76,4281.0
10:55,1048.1,1049.24,1047.5,1047.99,14033.0
10:56,1049.69,1050.0,1047.56,1048.11,11397.0
10:57,1049.2,1050.0,1048.87,1049.69,9120.0
10:58,1049.35,1049.92,1048.81,1048.96,4225.0
10:59,1049.29,1049.57,1048.62,1049.22,6409.0
11:00,1049.22,1049.54,1048.69,1049.34,2907.0
11:01,1050.1,1050.27,1048.58,1049.22,19845.0
11:02,1051.64,1051.77,1049.82,1050.13,13935.0
11:03,1051.39,1052.25,1050.52,1051.29,9350.0
11:04,1050.89,1051.32,1050.03,1051.14,5386.0
11:05,1050.02,1051.09,1049.3,1051.0,9438.0
11:06,1048.35,1049.98,1048.02,1049.54,10571.0
11:07,1047.44,1048.39,1047.44,1048.31,8804.0
11:08,1048.26,1048.45,1047.44,1047.44,7099.0
11:09,1047.73,1048.47,1047.56,1048.26,8718.0
11:10,1046.81,1048.84,1046.4,1048.84,9943.0
11:11,1048.4,1049.0,1046.2,1046.54,19657.0
11:12,1048.59,1048.87,1048.14,1048.7,5916.0
11:13,1049.59,1049.59,1048.34,1048.59,9113.0
11:14,1049.03,1050.0,1048.3,1049.69,9228.0
11:15,1048.82,1049.42,1048.3,1049.06,5411.0
11:16,1048.82,1048.98,1048.49,1048.49,3345.0
11:17,1048.74,1049.35,1048.74,1048.8,2881.0
11:18,1049.17,1049.17,1048.31,1048.74,2150.0
11:19,1050.48,1050.48,1048.51,1048.74,6398.0
11:20,1050.55,1050.89,1050.0,1050.47,3876.0
11:21,1050.83,1051.0,1050.3,1050.31,6282.0
11:22,1049.9,1051.0,1049.08,1051.0,5460.0
11:23,1049.12,1049.85,1048.55,1049.77,4985.0
11:24,1046.96,1048.83,1046.5,1048.83,6451.0
11:25,1046.75,1048.3,1046.75,1046.96,15559.0
11:26,1046.16,1047.0,1045.92,1046.5,7497.0
11:27,1047.08,1047.26,1045.2,1045.79,5273.0
11:28,1047.12,1048.06,1046.73,1046.73,12749.0
11:29,1047.91,1049.0,1046.36,1046.98,5228.0
11:30,1048.38,1048.83,1048.15,1048.21,2985.0
11:31,1048.56,1048.56,1048.0,1048.46,3962.0
11:32,1048.55,1049.0,1048.32,1048.63,3965.0
11:33,1049.04,1049.44,1048.22,1048.22,2593.0
11:34,1048.05,1048.87,1048.02,1048.72,5148.0
11:35,1047.58,1047.74,1047.04,1047.71,6358.0
11:36,1047.59,1047.59,1047.31,1047.51,2041.0
11:37,1046.93,1047.59,1046.79,1047.59,6234.0
11:38,1047.04,1047.18,1046.79,1046.97,4159.0
11:39,1045.64,1047.43,1045.45,1047.25,6764.0
11:40,1046.42,1046.55,1045.26,1045.94,14676.0
11:41,1045.96,1047.25,1045.95,1046.8,2875.0
11:42,1046.41,1046.69,1046.3,1046.39,3126.0
11:43,1046.49,1046.71,1046.4,1046.4,1660.0
11:44,1047.46,1048.0,1046.07,1046.54,8152.0
11:45,1047.54,1047.98,1047.28,1047.38,4922.0
11:46,1048.22,1048.22,1047.54,1047.54,4701.0
11:47,1048.05,1048.19,1047.86,1047.99,3857.0
11:48,1047.78,1048.2,1047.55,1048.05,7835.0
11:49,1046.99,1048.22,1046.99,1048.0,3129.0
11:50,1047.09,1047.45,1046.99,1047.05,4274.0
11:51,1046.98,1047.82,1046.6,1047.37,3966.0
11:52,1047.17,1047.17,1046.62,1046.98,2442.0
11:53,1047.18,1047.72,1047.17,1047.17,2851.0
11:54,1047.36,1047.57,1047.0,1047.18,3172.0
11:55,1048.27,1048.27,1046.87,1047.0,18820.0
11:56,1048.29,1048.37,1047.68,1048.04,3679.0
11:57,1049.51,1049.75,1048.09,1048.09,5428.0
11:58,1050.42,1050.42,1049.59,1049.65,7098.0
11:59,1050.99,1051.19,1050.45,1050.45,5428.0
12:00,1050.91,1052.0,1050.59,1050.8,10289.0
12:01,1051.44,1051.68,1051.01,1051.01,4436.0
12:02,1052.55,1052.88,1051.39,1051.39,14547.0
12:03,1051.02,1053.2,1050.7,1052.78,8679.0
12:04,1050.42,1051.06,1050.0,1050.97,10946.0
12:05,1049.64,1050.11,1049.55,1050.06,8024.0
12:06,1049.39,1050.07,1049.26,1049.64,2938.0
12:07,1048.59,1049.62,1048.19,1049.41,2330.0
12:08,1048.9,1049.05,1048.49,1048.49,3363.0
12:09,1049.2,1049.25,1048.37,1048.86,3861.0
12:10,1049.86,1050.0,1048.93,1049.0,2246.0
12:11,1049.49,1049.98,1049.49,1049.86,3533.0
12:12,1050.06,1050.06,1049.49,1049.97,3792.0
12:13,1049.82,1050.36,1049.56,1049.82,3155.0
12:14,1049.65,1050.15,1049.41,1050.15,3511.0
12:15,1049.8,1049.8,1048.66,1049.53,4684.0
12:16,1049.68,1049.68,1048.94,1049.21,3133.0
12:17,1049.95,1050.35,1049.4,1049.4,3081.0
12:18,1049.82,1050.5,1049.74,1049.91,7709.0
12:19,1050.07,1050.59,1049.8,1049.8,4282.0
12:20,1049.62,1050.07,1049.08,1049.81,6592.0
12:21,1049.89,1050.0,1049.68,1050.0,533.0
12:22,1049.06,1050.24,1049.05,1049.69,7096.0
12:23,1049.59,1049.75,1049.46,1049.75,1422.0
12:24,1049.65,1050.14,1049.2,1050.04,2838.0
12:25,1049.32,1049.81,1049.3,1049.66,7180.0
12:26,1049.09,1050.11,1048.52,1049.91,7615.0
12:27,1049.34,1049.88,1049.07,1049.24,2487.0
12:28,1050.0,1050.25,1049.55,1049.73,7564.0
12:29,1049.81,1050.09,1049.69,1050.0,3261.0
12:30,1049.38,1049.83,1049.31,1049.56,2608.0
12:31,1050.57,1050.92,1049.3,1049.35,7239.0
12:32,1050.02,1050.83,1049.92,1050.56,5396.0
12:33,1050.07,1050.46,1049.64,1050.2,4740.0
12:34,1049.97,1050.37,1049.41,1049.78,4344.0
12:35,1050.49,1050.5,1049.52,1049.64,8233.0
12:36,1049.72,1050.69,1049.67,1050.58,5530.0
12:37,1050.15,1050.15,1049.33,1049.96,6237.0
12:38,1049.25,1049.98,1048.81,1049.83,2994.0
12:39,1049.82,1049.97,1048.81,1049.39,1577.0
12:40,1050.02,1050.37,1049.02,1049.39,3423.0
12:41,1050.54,1050.87,1049.94,1050.02,8119.0
12:42,1052.41,1052.45,1050.54,1050.99,7578.0
12:43,1052.7,1052.9,1052.0,1052.0,4905.0
12:44,1052.39,1053.29,1052.39,1052.8,10310.0
12:45,1051.86,1052.74,1051.71,1052.55,6760.0
12:46,1053.8,1054.29,1052.07,1052.1,12066.0
12:47,1053.17,1054.12,1052.96,1054.12,3621.0
12:48,1051.85,1052.82,1051.27,1052.82,5883.0
12:49,1051.41,1052.58,1051.24,1051.83,2829.0
12:50,1051.17,1051.48,1050.7,1051.45,4047.0
12:51,1051.64,1051.98,1050.95,1051.44,4797.0
12:52,1052.74,1052.87,1051.62,1051.93,3720.0
12:53,1052.45,1053.03,1052.19,1052.97,6441.0
12:54,1052.0,1052.42,1051.77,1052.42,4327.0
12:55,1052.37,1052.44,1051.67,1051.67,2400.0
12:56,1052.01,1052.23,1051.47,1052.09,6353.0
12:57,1051.46,1052.1,1051.46,1052.03,2108.0
12:58,1050.12,1051.34,1049.7,1051.34,4717.0
12:59,1049.83,1050.34,1049.83,1049.83,3863.0
13:00,1050.39,1050.41,1049.33,1049.77,7198.0
13:01,1049.88,1050.39,1049.47,1050.39,6063.0
13:02,1051.0,1051.0,1050.09,1050.27,3976.0
13:03,1051.11,1051.61,1051.0,1051.0,4070.0
13:04,1050.76,1051.03,1050.66,1050.96,2938.0
13:05,1050.32,1051.03,1050.29,1050.66,5272.0
13:06,1051.31,1051.31,1050.09,1050.29,2678.0
13:07,1050.36,1050.52,1049.44,1050.24,6954.0
13:08,1050.86,1051.49,1050.08,1050.26,5320.0
13:09,1051.3,1051.55,1051.2,1051.43,4660.0
13:10,1051.04,1051.13,1050.17,1050.86,4957.0
13:11,1050.75,1051.4,1050.62,1050.88,3218.0
13:12,1050.99,1051.01,1050.15,1051.01,1707.0
13:13,1050.99,1051.51,1050.9,1050.9,5514.0
13:14,1051.02,1051.55,1050.63,1051.22,5945.0
13:15,1050.29,1051.21,1050.15,1051.21,2216.0
13:16,1050.32,1050.4,1049.6,1050.36,5458.0
13:17,1050.43,1050.57,1050.19,1050.33,1691.0
13:18,1050.07,1050.57,1049.65,1050.57,3300.0
13:19,1051.67,1051.67,1050.15,1050.25,8534.0
13:20,1051.94,1052.6,1051.57,1051.57,5263.0
13:21,1052.61,1052.75,1051.84,1052.18,3815.0
13:22,1052.94,1053.0,1052.24,1052.73,4934.0
13:23,1053.4,1053.43,1052.9,1053.43,4798.0
13:24,1053.75,1053.97,1052.61,1053.38,11466.0
13:25,1054.29,1054.8,1053.64,1053.77,8811.0
13:26,1054.47,1055.06,1054.16,1054.49,13895.0
13:27,1053.7,1054.75,1053.63,1054.47,12458.0
13:28,1053.5,1053.96,1053.11,1053.8,6473.0
13:29,1052.36,1053.5,1052.34,1053.41,3443.0
13:30,1052.35,1053.34,1052.35,1052.44,7626.0
13:31,1052.05,1052.85,1051.65,1052.69,3492.0
13:32,1052.29,1052.98,1052.14,1052.24,5135.0
13:33,1051.95,1052.89,1051.43,1052.29,6655.0
13:34,1052.39,1052.5,1051.51,1051.51,3096.0
13:35,1053.21,1053.23,1052.33,1052.42,3180.0
13:36,1053.37,1053.58,1053.29,1053.58,1394.0
13:37,1053.44,1053.73,1053.32,1053.37,6951.0
13:38,1053.15,1054.39,1053.0,1053.7,9498.0
13:39,1053.09,1053.15,1052.4,1053.15,3864.0
13:40,1053.49,1053.81,1053.21,1053.63,3938.0
13:41,1053.63,1054.04,1052.99,1053.79,7542.0
13:42,1052.95,1053.82,1052.95,1053.53,2655.0
13:43,1053.2,1053.88,1052.69,1052.8,4716.0
13:44,1054.0,1054.13,1052.99,1053.01,6006.0
13:45,1052.79,1053.92,1052.35,1053.92,4417.0
13:46,1052.65,1052.84,1052.2,1052.61,5961.0
13:47,1053.41,1053.42,1051.97,1052.64,9009.0
13:48,1052.25,1053.37,1052.25,1053.37,3729.0
13:49,1052.23,1052.24,1052.07,1052.24,1199.0
13:50,1052.94,1052.94,1051.76,1051.76,5155.0
13:51,1053.17,1053.65,1052.52,1052.71,2685.0
13:52,1053.46,1053.46,1053.02,1053.33,2941.0
13:53,1053.34,1053.46,1052.76,1053.41,4847.0
13:54,1053.55,1053.55,1052.98,1053.23,1858.0
13:55,1053.2,1053.63,1053.02,1053.32,4977.0
13:56,1052.99,1053.31,1052.72,1052.98,3022.0
13:57,1052.76,1053.71,1052.61,1053.31,8737.0
13:58,1052.1,1052.83,1052.1,1052.42,2974.0
13:59,1052.94,1053.15,1051.52,1052.1,12282.0
14:00,1052.49,1053.16,1052.16,1052.93,3207.0
14:01,1053.75,1053.81,1052.62,1052.98,2852.0
14:02,1055.14,1055.59,1054.0,1054.0,16189.0
14:03,1054.78,1055.5,1054.13,1055.18,6788.0
14:04,1054.32,1055.47,1054.06,1054.81,5896.0
14:05,1054.56,1054.65,1054.18,1054.44,3006.0
14:06,1054.79,1054.97,1054.42,1054.42,3516.0
14:07,1054.05,1055.13,1053.95,1054.79,6009.0
14:08,1054.27,1054.27,1053.44,1054.05,6461.0
14:09,1054.12,1054.6,1053.64,1054.14,4669.0
14:10,1052.47,1053.77,1052.47,1053.75,5393.0
14:11,1052.48,1052.99,1052.33,1052.63,7529.0
14:12,1051.89,1052.63,1051.85,1052.48,5546.0
14:13,1050.65,1052.01,1050.65,1051.84,10972.0
14:14,1051.22,1051.54,1050.64,1050.95,6818.0
14:15,1050.48,1051.72,1050.48,1051.5,4135.0
14:16,1050.32,1050.69,1050.08,1050.59,5722.0
14:17,1049.93,1050.5,1049.33,1050.5,4657.0
14:18,1049.08,1050.02,1049.08,1049.93,10896.0
14:19,1049.49,1050.3,1048.86,1048.92,15327.0
14:20,1049.36,1049.8,1049.0,1049.41,5180.0
14:21,1048.98,1049.61,1048.52,1049.37,5075.0
14:22,1048.68,1049.24,1048.6,1048.88,6818.0
14:23,1049.0,1049.0,1048.64,1048.8,1032.0
14:24,1048.56,1049.18,1048.03,1048.84,13019.0
14:25,1048.8,1048.9,1048.52,1048.55,2245.0
14:26,1047.38,1048.8,1047.0,1048.66,5927.0
14:27,1047.25,1047.75,1046.58,1047.49,6345.0
14:28,1047.74,1047.99,1046.84,1046.84,2746.0
14:29,1048.47,1048.84,1048.23,1048.53,2489.0
14:30,1048.13,1048.59,1048.03,1048.23,2638.0
14:31,1047.78,1048.42,1047.69,1048.16,5350.0
14:32,1047.89,1048.53,1047.55,1047.77,4181.0
14:33,1047.45,1048.38,1047.19,1048.38,2644.0
14:34,1048.21,1048.21,1047.32,1047.43,2529.0
14:35,1048.52,1048.52,1047.97,1048.2,3105.0
14:36,1048.29,1048.42,1047.79,1048.2,2125.0
14:37,1048.89,1049.25,1048.16,1048.31,5254.0
14:38,1048.51,1048.54,1048.5,1048.5,665.0
14:39,1048.68,1049.06,1048.38,1048.65,3539.0
14:40,1048.78,1049.19,1048.31,1048.31,2199.0
14:41,1049.0,1049.0,1048.35,1048.65,3668.0
14:42,1048.38,1049.2,1048.14,1048.71,6478.0
14:43,1048.4,1049.2,1048.4,1048.64,2909.0
14:44,1048.92,1049.42,1048.56,1048.99,2567.0
14:45,1049.18,1049.41,1048.73,1048.73,4195.0
14:46,1048.42,1049.29,1048.12,1048.95,4066.0
14:47,1048.68,1048.75,1048.32,1048.42,3656.0
14:48,1048.71,1048.71,1048.06,1048.67,1420.0
14:49,1049.23,1049.43,1048.3,1048.42,4161.0
14:50,1049.22,1049.6,1048.97,1049.3,2952.0
14:51,1049.72,1049.73,1049.1,1049.47,10662.0
14:52,1048.91,1049.42,1048.49,1049.42,5786.0
14:53,1048.85,1049.06,1048.5,1048.91,1781.0
14:54,1048.43,1048.64,1048.15,1048.51,5013.0
14:55,1049.28,1049.6,1048.43,1048.43,6344.0
14:56,1049.32,1049.47,1048.94,1049.28,10820.0
14:57,1047.46,1049.31,1047.46,1049.31,3609.0
14:58,1047.31,1048.36,1047.0,1048.36,5372.0
14:59,1047.71,1047.72,1047.0,1047.31,5841.0
15:00,1047.46,1048.18,1047.38,1047.39,4052.0
15:01,1047.9,1047.9,1047.79,1047.88,740.0
15:02,1048.32,1048.44,1047.48,1047.9,2447.0
15:03,1049.1,1049.58,1048.6,1048.64,3057.0
15:04,1049.6,1049.74,1049.06,1049.07,5530.0
15:05,1049.66,1050.0,1049.29,1049.61,12356.0
15:06,1049.86,1050.19,1049.32,1049.75,4940.0
15:07,1049.55,1049.86,1049.16,1049.86,2891.0
15:08,1049.67,1049.93,1049.43,1049.55,3534.0
15:09,1049.83,1050.0,1049.69,1049.83,6674.0
15:10,1049.74,1050.01,1049.32,1049.85,12671.0
15:11,1050.19,1050.29,1049.71,1049.71,6172.0
15:12,1049.68,1050.22,1049.66,1050.22,8313.0
15:13,1049.48,1049.65,1049.35,1049.46,4260.0
15:14,1049.6,1049.78,1049.31,1049.44,3739.0
15:15,1050.06,1050.18,1049.5,1049.55,9825.0
15:16,1050.66,1050.66,1049.95,1050.13,11583.0
15:17,1051.13,1051.31,1050.66,1050.66,6852.0
15:18,1051.65,1051.65,1050.63,1050.97,5321.0
15:19,1051.52,1051.81,1051.35,1051.35,2866.0
15:20,1051.02,1051.85,1050.97,1051.6,7093.0
15:21,1050.71,1051.04,1050.42,1051.02,7205.0
15:22,1050.53,1050.85,1050.34,1050.76,4397.0
15:23,1049.15,1050.42,1049.13,1050.42,13036.0
15:24,1049.64,1049.64,1048.9,1049.15,10322.0
15:25,1049.36,1049.5,1049.22,1049.31,5654.0
15:26,1049.52,1049.97,1049.22,1049.36,4229.0
15:27,1050.38,1051.06,1049.06,1049.82,20545.0
15:28,1051.12,1051.12,1050.56,1050.57,5457.0
15:29,1050.92,1051.29,1050.69,1051.13,3985.0
15:30,1050.03,1050.83,1049.9,1050.83,3944.0
15:31,1050.0,1050.28,1049.49,1050.03,8240.0
15:32,1049.68,1050.04,1049.39,1049.8,5509.0
15:33,1050.55,1050.78,1049.51,1049.61,16200.0
15:34,1050.11,1050.38,1049.76,1050.34,5223.0
15:35,1050.93,1050.93,1050.12,1050.12,6313.0
15:36,1050.73,1050.93,1050.56,1050.56,3402.0
15:37,1052.08,1052.1,1050.7,1050.91,9463.0
15:38,1052.69,1053.08,1052.06,1052.06,8656.0
15:39,1051.82,1053.02,1051.61,1052.8,9545.0
15:40,1051.01,1051.62,1050.89,1051.57,7963.0
15:41,1051.52,1051.62,1051.12,1051.2,7626.0
15:42,1051.09,1051.75,1050.81,1051.53,9527.0
15:43,1050.9,1051.14,1050.68,1050.9,3867.0
15:44,1051.24,1051.59,1050.96,1051.12,9364.0
15:45,1050.05,1051.42,1049.75,1051.28,7183.0
15:46,1050.0,1050.07,1049.29,1050.05,10349.0
15:47,1049.15,1050.05,1048.91,1050.01,6360.0
15:48,1048.74,1049.47,1048.74,1049.03,7711.0
15:49,1047.79,1048.85,1047.6,1048.75,9453.0
15:50,1049.74,1050.15,1047.64,1047.65,11304.0
15:51,1049.64,1050.0,1049.35,1049.74,21415.0
15:52,1050.0,1050.0,1049.41,1049.7,9401.0
15:53,1049.71,1050.24,1049.4,1049.86,20978.0
15:54,1048.94,1049.87,1048.69,1049.87,13899.0
15:55,1049.41,1049.93,1048.74,1048.99,24608.0
15:56,1048.11,1049.74,1048.08,1049.31,23894.0
15:57,1048.39,1049.0,1047.57,1048.11,25271.0
15:58,1048.69,1049.45,1048.01,1048.2,31634.0
15:59,1049.61,1049.61,1048.63,1049.03,48114.0
