Time,Close,High,Low,Open,Volume
09:30,928.68,932.0,925.0,931.17,166859.0
09:31,928.68,932.0,925.0,931.17,166859.0
09:32,928.68,932.0,925.0,931.17,166859.0
09:33,928.68,932.0,925.0,931.17,166859.0
09:34,928.68,932.0,925.0,931.17,166859.0
09:35,928.68,932.0,925.0,931.17,166859.0
09:36,928.68,932.0,925.0,931.17,166859.0
09:37,928.68,932.0,925.0,931.17,166859.0
09:38,928.68,932.0,925.0,931.17,166859.0
09:39,928.68,932.0,925.0,931.17,166859.0
09:40,928.68,932.0,925.0,931.17,166859.0
09:41,928.68,932.0,925.0,931.17,166859.0
09:42,928.68,932.0,925.0,931.17,166859.0
09:43,928.68,932.0,925.0,931.17,166859.0
09:44,928.68,932.0,925.0,931.17,166859.0
09:45,928.68,932.0,925.0,931.17,166859.0
09:46,928.68,932.0,925.0,931.17,166859.0
09:47,928.68,932.0,925.0,931.17,166859.0
09:48,928.68,932.0,925.0,931.17,166859.0
09:49,928.68,932.0,925.0,931.17,166859.0
09:50,928.68,932.0,925.0,931.17,166859.0
09:51,928.68,932.0,925.0,931.17,166859.0
09:52,928.68,932.0,925.0,931.17,166859.0
09:53,928.68,932.0,925.0,931.17,166859.0
09:54,928.68,932.0,925.0,931.17,166859.0
09:55,928.68,932.0,925.0,931.17,166859.0
09:56,928.68,932.0,925.0,931.17,166859.0
09:57,928.68,932.0,925.0,931.17,166859.0
09:58,928.68,932.0,925.0,931.17,166859.0
09:59,928.68,932.0,925.0,931.17,166859.0
10:00,928.68,932.0,925.0,931.17,166859.0
10:01,928.68,932.0,925.0,931.17,166859.0
10:02,928.68,932.0,925.0,931.17,166859.0
10:03,928.68,932.0,925.0,931.17,166859.0
10:04,928.68,932.0,925.0,931.17,166859.0
10:05,928.68,932.0,925.0,931.17,166859.0
10:06,928.68,932.0,925.0,931.17,166859.0
10:07,928.68,932.0,925.0,931.17,166859.0
10:08,928.68,932.0,925.0,931.17,166859.0
10:09,928.68,932.0,925.0,931.17,166859.0
10:10,928.68,932.0,925.0,931.17,166859.0
10:11,928.68,932.0,925.0,931.17,166859.0
10:12,928.68,932.0,925.0,931.17,166859.0
10:13,928.68,932.0,925.0,931.17,166859.0
10:14,928.68,932.0,925.0,931.17,166859.0
10:15,928.68,932.0,925.0,931.17,166859.0
10:16,928.68,932.0,925.0,931.17,166859.0
10:17,928.68,932.0,925.0,931.17,166859.0
10:18,928.68,932.0,925.0,931.17,166859.0
10:19,928.68,932.0,925.0,931.17,166859.0
10:20,928.68,932.0,925.0,931.17,166859.0
10:21,928.68,932.0,925.0,931.17,166859.0
10:22,928.68,932.0,925.0,931.17,166859.0
10:23,928.68,932.0,925.0,931.17,166859.0
10:24,928.68,932.0,925.0,931.17,166859.0
10:25,928.68,932.0,925.0,931.17,166859.0
10:26,928.68,932.0,925.0,931.17,166859.0
10:27,928.68,932.0,925.0,931.17,166859.0
10:28,928.68,932.0,925.0,931.17,166859.0
10:29,928.68,932.0,925.0,931.17,166859.0
10:30,928.68,932.0,925.0,931.17,166859.0
10:31,925.83,929.62,924.97,929.17,32668.0
10:32,925.54,929.39,925.0,925.83,28377.0
10:33,926.37,926.85,924.72,925.09,13254.0
10:34,926.96,927.81,925.64,925.64,15849.0
10:35,924.98,926.8,924.13,926.73,21679.0
10:36,918.9,925.29,918.15,924.8,50028.0
10:37,911.21,919.41,911.0,918.6,61735.0
10:38,911.65,915.13,910.02,910.83,73631.0
10:39,914.77,915.0,910.28,911.51,33087.0
10:40,913.66,917.31,912.24,914.47,21529.0
10:41,912.61,915.0,908.91,912.87,35839.0
10:42,910.91,911.86,909.02,911.84,16129.0
10:43,910.65,912.56,909.59,911.4,21617.0
10:44,910.86,911.49,908.0,910.78,25696.0
10:45,912.71,913.0,910.38,910.87,14538.0
10:46,916.82,917.0,912.89,912.89,20008.0
10:47,915.38,917.76,915.11,916.82,25188.0
10:48,914.43,915.94,912.63,915.92,38222.0
10:49,911.99,915.66,911.02,914.28,19502.0
10:50,911.88,912.07,910.7,911.44,16472.0
10:51,912.86,913.7,910.69,912.16,32808.0
10:52,913.39,914.34,912.05,913.16,16414.0
10:53,912.25,914.64,911.01,913.59,19139.0
10:54,910.64,912.77,910.17,912.0,24177.0
10:55,910.92,912.41,909.05,910.64,23255.0
10:56,911.82,913.0,910.25,911.36,20705.0
10:57,910.88,912.16,910.19,911.75,9266.0
10:58,914.91,915.73,910.5,910.54,46878.0
10:59,913.82,915.03,911.85,915.03,17134.0
11:00,912.57,914.46,912.12,913.85,19887.0
11:01,911.0,912.97,909.4,912.97,15617.0
11:02,910.72,911.67,909.0,911.1,27161.0
11:03,905.87,911.62,905.87,910.72,27675.0
11:04,903.62,907.97,903.49,905.92,25707.0
11:05,902.85,904.47,900.9,903.71,36327.0
11:06,902.59,903.31,902.0,902.85,20522.0
11:07,901.7,904.53,901.28,903.06,28534.0
11:08,904.76,905.43,901.98,902.25,19035.0
11:09,905.86,906.5,904.04,904.5,19781.0
11:10,904.09,906.12,903.22,906.03,16680.0
11:11,906.53,907.13,903.59,903.59,22393.0
11:12,906.04,907.65,905.91,906.16,25675.0
11:13,903.37,907.26,903.37,906.03,15140.0
11:14,904.88,904.9,903.15,903.41,11268.0
11:15,907.26,907.74,904.42,904.9,14436.0
11:16,908.7,910.0,907.11,907.55,9806.0
11:17,907.08,908.7,906.82,908.65,15520.0
11:18,909.42,909.55,906.52,907.04,9708.0
11:19,911.65,912.0,909.31,909.46,13110.0
11:20,909.79,912.0,909.79,911.59,18821.0
11:21,910.28,911.51,909.64,909.72,8858.0
11:22,911.27,911.39,909.31,910.73,7134.0
11:23,910.89,911.27,910.26,911.14,7421.0
11:24,912.29,913.51,910.79,910.99,15557.0
11:25,912.21,912.99,911.59,912.0,8101.0
11:26,912.5,914.0,911.58,912.39,11941.0
11:27,913.3,913.74,911.6,912.92,7682.0
11:28,914.28,915.24,913.34,913.7,10988.0
11:29,914.01,915.38,914.01,914.49,11316.0
11:30,914.65,914.99,913.98,914.0,15571.0
11:31,914.26,915.36,914.0,914.94,10518.0
11:32,913.57,914.82,913.57,914.2,5810.0
11:33,915.54,916.0,913.76,913.85,15201.0
11:34,914.03,915.54,914.03,915.54,10084.0
11:35,914.65,915.06,913.38,914.42,7218.0
11:36,913.61,915.08,913.49,914.78,12306.0
11:37,914.76,915.4,912.78,913.57,13423.0
11:38,915.07,915.88,914.9,915.0,5343.0
11:39,915.41,916.28,915.0,915.8,5225.0
11:40,914.25,915.16,914.05,915.16,7656.0
11:41,914.5,914.99,914.3,914.3,3766.0
11:42,913.42,915.13,913.38,914.45,8654.0
11:43,914.2,914.2,913.2,913.75,4296.0
11:44,912.88,913.83,912.88,913.15,3840.0
11:45,912.7,913.08,912.24,912.88,3820.0
11:46,911.38,912.21,910.22,912.0,10612.0
11:47,911.22,911.99,910.99,911.39,10141.0
11:48,912.35,912.35,911.29,911.48,4475.0
11:49,912.37,912.66,911.9,912.15,4247.0
11:50,914.36,914.36,912.37,912.37,10133.0
11:51,911.69,914.68,911.69,914.33,10958.0
11:52,910.59,912.35,910.0,912.35,11339.0
11:53,911.61,911.65,910.28,910.8,11039.0
11:54,911.48,911.69,909.74,910.47,5942.0
11:55,910.2,911.48,910.2,911.16,3203.0
11:56,910.35,911.3,910.2,910.2,3083.0
11:57,912.47,912.58,910.7,910.7,3610.0
11:58,912.14,913.36,911.74,913.25,7176.0
11:59,913.22,913.77,911.36,912.27,5784.0
12:00,912.14,913.5,911.99,913.45,6276.0
12:01,912.33,912.47,911.54,912.39,3388.0
12:02,911.72,912.36,911.22,911.98,5611.0
12:03,912.68,913.0,911.54,912.37,4497.0
12:04,912.75,913.19,912.17,912.68,6114.0
12:05,913.05,913.62,911.23,912.42,8518.0
12:06,912.19,913.02,911.84,912.95,2648.0
12:07,911.89,912.39,911.05,912.1,5491.0
12:08,911.5,911.89,911.16,911.89,2608.0
12:09,912.48,913.0,911.81,912.0,3678.0
12:10,912.95,913.25,912.76,912.97,4228.0
12:11,913.4,913.55,912.58,912.95,2032.0
12:12,913.14,913.99,912.73,913.54,5980.0
12:13,912.38,913.52,911.91,912.75,8662.0
12:14,911.81,912.76,911.43,911.64,9441.0
12:15,910.31,911.57,909.8,911.57,8079.0
12:16,907.99,910.66,907.27,910.54,16628.0
12:17,907.0,908.41,906.47,908.0,7473.0
12:18,906.9,908.33,906.9,907.44,13872.0
12:19,906.09,907.21,906.09,907.06,9333.0
12:20,908.22,908.74,906.11,906.95,6084.0
12:21,907.11,908.19,907.0,907.71,10728.0
12:22,908.08,908.23,907.02,907.1,8242.0
12:23,908.27,908.64,907.7,908.24,13560.0
12:24,907.49,908.54,907.37,908.27,4537.0
12:25,909.01,909.01,907.2,907.2,4118.0
12:26,910.32,910.52,909.09,909.26,13261.0
12:27,911.01,911.33,909.57,910.5,13579.0
12:28,910.23,911.34,910.22,911.34,3732.0
12:29,910.35,910.73,909.2,910.47,6838.0
12:30,911.52,911.88,910.41,910.69,5312.0
12:31,910.31,911.52,909.63,911.52,12346.0
12:32,910.0,910.63,909.91,910.11,4522.0
12:33,910.97,910.97,909.83,909.83,7152.0
12:34,910.74,911.39,910.47,910.95,13517.0
12:35,910.52,911.23,910.52,910.97,1997.0
12:36,910.47,911.12,910.34,910.85,10963.0
12:37,910.9,911.25,910.17,910.17,11426.0
12:38,910.95,911.45,910.75,911.43,5181.0
12:39,910.72,911.12,910.21,911.09,5517.0
12:40,910.84,911.53,910.41,910.72,18020.0
12:41,910.58,911.27,910.53,910.53,4559.0
12:42,911.18,911.18,910.55,910.91,2577.0
12:43,912.24,912.58,910.36,911.17,14390.0
12:44,912.95,913.15,912.06,912.56,7565.0
12:45,912.59,913.15,912.59,912.64,4486.0
12:46,911.01,912.58,911.0,912.58,7579.0
12:47,911.56,911.67,910.96,910.97,4100.0
12:48,911.83,912.04,911.52,911.67,2180.0
12:49,910.41,912.35,910.41,911.83,5879.0
12:50,908.89,911.13,908.71,911.08,10933.0
12:51,909.58,909.63,909.22,909.22,2742.0
12:52,909.91,910.78,909.84,909.84,5503.0
12:53,909.89,910.23,909.42,910.15,4631.0
12:54,909.17,910.12,909.17,910.12,7660.0
12:55,907.66,909.5,907.51,909.5,7673.0
12:56,907.19,908.22,907.19,908.04,7637.0
12:57,905.73,907.81,905.27,907.73,8206.0
12:58,905.61,906.12,905.27,905.92,10266.0
12:59,905.48,905.95,904.84,905.61,26320.0
13:00,905.13,905.92,904.79,905.49,31738.0
13:01,904.47,906.29,904.47,905.27,12085.0
13:02,906.26,906.94,904.47,906.17,8270.0
13:03,905.91,907.12,905.91,907.12,6081.0
13:04,907.8,908.24,906.03,906.03,14048.0
13:05,908.49,908.49,907.06,907.53,8764.0
13:06,908.54,908.86,908.32,908.56,3750.0
13:07,908.74,908.97,908.49,908.54,2687.0
13:08,908.8,909.55,908.49,908.78,9290.0
13:09,909.02,910.12,908.7,908.78,8272.0
13:10,909.81,909.82,909.07,909.3,4112.0
13:11,910.43,910.73,909.21,909.48,17570.0
13:12,910.27,910.99,910.09,910.53,4008.0
13:13,910.38,911.35,910.24,910.84,18029.0
13:14,908.12,910.02,907.97,910.02,5379.0
13:15,907.5,908.32,907.06,907.77,3458.0
13:16,907.65,907.93,907.06,907.74,3340.0
13:17,908.29,909.31,907.44,907.49,4832.0
13:18,908.54,908.92,908.09,908.5,5528.0
13:19,908.43,908.67,908.11,908.67,5674.0
13:20,908.69,908.7,908.18,908.43,3156.0
13:21,910.42,910.42,908.82,908.82,6399.0
13:22,909.54,910.47,909.52,910.28,4414.0
13:23,911.15,911.15,910.0,910.0,3726.0
13:24,910.74,910.96,909.92,910.67,1882.0
13:25,910.01,910.96,909.99,910.75,5293.0
13:26,910.08,910.32,909.5,909.6,2914.0
13:27,909.35,910.08,909.06,909.76,5494.0
13:28,909.35,909.61,909.01,909.35,2644.0
13:29,909.07,909.39,908.9,909.01,4582.0
13:30,908.63,909.27,908.22,909.18,6451.0
13:31,908.22,908.79,907.58,908.51,3328.0
13:32,908.91,908.91,907.88,907.88,4937.0
13:33,908.83,908.83,908.13,908.53,3143.0
13:34,909.02,909.44,908.35,908.47,3497.0
13:35,908.31,908.65,907.97,908.5,3784.0
13:36,907.97,908.39,907.68,908.0,2090.0
13:37,908.71,909.12,908.12,908.12,5262.0
13:38,907.73,908.83,907.06,908.83,8414.0
13:39,907.58,908.0,906.81,907.51,9153.0
13:40,907.63,907.96,906.6,907.16,5247.0
13:41,907.07,907.95,907.05,907.25,2620.0
13:42,908.61,908.99,907.0,907.14,4991.0
13:43,907.55,908.61,907.52,908.03,3057.0
13:44,907.29,907.79,907.23,907.5,2505.0
13:45,907.73,908.49,907.17,907.29,4552.0
13:46,907.81,907.81,907.29,907.81,973.0
13:47,907.64,908.44,907.23,907.66,2060.0
13:48,906.34,907.65,906.27,907.64,5734.0
13:49,906.6,907.35,906.45,906.81,6445.0
13:50,905.77,906.78,905.22,906.45,6088.0
13:51,905.91,906.75,905.24,905.24,3655.0
13:52,906.07,906.34,905.65,905.91,103883.0
13:53,905.5,905.94,905.34,905.65,3383.0
13:54,905.93,906.0,905.4,905.72,6780.0
13:55,905.98,905.98,905.31,905.84,4906.0
13:56,906.27,906.38,905.67,905.98,6718.0
13:57,905.66,906.28,905.5,906.28,6504.0
13:58,906.18,906.49,905.26,905.3,6374.0
13:59,906.19,906.44,906.09,906.09,1973.0
14:00,906.55,906.66,906.19,906.52,12170.0
14:01,907.02,907.59,906.64,906.76,6554.0
14:02,906.82,907.06,906.82,907.0,777.0
14:03,908.22,908.81,906.55,907.01,5957.0
14:04,908.18,909.2,908.14,908.14,8943.0
14:05,909.97,910.16,908.53,908.53,15849.0
14:06,910.92,911.0,909.74,910.08,5467.0
14:07,911.48,911.86,910.58,910.96,5478.0
14:08,910.36,911.1,910.04,911.1,1937.0
14:09,910.12,910.72,909.72,910.43,2997.0
14:10,910.0,910.4,909.88,910.4,1206.0
14:11,911.41,911.5,910.78,910.83,3104.0
14:12,911.2,911.89,911.13,911.69,2468.0
14:13,911.08,911.26,910.55,911.26,23559.0
14:14,911.34,911.75,910.98,911.2,3248.0
14:15,910.77,911.02,910.23,910.87,2626.0
14:16,910.91,911.25,910.72,910.74,1624.0
14:17,911.54,911.54,911.23,911.28,927.0
14:18,911.7,911.7,911.22,911.5,3358.0
14:19,912.51,912.57,911.69,911.69,9898.0
14:20,912.13,912.56,912.13,912.38,3289.0
14:21,911.8,912.21,911.61,912.21,2270.0
14:22,911.95,912.39,911.63,912.0,1081.0
14:23,912.23,912.59,911.93,912.16,2257.0
14:24,912.97,912.98,912.15,912.36,4757.0
14:25,912.89,913.53,912.71,913.0,6079.0
14:26,912.06,913.11,911.96,913.11,2297.0
14:27,912.05,912.06,912.0,912.06,1121.0
14:28,911.74,912.42,911.74,912.2,4327.0
14:29,912.35,912.36,911.42,911.71,4086.0
14:30,911.72,912.35,911.36,912.35,3238.0
14:31,911.8,912.11,911.0,911.32,3458.0
14:32,911.85,912.18,911.48,911.48,2525.0
14:33,912.14,912.14,911.75,912.01,2273.0
14:34,911.46,912.38,911.07,912.24,7283.0
14:35,912.13,912.26,911.63,912.04,1595.0
14:36,912.05,912.61,911.86,911.97,3819.0
14:37,912.58,912.66,911.94,912.22,7113.0
14:38,912.25,912.39,911.9,912.3,3216.0
14:39,912.31,912.42,912.15,912.28,5505.0
14:40,912.37,912.58,912.04,912.12,5047.0
14:41,912.35,912.55,912.01,912.32,5411.0
14:42,912.19,912.54,911.84,912.19,3867.0
14:43,911.86,912.09,911.35,912.09,3960.0
14:44,912.53,912.53,911.62,911.79,3369.0
14:45,911.45,912.55,911.04,912.38,7762.0
14:46,911.52,911.73,911.33,911.54,2609.0
14:47,910.6,911.57,910.05,911.53,6306.0
14:48,911.67,911.69,910.68,910.89,3498.0
14:49,911.63,911.88,911.55,911.67,1817.0
14:50,911.11,911.8,911.07,911.8,4342.0
14:51,910.94,911.38,910.92,911.12,3471.0
14:52,910.96,910.96,910.64,910.72,1801.0
14:53,911.61,912.4,910.99,910.99,19059.0
14:54,912.12,912.12,911.11,911.61,1501.0
14:55,912.74,913.54,911.86,912.09,12795.0
14:56,912.62,912.82,912.28,912.71,3392.0
14:57,912.93,913.0,912.6,912.62,3846.0
14:58,912.64,913.52,912.64,913.15,6749.0
14:59,913.6,914.46,913.0,913.0,9966.0
15:00,914.7,914.7,913.57,913.6,3437.0
15:01,915.48,915.48,914.17,914.17,5409.0
15:02,915.08,915.5,914.63,914.63,3362.0
15:03,914.6,915.17,913.67,915.14,4727.0
15:04,914.47,914.88,914.34,914.8,2811.0
15:05,914.63,914.97,914.48,914.8,2489.0
15:06,915.05,915.23,914.48,914.77,4917.0
15:07,916.92,917.3,915.39,915.39,9321.0
15:08,916.12,917.22,916.12,916.83,18502.0
15:09,916.57,916.93,916.26,916.49,5970.0
15:10,916.61,916.96,916.0,916.77,6989.0
15:11,916.68,917.22,916.34,916.51,8076.0
15:12,915.71,916.76,915.56,916.76,5401.0
15:13,915.83,916.38,915.83,915.84,2268.0
15:14,915.52,916.13,915.52,916.13,2624.0
15:15,916.23,916.23,915.27,915.27,3568.0
15:16,916.34,916.47,915.87,915.87,2816.0
15:17,916.06,916.94,916.06,916.3,5142.0
15:18,916.33,916.51,916.32,916.32,903.0
15:19,915.85,916.82,915.85,916.5,4358.0
15:20,915.84,916.12,915.72,916.12,1650.0
15:21,915.74,915.99,915.58,915.74,2271.0
15:22,915.36,915.86,915.36,915.72,2813.0
15:23,915.61,915.63,914.87,915.63,4241.0
15:24,915.91,916.1,915.69,915.69,2694.0
15:25,915.7,916.16,915.59,915.99,3907.0
15:26,916.55,916.55,915.58,915.7,4242.0
15:27,916.43,916.7,916.43,916.49,5235.0
15:28,916.24,917.04,916.18,916.44,5706.0
15:29,916.04,916.48,915.9,915.9,2017.0
15:30,916.63,916.63,916.08,916.08,2792.0
15:31,917.02,917.21,916.68,916.68,4788.0
15:32,917.26,917.37,916.85,917.2,3047.0
15:33,917.05,917.27,916.67,916.98,4001.0
15:34,916.57,917.24,916.57,917.13,5717.0
15:35,916.36,916.56,916.08,916.42,2315.0
15:36,916.91,917.15,916.36,916.36,3931.0
15:37,916.63,917.12,916.35,916.83,3418.0
15:38,917.2,917.2,916.33,916.63,5497.0
15:39,917.84,917.86,917.37,917.37,3585.0
15:40,917.7,918.03,917.5,917.85,5236.0
15:41,918.65,918.99,917.66,917.98,4694.0
15:42,918.32,919.19,918.32,918.65,4290.0
15:43,918.3,918.65,918.2,918.34,3197.0
15:44,918.38,918.59,918.17,918.53,4824.0
15:45,917.89,918.58,917.61,918.38,9861.0
15:46,916.71,918.17,916.71,917.92,11950.0
15:47,915.76,916.98,915.29,916.98,6665.0
15:48,916.66,916.87,915.91,916.24,2448.0
15:49,917.48,917.53,916.89,916.89,2177.0
15:50,918.24,918.24,917.37,917.37,1804.0
15:51,917.3,918.47,917.3,918.41,2834.0
15:52,917.24,917.91,917.0,917.34,1930.0
15:53,917.04,917.5,916.99,917.47,2849.0
15:54,918.0,918.0,917.02,917.16,3013.0
15:55,918.26,918.5,918.02,918.31,2648.0
15:56,918.53,918.72,918.43,918.49,2380.0
15:57,919.4,919.65,918.67,918.67,7579.0
15:58,919.14,919.82,918.98,919.36,4850.0
15:59,919.38,919.6,919.26,919.26,2905.0
16:00,918.12,919.41,918.12,919.41,3863.0
16:01,918.82,918.82,918.05,918.28,3259.0
16:02,918.37,919.35,918.37,918.85,2601.0
16:03,918.19,919.05,918.19,919.05,1613.0
16:04,917.93,919.45,917.58,918.94,7708.0
16:05,918.15,918.55,917.7,917.93,3069.0
16:06,918.14,918.15,918.0,918.15,1935.0
16:07,917.99,918.14,917.25,917.84,12175.0
16:08,918.34,918.45,917.38,917.99,5443.0
16:09,919.32,919.52,918.32,918.32,6136.0
16:10,919.59,919.98,919.0,919.41,5065.0
16:11,918.86,919.98,918.82,919.81,5352.0
16:12,919.07,919.58,918.96,919.16,2746.0
16:13,918.65,919.3,918.65,919.09,9304.0
16:14,919.2,919.2,918.59,918.64,2400.0
16:15,918.84,919.09,918.55,919.09,3524.0
16:16,919.01,919.35,918.6,918.84,8881.0
16:17,918.87,918.92,918.69,918.87,1757.0
16:18,918.39,918.94,917.98,918.94,5638.0
16:19,918.49,918.73,918.09,918.41,5561.0
16:20,917.7,918.91,917.7,918.5,4899.0
16:21,917.67,917.8,917.4,917.64,4585.0
16:22,917.46,917.93,917.23,917.77,3681.0
16:23,917.02,917.42,916.78,917.37,4381.0
16:24,917.25,917.41,916.82,917.29,4111.0
16:25,917.45,917.74,916.62,916.94,6772.0
16:26,917.59,917.59,917.02,917.21,4317.0
16:27,917.78,917.99,917.39,917.57,6489.0
16:28,919.15,919.15,917.75,917.78,8447.0
16:29,919.3,919.34,918.8,919.16,3524.0
16:30,920.32,920.32,919.3,919.3,8077.0
16:31,920.5,920.52,919.69,920.26,11779.0
16:32,919.77,920.39,919.47,920.39,3793.0
16:33,919.82,920.21,919.59,919.91,4821.0
16:34,918.13,919.93,918.13,919.87,10855.0
16:35,918.72,918.82,918.14,918.14,5493.0
16:36,919.17,919.58,918.64,919.3,5656.0
16:37,919.46,920.0,919.15,919.3,7604.0
16:38,919.97,920.0,919.17,919.19,5239.0
16:39,918.99,919.76,918.96,919.69,11411.0
16:40,918.4,919.55,918.4,919.15,6451.0
16:41,917.76,918.64,917.44,918.4,6759.0
16:42,918.54,918.57,917.69,917.76,6469.0
16:43,918.9,919.16,918.33,918.54,5979.0
16:44,919.72,920.0,918.7,919.03,15637.0
16:45,919.78,920.0,919.4,919.81,9650.0
16:46,919.64,920.0,919.55,919.87,4877.0
16:47,919.68,919.87,919.37,919.53,8888.0
16:48,919.42,920.25,919.42,919.76,11336.0
16:49,917.82,919.47,917.64,919.41,17499.0
16:50,918.59,919.08,917.8,918.14,15308.0
16:51,919.25,919.54,917.81,918.41,14268.0
16:52,919.37,919.75,919.08,919.75,9205.0
16:53,920.57,920.57,919.26,919.58,18126.0
16:54,921.84,922.39,920.17,920.61,18624.0
16:55,923.47,924.32,922.16,922.18,27831.0
16:56,923.17,923.82,922.7,923.43,30227.0
16:57,922.51,923.44,922.39,923.11,32074.0
16:58,923.44,923.6,922.23,922.51,48406.0
16:59,924.07,924.48,923.22,923.42,95675.0
