Time,Close,High,Low,Open,Volume
09:30,754.73,755.0,753.0,753.07,62360.0
09:31,754.36,756.34,753.98,755.39,22420.0
09:32,750.48,754.24,750.48,752.94,25491.0
09:33,750.12,752.5,750.0,750.48,25691.0
09:34,748.16,750.45,747.84,750.2,12025.0
09:35,748.23,748.78,747.51,747.51,13436.0
09:36,750.01,750.01,747.91,748.0,9704.0
09:37,748.22,749.9,747.78,749.9,11461.0
09:38,746.51,747.76,746.23,747.76,21041.0
09:39,748.03,748.41,746.38,746.62,11928.0
09:40,747.98,748.56,747.54,748.17,12987.0
09:41,748.24,748.44,747.83,748.0,26898.0
09:42,747.84,748.39,747.56,747.97,9198.0
09:43,748.14,748.65,747.66,747.67,7667.0
09:44,749.61,749.86,747.89,748.0,10130.0
09:45,748.75,749.68,748.28,749.68,7906.0
09:46,748.36,748.77,748.36,748.77,4343.0
09:47,748.57,749.44,748.21,748.66,8670.0
09:48,748.57,749.14,747.8,748.18,6084.0
09:49,747.92,748.32,747.54,747.9,6708.0
09:50,747.95,748.19,747.5,748.19,7140.0
09:51,749.58,749.58,747.95,748.0,12601.0
09:52,749.2,750.3,748.64,749.99,8158.0
09:53,749.07,749.47,749.07,749.34,3974.0
09:54,750.35,750.35,749.07,749.07,6309.0
09:55,751.68,751.68,750.0,750.0,16775.0
09:56,751.47,751.47,750.82,751.45,3949.0
09:57,752.14,752.49,751.17,751.17,11530.0
09:58,751.22,752.13,751.1,752.12,5354.0
09:59,751.63,751.84,751.24,751.24,4433.0
10:00,750.13,751.81,749.84,751.81,11744.0
10:01,750.35,750.65,749.52,750.03,12237.0
10:02,749.6,749.6,749.32,749.44,2517.0
10:03,749.26,749.61,749.05,749.39,6703.0
10:04,749.62,749.68,749.06,749.4,5802.0
10:05,749.69,750.36,749.58,749.58,8447.0
10:06,749.25,749.46,749.25,749.34,1302.0
10:07,749.22,749.67,748.95,749.61,7573.0
10:08,749.56,749.56,749.2,749.54,4535.0
10:09,748.8,749.25,748.8,749.25,5228.0
10:10,749.51,749.51,748.72,748.8,8033.0
10:11,749.6,749.73,749.54,749.72,4529.0
10:12,749.95,750.07,749.3,749.56,7436.0
10:13,750.03,750.45,750.01,750.07,2752.0
10:14,750.64,751.1,750.22,750.22,7989.0
10:15,750.6,750.86,750.4,750.63,2708.0
10:16,750.4,751.14,749.66,751.14,6911.0
10:17,751.34,751.34,750.19,750.19,4089.0
10:18,751.31,751.51,751.31,751.5,1517.0
10:19,752.11,752.11,751.3,752.11,5300.0
10:20,751.76,752.05,751.76,752.05,2745.0
10:21,751.9,752.08,751.56,751.86,3021.0
10:22,751.9,752.16,751.44,751.83,4476.0
10:23,752.4,752.72,751.9,751.91,6998.0
10:24,752.17,752.48,751.69,752.27,3685.0
10:25,752.16,752.29,751.92,752.29,878.0
10:26,751.55,752.0,751.51,751.98,3962.0
10:27,751.59,751.59,751.14,751.4,4758.0
10:28,752.83,752.83,752.1,752.1,4314.0
10:29,753.11,753.52,753.01,753.01,2699.0
10:30,752.66,753.28,752.58,752.97,5213.0
10:31,752.54,752.83,751.96,752.44,3938.0
10:32,752.01,752.4,752.01,752.23,2620.0
10:33,751.47,752.32,751.47,752.32,3083.0
10:34,751.91,751.91,751.41,751.45,3602.0
10:35,752.33,752.4,751.91,751.91,3069.0
10:36,752.12,752.12,751.8,752.06,4254.0
10:37,752.4,752.5,752.1,752.29,2834.0
10:38,751.9,752.8,751.89,752.67,3125.0
10:39,751.48,752.15,751.42,751.91,3805.0
10:40,750.44,751.66,750.11,751.66,12287.0
10:41,750.72,750.88,750.4,750.88,2605.0
10:42,750.05,750.69,750.0,750.69,1872.0
10:43,749.99,750.19,749.26,750.19,8143.0
10:44,750.23,750.56,750.22,750.29,3319.0
10:45,750.45,750.56,750.28,750.28,3438.0
10:46,749.99,750.47,749.71,750.31,8181.0
10:47,749.42,750.45,749.42,750.45,3465.0
10:48,749.53,749.67,749.21,749.42,4913.0
10:49,749.53,749.77,749.22,749.22,2151.0
10:50,749.53,749.53,749.46,749.46,1756.0
10:51,749.91,749.91,749.21,749.21,1922.0
10:52,750.45,750.56,749.29,749.62,11478.0
10:53,750.04,750.6,749.82,750.45,11920.0
10:54,750.1,750.53,749.94,750.45,18088.0
10:55,750.17,750.46,750.06,750.46,24256.0
10:56,749.34,749.95,749.33,749.95,4407.0
10:57,749.66,749.8,748.76,749.23,9336.0
10:58,749.99,749.99,749.89,749.95,2339.0
10:59,749.55,749.98,749.55,749.98,1155.0
11:00,749.41,749.56,749.41,749.55,2222.0
11:01,749.0,749.45,749.0,749.42,1921.0
11:02,749.53,749.53,748.71,748.8,12778.0
11:03,749.29,749.96,749.29,749.31,3290.0
11:04,748.81,749.27,748.8,749.27,3919.0
11:05,748.32,748.7,748.18,748.7,4165.0
11:06,748.51,748.53,748.08,748.08,1809.0
11:07,748.85,748.85,748.25,748.25,1627.0
11:08,748.51,748.51,748.09,748.41,4626.0
11:09,748.58,748.65,748.39,748.59,3363.0
11:10,748.88,748.88,748.16,748.3,5703.0
11:11,748.89,749.06,748.68,748.92,4517.0
11:12,748.91,749.22,748.88,748.88,2908.0
11:13,748.96,749.01,748.77,748.95,2627.0
11:14,748.63,748.99,748.43,748.96,4889.0
11:15,748.48,748.68,748.38,748.4,2146.0
11:16,748.51,748.68,748.3,748.48,5493.0
11:17,749.23,749.23,748.65,748.65,2243.0
11:18,749.65,749.89,748.8,748.8,4920.0
11:19,749.54,749.6,749.21,749.6,5122.0
11:20,749.26,749.61,749.19,749.61,3774.0
11:21,749.08,749.26,749.05,749.26,2095.0
11:22,748.97,749.21,748.72,749.1,4998.0
11:23,748.4,748.97,748.1,748.97,4467.0
11:24,748.6,748.66,748.29,748.36,5142.0
11:25,748.41,748.66,748.41,748.48,5089.0
11:26,748.29,748.72,748.22,748.4,4554.0
11:27,748.42,748.59,748.09,748.09,5888.0
11:28,748.4,748.42,748.08,748.42,4063.0
11:29,748.13,748.38,748.07,748.23,3983.0
11:30,748.19,748.68,748.04,748.21,7571.0
11:31,748.38,748.59,748.0,748.0,4680.0
11:32,748.6,748.77,748.16,748.38,4211.0
11:33,748.47,748.71,748.42,748.6,1981.0
11:34,748.45,748.83,748.08,748.83,2393.0
11:35,748.1,748.81,748.1,748.45,7347.0
11:36,748.34,748.67,748.08,748.38,7528.0
11:37,748.3,748.56,748.18,748.18,4257.0
11:38,748.37,748.6,748.31,748.51,4337.0
11:39,748.25,748.5,748.22,748.4,4862.0
11:40,748.35,748.5,748.25,748.25,3695.0
11:41,747.77,748.36,747.77,748.36,7341.0
11:42,747.97,748.09,747.78,747.78,4119.0
11:43,747.96,748.0,747.66,747.66,2013.0
11:44,747.61,747.91,747.24,747.91,5398.0
11:45,747.52,747.83,747.52,747.61,3085.0
11:46,747.86,747.88,747.76,747.76,2606.0
11:47,747.8,747.84,747.7,747.84,2403.0
11:48,747.66,747.66,747.62,747.62,2486.0
11:49,747.41,747.54,747.12,747.54,13278.0
11:50,747.23,747.38,747.09,747.38,9393.0
11:51,746.2,747.01,746.2,747.0,7222.0
11:52,744.85,746.2,744.85,746.01,25645.0
11:53,745.13,745.27,744.85,744.85,5057.0
11:54,743.8,745.39,743.67,745.13,27203.0
11:55,743.5,744.55,743.5,744.0,13167.0
11:56,744.02,744.32,743.5,743.89,12509.0
11:57,744.23,744.23,743.81,744.07,7262.0
11:58,744.62,744.62,744.01,744.22,10118.0
11:59,745.26,746.02,744.0,744.62,15498.0
12:00,745.89,745.9,745.1,745.8,6918.0
12:01,745.9,746.03,745.89,745.89,2435.0
12:02,745.41,745.66,745.22,745.62,10960.0
12:03,745.3,745.36,744.97,745.26,4681.0
12:04,745.01,745.28,744.91,745.28,4474.0
12:05,744.68,745.22,744.5,745.01,7343.0
12:06,744.39,744.83,744.2,744.5,6136.0
12:07,744.49,744.49,744.49,744.49,675.0
12:08,744.65,744.81,744.49,744.61,3673.0
12:09,745.57,745.62,745.07,745.1,4555.0
12:10,745.12,746.13,744.7,745.41,4019.0
12:11,745.16,745.4,745.11,745.18,3713.0
12:12,745.0,745.0,744.28,744.74,3277.0
12:13,744.55,744.88,744.55,744.77,1929.0
12:14,745.2,745.25,744.55,744.55,7478.0
12:15,745.54,745.69,745.16,745.47,3033.0
12:16,745.31,745.72,745.31,745.6,7434.0
12:17,745.34,745.34,745.0,745.34,1870.0
12:18,745.28,745.5,745.25,745.32,2027.0
12:19,745.59,745.6,745.11,745.33,7052.0
12:20,746.07,746.07,745.7,745.84,2698.0
12:21,746.53,746.53,745.9,746.24,3263.0
12:22,745.97,746.66,745.97,746.66,3022.0
12:23,745.92,746.36,745.92,746.27,1858.0
12:24,746.24,746.24,745.83,745.83,2079.0
12:25,746.2,746.2,746.2,746.2,1125.0
12:26,746.03,746.05,745.68,746.0,3102.0
12:27,745.9,745.94,745.82,745.82,4808.0
12:28,745.97,745.97,745.91,745.91,1388.0
12:29,745.74,745.99,745.73,745.89,2848.0
12:30,745.83,746.27,745.45,745.74,13635.0
12:31,745.87,745.95,745.66,745.67,4308.0
12:32,746.27,746.27,745.72,745.78,14935.0
12:33,746.0,746.5,745.99,746.49,2246.0
12:34,745.68,746.08,745.67,745.99,2744.0
12:35,745.37,745.65,745.36,745.5,3243.0
12:36,745.94,746.0,745.22,745.39,9400.0
12:37,745.86,746.2,745.79,745.79,3856.0
12:38,745.8,745.91,745.8,745.86,2283.0
12:39,745.31,745.84,745.31,745.84,2325.0
12:40,745.67,746.13,745.67,745.76,3631.0
12:41,745.04,745.67,744.92,745.67,6359.0
12:42,745.24,745.39,745.15,745.15,4782.0
12:43,745.24,745.46,745.16,745.24,4463.0
12:44,745.05,745.64,745.01,745.6,8545.0
12:45,742.62,745.11,742.52,745.11,32066.0
12:46,743.09,743.09,742.11,742.73,11139.0
12:47,744.2,744.2,743.28,743.5,3593.0
12:48,743.46,744.2,743.46,744.2,3822.0
12:49,743.79,744.26,743.52,743.52,1956.0
12:50,744.48,744.48,743.69,743.82,3954.0
12:51,744.0,744.32,743.9,744.32,4188.0
12:52,744.22,744.22,744.09,744.1,2360.0
12:53,743.27,744.04,743.27,743.94,6927.0
12:54,743.61,743.85,743.21,743.53,3965.0
12:55,743.6,743.6,743.6,743.6,1711.0
12:56,743.29,743.51,743.29,743.47,1369.0
12:57,743.43,743.58,743.28,743.29,2575.0
12:58,743.43,743.43,743.33,743.38,4955.0
12:59,743.72,743.75,743.2,743.42,2966.0
13:00,744.4,744.4,743.63,743.75,10989.0
13:01,744.59,744.59,744.08,744.15,4217.0
13:02,745.47,745.47,744.98,745.0,3502.0
13:03,745.61,745.71,745.11,745.45,2909.0
13:04,745.61,745.61,745.55,745.61,2059.0
13:05,745.62,746.0,745.58,745.85,2924.0
13:06,745.82,746.2,745.63,745.63,3221.0
13:07,745.79,746.21,745.44,745.83,6766.0
13:08,745.39,745.78,745.38,745.78,5244.0
13:09,745.34,745.74,745.03,745.48,3220.0
13:10,745.38,745.4,745.31,745.4,2055.0
13:11,744.95,745.38,744.95,745.05,3141.0
13:12,744.98,744.98,744.76,744.77,1862.0
13:13,744.74,744.98,744.54,744.98,2147.0
13:14,744.94,745.37,744.74,744.74,2924.0
13:15,744.68,744.68,744.38,744.51,2254.0
13:16,744.57,744.57,744.57,744.57,3688.0
13:17,744.26,744.63,744.26,744.61,1467.0
13:18,743.8,744.52,743.8,744.49,2228.0
13:19,743.1,743.59,743.1,743.59,2219.0
13:20,743.59,744.06,743.53,743.58,3334.0
13:21,743.34,743.58,743.12,743.54,3120.0
13:22,743.45,743.66,743.17,743.66,3508.0
13:23,743.68,743.86,743.41,743.57,3540.0
13:24,743.7,743.7,743.68,743.68,1903.0
13:25,743.96,744.25,743.38,744.25,1747.0
13:26,744.08,744.36,743.77,744.08,2025.0
13:27,744.39,744.39,743.99,744.08,7081.0
13:28,744.39,744.65,744.26,744.39,7334.0
13:29,745.03,745.03,744.74,744.74,2793.0
13:30,745.28,745.7,744.73,745.02,11207.0
13:31,746.73,746.73,745.25,745.25,22876.0
13:32,746.5,746.5,746.0,746.41,5924.0
13:33,747.27,747.27,746.46,746.5,15824.0
13:34,747.44,747.44,747.09,747.35,3503.0
13:35,747.48,747.48,746.73,746.73,1725.0
13:36,747.09,747.58,747.06,747.27,6127.0
13:37,747.28,747.32,747.28,747.32,1783.0
13:38,747.45,747.45,746.78,747.28,3289.0
13:39,747.14,747.14,747.11,747.13,1422.0
13:40,747.14,747.25,747.1,747.14,2270.0
13:41,746.86,747.28,746.86,747.14,3771.0
13:42,746.97,746.97,746.97,746.97,858.0
13:43,747.07,747.17,747.07,747.14,2075.0
13:44,746.6,746.92,746.42,746.92,6234.0
13:45,746.77,746.84,746.77,746.84,971.0
13:46,746.8,747.06,746.77,746.92,3032.0
13:47,746.74,747.03,746.41,746.41,2604.0
13:48,747.17,747.17,746.55,747.17,1717.0
13:49,746.99,747.41,746.37,747.17,3227.0
13:50,747.58,747.59,747.03,747.03,3873.0
13:51,747.88,748.16,747.47,747.58,7104.0
13:52,747.95,748.11,747.9,748.02,5395.0
13:53,747.69,747.87,747.61,747.87,3669.0
13:54,748.04,748.09,747.6,747.66,3700.0
13:55,748.0,748.1,748.0,748.1,1712.0
13:56,748.35,748.35,748.1,748.1,1349.0
13:57,748.3,748.3,748.01,748.2,2685.0
13:58,748.43,748.43,748.19,748.19,1036.0
13:59,748.5,748.5,748.15,748.15,4034.0
14:00,749.2,749.27,748.5,748.5,9012.0
14:01,749.4,749.47,749.06,749.06,2935.0
14:02,749.01,749.27,748.94,749.25,5887.0
14:03,748.61,749.12,748.38,749.12,4518.0
14:04,747.79,748.61,747.79,748.61,3138.0
14:05,747.54,747.97,747.45,747.97,2220.0
14:06,748.33,748.44,747.76,747.76,7088.0
14:07,748.21,748.22,748.21,748.22,3063.0
14:08,748.17,748.5,747.75,748.01,3473.0
14:09,748.18,748.35,748.14,748.14,1350.0
14:10,748.22,748.22,748.22,748.22,830.0
14:11,747.49,748.22,747.49,748.22,5198.0
14:12,747.25,747.53,747.25,747.53,2018.0
14:13,747.42,747.42,747.34,747.34,835.0
14:14,747.6,747.91,747.6,747.63,4262.0
14:15,747.78,747.9,747.59,747.9,3683.0
14:16,747.09,747.74,747.09,747.74,1840.0
14:17,747.32,747.34,747.32,747.34,2159.0
14:18,746.65,747.01,746.64,747.01,3624.0
14:19,746.7,746.84,746.44,746.58,8387.0
14:20,747.13,747.13,746.77,746.77,3861.0
14:21,747.32,747.4,747.31,747.4,1870.0
14:22,747.3,747.3,747.03,747.07,1084.0
14:23,746.46,747.3,746.46,747.3,9215.0
14:24,746.25,746.46,746.21,746.46,8483.0
14:25,745.92,746.18,745.92,746.18,2421.0
14:26,746.05,746.14,745.61,746.05,8076.0
14:27,746.0,746.2,745.83,745.92,2214.0
14:28,745.84,745.92,745.84,745.89,1820.0
14:29,746.53,746.53,745.9,746.0,6796.0
14:30,746.59,746.98,746.56,746.56,3770.0
14:31,746.76,747.0,746.3,746.59,5917.0
14:32,747.18,747.18,746.47,746.89,3344.0
14:33,746.82,746.82,746.82,746.82,1735.0
14:34,746.37,746.89,746.37,746.89,2539.0
14:35,746.39,746.39,746.39,746.39,937.0
14:36,746.72,746.72,746.37,746.65,3881.0
14:37,746.83,746.83,746.83,746.83,1634.0
14:38,746.94,747.02,746.63,747.02,1833.0
14:39,746.89,747.05,746.66,746.82,5584.0
14:40,747.17,747.24,746.88,747.01,11183.0
14:41,747.41,747.67,747.17,747.23,5295.0
14:42,747.71,748.0,747.39,747.41,3179.0
14:43,748.3,748.3,747.71,747.71,1653.0
14:44,748.36,748.78,748.12,748.31,5632.0
14:45,748.53,748.58,748.45,748.58,2087.0
14:46,748.65,748.68,748.62,748.68,4148.0
14:47,748.78,748.78,748.78,748.78,6208.0
14:48,748.78,749.0,748.72,748.74,2789.0
14:49,748.65,749.0,748.6,749.0,4322.0
14:50,748.97,749.1,748.85,748.91,7697.0
14:51,749.78,749.89,748.97,748.97,7529.0
14:52,750.19,750.21,749.78,749.78,6920.0
14:53,749.6,750.4,749.09,750.4,6883.0
14:54,749.35,749.55,749.35,749.48,1490.0
14:55,749.33,749.33,749.33,749.33,1821.0
14:56,748.02,749.38,748.02,749.32,10287.0
14:57,748.56,748.56,748.5,748.5,1765.0
14:58,748.6,748.6,748.6,748.6,1668.0
14:59,748.58,748.58,748.32,748.32,1406.0
15:00,747.92,747.92,747.92,747.92,810.0
15:01,748.34,748.65,748.34,748.65,1848.0
15:02,748.67,748.76,748.21,748.76,7365.0
15:03,748.32,748.59,748.32,748.43,2175.0
15:04,748.48,748.48,748.43,748.48,2026.0
15:05,748.19,748.54,748.05,748.54,7751.0
15:06,748.23,748.3,748.0,748.3,1456.0
15:07,748.45,748.46,748.36,748.36,2338.0
15:08,748.66,748.66,748.53,748.53,1806.0
15:09,748.14,748.57,748.01,748.52,4749.0
15:10,748.18,748.23,747.92,748.0,6810.0
15:11,747.53,747.79,747.28,747.79,5360.0
15:12,747.08,747.76,747.08,747.76,4549.0
15:13,747.48,747.55,747.25,747.25,3015.0
15:14,747.4,747.43,747.4,747.43,2732.0
15:15,747.61,747.62,747.57,747.57,2728.0
15:16,747.8,747.85,747.6,747.61,4528.0
15:17,747.78,747.8,747.55,747.55,5245.0
15:18,748.08,748.14,747.86,747.86,2522.0
15:19,748.11,748.23,748.09,748.17,2955.0
15:20,748.1,748.15,747.95,747.95,4267.0
15:21,748.47,748.47,748.1,748.12,3294.0
15:22,748.62,748.62,748.47,748.47,2978.0
15:23,748.68,749.11,748.68,749.04,5647.0
15:24,748.9,748.9,748.78,748.78,1599.0
15:25,749.2,749.26,749.2,749.21,1761.0
15:26,749.46,749.52,749.13,749.13,3472.0
15:27,749.33,749.39,749.19,749.39,2428.0
15:28,749.35,749.5,749.08,749.3,3968.0
15:29,749.39,749.39,749.18,749.18,4433.0
15:30,749.76,749.76,749.47,749.47,1920.0
15:31,749.48,749.65,749.3,749.53,5012.0
15:32,749.42,749.42,749.15,749.2,5480.0
15:33,749.56,749.56,749.1,749.22,5535.0
15:34,749.27,749.39,749.27,749.38,2702.0
15:35,749.5,749.6,749.27,749.3,4700.0
15:36,749.25,749.3,748.75,749.3,5114.0
15:37,748.55,748.73,748.55,748.67,4600.0
15:38,748.53,748.58,748.28,748.28,3757.0
15:39,748.37,748.54,748.13,748.54,4127.0
15:40,748.42,748.42,748.41,748.41,1526.0
15:41,748.12,748.28,748.12,748.28,2492.0
15:42,748.08,748.16,748.0,748.04,4356.0
15:43,748.37,748.37,748.04,748.04,3668.0
15:44,748.23,748.24,748.2,748.24,3188.0
15:45,748.89,748.89,748.42,748.42,3677.0
15:46,748.92,748.93,748.67,748.67,1144.0
15:47,748.6,749.08,748.6,748.77,8455.0
15:48,748.72,748.75,748.65,748.65,3758.0
15:49,748.96,749.0,748.72,748.72,3491.0
15:50,748.53,749.18,748.42,749.18,8657.0
15:51,747.81,748.31,747.81,748.31,6301.0
15:52,747.96,747.96,747.54,747.66,6083.0
15:53,747.97,748.09,747.85,748.04,4256.0
15:54,748.14,748.47,747.85,747.99,10099.0
15:55,747.82,748.14,747.32,747.99,16267.0
15:56,747.84,747.85,747.47,747.47,7431.0
15:57,748.27,748.34,747.59,747.78,23627.0
15:58,748.17,748.45,748.13,748.14,45067.0
15:59,748.4,748.79,748.06,748.1,67498.0
