Time,Close,High,Low,Open,Volume
09:30,727.53,728.28,726.77,726.96,59617.0
09:31,727.07,727.53,726.55,727.53,5170.0
09:32,729.21,729.63,727.16,727.16,9877.0
09:33,729.64,730.0,729.16,729.21,10204.0
09:34,729.81,729.81,728.24,729.05,3516.0
09:35,729.95,730.41,729.04,729.15,14350.0
09:36,729.51,730.8,728.44,729.95,9664.0
09:37,730.74,730.74,729.66,730.19,4214.0
09:38,730.22,731.59,730.12,730.7,10126.0
09:39,730.24,730.76,729.84,730.67,6391.0
09:40,729.55,730.22,729.51,730.0,3718.0
09:41,730.51,730.71,729.28,729.4,4676.0
09:42,730.71,731.11,730.29,730.29,5292.0
09:43,730.18,730.46,729.68,730.31,5761.0
09:44,729.66,730.71,729.66,730.4,7240.0
09:45,730.39,730.39,729.24,729.32,7805.0
09:46,728.0,730.13,728.0,730.13,8792.0
09:47,728.57,729.08,727.87,728.37,8611.0
09:48,728.4,728.93,728.24,728.93,4331.0
09:49,727.71,728.8,727.16,728.76,3557.0
09:50,727.21,727.87,727.05,727.46,5310.0
09:51,726.46,727.05,726.1,727.01,3737.0
09:52,725.64,726.29,725.31,726.08,6761.0
09:53,727.58,727.82,725.84,725.84,8780.0
09:54,729.31,729.31,727.34,727.34,7585.0
09:55,730.28,730.34,729.99,730.0,7406.0
09:56,731.03,731.12,730.04,730.14,8849.0
09:57,732.25,733.28,730.61,731.05,43259.0
09:58,732.63,733.07,731.8,732.62,22542.0
09:59,733.57,734.0,732.2,732.88,20823.0
10:00,734.35,734.98,733.67,733.67,28121.0
10:01,734.78,734.98,733.53,734.7,15605.0
10:02,734.54,735.0,733.91,734.91,16815.0
10:03,734.64,735.13,734.43,734.67,9540.0
10:04,733.49,734.63,732.07,734.42,16167.0
10:05,733.36,733.57,733.01,733.49,2531.0
10:06,732.98,732.98,732.11,732.95,3701.0
10:07,732.79,732.79,732.44,732.58,2891.0
10:08,734.27,734.66,732.99,733.38,9230.0
10:09,734.99,735.24,734.05,734.05,12507.0
10:10,735.24,735.81,735.0,735.19,11250.0
10:11,733.82,735.26,733.36,735.26,8245.0
10:12,733.47,733.83,733.0,733.83,6839.0
10:13,734.04,734.13,733.47,733.47,6858.0
10:14,735.64,736.09,734.05,734.05,18166.0
10:15,735.82,736.37,735.79,735.82,6656.0
10:16,736.75,736.94,735.87,736.15,14521.0
10:17,736.33,736.72,735.41,736.68,4390.0
10:18,736.62,737.0,736.33,736.33,4818.0
10:19,736.38,736.93,735.51,736.45,10071.0
10:20,735.37,736.58,735.28,735.61,5953.0
10:21,734.22,734.84,733.88,734.26,22453.0
10:22,734.23,734.48,734.0,734.23,4204.0
10:23,733.74,734.0,733.73,733.8,3762.0
10:24,733.78,734.11,733.59,734.06,5404.0
10:25,733.46,733.73,733.46,733.73,3728.0
10:26,733.96,734.22,733.35,733.35,12190.0
10:27,733.51,734.38,733.51,734.0,5026.0
10:28,732.38,733.33,732.09,733.33,12925.0
10:29,732.4,732.86,732.03,732.03,6639.0
10:30,732.13,732.73,732.1,732.66,6380.0
10:31,732.51,732.93,732.51,732.75,3604.0
10:32,732.66,733.32,732.46,732.48,5520.0
10:33,732.84,733.32,732.84,733.32,2901.0
10:34,733.81,734.02,733.27,733.32,12929.0
10:35,733.99,733.99,733.36,733.74,4942.0
10:36,733.72,734.11,733.57,734.07,2332.0
10:37,733.39,733.72,732.58,733.72,18151.0
10:38,731.62,733.39,731.06,733.39,8617.0
10:39,730.6,731.18,730.37,731.18,5915.0
10:40,729.14,730.25,728.96,730.23,16460.0
10:41,728.86,729.36,728.86,728.99,3540.0
10:42,728.12,728.47,727.66,728.47,5464.0
10:43,729.15,729.15,727.74,728.02,7427.0
10:44,729.96,729.96,729.12,729.12,2686.0
10:45,729.47,730.18,729.0,729.48,4148.0
10:46,728.69,728.82,728.69,728.77,2090.0
10:47,728.36,728.88,728.31,728.71,3333.0
10:48,729.04,729.38,728.38,728.49,4785.0
10:49,728.99,729.02,728.49,729.02,2525.0
10:50,728.5,729.03,728.47,728.47,1761.0
10:51,728.33,729.22,728.32,729.04,9684.0
10:52,728.32,728.36,727.87,728.36,3865.0
10:53,728.52,728.52,727.68,727.91,5474.0
10:54,727.68,728.11,727.65,727.65,4488.0
10:55,726.96,727.66,726.81,727.66,8926.0
10:56,727.1,727.68,726.92,727.0,5984.0
10:57,727.47,727.56,727.47,727.54,1004.0
10:58,727.51,727.68,727.0,727.42,7746.0
10:59,728.25,728.25,727.51,727.51,4034.0
11:00,728.08,728.24,727.79,727.97,8198.0
11:01,728.19,728.57,728.08,728.08,3588.0
11:02,728.01,728.03,727.78,727.78,2228.0
11:03,727.68,727.84,727.68,727.7,2620.0
11:04,727.91,727.91,727.64,727.64,1797.0
11:05,729.11,729.12,728.01,728.13,14343.0
11:06,729.59,729.7,728.99,728.99,4408.0
11:07,728.93,729.78,728.93,729.59,2700.0
11:08,729.15,729.28,728.92,728.92,1974.0
11:09,728.46,728.92,728.46,728.92,3835.0
11:10,728.24,728.85,728.24,728.77,4284.0
11:11,728.51,728.57,728.29,728.44,4309.0
11:12,729.42,729.42,728.57,728.85,3157.0
11:13,728.72,729.2,728.72,729.2,2026.0
11:14,729.08,729.2,728.89,728.89,1515.0
11:15,729.7,729.7,728.73,728.73,5149.0
11:16,729.69,730.24,729.69,730.24,1395.0
11:17,729.75,729.75,729.67,729.68,2259.0
11:18,729.57,729.58,729.57,729.57,2510.0
11:19,729.51,729.51,729.51,729.51,1088.0
11:20,729.8,730.0,729.51,729.62,5416.0
11:21,729.07,729.15,728.87,729.15,1981.0
11:22,730.46,730.48,729.46,729.52,6672.0
11:23,730.53,730.94,730.41,730.94,3789.0
11:24,730.66,730.66,730.63,730.66,1190.0
11:25,730.42,730.53,730.1,730.53,3768.0
11:26,730.32,730.46,730.32,730.46,3071.0
11:27,729.99,730.24,729.18,730.24,8219.0
11:28,729.33,729.37,729.18,729.37,2896.0
11:29,729.5,730.16,729.22,729.57,11787.0
11:30,730.08,730.08,729.78,729.78,561.0
11:31,730.73,730.79,729.95,729.95,7429.0
11:32,731.17,731.17,730.99,730.99,2061.0
11:33,731.0,731.28,730.71,731.28,4371.0
11:34,731.29,731.29,731.29,731.29,713.0
11:35,731.67,731.67,731.39,731.39,1535.0
11:36,731.14,731.59,731.14,731.42,3553.0
11:37,731.33,731.33,730.93,730.93,1467.0
11:38,731.34,731.72,731.34,731.36,2047.0
11:39,731.2,731.42,731.2,731.36,3234.0
11:40,730.93,731.09,730.79,731.08,3881.0
11:41,731.09,731.13,730.93,730.93,2265.0
11:42,731.38,731.38,730.86,730.88,4135.0
11:43,730.81,731.15,730.57,731.15,4324.0
11:44,730.6,730.6,730.6,730.6,654.0
11:45,730.49,730.83,730.49,730.83,1099.0
11:46,730.49,731.0,730.43,731.0,3836.0
11:47,731.68,731.68,730.63,730.63,5987.0
11:48,731.49,731.68,731.38,731.68,2502.0
11:49,731.34,731.34,731.34,731.34,1289.0
11:50,731.55,731.71,731.36,731.71,3740.0
11:51,732.68,732.68,731.72,731.72,4500.0
11:52,732.14,732.72,731.87,732.54,4847.0
11:53,731.95,732.22,731.95,732.17,1322.0
11:54,731.81,731.96,731.61,731.96,2525.0
11:55,731.64,731.7,731.4,731.47,1778.0
11:56,731.45,731.62,731.45,731.59,4172.0
11:57,731.93,732.2,731.46,731.46,3596.0
11:58,731.68,732.29,731.68,731.93,5224.0
11:59,731.78,731.78,731.62,731.62,1435.0
12:00,731.8,731.8,731.66,731.72,2381.0
12:01,731.6,731.6,731.6,731.6,868.0
12:02,731.7,731.78,731.37,731.5,14919.0
12:03,734.74,735.78,731.7,731.7,53409.0
12:04,734.28,734.3,733.91,734.27,3603.0
12:05,735.98,736.0,734.87,734.87,8728.0
12:06,736.6,736.6,736.16,736.43,3821.0
12:07,735.48,736.58,735.24,736.49,10477.0
12:08,735.17,736.0,735.17,735.58,2952.0
12:09,735.78,735.78,735.0,735.53,5949.0
12:10,735.77,735.79,735.54,735.73,3358.0
12:11,736.09,736.17,735.66,735.8,6726.0
12:12,736.0,736.14,736.0,736.14,3351.0
12:13,735.66,735.83,735.64,735.82,1969.0
12:14,735.93,736.5,735.8,735.84,6968.0
12:15,736.08,736.08,735.93,735.93,1451.0
12:16,736.64,736.94,736.41,736.5,7464.0
12:17,737.14,737.14,736.65,736.65,6132.0
12:18,736.03,736.83,735.13,736.82,5864.0
12:19,735.47,735.92,735.22,735.92,5249.0
12:20,736.16,736.16,734.68,735.16,10169.0
12:21,735.76,736.4,735.67,736.4,6187.0
12:22,735.75,736.25,735.75,736.15,2446.0
12:23,735.41,735.41,735.41,735.41,2206.0
12:24,735.15,735.67,735.15,735.67,4919.0
12:25,735.42,735.96,735.42,735.7,2394.0
12:26,736.75,737.15,735.84,735.84,14588.0
12:27,736.74,737.05,736.25,736.35,5132.0
12:28,737.53,737.86,737.21,737.23,14976.0
12:29,737.28,737.83,737.04,737.51,3132.0
12:30,738.08,738.5,737.44,737.44,10722.0
12:31,741.36,743.61,738.3,738.5,60708.0
12:32,742.25,743.06,740.27,741.36,43469.0
12:33,742.48,743.21,741.25,742.66,18928.0
12:34,743.05,743.92,742.01,742.44,43664.0
12:35,741.53,743.88,741.38,743.05,211932.0
12:36,742.58,743.25,741.84,741.91,14105.0
12:37,744.41,744.49,742.52,742.52,27467.0
12:38,744.75,744.94,744.0,744.15,15895.0
12:39,746.39,746.71,744.0,744.75,42553.0
12:40,745.52,747.34,745.26,746.48,55852.0
12:41,744.06,745.99,743.53,745.53,14841.0
12:42,745.09,745.47,743.8,744.04,24402.0
12:43,745.02,745.22,744.04,744.66,19455.0
12:44,745.77,746.16,745.02,745.02,12520.0
12:45,744.99,745.84,744.98,745.48,7542.0
12:46,744.67,745.5,744.67,744.97,36190.0
12:47,746.1,746.43,744.74,744.74,16314.0
12:48,745.5,746.64,745.25,746.1,11380.0
12:49,745.66,745.81,745.14,745.58,8883.0
12:50,745.94,746.5,745.54,746.0,13367.0
12:51,746.58,747.02,746.0,746.0,11426.0
12:52,746.85,747.09,746.31,746.41,11645.0
12:53,744.56,746.78,744.47,746.64,21713.0
12:54,744.22,744.77,742.8,744.67,11770.0
12:55,745.12,745.43,744.02,744.02,20480.0
12:56,745.85,746.14,745.7,745.76,7192.0
12:57,745.74,745.87,744.84,745.69,8890.0
12:58,745.16,745.6,745.0,745.55,5404.0
12:59,745.59,745.59,744.96,745.45,10143.0
13:00,744.84,745.49,744.41,745.49,11726.0
13:01,745.29,745.65,744.85,744.85,9837.0
13:02,746.71,746.91,745.39,745.4,7587.0
13:03,746.62,747.25,746.45,746.95,8467.0
13:04,748.47,748.47,746.53,746.62,47658.0
13:05,746.92,748.75,746.92,748.5,43183.0
13:06,747.18,747.21,746.8,746.92,5645.0
13:07,748.12,748.42,747.01,747.18,13527.0
13:08,747.39,747.93,747.27,747.84,8212.0
13:09,747.39,747.79,747.09,747.3,4555.0
13:10,747.69,747.99,747.39,747.65,10992.0
13:11,748.22,748.22,747.23,747.6,10559.0
13:12,748.26,749.22,748.03,748.07,21230.0
13:13,748.09,749.12,748.09,748.75,10155.0
13:14,749.24,749.24,748.08,748.09,6017.0
13:15,749.53,750.1,749.0,749.0,23908.0
13:16,750.76,750.85,749.48,749.48,26461.0
13:17,752.2,752.49,750.71,750.71,19384.0
13:18,751.86,752.29,751.39,752.29,15451.0
13:19,752.13,752.32,751.95,752.11,13818.0
13:20,752.46,752.72,751.78,752.1,13580.0
13:21,753.0,753.23,752.23,752.7,22600.0
13:22,753.03,753.27,752.63,753.0,11220.0
13:23,753.28,753.77,753.1,753.14,11001.0
13:24,753.99,754.26,753.33,753.34,13429.0
13:25,753.19,754.0,753.19,753.97,15367.0
13:26,754.29,754.32,753.25,753.25,19912.0
13:27,753.3,754.25,752.64,753.91,17103.0
13:28,752.56,753.43,751.83,753.38,12847.0
13:29,751.77,752.54,751.5,752.38,17355.0
13:30,750.94,751.8,750.36,751.76,11984.0
13:31,752.0,752.0,750.67,750.81,9132.0
13:32,752.27,752.91,751.81,752.16,10393.0
13:33,752.56,752.56,751.89,751.9,5465.0
13:34,752.45,753.29,752.43,752.43,10164.0
13:35,752.26,752.6,751.76,752.45,14910.0
13:36,751.78,752.49,751.0,752.49,20883.0
13:37,751.39,751.89,751.21,751.68,6678.0
13:38,752.36,752.36,751.39,751.39,10118.0
13:39,752.09,752.99,751.6,752.54,14372.0
13:40,751.51,752.09,751.09,752.09,10354.0
13:41,750.77,751.92,750.53,751.5,12810.0
13:42,751.18,751.31,750.55,750.64,8425.0
13:43,751.18,751.35,750.39,751.16,10467.0
13:44,751.05,751.32,750.69,751.16,8008.0
13:45,750.55,751.42,750.42,750.71,17718.0
13:46,752.15,752.46,751.42,751.42,9712.0
13:47,751.95,752.3,751.75,752.24,9193.0
13:48,751.32,752.12,751.16,752.12,3392.0
13:49,751.59,751.82,751.34,751.35,6529.0
13:50,751.93,752.0,751.71,751.74,6582.0
13:51,752.39,752.6,751.92,751.94,10211.0
13:52,751.86,752.8,751.86,752.62,8196.0
13:53,751.57,751.69,751.35,751.65,6484.0
13:54,751.12,751.81,750.78,751.79,8252.0
13:55,750.99,751.3,750.75,750.75,4371.0
13:56,751.35,751.73,750.92,751.3,6345.0
13:57,751.86,752.35,751.16,751.76,13661.0
13:58,752.22,752.6,751.85,751.86,8729.0
13:59,752.22,752.67,751.83,752.2,179009.0
14:00,753.03,753.78,752.66,752.66,16587.0
14:01,753.36,753.6,753.2,753.41,10401.0
14:02,753.66,753.9,753.31,753.31,16673.0
14:03,753.3,753.74,752.91,753.66,10629.0
14:04,752.72,753.3,752.72,753.3,11438.0
14:05,754.6,755.03,753.02,753.25,37388.0
14:06,755.55,755.55,754.62,754.85,13151.0
14:07,755.7,756.0,755.09,755.45,18388.0
14:08,756.1,756.1,755.6,755.85,14408.0
14:09,756.6,756.6,755.84,756.0,9774.0
14:10,757.61,757.72,756.3,756.3,31019.0
14:11,758.27,758.62,757.52,757.93,15471.0
14:12,757.13,758.55,756.77,758.29,14465.0
14:13,757.07,757.69,756.85,756.9,8018.0
14:14,756.91,757.33,756.79,757.33,8327.0
14:15,757.31,757.99,757.01,757.37,15286.0
14:16,757.47,757.47,756.76,757.03,9655.0
14:17,756.77,757.99,756.33,757.49,10786.0
14:18,756.91,756.96,756.43,756.86,6288.0
14:19,757.62,757.77,757.01,757.01,9141.0
14:20,757.97,758.24,757.61,757.78,6029.0
14:21,759.03,759.28,757.98,758.1,23660.0
14:22,759.16,759.45,759.01,759.01,4115.0
14:23,759.79,760.12,759.16,759.16,36726.0
14:24,759.15,759.8,758.76,759.8,11725.0
14:25,759.66,759.72,758.98,758.98,12446.0
14:26,759.57,759.83,759.4,759.4,5126.0
14:27,759.76,759.76,759.03,759.47,9255.0
14:28,759.54,759.89,759.29,759.76,12495.0
14:29,758.58,759.53,758.58,759.53,8794.0
14:30,758.28,759.23,758.28,759.02,9244.0
14:31,758.32,758.51,758.02,758.29,6973.0
14:32,758.8,758.8,758.51,758.51,5135.0
14:33,759.78,759.8,758.76,758.76,11186.0
14:34,759.47,760.0,759.26,759.79,14040.0
14:35,759.48,759.97,759.43,759.59,2531.0
14:36,759.53,759.53,759.12,759.43,4881.0
14:37,760.56,760.72,759.4,759.4,20608.0
14:38,761.0,761.27,760.52,760.55,12481.0
14:39,760.99,761.58,760.82,761.18,20100.0
14:40,760.95,761.07,760.36,760.62,12760.0
14:41,761.57,761.7,760.37,760.98,14695.0
14:42,760.48,761.81,760.29,761.57,26138.0
14:43,761.37,761.6,760.48,760.48,12060.0
14:44,761.06,761.53,760.44,761.27,7289.0
14:45,760.43,760.77,760.23,760.77,7661.0
14:46,760.91,761.0,760.43,760.43,10324.0
14:47,761.25,761.44,760.59,760.97,13046.0
14:48,763.08,763.18,761.0,761.24,25860.0
14:49,762.66,763.76,762.31,763.23,21354.0
14:50,762.52,763.09,762.03,762.74,12236.0
14:51,762.22,762.48,762.0,762.48,9754.0
14:52,762.37,762.43,761.87,762.0,13498.0
14:53,761.84,762.59,761.7,762.42,9386.0
14:54,762.05,762.69,761.61,761.73,15406.0
14:55,763.15,763.23,762.41,762.43,14135.0
14:56,762.99,763.19,762.81,763.16,9032.0
14:57,763.38,763.64,762.89,762.89,17629.0
14:58,763.64,763.88,763.08,763.08,13739.0
14:59,764.09,764.09,763.48,763.64,21719.0
15:00,763.72,764.42,763.61,764.09,35738.0
15:01,764.29,764.29,763.41,763.74,27927.0
15:02,764.1,764.44,764.0,764.21,10563.0
15:03,764.59,764.75,763.78,763.81,24026.0
15:04,764.68,765.0,764.48,764.62,11413.0
15:05,764.5,764.9,764.43,764.62,16006.0
15:06,765.4,765.41,764.55,764.58,30614.0
15:07,765.19,765.47,764.5,765.47,22039.0
15:08,765.61,765.64,764.86,764.92,15222.0
15:09,765.3,765.7,764.93,765.48,12224.0
15:10,766.21,766.22,765.0,765.5,23782.0
15:11,765.98,766.35,765.9,766.21,19570.0
15:12,766.03,766.25,765.29,766.1,12803.0
15:13,765.65,766.18,765.19,766.04,23940.0
15:14,763.89,765.77,763.82,765.65,24557.0
15:15,762.84,764.05,762.7,763.72,21633.0
15:16,762.42,763.22,762.07,762.84,37922.0
15:17,763.5,763.5,762.12,762.33,21165.0
15:18,763.77,763.98,763.18,763.5,14944.0
15:19,762.81,764.01,762.67,763.85,15494.0
15:20,763.57,763.66,762.5,762.65,13132.0
15:21,763.91,764.2,763.03,763.77,9929.0
15:22,764.26,764.46,763.92,764.2,8723.0
15:23,763.22,764.39,763.16,764.26,17267.0
15:24,763.41,763.48,762.5,763.16,33097.0
15:25,762.36,763.11,762.24,763.11,41586.0
15:26,763.34,763.34,762.38,762.4,77155.0
15:27,762.99,763.3,762.85,763.28,14453.0
15:28,762.36,763.09,761.42,762.98,27042.0
15:29,762.35,762.75,761.97,762.02,19851.0
15:30,763.19,763.19,762.56,762.92,18697.0
15:31,763.2,763.38,762.69,763.14,11061.0
15:32,764.41,764.41,763.27,763.4,22904.0
15:33,764.39,764.6,763.99,764.26,15764.0
15:34,764.78,764.93,764.18,764.4,14446.0
15:35,763.97,764.69,763.97,764.62,19695.0
15:36,764.12,764.46,763.96,764.11,20551.0
15:37,764.37,764.49,763.97,764.05,15464.0
15:38,764.07,764.29,763.34,764.28,23811.0
15:39,764.11,764.42,763.88,764.07,22795.0
15:40,764.59,764.88,763.59,763.96,23671.0
15:41,765.05,765.11,764.28,764.59,19403.0
15:42,764.55,764.93,764.41,764.91,12058.0
15:43,764.08,764.43,763.82,764.43,17338.0
15:44,764.54,764.54,764.01,764.16,29387.0
15:45,764.72,764.89,763.94,764.35,26787.0
15:46,764.74,764.96,764.53,764.72,14748.0
15:47,763.99,764.53,763.99,764.42,20779.0
15:48,764.27,764.43,763.92,764.16,12824.0
15:49,763.56,764.25,762.9,764.25,31099.0
15:50,762.63,763.59,762.59,763.59,22333.0
15:51,762.17,763.03,761.38,763.03,33467.0
15:52,762.9,762.9,761.97,762.25,27773.0
15:53,763.19,763.23,762.27,762.66,40887.0
15:54,762.73,763.34,762.36,763.34,26403.0
15:55,762.97,763.15,762.56,762.56,40421.0
15:56,763.06,763.4,762.78,762.97,35713.0
15:57,763.18,763.31,762.83,763.0,50316.0
15:58,763.05,763.32,762.78,763.24,73827.0
15:59,762.86,763.16,762.64,763.04,106818.0
