Time,Close,High,Low,Open,Volume
09:30,819.58,820.5,813.0,814.35,271739.0
09:31,820.62,822.0,819.38,820.52,20854.0
09:32,827.36,827.38,821.0,821.07,48967.0
09:33,829.67,829.98,826.63,827.01,27463.0
09:34,832.38,833.0,829.51,829.7,57187.0
09:35,829.65,832.29,828.0,832.29,51729.0
09:36,829.58,830.01,827.25,829.02,20619.0
09:37,830.49,832.48,829.9,829.9,26544.0
09:38,830.63,832.19,829.69,831.24,25191.0
09:39,833.35,833.38,829.37,830.49,32322.0
09:40,833.46,834.46,832.29,833.39,33392.0
09:41,828.98,833.48,828.98,833.48,28814.0
09:42,826.48,828.68,826.15,828.68,19711.0
09:43,825.79,827.06,825.33,826.01,24997.0
09:44,822.12,825.75,821.49,825.51,22200.0
09:45,821.37,823.53,820.29,821.2,35247.0
09:46,822.31,823.54,821.06,821.39,20936.0
09:47,820.19,822.3,819.51,822.02,18145.0
09:48,822.67,823.0,819.88,820.53,26827.0
09:49,823.51,823.87,821.72,822.16,17562.0
09:50,822.78,824.0,822.78,823.21,13227.0
09:51,821.5,822.55,821.22,822.55,10171.0
09:52,822.36,822.98,820.54,821.41,22502.0
09:53,822.01,822.77,821.91,822.24,9502.0
09:54,821.37,821.85,820.59,821.85,7946.0
09:55,820.41,821.6,820.32,820.95,19291.0
09:56,822.06,822.9,820.05,820.95,26853.0
09:57,821.44,822.57,821.19,822.57,7917.0
09:58,820.5,822.36,820.09,821.0,7544.0
09:59,822.09,822.09,820.54,820.54,7409.0
10:00,820.48,820.79,819.96,820.79,26108.0
10:01,818.5,820.07,817.85,820.07,25170.0
10:02,819.72,820.54,818.28,818.36,18073.0
10:03,819.9,821.51,819.9,820.05,13675.0
10:04,820.66,821.0,819.49,819.9,16227.0
10:05,821.16,821.27,820.66,820.66,9856.0
10:06,823.26,823.26,821.2,821.2,27853.0
10:07,822.4,824.41,822.4,823.74,13977.0
10:08,821.15,822.79,820.85,822.39,8667.0
10:09,821.04,821.73,820.65,820.98,5842.0
10:10,820.55,821.36,820.34,821.36,9643.0
10:11,819.74,820.3,819.37,820.3,12131.0
10:12,820.81,821.36,819.52,819.85,9349.0
10:13,820.86,821.81,820.37,820.43,11110.0
10:14,820.93,821.57,820.55,820.64,6514.0
10:15,819.72,820.72,819.71,820.72,6649.0
10:16,819.68,820.68,819.01,820.23,23829.0
10:17,818.56,820.34,818.47,820.34,8615.0
10:18,820.95,821.0,817.91,818.82,15873.0
10:19,820.0,821.28,820.0,821.26,7427.0
10:20,820.43,820.66,819.21,820.2,12260.0
10:21,819.69,820.5,819.35,820.5,7354.0
10:22,818.37,819.51,818.0,819.51,8998.0
10:23,817.49,817.72,817.0,817.69,10381.0
10:24,817.81,817.99,817.01,817.01,7107.0
10:25,816.56,817.57,816.56,817.34,6964.0
10:26,817.01,817.31,815.7,816.56,13960.0
10:27,819.95,819.95,817.01,817.01,7503.0
10:28,819.99,820.22,819.4,820.01,8060.0
10:29,819.11,819.97,818.99,819.92,12757.0
10:30,818.49,818.49,817.23,818.27,9009.0
10:31,818.62,819.33,818.29,818.64,9895.0
10:32,818.38,818.84,818.21,818.63,6946.0
10:33,817.93,818.69,817.58,818.46,6491.0
10:34,817.06,817.61,816.83,816.83,4594.0
10:35,816.34,817.13,816.0,817.07,15577.0
10:36,816.84,817.92,815.56,816.22,13600.0
10:37,816.53,817.17,815.62,816.18,17466.0
10:38,817.22,817.67,816.11,816.42,5627.0
10:39,816.06,817.67,816.06,816.85,5206.0
10:40,815.56,816.31,815.52,815.85,6305.0
10:41,815.23,815.98,814.8,815.0,11662.0
10:42,814.9,815.36,814.78,815.17,15547.0
10:43,815.0,815.14,814.55,815.0,16205.0
10:44,815.21,815.74,814.39,814.69,8938.0
10:45,815.09,815.7,814.89,815.42,8174.0
10:46,815.21,815.65,814.67,814.67,10952.0
10:47,815.99,816.02,815.2,815.48,8625.0
10:48,815.67,815.74,815.4,815.62,7372.0
10:49,816.0,816.12,815.55,815.62,8518.0
10:50,816.76,816.8,815.92,815.92,8194.0
10:51,815.16,816.51,814.97,816.51,11834.0
10:52,815.9,815.94,814.93,815.22,11159.0
10:53,816.17,816.5,815.35,815.57,5038.0
10:54,817.33,817.51,816.18,816.18,9469.0
10:55,815.81,817.12,815.57,817.12,6201.0
10:56,816.14,816.37,815.35,815.81,6807.0
10:57,815.41,815.72,813.97,815.35,18819.0
10:58,815.99,816.2,815.39,815.41,6525.0
10:59,816.66,817.22,815.64,815.99,18653.0
11:00,818.16,818.16,816.57,817.46,8437.0
11:01,818.31,818.31,817.88,818.0,23087.0
11:02,819.39,819.39,817.91,817.91,10448.0
11:03,820.88,821.33,818.87,819.34,16236.0
11:04,819.38,820.77,819.03,820.77,7501.0
11:05,817.62,819.38,817.05,819.38,26250.0
11:06,817.93,818.45,817.84,817.87,9556.0
11:07,818.4,818.45,817.7,818.34,4826.0
11:08,817.72,818.29,817.52,818.29,5410.0
11:09,817.89,818.26,817.31,817.65,6686.0
11:10,817.32,818.48,817.32,817.54,3112.0
11:11,817.73,817.73,817.69,817.69,5712.0
11:12,816.49,817.79,816.49,817.73,3632.0
11:13,817.01,817.22,815.62,816.91,5570.0
11:14,816.09,816.68,815.49,816.26,11413.0
11:15,816.24,816.63,815.89,815.89,6891.0
11:16,816.12,816.43,815.4,816.43,2855.0
11:17,816.27,816.84,815.81,816.84,2767.0
11:18,816.56,816.59,816.21,816.25,3120.0
11:19,817.22,817.22,816.53,816.54,4199.0
11:20,817.41,818.5,817.01,817.01,11175.0
11:21,818.11,818.22,817.37,817.41,5212.0
11:22,818.47,818.47,818.11,818.11,1918.0
11:23,817.02,817.97,816.91,817.57,9202.0
11:24,817.18,817.29,816.46,817.11,4464.0
11:25,818.02,818.02,816.0,817.08,10228.0
11:26,818.06,818.3,818.0,818.02,3811.0
11:27,818.84,819.17,817.8,817.8,10613.0
11:28,817.81,819.09,817.18,818.84,16521.0
11:29,817.68,817.68,817.49,817.49,2789.0
11:30,817.97,818.26,817.86,817.96,4007.0
11:31,817.18,818.32,816.41,818.32,7070.0
11:32,817.03,817.4,816.85,817.27,3909.0
11:33,817.36,817.43,817.13,817.13,3721.0
11:34,817.74,817.74,817.0,817.43,4492.0
11:35,818.66,818.67,817.49,817.74,8271.0
11:36,818.46,818.62,818.27,818.62,4869.0
11:37,818.19,818.41,817.89,818.21,3921.0
11:38,817.93,817.93,817.58,817.81,2879.0
11:39,819.85,819.85,817.95,817.99,10600.0
11:40,819.4,819.75,819.15,819.34,7624.0
11:41,818.43,819.0,818.43,819.0,4139.0
11:42,818.18,819.3,818.18,819.05,4476.0
11:43,817.99,818.22,817.35,817.56,4978.0
11:44,819.16,819.53,817.8,817.8,5479.0
11:45,819.62,819.89,819.18,819.56,3989.0
11:46,819.45,819.62,819.35,819.62,3375.0
11:47,820.43,820.43,819.0,819.0,7264.0
11:48,820.39,821.29,820.39,820.76,8289.0
11:49,820.38,821.0,820.34,820.55,4178.0
11:50,820.77,820.77,820.38,820.38,2775.0
11:51,820.65,820.98,820.22,820.77,3063.0
11:52,819.78,820.69,819.78,820.69,3248.0
11:53,819.9,820.21,819.64,820.21,3867.0
11:54,818.39,820.2,818.39,819.02,8408.0
11:55,818.0,818.41,818.0,818.41,4222.0
11:56,817.9,818.49,817.84,818.0,5447.0
11:57,818.98,819.19,817.93,818.41,6030.0
11:58,820.18,820.28,818.7,818.7,8870.0
11:59,821.34,821.34,820.18,820.18,6399.0
12:00,821.34,821.34,820.73,820.86,12492.0
12:01,821.22,821.89,821.2,821.5,5201.0
12:02,820.27,821.13,820.01,821.13,6260.0
12:03,820.1,820.53,820.1,820.31,4211.0
12:04,820.01,820.38,819.7,820.04,8626.0
12:05,819.61,819.84,818.55,819.84,6316.0
12:06,820.34,820.65,819.74,819.74,5723.0
12:07,820.15,820.79,819.88,820.34,3709.0
12:08,820.52,820.9,820.3,820.3,2659.0
12:09,820.88,820.88,820.48,820.78,3623.0
12:10,820.85,821.22,820.42,820.42,11717.0
12:11,820.29,820.73,820.29,820.73,4211.0
12:12,820.38,820.38,820.38,820.38,1321.0
12:13,820.45,820.63,820.26,820.29,2831.0
12:14,821.03,821.03,820.38,820.42,5844.0
12:15,820.36,820.7,820.3,820.64,2349.0
12:16,820.85,820.85,820.55,820.55,2499.0
12:17,820.53,820.9,820.19,820.9,3939.0
12:18,819.83,820.94,819.83,820.94,5451.0
12:19,819.5,820.59,819.5,820.59,5439.0
12:20,818.65,819.48,818.46,819.48,5515.0
12:21,818.0,818.72,818.0,818.72,6026.0
12:22,818.74,818.74,817.42,818.22,8635.0
12:23,818.54,818.72,818.4,818.4,3752.0
12:24,818.53,818.53,818.45,818.53,1893.0
12:25,818.56,818.7,818.55,818.57,3321.0
12:26,819.22,819.38,818.84,818.84,5333.0
12:27,819.67,819.67,818.97,818.97,3488.0
12:28,819.73,820.73,819.47,819.47,7485.0
12:29,820.14,820.26,819.64,820.17,5821.0
12:30,820.48,820.81,820.3,820.3,4704.0
12:31,820.0,820.59,819.92,820.39,11561.0
12:32,820.5,820.8,820.27,820.28,7519.0
12:33,820.66,821.08,820.45,820.45,17206.0
12:34,821.73,821.73,820.92,821.0,11828.0
12:35,822.4,822.4,821.42,821.65,6456.0
12:36,822.33,822.78,821.96,821.96,8100.0
12:37,821.61,822.29,821.61,822.29,3919.0
12:38,822.35,822.35,821.99,821.99,4880.0
12:39,821.54,822.65,821.4,822.3,9301.0
12:40,821.14,821.97,820.96,821.11,8985.0
12:41,820.55,821.38,820.23,821.38,6779.0
12:42,821.08,821.38,820.33,820.68,11624.0
12:43,820.88,820.88,820.88,820.88,528.0
12:44,820.48,821.0,820.35,820.81,7751.0
12:45,820.47,820.96,820.36,820.96,3050.0
12:46,821.1,821.1,820.29,820.74,6316.0
12:47,820.14,820.59,820.14,820.59,4601.0
12:48,820.54,821.0,820.48,820.88,4379.0
12:49,820.64,820.64,819.9,820.42,9491.0
12:50,820.93,821.11,820.14,820.49,178779.0
12:51,820.91,821.38,820.9,820.9,2193.0
12:52,820.91,821.03,820.91,821.03,931.0
12:53,820.29,821.03,820.29,821.03,6519.0
12:54,819.9,820.3,819.9,820.3,5351.0
12:55,818.9,820.2,818.9,820.2,3928.0
12:56,818.33,819.33,818.0,819.33,5195.0
12:57,818.07,818.07,818.07,818.07,2013.0
12:58,817.28,818.36,817.2,818.36,11795.0
12:59,818.26,818.4,817.23,817.27,11723.0
13:00,817.92,818.26,817.92,818.01,1777.0
13:01,815.89,817.96,815.55,817.96,8414.0
13:02,815.52,816.49,815.22,816.3,6520.0
13:03,815.55,815.73,815.36,815.73,2247.0
13:04,816.42,816.42,815.57,815.57,4678.0
13:05,815.71,816.0,814.49,815.93,15214.0
13:06,815.27,815.88,815.27,815.81,3178.0
13:07,815.22,815.24,814.83,815.24,2588.0
13:08,815.22,815.25,815.15,815.25,1668.0
13:09,814.9,815.22,814.65,815.22,6039.0
13:10,814.82,815.0,814.5,814.74,7301.0
13:11,814.28,814.88,814.28,814.88,4886.0
13:12,815.05,815.21,814.58,814.58,3825.0
13:13,814.85,815.4,814.85,814.97,4176.0
13:14,814.92,814.92,814.92,814.92,1535.0
13:15,814.36,814.85,814.22,814.66,4296.0
13:16,814.04,814.12,813.69,814.12,6823.0
13:17,814.12,814.12,813.69,813.7,9316.0
13:18,813.72,814.15,813.72,814.14,5979.0
13:19,813.36,813.9,813.36,813.89,6258.0
13:20,813.01,813.64,813.01,813.64,6538.0
13:21,813.16,813.91,812.81,813.01,9943.0
13:22,813.41,813.59,813.0,813.02,2976.0
13:23,813.19,813.41,813.13,813.41,5847.0
13:24,813.99,813.99,812.85,813.22,12046.0
13:25,813.61,813.61,813.33,813.57,2493.0
13:26,813.47,813.61,813.47,813.61,2155.0
13:27,813.46,813.6,813.17,813.6,2375.0
13:28,813.11,813.45,812.86,813.45,4465.0
13:29,813.53,813.72,813.0,813.13,4518.0
13:30,814.32,814.77,813.74,813.74,4348.0
13:31,814.92,815.59,814.52,814.52,10656.0
13:32,814.97,815.14,814.55,815.14,4430.0
13:33,815.12,815.59,814.99,814.99,8290.0
13:34,815.59,815.59,815.04,815.29,6211.0
13:35,814.81,815.38,814.81,815.38,2236.0
13:36,815.13,815.2,814.43,814.52,4337.0
13:37,814.66,814.95,814.66,814.83,2577.0
13:38,814.67,814.67,814.17,814.17,3983.0
13:39,814.88,815.15,814.87,815.15,1952.0
13:40,815.61,815.89,815.31,815.89,2752.0
13:41,815.3,815.89,815.09,815.59,6833.0
13:42,816.45,816.45,815.09,815.09,8541.0
13:43,814.92,816.18,814.8,816.18,24518.0
13:44,815.31,815.31,815.0,815.0,3744.0
13:45,815.36,815.43,814.87,815.26,3167.0
13:46,814.81,815.63,814.81,815.45,4280.0
13:47,814.75,814.75,814.75,814.75,1220.0
13:48,815.5,815.5,814.83,815.08,3240.0
13:49,815.46,815.47,815.23,815.39,4319.0
13:50,815.83,815.83,815.27,815.45,7422.0
13:51,815.39,815.81,815.38,815.76,3231.0
13:52,815.43,815.54,815.3,815.54,2629.0
13:53,815.7,815.7,814.99,815.07,2113.0
13:54,815.51,815.95,815.5,815.95,2700.0
13:55,816.04,816.04,815.61,815.66,4923.0
13:56,815.8,815.94,815.8,815.92,2582.0
13:57,815.82,816.01,815.62,815.9,2602.0
13:58,815.5,815.69,815.5,815.64,4212.0
13:59,816.04,816.3,815.6,815.6,3397.0
14:00,816.07,816.13,816.0,816.0,3187.0
14:01,815.89,815.89,815.59,815.59,2136.0
14:02,816.52,816.52,816.25,816.31,2242.0
14:03,816.39,816.49,816.39,816.49,1880.0
14:04,816.99,817.52,816.59,816.59,7898.0
14:05,818.04,818.06,817.07,817.34,7249.0
14:06,817.61,817.95,817.43,817.58,5507.0
14:07,817.42,817.42,816.91,817.26,6522.0
14:08,817.06,817.42,816.85,816.85,4272.0
14:09,817.95,817.95,817.41,817.41,5993.0
14:10,818.42,818.42,817.7,817.7,3500.0
14:11,818.42,818.42,818.01,818.01,4109.0
14:12,818.03,818.3,817.75,818.02,7193.0
14:13,817.37,818.03,817.29,818.03,5267.0
14:14,817.42,817.42,817.0,817.01,5257.0
14:15,818.14,818.14,817.81,817.81,1982.0
14:16,818.5,818.55,817.89,818.19,3581.0
14:17,818.69,818.69,818.35,818.35,2903.0
14:18,818.86,818.86,818.41,818.8,4511.0
14:19,819.39,819.39,818.82,818.82,5514.0
14:20,819.09,819.41,819.09,819.22,4236.0
14:21,819.32,819.32,819.0,819.04,2918.0
14:22,819.64,819.72,819.21,819.52,4000.0
14:23,819.84,819.84,819.64,819.64,2848.0
14:24,819.95,819.95,819.59,819.59,2227.0
14:25,819.95,820.0,819.56,819.56,3256.0
14:26,820.49,820.49,819.82,819.95,6491.0
14:27,820.61,820.61,819.99,820.58,5513.0
14:28,820.48,820.53,820.09,820.53,4459.0
14:29,820.52,820.86,820.3,820.5,5023.0
14:30,820.27,820.87,820.27,820.68,6898.0
14:31,820.57,820.85,820.45,820.53,3142.0
14:32,820.81,821.0,820.58,820.58,4242.0
14:33,820.68,821.02,820.55,820.94,14486.0
14:34,820.76,821.18,820.76,820.86,3864.0
14:35,820.36,821.07,820.36,820.84,9090.0
14:36,820.51,820.6,820.49,820.6,1764.0
14:37,820.54,820.74,820.49,820.49,2245.0
14:38,820.54,820.75,820.54,820.75,2289.0
14:39,820.97,821.0,820.31,820.31,12089.0
14:40,820.71,821.0,820.4,820.97,8257.0
14:41,820.42,821.0,820.42,820.68,5341.0
14:42,820.22,820.53,819.99,820.53,6146.0
14:43,820.07,820.07,819.51,820.0,5020.0
14:44,820.27,820.27,819.9,819.9,4917.0
14:45,820.48,820.68,820.41,820.41,2796.0
14:46,820.3,820.75,820.04,820.39,5683.0
14:47,819.99,820.3,819.4,820.3,7351.0
14:48,819.32,820.03,819.32,819.84,4057.0
14:49,818.79,819.57,818.77,818.83,5266.0
14:50,819.88,819.99,819.19,819.19,9289.0
14:51,819.8,819.83,819.57,819.71,53613.0
14:52,819.2,819.8,818.94,819.8,10165.0
14:53,819.34,819.34,819.25,819.25,1970.0
14:54,819.34,819.59,819.3,819.35,4096.0
14:55,819.57,819.7,819.34,819.34,8165.0
14:56,819.41,819.66,819.27,819.66,6435.0
14:57,819.54,819.91,819.44,819.44,6789.0
14:58,819.53,819.64,819.53,819.64,2642.0
14:59,819.45,819.52,819.34,819.34,2787.0
15:00,819.41,819.87,819.22,819.22,5964.0
15:01,819.39,819.39,819.04,819.32,2812.0
15:02,819.6,819.6,818.93,819.33,8005.0
15:03,819.79,819.82,819.42,819.42,6267.0
15:04,819.71,819.8,819.6,819.8,4619.0
15:05,819.71,819.71,819.46,819.71,3441.0
15:06,819.7,819.89,819.44,819.71,3838.0
15:07,819.55,819.58,819.24,819.58,2408.0
15:08,819.55,819.86,819.55,819.55,3000.0
15:09,820.23,820.41,819.55,819.55,8469.0
15:10,819.96,820.23,819.96,820.23,3093.0
15:11,820.21,820.34,820.04,820.04,4185.0
15:12,820.28,820.38,820.1,820.19,3731.0
15:13,820.29,820.38,819.93,820.25,6608.0
15:14,820.09,820.09,820.04,820.09,1626.0
15:15,819.82,820.09,819.56,820.09,12111.0
15:16,819.94,820.0,819.44,819.44,1956.0
15:17,820.11,820.11,819.44,819.82,3256.0
15:18,819.82,820.11,819.78,819.78,6111.0
15:19,819.9,819.9,819.44,819.82,9397.0
15:20,819.73,819.86,819.47,819.55,6588.0
15:21,819.8,820.0,819.65,819.65,7935.0
15:22,819.64,819.85,819.56,819.61,2844.0
15:23,819.82,820.32,819.59,819.59,9338.0
15:24,820.3,820.3,820.11,820.11,3071.0
15:25,820.45,820.75,820.25,820.33,6505.0
15:26,820.19,820.56,820.18,820.43,3430.0
15:27,820.1,820.58,820.02,820.54,4107.0
15:28,820.01,820.52,819.68,820.52,3260.0
15:29,819.64,820.01,819.49,820.01,5563.0
15:30,820.34,820.58,819.64,819.68,11847.0
15:31,820.39,820.5,820.17,820.43,11455.0
15:32,820.32,820.32,819.84,820.16,5295.0
15:33,820.4,820.43,820.19,820.19,3875.0
15:34,820.71,820.71,820.31,820.31,5976.0
15:35,820.98,821.0,820.61,820.61,5798.0
15:36,820.8,821.25,820.73,820.81,30251.0
15:37,820.6,820.64,820.3,820.64,5151.0
15:38,820.41,820.62,820.41,820.62,5231.0
15:39,820.5,820.63,820.3,820.41,7207.0
15:40,820.46,820.64,820.3,820.52,9363.0
15:41,820.78,820.79,820.47,820.47,7075.0
15:42,820.96,821.0,820.72,820.82,15709.0
15:43,820.76,821.0,820.64,820.96,11287.0
15:44,820.76,820.99,820.74,820.74,5469.0
15:45,820.77,821.0,820.64,820.99,7927.0
15:46,820.83,821.0,820.71,820.71,14003.0
15:47,821.05,821.3,820.88,820.91,31789.0
15:48,820.36,821.02,820.25,820.91,13273.0
15:49,820.18,820.35,820.18,820.22,3123.0
15:50,820.47,820.62,819.91,820.5,19167.0
15:51,819.77,820.45,819.39,820.37,15314.0
15:52,819.61,819.96,819.26,819.77,8204.0
15:53,819.76,820.22,819.37,819.63,12553.0
15:54,819.61,819.82,819.48,819.77,15037.0
15:55,820.41,820.82,819.75,819.8,22517.0
15:56,820.62,820.76,820.17,820.34,18687.0
15:57,820.83,820.98,820.62,820.75,26423.0
15:58,820.67,820.98,820.58,820.83,28113.0
15:59,819.96,821.0,819.87,820.8,88860.0
