Time,Close,High,Low,Open,Volume
09:30,1029.31,1032.62,1028.66,1032.62,96285.0
09:31,1030.2,1031.15,1027.4,1028.74,11713.0
09:32,1031.0,1031.0,1028.23,1029.43,3574.0
09:33,1030.62,1031.3,1029.95,1030.26,7638.0
09:34,1029.96,1030.77,1029.55,1030.22,9526.0
09:35,1029.34,1030.0,1028.73,1029.72,8612.0
09:36,1026.01,1029.34,1025.99,1029.34,15976.0
09:37,1023.77,1026.29,1023.42,1026.01,34994.0
09:38,1025.01,1025.99,1023.0,1023.61,32080.0
09:39,1025.62,1026.57,1024.91,1024.92,18027.0
09:40,1026.68,1027.38,1025.55,1025.55,18611.0
09:41,1024.31,1026.5,1024.19,1026.48,10352.0
09:42,1026.49,1026.72,1022.22,1024.19,47114.0
09:43,1028.93,1029.5,1026.08,1026.49,19447.0
09:44,1027.65,1029.75,1027.31,1028.93,11899.0
09:45,1024.48,1027.83,1024.48,1027.02,9347.0
09:46,1022.18,1025.73,1022.01,1024.34,9600.0
09:47,1022.39,1023.02,1020.22,1022.18,17069.0
09:48,1021.94,1023.78,1021.4,1022.6,7030.0
09:49,1020.8,1022.04,1020.2,1021.45,15548.0
09:50,1019.22,1022.03,1018.44,1020.79,23890.0
09:51,1020.18,1021.29,1018.58,1019.22,34069.0
09:52,1021.87,1022.03,1020.54,1020.54,22243.0
09:53,1021.38,1022.01,1021.24,1021.89,17413.0
09:54,1021.84,1022.13,1021.13,1021.24,11282.0
09:55,1022.25,1022.81,1021.64,1021.65,25628.0
09:56,1021.77,1022.69,1021.77,1022.55,8158.0
09:57,1021.17,1021.94,1020.59,1021.55,6269.0
09:58,1021.78,1022.17,1021.0,1021.14,7211.0
09:59,1022.14,1023.24,1021.26,1021.51,15657.0
10:00,1022.71,1023.58,1022.14,1022.27,11556.0
10:01,1022.72,1023.05,1022.2,1022.72,5623.0
10:02,1022.02,1022.83,1021.49,1022.48,8079.0
10:03,1021.02,1022.68,1020.81,1022.58,7915.0
10:04,1020.66,1021.27,1020.0,1020.89,6717.0
10:05,1019.53,1021.01,1019.53,1020.74,13072.0
10:06,1019.95,1020.48,1018.94,1019.08,9074.0
10:07,1019.1,1020.05,1019.0,1019.95,7161.0
10:08,1019.7,1019.99,1019.02,1019.02,8154.0
10:09,1020.75,1021.04,1019.65,1019.65,6104.0
10:10,1021.1,1021.72,1020.55,1021.23,7448.0
10:11,1021.12,1021.27,1020.57,1021.1,5165.0
10:12,1021.31,1021.5,1020.12,1021.12,7611.0
10:13,1021.48,1021.64,1020.59,1021.27,6361.0
10:14,1022.2,1022.55,1020.12,1021.28,10974.0
10:15,1021.79,1022.53,1021.58,1022.28,6438.0
10:16,1021.38,1022.0,1021.28,1021.53,8300.0
10:17,1020.94,1021.68,1020.94,1021.0,6866.0
10:18,1020.57,1021.05,1020.26,1020.65,5453.0
10:19,1019.99,1020.89,1019.99,1020.58,11183.0
10:20,1020.11,1020.93,1019.88,1020.15,9453.0
10:21,1018.68,1020.43,1018.57,1020.34,7975.0
10:22,1017.56,1019.09,1017.11,1018.74,17309.0
10:23,1017.46,1018.56,1017.46,1017.84,6919.0
10:24,1017.75,1018.31,1017.46,1017.87,9689.0
10:25,1017.73,1017.97,1016.61,1017.85,17280.0
10:26,1017.65,1018.69,1017.17,1017.73,8512.0
10:27,1018.55,1018.79,1017.54,1017.88,7648.0
10:28,1019.44,1019.85,1018.55,1018.55,11491.0
10:29,1018.83,1019.93,1018.72,1019.02,10804.0
10:30,1018.65,1019.03,1018.13,1018.64,16498.0
10:31,1017.04,1019.03,1016.77,1018.63,9814.0
10:32,1017.68,1017.7,1016.82,1017.1,9490.0
10:33,1016.15,1017.98,1016.11,1017.42,17040.0
10:34,1017.37,1017.97,1016.33,1016.58,12284.0
10:35,1016.62,1018.26,1016.59,1017.23,11151.0
10:36,1016.98,1017.1,1016.25,1016.76,16803.0
10:37,1015.47,1016.99,1015.18,1016.97,15728.0
10:38,1014.05,1015.76,1014.05,1015.67,17206.0
10:39,1013.9,1014.57,1013.48,1014.05,17767.0
10:40,1014.54,1014.95,1013.28,1014.01,18867.0
10:41,1015.46,1015.69,1014.31,1014.55,16600.0
10:42,1015.78,1016.15,1015.31,1015.63,10459.0
10:43,1016.12,1016.58,1015.57,1015.57,25976.0
10:44,1016.0,1016.41,1015.71,1016.26,9248.0
10:45,1015.19,1016.15,1015.16,1016.01,10113.0
10:46,1014.2,1015.63,1014.13,1015.16,10758.0
10:47,1013.84,1015.0,1013.0,1014.15,21410.0
10:48,1013.45,1014.12,1013.07,1013.93,12823.0
10:49,1014.44,1014.68,1012.05,1013.5,89408.0
10:50,1015.23,1015.7,1014.34,1014.59,6563.0
10:51,1015.54,1015.54,1014.39,1015.28,5943.0
10:52,1015.89,1015.89,1014.93,1015.54,9241.0
10:53,1014.62,1015.97,1014.47,1015.6,6131.0
10:54,1014.58,1014.96,1014.08,1014.64,3841.0
10:55,1014.47,1014.66,1014.17,1014.19,4573.0
10:56,1014.39,1015.17,1014.25,1014.49,8725.0
10:57,1014.99,1015.14,1014.22,1014.36,15821.0
10:58,1014.82,1015.13,1014.71,1014.98,2000.0
10:59,1014.91,1015.17,1014.64,1014.68,4133.0
11:00,1014.85,1015.27,1014.44,1014.69,5995.0
11:01,1014.7,1014.87,1014.44,1014.61,3721.0
11:02,1014.4,1014.62,1014.18,1014.62,18700.0
11:03,1014.12,1014.18,1012.96,1014.18,8803.0
11:04,1014.83,1015.2,1013.86,1013.97,9255.0
11:05,1014.0,1014.54,1013.81,1014.54,3023.0
11:06,1014.89,1014.89,1013.68,1014.15,5513.0
11:07,1013.28,1014.89,1013.28,1014.6,5829.0
11:08,1012.89,1013.34,1012.5,1013.21,7531.0
11:09,1011.79,1013.0,1011.79,1012.97,8250.0
11:10,1011.36,1012.78,1011.36,1012.02,8909.0
11:11,1011.46,1011.67,1010.22,1011.0,15880.0
11:12,1011.52,1012.11,1011.16,1011.66,10753.0
11:13,1012.06,1012.97,1011.52,1011.8,6100.0
11:14,1012.73,1012.77,1011.67,1012.5,4925.0
11:15,1012.14,1012.5,1012.14,1012.39,2134.0
11:16,1012.15,1012.34,1012.04,1012.28,5357.0
11:17,1011.11,1012.28,1011.11,1012.28,3912.0
11:18,1011.24,1011.33,1010.4,1011.26,7461.0
11:19,1011.77,1011.86,1011.09,1011.21,7051.0
11:20,1011.91,1012.24,1011.46,1011.46,5713.0
11:21,1011.73,1012.24,1011.16,1011.59,4838.0
11:22,1012.26,1012.3,1011.35,1011.76,5877.0
11:23,1012.46,1012.75,1011.97,1012.26,13379.0
11:24,1013.28,1013.4,1012.47,1012.9,11580.0
11:25,1012.99,1013.25,1012.84,1013.23,5514.0
11:26,1013.2,1013.5,1012.95,1013.21,3755.0
11:27,1011.47,1013.21,1011.25,1013.21,4667.0
11:28,1011.34,1011.76,1011.0,1011.31,6509.0
11:29,1010.5,1011.37,1010.5,1011.07,5042.0
11:30,1009.36,1010.9,1009.36,1010.52,12875.0
11:31,1010.51,1010.6,1009.34,1009.65,4627.0
11:32,1011.05,1011.28,1010.51,1010.51,3277.0
11:33,1011.23,1011.23,1010.71,1011.05,3235.0
11:34,1009.59,1011.08,1009.59,1011.08,7715.0
11:35,1010.21,1010.26,1009.6,1009.74,4385.0
11:36,1009.54,1010.98,1009.38,1010.21,10638.0
11:37,1008.36,1009.47,1008.29,1009.4,8397.0
11:38,1008.42,1009.14,1007.71,1008.3,9250.0
11:39,1007.28,1008.32,1007.18,1007.99,5185.0
11:40,1008.36,1008.6,1007.28,1007.42,9832.0
11:41,1008.0,1008.53,1007.45,1008.36,7695.0
11:42,1008.28,1008.31,1007.68,1007.72,5163.0
11:43,1009.63,1010.05,1008.49,1008.5,11682.0
11:44,1010.5,1010.83,1009.25,1009.51,9116.0
11:45,1010.79,1011.0,1010.23,1010.75,6621.0
11:46,1010.72,1011.0,1010.32,1010.8,8155.0
11:47,1010.53,1010.99,1010.33,1010.72,2403.0
11:48,1011.19,1011.4,1010.53,1010.72,4644.0
11:49,1010.51,1011.4,1010.5,1011.19,4785.0
11:50,1010.59,1011.0,1010.28,1010.54,6249.0
11:51,1010.46,1010.71,1010.05,1010.43,5428.0
11:52,1009.93,1010.7,1009.59,1010.66,7578.0
11:53,1009.73,1010.56,1009.66,1009.93,4892.0
11:54,1010.19,1010.5,1009.56,1010.08,6753.0
11:55,1011.4,1011.4,1010.02,1010.19,6622.0
11:56,1011.47,1011.71,1011.29,1011.45,4472.0
11:57,1011.65,1011.65,1011.12,1011.41,3525.0
11:58,1011.44,1011.71,1011.2,1011.38,5806.0
11:59,1011.52,1012.27,1011.16,1011.79,10301.0
12:00,1011.24,1011.58,1011.11,1011.35,4089.0
12:01,1010.7,1011.61,1010.7,1011.42,2239.0
12:02,1011.43,1011.61,1010.51,1010.79,6733.0
12:03,1011.59,1011.75,1011.19,1011.4,3915.0
12:04,1012.25,1012.43,1011.59,1011.59,5445.0
12:05,1012.74,1012.74,1012.19,1012.19,2806.0
12:06,1012.07,1012.93,1012.06,1012.57,4407.0
12:07,1012.45,1012.58,1012.06,1012.32,2491.0
12:08,1012.39,1012.73,1012.38,1012.6,1573.0
12:09,1011.83,1012.6,1011.73,1012.5,6288.0
12:10,1012.0,1012.42,1011.36,1011.6,4397.0
12:11,1012.19,1012.45,1011.8,1012.0,1723.0
12:12,1012.54,1012.79,1012.38,1012.4,2595.0
12:13,1012.5,1012.89,1012.39,1012.76,4886.0
12:14,1013.48,1013.48,1012.64,1012.89,8145.0
12:15,1013.02,1013.61,1012.46,1013.59,6914.0
12:16,1014.01,1014.38,1012.95,1013.01,6812.0
12:17,1014.98,1014.98,1013.94,1014.01,3442.0
12:18,1014.5,1014.98,1014.44,1014.72,4052.0
12:19,1015.09,1015.19,1014.07,1014.5,5159.0
12:20,1015.44,1015.66,1014.93,1015.11,3958.0
12:21,1015.25,1015.84,1015.24,1015.49,3704.0
12:22,1014.2,1015.33,1014.07,1015.33,6493.0
12:23,1013.5,1014.13,1013.04,1014.13,3229.0
12:24,1014.96,1015.0,1013.6,1013.74,6935.0
12:25,1015.25,1015.25,1015.11,1015.13,1354.0
12:26,1015.54,1015.8,1015.25,1015.25,2393.0
12:27,1015.72,1015.72,1015.37,1015.59,4641.0
12:28,1015.42,1015.72,1015.28,1015.64,5178.0
12:29,1015.16,1015.83,1015.09,1015.27,2749.0
12:30,1014.56,1015.2,1014.56,1015.2,3202.0
12:31,1014.42,1014.65,1014.31,1014.57,2838.0
12:32,1014.42,1014.61,1014.42,1014.42,1379.0
12:33,1014.52,1014.64,1014.2,1014.55,9911.0
12:34,1014.75,1014.83,1014.4,1014.73,3118.0
12:35,1014.98,1015.08,1014.61,1014.76,3904.0
12:36,1014.47,1014.99,1014.47,1014.99,2033.0
12:37,1014.5,1014.5,1014.23,1014.48,2394.0
12:38,1014.71,1014.81,1014.29,1014.39,5008.0
12:39,1014.23,1014.94,1014.13,1014.64,7267.0
12:40,1014.39,1014.59,1014.09,1014.27,8023.0
12:41,1013.97,1014.16,1013.65,1014.16,2134.0
12:42,1014.22,1014.32,1013.81,1013.86,3933.0
12:43,1013.37,1014.08,1012.78,1014.08,1840.0
12:44,1014.53,1014.66,1013.27,1013.27,4962.0
12:45,1014.69,1014.69,1014.4,1014.5,2378.0
12:46,1015.02,1015.08,1014.7,1015.08,2139.0
12:47,1015.08,1015.79,1015.08,1015.29,5246.0
12:48,1014.52,1015.05,1014.17,1015.0,1968.0
12:49,1014.55,1014.63,1014.19,1014.19,1249.0
12:50,1014.65,1014.67,1014.32,1014.67,1371.0
12:51,1014.72,1014.87,1014.41,1014.81,1688.0
12:52,1014.94,1015.0,1014.76,1014.94,2228.0
12:53,1014.83,1015.08,1014.81,1014.94,3136.0
12:54,1014.8,1014.94,1014.63,1014.81,3501.0
12:55,1014.68,1015.08,1014.61,1014.8,3994.0
12:56,1015.24,1015.31,1014.96,1014.96,1835.0
12:57,1015.19,1015.21,1014.74,1015.06,1841.0
12:58,1015.17,1015.28,1015.17,1015.24,3335.0
12:59,1015.03,1015.22,1014.7,1014.9,3052.0
13:00,1014.89,1015.22,1014.89,1015.08,3540.0
13:01,1015.0,1015.22,1014.76,1014.76,3537.0
13:02,1015.34,1015.46,1015.0,1015.0,3433.0
13:03,1015.52,1015.59,1014.87,1015.09,3605.0
13:04,1015.11,1015.6,1015.1,1015.53,2959.0
13:05,1014.74,1015.46,1014.51,1015.42,2333.0
13:06,1014.75,1014.75,1014.34,1014.74,2752.0
13:07,1014.46,1015.0,1014.15,1014.75,4264.0
13:08,1014.82,1014.95,1014.32,1014.32,2869.0
13:09,1014.77,1014.77,1014.49,1014.69,1784.0
13:10,1014.59,1015.12,1014.59,1014.73,4123.0
13:11,1014.76,1015.09,1014.45,1014.6,4981.0
13:12,1014.47,1014.76,1014.46,1014.76,1276.0
13:13,1014.84,1015.03,1014.46,1014.66,5038.0
13:14,1014.27,1014.76,1014.1,1014.76,3079.0
13:15,1015.76,1015.98,1014.45,1014.45,8974.0
13:16,1015.99,1016.38,1015.99,1016.24,5506.0
13:17,1016.47,1016.59,1015.89,1016.03,2542.0
13:18,1016.27,1016.54,1016.27,1016.54,41304.0
13:19,1016.04,1016.28,1016.03,1016.25,2057.0
13:20,1016.34,1016.38,1016.1,1016.28,2174.0
13:21,1016.75,1016.75,1016.14,1016.24,2567.0
13:22,1016.65,1016.89,1016.42,1016.52,7180.0
13:23,1016.2,1016.87,1015.82,1016.87,5974.0
13:24,1016.2,1016.53,1015.86,1015.86,1906.0
13:25,1015.86,1016.48,1015.85,1016.36,5376.0
13:26,1015.97,1016.4,1015.94,1015.95,2224.0
13:27,1016.0,1016.42,1015.75,1015.97,3351.0
13:28,1015.38,1015.89,1015.38,1015.89,2068.0
13:29,1015.74,1015.77,1015.61,1015.77,1194.0
13:30,1015.59,1015.85,1015.45,1015.74,2758.0
13:31,1014.81,1015.83,1014.54,1015.65,5057.0
13:32,1015.3,1015.3,1014.81,1014.81,1909.0
13:33,1014.72,1015.11,1014.62,1015.11,3239.0
13:34,1013.91,1014.64,1013.91,1014.64,2673.0
13:35,1014.28,1014.28,1013.86,1013.86,1385.0
13:36,1014.41,1014.68,1013.87,1013.87,22602.0
13:37,1014.41,1014.41,1014.21,1014.41,1210.0
13:38,1014.47,1014.64,1014.13,1014.47,3127.0
13:39,1014.61,1014.68,1013.81,1014.13,5707.0
13:40,1014.0,1014.82,1013.82,1014.61,3329.0
13:41,1014.1,1014.29,1013.63,1013.75,2667.0
13:42,1013.67,1014.43,1013.56,1013.67,1275.0
13:43,1014.88,1015.3,1013.56,1013.56,5751.0
13:44,1014.93,1015.14,1014.41,1015.07,3729.0
13:45,1014.97,1015.15,1014.56,1014.56,3985.0
13:46,1015.38,1015.4,1014.77,1014.98,6509.0
13:47,1016.17,1016.3,1015.0,1015.18,9273.0
13:48,1016.25,1016.26,1016.0,1016.19,3276.0
13:49,1014.74,1016.49,1014.74,1016.04,5293.0
13:50,1014.73,1015.09,1014.65,1014.65,1479.0
13:51,1014.51,1015.14,1014.47,1015.11,3084.0
13:52,1014.57,1014.83,1014.0,1014.53,7265.0
13:53,1014.58,1014.89,1014.52,1014.61,2242.0
13:54,1014.77,1014.84,1014.53,1014.53,1909.0
13:55,1014.53,1015.03,1014.0,1014.87,3518.0
13:56,1014.59,1014.7,1014.06,1014.22,2844.0
13:57,1014.42,1014.42,1014.1,1014.41,1397.0
13:58,1013.82,1014.44,1013.81,1014.42,2521.0
13:59,1013.5,1013.92,1013.43,1013.83,3952.0
14:00,1012.41,1013.34,1012.0,1013.24,4328.0
14:01,1012.9,1013.0,1012.42,1012.47,2565.0
14:02,1013.45,1013.57,1013.17,1013.17,2300.0
14:03,1013.76,1013.78,1013.38,1013.55,2603.0
14:04,1013.66,1013.76,1013.41,1013.76,2788.0
14:05,1013.71,1013.97,1013.71,1013.92,1563.0
14:06,1013.83,1014.14,1013.56,1013.99,8047.0
14:07,1013.31,1013.84,1013.29,1013.84,3095.0
14:08,1013.61,1013.79,1013.34,1013.34,9991.0
14:09,1014.71,1014.71,1013.62,1013.62,4742.0
14:10,1014.83,1014.99,1014.08,1014.72,4202.0
14:11,1015.41,1015.54,1014.75,1014.94,3749.0
14:12,1015.01,1015.4,1014.73,1015.17,3523.0
14:13,1014.28,1014.83,1014.23,1014.83,3057.0
14:14,1014.3,1014.74,1014.26,1014.62,926.0
14:15,1014.66,1014.66,1014.28,1014.4,2019.0
14:16,1014.36,1015.0,1014.27,1014.37,1985.0
14:17,1014.34,1015.0,1014.29,1014.41,3187.0
14:18,1014.99,1015.18,1014.29,1014.32,4712.0
14:19,1014.72,1014.97,1014.53,1014.82,2384.0
14:20,1014.14,1014.66,1014.03,1014.53,3679.0
14:21,1014.29,1014.46,1013.41,1014.03,3866.0
14:22,1013.47,1014.46,1013.47,1014.29,2338.0
14:23,1013.93,1013.95,1013.08,1013.37,3077.0
14:24,1014.14,1014.48,1013.63,1013.89,4045.0
14:25,1014.13,1014.59,1014.12,1014.16,4042.0
14:26,1014.67,1014.69,1014.0,1014.04,2851.0
14:27,1014.51,1014.7,1014.31,1014.61,3158.0
14:28,1014.62,1014.88,1014.48,1014.65,1677.0
14:29,1014.14,1014.85,1014.14,1014.31,2923.0
14:30,1014.34,1014.5,1013.9,1014.26,4421.0
14:31,1014.26,1014.74,1014.15,1014.54,3617.0
14:32,1014.86,1014.86,1014.08,1014.25,2354.0
14:33,1015.32,1015.46,1014.94,1014.94,2648.0
14:34,1015.4,1015.43,1015.21,1015.22,4266.0
14:35,1015.02,1015.63,1015.02,1015.4,4391.0
14:36,1014.29,1015.04,1014.29,1015.04,3315.0
14:37,1015.14,1015.36,1014.41,1014.66,6918.0
14:38,1015.54,1015.73,1015.38,1015.39,4871.0
14:39,1014.63,1015.54,1014.37,1015.54,4566.0
14:40,1014.01,1014.83,1014.01,1014.44,2428.0
14:41,1013.91,1014.34,1013.71,1014.3,3553.0
14:42,1013.55,1013.88,1013.37,1013.58,2982.0
14:43,1013.65,1013.79,1013.49,1013.55,3395.0
14:44,1013.56,1013.91,1013.46,1013.52,1937.0
14:45,1013.92,1013.99,1013.77,1013.83,2037.0
14:46,1013.75,1014.14,1013.71,1014.14,2306.0
14:47,1014.47,1014.47,1013.91,1013.91,2815.0
14:48,1014.33,1014.48,1013.55,1014.3,8704.0
14:49,1013.92,1014.34,1013.92,1013.96,3273.0
14:50,1013.96,1014.23,1013.92,1013.92,3162.0
14:51,1013.93,1014.26,1013.82,1014.17,3124.0
14:52,1014.36,1014.61,1013.98,1014.07,3230.0
14:53,1014.76,1015.0,1014.62,1014.62,8896.0
14:54,1014.96,1015.0,1014.76,1014.76,1596.0
14:55,1015.43,1015.43,1014.7,1015.0,3875.0
14:56,1015.0,1015.46,1015.0,1015.13,5051.0
14:57,1014.76,1015.17,1014.76,1015.17,2472.0
14:58,1013.91,1014.76,1013.91,1014.76,3808.0
14:59,1013.86,1014.04,1013.66,1013.96,2512.0
15:00,1014.25,1014.25,1013.75,1013.84,2553.0
15:01,1014.07,1014.25,1013.81,1014.05,4309.0
15:02,1014.37,1014.63,1014.09,1014.09,1131.0
15:03,1014.18,1014.6,1014.18,1014.37,3615.0
15:04,1013.88,1014.22,1013.72,1014.22,3184.0
15:05,1013.91,1014.14,1013.31,1013.68,3537.0
15:06,1013.68,1013.97,1013.68,1013.91,2004.0
15:07,1013.5,1013.85,1013.2,1013.65,2563.0
15:08,1013.89,1013.89,1013.02,1013.16,2692.0
15:09,1014.25,1014.27,1013.89,1013.89,4264.0
15:10,1014.54,1014.71,1014.16,1014.25,5606.0
15:11,1014.44,1014.54,1014.29,1014.54,1995.0
15:12,1014.92,1015.21,1014.42,1014.42,8573.0
15:13,1015.22,1015.73,1015.15,1015.15,4937.0
15:14,1015.55,1015.73,1015.0,1015.31,3360.0
15:15,1015.16,1015.34,1014.91,1015.34,1365.0
15:16,1014.72,1015.21,1014.64,1014.98,5837.0
15:17,1014.88,1015.11,1014.71,1014.83,5382.0
15:18,1014.87,1015.13,1014.61,1015.13,3486.0
15:19,1014.43,1015.09,1014.16,1014.87,8764.0
15:20,1014.9,1015.17,1014.61,1014.63,3597.0
15:21,1015.14,1015.23,1014.68,1015.23,4364.0
15:22,1014.55,1015.0,1014.47,1014.79,6097.0
15:23,1013.85,1014.36,1013.76,1014.22,11584.0
15:24,1013.24,1014.07,1013.24,1013.84,5861.0
15:25,1012.92,1013.26,1012.65,1013.23,5997.0
15:26,1013.76,1014.02,1012.57,1012.85,9052.0
15:27,1013.77,1013.77,1013.15,1013.76,4502.0
15:28,1013.66,1014.0,1013.48,1013.78,3161.0
15:29,1013.65,1013.75,1013.29,1013.54,4116.0
15:30,1014.28,1014.28,1012.45,1013.36,11534.0
15:31,1014.42,1014.5,1014.04,1014.21,3242.0
15:32,1013.27,1014.65,1013.14,1014.5,8438.0
15:33,1012.76,1013.46,1012.76,1013.28,4641.0
15:34,1011.89,1012.94,1011.49,1012.94,14573.0
15:35,1011.58,1012.21,1011.58,1012.08,6101.0
15:36,1012.41,1012.43,1011.74,1011.74,6918.0
15:37,1012.75,1012.83,1012.24,1012.41,6096.0
15:38,1012.56,1012.78,1012.38,1012.65,5998.0
15:39,1012.7,1012.78,1012.41,1012.56,5710.0
15:40,1012.29,1012.69,1012.29,1012.69,6437.0
15:41,1011.77,1012.67,1011.77,1012.36,11209.0
15:42,1011.41,1011.99,1011.41,1011.85,11476.0
15:43,1011.4,1011.6,1011.11,1011.42,5689.0
15:44,1011.67,1012.18,1011.28,1011.42,11990.0
15:45,1012.23,1012.37,1011.59,1011.78,10476.0
15:46,1012.7,1012.7,1011.59,1012.23,13366.0
15:47,1012.25,1012.65,1012.25,1012.59,8882.0
15:48,1011.51,1012.4,1011.51,1012.31,9607.0
15:49,1011.16,1011.59,1010.94,1011.54,18180.0
15:50,1012.84,1013.22,1011.09,1011.16,38231.0
15:51,1012.26,1013.5,1011.99,1012.95,12642.0
15:52,1012.7,1012.84,1012.16,1012.23,13409.0
15:53,1012.31,1012.93,1012.02,1012.7,18312.0
15:54,1012.28,1012.63,1011.66,1012.31,22505.0
15:55,1010.28,1012.73,1010.0,1012.42,34630.0
15:56,1010.34,1010.83,1010.13,1010.39,29632.0
15:57,1010.97,1011.04,1010.34,1010.38,37935.0
15:58,1010.71,1011.37,1010.5,1011.05,55522.0
15:59,1014.27,1014.48,1013.8,1013.95,126554.0
