Time,Close,High,Low,Open,Volume
09:30,1050.08,1051.59,1045.5,1045.5,103145.0
09:31,1050.08,1051.59,1045.5,1045.5,103145.0
09:32,1050.08,1051.59,1045.5,1045.5,103145.0
09:33,1050.08,1051.59,1045.5,1045.5,103145.0
09:34,1050.08,1051.59,1045.5,1045.5,103145.0
09:35,1050.08,1051.59,1045.5,1045.5,103145.0
09:36,1050.08,1051.59,1045.5,1045.5,103145.0
09:37,1050.08,1051.59,1045.5,1045.5,103145.0
09:38,1050.08,1051.59,1045.5,1045.5,103145.0
09:39,1050.08,1051.59,1045.5,1045.5,103145.0
09:40,1050.08,1051.59,1045.5,1045.5,103145.0
09:41,1050.08,1051.59,1045.5,1045.5,103145.0
09:42,1050.08,1051.59,1045.5,1045.5,103145.0
09:43,1050.08,1051.59,1045.5,1045.5,103145.0
09:44,1050.08,1051.59,1045.5,1045.5,103145.0
09:45,1050.08,1051.59,1045.5,1045.5,103145.0
09:46,1050.08,1051.59,1045.5,1045.5,103145.0
09:47,1050.08,1051.59,1045.5,1045.5,103145.0
09:48,1050.08,1051.59,1045.5,1045.5,103145.0
09:49,1050.08,1051.59,1045.5,1045.5,103145.0
09:50,1050.08,1051.59,1045.5,1045.5,103145.0
09:51,1050.08,1051.59,1045.5,1045.5,103145.0
09:52,1050.08,1051.59,1045.5,1045.5,103145.0
09:53,1050.08,1051.59,1045.5,1045.5,103145.0
09:54,1050.08,1051.59,1045.5,1045.5,103145.0
09:55,1050.08,1051.59,1045.5,1045.5,103145.0
09:56,1050.08,1051.59,1045.5,1045.5,103145.0
09:57,1050.08,1051.59,1045.5,1045.5,103145.0
09:58,1050.08,1051.59,1045.5,1045.5,103145.0
09:59,1050.08,1051.59,1045.5,1045.5,103145.0
10:00,1050.08,1051.59,1045.5,1045.5,103145.0
10:01,1050.08,1051.59,1045.5,1045.5,103145.0
10:02,1050.08,1051.59,1045.5,1045.5,103145.0
10:03,1050.08,1051.59,1045.5,1045.5,103145.0
10:04,1050.08,1051.59,1045.5,1045.5,103145.0
10:05,1050.08,1051.59,1045.5,1045.5,103145.0
10:06,1050.08,1051.59,1045.5,1045.5,103145.0
10:07,1050.08,1051.59,1045.5,1045.5,103145.0
10:08,1050.08,1051.59,1045.5,1045.5,103145.0
10:09,1050.08,1051.59,1045.5,1045.5,103145.0
10:10,1050.08,1051.59,1045.5,1045.5,103145.0
10:11,1050.08,1051.59,1045.5,1045.5,103145.0
10:12,1050.08,1051.59,1045.5,1045.5,103145.0
10:13,1050.08,1051.59,1045.5,1045.5,103145.0
10:14,1050.08,1051.59,1045.5,1045.5,103145.0
10:15,1050.08,1051.59,1045.5,1045.5,103145.0
10:16,1050.08,1051.59,1045.5,1045.5,103145.0
10:17,1050.08,1051.59,1045.5,1045.5,103145.0
10:18,1050.08,1051.59,1045.5,1045.5,103145.0
10:19,1050.08,1051.59,1045.5,1045.5,103145.0
10:20,1050.08,1051.59,1045.5,1045.5,103145.0
10:21,1050.08,1051.59,1045.5,1045.5,103145.0
10:22,1050.08,1051.59,1045.5,1045.5,103145.0
10:23,1050.08,1051.59,1045.5,1045.5,103145.0
10:24,1050.08,1051.59,1045.5,1045.5,103145.0
10:25,1050.08,1051.59,1045.5,1045.5,103145.0
10:26,1050.08,1051.59,1045.5,1045.5,103145.0
10:27,1050.08,1051.59,1045.5,1045.5,103145.0
10:28,1050.08,1051.59,1045.5,1045.5,103145.0
10:29,1050.08,1051.59,1045.5,1045.5,103145.0
10:30,1050.08,1051.59,1045.5,1045.5,103145.0
10:31,1053.53,1057.0,1049.17,1049.59,43337.0
10:32,1051.74,1055.38,1050.6,1054.45,35049.0
10:33,1053.48,1055.54,1051.01,1051.83,14882.0
10:34,1055.53,1055.98,1051.62,1052.98,17147.0
10:35,1051.47,1055.86,1051.0,1054.89,11403.0
10:36,1049.46,1053.72,1048.23,1051.87,30968.0
10:37,1047.09,1050.33,1045.04,1049.11,26339.0
10:38,1048.75,1049.93,1047.47,1047.8,10407.0
10:39,1049.01,1050.47,1047.03,1048.82,17410.0
10:40,1050.01,1051.48,1049.04,1050.0,7705.0
10:41,1049.42,1052.0,1048.55,1050.43,21042.0
10:42,1048.94,1050.49,1048.39,1049.9,13539.0
10:43,1048.7,1051.25,1048.65,1049.0,17873.0
10:44,1049.8,1049.8,1048.0,1048.0,11483.0
10:45,1049.39,1050.7,1048.01,1049.16,16062.0
10:46,1050.38,1052.0,1049.41,1049.59,19258.0
10:47,1049.61,1050.48,1048.02,1050.48,25258.0
10:48,1050.12,1050.28,1048.34,1048.73,11840.0
10:49,1048.93,1050.79,1048.17,1050.01,16982.0
10:50,1050.84,1051.46,1048.85,1049.12,12372.0
10:51,1050.73,1051.5,1050.32,1050.85,11250.0
10:52,1048.19,1050.94,1048.18,1050.83,9583.0
10:53,1048.89,1049.83,1048.07,1048.4,11932.0
10:54,1049.3,1050.0,1048.61,1048.61,5944.0
10:55,1049.37,1050.03,1049.0,1049.67,8399.0
10:56,1049.51,1050.23,1049.02,1049.63,8867.0
10:57,1052.3,1052.9,1049.51,1049.51,26258.0
10:58,1052.81,1054.47,1052.17,1052.3,12253.0
10:59,1053.98,1054.4,1052.51,1052.89,19362.0
11:00,1052.54,1054.45,1052.0,1053.84,11563.0
11:01,1053.26,1053.26,1051.27,1052.11,7414.0
11:02,1053.61,1053.61,1052.43,1052.93,9729.0
11:03,1049.94,1053.61,1049.5,1053.11,12552.0
11:04,1050.48,1051.52,1049.64,1049.75,5689.0
11:05,1050.2,1051.0,1049.5,1049.82,10373.0
11:06,1048.99,1049.76,1048.61,1049.6,5079.0
11:07,1050.12,1050.29,1048.61,1048.99,11047.0
11:08,1050.55,1051.28,1049.92,1050.0,4387.0
11:09,1050.63,1051.33,1050.35,1050.67,4921.0
11:10,1052.34,1052.59,1050.86,1050.9,7324.0
11:11,1050.8,1052.77,1050.42,1051.81,8455.0
11:12,1051.86,1052.17,1050.0,1050.56,19099.0
11:13,1051.69,1052.39,1051.41,1051.87,7543.0
11:14,1050.0,1051.54,1050.0,1051.39,6657.0
11:15,1049.36,1050.16,1049.17,1050.12,4975.0
11:16,1048.71,1049.56,1048.43,1049.37,12422.0
11:17,1046.97,1049.45,1046.8,1048.97,10548.0
11:18,1047.43,1047.44,1046.81,1047.11,6733.0
11:19,1045.62,1047.43,1045.18,1047.43,6993.0
11:20,1044.55,1045.55,1044.01,1045.55,9193.0
11:21,1044.64,1045.1,1043.0,1044.78,12951.0
11:22,1046.71,1047.29,1044.02,1044.64,16337.0
11:23,1047.6,1048.0,1046.18,1046.68,8536.0
11:24,1048.39,1049.22,1047.12,1047.45,7257.0
11:25,1049.41,1049.99,1048.62,1048.62,4229.0
11:26,1048.46,1049.21,1047.69,1049.21,4623.0
11:27,1047.76,1048.57,1047.76,1048.27,4083.0
11:28,1049.0,1049.0,1047.02,1047.98,4201.0
11:29,1048.41,1049.7,1048.24,1048.48,4205.0
11:30,1048.66,1049.19,1047.5,1048.57,4206.0
11:31,1049.62,1049.66,1047.61,1048.38,2968.0
11:32,1049.38,1049.82,1049.05,1049.82,2808.0
11:33,1048.58,1049.5,1048.47,1049.5,4009.0
11:34,1049.6,1049.99,1048.03,1048.41,5906.0
11:35,1049.34,1050.19,1049.32,1049.59,14099.0
11:36,1050.95,1051.0,1049.64,1049.93,6169.0
11:37,1051.96,1052.44,1050.23,1050.55,10324.0
11:38,1053.66,1053.9,1051.51,1052.17,9220.0
11:39,1053.75,1053.98,1053.35,1053.76,9747.0
11:40,1053.82,1054.9,1053.53,1053.7,14279.0
11:41,1052.77,1054.0,1052.7,1053.82,6087.0
11:42,1051.84,1052.64,1051.54,1052.6,12519.0
11:43,1051.78,1052.17,1051.33,1051.77,5118.0
11:44,1050.42,1051.46,1050.26,1051.46,2351.0
11:45,1050.83,1051.55,1050.25,1051.02,8223.0
11:46,1051.98,1052.31,1050.46,1050.47,14837.0
11:47,1049.28,1051.74,1048.55,1051.36,9719.0
11:48,1049.44,1049.5,1049.03,1049.37,4213.0
11:49,1049.41,1049.76,1048.78,1049.33,4972.0
11:50,1050.1,1050.71,1048.67,1049.09,7856.0
11:51,1050.98,1050.98,1050.15,1050.3,4823.0
11:52,1050.99,1051.5,1049.1,1050.57,9354.0
11:53,1050.05,1051.38,1050.05,1050.99,4667.0
11:54,1051.07,1051.5,1050.06,1050.26,1496.0
11:55,1051.18,1051.18,1050.06,1050.78,4314.0
11:56,1052.33,1052.8,1050.75,1050.96,6749.0
11:57,1054.03,1054.4,1051.55,1052.1,11538.0
11:58,1053.49,1054.98,1052.83,1053.97,7210.0
11:59,1053.11,1053.44,1052.47,1052.83,13411.0
12:00,1051.86,1053.3,1051.86,1052.74,14762.0
12:01,1050.17,1052.0,1050.0,1051.37,14798.0
12:02,1050.88,1050.98,1049.17,1049.91,7367.0
12:03,1051.86,1052.83,1050.03,1050.25,4285.0
12:04,1052.04,1052.53,1051.67,1051.87,4162.0
12:05,1053.14,1053.5,1052.02,1052.02,6380.0
12:06,1054.33,1055.0,1053.47,1053.5,6982.0
12:07,1055.37,1055.53,1054.03,1054.03,7266.0
12:08,1054.79,1055.53,1054.31,1055.17,5873.0
12:09,1054.36,1055.5,1053.05,1055.02,5189.0
12:10,1053.62,1055.25,1053.56,1054.41,4563.0
12:11,1055.49,1055.67,1053.79,1053.79,7725.0
12:12,1054.38,1055.29,1053.99,1055.19,4913.0
12:13,1055.31,1055.37,1053.76,1054.4,4600.0
12:14,1054.37,1056.0,1054.37,1055.19,6095.0
12:15,1054.94,1055.18,1054.3,1054.95,3910.0
12:16,1054.6,1054.94,1054.14,1054.94,4267.0
12:17,1054.01,1054.99,1053.95,1054.75,5088.0
12:18,1053.72,1054.01,1053.24,1053.73,4014.0
12:19,1053.29,1053.72,1052.84,1053.62,4367.0
12:20,1052.55,1053.36,1052.0,1053.29,10696.0
12:21,1052.52,1052.52,1051.69,1052.29,3956.0
12:22,1052.56,1052.59,1051.68,1052.36,2583.0
12:23,1052.68,1053.24,1051.69,1052.01,7111.0
12:24,1052.69,1052.74,1052.04,1052.58,1522.0
12:25,1051.38,1052.36,1050.84,1052.36,4715.0
12:26,1051.84,1052.21,1051.41,1051.89,4658.0
12:27,1052.92,1053.0,1051.32,1051.84,8341.0
12:28,1052.8,1053.6,1052.61,1052.91,8333.0
12:29,1052.83,1052.93,1051.87,1052.75,5889.0
12:30,1053.22,1053.22,1052.48,1052.61,7374.0
12:31,1051.27,1053.44,1051.12,1053.0,4657.0
12:32,1051.82,1052.06,1051.22,1051.36,2625.0
12:33,1050.72,1051.9,1050.22,1051.57,9140.0
12:34,1050.96,1051.01,1049.89,1050.7,5148.0
12:35,1049.75,1051.82,1049.23,1050.86,3441.0
12:36,1051.1,1051.1,1049.4,1050.21,2989.0
12:37,1048.9,1050.94,1048.33,1050.25,5621.0
12:38,1047.23,1049.0,1046.81,1048.33,8342.0
12:39,1048.0,1048.38,1047.2,1047.63,6566.0
12:40,1046.3,1048.02,1045.0,1048.02,35193.0
12:41,1045.07,1046.22,1045.0,1046.22,6645.0
12:42,1045.6,1046.38,1044.14,1045.46,13058.0
12:43,1044.79,1046.33,1044.63,1045.34,4176.0
12:44,1045.0,1045.77,1044.31,1044.79,12003.0
12:45,1045.93,1045.93,1044.63,1045.19,5786.0
12:46,1045.87,1046.14,1045.41,1045.73,9675.0
12:47,1046.68,1046.68,1044.67,1045.42,6001.0
12:48,1047.59,1047.82,1046.36,1046.36,4451.0
12:49,1047.36,1047.9,1046.83,1047.9,4832.0
12:50,1048.19,1048.53,1047.25,1047.52,2529.0
12:51,1048.03,1048.94,1047.35,1047.83,3504.0
12:52,1046.57,1048.74,1046.57,1048.7,4152.0
12:53,1046.57,1047.36,1046.33,1046.85,3882.0
12:54,1046.37,1046.45,1045.85,1046.38,2798.0
12:55,1043.84,1046.51,1043.82,1046.37,10936.0
12:56,1044.0,1045.04,1043.61,1044.32,7106.0
12:57,1044.69,1045.19,1043.5,1043.92,4046.0
12:58,1044.36,1044.69,1043.33,1044.69,5625.0
12:59,1042.43,1044.07,1041.84,1044.07,6776.0
13:00,1043.54,1044.64,1042.18,1042.34,6669.0
13:01,1044.06,1044.06,1041.75,1042.86,3278.0
13:02,1044.69,1045.78,1043.49,1043.95,6568.0
13:03,1044.11,1045.6,1044.11,1045.03,3075.0
13:04,1045.14,1045.9,1044.54,1044.54,2683.0
13:05,1045.42,1046.22,1044.66,1044.66,3624.0
13:06,1045.65,1045.84,1044.97,1044.97,3147.0
13:07,1044.59,1045.18,1044.06,1045.18,4229.0
13:08,1046.14,1046.8,1043.88,1044.68,5079.0
13:09,1043.65,1046.14,1043.65,1046.14,3323.0
13:10,1043.36,1043.84,1042.81,1043.55,2293.0
13:11,1043.56,1044.12,1043.07,1043.67,5402.0
13:12,1043.58,1043.58,1042.0,1043.56,2876.0
13:13,1043.32,1043.32,1042.46,1043.15,2839.0
13:14,1045.3,1045.42,1043.18,1043.54,4179.0
13:15,1043.73,1045.35,1043.41,1044.84,4817.0
13:16,1042.58,1044.14,1041.7,1043.81,8599.0
13:17,1041.5,1042.92,1041.21,1042.84,6415.0
13:18,1041.08,1041.62,1039.71,1041.46,19177.0
13:19,1041.66,1042.79,1040.3,1040.45,7254.0
13:20,1041.84,1042.46,1041.43,1041.43,5599.0
13:21,1045.15,1045.15,1041.84,1041.84,12668.0
13:22,1043.41,1045.12,1042.72,1044.88,10626.0
13:23,1043.95,1043.96,1042.79,1043.41,2682.0
13:24,1043.78,1045.2,1043.64,1044.06,6946.0
13:25,1042.55,1043.94,1041.56,1043.54,6823.0
13:26,1044.23,1044.23,1043.03,1043.03,3926.0
13:27,1044.33,1045.76,1044.02,1044.35,3968.0
13:28,1045.0,1045.1,1044.01,1044.71,2404.0
13:29,1044.8,1045.39,1043.85,1044.5,5508.0
13:30,1045.93,1046.31,1044.8,1044.8,5135.0
13:31,1044.46,1046.12,1043.82,1045.93,3600.0
13:32,1045.38,1046.02,1044.5,1044.5,4339.0
13:33,1044.33,1044.99,1044.17,1044.75,4236.0
13:34,1045.81,1046.0,1044.09,1044.36,2375.0
13:35,1044.81,1046.0,1044.19,1045.83,4133.0
13:36,1043.83,1044.86,1043.5,1044.16,5781.0
13:37,1043.43,1044.69,1043.03,1043.66,8637.0
13:38,1044.36,1044.36,1042.3,1043.43,6525.0
13:39,1045.25,1045.8,1044.37,1044.68,3847.0
13:40,1045.4,1045.48,1044.69,1045.05,4576.0
13:41,1044.21,1045.8,1044.0,1045.27,4810.0
13:42,1044.0,1044.78,1043.58,1044.21,4565.0
13:43,1043.61,1044.42,1043.61,1044.26,3207.0
13:44,1042.23,1043.97,1041.36,1043.61,5895.0
13:45,1041.67,1042.23,1041.44,1041.91,2847.0
13:46,1040.54,1041.67,1040.13,1041.67,3559.0
13:47,1040.16,1041.67,1039.5,1040.82,8269.0
13:48,1039.99,1041.0,1039.59,1040.48,3376.0
13:49,1040.89,1041.0,1039.84,1039.84,4347.0
13:50,1041.27,1041.68,1040.71,1040.91,3359.0
13:51,1042.0,1042.42,1041.35,1041.71,3738.0
13:52,1041.91,1042.42,1041.4,1041.79,3244.0
13:53,1040.53,1041.91,1040.53,1041.91,2019.0
13:54,1042.27,1042.99,1041.01,1041.36,9089.0
13:55,1043.34,1043.51,1041.36,1041.96,4865.0
13:56,1042.9,1043.7,1042.77,1043.27,2915.0
13:57,1042.1,1043.2,1041.94,1042.89,5727.0
13:58,1043.72,1043.72,1042.28,1042.28,2001.0
13:59,1043.75,1044.8,1043.15,1043.15,3527.0
14:00,1044.99,1045.0,1043.3,1043.82,6073.0
14:01,1045.96,1047.0,1045.26,1045.99,6065.0
14:02,1047.2,1047.55,1046.05,1046.05,3878.0
14:03,1046.84,1047.68,1046.77,1047.53,4864.0
14:04,1046.22,1047.47,1046.21,1047.19,2932.0
14:05,1046.2,1046.32,1045.93,1046.1,1349.0
14:06,1047.61,1047.61,1045.53,1046.19,3511.0
14:07,1047.18,1047.64,1046.77,1047.43,3709.0
14:08,1047.6,1047.81,1046.94,1047.18,6237.0
14:09,1047.85,1047.95,1046.8,1047.16,4744.0
14:10,1047.38,1048.14,1046.47,1048.12,3857.0
14:11,1047.45,1048.02,1047.09,1047.78,1145.0
14:12,1047.31,1048.0,1046.38,1047.8,3801.0
14:13,1046.85,1047.4,1046.8,1047.31,3179.0
14:14,1049.14,1049.42,1046.8,1046.8,6941.0
14:15,1048.94,1048.98,1048.22,1048.89,2898.0
14:16,1046.43,1048.53,1046.42,1048.53,3274.0
14:17,1046.88,1047.5,1046.48,1046.48,3068.0
14:18,1046.3,1046.89,1045.79,1046.89,3075.0
14:19,1047.29,1047.29,1045.79,1046.3,2310.0
14:20,1046.64,1047.85,1046.31,1047.27,2519.0
14:21,1046.1,1047.54,1046.1,1046.78,3369.0
14:22,1046.0,1046.4,1045.52,1046.22,2249.0
14:23,1045.34,1046.06,1044.44,1046.06,7346.0
14:24,1044.8,1046.21,1044.45,1045.87,4503.0
14:25,1045.35,1045.5,1044.32,1044.47,1991.0
14:26,1044.47,1045.35,1044.46,1045.35,5582.0
14:27,1044.16,1044.46,1043.76,1044.46,2829.0
14:28,1044.66,1045.21,1044.05,1044.06,2734.0
14:29,1044.82,1045.09,1044.41,1044.41,1488.0
14:30,1044.94,1045.23,1044.02,1044.74,4566.0
14:31,1045.06,1045.26,1044.75,1044.85,3881.0
14:32,1043.24,1045.46,1043.24,1045.06,4521.0
14:33,1042.52,1043.79,1042.27,1043.24,2997.0
14:34,1043.77,1044.06,1042.34,1042.52,5321.0
14:35,1042.79,1043.87,1042.44,1043.77,7908.0
14:36,1041.57,1042.9,1041.57,1042.79,3289.0
14:37,1041.91,1042.3,1041.54,1042.07,4383.0
14:38,1040.94,1041.69,1040.51,1041.69,4627.0
14:39,1041.33,1041.74,1040.83,1040.94,4946.0
14:40,1041.2,1041.33,1040.41,1041.33,7153.0
14:41,1040.7,1041.9,1040.29,1041.1,4287.0
14:42,1040.55,1041.25,1040.29,1040.62,2699.0
14:43,1040.28,1040.93,1039.58,1040.54,4152.0
14:44,1039.69,1040.17,1039.55,1040.17,1128.0
14:45,1040.28,1040.43,1039.1,1039.69,6190.0
14:46,1039.54,1040.34,1039.54,1040.34,2869.0
14:47,1040.14,1040.57,1039.5,1040.07,4124.0
14:48,1039.64,1040.01,1039.48,1040.01,2079.0
14:49,1039.64,1040.17,1039.64,1039.71,3291.0
14:50,1039.49,1039.97,1038.69,1039.97,4628.0
14:51,1039.31,1040.04,1039.31,1039.84,2140.0
14:52,1039.88,1039.88,1038.25,1039.34,5591.0
14:53,1038.28,1040.0,1038.28,1039.84,2521.0
14:54,1038.65,1039.2,1038.38,1038.72,3703.0
14:55,1039.13,1039.36,1038.87,1038.9,2299.0
14:56,1039.7,1039.7,1038.84,1039.62,3448.0
14:57,1039.56,1040.16,1039.31,1039.8,7626.0
14:58,1040.8,1040.82,1039.73,1039.73,8033.0
14:59,1040.69,1041.32,1040.59,1040.99,4312.0
15:00,1041.94,1041.94,1040.5,1040.56,3627.0
15:01,1041.61,1042.48,1041.59,1042.14,4348.0
15:02,1042.01,1042.44,1041.61,1042.03,4094.0
15:03,1043.01,1043.15,1041.6,1041.94,3891.0
15:04,1042.78,1043.8,1042.49,1043.33,5645.0
15:05,1044.01,1044.23,1042.75,1042.86,5330.0
15:06,1044.0,1044.38,1043.62,1044.32,4224.0
15:07,1044.05,1044.19,1043.61,1043.71,2843.0
15:08,1044.21,1044.57,1043.81,1044.46,5956.0
15:09,1045.49,1045.49,1043.86,1044.64,7427.0
15:10,1045.99,1045.99,1045.0,1045.2,6397.0
15:11,1046.47,1046.64,1045.32,1045.75,4925.0
15:12,1046.47,1046.5,1045.64,1046.46,3121.0
15:13,1045.95,1046.87,1045.76,1046.38,6106.0
15:14,1046.06,1046.31,1045.48,1045.95,5734.0
15:15,1046.31,1046.34,1045.56,1046.06,3383.0
15:16,1046.43,1046.63,1046.0,1046.22,1969.0
15:17,1047.01,1047.19,1045.32,1046.02,4860.0
15:18,1047.27,1048.0,1046.82,1047.0,3584.0
15:19,1046.14,1047.7,1045.93,1047.32,2839.0
15:20,1048.41,1048.41,1046.5,1046.84,4826.0
15:21,1048.49,1048.49,1047.69,1047.99,3543.0
15:22,1048.25,1048.88,1047.86,1048.58,8686.0
15:23,1048.51,1049.0,1048.27,1048.27,3890.0
15:24,1047.47,1048.51,1047.26,1048.51,4789.0
15:25,1047.22,1047.86,1047.1,1047.56,8791.0
15:26,1047.53,1047.93,1047.11,1047.59,3387.0
15:27,1048.31,1048.64,1047.57,1047.57,6340.0
15:28,1048.06,1048.39,1047.87,1048.12,4801.0
15:29,1046.62,1048.06,1046.62,1048.06,7436.0
15:30,1046.57,1047.3,1046.16,1046.6,5376.0
15:31,1046.98,1047.25,1046.26,1047.06,3499.0
15:32,1046.34,1047.48,1046.11,1047.07,3437.0
15:33,1046.57,1046.89,1046.32,1046.62,2708.0
15:34,1046.79,1046.79,1046.11,1046.11,1719.0
15:35,1048.02,1048.07,1047.21,1047.21,2273.0
15:36,1047.96,1048.73,1047.37,1048.01,4033.0
15:37,1048.98,1049.27,1048.09,1048.74,2136.0
15:38,1048.32,1048.82,1048.21,1048.79,1691.0
15:39,1048.03,1048.55,1048.03,1048.3,1182.0
15:40,1047.04,1048.02,1047.04,1048.02,2290.0
15:41,1047.13,1047.5,1046.84,1047.26,2343.0
15:42,1047.83,1048.74,1046.96,1047.33,4050.0
15:43,1046.97,1048.34,1046.94,1048.33,2365.0
15:44,1048.5,1048.69,1046.78,1046.97,3539.0
15:45,1047.54,1048.5,1047.54,1048.5,1597.0
15:46,1046.56,1047.72,1046.56,1047.4,2067.0
15:47,1047.24,1047.24,1046.53,1046.53,1191.0
15:48,1046.89,1047.6,1046.89,1047.6,1466.0
15:49,1048.15,1048.15,1047.18,1047.18,2152.0
15:50,1048.68,1048.68,1047.23,1048.15,1887.0
15:51,1047.73,1048.44,1046.17,1048.17,3639.0
15:52,1047.32,1047.4,1046.95,1047.28,2025.0
15:53,1047.05,1047.74,1046.8,1047.44,3554.0
15:54,1047.29,1047.78,1046.95,1046.95,1197.0
15:55,1047.22,1047.91,1046.93,1047.91,8900.0
15:56,1046.91,1047.63,1046.83,1047.55,1636.0
15:57,1048.1,1048.42,1045.73,1046.33,3303.0
15:58,1048.41,1048.41,1047.92,1048.36,2390.0
15:59,1048.44,1048.83,1047.83,1048.01,1709.0
16:00,1047.81,1048.54,1047.78,1048.42,2703.0
16:01,1047.34,1048.48,1047.34,1048.48,1788.0
16:02,1045.18,1046.79,1044.89,1046.68,3584.0
16:03,1045.31,1045.74,1044.64,1045.0,2393.0
16:04,1045.31,1045.31,1045.31,1045.31,556.0
16:05,1044.44,1045.51,1044.44,1044.82,4751.0
16:06,1044.25,1044.8,1043.53,1044.53,3495.0
16:07,1043.95,1044.23,1043.5,1044.01,2391.0
16:08,1043.5,1044.58,1043.45,1043.6,3100.0
16:09,1043.46,1043.9,1043.0,1043.15,2515.0
16:10,1043.8,1044.21,1042.17,1042.17,4417.0
16:11,1043.13,1043.58,1042.58,1043.47,9961.0
16:12,1043.25,1043.7,1042.99,1043.14,4170.0
16:13,1044.67,1044.68,1042.85,1043.45,8483.0
16:14,1043.59,1044.95,1043.59,1044.65,4410.0
16:15,1045.38,1045.38,1043.5,1043.6,3300.0
16:16,1045.32,1045.89,1044.75,1045.89,1698.0
16:17,1045.17,1046.15,1045.17,1045.33,2837.0
16:18,1045.91,1046.62,1045.43,1045.43,2331.0
16:19,1047.19,1047.3,1046.53,1046.56,9268.0
16:20,1047.2,1047.95,1047.08,1047.2,6684.0
16:21,1048.49,1048.5,1047.38,1048.0,2282.0
16:22,1047.41,1048.6,1046.95,1048.49,2595.0
16:23,1046.86,1047.46,1046.7,1047.46,1413.0
16:24,1046.75,1047.15,1046.37,1047.15,4546.0
16:25,1047.39,1047.67,1046.54,1047.19,7301.0
16:26,1046.45,1046.78,1046.0,1046.78,1890.0
16:27,1047.21,1047.3,1046.39,1046.39,2803.0
16:28,1046.87,1047.33,1046.46,1046.85,1961.0
16:29,1046.71,1047.16,1046.22,1046.99,4261.0
16:30,1048.15,1048.15,1046.84,1046.84,4411.0
16:31,1047.88,1048.38,1047.21,1048.15,6410.0
16:32,1046.86,1047.84,1046.56,1047.6,3933.0
16:33,1046.13,1047.38,1045.64,1046.99,5191.0
16:34,1046.01,1046.26,1045.65,1045.95,3428.0
16:35,1045.59,1045.9,1045.25,1045.85,7811.0
16:36,1045.7,1045.9,1045.31,1045.49,9161.0
16:37,1045.24,1045.72,1045.09,1045.72,10153.0
16:38,1044.51,1045.7,1044.5,1045.43,4767.0
16:39,1044.23,1044.62,1043.9,1044.45,7093.0
16:40,1044.51,1045.51,1043.95,1044.22,9751.0
16:41,1045.15,1045.2,1044.4,1044.66,2865.0
16:42,1044.6,1045.6,1044.6,1045.23,9243.0
16:43,1044.65,1044.66,1043.93,1044.34,6435.0
16:44,1042.68,1044.32,1042.68,1044.32,8868.0
16:45,1044.14,1044.14,1042.52,1042.71,8934.0
16:46,1042.96,1043.9,1042.58,1043.66,5256.0
16:47,1041.54,1043.24,1041.49,1042.96,11268.0
16:48,1042.13,1042.73,1041.62,1041.7,15516.0
16:49,1040.34,1042.62,1039.5,1042.06,17181.0
16:50,1040.69,1042.55,1040.34,1040.34,15497.0
16:51,1041.43,1041.75,1040.58,1040.76,9824.0
16:52,1040.68,1041.77,1040.24,1041.2,7862.0
16:53,1040.77,1041.06,1040.23,1040.32,5436.0
16:54,1040.44,1041.01,1040.0,1040.61,15374.0
16:55,1041.86,1043.0,1039.85,1040.35,16331.0
16:56,1041.19,1042.95,1041.11,1041.85,15040.0
16:57,1041.86,1042.49,1041.38,1041.45,17248.0
16:58,1042.79,1042.9,1041.67,1041.85,21200.0
16:59,1042.73,1043.32,1041.85,1042.96,67631.0
