Time,Close,High,Low,Open,Volume
09:30,,,,,
09:31,,,,,
09:32,,,,,
09:33,,,,,
09:34,,,,,
09:35,,,,,
09:36,,,,,
09:37,,,,,
09:38,,,,,
09:39,,,,,
09:40,,,,,
09:41,,,,,
09:42,,,,,
09:43,,,,,
09:44,,,,,
09:45,,,,,
09:46,,,,,
09:47,,,,,
09:48,,,,,
09:49,,,,,
09:50,,,,,
09:51,,,,,
09:52,,,,,
09:53,,,,,
09:54,,,,,
09:55,,,,,
09:56,,,,,
09:57,,,,,
09:58,,,,,
09:59,,,,,
10:00,,,,,
10:01,,,,,
10:02,,,,,
10:03,,,,,
10:04,,,,,
10:05,,,,,
10:06,,,,,
10:07,,,,,
10:08,,,,,
10:09,,,,,
10:10,,,,,
10:11,,,,,
10:12,,,,,
10:13,,,,,
10:14,,,,,
10:15,,,,,
10:16,,,,,
10:17,,,,,
10:18,,,,,
10:19,,,,,
10:20,,,,,
10:21,,,,,
10:22,,,,,
10:23,,,,,
10:24,,,,,
10:25,,,,,
10:26,,,,,
10:27,,,,,
10:28,,,,,
10:29,,,,,
10:30,,,,,
10:31,212.52,212.99,212.37,212.37,119983.0
10:32,213.45,214.03,212.8,213.11,7389.0
10:33,214.07,215.22,214.0,214.0,19442.0
10:34,214.49,214.61,213.85,214.39,12335.0
10:35,215.44,215.54,214.9,214.96,32118.0
10:36,215.6,215.75,215.11,215.37,45064.0
10:37,215.67,216.04,215.41,215.51,30277.0
10:38,216.32,216.32,215.2,215.6,30533.0
10:39,216.83,217.08,216.13,216.14,39381.0
10:40,216.33,216.92,216.11,216.73,14922.0
10:41,215.54,216.1,215.34,216.06,19180.0
10:42,215.47,216.0,215.46,215.55,29346.0
10:43,215.31,215.46,214.87,215.46,16269.0
10:44,214.41,215.29,214.24,215.14,17170.0
10:45,214.66,215.14,214.41,214.5,32299.0
10:46,214.51,214.75,214.3,214.63,7485.0
10:47,213.69,214.53,213.69,214.3,12700.0
10:48,213.1,213.72,213.1,213.68,4930.0
10:49,213.54,213.71,213.05,213.05,25762.0
10:50,212.82,213.77,212.62,213.71,14278.0
10:51,212.99,213.28,212.78,213.0,21413.0
10:52,212.94,213.23,212.71,212.9,25819.0
10:53,213.13,213.16,212.77,212.79,17104.0
10:54,213.21,213.57,213.08,213.12,36771.0
10:55,212.76,213.32,212.71,213.21,22437.0
10:56,212.7,212.72,212.37,212.57,8541.0
10:57,212.74,212.81,212.49,212.77,9002.0
10:58,212.82,212.92,212.65,212.74,5471.0
10:59,212.63,212.9,212.63,212.69,11023.0
11:00,212.93,213.07,212.73,212.74,17628.0
11:01,212.84,213.25,212.84,212.93,18664.0
11:02,212.96,213.16,212.81,212.83,21904.0
11:03,213.43,213.56,212.93,212.99,12278.0
11:04,214.07,214.07,213.47,213.48,37300.0
11:05,214.65,214.65,213.91,214.0,29115.0
11:06,214.34,214.76,214.34,214.59,17839.0
11:07,214.4,214.68,214.37,214.37,21582.0
11:08,214.36,214.45,213.95,214.42,21359.0
11:09,214.58,214.58,214.35,214.35,4203.0
11:10,214.29,214.65,214.29,214.65,10456.0
11:11,214.43,214.53,214.18,214.26,11944.0
11:12,214.77,214.77,214.5,214.57,6593.0
11:13,215.09,215.16,214.73,214.79,19065.0
11:14,215.37,215.37,215.09,215.09,7508.0
11:15,215.12,215.39,215.12,215.28,18406.0
11:16,215.23,215.29,215.04,215.14,8400.0
11:17,215.18,215.35,215.03,215.19,4228.0
11:18,215.17,215.33,215.06,215.23,4499.0
11:19,215.18,215.28,215.09,215.28,8635.0
11:20,215.09,215.32,214.98,215.21,12544.0
11:21,215.18,215.23,215.01,215.02,7591.0
11:22,215.34,215.35,215.01,215.12,8161.0
11:23,215.55,215.6,215.34,215.34,16313.0
11:24,215.36,215.57,215.28,215.54,11646.0
11:25,215.32,215.49,215.21,215.38,5406.0
11:26,215.33,215.43,215.28,215.3,8709.0
11:27,215.26,215.53,215.26,215.33,22349.0
11:28,215.14,215.29,215.08,215.29,4037.0
11:29,215.32,215.4,215.12,215.14,5885.0
11:30,215.59,215.59,215.3,215.3,7511.0
11:31,215.85,215.91,215.52,215.59,8109.0
11:32,216.0,216.0,215.68,215.8,8843.0
11:33,216.25,216.36,215.92,216.0,34553.0
11:34,216.12,216.34,216.1,216.25,10501.0
11:35,216.22,216.29,216.12,216.23,4411.0
11:36,216.0,216.22,215.8,216.22,28268.0
11:37,215.77,216.31,215.77,216.07,6140.0
11:38,215.68,215.85,215.6,215.85,9485.0
11:39,215.68,215.7,215.56,215.68,4582.0
11:40,215.8,215.83,215.58,215.68,4766.0
11:41,215.45,215.95,215.45,215.81,10052.0
11:42,215.47,215.58,215.3,215.54,20979.0
11:43,215.78,215.99,215.6,215.65,13327.0
11:44,215.76,215.84,215.76,215.77,2536.0
11:45,215.73,215.87,215.57,215.73,7375.0
11:46,215.74,215.85,215.66,215.77,9686.0
11:47,215.77,215.82,215.72,215.74,16982.0
11:48,215.91,216.06,215.79,215.79,7484.0
11:49,215.93,216.03,215.92,215.95,3739.0
11:50,215.63,215.97,215.62,215.83,7303.0
11:51,216.0,216.12,215.65,215.65,6007.0
11:52,216.5,216.5,215.96,215.96,4437.0
11:53,216.33,216.61,216.29,216.49,18129.0
11:54,216.31,216.47,216.3,216.43,5839.0
11:55,216.43,216.51,216.26,216.38,17816.0
11:56,216.41,216.49,216.34,216.44,3849.0
11:57,216.22,216.42,216.18,216.42,12321.0
11:58,216.18,216.32,216.13,216.13,8922.0
11:59,216.25,216.32,216.17,216.17,6655.0
12:00,216.4,216.5,216.3,216.38,9041.0
12:01,216.38,216.5,216.31,216.4,4674.0
12:02,216.5,216.64,216.38,216.38,8228.0
12:03,216.72,216.72,216.46,216.49,8269.0
12:04,216.56,216.7,216.55,216.6,4071.0
12:05,216.52,216.64,216.5,216.53,2870.0
12:06,216.75,216.75,216.53,216.58,8037.0
12:07,216.78,216.83,216.7,216.79,9864.0
12:08,216.65,216.74,216.63,216.67,7864.0
12:09,216.21,216.68,216.21,216.67,13493.0
12:10,216.42,216.42,216.24,216.27,9023.0
12:11,216.47,216.51,216.39,216.44,4657.0
12:12,216.52,216.59,216.4,216.4,7241.0
12:13,216.45,216.59,216.45,216.58,4454.0
12:14,216.6,216.65,216.58,216.62,3214.0
12:15,216.65,216.79,216.6,216.6,5695.0
12:16,216.42,216.64,216.4,216.56,14005.0
12:17,216.51,216.6,216.36,216.46,7172.0
12:18,216.36,216.6,216.33,216.49,5770.0
12:19,216.5,216.5,216.36,216.36,4015.0
12:20,216.3,216.42,216.08,216.41,27551.0
12:21,216.29,216.31,216.21,216.27,3722.0
12:22,216.14,216.17,216.05,216.16,9253.0
12:23,216.22,216.25,216.08,216.14,5730.0
12:24,216.37,216.39,216.23,216.28,5257.0
12:25,216.31,216.31,216.21,216.26,8082.0
12:26,216.25,216.31,216.22,216.31,4092.0
12:27,216.34,216.34,216.25,216.3,7529.0
12:28,216.29,216.31,216.27,216.3,4965.0
12:29,216.34,216.35,216.29,216.29,3113.0
12:30,216.45,216.54,216.34,216.34,6352.0
12:31,216.35,216.53,216.35,216.45,14647.0
12:32,216.06,216.31,216.06,216.3,8731.0
12:33,215.89,216.2,215.8,216.19,6689.0
12:34,215.9,215.96,215.8,215.8,5475.0
12:35,215.96,215.97,215.89,215.96,5969.0
12:36,216.13,216.13,215.88,215.95,3415.0
12:37,216.5,216.5,216.13,216.13,5585.0
12:38,216.73,216.73,216.48,216.48,5182.0
12:39,216.51,216.67,216.49,216.63,10661.0
12:40,216.54,216.75,216.54,216.59,9203.0
12:41,216.43,216.67,216.43,216.6,9870.0
12:42,216.49,216.56,216.41,216.49,4981.0
12:43,216.43,216.52,216.4,216.45,7143.0
12:44,216.39,216.47,216.36,216.4,3287.0
12:45,216.46,216.46,216.4,216.4,1829.0
12:46,216.4,216.53,216.37,216.49,4469.0
12:47,216.55,216.56,216.32,216.32,7309.0
12:48,216.61,216.65,216.51,216.51,4982.0
12:49,216.41,216.65,216.41,216.6,9981.0
12:50,216.41,216.45,216.41,216.45,2361.0
12:51,216.41,216.41,216.34,216.41,2198.0
12:52,216.46,216.51,216.38,216.38,8370.0
12:53,216.41,216.51,216.33,216.46,11818.0
12:54,216.57,216.57,216.33,216.49,5725.0
12:55,216.51,216.57,216.51,216.57,2303.0
12:56,216.56,216.62,216.51,216.51,5982.0
12:57,216.62,216.66,216.56,216.6,4293.0
12:58,216.62,216.66,216.51,216.62,7919.0
12:59,216.57,216.63,216.51,216.62,4765.0
13:00,216.6,216.66,216.58,216.61,7870.0
13:01,216.64,216.66,216.44,216.54,18473.0
13:02,216.6,216.69,216.6,216.65,6250.0
13:03,216.73,216.76,216.68,216.68,5526.0
13:04,216.6,216.69,216.59,216.69,7100.0
13:05,216.66,216.68,216.66,216.68,2140.0
13:06,216.7,216.75,216.6,216.66,11689.0
13:07,216.85,216.85,216.73,216.77,8920.0
13:08,216.82,216.82,216.8,216.8,1743.0
13:09,216.93,216.93,216.82,216.82,3365.0
13:10,216.86,216.91,216.75,216.9,9192.0
13:11,216.79,216.87,216.71,216.87,5056.0
13:12,216.76,216.77,216.67,216.77,5901.0
13:13,216.79,216.79,216.77,216.77,1961.0
13:14,216.7,216.94,216.7,216.84,7294.0
13:15,216.58,216.72,216.58,216.7,6160.0
13:16,216.65,216.66,216.62,216.62,3678.0
13:17,216.53,216.68,216.47,216.68,6634.0
13:18,216.66,216.72,216.54,216.59,21177.0
13:19,216.56,216.65,216.53,216.65,5662.0
13:20,216.39,216.66,216.39,216.65,8156.0
13:21,216.39,216.5,216.28,216.4,10230.0
13:22,216.37,216.46,216.37,216.41,10205.0
13:23,216.49,216.55,216.38,216.39,8716.0
13:24,216.44,216.57,216.44,216.49,8901.0
13:25,216.45,216.49,216.44,216.48,3270.0
13:26,216.43,216.46,216.37,216.41,8006.0
13:27,216.48,216.49,216.43,216.43,1947.0
13:28,216.27,216.37,216.26,216.37,4769.0
13:29,216.35,216.4,216.28,216.33,6609.0
13:30,216.28,216.41,216.28,216.32,15800.0
13:31,216.09,216.23,216.09,216.23,2701.0
13:32,216.16,216.21,216.11,216.11,2753.0
13:33,216.2,216.3,216.17,216.21,5845.0
13:34,216.27,216.32,216.21,216.27,3847.0
13:35,216.15,216.25,216.15,216.21,3910.0
13:36,216.15,216.19,216.13,216.13,2509.0
13:37,215.91,216.13,215.88,216.12,5020.0
13:38,215.91,215.92,215.89,215.89,2494.0
13:39,215.85,215.94,215.85,215.9,6209.0
13:40,215.8,215.84,215.75,215.84,6129.0
13:41,215.68,215.82,215.65,215.78,5951.0
13:42,215.64,215.73,215.62,215.65,3348.0
13:43,215.58,215.62,215.54,215.62,4539.0
13:44,215.45,215.62,215.45,215.62,3849.0
13:45,215.46,215.48,215.41,215.45,3125.0
13:46,215.29,215.48,215.26,215.46,30793.0
13:47,215.42,215.46,215.23,215.25,6713.0
13:48,215.54,215.63,215.42,215.42,3984.0
13:49,215.57,215.68,215.46,215.46,4888.0
13:50,215.78,215.84,215.57,215.62,6000.0
13:51,215.68,215.76,215.67,215.76,5301.0
13:52,215.51,215.68,215.51,215.68,6225.0
13:53,215.44,215.56,215.44,215.49,4493.0
13:54,215.36,215.42,215.31,215.42,3707.0
13:55,215.38,215.47,215.3,215.37,5812.0
13:56,215.45,215.54,215.37,215.38,5584.0
13:57,215.43,215.49,215.4,215.44,3102.0
13:58,215.33,215.43,215.3,215.43,4160.0
13:59,215.37,215.43,215.36,215.39,4279.0
14:00,215.57,215.65,215.37,215.37,26433.0
14:01,215.4,215.65,215.4,215.57,6753.0
14:02,215.37,215.47,215.34,215.4,8600.0
14:03,215.14,215.48,215.14,215.37,9316.0
14:04,215.15,215.21,215.06,215.21,5792.0
14:05,215.03,215.27,215.03,215.27,3853.0
14:06,215.1,215.12,215.02,215.11,4598.0
14:07,215.17,215.19,215.0,215.09,7781.0
14:08,215.25,215.25,215.19,215.19,4194.0
14:09,215.23,215.23,215.16,215.21,4191.0
14:10,215.13,215.27,215.06,215.27,2841.0
14:11,215.21,215.28,215.05,215.05,6434.0
14:12,215.27,215.36,215.18,215.29,4442.0
14:13,215.28,215.3,215.16,215.24,4872.0
14:14,215.27,215.3,215.16,215.29,2657.0
14:15,215.46,215.5,215.27,215.31,37116.0
14:16,215.4,215.51,215.31,215.43,11930.0
14:17,215.3,215.4,215.3,215.39,2212.0
14:18,215.37,215.42,215.3,215.33,2998.0
14:19,215.35,215.4,215.26,215.4,3999.0
14:20,215.44,215.45,215.38,215.38,6978.0
14:21,215.4,215.46,215.38,215.38,7391.0
14:22,215.53,215.53,215.4,215.4,10996.0
14:23,215.45,215.49,215.42,215.47,4342.0
14:24,215.31,215.43,215.27,215.43,6539.0
14:25,215.36,215.36,215.29,215.34,4566.0
14:26,215.38,215.42,215.3,215.36,4095.0
14:27,215.41,215.49,215.34,215.38,6908.0
14:28,215.46,215.53,215.42,215.42,7598.0
14:29,215.48,215.5,215.41,215.43,12339.0
14:30,215.38,215.46,215.36,215.46,4888.0
14:31,215.35,215.35,215.32,215.34,2989.0
14:32,215.37,215.42,215.37,215.41,2074.0
14:33,215.52,215.59,215.38,215.39,5804.0
14:34,215.48,215.57,215.43,215.57,2240.0
14:35,215.42,215.48,215.42,215.48,2309.0
14:36,215.27,215.53,215.23,215.48,29012.0
14:37,215.41,215.41,215.26,215.27,12030.0
14:38,215.3,215.41,215.3,215.41,5324.0
14:39,215.24,215.34,215.21,215.26,4038.0
14:40,215.23,215.28,215.18,215.21,5497.0
14:41,215.28,215.3,215.17,215.23,6102.0
14:42,215.41,215.44,215.33,215.34,17829.0
14:43,215.34,215.39,215.34,215.38,3270.0
14:44,215.43,215.49,215.3,215.38,17563.0
14:45,215.41,215.42,215.38,215.38,5971.0
14:46,215.4,215.46,215.35,215.45,12186.0
14:47,215.41,215.44,215.35,215.41,10075.0
14:48,215.43,215.6,215.41,215.41,31792.0
14:49,215.37,215.42,215.35,215.41,8401.0
14:50,215.54,215.6,215.43,215.43,8001.0
14:51,215.4,215.55,215.4,215.54,10817.0
14:52,215.61,215.71,215.4,215.45,32777.0
14:53,215.57,215.63,215.51,215.62,7585.0
14:54,215.49,215.65,215.49,215.57,14905.0
14:55,215.5,215.54,215.43,215.5,8513.0
14:56,215.44,215.49,215.42,215.49,4779.0
14:57,215.37,215.47,215.37,215.47,8382.0
14:58,215.39,215.48,215.35,215.41,5620.0
14:59,215.57,215.62,215.37,215.39,10804.0
15:00,215.58,215.63,215.46,215.51,20279.0
15:01,215.48,215.61,215.46,215.58,10984.0
15:02,215.47,215.54,215.45,215.48,13543.0
15:03,215.51,215.54,215.45,215.46,11621.0
15:04,215.48,215.55,215.42,215.51,12061.0
15:05,215.38,215.54,215.26,215.48,39844.0
15:06,215.3,215.42,215.3,215.38,2791.0
15:07,215.35,215.42,215.31,215.34,8722.0
15:08,215.52,215.65,215.35,215.35,25596.0
15:09,215.59,215.74,215.46,215.55,17315.0
15:10,215.57,215.61,215.45,215.55,2375.0
15:11,215.71,215.8,215.63,215.67,12721.0
15:12,215.82,215.88,215.71,215.71,8985.0
15:13,215.94,215.94,215.72,215.84,10508.0
15:14,216.01,216.19,215.93,215.95,9098.0
15:15,216.16,216.17,216.01,216.1,6566.0
15:16,216.1,216.19,216.09,216.14,6977.0
15:17,216.04,216.08,215.97,216.05,5407.0
15:18,215.77,216.02,215.69,216.02,6268.0
15:19,215.56,215.71,215.56,215.69,9424.0
15:20,215.51,215.62,215.49,215.55,11088.0
15:21,215.5,215.58,215.4,215.51,4807.0
15:22,215.49,215.58,215.49,215.5,3805.0
15:23,215.57,215.57,215.48,215.56,7846.0
15:24,215.77,215.82,215.58,215.6,10191.0
15:25,215.85,215.91,215.73,215.77,4258.0
15:26,215.62,215.85,215.57,215.85,12357.0
15:27,215.28,215.5,215.28,215.5,8854.0
15:28,215.27,215.33,215.22,215.28,11877.0
15:29,215.32,215.37,215.27,215.27,7471.0
15:30,215.34,215.39,215.28,215.28,12132.0
15:31,215.21,215.38,215.21,215.38,12096.0
15:32,215.23,215.31,215.17,215.26,16685.0
15:33,215.21,215.28,215.16,215.23,21818.0
15:34,215.1,215.22,215.06,215.21,14913.0
15:35,215.2,215.23,215.02,215.1,8045.0
15:36,215.23,215.28,215.2,215.23,13691.0
15:37,215.32,215.5,215.23,215.23,10733.0
15:38,215.43,215.43,215.32,215.39,5233.0
15:39,215.46,215.51,215.37,215.48,5186.0
15:40,215.66,215.8,215.37,215.42,10650.0
15:41,215.7,215.82,215.64,215.64,3188.0
15:42,215.78,215.78,215.68,215.69,8344.0
15:43,215.88,216.0,215.8,215.8,4390.0
15:44,215.82,215.83,215.73,215.8,7408.0
15:45,215.97,215.97,215.86,215.88,9054.0
15:46,215.96,216.06,215.94,215.99,9014.0
15:47,216.15,216.15,216.04,216.04,5772.0
15:48,216.1,216.17,216.04,216.09,4130.0
15:49,216.1,216.12,216.04,216.1,9416.0
15:50,216.07,216.12,216.01,216.1,9227.0
15:51,216.07,216.12,216.0,216.07,9916.0
15:52,215.82,216.04,215.82,216.0,9776.0
15:53,215.74,215.85,215.73,215.81,3205.0
15:54,215.76,215.81,215.68,215.75,11401.0
15:55,215.78,215.78,215.68,215.77,7070.0
15:56,215.71,215.74,215.54,215.68,14940.0
15:57,215.77,215.86,215.62,215.64,16894.0
15:58,215.77,215.86,215.74,215.84,3133.0
15:59,215.85,215.94,215.79,215.81,11172.0
16:00,215.76,215.84,215.72,215.84,6682.0
16:01,215.91,215.92,215.76,215.76,10133.0
16:02,215.94,215.94,215.82,215.87,5887.0
16:03,215.91,216.06,215.9,216.0,9310.0
16:04,215.89,215.95,215.86,215.95,6612.0
16:05,215.88,215.93,215.84,215.89,4471.0
16:06,216.09,216.15,215.79,215.86,11719.0
16:07,216.13,216.13,216.06,216.08,6919.0
16:08,216.22,216.25,216.09,216.09,10727.0
16:09,216.2,216.24,216.17,216.24,6013.0
16:10,216.26,216.42,216.18,216.18,25512.0
16:11,216.13,216.28,216.13,216.26,9040.0
16:12,216.12,216.23,216.05,216.1,7761.0
16:13,216.19,216.19,216.11,216.11,3561.0
16:14,216.18,216.25,216.18,216.2,4853.0
16:15,216.33,216.35,216.23,216.23,16374.0
16:16,216.4,216.4,216.34,216.35,9293.0
16:17,216.46,216.49,216.4,216.4,11193.0
16:18,216.49,216.54,216.46,216.48,17052.0
16:19,216.65,216.66,216.46,216.49,11298.0
16:20,216.74,216.74,216.62,216.63,12883.0
16:21,216.77,216.8,216.72,216.72,13335.0
16:22,216.84,216.84,216.74,216.77,9591.0
16:23,216.98,216.98,216.85,216.89,9354.0
16:24,216.88,216.96,216.87,216.96,10885.0
16:25,216.9,216.9,216.77,216.85,9780.0
16:26,216.87,216.9,216.81,216.9,9713.0
16:27,216.94,216.95,216.86,216.92,7657.0
16:28,216.96,216.96,216.88,216.9,15192.0
16:29,216.84,217.03,216.84,216.98,15123.0
16:30,216.76,217.01,216.73,216.85,37283.0
16:31,216.63,216.76,216.6,216.73,22067.0
16:32,216.65,216.73,216.59,216.6,11191.0
16:33,216.65,216.75,216.6,216.6,12681.0
16:34,216.58,216.71,216.58,216.68,16230.0
16:35,216.5,216.58,216.5,216.58,16438.0
16:36,216.71,216.8,216.51,216.51,33427.0
16:37,216.6,216.76,216.51,216.76,13174.0
16:38,216.62,216.68,216.6,216.66,10415.0
16:39,216.55,216.7,216.52,216.59,15818.0
16:40,216.55,216.6,216.49,216.57,15473.0
16:41,216.65,216.7,216.48,216.51,14882.0
16:42,216.49,216.7,216.4,216.7,26297.0
16:43,216.41,216.51,216.38,216.46,15624.0
16:44,216.53,216.58,216.4,216.4,16738.0
16:45,216.55,216.58,216.43,216.54,16183.0
16:46,216.46,216.51,216.44,216.51,16093.0
16:47,216.16,216.48,216.14,216.46,31106.0
16:48,216.18,216.2,215.99,216.14,25690.0
16:49,215.97,216.15,215.93,216.15,25927.0
16:50,215.99,216.0,215.76,215.97,33253.0
16:51,215.84,216.05,215.83,216.0,26018.0
16:52,215.91,215.99,215.81,215.84,29700.0
16:53,216.03,216.05,215.88,215.91,31026.0
16:54,216.18,216.18,216.0,216.02,32009.0
16:55,215.86,216.25,215.86,216.19,59598.0
16:56,215.89,215.96,215.87,215.88,60054.0
16:57,216.14,216.2,215.88,215.88,53812.0
16:58,216.07,216.28,215.98,216.15,104538.0
16:59,215.97,216.1,215.8,216.06,228908.0
