Time,Close,High,Low,Open,Volume
09:30,229.04,229.18,228.75,228.93,59984.0
09:31,228.66,229.25,228.65,228.98,5651.0
09:32,228.77,228.84,228.7,228.7,3628.0
09:33,228.99,229.14,228.79,228.79,5031.0
09:34,228.53,228.91,228.53,228.71,5390.0
09:35,228.59,228.85,228.41,228.54,5089.0
09:36,228.6,228.7,228.59,228.59,2344.0
09:37,228.41,228.65,228.25,228.36,5383.0
09:38,228.41,228.48,228.13,228.13,5621.0
09:39,228.43,228.57,228.4,228.53,2715.0
09:40,228.9,228.91,228.56,228.56,4102.0
09:41,228.63,228.91,228.63,228.91,6430.0
09:42,228.54,228.73,228.54,228.68,3812.0
09:43,228.71,228.73,228.48,228.48,4404.0
09:44,228.52,228.76,228.45,228.52,4383.0
09:45,228.54,228.74,228.51,228.56,8209.0
09:46,228.37,228.54,228.23,228.36,6702.0
09:47,228.14,228.29,228.09,228.21,6147.0
09:48,228.15,228.25,228.05,228.14,7144.0
09:49,228.49,228.74,228.15,228.15,14419.0
09:50,228.12,228.53,228.07,228.53,4616.0
09:51,227.77,228.04,227.61,228.01,7410.0
09:52,227.8,227.84,227.73,227.78,4303.0
09:53,227.62,227.78,227.62,227.75,5130.0
09:54,227.28,227.62,227.26,227.62,9861.0
09:55,227.29,227.33,227.18,227.33,5203.0
09:56,227.18,227.35,227.18,227.22,7033.0
09:57,227.17,227.32,227.17,227.24,6581.0
09:58,227.18,227.22,227.07,227.19,7755.0
09:59,227.03,227.17,226.95,227.09,9405.0
10:00,226.85,227.14,226.85,227.02,16068.0
10:01,226.96,227.05,226.74,226.77,13137.0
10:02,226.87,227.08,226.85,226.96,5060.0
10:03,226.95,226.99,226.77,226.81,9913.0
10:04,226.8,227.1,226.73,227.08,17095.0
10:05,227.15,227.21,226.77,226.8,9701.0
10:06,227.04,227.15,226.96,227.11,4644.0
10:07,226.73,227.12,226.51,227.08,10641.0
10:08,226.78,226.89,226.69,226.74,5537.0
10:09,226.4,226.65,226.4,226.65,4485.0
10:10,226.34,226.41,226.28,226.39,4296.0
10:11,226.01,226.35,226.01,226.32,4760.0
10:12,226.01,226.31,225.89,226.01,41373.0
10:13,226.08,226.17,225.91,226.04,16370.0
10:14,226.32,226.54,226.07,226.1,6622.0
10:15,226.24,226.4,226.12,226.4,6178.0
10:16,226.01,226.24,225.96,226.2,8893.0
10:17,226.0,226.09,225.9,225.9,7722.0
10:18,226.01,226.05,225.93,225.97,4709.0
10:19,225.91,226.11,225.85,226.02,8055.0
10:20,225.84,225.95,225.78,225.88,7249.0
10:21,225.81,225.86,225.77,225.84,20113.0
10:22,225.66,225.82,225.66,225.77,7261.0
10:23,225.79,225.79,225.7,225.77,3449.0
10:24,225.6,225.81,225.6,225.75,6379.0
10:25,225.61,225.68,225.58,225.62,5775.0
10:26,225.53,225.74,225.5,225.61,14474.0
10:27,225.54,225.69,225.49,225.55,6568.0
10:28,225.46,225.63,225.4,225.54,9094.0
10:29,225.28,225.56,225.22,225.53,11251.0
10:30,225.66,225.7,225.3,225.3,12170.0
10:31,225.42,225.66,225.42,225.66,12248.0
10:32,225.36,225.46,225.31,225.46,16258.0
10:33,225.28,225.42,225.28,225.36,14413.0
10:34,225.32,225.39,225.06,225.18,8469.0
10:35,225.25,225.31,225.05,225.27,8355.0
10:36,225.7,225.7,225.28,225.32,9088.0
10:37,225.7,225.78,225.66,225.71,8250.0
10:38,225.7,225.74,225.6,225.66,7508.0
10:39,225.71,225.77,225.62,225.72,8269.0
10:40,225.65,225.71,225.58,225.71,5168.0
10:41,225.69,225.69,225.53,225.68,6977.0
10:42,225.7,225.74,225.62,225.74,6460.0
10:43,225.68,225.71,225.62,225.62,6809.0
10:44,225.72,225.8,225.68,225.68,10907.0
10:45,225.71,225.76,225.63,225.75,7130.0
10:46,225.65,225.71,225.6,225.71,5087.0
10:47,225.7,225.8,225.65,225.65,8505.0
10:48,225.65,225.73,225.58,225.72,8021.0
10:49,225.9,225.9,225.62,225.65,4629.0
10:50,225.89,226.0,225.8,225.98,7582.0
10:51,225.75,225.88,225.7,225.88,4413.0
10:52,225.57,225.68,225.55,225.68,8683.0
10:53,225.6,225.71,225.54,225.57,4356.0
10:54,225.64,225.74,225.59,225.6,4927.0
10:55,225.65,225.75,225.6,225.6,5143.0
10:56,225.55,225.66,225.5,225.6,7403.0
10:57,225.61,225.61,225.51,225.56,7344.0
10:58,225.56,225.84,225.56,225.65,5286.0
10:59,225.63,225.84,225.58,225.74,4360.0
11:00,225.46,225.7,225.42,225.63,7452.0
11:01,225.37,225.55,225.37,225.45,5687.0
11:02,225.29,225.43,225.28,225.37,12753.0
11:03,225.08,225.26,225.08,225.25,7558.0
11:04,225.23,225.26,225.09,225.09,4448.0
11:05,225.46,225.49,225.29,225.36,5237.0
11:06,225.46,225.53,225.4,225.46,5203.0
11:07,225.46,225.51,225.45,225.47,2827.0
11:08,225.4,225.57,225.37,225.51,7410.0
11:09,225.4,225.48,225.37,225.4,10644.0
11:10,225.48,225.48,225.29,225.31,3875.0
11:11,225.54,225.65,225.52,225.54,7380.0
11:12,225.7,225.76,225.48,225.53,9170.0
11:13,225.87,226.05,225.73,225.77,25794.0
11:14,226.01,226.1,225.89,225.89,4150.0
11:15,226.24,226.35,226.1,226.1,5368.0
11:16,226.22,226.36,226.19,226.22,7831.0
11:17,226.23,226.25,226.15,226.22,11964.0
11:18,226.31,226.32,226.23,226.23,5454.0
11:19,226.51,226.51,226.33,226.33,4454.0
11:20,226.57,226.57,226.4,226.42,7176.0
11:21,226.49,226.61,226.48,226.48,5531.0
11:22,226.42,226.55,226.42,226.49,5772.0
11:23,226.45,226.48,226.42,226.44,2933.0
11:24,226.39,226.54,226.39,226.47,14006.0
11:25,226.35,226.43,226.28,226.43,2049.0
11:26,226.37,226.42,226.35,226.41,2992.0
11:27,226.4,226.45,226.28,226.34,7089.0
11:28,226.71,226.71,226.45,226.45,4349.0
11:29,226.32,226.61,226.26,226.61,5433.0
11:30,226.15,226.31,226.07,226.31,6354.0
11:31,226.13,226.18,226.07,226.1,7161.0
11:32,226.16,226.21,226.14,226.16,10560.0
11:33,226.11,226.2,226.02,226.09,4459.0
11:34,226.12,226.17,226.02,226.03,4216.0
11:35,226.17,226.17,226.1,226.13,4492.0
11:36,226.04,226.14,225.99,226.14,13186.0
11:37,225.85,225.97,225.78,225.97,3731.0
11:38,225.81,225.84,225.67,225.83,7235.0
11:39,225.81,225.81,225.71,225.76,2991.0
11:40,225.85,225.85,225.7,225.71,4057.0
11:41,226.07,226.16,225.9,225.9,2662.0
11:42,226.04,226.04,225.98,226.02,4151.0
11:43,226.12,226.13,225.9,225.97,9155.0
11:44,226.18,226.18,226.06,226.12,2756.0
11:45,225.94,226.18,225.94,226.13,8296.0
11:46,226.08,226.08,225.94,225.94,1625.0
11:47,226.22,226.22,226.08,226.08,4596.0
11:48,226.01,226.22,225.98,226.22,4032.0
11:49,226.12,226.12,225.91,226.01,5494.0
11:50,226.12,226.22,226.12,226.12,1775.0
11:51,226.18,226.21,226.11,226.17,3625.0
11:52,226.25,226.26,226.21,226.21,5691.0
11:53,226.2,226.3,226.16,226.22,6099.0
11:54,226.17,226.21,226.15,226.15,1777.0
11:55,225.99,226.2,225.91,226.2,6472.0
11:56,225.97,226.05,225.97,225.99,3155.0
11:57,226.05,226.05,226.02,226.02,1334.0
11:58,226.16,226.22,226.08,226.09,7793.0
11:59,226.18,226.18,226.14,226.18,3471.0
12:00,226.01,226.15,226.0,226.15,6973.0
12:01,226.02,226.06,225.97,225.97,3102.0
12:02,226.04,226.06,226.04,226.05,1065.0
12:03,226.04,226.07,226.04,226.05,1913.0
12:04,226.07,226.15,226.06,226.08,6848.0
12:05,226.02,226.07,226.01,226.07,3151.0
12:06,225.94,226.12,225.94,226.03,7058.0
12:07,225.88,225.9,225.85,225.9,2882.0
12:08,225.96,225.96,225.82,225.84,7241.0
12:09,226.06,226.06,225.98,225.98,3593.0
12:10,226.01,226.04,225.95,226.04,3900.0
12:11,225.87,226.0,225.85,226.0,4145.0
12:12,225.72,225.85,225.65,225.85,10817.0
12:13,225.73,225.73,225.73,225.73,471.0
12:14,225.7,225.72,225.68,225.68,3731.0
12:15,225.73,225.87,225.66,225.66,2605.0
12:16,225.79,225.79,225.77,225.77,1538.0
12:17,225.65,225.75,225.55,225.71,10297.0
12:18,225.7,225.76,225.66,225.68,9224.0
12:19,225.72,225.76,225.69,225.72,2088.0
12:20,225.81,225.82,225.74,225.76,2167.0
12:21,225.78,225.84,225.78,225.84,1847.0
12:22,225.82,225.88,225.76,225.76,1806.0
12:23,225.74,225.82,225.66,225.82,3530.0
12:24,225.72,225.72,225.58,225.68,3724.0
12:25,225.88,225.88,225.78,225.78,1463.0
12:26,225.72,225.82,225.72,225.81,2114.0
12:27,225.8,225.8,225.72,225.76,1715.0
12:28,225.79,225.83,225.74,225.82,4021.0
12:29,225.9,225.9,225.79,225.8,3866.0
12:30,225.88,225.88,225.86,225.88,1302.0
12:31,225.95,225.95,225.86,225.92,7641.0
12:32,225.84,225.94,225.84,225.94,3165.0
12:33,225.81,225.85,225.79,225.85,4864.0
12:34,225.68,225.8,225.67,225.79,3043.0
12:35,225.63,225.7,225.63,225.66,3063.0
12:36,225.65,225.65,225.58,225.63,1884.0
12:37,225.64,225.65,225.55,225.59,4528.0
12:38,225.6,225.66,225.56,225.64,3748.0
12:39,225.5,225.62,225.5,225.61,3242.0
12:40,225.42,225.54,225.37,225.54,4865.0
12:41,225.5,225.5,225.34,225.4,2766.0
12:42,225.41,225.42,225.4,225.42,1930.0
12:43,225.35,225.41,225.34,225.41,2992.0
12:44,225.43,225.44,225.39,225.39,2642.0
12:45,225.48,225.48,225.37,225.39,3858.0
12:46,225.35,225.4,225.35,225.38,4666.0
12:47,225.41,225.47,225.35,225.35,971.0
12:48,225.41,225.47,225.41,225.44,4848.0
12:49,225.41,225.41,225.38,225.41,2816.0
12:50,225.7,225.7,225.46,225.47,3575.0
12:51,225.55,225.63,225.54,225.63,5175.0
12:52,225.62,225.62,225.52,225.59,2703.0
12:53,225.61,225.71,225.61,225.68,2620.0
12:54,225.67,225.67,225.6,225.6,1650.0
12:55,225.63,225.67,225.61,225.66,3136.0
12:56,225.68,225.68,225.58,225.63,1744.0
12:57,225.59,225.61,225.54,225.61,2684.0
12:58,225.61,225.61,225.48,225.52,4923.0
12:59,225.55,225.6,225.54,225.55,2911.0
13:00,225.73,225.73,225.55,225.55,7646.0
13:01,225.88,225.88,225.74,225.74,2629.0
13:02,225.83,225.83,225.75,225.82,3089.0
13:03,225.83,225.85,225.83,225.83,4444.0
13:04,225.84,225.92,225.81,225.83,6875.0
13:05,225.9,226.02,225.9,226.02,5237.0
13:06,225.87,225.88,225.8,225.84,7942.0
13:07,225.95,225.97,225.84,225.84,23119.0
13:08,225.99,225.99,225.89,225.95,13575.0
13:09,226.02,226.03,225.93,226.0,7668.0
13:10,226.24,226.24,226.02,226.02,6852.0
13:11,226.24,226.31,226.17,226.18,2753.0
13:12,226.35,226.4,226.24,226.24,9823.0
13:13,226.16,226.37,226.11,226.36,5592.0
13:14,226.03,226.13,226.03,226.13,4534.0
13:15,226.17,226.17,226.15,226.15,629.0
13:16,226.11,226.17,226.11,226.17,1710.0
13:17,226.23,226.23,226.09,226.15,1453.0
13:18,226.23,226.23,226.14,226.14,2162.0
13:19,226.22,226.23,226.2,226.23,6113.0
13:20,226.17,226.23,226.13,226.23,4935.0
13:21,226.12,226.12,226.05,226.12,4343.0
13:22,225.99,226.04,225.99,226.04,2727.0
13:23,225.99,226.03,225.96,225.99,2371.0
13:24,225.99,226.0,225.99,226.0,1346.0
13:25,225.96,226.04,225.9,225.95,4400.0
13:26,226.14,226.14,225.94,225.94,3318.0
13:27,226.1,226.14,226.09,226.14,2807.0
13:28,226.07,226.1,225.92,226.1,16179.0
13:29,226.01,226.08,225.99,226.07,11616.0
13:30,226.15,226.21,225.94,226.02,8279.0
13:31,226.28,226.28,226.15,226.15,1730.0
13:32,226.2,226.37,226.2,226.29,3051.0
13:33,226.32,226.4,226.17,226.17,2881.0
13:34,226.43,226.43,226.26,226.38,3345.0
13:35,226.34,226.41,226.27,226.34,2995.0
13:36,226.23,226.38,226.23,226.3,3333.0
13:37,226.29,226.33,226.24,226.25,3480.0
13:38,226.32,226.37,226.3,226.37,1216.0
13:39,226.31,226.31,226.24,226.24,689.0
13:40,226.25,226.34,226.25,226.31,2987.0
13:41,226.36,226.4,226.3,226.35,5976.0
13:42,226.43,226.44,226.34,226.36,8398.0
13:43,226.49,226.49,226.38,226.38,10819.0
13:44,226.57,226.57,226.34,226.4,4436.0
13:45,226.66,226.66,226.52,226.52,2081.0
13:46,226.62,226.66,226.58,226.66,4599.0
13:47,226.58,226.6,226.54,226.55,4060.0
13:48,226.59,226.6,226.55,226.59,4114.0
13:49,226.67,226.75,226.57,226.57,8676.0
13:50,226.74,226.75,226.63,226.65,7017.0
13:51,226.9,226.9,226.76,226.76,6019.0
13:52,226.84,226.9,226.81,226.87,4289.0
13:53,226.9,226.94,226.87,226.87,2403.0
13:54,226.91,226.91,226.79,226.82,3703.0
13:55,226.82,227.0,226.82,226.91,2100.0
13:56,226.84,226.84,226.82,226.82,1292.0
13:57,226.9,226.9,226.86,226.88,3855.0
13:58,226.68,226.86,226.68,226.85,8926.0
13:59,226.66,226.74,226.62,226.74,3932.0
14:00,226.61,226.7,226.61,226.68,5305.0
14:01,226.63,226.63,226.63,226.63,1480.0
14:02,226.67,226.7,226.63,226.63,4473.0
14:03,226.77,226.88,226.71,226.71,5321.0
14:04,226.87,226.87,226.79,226.79,2360.0
14:05,226.96,227.0,226.89,226.92,8673.0
14:06,227.0,227.0,226.96,226.96,1964.0
14:07,227.09,227.14,226.95,226.96,5655.0
14:08,227.12,227.17,227.09,227.09,4055.0
14:09,227.22,227.25,227.08,227.08,7263.0
14:10,227.22,227.24,227.14,227.19,4001.0
14:11,227.21,227.21,227.15,227.15,9869.0
14:12,227.19,227.24,227.19,227.21,7358.0
14:13,227.22,227.22,227.21,227.21,819.0
14:14,227.25,227.25,227.14,227.19,5355.0
14:15,227.16,227.27,227.16,227.23,3082.0
14:16,227.2,227.22,227.2,227.2,2630.0
14:17,227.2,227.23,227.16,227.2,2574.0
14:18,227.21,227.23,227.13,227.21,9075.0
14:19,227.1,227.23,227.1,227.21,6655.0
14:20,227.09,227.13,227.04,227.11,4160.0
14:21,227.09,227.13,227.09,227.09,4674.0
14:22,227.12,227.12,227.07,227.09,2204.0
14:23,227.07,227.12,227.07,227.07,2488.0
14:24,227.01,227.05,227.01,227.05,1093.0
14:25,227.05,227.14,227.01,227.05,4754.0
14:26,226.96,227.01,226.96,227.01,2461.0
14:27,227.08,227.08,226.96,226.96,3749.0
14:28,226.99,227.05,226.96,227.05,6377.0
14:29,226.85,226.95,226.82,226.95,5788.0
14:30,226.96,226.96,226.86,226.87,5561.0
14:31,226.9,226.95,226.87,226.94,5436.0
14:32,226.88,226.92,226.88,226.89,3249.0
14:33,226.87,226.93,226.87,226.9,1961.0
14:34,226.93,226.93,226.83,226.83,2066.0
14:35,226.88,226.9,226.83,226.88,6119.0
14:36,226.86,226.88,226.85,226.88,1438.0
14:37,226.8,226.88,226.8,226.86,4078.0
14:38,226.83,226.85,226.79,226.85,5288.0
14:39,226.86,226.87,226.8,226.82,5063.0
14:40,226.82,226.87,226.82,226.85,2167.0
14:41,226.85,226.85,226.8,226.82,4536.0
14:42,226.84,226.88,226.82,226.85,3688.0
14:43,226.88,226.88,226.83,226.86,8685.0
14:44,226.82,226.91,226.82,226.88,8902.0
14:45,226.87,226.87,226.87,226.87,1368.0
14:46,226.82,226.86,226.77,226.86,6628.0
14:47,226.8,226.87,226.8,226.85,1643.0
14:48,226.81,226.81,226.78,226.81,2462.0
14:49,226.69,226.78,226.69,226.78,4594.0
14:50,226.79,226.79,226.73,226.76,4724.0
14:51,226.75,226.76,226.69,226.76,4098.0
14:52,226.76,226.78,226.75,226.76,4494.0
14:53,226.77,226.79,226.71,226.71,3592.0
14:54,226.73,226.8,226.7,226.8,3233.0
14:55,226.74,226.84,226.74,226.77,3248.0
14:56,226.77,226.77,226.74,226.75,1875.0
14:57,226.62,226.79,226.61,226.79,8630.0
14:58,226.64,226.64,226.59,226.6,1536.0
14:59,226.59,226.64,226.59,226.64,1807.0
15:00,226.6,226.66,226.59,226.59,2303.0
15:01,226.54,226.62,226.54,226.62,3071.0
15:02,226.5,226.62,226.5,226.61,4754.0
15:03,226.55,226.64,226.46,226.46,7690.0
15:04,226.45,226.63,226.45,226.57,4024.0
15:05,226.47,226.52,226.39,226.46,8853.0
15:06,226.38,226.47,226.38,226.42,4421.0
15:07,226.33,226.39,226.32,226.39,5376.0
15:08,226.4,226.43,226.32,226.32,5551.0
15:09,226.41,226.43,226.4,226.41,2725.0
15:10,226.36,226.42,226.36,226.4,4396.0
15:11,226.36,226.43,226.33,226.41,9682.0
15:12,226.34,226.39,226.32,226.36,2391.0
15:13,226.41,226.42,226.28,226.34,28718.0
15:14,226.57,226.58,226.39,226.39,10148.0
15:15,226.56,226.57,226.56,226.57,1511.0
15:16,226.6,226.68,226.58,226.61,6287.0
15:17,226.57,226.62,226.57,226.62,2793.0
15:18,226.54,226.55,226.52,226.54,2264.0
15:19,226.62,226.62,226.5,226.53,4839.0
15:20,226.51,226.57,226.48,226.57,3912.0
15:21,226.44,226.5,226.44,226.5,5294.0
15:22,226.4,226.43,226.36,226.43,4841.0
15:23,226.34,226.43,226.24,226.43,7794.0
15:24,226.44,226.45,226.42,226.42,2762.0
15:25,226.38,226.47,226.38,226.44,5439.0
15:26,226.32,226.42,226.32,226.4,4346.0
15:27,226.46,226.5,226.37,226.37,5283.0
15:28,226.45,226.49,226.45,226.47,2879.0
15:29,226.52,226.54,226.45,226.46,3642.0
15:30,226.31,226.47,226.31,226.47,8217.0
15:31,226.29,226.29,226.2,226.29,12861.0
15:32,226.25,226.33,226.25,226.3,6553.0
15:33,226.27,226.33,226.27,226.28,4803.0
15:34,226.45,226.45,226.24,226.32,11469.0
15:35,226.36,226.43,226.32,226.42,9329.0
15:36,226.39,226.39,226.32,226.38,4552.0
15:37,226.42,226.5,226.4,226.4,29639.0
15:38,226.38,226.47,226.29,226.43,10279.0
15:39,226.32,226.36,226.31,226.35,5270.0
15:40,226.52,226.52,226.34,226.36,7379.0
15:41,226.57,226.62,226.56,226.58,5439.0
15:42,226.62,227.0,226.56,226.6,13648.0
15:43,226.64,226.82,226.6,226.63,7869.0
15:44,226.83,226.83,226.66,226.66,4300.0
15:45,226.64,226.8,226.64,226.8,11056.0
15:46,226.49,226.63,226.49,226.59,10240.0
15:47,226.58,226.6,226.48,226.49,9470.0
15:48,226.39,226.65,226.37,226.57,40127.0
15:49,226.36,226.41,226.27,226.35,9870.0
15:50,226.11,226.49,226.11,226.37,20451.0
15:51,226.0,226.15,226.0,226.11,18195.0
15:52,226.0,226.09,225.96,226.0,20093.0
15:53,226.03,226.1,225.98,226.01,53448.0
15:54,225.85,226.07,225.82,226.06,23863.0
15:55,225.88,225.99,225.83,225.85,33035.0
15:56,226.04,226.04,225.8,225.88,45111.0
15:57,226.13,226.13,226.0,226.0,32901.0
15:58,226.23,226.4,226.02,226.09,48001.0
15:59,226.04,226.37,226.03,226.24,103988.0
