Time,Close,High,Low,Open,Volume
09:30,233.32,234.0,232.54,233.26,80250.0
09:31,233.32,234.0,232.54,233.26,80250.0
09:32,233.32,234.0,232.54,233.26,80250.0
09:33,233.32,234.0,232.54,233.26,80250.0
09:34,233.32,234.0,232.54,233.26,80250.0
09:35,233.32,234.0,232.54,233.26,80250.0
09:36,233.32,234.0,232.54,233.26,80250.0
09:37,233.32,234.0,232.54,233.26,80250.0
09:38,233.32,234.0,232.54,233.26,80250.0
09:39,233.32,234.0,232.54,233.26,80250.0
09:40,233.32,234.0,232.54,233.26,80250.0
09:41,233.32,234.0,232.54,233.26,80250.0
09:42,233.32,234.0,232.54,233.26,80250.0
09:43,233.32,234.0,232.54,233.26,80250.0
09:44,233.32,234.0,232.54,233.26,80250.0
09:45,233.32,234.0,232.54,233.26,80250.0
09:46,233.32,234.0,232.54,233.26,80250.0
09:47,233.32,234.0,232.54,233.26,80250.0
09:48,233.32,234.0,232.54,233.26,80250.0
09:49,233.32,234.0,232.54,233.26,80250.0
09:50,233.32,234.0,232.54,233.26,80250.0
09:51,233.32,234.0,232.54,233.26,80250.0
09:52,233.32,234.0,232.54,233.26,80250.0
09:53,233.32,234.0,232.54,233.26,80250.0
09:54,233.32,234.0,232.54,233.26,80250.0
09:55,233.32,234.0,232.54,233.26,80250.0
09:56,233.32,234.0,232.54,233.26,80250.0
09:57,233.32,234.0,232.54,233.26,80250.0
09:58,233.32,234.0,232.54,233.26,80250.0
09:59,233.32,234.0,232.54,233.26,80250.0
10:00,233.32,234.0,232.54,233.26,80250.0
10:01,233.32,234.0,232.54,233.26,80250.0
10:02,233.32,234.0,232.54,233.26,80250.0
10:03,233.32,234.0,232.54,233.26,80250.0
10:04,233.32,234.0,232.54,233.26,80250.0
10:05,233.32,234.0,232.54,233.26,80250.0
10:06,233.32,234.0,232.54,233.26,80250.0
10:07,233.32,234.0,232.54,233.26,80250.0
10:08,233.32,234.0,232.54,233.26,80250.0
10:09,233.32,234.0,232.54,233.26,80250.0
10:10,233.32,234.0,232.54,233.26,80250.0
10:11,233.32,234.0,232.54,233.26,80250.0
10:12,233.32,234.0,232.54,233.26,80250.0
10:13,233.32,234.0,232.54,233.26,80250.0
10:14,233.32,234.0,232.54,233.26,80250.0
10:15,233.32,234.0,232.54,233.26,80250.0
10:16,233.32,234.0,232.54,233.26,80250.0
10:17,233.32,234.0,232.54,233.26,80250.0
10:18,233.32,234.0,232.54,233.26,80250.0
10:19,233.32,234.0,232.54,233.26,80250.0
10:20,233.32,234.0,232.54,233.26,80250.0
10:21,233.32,234.0,232.54,233.26,80250.0
10:22,233.32,234.0,232.54,233.26,80250.0
10:23,233.32,234.0,232.54,233.26,80250.0
10:24,233.32,234.0,232.54,233.26,80250.0
10:25,233.32,234.0,232.54,233.26,80250.0
10:26,233.32,234.0,232.54,233.26,80250.0
10:27,233.32,234.0,232.54,233.26,80250.0
10:28,233.32,234.0,232.54,233.26,80250.0
10:29,233.32,234.0,232.54,233.26,80250.0
10:30,233.32,234.0,232.54,233.26,80250.0
10:31,234.5,234.95,233.77,233.77,13088.0
10:32,234.19,234.58,233.91,234.22,6450.0
10:33,234.41,234.59,234.09,234.59,18640.0
10:34,234.15,234.75,233.46,234.69,12549.0
10:35,233.1,234.46,232.86,233.95,13655.0
10:36,233.07,233.59,232.9,233.13,6269.0
10:37,232.71,233.3,232.57,233.25,14852.0
10:38,232.23,232.84,232.04,232.71,20868.0
10:39,231.86,232.04,231.29,232.04,37049.0
10:40,232.24,232.37,231.79,231.79,9289.0
10:41,232.07,232.42,231.81,232.24,11654.0
10:42,231.84,232.36,231.83,232.04,9008.0
10:43,232.19,232.36,231.92,231.92,12511.0
10:44,232.53,232.72,232.2,232.2,11118.0
10:45,232.71,232.96,232.57,232.57,15393.0
10:46,232.65,232.76,232.16,232.68,14691.0
10:47,232.4,232.65,232.11,232.65,15059.0
10:48,232.62,232.66,232.21,232.4,6136.0
10:49,232.53,232.71,232.45,232.62,10376.0
10:50,232.51,232.72,232.47,232.59,11447.0
10:51,231.85,232.49,231.82,232.49,9735.0
10:52,231.79,231.93,231.69,231.9,4890.0
10:53,231.9,231.98,231.73,231.87,12679.0
10:54,231.71,232.04,231.62,231.94,13352.0
10:55,231.45,231.7,231.35,231.56,7955.0
10:56,231.33,231.44,231.2,231.28,9707.0
10:57,231.49,231.61,231.25,231.33,10550.0
10:58,231.54,231.68,231.29,231.51,9661.0
10:59,231.32,231.52,231.13,231.52,17876.0
11:00,230.51,231.29,230.51,231.29,22297.0
11:01,231.07,231.13,230.51,230.74,21920.0
11:02,230.71,231.04,230.57,230.94,6372.0
11:03,230.34,230.76,230.34,230.76,3074.0
11:04,230.35,230.5,230.08,230.36,8960.0
11:05,230.94,230.94,230.27,230.35,8655.0
11:06,230.82,230.93,230.73,230.74,6905.0
11:07,230.78,230.96,230.7,230.83,9303.0
11:08,231.02,231.16,230.85,230.85,6035.0
11:09,231.03,231.22,230.93,231.07,7676.0
11:10,231.36,231.49,231.06,231.24,9960.0
11:11,231.4,231.68,231.07,231.5,8385.0
11:12,231.37,231.37,231.18,231.26,4170.0
11:13,231.13,231.43,231.02,231.1,4888.0
11:14,230.76,231.24,230.53,231.24,18019.0
11:15,230.55,231.0,230.13,231.0,25113.0
11:16,230.13,230.55,230.13,230.46,6413.0
11:17,230.14,230.35,230.0,230.19,9699.0
11:18,230.12,230.33,230.1,230.21,16308.0
11:19,230.08,230.27,230.0,230.27,5796.0
11:20,229.9,229.9,229.61,229.9,6049.0
11:21,229.76,229.95,229.6,229.95,4849.0
11:22,229.57,230.04,229.39,230.04,10114.0
11:23,229.64,229.64,229.38,229.6,8362.0
11:24,229.68,229.83,229.65,229.67,12946.0
11:25,229.26,229.68,229.26,229.68,14366.0
11:26,228.9,229.44,228.51,229.44,29356.0
11:27,229.09,229.21,228.6,228.86,17596.0
11:28,229.16,229.33,229.01,229.09,9922.0
11:29,229.06,229.36,229.02,229.16,9610.0
11:30,229.09,229.26,228.85,229.03,25047.0
11:31,228.85,228.99,228.49,228.99,17632.0
11:32,229.01,229.01,228.46,228.64,20654.0
11:33,229.18,229.21,228.89,229.08,11060.0
11:34,229.07,229.21,228.95,229.17,9575.0
11:35,229.21,229.37,229.1,229.14,10036.0
11:36,229.21,229.37,229.06,229.09,5615.0
11:37,229.38,229.49,229.15,229.19,13391.0
11:38,229.6,229.6,229.19,229.39,10272.0
11:39,229.5,229.8,229.5,229.59,5699.0
11:40,229.38,229.5,229.32,229.5,5136.0
11:41,229.35,229.35,229.2,229.26,3934.0
11:42,228.99,229.35,228.78,229.35,10008.0
11:43,229.0,229.02,228.63,228.78,15132.0
11:44,228.78,229.1,228.78,228.9,2647.0
11:45,228.82,229.13,228.72,228.73,11763.0
11:46,228.25,228.87,228.25,228.87,12706.0
11:47,228.26,228.34,228.11,228.25,11525.0
11:48,228.62,228.62,228.23,228.23,5763.0
11:49,228.75,228.76,228.53,228.61,11854.0
11:50,228.74,228.79,228.63,228.63,4327.0
11:51,228.77,228.86,228.52,228.55,3371.0
11:52,229.06,229.06,228.75,228.77,12866.0
11:53,228.9,229.29,228.87,229.05,9204.0
11:54,228.73,229.0,228.73,228.9,6173.0
11:55,228.83,228.94,228.79,228.87,6996.0
11:56,228.96,228.96,228.77,228.95,5629.0
11:57,229.06,229.27,228.94,228.96,10218.0
11:58,229.16,229.22,228.98,229.1,4531.0
11:59,228.82,229.16,228.7,229.16,12531.0
12:00,228.49,228.78,228.48,228.56,8569.0
12:01,228.15,228.56,228.0,228.47,10547.0
12:02,228.19,228.32,228.06,228.19,8660.0
12:03,228.41,228.51,228.07,228.07,14342.0
12:04,228.49,228.51,228.38,228.42,4586.0
12:05,228.7,228.72,228.35,228.42,7761.0
12:06,228.77,228.82,228.62,228.71,6842.0
12:07,228.7,229.02,228.7,228.8,6187.0
12:08,229.0,229.0,228.81,228.88,2816.0
12:09,229.09,229.12,228.64,228.76,9038.0
12:10,229.12,229.22,229.06,229.17,5226.0
12:11,229.37,229.4,229.06,229.1,9093.0
12:12,229.34,229.48,229.24,229.24,5914.0
12:13,229.48,229.48,229.33,229.48,4591.0
12:14,229.45,229.54,229.37,229.45,12943.0
12:15,229.43,229.56,229.38,229.39,8244.0
12:16,229.5,229.55,229.42,229.43,4162.0
12:17,229.08,229.56,229.08,229.45,6095.0
12:18,228.99,229.25,228.9,229.16,11807.0
12:19,228.63,228.9,228.62,228.9,7562.0
12:20,228.88,228.89,228.51,228.64,11813.0
12:21,228.9,229.01,228.84,228.87,7983.0
12:22,229.18,229.18,228.9,228.92,9524.0
12:23,229.12,229.23,228.99,229.1,3717.0
12:24,229.1,229.17,228.9,229.1,19715.0
12:25,228.85,229.0,228.8,229.0,4584.0
12:26,228.9,229.05,228.84,229.04,7093.0
12:27,228.99,229.09,228.83,228.9,11857.0
12:28,229.01,229.4,228.86,228.86,15243.0
12:29,228.99,229.13,228.84,229.06,11308.0
12:30,228.95,229.11,228.95,229.07,5562.0
12:31,228.8,229.07,228.8,228.96,9305.0
12:32,228.91,228.97,228.87,228.95,3785.0
12:33,229.05,229.23,228.85,228.85,10810.0
12:34,229.23,229.37,229.19,229.2,9109.0
12:35,229.15,229.33,229.14,229.33,2563.0
12:36,229.26,229.32,229.14,229.31,9282.0
12:37,229.17,229.26,229.1,229.26,3974.0
12:38,229.06,229.17,228.9,229.04,11110.0
12:39,229.03,229.11,228.89,229.03,9322.0
12:40,228.94,229.11,228.85,229.04,4084.0
12:41,228.83,228.94,228.77,228.94,9699.0
12:42,228.72,228.89,228.68,228.88,11830.0
12:43,228.73,228.83,228.59,228.75,12788.0
12:44,228.87,228.98,228.79,228.81,6414.0
12:45,228.79,228.98,228.62,228.87,21007.0
12:46,228.69,228.97,228.52,228.97,13377.0
12:47,228.62,228.86,228.48,228.62,16107.0
12:48,228.66,228.71,228.52,228.59,5986.0
12:49,228.72,228.8,228.55,228.55,9832.0
12:50,228.48,228.8,228.45,228.75,17703.0
12:51,228.51,228.61,228.18,228.46,21660.0
12:52,228.96,228.96,228.52,228.56,13891.0
12:53,229.08,229.16,229.01,229.08,5713.0
12:54,229.41,229.48,229.2,229.23,6682.0
12:55,228.85,229.39,228.85,229.3,6205.0
12:56,229.09,229.1,228.81,228.85,17727.0
12:57,229.04,229.12,228.9,229.02,19171.0
12:58,228.89,229.1,228.85,229.07,7338.0
12:59,228.75,229.04,228.65,229.04,13348.0
13:00,228.94,229.03,228.76,228.76,6101.0
13:01,229.11,229.13,228.94,228.95,9601.0
13:02,229.1,229.3,229.1,229.1,5711.0
13:03,229.19,229.2,229.05,229.2,5659.0
13:04,229.33,229.45,229.21,229.29,4922.0
13:05,229.45,229.45,229.32,229.33,5849.0
13:06,229.35,229.48,229.24,229.36,11140.0
13:07,229.56,229.56,229.28,229.45,9813.0
13:08,229.65,229.67,229.44,229.45,6362.0
13:09,229.33,229.71,229.31,229.71,15807.0
13:10,229.37,229.48,229.34,229.36,7471.0
13:11,229.57,229.65,229.27,229.3,8090.0
13:12,229.72,229.74,229.48,229.6,7395.0
13:13,229.86,229.86,229.59,229.7,9107.0
13:14,230.3,230.3,229.8,229.82,9570.0
13:15,229.93,230.17,229.9,230.17,4308.0
13:16,229.74,229.96,229.6,229.96,8056.0
13:17,229.45,229.65,229.29,229.65,8869.0
13:18,229.32,229.46,229.31,229.43,4120.0
13:19,229.51,229.68,229.31,229.4,12542.0
13:20,229.6,229.69,229.43,229.51,11672.0
13:21,229.72,229.72,229.45,229.63,10480.0
13:22,229.61,229.71,229.46,229.68,3647.0
13:23,229.55,229.77,229.55,229.61,5022.0
13:24,229.37,229.65,229.26,229.57,7359.0
13:25,229.2,229.49,229.17,229.35,12676.0
13:26,229.4,229.51,229.23,229.29,8593.0
13:27,229.49,229.58,229.42,229.46,4380.0
13:28,229.34,229.39,229.28,229.39,2748.0
13:29,229.49,229.51,229.22,229.24,4654.0
13:30,229.49,229.61,229.46,229.46,2490.0
13:31,229.25,229.39,229.25,229.32,2708.0
13:32,229.29,229.45,229.26,229.26,3491.0
13:33,229.18,229.41,229.14,229.14,2797.0
13:34,229.27,229.47,229.19,229.19,5169.0
13:35,229.27,229.48,229.23,229.48,6191.0
13:36,229.2,229.21,229.15,229.15,3002.0
13:37,229.21,229.32,229.1,229.1,4688.0
13:38,229.1,229.1,228.92,229.01,3154.0
13:39,229.18,229.24,228.99,229.16,10228.0
13:40,229.43,229.43,229.21,229.27,2495.0
13:41,229.39,229.63,229.27,229.35,6002.0
13:42,229.25,229.41,229.25,229.41,5017.0
13:43,229.49,229.63,229.48,229.49,4800.0
13:44,229.06,229.68,229.06,229.68,4299.0
13:45,229.24,229.5,229.14,229.14,6313.0
13:46,229.18,229.4,229.18,229.4,3290.0
13:47,228.93,229.31,228.8,229.26,7159.0
13:48,228.7,228.82,228.55,228.8,3926.0
13:49,228.93,228.93,228.71,228.81,5707.0
13:50,228.7,228.93,228.6,228.75,9651.0
13:51,228.97,228.97,228.79,228.85,4041.0
13:52,228.56,228.83,228.56,228.83,1529.0
13:53,228.83,228.88,228.56,228.56,4620.0
13:54,228.7,228.87,228.69,228.86,4840.0
13:55,228.76,228.84,228.76,228.77,3545.0
13:56,228.8,228.82,228.76,228.76,3464.0
13:57,228.29,228.67,228.29,228.67,5127.0
13:58,228.57,228.61,228.27,228.29,6624.0
13:59,228.77,228.78,228.51,228.62,13148.0
14:00,229.05,229.05,228.78,228.87,3235.0
14:01,229.26,229.36,229.05,229.06,9091.0
14:02,229.44,229.71,229.26,229.26,5385.0
14:03,229.25,229.55,229.24,229.47,3194.0
14:04,229.56,229.67,229.22,229.31,5565.0
14:05,229.38,229.54,229.3,229.36,5026.0
14:06,229.34,229.44,229.32,229.42,4121.0
14:07,229.52,229.58,229.29,229.37,7725.0
14:08,229.26,229.5,229.16,229.5,4769.0
14:09,229.51,229.53,229.4,229.41,3246.0
14:10,229.79,229.81,229.39,229.56,19317.0
14:11,229.7,229.99,229.7,229.75,2267.0
14:12,229.56,229.73,229.56,229.69,2949.0
14:13,229.62,229.63,229.48,229.57,3141.0
14:14,229.8,229.9,229.65,229.69,10117.0
14:15,230.04,230.1,229.77,229.8,16828.0
14:16,229.77,229.93,229.74,229.93,3335.0
14:17,229.69,229.83,229.62,229.62,1671.0
14:18,229.87,229.87,229.65,229.8,5277.0
14:19,229.88,229.92,229.8,229.8,5012.0
14:20,229.78,230.01,229.78,229.88,2695.0
14:21,229.86,229.99,229.83,229.9,4735.0
14:22,229.94,230.04,229.88,229.96,3993.0
14:23,229.6,229.83,229.45,229.83,12243.0
14:24,229.51,229.65,229.5,229.5,3196.0
14:25,229.27,229.48,229.27,229.45,4245.0
14:26,229.45,229.45,229.25,229.25,3598.0
14:27,229.6,229.6,229.46,229.46,1505.0
14:28,229.54,229.54,229.54,229.54,1121.0
14:29,229.54,229.54,229.5,229.54,6398.0
14:30,229.54,229.54,229.38,229.54,1626.0
14:31,229.65,229.69,229.57,229.69,4542.0
14:32,229.47,229.75,229.47,229.7,3676.0
14:33,229.33,229.57,229.33,229.49,4126.0
14:34,229.4,229.57,229.37,229.37,2485.0
14:35,229.21,229.53,229.21,229.53,3304.0
14:36,229.05,229.18,229.05,229.18,1489.0
14:37,229.01,229.2,228.97,229.0,3642.0
14:38,229.04,229.18,229.02,229.18,1938.0
14:39,229.04,229.16,229.04,229.14,2533.0
14:40,229.05,229.18,229.04,229.17,2860.0
14:41,229.24,229.24,229.05,229.18,2476.0
14:42,229.12,229.12,229.12,229.12,1176.0
14:43,229.07,229.1,229.04,229.1,935.0
14:44,229.05,229.07,228.95,229.07,4130.0
14:45,229.14,229.14,228.99,228.99,2668.0
14:46,228.98,229.2,228.95,229.04,2620.0
14:47,228.94,229.02,228.94,229.01,1937.0
14:48,229.02,229.15,228.92,228.92,2550.0
14:49,229.05,229.05,229.02,229.05,960.0
14:50,228.88,229.01,228.8,228.97,6125.0
14:51,228.97,229.12,228.84,228.95,6477.0
14:52,229.13,229.14,228.76,228.76,2006.0
14:53,229.01,229.07,229.01,229.07,1182.0
14:54,229.0,229.0,228.99,228.99,2827.0
14:55,229.01,229.08,228.99,228.99,3010.0
14:56,228.97,229.06,228.97,229.06,1063.0
14:57,229.23,229.25,229.1,229.1,4187.0
14:58,229.52,229.52,229.24,229.35,5445.0
14:59,229.41,229.55,229.36,229.53,3705.0
15:00,229.55,229.55,229.31,229.31,3387.0
15:01,229.48,229.63,229.37,229.63,4500.0
15:02,229.41,229.42,229.37,229.42,3540.0
15:03,229.43,229.5,229.3,229.37,10128.0
15:04,229.49,229.52,229.49,229.52,1644.0
15:05,229.63,229.63,229.34,229.4,8580.0
15:06,229.54,229.69,229.36,229.36,7378.0
15:07,229.45,229.56,229.45,229.48,4324.0
15:08,229.48,229.6,229.47,229.48,7458.0
15:09,229.51,229.61,229.46,229.46,6788.0
15:10,229.58,229.69,229.57,229.57,5860.0
15:11,229.54,229.57,229.5,229.56,5749.0
15:12,229.56,229.6,229.47,229.54,5225.0
15:13,229.62,229.62,229.56,229.62,2802.0
15:14,229.7,229.72,229.55,229.55,5885.0
15:15,229.67,229.67,229.62,229.62,2433.0
15:16,229.88,229.88,229.62,229.71,3720.0
15:17,229.88,229.96,229.88,229.89,4079.0
15:18,229.9,230.02,229.9,229.91,6228.0
15:19,229.78,230.02,229.77,229.97,4121.0
15:20,229.9,229.96,229.68,229.76,5694.0
15:21,229.99,230.03,229.9,229.9,5910.0
15:22,229.99,230.04,229.97,229.99,7425.0
15:23,229.89,229.98,229.89,229.97,4569.0
15:24,229.62,229.84,229.62,229.84,2306.0
15:25,229.71,229.76,229.63,229.63,5538.0
15:26,229.74,229.74,229.68,229.71,4174.0
15:27,229.88,229.97,229.7,229.7,5797.0
15:28,229.96,230.0,229.91,229.96,3300.0
15:29,229.92,229.99,229.84,229.84,1917.0
15:30,229.94,230.02,229.84,229.93,4129.0
15:31,229.86,229.94,229.77,229.91,8180.0
15:32,229.6,229.84,229.6,229.84,2653.0
15:33,229.84,229.84,229.65,229.7,4554.0
15:34,229.96,230.0,229.9,229.9,2801.0
15:35,229.98,230.05,229.94,229.99,6285.0
15:36,229.8,229.94,229.71,229.92,6237.0
15:37,229.81,229.88,229.74,229.8,5702.0
15:38,229.79,229.86,229.69,229.7,2624.0
15:39,229.75,229.8,229.72,229.8,2761.0
15:40,229.65,229.77,229.5,229.77,7441.0
15:41,229.72,229.72,229.53,229.6,3669.0
15:42,229.82,229.82,229.65,229.74,13470.0
15:43,229.66,229.84,229.65,229.84,4968.0
15:44,229.86,229.86,229.57,229.69,6471.0
15:45,229.57,229.74,229.53,229.74,3527.0
15:46,229.49,229.59,229.49,229.59,2104.0
15:47,229.65,229.71,229.47,229.6,3254.0
15:48,229.68,229.78,229.52,229.52,4017.0
15:49,229.8,229.81,229.64,229.64,2647.0
15:50,229.85,229.85,229.74,229.74,2980.0
15:51,229.6,229.7,229.6,229.7,2156.0
15:52,229.64,229.68,229.61,229.66,1926.0
15:53,229.57,229.63,229.53,229.63,3443.0
15:54,229.75,229.75,229.59,229.59,3425.0
15:55,229.76,229.76,229.74,229.75,1907.0
15:56,229.76,229.76,229.76,229.76,1076.0
15:57,229.93,229.93,229.68,229.72,6960.0
15:58,230.0,230.05,229.84,229.99,7167.0
15:59,229.98,230.05,229.84,229.97,4082.0
16:00,229.93,230.0,229.91,230.0,3542.0
16:01,229.87,229.99,229.85,229.99,2069.0
16:02,229.95,229.95,229.85,229.93,3384.0
16:03,229.92,229.92,229.78,229.85,5553.0
16:04,229.95,229.95,229.82,229.91,2911.0
16:05,229.9,229.9,229.9,229.9,1246.0
16:06,229.79,229.88,229.74,229.84,6257.0
16:07,229.81,229.89,229.76,229.77,2736.0
16:08,229.93,230.01,229.81,229.81,8357.0
16:09,229.91,229.92,229.83,229.9,3552.0
16:10,229.93,229.97,229.83,229.83,6618.0
16:11,229.79,229.93,229.79,229.93,2517.0
16:12,229.85,229.85,229.85,229.85,1808.0
16:13,229.94,230.02,229.82,229.85,7108.0
16:14,229.9,229.96,229.84,229.96,4947.0
16:15,230.1,230.13,229.92,229.92,16424.0
16:16,230.12,230.16,230.11,230.11,4100.0
16:17,230.11,230.19,230.08,230.12,13687.0
16:18,230.24,230.25,230.12,230.12,11301.0
16:19,230.43,230.43,230.26,230.3,9007.0
16:20,230.4,230.44,230.34,230.43,6940.0
16:21,230.4,230.47,230.32,230.41,8664.0
16:22,230.42,230.43,230.2,230.41,7706.0
16:23,230.41,230.42,230.25,230.34,16978.0
16:24,230.41,230.49,230.33,230.35,15278.0
16:25,230.51,230.57,230.41,230.43,15450.0
16:26,230.31,230.51,230.21,230.51,6355.0
16:27,230.38,230.43,230.25,230.25,3675.0
16:28,230.38,230.47,230.38,230.45,5839.0
16:29,230.28,230.38,230.27,230.38,3587.0
16:30,230.38,230.43,230.27,230.32,10823.0
16:31,230.35,230.41,230.25,230.35,18681.0
16:32,230.28,230.36,230.22,230.35,6311.0
16:33,230.18,230.29,230.06,230.27,10617.0
16:34,230.21,230.27,230.1,230.1,5716.0
16:35,230.06,230.19,230.04,230.19,4508.0
16:36,230.15,230.3,230.15,230.17,5121.0
16:37,230.23,230.31,230.15,230.24,10327.0
16:38,230.2,230.34,230.17,230.26,7772.0
16:39,230.08,230.25,229.98,230.21,18332.0
16:40,230.03,230.18,230.02,230.05,14176.0
16:41,230.14,230.14,229.95,230.01,9040.0
16:42,230.15,230.15,230.03,230.07,7953.0
16:43,230.09,230.19,230.05,230.15,12839.0
16:44,230.1,230.19,229.98,230.18,13650.0
16:45,230.33,230.38,230.07,230.07,10064.0
16:46,230.28,230.34,230.24,230.29,8647.0
16:47,230.04,230.38,230.04,230.3,18421.0
16:48,230.0,230.11,229.99,230.11,6392.0
16:49,229.72,230.03,229.68,230.0,19052.0
16:50,230.04,230.17,229.71,229.71,20098.0
16:51,229.9,230.08,229.79,230.01,18667.0
16:52,229.99,229.99,229.85,229.96,27807.0
16:53,229.95,229.96,229.85,229.9,18244.0
16:54,229.82,229.99,229.82,229.91,22858.0
16:55,229.8,230.1,229.43,229.8,32594.0
16:56,229.63,229.95,229.63,229.8,34597.0
16:57,229.66,229.82,229.61,229.63,58783.0
16:58,229.73,229.79,229.62,229.68,59863.0
16:59,229.5,229.79,229.41,229.76,127981.0
