Time,Close,High,Low,Open,Volume
09:30,227.25,227.52,226.8,227.52,324716.0
09:31,227.62,227.92,227.2,227.31,5427.0
09:32,227.59,227.98,227.58,227.7,5436.0
09:33,227.91,228.0,227.55,227.74,4860.0
09:34,228.16,228.5,227.79,227.94,12593.0
09:35,228.41,228.7,228.14,228.38,14761.0
09:36,228.49,228.75,228.45,228.65,4454.0
09:37,228.74,228.83,228.58,228.59,6162.0
09:38,228.85,229.0,228.69,228.74,13711.0
09:39,228.76,228.85,228.52,228.85,9694.0
09:40,229.5,229.5,228.62,228.76,23751.0
09:41,229.46,229.7,229.28,229.29,18742.0
09:42,229.7,229.7,229.28,229.28,4372.0
09:43,229.97,230.24,229.7,229.7,19717.0
09:44,230.36,230.48,229.7,229.87,18489.0
09:45,230.54,230.71,230.37,230.37,11888.0
09:46,230.18,230.4,229.99,230.38,18222.0
09:47,229.9,230.06,229.7,230.06,7071.0
09:48,229.78,230.01,229.7,229.84,6155.0
09:49,229.14,229.8,229.12,229.79,8765.0
09:50,229.15,229.26,228.77,229.11,6945.0
09:51,229.54,229.55,228.91,228.93,3058.0
09:52,229.89,229.9,229.06,229.52,6968.0
09:53,230.11,230.14,229.61,229.8,13601.0
09:54,229.68,230.23,229.68,230.12,15408.0
09:55,229.33,229.68,229.33,229.68,5474.0
09:56,229.46,229.65,229.2,229.37,5587.0
09:57,229.68,230.02,229.61,229.71,4465.0
09:58,230.04,230.07,229.62,229.85,6368.0
09:59,229.23,230.05,228.99,230.02,17881.0
10:00,228.83,229.21,228.82,228.99,16172.0
10:01,228.89,228.99,228.64,228.88,9968.0
10:02,229.26,229.26,228.79,228.82,11286.0
10:03,229.14,229.23,228.91,229.23,6649.0
10:04,228.93,229.21,228.81,229.13,10018.0
10:05,228.9,228.95,228.75,228.9,3773.0
10:06,228.93,229.06,228.86,228.9,3748.0
10:07,228.74,229.01,228.6,229.01,11958.0
10:08,228.73,228.89,228.58,228.75,2986.0
10:09,228.79,228.92,228.75,228.79,6289.0
10:10,228.61,228.93,228.61,228.79,4632.0
10:11,228.97,228.97,228.61,228.61,4988.0
10:12,229.18,229.18,229.0,229.01,4510.0
10:13,229.32,229.33,228.94,229.08,6628.0
10:14,229.31,229.34,229.2,229.21,5541.0
10:15,229.42,229.44,229.1,229.1,18539.0
10:16,229.05,229.42,229.03,229.42,12151.0
10:17,229.18,229.19,228.98,229.09,6867.0
10:18,229.24,229.24,228.96,229.12,4325.0
10:19,229.14,229.26,229.1,229.1,6025.0
10:20,229.23,229.23,228.99,229.1,6873.0
10:21,229.1,229.26,229.07,229.23,4519.0
10:22,229.11,229.26,229.01,229.12,3518.0
10:23,229.15,229.26,229.1,229.1,4768.0
10:24,229.23,229.26,229.15,229.15,3665.0
10:25,228.84,229.25,228.81,229.17,10455.0
10:26,229.01,229.03,228.78,228.89,13424.0
10:27,229.17,229.17,228.92,228.92,2558.0
10:28,229.18,229.18,229.01,229.17,3610.0
10:29,229.01,229.21,228.97,229.21,6710.0
10:30,229.04,229.23,228.95,229.09,5469.0
10:31,229.03,229.14,228.92,229.06,7023.0
10:32,228.79,229.1,228.78,229.1,10343.0
10:33,228.64,228.87,228.31,228.79,7892.0
10:34,228.31,228.66,228.3,228.58,3997.0
10:35,228.34,228.45,228.31,228.45,8238.0
10:36,228.4,228.49,228.28,228.49,10769.0
10:37,228.63,228.63,228.28,228.39,16420.0
10:38,228.8,228.82,228.5,228.5,17058.0
10:39,228.56,228.84,228.56,228.84,8620.0
10:40,229.11,229.11,228.51,228.53,11664.0
10:41,229.29,229.32,229.05,229.19,4217.0
10:42,229.21,229.29,229.12,229.29,5289.0
10:43,229.1,229.29,229.02,229.29,7780.0
10:44,228.89,229.1,228.88,229.1,15052.0
10:45,228.96,229.09,228.81,228.87,2816.0
10:46,229.1,229.1,228.82,229.05,3252.0
10:47,229.0,229.12,228.88,229.12,5248.0
10:48,229.07,229.1,228.96,229.05,4397.0
10:49,229.08,229.09,228.89,228.99,7796.0
10:50,229.28,229.28,228.87,228.95,8206.0
10:51,229.55,229.55,229.28,229.28,4926.0
10:52,229.56,229.61,229.42,229.55,10813.0
10:53,229.85,229.86,229.58,229.65,7203.0
10:54,229.49,229.85,229.49,229.77,10153.0
10:55,229.44,229.48,229.35,229.44,5369.0
10:56,229.46,229.46,229.35,229.35,2264.0
10:57,229.55,229.55,229.36,229.48,6924.0
10:58,229.6,229.65,229.42,229.42,31229.0
10:59,229.1,229.65,229.1,229.62,320186.0
11:00,229.01,229.25,229.01,229.25,5490.0
11:01,229.16,229.16,229.01,229.01,3181.0
11:02,229.33,229.4,229.11,229.33,7827.0
11:03,229.18,229.37,229.11,229.37,3671.0
11:04,229.38,229.55,229.36,229.48,3406.0
11:05,229.45,229.48,229.26,229.33,5882.0
11:06,229.51,229.57,229.41,229.48,2976.0
11:07,229.49,229.49,229.49,229.49,1067.0
11:08,229.45,229.49,229.33,229.43,8791.0
11:09,229.41,229.48,229.41,229.45,1700.0
11:10,229.35,229.44,229.31,229.31,2603.0
11:11,229.24,229.35,229.19,229.26,17513.0
11:12,229.07,229.27,228.99,229.27,3303.0
11:13,228.77,228.97,228.77,228.97,2677.0
11:14,228.8,228.91,228.77,228.77,6895.0
11:15,228.89,228.99,228.76,228.81,1408.0
11:16,229.17,229.21,228.94,228.95,11004.0
11:17,229.09,229.36,229.07,229.13,4790.0
11:18,229.07,229.12,228.99,229.12,1600.0
11:19,229.12,229.19,229.05,229.08,3485.0
11:20,229.08,229.19,229.07,229.19,3184.0
11:21,229.14,229.2,229.05,229.11,3507.0
11:22,229.26,229.26,229.2,229.2,1264.0
11:23,229.32,229.32,229.07,229.25,9094.0
11:24,229.32,229.43,229.27,229.32,9251.0
11:25,229.48,229.49,229.28,229.42,7282.0
11:26,229.75,229.75,229.49,229.49,2786.0
11:27,229.6,229.78,229.6,229.78,1262.0
11:28,229.61,229.7,229.6,229.6,3582.0
11:29,229.59,229.71,229.55,229.71,20012.0
11:30,229.68,229.73,229.63,229.63,2847.0
11:31,229.69,229.73,229.61,229.73,3200.0
11:32,229.71,229.8,229.65,229.77,1193.0
11:33,229.44,229.65,229.43,229.59,3596.0
11:34,229.48,229.62,229.4,229.41,3890.0
11:35,229.57,229.58,229.5,229.58,2011.0
11:36,229.53,229.67,229.53,229.67,2111.0
11:37,229.63,229.68,229.54,229.54,5401.0
11:38,229.73,229.85,229.62,229.62,14403.0
11:39,229.79,229.79,229.57,229.79,8163.0
11:40,230.15,230.15,229.72,229.84,6711.0
11:41,230.15,230.25,230.15,230.19,3690.0
11:42,230.21,230.25,230.2,230.2,2598.0
11:43,230.24,230.33,230.14,230.29,6131.0
11:44,230.4,230.47,230.24,230.24,7503.0
11:45,230.17,230.4,230.16,230.4,5412.0
11:46,230.18,230.18,230.13,230.14,2309.0
11:47,230.22,230.23,230.13,230.15,6175.0
11:48,230.29,230.3,230.14,230.22,7571.0
11:49,230.15,230.36,230.15,230.36,5818.0
11:50,230.26,230.26,230.25,230.25,1117.0
11:51,230.35,230.38,230.24,230.24,3290.0
11:52,230.26,230.38,230.2,230.38,6841.0
11:53,230.22,230.22,230.11,230.19,5186.0
11:54,230.26,230.26,230.21,230.21,1506.0
11:55,230.24,230.33,230.2,230.2,2272.0
11:56,230.23,230.31,230.14,230.14,2430.0
11:57,230.26,230.34,230.2,230.26,9812.0
11:58,230.2,230.21,230.17,230.21,3473.0
11:59,230.07,230.18,230.04,230.18,4002.0
12:00,229.88,230.07,229.88,230.07,4520.0
12:01,229.86,229.86,229.86,229.86,918.0
12:02,229.82,229.82,229.82,229.82,624.0
12:03,229.76,229.82,229.68,229.72,6821.0
12:04,229.71,229.78,229.71,229.76,3100.0
12:05,229.82,229.92,229.77,229.79,5383.0
12:06,229.85,230.01,229.83,229.83,3052.0
12:07,229.88,229.88,229.87,229.87,1405.0
12:08,229.89,229.89,229.89,229.89,1833.0
12:09,229.9,229.98,229.88,229.93,2824.0
12:10,229.9,229.93,229.88,229.93,4862.0
12:11,229.95,229.97,229.9,229.9,3624.0
12:12,229.91,229.92,229.84,229.91,9484.0
12:13,229.71,229.97,229.71,229.93,19480.0
12:14,229.77,229.78,229.72,229.78,1030.0
12:15,229.67,229.76,229.66,229.75,3033.0
12:16,229.52,229.6,229.46,229.6,9299.0
12:17,229.45,229.45,229.42,229.43,1310.0
12:18,229.25,229.44,229.25,229.44,2246.0
12:19,229.12,229.33,229.12,229.32,4590.0
12:20,229.16,229.24,229.12,229.24,4828.0
12:21,229.26,229.27,229.19,229.19,3232.0
12:22,229.24,229.42,229.24,229.42,1115.0
12:23,229.37,229.37,229.26,229.26,1123.0
12:24,229.34,229.42,229.3,229.42,1624.0
12:25,229.41,229.47,229.27,229.27,2588.0
12:26,229.43,229.51,229.43,229.43,3555.0
12:27,229.61,229.61,229.39,229.43,3930.0
12:28,229.45,229.62,229.45,229.62,3696.0
12:29,229.4,229.6,229.4,229.45,6432.0
12:30,229.65,229.66,229.51,229.51,2018.0
12:31,229.53,229.66,229.51,229.59,2472.0
12:32,229.56,229.62,229.43,229.49,5094.0
12:33,229.61,229.61,229.61,229.61,367.0
12:34,229.6,229.69,229.6,229.69,1241.0
12:35,229.6,229.68,229.52,229.6,9939.0
12:36,229.63,229.76,229.6,229.6,7879.0
12:37,229.63,229.63,229.54,229.54,1880.0
12:38,229.63,229.66,229.59,229.62,4110.0
12:39,229.65,229.72,229.65,229.72,1521.0
12:40,229.72,229.72,229.6,229.65,2025.0
12:41,229.52,229.65,229.52,229.62,4064.0
12:42,229.62,229.63,229.56,229.6,3055.0
12:43,229.57,229.78,229.54,229.62,11642.0
12:44,229.5,229.61,229.44,229.61,2111.0
12:45,229.51,229.55,229.44,229.55,4237.0
12:46,229.53,229.56,229.47,229.5,2786.0
12:47,229.73,229.73,229.58,229.63,1670.0
12:48,229.66,229.66,229.61,229.61,1026.0
12:49,229.7,229.7,229.7,229.7,201.0
12:50,229.79,229.83,229.73,229.77,2191.0
12:51,229.55,229.74,229.55,229.67,10188.0
12:52,229.51,229.51,229.51,229.51,524.0
12:53,229.65,229.65,229.48,229.6,5624.0
12:54,229.32,229.54,229.28,229.54,5957.0
12:55,229.36,229.36,229.36,229.36,1262.0
12:56,229.42,229.48,229.42,229.47,1337.0
12:57,229.54,229.61,229.46,229.54,7265.0
12:58,229.38,229.48,229.35,229.48,4393.0
12:59,229.37,229.37,229.36,229.37,1552.0
13:00,229.28,229.36,229.28,229.36,1983.0
13:01,229.23,229.36,229.21,229.36,6605.0
13:02,229.0,229.17,228.99,229.17,4516.0
13:03,228.96,229.02,228.91,229.02,2931.0
13:04,228.84,229.01,228.84,229.01,473.0
13:05,228.9,229.11,228.84,229.11,1454.0
13:06,228.98,228.98,228.81,228.91,2329.0
13:07,228.87,228.95,228.81,228.95,4303.0
13:08,228.86,228.88,228.77,228.78,4012.0
13:09,228.88,228.92,228.85,228.85,967.0
13:10,228.74,228.95,228.74,228.95,7743.0
13:11,228.76,228.76,228.69,228.69,2367.0
13:12,228.75,228.75,228.66,228.69,3309.0
13:13,228.66,228.88,228.66,228.81,7669.0
13:14,228.68,228.68,228.55,228.65,1353.0
13:15,228.7,228.7,228.67,228.67,1237.0
13:16,228.68,228.69,228.68,228.69,1035.0
13:17,228.7,228.77,228.68,228.68,1163.0
13:18,228.63,228.75,228.63,228.75,1819.0
13:19,228.65,228.68,228.62,228.68,1255.0
13:20,228.63,228.63,228.56,228.56,2830.0
13:21,228.5,228.59,228.5,228.55,1249.0
13:22,228.66,228.66,228.51,228.53,5066.0
13:23,228.77,228.77,228.58,228.66,12057.0
13:24,228.87,228.87,228.74,228.78,5449.0
13:25,228.74,228.86,228.74,228.8,1734.0
13:26,229.01,229.01,228.8,228.8,4263.0
13:27,229.03,229.04,228.91,228.91,4400.0
13:28,228.87,229.13,228.87,229.04,4220.0
13:29,228.83,228.91,228.83,228.91,3161.0
13:30,228.99,228.99,228.9,228.9,2568.0
13:31,229.07,229.07,229.0,229.01,1887.0
13:32,228.98,229.09,228.96,229.09,5421.0
13:33,229.1,229.13,228.98,228.98,2054.0
13:34,229.15,229.24,229.09,229.09,2040.0
13:35,229.13,229.15,229.13,229.13,1461.0
13:36,229.27,229.27,229.11,229.13,5222.0
13:37,229.27,229.34,229.25,229.25,3099.0
13:38,229.18,229.29,229.18,229.26,1741.0
13:39,229.25,229.25,229.19,229.19,1827.0
13:40,229.16,229.2,229.12,229.2,1739.0
13:41,229.16,229.28,229.16,229.16,1980.0
13:42,229.15,229.15,229.13,229.13,541.0
13:43,229.16,229.16,229.07,229.16,1650.0
13:44,229.04,229.16,229.04,229.16,2097.0
13:45,228.94,229.02,228.93,229.02,2242.0
13:46,228.98,229.13,228.92,229.13,2536.0
13:47,228.8,229.09,228.8,228.99,5620.0
13:48,229.03,229.03,228.91,228.91,3481.0
13:49,229.05,229.05,229.01,229.01,1344.0
13:50,229.3,229.3,229.02,229.04,3399.0
13:51,229.18,229.29,229.15,229.29,2383.0
13:52,229.18,229.27,229.08,229.27,3791.0
13:53,229.16,229.16,229.16,229.16,988.0
13:54,229.28,229.28,229.23,229.23,1775.0
13:55,229.24,229.3,229.24,229.28,3631.0
13:56,229.21,229.24,229.19,229.21,4957.0
13:57,229.21,229.3,229.11,229.21,2619.0
13:58,229.25,229.3,229.13,229.13,2495.0
13:59,229.21,229.3,229.21,229.23,1289.0
14:00,229.32,229.35,229.22,229.28,6007.0
14:01,229.36,229.36,229.25,229.3,1499.0
14:02,229.43,229.48,229.35,229.35,8776.0
14:03,229.41,229.41,229.37,229.37,593.0
14:04,229.26,229.38,229.15,229.38,7646.0
14:05,229.29,229.37,229.25,229.26,5515.0
14:06,229.34,229.35,229.32,229.35,3030.0
14:07,229.35,229.36,229.34,229.34,1959.0
14:08,229.33,229.35,229.27,229.33,2682.0
14:09,229.27,229.38,229.27,229.34,3162.0
14:10,229.32,229.38,229.27,229.32,1654.0
14:11,229.37,229.42,229.26,229.26,7156.0
14:12,229.38,229.38,229.34,229.37,3702.0
14:13,229.33,229.35,229.3,229.35,4661.0
14:14,229.46,229.5,229.31,229.34,8947.0
14:15,229.56,229.63,229.56,229.57,7505.0
14:16,229.53,229.62,229.53,229.6,8567.0
14:17,229.56,229.64,229.53,229.61,3135.0
14:18,229.74,229.74,229.6,229.6,5891.0
14:19,229.66,229.8,229.61,229.74,20425.0
14:20,229.61,229.72,229.61,229.63,5298.0
14:21,229.51,229.68,229.51,229.68,5908.0
14:22,229.56,229.56,229.49,229.53,3508.0
14:23,229.43,229.61,229.43,229.45,7633.0
14:24,229.46,229.49,229.37,229.37,2978.0
14:25,229.26,229.46,229.26,229.46,3930.0
14:26,229.36,229.39,229.27,229.31,9878.0
14:27,229.41,229.48,229.35,229.41,4713.0
14:28,229.65,229.66,229.36,229.41,13121.0
14:29,229.52,229.7,229.52,229.69,13532.0
14:30,229.39,229.52,229.39,229.49,11902.0
14:31,229.29,229.36,229.28,229.36,8453.0
14:32,229.37,229.39,229.24,229.34,17342.0
14:33,229.23,229.37,229.23,229.29,3299.0
14:34,229.32,229.37,229.21,229.26,2396.0
14:35,229.47,229.48,229.32,229.32,4512.0
14:36,229.57,229.6,229.49,229.49,2455.0
14:37,229.65,229.73,229.53,229.53,3355.0
14:38,229.58,229.63,229.53,229.63,4273.0
14:39,229.54,229.65,229.5,229.6,4334.0
14:40,229.44,229.54,229.43,229.48,2238.0
14:41,229.51,229.51,229.43,229.51,1564.0
14:42,229.5,229.51,229.44,229.44,1870.0
14:43,229.49,229.52,229.45,229.5,5270.0
14:44,229.47,229.47,229.41,229.44,2616.0
14:45,229.49,229.5,229.47,229.47,2188.0
14:46,229.77,229.83,229.45,229.49,12155.0
14:47,229.7,229.76,229.65,229.76,8225.0
14:48,229.6,229.74,229.59,229.73,6813.0
14:49,229.54,229.64,229.54,229.64,15562.0
14:50,229.45,229.58,229.45,229.54,3568.0
14:51,229.4,229.45,229.39,229.45,3158.0
14:52,229.4,229.42,229.38,229.42,6858.0
14:53,229.38,229.41,229.38,229.38,1536.0
14:54,229.38,229.42,229.38,229.41,1716.0
14:55,229.42,229.51,229.42,229.42,4002.0
14:56,229.3,229.42,229.27,229.42,4806.0
14:57,229.22,229.36,229.22,229.29,3856.0
14:58,229.22,229.27,229.19,229.23,4656.0
14:59,229.0,229.18,229.0,229.16,2918.0
15:00,229.14,229.18,229.12,229.17,3299.0
15:01,229.22,229.23,229.06,229.06,3672.0
15:02,229.18,229.32,229.18,229.23,5383.0
15:03,229.04,229.16,229.01,229.15,4518.0
15:04,229.13,229.14,229.08,229.08,3151.0
15:05,229.05,229.13,229.05,229.13,2598.0
15:06,229.07,229.11,229.02,229.05,3037.0
15:07,229.07,229.07,229.04,229.07,5854.0
15:08,228.8,229.07,228.78,229.04,10019.0
15:09,228.91,228.91,228.8,228.8,5875.0
15:10,228.81,228.93,228.81,228.93,13394.0
15:11,229.01,229.01,228.84,228.87,9665.0
15:12,229.03,229.07,228.94,229.04,6256.0
15:13,229.02,229.07,228.98,228.99,8429.0
15:14,229.11,229.18,229.01,229.02,3367.0
15:15,228.9,229.11,228.89,229.07,6166.0
15:16,229.04,229.07,228.9,228.9,3676.0
15:17,229.12,229.12,229.08,229.08,2022.0
15:18,229.05,229.16,229.02,229.08,4361.0
15:19,228.95,229.03,228.94,229.02,6473.0
15:20,228.92,228.96,228.91,228.96,3500.0
15:21,228.99,228.99,228.92,228.93,5748.0
15:22,228.85,228.99,228.81,228.95,5404.0
15:23,228.82,228.86,228.79,228.83,6535.0
15:24,228.82,228.84,228.78,228.8,4140.0
15:25,228.82,228.82,228.73,228.82,7653.0
15:26,228.79,228.84,228.79,228.84,3675.0
15:27,228.77,228.83,228.76,228.8,4270.0
15:28,228.87,228.9,228.76,228.77,7386.0
15:29,228.9,228.95,228.82,228.87,9936.0
15:30,228.65,228.88,228.65,228.88,13364.0
15:31,228.85,228.88,228.65,228.69,14108.0
15:32,228.88,228.91,228.88,228.9,4173.0
15:33,228.91,228.93,228.86,228.86,8699.0
15:34,228.92,228.94,228.88,228.91,5371.0
15:35,229.12,229.12,228.93,228.93,7400.0
15:36,229.18,229.18,229.07,229.1,5959.0
15:37,229.2,229.2,229.11,229.14,5945.0
15:38,229.2,229.26,229.15,229.15,5318.0
15:39,229.23,229.26,229.19,229.2,10281.0
15:40,229.26,229.28,229.23,229.23,5972.0
15:41,229.24,229.34,229.2,229.26,10529.0
15:42,229.23,229.26,229.23,229.24,3072.0
15:43,229.18,229.25,229.16,229.23,8202.0
15:44,229.18,229.21,229.15,229.21,6655.0
15:45,229.14,229.21,229.14,229.17,8049.0
15:46,229.11,229.15,229.07,229.15,8114.0
15:47,229.09,229.12,229.04,229.11,8579.0
15:48,229.15,229.17,229.1,229.11,9229.0
15:49,229.14,229.16,229.1,229.15,7382.0
15:50,228.93,229.17,228.87,229.12,24094.0
15:51,229.03,229.03,228.85,228.93,16094.0
15:52,228.97,229.04,228.96,229.02,8805.0
15:53,228.99,229.12,228.95,229.0,15343.0
15:54,229.06,229.06,228.97,229.01,20987.0
15:55,229.41,229.49,228.99,229.05,33450.0
15:56,229.46,229.48,229.37,229.41,36114.0
15:57,229.47,229.52,229.4,229.46,40105.0
15:58,229.65,229.66,229.44,229.47,220646.0
15:59,229.6,229.85,229.4,229.64,244544.0
