Time,Close,High,Low,Open,Volume
09:30,220.38,221.14,220.38,220.75,66081.0
09:31,220.44,220.53,220.01,220.38,7116.0
09:32,220.84,221.13,220.57,220.61,6549.0
09:33,221.07,221.07,220.56,220.56,3262.0
09:34,220.93,220.98,220.65,220.65,4005.0
09:35,220.65,220.96,220.65,220.92,3537.0
09:36,220.5,220.66,220.5,220.61,5130.0
09:37,220.35,220.46,220.24,220.33,4372.0
09:38,220.29,220.37,220.05,220.28,6706.0
09:39,219.79,220.29,219.79,220.29,16512.0
09:40,220.21,220.21,219.86,219.89,9118.0
09:41,220.3,220.37,220.18,220.21,4435.0
09:42,220.3,220.36,220.07,220.29,2737.0
09:43,220.66,220.71,220.35,220.37,4900.0
09:44,220.59,220.87,220.59,220.74,5425.0
09:45,220.85,220.94,220.58,220.6,6488.0
09:46,220.67,220.79,220.61,220.79,3113.0
09:47,220.62,220.76,220.62,220.65,4052.0
09:48,220.27,220.46,220.25,220.46,5238.0
09:49,220.59,220.59,220.32,220.32,5335.0
09:50,220.51,220.52,220.51,220.52,3185.0
09:51,220.65,220.74,220.55,220.61,10309.0
09:52,220.68,220.73,220.55,220.55,4089.0
09:53,220.86,220.87,220.74,220.74,4256.0
09:54,220.74,220.81,220.74,220.81,4672.0
09:55,220.89,220.91,220.73,220.73,4301.0
09:56,221.03,221.1,220.86,220.86,6762.0
09:57,221.03,221.12,221.03,221.03,3143.0
09:58,221.33,221.33,221.05,221.1,6197.0
09:59,221.25,221.48,221.19,221.2,14284.0
10:00,221.59,221.59,221.27,221.48,7294.0
10:01,221.75,221.75,221.58,221.58,4424.0
10:02,221.64,221.66,221.54,221.65,4710.0
10:03,221.29,221.57,221.29,221.57,7066.0
10:04,221.16,221.24,221.16,221.24,2344.0
10:05,221.41,221.41,221.16,221.16,10097.0
10:06,221.4,221.47,221.26,221.38,7683.0
10:07,221.33,221.34,221.19,221.33,7997.0
10:08,221.36,221.39,221.24,221.33,4761.0
10:09,221.41,221.47,221.31,221.34,8425.0
10:10,221.51,221.52,221.32,221.38,6273.0
10:11,221.43,221.56,221.34,221.56,6226.0
10:12,221.29,221.34,221.26,221.34,10539.0
10:13,221.23,221.35,221.21,221.21,16036.0
10:14,221.56,221.56,221.33,221.34,8055.0
10:15,221.27,221.5,221.27,221.5,4989.0
10:16,221.3,221.3,221.02,221.23,11731.0
10:17,221.34,221.35,221.21,221.3,4867.0
10:18,221.3,221.3,221.18,221.18,4568.0
10:19,221.49,221.52,221.29,221.3,6639.0
10:20,221.54,221.54,221.48,221.48,3166.0
10:21,221.5,221.5,221.46,221.46,1129.0
10:22,221.47,221.55,221.44,221.5,7281.0
10:23,221.52,221.52,221.41,221.47,5612.0
10:24,221.46,221.52,221.46,221.47,5083.0
10:25,221.6,221.67,221.46,221.46,6334.0
10:26,221.6,221.62,221.53,221.62,3122.0
10:27,221.6,221.66,221.55,221.62,6883.0
10:28,221.81,221.82,221.6,221.6,19167.0
10:29,221.65,221.76,221.65,221.76,7795.0
10:30,221.73,221.73,221.59,221.64,5275.0
10:31,221.83,221.84,221.83,221.84,1771.0
10:32,221.93,221.93,221.87,221.88,5348.0
10:33,221.79,221.93,221.79,221.93,5247.0
10:34,221.68,221.79,221.68,221.72,3971.0
10:35,221.71,221.76,221.66,221.68,3109.0
10:36,221.67,221.68,221.65,221.68,3488.0
10:37,221.85,221.85,221.62,221.68,9745.0
10:38,221.96,221.98,221.8,221.8,6855.0
10:39,221.85,221.97,221.73,221.96,13203.0
10:40,221.81,221.9,221.81,221.87,3178.0
10:41,221.89,221.96,221.84,221.89,14452.0
10:42,221.98,221.99,221.88,221.89,30475.0
10:43,222.0,222.1,221.98,221.98,9930.0
10:44,222.04,222.17,221.99,222.11,14053.0
10:45,222.01,222.06,221.87,222.06,7905.0
10:46,221.92,222.03,221.92,222.01,3340.0
10:47,221.97,221.97,221.82,221.91,7230.0
10:48,221.98,222.08,221.9,221.9,9385.0
10:49,221.9,222.07,221.83,222.07,8526.0
10:50,221.88,221.9,221.79,221.9,4826.0
10:51,221.94,221.94,221.81,221.86,3297.0
10:52,221.9,221.94,221.82,221.89,4087.0
10:53,222.07,222.07,221.88,221.88,18145.0
10:54,221.96,222.04,221.94,222.04,5955.0
10:55,222.03,222.03,221.96,221.98,4446.0
10:56,222.06,222.06,221.95,221.99,2905.0
10:57,222.12,222.16,222.05,222.06,7830.0
10:58,221.98,222.17,221.96,222.17,11334.0
10:59,221.99,222.02,221.98,222.02,3035.0
11:00,221.79,221.96,221.79,221.96,3743.0
11:01,221.73,221.81,221.68,221.79,5768.0
11:02,221.67,221.79,221.67,221.75,2687.0
11:03,221.7,221.7,221.57,221.61,6245.0
11:04,221.74,221.87,221.68,221.7,9653.0
11:05,221.78,221.78,221.65,221.65,3618.0
11:06,221.77,221.77,221.71,221.71,1660.0
11:07,221.6,221.73,221.57,221.73,3934.0
11:08,221.6,221.67,221.6,221.61,4283.0
11:09,221.67,221.7,221.59,221.59,3708.0
11:10,221.68,221.78,221.68,221.74,2883.0
11:11,221.76,221.86,221.68,221.79,4969.0
11:12,221.86,221.86,221.74,221.74,3870.0
11:13,221.92,221.92,221.86,221.88,1266.0
11:14,221.66,221.95,221.66,221.95,8303.0
11:15,221.65,221.71,221.64,221.66,9777.0
11:16,221.65,221.71,221.65,221.71,3692.0
11:17,221.57,221.59,221.57,221.59,1596.0
11:18,221.43,221.51,221.42,221.5,5308.0
11:19,221.44,221.44,221.4,221.41,2843.0
11:20,221.35,221.46,221.33,221.46,3656.0
11:21,221.41,221.47,221.36,221.42,2680.0
11:22,221.41,221.47,221.41,221.42,2515.0
11:23,221.43,221.48,221.41,221.41,3463.0
11:24,221.6,221.62,221.36,221.36,7613.0
11:25,221.6,221.7,221.6,221.61,4967.0
11:26,221.73,221.73,221.69,221.69,1150.0
11:27,221.74,221.76,221.67,221.67,2879.0
11:28,221.72,221.78,221.72,221.78,1226.0
11:29,221.67,221.75,221.6,221.75,7085.0
11:30,221.67,221.75,221.66,221.74,2595.0
11:31,221.6,221.71,221.6,221.67,5567.0
11:32,221.61,221.69,221.58,221.59,5362.0
11:33,221.69,221.72,221.59,221.6,4618.0
11:34,221.6,221.82,221.6,221.76,4514.0
11:35,221.71,221.71,221.6,221.61,4245.0
11:36,221.73,221.85,221.69,221.69,4285.0
11:37,221.8,221.9,221.79,221.8,10317.0
11:38,221.81,221.84,221.81,221.84,1432.0
11:39,221.71,221.82,221.7,221.82,3518.0
11:40,221.58,221.75,221.58,221.7,3647.0
11:41,221.63,221.63,221.51,221.6,2023.0
11:42,221.51,221.62,221.51,221.59,5273.0
11:43,221.51,221.57,221.51,221.57,4310.0
11:44,221.51,221.59,221.51,221.56,7691.0
11:45,221.5,221.56,221.5,221.56,3617.0
11:46,221.4,221.4,221.4,221.4,898.0
11:47,221.5,221.52,221.32,221.32,10350.0
11:48,221.7,221.7,221.46,221.46,5495.0
11:49,221.52,221.67,221.52,221.67,8630.0
11:50,221.5,221.52,221.47,221.52,5492.0
11:51,221.48,221.59,221.37,221.5,9542.0
11:52,221.45,221.6,221.45,221.6,2797.0
11:53,221.45,221.59,221.37,221.59,4906.0
11:54,221.45,221.48,221.37,221.37,11154.0
11:55,221.45,221.5,221.45,221.45,1593.0
11:56,221.47,221.51,221.47,221.5,5449.0
11:57,221.5,221.5,221.46,221.47,2180.0
11:58,221.47,221.53,221.46,221.49,10697.0
11:59,221.54,221.58,221.53,221.53,3576.0
12:00,221.67,221.82,221.58,221.58,8325.0
12:01,221.55,221.56,221.49,221.5,7726.0
12:02,220.95,221.5,220.95,221.49,51141.0
12:03,220.94,220.98,220.85,220.95,15268.0
12:04,220.68,221.02,220.68,220.97,6838.0
12:05,220.85,220.85,220.67,220.69,5271.0
12:06,220.85,220.85,220.76,220.78,2296.0
12:07,221.0,221.0,220.89,220.89,2915.0
12:08,221.0,221.0,220.87,220.95,2704.0
12:09,220.96,221.04,220.95,220.96,2748.0
12:10,220.97,220.97,220.96,220.96,1566.0
12:11,220.96,220.96,220.95,220.95,981.0
12:12,220.93,221.04,220.88,220.88,12320.0
12:13,220.98,220.98,220.94,220.94,4319.0
12:14,220.86,221.02,220.86,221.0,11287.0
12:15,220.98,220.98,220.82,220.82,2951.0
12:16,220.98,221.0,220.94,221.0,1852.0
12:17,221.07,221.12,220.94,220.98,12608.0
12:18,221.04,221.07,221.0,221.06,20338.0
12:19,221.03,221.03,220.97,220.99,5734.0
12:20,220.96,221.03,220.96,221.03,13026.0
12:21,220.98,220.98,220.97,220.97,921.0
12:22,221.01,221.01,220.92,220.93,2560.0
12:23,221.35,221.35,221.0,221.0,21080.0
12:24,221.39,221.39,221.31,221.39,1440.0
12:25,221.55,221.61,221.35,221.35,11338.0
12:26,221.32,221.6,221.24,221.58,15095.0
12:27,221.37,221.43,221.37,221.4,2175.0
12:28,221.44,221.46,221.36,221.37,5736.0
12:29,221.31,221.4,221.24,221.4,7585.0
12:30,221.32,221.37,221.24,221.24,3073.0
12:31,221.39,221.44,221.36,221.39,6057.0
12:32,221.38,221.38,221.38,221.38,2322.0
12:33,221.18,221.38,221.18,221.38,4136.0
12:34,221.08,221.23,221.08,221.23,1375.0
12:35,220.99,221.05,220.96,221.05,2119.0
12:36,220.86,220.96,220.86,220.91,3944.0
12:37,220.85,220.85,220.75,220.75,2619.0
12:38,220.79,220.79,220.79,220.79,1362.0
12:39,220.95,220.96,220.72,220.79,7720.0
12:40,220.93,221.0,220.93,220.98,2272.0
12:41,220.89,220.93,220.89,220.89,983.0
12:42,220.89,220.9,220.84,220.84,1113.0
12:43,220.84,220.89,220.84,220.89,2584.0
12:44,220.76,220.82,220.76,220.8,4321.0
12:45,220.73,220.8,220.69,220.8,2950.0
12:46,220.74,220.78,220.7,220.71,4684.0
12:47,220.69,220.79,220.67,220.7,4204.0
12:48,220.72,220.73,220.64,220.68,4146.0
12:49,220.73,220.73,220.72,220.72,1034.0
12:50,220.63,220.72,220.63,220.69,4666.0
12:51,220.69,220.76,220.62,220.69,7724.0
12:52,220.66,220.66,220.66,220.66,452.0
12:53,220.66,220.77,220.66,220.66,4316.0
12:54,220.88,220.88,220.55,220.66,7475.0
12:55,220.85,220.94,220.84,220.92,3470.0
12:56,220.86,220.91,220.76,220.76,1501.0
12:57,220.91,220.95,220.86,220.86,3851.0
12:58,220.9,220.91,220.87,220.91,1704.0
12:59,220.9,220.9,220.82,220.9,950.0
13:00,220.93,220.97,220.81,220.83,3586.0
13:01,220.89,220.89,220.88,220.89,505.0
13:02,220.9,220.91,220.85,220.88,2263.0
13:03,220.92,220.94,220.87,220.93,2880.0
13:04,220.87,220.88,220.87,220.88,350.0
13:05,220.85,220.86,220.85,220.86,5029.0
13:06,220.63,220.81,220.63,220.81,4493.0
13:07,220.62,220.7,220.6,220.7,2766.0
13:08,220.77,220.84,220.65,220.65,8227.0
13:09,220.65,220.7,220.59,220.69,1350.0
13:10,220.66,220.72,220.65,220.72,2148.0
13:11,220.67,220.74,220.66,220.74,1820.0
13:12,220.65,220.74,220.65,220.7,1166.0
13:13,220.9,220.9,220.69,220.69,9392.0
13:14,220.71,220.88,220.71,220.88,2187.0
13:15,220.75,220.83,220.74,220.77,4737.0
13:16,220.75,220.76,220.69,220.75,2774.0
13:17,220.84,220.84,220.7,220.74,10922.0
13:18,220.83,220.83,220.75,220.82,10194.0
13:19,220.65,220.8,220.64,220.8,12082.0
13:20,220.61,220.69,220.61,220.68,3041.0
13:21,220.52,220.6,220.52,220.6,1482.0
13:22,220.41,220.47,220.38,220.42,1816.0
13:23,220.33,220.43,220.33,220.43,5958.0
13:24,220.37,220.44,220.33,220.33,4717.0
13:25,220.38,220.38,220.28,220.38,14711.0
13:26,220.39,220.39,220.32,220.32,814.0
13:27,220.22,220.29,220.22,220.29,1407.0
13:28,220.21,220.21,220.21,220.21,1653.0
13:29,220.33,220.62,220.21,220.21,19686.0
13:30,220.22,220.39,220.22,220.39,6769.0
13:31,220.14,220.31,220.13,220.22,9619.0
13:32,220.3,220.3,220.13,220.13,6210.0
13:33,220.25,220.26,220.25,220.26,1271.0
13:34,220.37,220.49,220.23,220.23,4834.0
13:35,220.35,220.35,220.35,220.35,2495.0
13:36,220.54,220.54,220.43,220.43,3751.0
13:37,220.49,220.49,220.43,220.48,1645.0
13:38,220.54,220.54,220.46,220.48,1525.0
13:39,220.48,220.48,220.46,220.47,3849.0
13:40,220.5,220.54,220.41,220.48,5111.0
13:41,220.55,220.57,220.47,220.48,8667.0
13:42,220.48,220.48,220.48,220.48,1133.0
13:43,220.53,220.55,220.49,220.49,4587.0
13:44,220.53,220.58,220.53,220.57,864.0
13:45,220.61,220.61,220.52,220.52,3825.0
13:46,220.6,220.68,220.59,220.62,6104.0
13:47,220.57,220.57,220.49,220.53,6185.0
13:48,220.6,220.61,220.56,220.56,2098.0
13:49,220.54,220.54,220.54,220.54,673.0
13:50,220.51,220.6,220.5,220.59,6312.0
13:51,220.54,220.59,220.54,220.57,4901.0
13:52,220.44,220.54,220.44,220.54,4580.0
13:53,220.5,220.54,220.48,220.48,5809.0
13:54,220.74,220.74,220.51,220.51,8848.0
13:55,220.64,220.72,220.64,220.66,2072.0
13:56,220.59,220.68,220.59,220.68,6182.0
13:57,220.7,220.7,220.59,220.59,6134.0
13:58,220.72,220.76,220.63,220.73,3552.0
13:59,220.71,220.73,220.61,220.68,4393.0
14:00,220.69,220.71,220.59,220.63,5234.0
14:01,220.64,220.65,220.59,220.65,2255.0
14:02,220.85,220.88,220.71,220.71,5298.0
14:03,220.81,220.89,220.78,220.89,11996.0
14:04,220.93,221.0,220.87,220.87,3865.0
14:05,220.92,220.93,220.92,220.93,3213.0
14:06,221.01,221.05,220.92,220.92,10766.0
14:07,221.04,221.04,220.98,221.03,3722.0
14:08,221.02,221.11,221.02,221.04,4078.0
14:09,221.06,221.14,221.02,221.02,13036.0
14:10,221.01,221.1,220.94,221.04,4651.0
14:11,221.01,221.1,220.99,221.03,3296.0
14:12,221.1,221.13,221.07,221.07,3341.0
14:13,221.23,221.24,221.14,221.14,3998.0
14:14,221.12,221.21,221.12,221.21,3695.0
14:15,221.14,221.14,221.01,221.05,5341.0
14:16,221.17,221.17,221.07,221.07,833.0
14:17,221.08,221.12,221.08,221.12,720.0
14:18,221.17,221.17,221.03,221.07,2341.0
14:19,221.26,221.28,221.02,221.08,8798.0
14:20,221.21,221.26,221.21,221.26,3462.0
14:21,221.29,221.29,221.21,221.21,7013.0
14:22,221.27,221.3,221.24,221.28,1063.0
14:23,221.26,221.29,221.22,221.25,4493.0
14:24,221.26,221.27,221.25,221.26,7482.0
14:25,221.29,221.29,221.26,221.26,2687.0
14:26,221.29,221.3,221.29,221.29,2235.0
14:27,221.3,221.32,221.27,221.29,3820.0
14:28,221.32,221.35,221.32,221.34,7132.0
14:29,221.49,221.5,221.27,221.27,10811.0
14:30,221.57,221.68,221.49,221.49,11003.0
14:31,221.53,221.53,221.43,221.52,6716.0
14:32,221.49,221.57,221.49,221.57,2202.0
14:33,221.49,221.57,221.48,221.49,4734.0
14:34,221.5,221.5,221.5,221.5,762.0
14:35,221.46,221.52,221.46,221.5,1800.0
14:36,221.53,221.53,221.45,221.5,2549.0
14:37,221.38,221.49,221.38,221.49,4325.0
14:38,221.4,221.45,221.31,221.31,5394.0
14:39,221.34,221.43,221.31,221.4,3213.0
14:40,221.45,221.45,221.34,221.36,13222.0
14:41,221.39,221.49,221.37,221.45,5963.0
14:42,221.37,221.41,221.35,221.38,3361.0
14:43,221.31,221.39,221.31,221.37,3824.0
14:44,221.34,221.34,221.23,221.28,7416.0
14:45,221.36,221.39,221.31,221.35,1784.0
14:46,221.31,221.39,221.31,221.34,6882.0
14:47,221.49,221.5,221.27,221.3,18515.0
14:48,221.56,221.66,221.49,221.5,12582.0
14:49,221.55,221.58,221.48,221.56,6826.0
14:50,221.41,221.49,221.41,221.48,5982.0
14:51,221.29,221.41,221.29,221.41,3061.0
14:52,221.31,221.32,221.3,221.3,2705.0
14:53,221.32,221.4,221.28,221.3,8958.0
14:54,221.34,221.34,221.34,221.34,1688.0
14:55,221.35,221.42,221.35,221.42,1450.0
14:56,221.61,221.61,221.35,221.35,11929.0
14:57,221.56,221.58,221.56,221.58,1164.0
14:58,221.55,221.59,221.5,221.59,4615.0
14:59,221.58,221.58,221.5,221.5,2095.0
15:00,221.52,221.52,221.52,221.52,875.0
15:01,221.41,221.58,221.4,221.52,15100.0
15:02,221.38,221.4,221.38,221.39,2264.0
15:03,221.36,221.38,221.35,221.38,1810.0
15:04,221.43,221.47,221.37,221.42,5178.0
15:05,221.45,221.5,221.42,221.47,9496.0
15:06,221.52,221.55,221.4,221.45,8345.0
15:07,221.62,221.62,221.52,221.52,6623.0
15:08,221.65,221.68,221.54,221.62,7902.0
15:09,221.65,221.66,221.6,221.65,14406.0
15:10,221.62,221.69,221.59,221.65,2526.0
15:11,221.75,221.75,221.62,221.62,8695.0
15:12,221.77,221.83,221.74,221.74,5917.0
15:13,221.71,221.78,221.71,221.78,5150.0
15:14,221.67,221.71,221.64,221.7,3790.0
15:15,221.45,221.66,221.34,221.63,14489.0
15:16,221.44,221.5,221.34,221.45,6224.0
15:17,221.59,221.6,221.43,221.45,11101.0
15:18,221.73,221.73,221.51,221.6,8538.0
15:19,221.67,221.73,221.65,221.71,7617.0
15:20,221.65,221.68,221.61,221.66,6906.0
15:21,221.74,221.78,221.61,221.65,13760.0
15:22,221.8,221.84,221.77,221.78,7588.0
15:23,221.77,221.85,221.76,221.83,12698.0
15:24,221.79,221.79,221.73,221.76,5721.0
15:25,221.9,221.9,221.78,221.78,5295.0
15:26,221.95,222.01,221.9,221.92,12712.0
15:27,222.02,222.02,221.95,221.95,7156.0
15:28,221.94,222.06,221.92,222.02,11376.0
15:29,222.01,222.05,221.94,221.97,10047.0
15:30,222.07,222.13,222.02,222.05,15580.0
15:31,222.05,222.08,222.0,222.07,7431.0
15:32,222.21,222.21,222.05,222.05,320560.0
15:33,222.27,222.31,222.21,222.22,17847.0
15:34,222.2,222.32,222.18,222.25,16080.0
15:35,222.29,222.3,222.16,222.2,10305.0
15:36,222.24,222.31,222.24,222.26,309908.0
15:37,222.34,222.38,222.24,222.24,9465.0
15:38,222.42,222.42,222.34,222.34,8856.0
15:39,222.49,222.5,222.39,222.39,16199.0
15:40,222.6,222.63,222.46,222.49,20286.0
15:41,222.67,222.67,222.55,222.6,6832.0
15:42,222.52,222.67,222.51,222.67,12587.0
15:43,222.6,222.6,222.48,222.48,12850.0
15:44,222.62,222.63,222.53,222.57,23169.0
15:45,222.51,222.66,222.51,222.61,14407.0
15:46,222.55,222.56,222.48,222.51,15810.0
15:47,222.56,222.56,222.49,222.54,11920.0
15:48,222.7,222.7,222.57,222.57,17793.0
15:49,222.71,222.72,222.65,222.71,24953.0
15:50,222.54,222.74,222.53,222.7,31656.0
15:51,222.61,222.61,222.46,222.52,27622.0
15:52,222.54,222.67,222.52,222.63,30069.0
15:53,222.63,222.72,222.54,222.54,42626.0
15:54,222.68,222.83,222.65,222.65,29282.0
15:55,222.81,222.81,222.67,222.67,26518.0
15:56,222.95,222.97,222.76,222.76,1.0
15:57,222.91,222.99,222.82,222.91,45199.0
15:58,222.93,222.96,222.9,222.93,82566.0
15:59,223.19,223.21,222.93,222.93,145745.0
