Time,Close,High,Low,Open,Volume
09:30,220.0,221.5,219.5,220.35,302046.0
09:31,219.76,220.35,219.15,220.3,228326.0
09:32,220.25,221.1,219.41,219.76,88683.0
09:33,220.02,220.25,219.47,220.15,64815.0
09:34,220.88,220.97,219.93,220.04,22574.0
09:35,220.6,221.04,220.51,220.83,26008.0
09:36,221.07,221.2,220.5,220.5,38162.0
09:37,221.1,221.36,221.01,221.15,40474.0
09:38,218.13,221.03,218.1,221.02,117670.0
09:39,218.55,218.62,216.75,218.05,87379.0
09:40,219.13,219.41,218.77,218.94,31848.0
09:41,219.06,219.35,218.86,219.01,31788.0
09:42,220.12,220.12,218.94,219.13,23888.0
09:43,219.67,220.26,219.39,220.0,21572.0
09:44,219.39,219.76,218.98,219.67,29695.0
09:45,219.38,219.47,219.07,219.4,33466.0
09:46,219.14,219.37,219.02,219.27,17653.0
09:47,219.48,219.55,219.19,219.24,25455.0
09:48,218.95,219.56,218.95,219.53,40228.0
09:49,219.0,219.38,218.95,218.95,15902.0
09:50,218.62,219.13,218.46,218.98,48777.0
09:51,218.67,218.83,218.67,218.81,8132.0
09:52,218.24,218.63,218.07,218.57,15843.0
09:53,219.16,219.19,218.4,218.4,14162.0
09:54,219.55,219.71,219.24,219.25,23593.0
09:55,219.43,219.78,219.33,219.64,15766.0
09:56,219.74,219.75,219.42,219.61,29192.0
09:57,219.68,220.0,219.6,219.75,20787.0
09:58,219.74,219.86,219.5,219.65,18509.0
09:59,219.65,219.9,219.58,219.84,19959.0
10:00,219.63,219.95,219.52,219.65,28783.0
10:01,220.19,220.38,219.69,219.69,16377.0
10:02,220.34,220.41,220.18,220.25,10140.0
10:03,220.3,220.54,220.19,220.31,30388.0
10:04,220.37,220.49,220.13,220.36,19939.0
10:05,220.69,220.76,220.23,220.34,17919.0
10:06,220.67,220.74,220.53,220.67,21177.0
10:07,221.1,221.19,220.64,220.69,19171.0
10:08,221.21,221.33,221.12,221.25,23783.0
10:09,221.38,221.4,221.05,221.12,13280.0
10:10,221.12,221.39,221.12,221.39,18079.0
10:11,221.52,221.58,220.99,221.12,20681.0
10:12,221.24,221.7,221.19,221.52,21921.0
10:13,221.68,221.76,221.15,221.15,37836.0
10:14,221.76,221.76,221.51,221.66,16759.0
10:15,221.44,221.76,221.3,221.66,12926.0
10:16,220.9,221.42,220.88,221.42,9102.0
10:17,220.89,221.0,220.71,220.91,27332.0
10:18,220.54,220.7,220.33,220.7,13205.0
10:19,220.6,220.7,220.47,220.55,13843.0
10:20,220.65,220.65,220.39,220.51,11402.0
10:21,220.57,220.67,220.52,220.66,7685.0
10:22,221.01,221.08,220.57,220.57,10590.0
10:23,221.39,221.39,220.92,220.98,15216.0
10:24,221.04,221.29,220.92,221.29,11554.0
10:25,220.62,221.08,220.62,221.07,10320.0
10:26,220.89,220.91,220.63,220.63,7740.0
10:27,221.27,221.27,220.88,220.95,10211.0
10:28,221.18,221.49,221.04,221.26,19319.0
10:29,221.2,221.22,221.0,221.14,8751.0
10:30,220.91,221.08,220.81,221.08,10951.0
10:31,220.88,221.01,220.88,220.92,7627.0
10:32,220.64,220.88,220.59,220.84,8522.0
10:33,220.06,220.06,220.06,220.06,11147.0
10:34,220.15,220.19,220.0,220.15,14193.0
10:35,220.06,220.21,220.01,220.1,7654.0
10:36,220.21,220.4,220.13,220.13,11810.0
10:37,220.43,220.43,220.12,220.21,8885.0
10:38,220.21,220.38,220.01,220.38,10315.0
10:39,220.07,220.31,220.0,220.28,5934.0
10:40,220.05,220.16,219.99,220.05,7854.0
10:41,220.1,220.14,220.01,220.07,5245.0
10:42,220.04,220.1,220.0,220.1,5377.0
10:43,220.3,220.3,220.02,220.02,12095.0
10:44,220.16,220.42,220.1,220.29,11337.0
10:45,220.05,220.11,220.01,220.11,9886.0
10:46,219.71,220.11,219.71,220.09,24160.0
10:47,220.05,220.1,219.6,219.74,12274.0
10:48,220.07,220.08,220.0,220.03,5875.0
10:49,220.19,220.26,220.04,220.11,6531.0
10:50,220.13,220.4,220.02,220.4,19695.0
10:51,220.19,220.36,220.17,220.17,8121.0
10:52,220.14,220.24,220.09,220.09,8413.0
10:53,220.29,220.3,220.06,220.14,22640.0
10:54,220.28,220.39,220.14,220.32,11641.0
10:55,220.22,220.29,220.06,220.28,7921.0
10:56,220.21,220.24,220.12,220.17,6788.0
10:57,220.14,220.23,220.08,220.09,6431.0
10:58,220.11,220.13,220.0,220.13,7447.0
10:59,220.13,220.13,220.07,220.1,3628.0
11:00,220.06,220.13,220.02,220.07,7210.0
11:01,220.12,220.18,220.0,220.06,9226.0
11:02,220.35,220.35,220.06,220.06,5326.0
11:03,220.24,220.32,220.2,220.2,8705.0
11:04,220.32,220.33,220.25,220.28,6324.0
11:05,220.15,220.27,220.15,220.25,7840.0
11:06,220.27,220.32,220.06,220.11,5749.0
11:07,220.53,220.55,220.26,220.27,7715.0
11:08,220.77,220.77,220.52,220.55,9148.0
11:09,221.06,221.06,220.71,220.72,16728.0
11:10,221.15,221.15,220.96,221.05,15422.0
11:11,221.16,221.27,221.06,221.15,14800.0
11:12,220.7,221.12,220.62,221.12,5808.0
11:13,220.79,220.79,220.64,220.64,16932.0
11:14,220.77,220.77,220.63,220.71,11816.0
11:15,220.81,220.89,220.72,220.72,5759.0
11:16,220.69,220.81,220.69,220.8,3922.0
11:17,220.77,220.8,220.68,220.74,7665.0
11:18,220.77,220.78,220.77,220.77,2001.0
11:19,220.94,220.97,220.78,220.85,22144.0
11:20,220.67,220.96,220.67,220.94,9022.0
11:21,220.95,220.96,220.58,220.68,8619.0
11:22,220.74,220.95,220.74,220.95,9254.0
11:23,220.85,220.85,220.61,220.76,10654.0
11:24,220.84,220.96,220.84,220.93,4522.0
11:25,220.89,220.96,220.86,220.88,2620.0
11:26,220.99,221.0,220.89,220.89,7742.0
11:27,220.87,221.07,220.86,220.98,5855.0
11:28,221.06,221.2,220.82,220.84,9131.0
11:29,220.77,221.06,220.7,221.05,15642.0
11:30,220.45,220.75,220.45,220.75,8157.0
11:31,220.35,220.4,220.21,220.21,8230.0
11:32,220.82,220.83,220.43,220.43,8416.0
11:33,220.85,221.04,220.76,220.93,9347.0
11:34,220.95,221.03,220.85,220.85,8090.0
11:35,220.54,220.96,220.54,220.95,17935.0
11:36,220.52,220.82,220.52,220.58,10339.0
11:37,220.57,220.73,220.52,220.52,4881.0
11:38,220.66,220.66,220.57,220.66,3157.0
11:39,220.43,220.66,220.43,220.66,9609.0
11:40,220.49,220.52,220.25,220.43,8298.0
11:41,220.77,220.85,220.43,220.44,14800.0
11:42,220.77,220.9,220.77,220.77,10716.0
11:43,220.49,220.72,220.49,220.72,8495.0
11:44,220.38,220.56,220.38,220.49,7017.0
11:45,220.37,220.46,220.36,220.46,5810.0
11:46,220.55,220.63,220.44,220.44,7502.0
11:47,220.5,220.63,220.38,220.56,7846.0
11:48,220.62,220.62,220.5,220.51,10583.0
11:49,220.63,220.67,220.54,220.65,6427.0
11:50,220.7,220.8,220.59,220.59,8525.0
11:51,220.68,220.7,220.6,220.6,4250.0
11:52,220.61,220.68,220.55,220.6,5763.0
11:53,220.48,220.7,220.48,220.69,7507.0
11:54,220.3,220.7,220.27,220.58,68642.0
11:55,220.12,220.45,220.02,220.3,8948.0
11:56,220.24,220.34,220.1,220.23,28292.0
11:57,220.39,220.39,220.24,220.24,8717.0
11:58,220.3,220.53,220.22,220.53,23051.0
11:59,220.32,220.42,220.24,220.3,29377.0
12:00,220.15,220.34,220.1,220.3,6066.0
12:01,220.21,220.26,220.09,220.18,20833.0
12:02,220.25,220.28,220.09,220.21,24653.0
12:03,220.3,220.42,220.2,220.28,29164.0
12:04,220.12,220.34,220.11,220.34,3638.0
12:05,220.3,220.33,220.01,220.12,9542.0
12:06,220.09,220.3,220.05,220.3,4585.0
12:07,220.29,220.29,220.1,220.11,4956.0
12:08,220.25,220.3,220.25,220.25,1476.0
12:09,220.19,220.26,220.16,220.26,9413.0
12:10,220.19,220.19,220.18,220.18,1090.0
12:11,220.09,220.2,220.04,220.19,10186.0
12:12,219.89,220.09,219.81,220.09,9805.0
12:13,220.02,220.02,219.92,219.96,5124.0
12:14,220.13,220.23,220.07,220.07,6023.0
12:15,219.8,220.2,219.78,220.2,15962.0
12:16,219.7,219.86,219.55,219.82,12107.0
12:17,219.78,219.78,219.64,219.64,3824.0
12:18,219.79,219.84,219.77,219.78,8127.0
12:19,219.79,219.83,219.79,219.8,3064.0
12:20,219.92,219.92,219.72,219.84,6095.0
12:21,219.84,220.0,219.84,219.92,7197.0
12:22,219.88,219.93,219.74,219.81,3729.0
12:23,219.86,219.93,219.82,219.82,6716.0
12:24,219.82,219.88,219.78,219.87,2996.0
12:25,219.74,219.79,219.7,219.79,4741.0
12:26,219.76,219.84,219.76,219.81,4629.0
12:27,219.77,219.82,219.75,219.82,4544.0
12:28,219.59,219.71,219.56,219.71,3842.0
12:29,219.51,219.66,219.51,219.59,8636.0
12:30,219.46,219.58,219.45,219.5,7479.0
12:31,219.46,219.46,219.46,219.46,800.0
12:32,219.21,219.5,219.2,219.46,5952.0
12:33,219.14,219.2,219.02,219.17,6791.0
12:34,219.25,219.32,219.24,219.26,3402.0
12:35,219.18,219.32,219.18,219.2,4500.0
12:36,219.35,219.38,219.3,219.32,5467.0
12:37,219.41,219.42,219.37,219.37,3665.0
12:38,219.4,219.5,219.4,219.5,4007.0
12:39,219.65,219.66,219.54,219.56,6681.0
12:40,219.64,219.73,219.64,219.7,5336.0
12:41,219.46,219.71,219.46,219.68,10961.0
12:42,219.22,219.46,219.14,219.46,7070.0
12:43,219.31,219.32,219.16,219.27,13196.0
12:44,219.52,219.61,219.31,219.32,18123.0
12:45,219.55,219.55,219.49,219.49,11335.0
12:46,219.52,219.64,219.5,219.6,13703.0
12:47,219.5,219.59,219.43,219.46,5856.0
12:48,219.45,219.54,219.37,219.54,6019.0
12:49,219.4,219.43,219.35,219.42,4538.0
12:50,219.43,219.48,219.4,219.4,4202.0
12:51,219.46,219.5,219.37,219.43,6031.0
12:52,219.48,219.5,219.43,219.43,4756.0
12:53,219.54,219.54,219.54,219.54,2110.0
12:54,219.68,219.7,219.59,219.59,5197.0
12:55,219.6,219.73,219.53,219.68,8215.0
12:56,219.41,219.6,219.31,219.6,10434.0
12:57,219.49,219.57,219.3,219.35,8123.0
12:58,219.55,219.7,219.42,219.49,15678.0
12:59,219.61,219.62,219.49,219.51,6475.0
13:00,219.65,219.66,219.45,219.61,11174.0
13:01,219.6,219.66,219.6,219.6,3101.0
13:02,219.64,219.66,219.56,219.6,8492.0
13:03,219.63,219.63,219.55,219.6,5441.0
13:04,219.62,219.66,219.56,219.66,3801.0
13:05,219.64,219.69,219.59,219.62,7124.0
13:06,219.83,219.87,219.59,219.64,18567.0
13:07,219.87,219.9,219.72,219.83,21162.0
13:08,219.9,219.96,219.86,219.9,16007.0
13:09,219.79,219.89,219.75,219.89,10279.0
13:10,220.04,220.06,219.79,219.83,9612.0
13:11,220.04,220.05,219.96,220.04,7956.0
13:12,219.85,219.95,219.82,219.95,9558.0
13:13,219.89,219.89,219.79,219.79,1967.0
13:14,219.9,220.0,219.71,219.85,35987.0
13:15,220.07,220.07,219.93,220.0,5999.0
13:16,219.87,220.01,219.78,220.01,7532.0
13:17,219.8,219.85,219.78,219.8,4086.0
13:18,219.72,219.8,219.7,219.8,6278.0
13:19,219.68,219.83,219.59,219.74,11599.0
13:20,219.71,219.76,219.65,219.68,6727.0
13:21,219.87,219.88,219.71,219.71,6533.0
13:22,219.68,220.01,219.68,219.84,18291.0
13:23,219.82,219.84,219.79,219.8,2204.0
13:24,219.79,219.88,219.76,219.78,7608.0
13:25,219.66,219.79,219.66,219.79,6022.0
13:26,219.79,219.87,219.71,219.71,4282.0
13:27,219.85,219.85,219.81,219.81,2779.0
13:28,219.73,219.85,219.68,219.85,7650.0
13:29,219.78,219.85,219.69,219.71,5792.0
13:30,219.81,219.85,219.75,219.79,7128.0
13:31,220.13,220.35,219.8,219.81,21325.0
13:32,220.14,220.2,220.13,220.13,3959.0
13:33,220.2,220.25,220.09,220.12,6140.0
13:34,220.22,220.35,220.19,220.21,14534.0
13:35,219.95,220.36,219.95,220.29,53234.0
13:36,219.98,220.08,219.8,219.9,8941.0
13:37,220.01,220.02,219.89,219.89,3380.0
13:38,219.64,219.99,219.64,219.99,9495.0
13:39,220.04,220.04,219.68,219.76,12941.0
13:40,220.01,220.29,220.01,220.1,9524.0
13:41,220.0,220.05,219.96,220.02,8752.0
13:42,219.96,220.08,219.86,220.03,13354.0
13:43,220.01,220.15,219.98,219.98,6916.0
13:44,220.0,220.03,219.95,220.01,17613.0
13:45,220.05,220.07,219.93,220.0,7256.0
13:46,219.99,220.07,219.96,220.02,10567.0
13:47,220.1,220.1,220.01,220.01,5700.0
13:48,220.29,220.29,220.29,220.29,5443.0
13:49,220.33,220.38,220.3,220.35,5298.0
13:50,220.32,220.44,220.32,220.33,20095.0
13:51,220.17,220.34,220.14,220.34,8390.0
13:52,220.32,220.32,220.17,220.18,6504.0
13:53,220.12,220.33,220.11,220.33,6637.0
13:54,220.09,220.11,220.01,220.06,5090.0
13:55,220.16,220.21,220.13,220.13,5380.0
13:56,220.25,220.3,220.17,220.18,3798.0
13:57,220.31,220.31,220.25,220.25,3382.0
13:58,220.31,220.38,220.24,220.32,8151.0
13:59,220.12,220.27,220.12,220.27,13346.0
14:00,220.18,220.24,220.11,220.11,5183.0
14:01,220.34,220.34,220.25,220.25,3586.0
14:02,220.35,220.35,220.33,220.33,1858.0
14:03,220.19,220.31,220.19,220.31,5359.0
14:04,220.19,220.24,220.18,220.24,6829.0
14:05,220.12,220.22,220.1,220.16,6850.0
14:06,220.15,220.23,220.12,220.12,12633.0
14:07,220.09,220.14,220.09,220.14,4323.0
14:08,220.1,220.12,220.08,220.1,4491.0
14:09,220.04,220.09,220.0,220.09,9345.0
14:10,220.04,220.08,220.02,220.07,3708.0
14:11,220.01,220.08,220.01,220.08,4309.0
14:12,220.01,220.1,220.0,220.07,7134.0
14:13,220.03,220.06,219.99,220.0,6614.0
14:14,220.07,220.08,220.01,220.06,3877.0
14:15,220.14,220.18,219.97,220.04,27474.0
14:16,220.28,220.28,220.12,220.16,18043.0
14:17,220.31,220.32,220.25,220.27,8761.0
14:18,220.44,220.44,220.3,220.33,6389.0
14:19,220.56,220.56,220.46,220.46,5203.0
14:20,220.62,220.67,220.59,220.59,9736.0
14:21,220.7,220.75,220.63,220.64,8984.0
14:22,220.67,220.72,220.62,220.7,10637.0
14:23,220.62,220.66,220.6,220.65,7011.0
14:24,220.64,220.72,220.6,220.62,10436.0
14:25,220.77,220.77,220.63,220.65,9634.0
14:26,220.76,220.79,220.74,220.78,6304.0
14:27,220.83,220.87,220.76,220.76,6500.0
14:28,220.85,220.85,220.78,220.82,6380.0
14:29,221.04,221.05,220.87,220.87,26528.0
14:30,221.04,221.19,221.04,221.07,5860.0
14:31,221.0,221.1,221.0,221.1,13747.0
14:32,221.01,221.05,220.97,221.0,11487.0
14:33,220.99,221.0,220.96,220.99,13836.0
14:34,220.77,220.98,220.77,220.98,15634.0
14:35,220.89,220.9,220.79,220.79,14584.0
14:36,221.03,221.03,220.87,220.89,19137.0
14:37,220.88,221.04,220.87,221.04,10704.0
14:38,220.99,221.0,220.9,220.91,4784.0
14:39,220.94,221.03,220.93,221.03,14057.0
14:40,220.5,220.94,220.42,220.94,48283.0
14:41,220.76,220.76,220.43,220.46,12450.0
14:42,220.84,220.85,220.73,220.76,3668.0
14:43,220.85,220.9,220.84,220.84,4655.0
14:44,220.84,220.88,220.79,220.8,8530.0
14:45,220.73,220.84,220.65,220.83,10487.0
14:46,220.76,220.76,220.71,220.72,4136.0
14:47,220.78,220.8,220.71,220.77,6222.0
14:48,220.7,220.9,220.65,220.82,10210.0
14:49,220.7,220.8,220.68,220.68,4345.0
14:50,220.73,220.74,220.67,220.72,4425.0
14:51,220.67,220.76,220.67,220.7,3957.0
14:52,220.77,220.8,220.67,220.71,7793.0
14:53,220.82,220.9,220.79,220.84,7379.0
14:54,220.77,220.9,220.75,220.9,11674.0
14:55,220.91,220.91,220.77,220.77,8269.0
14:56,220.98,220.99,220.87,220.9,5704.0
14:57,221.03,221.1,220.96,220.96,11086.0
14:58,221.09,221.1,221.01,221.04,4026.0
14:59,221.03,221.12,221.01,221.1,11016.0
15:00,220.82,221.06,220.78,221.03,14337.0
15:01,220.76,220.9,220.76,220.79,9337.0
15:02,220.75,220.79,220.71,220.76,12541.0
15:03,220.79,220.81,220.74,220.79,10407.0
15:04,220.69,220.79,220.68,220.78,8643.0
15:05,220.69,220.71,220.63,220.7,13276.0
15:06,220.61,220.69,220.61,220.66,5018.0
15:07,220.65,220.71,220.63,220.63,11796.0
15:08,220.62,220.69,220.61,220.65,12774.0
15:09,220.68,220.71,220.65,220.65,5393.0
15:10,220.63,220.69,220.56,220.66,24392.0
15:11,220.66,220.71,220.63,220.63,10304.0
15:12,220.75,220.75,220.68,220.7,5728.0
15:13,220.63,220.76,220.62,220.74,10581.0
15:14,220.62,220.64,220.59,220.61,8385.0
15:15,220.71,220.71,220.64,220.64,14076.0
15:16,220.73,220.75,220.71,220.71,5179.0
15:17,220.68,220.75,220.66,220.75,16336.0
15:18,220.65,220.67,220.6,220.66,14458.0
15:19,220.72,220.75,220.62,220.65,40585.0
15:20,220.56,220.71,220.55,220.71,24117.0
15:21,220.55,220.59,220.53,220.58,9090.0
15:22,220.48,220.55,220.38,220.53,11633.0
15:23,220.64,220.65,220.47,220.49,27912.0
15:24,220.63,220.65,220.58,220.63,15664.0
15:25,220.57,220.63,220.53,220.63,12784.0
15:26,220.74,220.74,220.55,220.56,36747.0
15:27,220.71,220.72,220.66,220.72,37068.0
15:28,220.85,220.87,220.66,220.7,17992.0
15:29,220.95,220.95,220.79,220.81,12808.0
15:30,221.01,221.01,220.91,220.95,18675.0
15:31,221.07,221.12,220.89,221.02,84534.0
15:32,221.07,221.07,221.01,221.03,10409.0
15:33,221.07,221.13,221.04,221.05,11311.0
15:34,220.93,221.11,220.93,221.07,18088.0
15:35,220.85,220.96,220.82,220.96,7427.0
15:36,220.95,220.95,220.82,220.89,16247.0
15:37,221.1,221.1,221.04,221.04,11422.0
15:38,221.13,221.13,220.99,221.11,16790.0
15:39,221.01,221.14,221.01,221.12,14118.0
15:40,221.08,221.09,220.99,221.03,14518.0
15:41,221.41,221.48,221.06,221.06,25428.0
15:42,221.4,221.43,221.37,221.43,17730.0
15:43,221.07,221.46,221.03,221.41,42716.0
15:44,221.0,221.18,221.0,221.07,38635.0
15:45,220.99,221.09,220.96,221.06,17065.0
15:46,221.14,221.14,220.97,221.01,12990.0
15:47,221.1,221.18,220.99,221.15,17744.0
15:48,220.91,221.06,220.76,221.06,31025.0
15:49,220.77,220.92,220.75,220.91,18065.0
15:50,220.82,220.94,220.71,220.8,45763.0
15:51,220.54,220.82,220.35,220.82,27866.0
15:52,220.5,220.57,220.46,220.55,27497.0
15:53,220.59,220.81,220.51,220.51,30803.0
15:54,220.52,220.75,220.48,220.62,33202.0
15:55,220.13,220.6,220.03,220.55,62941.0
15:56,220.06,220.15,219.99,220.14,62000.0
15:57,220.33,220.37,220.02,220.07,79847.0
15:58,220.07,220.32,220.05,220.32,88805.0
15:59,220.19,220.34,220.06,220.07,155718.0
