Time,Close,High,Low,Open,Volume
09:30,229.78,230.25,229.24,230.11,185085.0
09:31,230.01,230.25,229.83,230.0,5494.0
09:32,230.18,230.5,230.18,230.26,2009.0
09:33,230.15,230.5,229.99,230.18,5618.0
09:34,230.35,230.46,230.16,230.4,5065.0
09:35,230.14,230.33,229.98,230.24,6339.0
09:36,229.85,230.14,229.64,230.14,12457.0
09:37,230.04,230.04,229.79,229.85,4433.0
09:38,229.78,230.49,229.57,230.23,12179.0
09:39,229.84,229.84,229.77,229.84,1426.0
09:40,229.73,229.87,229.67,229.82,6171.0
09:41,229.8,229.93,229.66,229.78,12855.0
09:42,229.88,230.05,229.52,229.8,8223.0
09:43,229.82,230.04,229.79,229.87,3139.0
09:44,229.91,230.07,229.84,229.93,8153.0
09:45,229.9,229.97,229.9,229.96,3465.0
09:46,229.58,229.9,229.52,229.9,14346.0
09:47,229.7,229.75,229.38,229.59,18311.0
09:48,229.75,229.83,229.7,229.83,2603.0
09:49,229.68,229.84,229.68,229.84,2704.0
09:50,229.7,229.8,229.5,229.68,5687.0
09:51,229.8,229.8,229.65,229.68,3584.0
09:52,229.95,230.03,229.65,229.65,12114.0
09:53,229.95,230.07,229.88,230.06,8331.0
09:54,230.26,230.39,229.95,230.03,4942.0
09:55,230.33,230.5,230.27,230.34,7777.0
09:56,230.45,230.45,230.35,230.35,1744.0
09:57,230.36,230.36,230.22,230.35,3745.0
09:58,230.33,230.4,230.31,230.33,3583.0
09:59,230.66,230.68,230.31,230.34,8078.0
10:00,230.6,230.75,230.49,230.58,14600.0
10:01,230.69,230.7,230.57,230.57,2387.0
10:02,230.94,230.94,230.58,230.7,9312.0
10:03,230.77,230.9,230.7,230.86,7273.0
10:04,230.46,230.81,230.46,230.68,4643.0
10:05,230.38,230.57,230.38,230.52,4083.0
10:06,230.37,230.39,230.28,230.39,3410.0
10:07,230.41,230.43,230.35,230.35,3835.0
10:08,230.6,230.6,230.38,230.41,4209.0
10:09,230.83,230.9,230.55,230.57,8354.0
10:10,230.84,230.84,230.7,230.79,5674.0
10:11,230.82,230.84,230.66,230.84,6243.0
10:12,230.72,230.8,230.72,230.76,3846.0
10:13,230.81,230.81,230.72,230.72,2981.0
10:14,230.68,230.82,230.65,230.73,9888.0
10:15,230.68,230.68,230.6,230.68,1954.0
10:16,230.83,230.83,230.62,230.68,4525.0
10:17,230.66,230.79,230.63,230.68,9895.0
10:18,230.56,230.66,230.51,230.66,8400.0
10:19,230.55,230.73,230.55,230.57,5607.0
10:20,230.6,230.64,230.39,230.57,3160.0
10:21,230.59,230.6,230.47,230.6,3327.0
10:22,230.61,230.69,230.57,230.57,6984.0
10:23,230.76,230.84,230.65,230.71,9182.0
10:24,230.43,230.76,230.43,230.74,8078.0
10:25,230.16,230.32,230.16,230.32,4689.0
10:26,229.98,230.15,229.93,230.15,9168.0
10:27,230.1,230.1,229.9,229.97,8338.0
10:28,230.18,230.32,230.06,230.1,5981.0
10:29,230.06,230.32,230.05,230.32,8991.0
10:30,230.01,230.07,229.98,230.04,3118.0
10:31,230.04,230.06,229.99,230.0,5477.0
10:32,230.05,230.18,230.0,230.05,4091.0
10:33,229.98,230.1,229.98,230.0,8117.0
10:34,230.18,230.18,229.98,229.98,2589.0
10:35,230.17,230.23,230.05,230.13,7979.0
10:36,230.26,230.26,230.05,230.05,5280.0
10:37,230.21,230.32,230.15,230.32,10211.0
10:38,230.3,230.31,230.15,230.15,7571.0
10:39,229.98,230.25,229.98,230.25,3206.0
10:40,229.99,230.08,229.93,229.99,5587.0
10:41,229.96,230.01,229.93,229.98,13893.0
10:42,229.96,230.05,229.93,229.96,10953.0
10:43,229.95,229.96,229.89,229.96,4403.0
10:44,230.0,230.05,229.95,229.95,4901.0
10:45,229.94,230.04,229.91,230.04,8095.0
10:46,229.55,229.95,229.55,229.95,2902.0
10:47,229.5,229.72,229.4,229.4,21372.0
10:48,229.7,229.79,229.5,229.5,8331.0
10:49,229.74,229.92,229.7,229.7,4611.0
10:50,229.73,229.86,229.7,229.86,16980.0
10:51,229.56,229.73,229.55,229.73,9347.0
10:52,229.43,229.56,229.41,229.56,6770.0
10:53,229.31,229.38,229.18,229.35,5011.0
10:54,229.26,229.32,229.1,229.28,3713.0
10:55,229.38,229.43,229.22,229.3,8503.0
10:56,229.37,229.37,229.3,229.3,3748.0
10:57,229.42,229.57,229.3,229.36,9399.0
10:58,229.12,229.4,229.11,229.32,3842.0
10:59,229.29,229.32,229.12,229.13,9592.0
11:00,229.4,229.4,229.17,229.19,11583.0
11:01,229.31,229.58,229.31,229.38,8643.0
11:02,229.37,229.37,229.28,229.3,1290.0
11:03,228.96,229.38,228.96,229.38,5479.0
11:04,228.94,229.05,228.94,229.04,1361.0
11:05,228.6,229.03,228.6,228.93,5255.0
11:06,228.82,228.82,228.79,228.79,2463.0
11:07,228.46,228.86,228.46,228.82,10088.0
11:08,228.45,228.45,228.4,228.42,1300.0
11:09,228.84,228.92,228.46,228.46,9091.0
11:10,228.7,228.82,228.51,228.59,5660.0
11:11,228.56,228.71,228.56,228.71,2229.0
11:12,228.45,228.68,228.44,228.68,2646.0
11:13,228.49,228.55,228.4,228.48,5196.0
11:14,228.48,228.76,228.42,228.5,2496.0
11:15,228.64,228.64,228.48,228.48,2589.0
11:16,228.89,228.89,228.62,228.62,5546.0
11:17,228.8,228.98,228.8,228.85,3543.0
11:18,228.74,228.93,228.74,228.85,2604.0
11:19,228.92,228.92,228.84,228.9,2074.0
11:20,228.78,228.98,228.78,228.9,10836.0
11:21,228.88,228.96,228.78,228.96,3879.0
11:22,228.83,228.92,228.78,228.8,2373.0
11:23,228.85,228.95,228.83,228.94,3761.0
11:24,228.85,228.85,228.79,228.85,1373.0
11:25,229.06,229.06,228.93,228.93,4733.0
11:26,228.9,229.12,228.88,229.12,3969.0
11:27,228.93,228.97,228.85,228.93,2910.0
11:28,229.03,229.03,228.91,228.91,1530.0
11:29,228.77,229.02,228.77,229.02,6441.0
11:30,228.6,228.6,228.6,228.6,4115.0
11:31,228.6,228.6,228.56,228.6,1350.0
11:32,228.53,228.68,228.53,228.61,2219.0
11:33,228.35,228.51,228.35,228.51,3939.0
11:34,228.53,228.53,228.35,228.35,3836.0
11:35,228.52,228.58,228.52,228.55,1870.0
11:36,228.36,228.71,228.35,228.62,15806.0
11:37,228.27,228.37,228.27,228.36,4569.0
11:38,228.19,228.35,228.14,228.31,10329.0
11:39,228.12,228.2,228.1,228.2,2573.0
11:40,228.15,228.18,228.1,228.18,4487.0
11:41,227.93,228.07,227.93,228.06,11824.0
11:42,227.91,227.97,227.82,227.97,8517.0
11:43,227.98,228.04,227.88,227.88,3317.0
11:44,228.03,228.03,227.98,227.99,3563.0
11:45,228.11,228.11,228.02,228.02,2760.0
11:46,228.21,228.25,228.12,228.12,3917.0
11:47,228.28,228.3,228.21,228.25,3462.0
11:48,228.2,228.28,228.2,228.26,3031.0
11:49,228.29,228.29,228.23,228.23,3297.0
11:50,228.24,228.32,228.22,228.28,10822.0
11:51,228.13,228.21,228.07,228.21,4222.0
11:52,228.12,228.19,228.1,228.19,1949.0
11:53,228.19,228.21,228.11,228.12,2198.0
11:54,228.23,228.25,228.11,228.11,3479.0
11:55,228.21,228.4,228.21,228.27,4834.0
11:56,228.48,228.48,228.24,228.34,4234.0
11:57,228.45,228.51,228.35,228.35,3320.0
11:58,228.46,228.52,228.34,228.39,12556.0
11:59,228.49,228.59,228.42,228.45,5028.0
12:00,228.36,228.48,228.36,228.4,4723.0
12:01,228.43,228.43,228.34,228.4,4491.0
12:02,228.39,228.42,228.27,228.27,3760.0
12:03,228.39,228.43,228.28,228.39,4498.0
12:04,228.34,228.43,228.27,228.43,5751.0
12:05,228.62,228.62,228.35,228.35,4762.0
12:06,228.44,228.56,228.32,228.56,3154.0
12:07,228.35,228.35,228.35,228.35,437.0
12:08,228.24,228.44,228.24,228.44,3955.0
12:09,228.01,228.24,227.95,228.23,13310.0
12:10,228.19,228.21,227.96,227.97,10081.0
12:11,228.23,228.23,228.23,228.23,1827.0
12:12,228.17,228.27,228.15,228.24,4110.0
12:13,228.22,228.22,228.1,228.12,3754.0
12:14,228.3,228.32,228.27,228.31,1996.0
12:15,228.29,228.37,228.29,228.31,4248.0
12:16,228.31,228.31,228.23,228.26,3553.0
12:17,228.31,228.37,228.3,228.37,3059.0
12:18,228.32,228.35,228.29,228.3,2214.0
12:19,228.32,228.32,228.28,228.32,3011.0
12:20,228.3,228.31,228.13,228.26,7894.0
12:21,228.37,228.4,228.3,228.3,8794.0
12:22,228.46,228.55,228.37,228.38,5828.0
12:23,228.49,228.5,228.4,228.4,4533.0
12:24,228.62,228.69,228.45,228.49,10469.0
12:25,228.6,228.62,228.53,228.62,3670.0
12:26,228.6,228.62,228.54,228.54,2934.0
12:27,228.48,228.56,228.46,228.53,5270.0
12:28,228.55,228.55,228.48,228.5,2230.0
12:29,228.6,228.74,228.6,228.64,2679.0
12:30,228.54,228.57,228.5,228.54,3011.0
12:31,228.43,228.54,228.43,228.5,3712.0
12:32,228.43,228.5,228.43,228.5,899.0
12:33,228.32,228.4,228.21,228.4,4929.0
12:34,228.45,228.45,228.34,228.35,4339.0
12:35,228.47,228.5,228.42,228.47,6002.0
12:36,228.48,228.53,228.41,228.53,4426.0
12:37,228.43,228.48,228.41,228.41,4535.0
12:38,228.38,228.47,228.38,228.43,2787.0
12:39,228.43,228.43,228.39,228.4,3841.0
12:40,228.45,228.52,228.44,228.46,6789.0
12:41,228.44,228.44,228.4,228.4,2133.0
12:42,228.35,228.44,228.35,228.44,3293.0
12:43,228.34,228.4,228.32,228.38,3733.0
12:44,228.44,228.53,228.4,228.41,4855.0
12:45,228.51,228.59,228.48,228.48,2769.0
12:46,228.57,228.59,228.57,228.59,1297.0
12:47,228.58,228.65,228.55,228.57,8362.0
12:48,228.63,228.63,228.57,228.62,1314.0
12:49,228.72,228.72,228.63,228.63,3646.0
12:50,228.57,228.73,228.57,228.72,3944.0
12:51,228.46,228.57,228.46,228.52,3349.0
12:52,228.37,228.51,228.37,228.51,1927.0
12:53,228.36,228.36,228.36,228.36,501.0
12:54,228.46,228.46,228.36,228.36,3833.0
12:55,228.46,228.52,228.42,228.48,2640.0
12:56,228.51,228.52,228.46,228.51,4059.0
12:57,228.44,228.45,228.41,228.45,2956.0
12:58,228.43,228.5,228.43,228.49,3251.0
12:59,228.5,228.5,228.45,228.49,1232.0
13:00,228.52,228.54,228.48,228.51,3821.0
13:01,228.52,228.52,228.52,228.52,474.0
13:02,228.66,228.66,228.57,228.57,1824.0
13:03,228.7,228.7,228.55,228.58,3596.0
13:04,228.68,228.7,228.66,228.66,4905.0
13:05,228.55,228.62,228.55,228.62,1834.0
13:06,228.5,228.56,228.5,228.56,2789.0
13:07,228.46,228.51,228.45,228.49,3574.0
13:08,228.54,228.54,228.46,228.46,1230.0
13:09,228.71,228.71,228.54,228.55,11983.0
13:10,228.7,228.7,228.64,228.64,1167.0
13:11,228.57,228.65,228.57,228.61,5960.0
13:12,228.63,228.71,228.59,228.63,13708.0
13:13,228.68,228.76,228.63,228.63,3568.0
13:14,228.75,228.78,228.68,228.69,1260.0
13:15,228.78,228.78,228.68,228.68,3289.0
13:16,228.81,228.81,228.81,228.81,1433.0
13:17,228.95,228.97,228.76,228.84,13567.0
13:18,228.92,228.95,228.86,228.86,2094.0
13:19,228.94,228.96,228.92,228.92,1886.0
13:20,228.89,228.95,228.89,228.95,3588.0
13:21,228.94,228.94,228.86,228.87,1724.0
13:22,228.84,228.91,228.84,228.9,2035.0
13:23,228.92,228.92,228.84,228.84,2904.0
13:24,228.94,228.95,228.91,228.95,1899.0
13:25,228.98,228.98,228.92,228.95,2931.0
13:26,228.93,229.02,228.93,229.02,5010.0
13:27,228.88,228.93,228.88,228.93,2473.0
13:28,228.95,228.95,228.82,228.92,5716.0
13:29,229.11,229.11,228.92,229.0,2366.0
13:30,229.04,229.1,229.04,229.08,2501.0
13:31,228.99,229.1,228.95,229.05,4431.0
13:32,228.92,229.04,228.92,228.99,1985.0
13:33,228.92,229.05,228.92,228.99,5601.0
13:34,229.02,229.04,228.9,228.9,10520.0
13:35,229.12,229.12,228.97,229.02,2890.0
13:36,229.09,229.09,229.01,229.06,1903.0
13:37,229.01,229.09,229.0,229.09,4595.0
13:38,228.99,229.06,228.96,229.06,3033.0
13:39,229.14,229.14,229.05,229.05,1501.0
13:40,229.14,229.15,228.97,229.15,2483.0
13:41,228.92,229.0,228.9,228.98,5759.0
13:42,228.82,228.9,228.78,228.89,3034.0
13:43,228.71,228.93,228.71,228.81,7614.0
13:44,228.71,228.82,228.71,228.72,2725.0
13:45,228.93,228.98,228.78,228.82,6139.0
13:46,228.88,228.98,228.86,228.94,5081.0
13:47,228.89,228.89,228.82,228.87,4142.0
13:48,228.95,228.95,228.82,228.89,3539.0
13:49,228.86,228.95,228.84,228.95,1554.0
13:50,228.87,228.91,228.83,228.87,5255.0
13:51,228.88,228.94,228.87,228.87,3530.0
13:52,228.9,228.95,228.9,228.93,6146.0
13:53,228.82,228.95,228.82,228.9,8404.0
13:54,228.83,228.9,228.79,228.85,3643.0
13:55,228.79,228.83,228.73,228.79,5734.0
13:56,228.72,228.82,228.67,228.82,2457.0
13:57,228.54,228.65,228.54,228.65,2708.0
13:58,228.54,228.63,228.49,228.55,2600.0
13:59,228.44,228.54,228.44,228.54,2467.0
14:00,228.44,228.44,228.4,228.4,1040.0
14:01,228.48,228.48,228.35,228.4,2978.0
14:02,228.51,228.51,228.45,228.46,2609.0
14:03,228.51,228.51,228.46,228.46,2117.0
14:04,228.45,228.5,228.44,228.45,3278.0
14:05,228.45,228.45,228.43,228.43,4610.0
14:06,228.45,228.45,228.39,228.39,1582.0
14:07,228.47,228.48,228.31,228.46,11600.0
14:08,228.49,228.52,228.31,228.44,3622.0
14:09,228.37,228.42,228.37,228.41,3231.0
14:10,228.27,228.34,228.27,228.33,3105.0
14:11,228.32,228.32,228.32,228.32,816.0
14:12,228.3,228.37,228.3,228.32,4014.0
14:13,228.23,228.32,228.23,228.25,4677.0
14:14,228.22,228.25,228.14,228.23,7577.0
14:15,228.11,228.21,228.09,228.21,2577.0
14:16,228.08,228.14,228.04,228.12,4653.0
14:17,228.13,228.16,228.11,228.12,3078.0
14:18,228.09,228.14,228.09,228.12,4506.0
14:19,228.09,228.13,228.08,228.08,4377.0
14:20,227.97,228.08,227.96,228.08,5422.0
14:21,227.9,227.94,227.86,227.91,8960.0
14:22,227.82,227.9,227.8,227.89,5839.0
14:23,227.76,227.77,227.68,227.77,4030.0
14:24,227.85,227.87,227.76,227.82,6169.0
14:25,227.82,227.94,227.82,227.87,3922.0
14:26,227.9,227.94,227.86,227.88,4189.0
14:27,227.95,228.02,227.9,227.9,4219.0
14:28,227.88,227.88,227.78,227.84,2437.0
14:29,227.89,227.92,227.88,227.92,3050.0
14:30,227.89,227.92,227.79,227.79,2575.0
14:31,227.94,227.94,227.9,227.93,5825.0
14:32,228.02,228.02,227.95,227.95,2000.0
14:33,228.06,228.13,228.03,228.03,4313.0
14:34,228.11,228.11,228.07,228.08,2557.0
14:35,228.12,228.17,228.12,228.13,4207.0
14:36,228.19,228.19,228.14,228.17,2300.0
14:37,228.2,228.24,228.2,228.2,2596.0
14:38,228.17,228.26,228.17,228.24,4963.0
14:39,228.16,228.16,228.12,228.15,2501.0
14:40,228.02,228.16,228.02,228.13,4624.0
14:41,228.0,228.07,227.93,227.98,7231.0
14:42,228.1,228.1,228.01,228.03,3601.0
14:43,228.16,228.18,228.11,228.15,1913.0
14:44,228.13,228.16,228.12,228.16,4616.0
14:45,228.21,228.21,228.15,228.15,4020.0
14:46,228.28,228.28,228.24,228.24,3796.0
14:47,228.35,228.42,228.29,228.29,5612.0
14:48,228.3,228.34,228.3,228.34,1436.0
14:49,228.26,228.29,228.22,228.29,4133.0
14:50,228.28,228.28,228.25,228.26,1671.0
14:51,228.2,228.24,228.2,228.24,2037.0
14:52,228.42,228.42,228.24,228.24,4254.0
14:53,228.32,228.42,228.32,228.4,3142.0
14:54,228.37,228.37,228.32,228.35,2223.0
14:55,228.41,228.41,228.36,228.38,7067.0
14:56,228.45,228.45,228.36,228.44,2043.0
14:57,228.3,228.44,228.3,228.44,5553.0
14:58,228.22,228.26,228.15,228.26,3640.0
14:59,228.25,228.25,228.16,228.2,2139.0
15:00,228.06,228.21,228.06,228.19,2391.0
15:01,228.16,228.17,228.16,228.17,830.0
15:02,228.21,228.23,228.21,228.21,2955.0
15:03,228.16,228.21,228.16,228.21,3428.0
15:04,228.14,228.18,228.14,228.18,2638.0
15:05,228.09,228.14,228.02,228.13,4377.0
15:06,228.05,228.09,228.05,228.09,2033.0
15:07,228.05,228.13,228.04,228.13,3133.0
15:08,228.09,228.09,228.05,228.08,2289.0
15:09,228.02,228.12,228.02,228.09,10197.0
15:10,228.04,228.12,228.01,228.01,1929.0
15:11,228.14,228.14,227.96,228.0,6538.0
15:12,228.22,228.23,228.18,228.21,3072.0
15:13,228.32,228.32,228.25,228.25,3186.0
15:14,228.33,228.41,228.28,228.28,7990.0
15:15,228.31,228.35,228.26,228.35,4253.0
15:16,228.24,228.31,228.22,228.29,4962.0
15:17,228.23,228.24,228.18,228.24,19288.0
15:18,228.21,228.21,228.17,228.21,3942.0
15:19,228.18,228.21,228.15,228.21,6598.0
15:20,228.2,228.25,228.15,228.21,5677.0
15:21,228.21,228.25,228.2,228.24,2863.0
15:22,228.19,228.26,228.17,228.24,4928.0
15:23,228.08,228.17,228.04,228.17,13209.0
15:24,227.92,228.08,227.92,228.08,7545.0
15:25,227.9,227.94,227.9,227.91,3490.0
15:26,227.86,227.9,227.85,227.9,6366.0
15:27,227.83,227.88,227.78,227.81,6949.0
15:28,227.86,227.91,227.82,227.83,3823.0
15:29,227.79,227.86,227.74,227.86,6537.0
15:30,227.73,227.75,227.59,227.74,10453.0
15:31,227.79,227.79,227.68,227.71,6909.0
15:32,227.76,227.85,227.74,227.8,5246.0
15:33,227.73,227.84,227.73,227.76,6823.0
15:34,227.78,227.78,227.7,227.76,4231.0
15:35,227.78,227.8,227.74,227.78,4138.0
15:36,227.89,227.89,227.74,227.75,6493.0
15:37,227.93,227.96,227.85,227.9,7482.0
15:38,228.01,228.01,227.94,227.94,4741.0
15:39,228.11,228.12,228.03,228.04,6704.0
15:40,228.11,228.2,228.08,228.11,8062.0
15:41,228.09,228.14,228.09,228.11,5217.0
15:42,228.01,228.06,228.0,228.06,9138.0
15:43,228.03,228.05,227.97,228.02,10981.0
15:44,228.08,228.12,228.01,228.03,9406.0
15:45,228.01,228.06,227.95,228.06,12984.0
15:46,228.04,228.08,228.0,228.0,10269.0
15:47,227.98,228.08,227.96,228.04,8846.0
15:48,227.93,228.04,227.93,228.01,12748.0
15:49,228.05,228.05,227.89,227.93,12728.0
15:50,228.38,228.42,228.06,228.06,20073.0
15:51,228.41,228.45,228.33,228.38,13943.0
15:52,228.46,228.48,228.39,228.43,16960.0
15:53,228.49,228.54,228.44,228.47,15254.0
15:54,228.43,228.53,228.35,228.47,23688.0
15:55,228.41,228.54,228.38,228.47,29365.0
15:56,228.43,228.47,228.41,228.43,29567.0
15:57,228.55,228.57,228.42,228.43,38234.0
15:58,228.69,228.76,228.57,228.57,67397.0
15:59,228.69,228.76,228.57,228.57,67397.0
