Time,Close,High,Low,Open,Volume
09:30,217.66,218.33,217.0,218.33,78573.0
09:31,218.1,218.26,217.8,217.8,7172.0
09:32,218.09,218.32,217.86,218.09,6232.0
09:33,218.2,218.2,217.97,218.09,3248.0
09:34,218.3,218.38,218.18,218.2,8185.0
09:35,218.2,218.71,218.2,218.3,13246.0
09:36,217.97,218.21,217.97,218.1,3974.0
09:37,218.05,218.18,218.05,218.12,2257.0
09:38,217.76,217.95,217.74,217.95,2415.0
09:39,217.61,217.75,217.61,217.72,3399.0
09:40,217.61,217.7,217.47,217.7,4306.0
09:41,217.66,217.72,217.51,217.52,8263.0
09:42,217.93,217.93,217.54,217.72,15840.0
09:43,218.13,218.14,217.76,217.76,8431.0
09:44,218.15,218.23,217.93,218.2,17798.0
09:45,218.1,218.24,217.76,218.15,13771.0
09:46,218.1,218.1,217.96,218.1,2064.0
09:47,217.58,218.21,217.44,218.1,22586.0
09:48,217.2,217.46,217.11,217.44,7432.0
09:49,216.93,217.3,216.85,217.22,10434.0
09:50,216.94,217.02,216.8,216.98,7562.0
09:51,216.7,216.94,216.64,216.8,9701.0
09:52,216.98,217.03,216.71,216.71,20116.0
09:53,217.21,217.21,216.76,216.98,19084.0
09:54,217.32,217.32,217.12,217.22,5152.0
09:55,217.21,217.33,217.19,217.19,3009.0
09:56,217.66,217.82,217.1,217.21,56868.0
09:57,217.78,217.78,217.65,217.74,4737.0
09:58,217.99,217.99,217.79,217.79,2792.0
09:59,218.12,218.2,217.99,217.99,7747.0
10:00,218.13,218.3,218.05,218.12,14084.0
10:01,217.96,218.13,217.94,218.13,6154.0
10:02,217.83,217.97,217.68,217.9,7260.0
10:03,217.52,218.01,217.51,217.83,7058.0
10:04,217.48,217.51,217.35,217.51,9876.0
10:05,217.73,217.74,217.48,217.48,9315.0
10:06,217.6,217.82,217.6,217.71,6820.0
10:07,217.51,217.68,217.49,217.51,3640.0
10:08,217.4,217.56,217.38,217.56,3404.0
10:09,217.33,217.56,217.17,217.52,4909.0
10:10,217.3,217.56,217.3,217.33,3219.0
10:11,217.41,217.41,217.3,217.3,2566.0
10:12,217.17,217.26,217.15,217.26,5373.0
10:13,217.24,217.24,217.24,217.24,2407.0
10:14,217.29,217.4,217.2,217.24,19400.0
10:15,217.15,217.36,217.15,217.36,4272.0
10:16,217.25,217.35,217.13,217.13,11107.0
10:17,217.11,217.16,217.1,217.16,2824.0
10:18,216.95,217.12,216.95,217.12,6694.0
10:19,216.76,216.9,216.68,216.9,5834.0
10:20,216.77,216.93,216.76,216.82,5026.0
10:21,216.82,216.88,216.75,216.75,3025.0
10:22,216.79,216.88,216.69,216.73,2950.0
10:23,216.83,216.93,216.69,216.7,6271.0
10:24,216.77,216.82,216.72,216.76,2734.0
10:25,216.69,216.81,216.65,216.81,1977.0
10:26,216.6,216.72,216.57,216.64,3801.0
10:27,216.67,216.74,216.63,216.63,7247.0
10:28,216.76,216.78,216.59,216.59,10877.0
10:29,216.82,216.82,216.71,216.71,5099.0
10:30,216.68,216.82,216.68,216.74,5628.0
10:31,216.68,216.76,216.66,216.76,6079.0
10:32,216.5,216.61,216.5,216.6,6008.0
10:33,216.21,216.52,216.21,216.46,3449.0
10:34,216.24,216.4,216.22,216.3,5218.0
10:35,216.45,216.51,216.24,216.24,7323.0
10:36,216.54,216.55,216.37,216.42,8840.0
10:37,216.53,216.68,216.53,216.58,8209.0
10:38,216.33,216.59,216.33,216.59,4447.0
10:39,216.39,216.44,216.27,216.44,4031.0
10:40,216.43,216.43,216.26,216.26,3368.0
10:41,216.41,216.52,216.37,216.37,8761.0
10:42,216.28,216.38,216.28,216.37,3460.0
10:43,216.29,216.4,216.19,216.24,3207.0
10:44,216.29,216.31,216.21,216.31,1868.0
10:45,216.4,216.41,216.28,216.29,5879.0
10:46,216.37,216.45,216.35,216.4,7448.0
10:47,216.31,216.41,216.31,216.37,1800.0
10:48,216.42,216.49,216.25,216.37,9500.0
10:49,216.44,216.51,216.39,216.51,4706.0
10:50,216.32,216.45,216.32,216.42,5833.0
10:51,216.43,216.48,216.3,216.3,4791.0
10:52,216.36,216.46,216.36,216.46,2485.0
10:53,216.37,216.46,216.36,216.36,37028.0
10:54,216.31,216.39,216.3,216.38,3750.0
10:55,216.32,216.39,216.29,216.31,7741.0
10:56,216.34,216.42,216.28,216.38,3704.0
10:57,216.28,216.37,216.28,216.35,3476.0
10:58,216.28,216.32,216.23,216.26,6939.0
10:59,216.28,216.28,216.2,216.28,3376.0
11:00,216.04,216.24,216.03,216.24,13023.0
11:01,215.89,216.04,215.89,216.02,10269.0
11:02,216.15,216.19,215.9,215.99,16081.0
11:03,216.05,216.25,215.98,216.11,15723.0
11:04,216.4,216.4,216.03,216.13,6777.0
11:05,216.38,216.38,216.35,216.35,2258.0
11:06,216.11,216.33,216.01,216.32,3927.0
11:07,216.02,216.13,215.99,216.07,2981.0
11:08,215.92,216.02,215.92,216.02,6458.0
11:09,216.07,216.09,215.84,215.92,5061.0
11:10,216.04,216.11,216.04,216.07,3455.0
11:11,216.09,216.14,216.05,216.05,2580.0
11:12,216.0,216.09,216.0,216.09,13497.0
11:13,216.19,216.22,216.0,216.04,5576.0
11:14,216.15,216.18,216.07,216.16,4935.0
11:15,216.11,216.2,216.11,216.15,2340.0
11:16,215.95,216.13,215.94,216.13,3443.0
11:17,216.02,216.09,215.96,215.99,4029.0
11:18,216.02,216.02,215.96,216.02,1905.0
11:19,216.45,216.48,215.96,215.96,23231.0
11:20,216.43,216.5,216.4,216.45,13339.0
11:21,216.4,216.46,216.3,216.43,17188.0
11:22,216.27,216.33,216.16,216.33,4031.0
11:23,216.26,216.32,216.16,216.16,7824.0
11:24,216.33,216.39,216.27,216.31,6745.0
11:25,216.47,216.65,216.26,216.35,47958.0
11:26,216.35,216.53,216.35,216.48,19328.0
11:27,216.42,216.43,216.29,216.36,5783.0
11:28,216.45,216.46,216.27,216.27,4491.0
11:29,216.4,216.5,216.4,216.45,4156.0
11:30,216.4,216.45,216.37,216.45,8136.0
11:31,216.38,216.39,216.34,216.37,3354.0
11:32,216.32,216.38,216.32,216.37,4069.0
11:33,216.25,216.33,216.25,216.25,1087.0
11:34,216.34,216.34,216.25,216.25,6233.0
11:35,216.23,216.35,216.22,216.33,9005.0
11:36,216.14,216.27,216.14,216.27,5622.0
11:37,216.25,216.26,216.03,216.15,8140.0
11:38,216.31,216.43,216.22,216.23,9731.0
11:39,216.38,216.4,216.38,216.39,2729.0
11:40,216.45,216.46,216.31,216.38,7358.0
11:41,216.34,216.45,216.32,216.44,5896.0
11:42,216.22,216.27,216.22,216.27,1447.0
11:43,216.54,216.56,216.23,216.34,9353.0
11:44,216.6,216.62,216.54,216.54,4373.0
11:45,216.65,216.68,216.58,216.59,5215.0
11:46,216.73,216.77,216.65,216.65,4859.0
11:47,216.78,216.85,216.74,216.75,5219.0
11:48,216.89,216.92,216.78,216.78,3724.0
11:49,216.93,217.01,216.89,216.89,3089.0
11:50,216.91,216.93,216.89,216.93,2152.0
11:51,216.91,216.91,216.88,216.91,9152.0
11:52,216.93,216.96,216.89,216.91,6983.0
11:53,217.09,217.09,216.89,216.93,9220.0
11:54,217.05,217.09,216.98,217.07,4696.0
11:55,217.12,217.15,216.99,217.05,1890.0
11:56,217.14,217.21,217.12,217.12,4325.0
11:57,217.15,217.21,217.14,217.14,1930.0
11:58,217.15,217.15,217.15,217.15,927.0
11:59,217.16,217.16,217.12,217.16,1439.0
12:00,217.18,217.24,217.1,217.16,10844.0
12:01,217.2,217.3,217.2,217.24,3574.0
12:02,217.24,217.26,217.19,217.26,2133.0
12:03,217.29,217.32,217.2,217.24,5460.0
12:04,217.43,217.43,217.35,217.35,2721.0
12:05,217.45,217.51,217.42,217.43,6798.0
12:06,217.47,217.47,217.47,217.47,936.0
12:07,217.54,217.54,217.46,217.47,1858.0
12:08,217.52,217.55,217.51,217.52,2305.0
12:09,217.5,217.52,217.44,217.52,4610.0
12:10,217.48,217.56,217.44,217.49,1456.0
12:11,217.3,217.56,217.3,217.5,9372.0
12:12,217.22,217.3,217.2,217.28,1816.0
12:13,217.2,217.21,217.13,217.2,5210.0
12:14,216.95,217.21,216.94,217.21,6722.0
12:15,217.0,217.12,216.93,217.04,9651.0
12:16,216.9,217.0,216.86,217.0,4627.0
12:17,216.82,216.93,216.82,216.91,2420.0
12:18,216.81,216.91,216.81,216.81,4240.0
12:19,216.81,216.9,216.8,216.81,2435.0
12:20,216.9,216.92,216.83,216.9,2110.0
12:21,216.87,216.96,216.87,216.9,2584.0
12:22,216.94,216.98,216.84,216.86,2752.0
12:23,217.05,217.1,216.83,216.94,17385.0
12:24,217.14,217.14,217.05,217.05,4820.0
12:25,217.09,217.14,217.07,217.07,2741.0
12:26,217.09,217.09,217.08,217.09,2615.0
12:27,217.09,217.09,217.06,217.09,1246.0
12:28,217.02,217.1,217.02,217.1,2339.0
12:29,217.03,217.07,216.96,217.07,1538.0
12:30,217.01,217.06,217.01,217.01,1798.0
12:31,216.96,217.07,216.96,217.01,2466.0
12:32,217.03,217.03,217.03,217.03,821.0
12:33,216.95,217.02,216.95,217.02,2569.0
12:34,216.93,216.94,216.85,216.93,3878.0
12:35,217.0,217.0,216.94,216.94,976.0
12:36,217.01,217.01,216.95,216.95,3094.0
12:37,216.97,216.97,216.97,216.97,1051.0
12:38,216.96,217.07,216.96,216.97,4482.0
12:39,216.98,216.98,216.92,216.92,1449.0
12:40,216.88,216.98,216.88,216.98,3905.0
12:41,216.79,216.88,216.79,216.88,1442.0
12:42,216.83,216.83,216.79,216.79,470.0
12:43,216.79,216.87,216.79,216.87,1423.0
12:44,216.81,216.94,216.79,216.94,4244.0
12:45,216.88,216.88,216.88,216.88,248.0
12:46,216.88,216.88,216.79,216.88,1251.0
12:47,216.87,216.88,216.79,216.8,3119.0
12:48,216.95,216.96,216.83,216.9,3276.0
12:49,216.92,216.96,216.88,216.89,3325.0
12:50,216.92,216.94,216.81,216.85,6759.0
12:51,216.95,216.96,216.87,216.9,5684.0
12:52,216.93,217.0,216.93,216.95,3819.0
12:53,216.93,216.98,216.91,216.98,4426.0
12:54,216.83,216.83,216.83,216.83,979.0
12:55,216.69,216.85,216.69,216.85,5922.0
12:56,216.57,216.65,216.48,216.65,5384.0
12:57,216.61,216.66,216.56,216.61,2992.0
12:58,216.62,216.62,216.54,216.61,1073.0
12:59,216.67,216.71,216.56,216.56,6241.0
13:00,216.8,216.8,216.67,216.67,4506.0
13:01,216.79,216.85,216.73,216.82,9784.0
13:02,216.62,216.77,216.62,216.73,3461.0
13:03,216.63,216.63,216.63,216.63,685.0
13:04,216.93,216.93,216.67,216.67,10958.0
13:05,216.92,216.96,216.84,216.93,13859.0
13:06,217.02,217.03,216.9,216.91,14364.0
13:07,216.83,217.03,216.83,217.03,4014.0
13:08,216.88,216.96,216.87,216.87,5470.0
13:09,216.88,216.94,216.87,216.88,1698.0
13:10,216.9,216.9,216.8,216.88,3087.0
13:11,216.9,216.91,216.88,216.9,5270.0
13:12,216.87,216.9,216.86,216.9,1755.0
13:13,216.88,216.88,216.81,216.87,1078.0
13:14,216.87,216.88,216.81,216.88,2985.0
13:15,216.85,216.93,216.81,216.87,3192.0
13:16,216.82,216.85,216.78,216.84,9015.0
13:17,216.62,216.8,216.62,216.79,4753.0
13:18,216.61,216.73,216.61,216.67,3739.0
13:19,216.63,216.66,216.59,216.6,2112.0
13:20,216.66,216.66,216.58,216.65,1981.0
13:21,216.62,216.65,216.58,216.65,1848.0
13:22,216.8,216.84,216.58,216.58,15123.0
13:23,216.85,216.93,216.77,216.8,4987.0
13:24,216.89,216.93,216.84,216.85,8986.0
13:25,216.9,216.9,216.88,216.88,1725.0
13:26,216.89,216.9,216.89,216.9,1574.0
13:27,216.9,216.9,216.89,216.89,1921.0
13:28,216.88,216.92,216.83,216.89,3753.0
13:29,216.87,216.87,216.87,216.87,532.0
13:30,216.87,216.87,216.82,216.85,1506.0
13:31,216.91,216.92,216.84,216.87,5139.0
13:32,216.92,216.94,216.91,216.94,3144.0
13:33,216.94,216.94,216.9,216.9,2026.0
13:34,216.95,216.95,216.85,216.9,5253.0
13:35,216.88,216.88,216.83,216.88,1760.0
13:36,216.88,216.94,216.88,216.94,634.0
13:37,216.88,216.9,216.82,216.88,1322.0
13:38,216.84,216.88,216.77,216.88,4453.0
13:39,216.87,216.9,216.83,216.85,7021.0
13:40,216.7,216.82,216.7,216.82,6640.0
13:41,216.64,216.66,216.64,216.65,1554.0
13:42,216.64,216.72,216.58,216.58,2892.0
13:43,216.63,216.69,216.63,216.64,2587.0
13:44,216.63,216.63,216.63,216.63,1205.0
13:45,216.69,216.7,216.62,216.62,6352.0
13:46,216.61,216.62,216.59,216.62,1186.0
13:47,216.6,216.65,216.52,216.65,7519.0
13:48,216.46,216.59,216.46,216.52,4556.0
13:49,216.44,216.52,216.44,216.46,2917.0
13:50,216.55,216.58,216.46,216.51,4526.0
13:51,216.51,216.63,216.51,216.53,3779.0
13:52,216.66,216.68,216.59,216.66,6233.0
13:53,216.59,216.66,216.59,216.64,1760.0
13:54,216.68,216.68,216.6,216.66,2170.0
13:55,216.67,216.67,216.65,216.66,1558.0
13:56,216.55,216.68,216.55,216.67,3676.0
13:57,216.6,216.64,216.6,216.64,728.0
13:58,216.53,216.6,216.52,216.6,2663.0
13:59,216.52,216.56,216.52,216.55,1325.0
14:00,216.54,216.6,216.52,216.56,5763.0
14:01,216.7,216.7,216.57,216.59,6481.0
14:02,216.63,216.67,216.6,216.65,5865.0
14:03,216.74,216.82,216.63,216.63,15497.0
14:04,216.66,216.79,216.66,216.79,4588.0
14:05,216.71,216.71,216.63,216.64,1195.0
14:06,216.68,216.73,216.68,216.68,2281.0
14:07,216.73,216.73,216.66,216.67,2592.0
14:08,216.73,216.79,216.66,216.66,3270.0
14:09,216.73,216.8,216.73,216.73,1791.0
14:10,216.73,216.79,216.66,216.79,2232.0
14:11,216.69,216.77,216.69,216.73,1636.0
14:12,216.73,216.77,216.71,216.73,5651.0
14:13,216.67,216.79,216.67,216.78,5566.0
14:14,216.59,216.65,216.56,216.64,3103.0
14:15,216.65,216.65,216.55,216.59,4018.0
14:16,216.74,216.82,216.65,216.65,3282.0
14:17,216.6,216.74,216.6,216.74,2947.0
14:18,216.6,216.61,216.57,216.59,3574.0
14:19,216.53,216.65,216.53,216.63,4170.0
14:20,216.48,216.56,216.45,216.53,5185.0
14:21,216.48,216.48,216.47,216.48,2504.0
14:22,216.51,216.54,216.44,216.48,2817.0
14:23,216.57,216.57,216.48,216.54,7619.0
14:24,216.71,216.77,216.6,216.6,13967.0
14:25,216.79,216.8,216.71,216.71,3497.0
14:26,216.82,216.85,216.8,216.82,11134.0
14:27,216.65,216.77,216.62,216.77,4560.0
14:28,216.71,216.74,216.68,216.68,3475.0
14:29,216.71,216.76,216.69,216.72,3237.0
14:30,216.77,216.78,216.7,216.76,8910.0
14:31,216.67,216.84,216.67,216.77,4178.0
14:32,216.64,216.74,216.64,216.69,6045.0
14:33,216.55,216.62,216.55,216.62,1982.0
14:34,216.59,216.59,216.49,216.5,2915.0
14:35,216.54,216.61,216.49,216.61,8760.0
14:36,216.54,216.56,216.53,216.54,3043.0
14:37,216.45,216.54,216.43,216.54,4188.0
14:38,216.47,216.48,216.42,216.47,3990.0
14:39,216.46,216.5,216.41,216.41,8851.0
14:40,216.47,216.51,216.46,216.46,2461.0
14:41,216.51,216.56,216.43,216.47,13581.0
14:42,216.5,216.51,216.5,216.51,2227.0
14:43,216.43,216.49,216.43,216.43,3522.0
14:44,216.48,216.48,216.43,216.45,1895.0
14:45,216.44,216.5,216.44,216.49,3900.0
14:46,216.54,216.54,216.47,216.49,1887.0
14:47,216.64,216.64,216.5,216.5,8087.0
14:48,216.71,216.73,216.67,216.67,4680.0
14:49,216.8,216.8,216.7,216.71,4005.0
14:50,216.79,216.84,216.76,216.76,9016.0
14:51,216.71,216.82,216.69,216.82,4156.0
14:52,216.76,216.8,216.73,216.73,2851.0
14:53,216.74,216.74,216.68,216.74,4140.0
14:54,216.68,216.74,216.64,216.74,4418.0
14:55,216.59,216.67,216.54,216.66,6947.0
14:56,216.31,216.54,216.31,216.54,7530.0
14:57,216.2,216.31,216.2,216.31,3829.0
14:58,216.3,216.31,216.23,216.25,4573.0
14:59,216.41,216.41,216.3,216.3,3963.0
15:00,216.48,216.48,216.36,216.36,4653.0
15:01,216.3,216.44,216.3,216.43,5521.0
15:02,216.34,216.35,216.27,216.35,1137.0
15:03,216.34,216.34,216.34,216.34,2456.0
15:04,216.32,216.35,216.3,216.35,1988.0
15:05,216.47,216.48,216.37,216.4,10250.0
15:06,216.63,216.68,216.48,216.48,6032.0
15:07,216.62,216.63,216.57,216.63,4718.0
15:08,216.65,216.65,216.6,216.6,2441.0
15:09,216.64,216.65,216.59,216.64,5687.0
15:10,216.65,216.65,216.6,216.65,8903.0
15:11,216.68,216.68,216.59,216.6,10372.0
15:12,216.74,216.74,216.69,216.71,3422.0
15:13,216.74,216.82,216.74,216.8,11811.0
15:14,216.81,216.84,216.75,216.75,10908.0
15:15,216.73,216.82,216.7,216.8,6680.0
15:16,216.77,216.78,216.71,216.71,3248.0
15:17,216.7,216.75,216.68,216.75,5286.0
15:18,216.7,216.74,216.69,216.7,3824.0
15:19,216.61,216.74,216.61,216.67,6991.0
15:20,216.65,216.69,216.61,216.61,3600.0
15:21,216.71,216.73,216.68,216.7,7892.0
15:22,216.7,216.73,216.65,216.73,5900.0
15:23,216.63,216.68,216.59,216.68,3302.0
15:24,216.56,216.59,216.55,216.59,8659.0
15:25,216.62,216.63,216.56,216.56,6534.0
15:26,216.61,216.67,216.59,216.61,9333.0
15:27,216.56,216.63,216.55,216.6,5029.0
15:28,216.43,216.57,216.43,216.57,4540.0
15:29,216.55,216.61,216.47,216.47,10605.0
15:30,216.3,216.53,216.3,216.5,7190.0
15:31,216.13,216.29,216.13,216.29,4787.0
15:32,216.46,216.46,216.15,216.15,12270.0
15:33,216.46,216.52,216.36,216.48,14174.0
15:34,216.34,216.54,216.34,216.48,6997.0
15:35,216.33,216.43,216.27,216.39,10500.0
15:36,216.32,216.34,216.26,216.3,6245.0
15:37,216.29,216.34,216.24,216.34,5637.0
15:38,216.46,216.49,216.31,216.33,12698.0
15:39,216.27,216.48,216.27,216.46,10464.0
15:40,216.36,216.39,216.29,216.3,5895.0
15:41,216.35,216.35,216.29,216.35,9047.0
15:42,216.4,216.4,216.32,216.38,7814.0
15:43,216.39,216.53,216.34,216.35,16657.0
15:44,216.38,216.42,216.36,216.38,4295.0
15:45,216.27,216.38,216.27,216.38,14717.0
15:46,216.26,216.33,216.22,216.28,7998.0
15:47,216.22,216.26,216.18,216.22,6847.0
15:48,216.25,216.3,216.21,216.22,10557.0
15:49,216.22,216.27,216.15,216.23,14618.0
15:50,216.22,216.37,216.18,216.31,24072.0
15:51,216.21,216.32,216.16,216.26,9425.0
15:52,216.23,216.36,216.21,216.23,15559.0
15:53,216.01,216.24,216.0,216.2,32644.0
15:54,216.18,216.18,216.05,216.08,18695.0
15:55,216.38,216.47,216.13,216.17,41846.0
15:56,216.23,216.51,216.23,216.4,38673.0
15:57,216.02,216.29,215.98,216.26,42307.0
15:58,216.12,216.16,216.0,216.02,56088.0
15:59,216.3,216.31,216.07,216.14,116166.0
