Time,Close,High,Low,Open,Volume
09:30,231.4,231.72,230.61,231.71,821966.0
09:31,232.36,232.42,231.62,231.65,15033.0
09:32,232.65,232.65,231.96,232.16,7125.0
09:33,231.91,232.95,231.64,232.62,21706.0
09:34,231.86,232.1,231.54,231.79,12108.0
09:35,231.66,232.1,231.57,231.64,15863.0
09:36,231.72,231.72,231.19,231.48,19209.0
09:37,231.79,231.93,231.49,231.8,17042.0
09:38,231.78,232.14,231.78,231.79,22735.0
09:39,231.95,232.39,231.76,232.0,15565.0
09:40,231.62,231.67,231.38,231.4,20232.0
09:41,231.66,231.91,231.46,231.48,31653.0
09:42,231.04,231.64,231.04,231.54,28546.0
09:43,230.91,231.41,230.8,231.15,23453.0
09:44,231.18,231.45,230.8,231.03,22678.0
09:45,230.5,231.23,230.5,231.15,32346.0
09:46,230.62,231.08,230.16,230.37,28908.0
09:47,230.6,230.81,230.55,230.62,19749.0
09:48,231.29,231.29,230.6,230.74,24563.0
09:49,231.43,231.43,231.13,231.29,13017.0
09:50,231.84,231.84,231.26,231.34,14843.0
09:51,232.19,232.19,231.64,231.83,16065.0
09:52,232.62,232.65,231.98,232.17,12410.0
09:53,232.32,232.52,232.26,232.48,13129.0
09:54,232.4,232.48,232.18,232.26,13517.0
09:55,232.29,232.48,232.29,232.48,5455.0
09:56,231.93,232.36,231.9,232.36,21520.0
09:57,231.99,232.24,231.99,232.0,22911.0
09:58,232.1,232.21,231.92,232.01,14667.0
09:59,231.68,232.16,231.63,232.16,7091.0
10:00,231.48,231.8,231.48,231.77,9719.0
10:01,230.77,231.49,230.62,231.49,101890.0
10:02,231.05,231.05,230.6,230.62,21848.0
10:03,230.26,230.74,230.14,230.71,22598.0
10:04,230.57,230.57,229.82,230.14,33489.0
10:05,230.1,230.57,230.07,230.41,13965.0
10:06,230.36,230.54,230.08,230.2,14771.0
10:07,230.17,230.49,230.0,230.32,8695.0
10:08,230.08,230.35,229.91,230.07,7633.0
10:09,230.27,230.39,229.84,230.09,17656.0
10:10,230.32,230.49,230.12,230.2,16317.0
10:11,230.2,230.41,229.95,230.32,17426.0
10:12,230.17,230.32,229.95,230.2,12395.0
10:13,230.35,230.4,230.15,230.22,13703.0
10:14,230.15,230.53,230.09,230.35,18118.0
10:15,230.48,230.52,230.18,230.18,20780.0
10:16,230.06,230.47,230.06,230.47,7252.0
10:17,229.73,230.04,229.67,230.04,8458.0
10:18,229.96,229.96,229.72,229.72,10205.0
10:19,230.15,230.21,229.96,229.96,6785.0
10:20,229.65,230.2,229.65,230.2,7587.0
10:21,229.51,229.67,229.45,229.67,10905.0
10:22,229.46,229.5,229.16,229.42,18504.0
10:23,229.34,229.43,229.14,229.38,13422.0
10:24,229.27,229.47,229.23,229.36,12203.0
10:25,229.65,229.7,229.31,229.32,13003.0
10:26,229.9,230.12,229.69,229.7,17013.0
10:27,230.11,230.13,229.78,229.98,10199.0
10:28,230.14,230.16,230.03,230.16,5131.0
10:29,229.72,230.26,229.67,230.02,20964.0
10:30,229.43,229.89,229.42,229.81,14758.0
10:31,229.65,229.87,229.43,229.51,20967.0
10:32,229.93,229.93,229.55,229.55,15246.0
10:33,229.75,229.93,229.66,229.76,18596.0
10:34,229.77,229.83,229.73,229.76,6491.0
10:35,230.11,230.26,229.77,229.77,14704.0
10:36,230.27,230.32,230.13,230.16,8405.0
10:37,230.08,230.38,230.0,230.34,13214.0
10:38,229.73,230.23,229.7,230.16,11027.0
10:39,229.6,229.75,229.56,229.7,7568.0
10:40,229.65,229.76,229.5,229.55,11114.0
10:41,229.85,229.88,229.65,229.65,11668.0
10:42,229.76,229.9,229.68,229.77,12328.0
10:43,229.9,229.96,229.69,229.76,9327.0
10:44,230.04,230.1,229.83,229.84,11326.0
10:45,230.02,230.09,229.97,230.04,7595.0
10:46,229.76,230.04,229.62,230.04,12532.0
10:47,229.4,229.84,229.4,229.84,11763.0
10:48,229.32,229.54,229.32,229.44,9158.0
10:49,229.26,229.32,229.19,229.28,14014.0
10:50,229.28,229.3,229.2,229.26,7755.0
10:51,229.08,229.28,229.0,229.28,24098.0
10:52,229.1,229.17,228.95,229.1,22633.0
10:53,229.4,229.71,228.92,229.04,41616.0
10:54,229.33,229.41,229.19,229.41,31572.0
10:55,229.19,229.37,229.19,229.33,18407.0
10:56,229.07,229.2,229.0,229.2,16879.0
10:57,229.1,229.22,229.04,229.04,26533.0
10:58,229.09,229.14,229.0,229.12,15672.0
10:59,228.98,229.07,228.89,229.07,15430.0
11:00,228.98,229.03,228.87,229.03,13167.0
11:01,228.85,229.02,228.81,228.98,15194.0
11:02,228.89,228.97,228.81,228.83,8285.0
11:03,228.99,229.03,228.81,228.9,8532.0
11:04,229.09,229.09,228.92,228.99,11917.0
11:05,229.08,229.16,229.01,229.16,8213.0
11:06,228.96,229.12,228.96,229.08,9213.0
11:07,229.05,229.11,228.97,228.97,12871.0
11:08,229.07,229.11,229.02,229.07,9996.0
11:09,228.88,229.07,228.84,229.05,12722.0
11:10,228.82,228.98,228.82,228.93,8127.0
11:11,228.63,228.8,228.61,228.8,10844.0
11:12,228.73,228.75,228.63,228.66,8567.0
11:13,228.85,228.91,228.66,228.73,10877.0
11:14,228.77,228.85,228.69,228.82,8085.0
11:15,228.84,228.95,228.77,228.83,10766.0
11:16,228.82,228.9,228.82,228.83,6650.0
11:17,228.89,228.99,228.87,228.94,5879.0
11:18,228.79,228.93,228.77,228.93,11281.0
11:19,229.0,229.1,228.77,228.78,10010.0
11:20,229.15,229.16,228.99,228.99,15607.0
11:21,229.08,229.15,229.06,229.15,4831.0
11:22,229.09,229.16,229.03,229.1,8165.0
11:23,229.07,229.12,229.05,229.05,5983.0
11:24,229.13,229.17,229.12,229.12,11984.0
11:25,229.13,229.29,229.09,229.16,16538.0
11:26,229.16,229.18,229.03,229.17,13700.0
11:27,229.38,229.41,229.28,229.3,4424.0
11:28,229.31,229.56,229.26,229.43,10936.0
11:29,229.29,229.34,229.18,229.18,5418.0
11:30,229.51,229.54,229.29,229.29,12830.0
11:31,229.44,229.54,229.39,229.47,11742.0
11:32,229.47,229.54,229.38,229.46,4859.0
11:33,229.47,229.47,229.37,229.47,2833.0
11:34,229.65,229.7,229.42,229.42,8661.0
11:35,229.66,229.66,229.46,229.65,11309.0
11:36,229.72,229.72,229.6,229.66,4844.0
11:37,229.77,229.88,229.73,229.74,8571.0
11:38,229.78,229.83,229.67,229.83,6468.0
11:39,229.93,229.98,229.81,229.81,3780.0
11:40,230.0,230.02,229.9,229.93,18190.0
11:41,230.14,230.14,229.94,229.98,5265.0
11:42,230.24,230.44,230.06,230.14,18364.0
11:43,230.27,230.32,230.27,230.27,2014.0
11:44,230.37,230.37,230.22,230.32,4171.0
11:45,230.32,230.38,230.32,230.37,5964.0
11:46,230.0,230.28,230.0,230.28,14438.0
11:47,229.88,230.01,229.86,230.01,3052.0
11:48,229.8,229.88,229.74,229.88,5768.0
11:49,229.73,229.86,229.7,229.86,4281.0
11:50,229.89,229.9,229.74,229.74,8418.0
11:51,229.77,229.8,229.65,229.78,5459.0
11:52,229.84,229.9,229.76,229.76,4775.0
11:53,229.82,229.86,229.76,229.84,4946.0
11:54,229.85,229.85,229.8,229.84,2827.0
11:55,229.55,229.9,229.54,229.85,14480.0
11:56,229.41,229.57,229.41,229.5,3005.0
11:57,229.51,229.54,229.33,229.4,9836.0
11:58,229.55,229.59,229.43,229.43,3089.0
11:59,229.71,229.75,229.52,229.55,9847.0
12:00,229.66,229.8,229.6,229.73,3672.0
12:01,229.73,229.76,229.66,229.66,5983.0
12:02,229.68,229.76,229.65,229.74,5341.0
12:03,229.47,229.76,229.44,229.67,6703.0
12:04,229.59,229.65,229.4,229.42,10908.0
12:05,229.74,229.77,229.57,229.57,6796.0
12:06,229.68,229.75,229.66,229.66,5341.0
12:07,229.71,229.77,229.65,229.67,4246.0
12:08,229.71,229.73,229.65,229.71,3472.0
12:09,229.84,229.84,229.65,229.71,8552.0
12:10,229.84,229.89,229.82,229.83,5647.0
12:11,229.81,229.87,229.76,229.85,9393.0
12:12,229.62,229.81,229.62,229.81,5399.0
12:13,229.57,229.64,229.52,229.56,10951.0
12:14,229.77,229.77,229.57,229.59,10087.0
12:15,229.74,229.74,229.74,229.74,1668.0
12:16,229.8,229.82,229.73,229.74,4117.0
12:17,229.82,229.85,229.75,229.75,8571.0
12:18,229.75,229.84,229.75,229.84,5954.0
12:19,229.88,229.88,229.73,229.8,6734.0
12:20,229.78,229.88,229.78,229.88,5973.0
12:21,229.73,229.8,229.7,229.79,3971.0
12:22,229.81,229.81,229.7,229.72,9088.0
12:23,229.87,229.96,229.8,229.8,6145.0
12:24,229.88,229.9,229.86,229.87,3033.0
12:25,229.79,229.88,229.74,229.88,5608.0
12:26,229.66,229.75,229.6,229.75,8467.0
12:27,229.66,229.71,229.64,229.66,4176.0
12:28,229.62,229.62,229.5,229.6,6902.0
12:29,229.52,229.61,229.51,229.55,3462.0
12:30,229.6,229.6,229.5,229.52,12082.0
12:31,229.62,229.62,229.56,229.56,2282.0
12:32,229.7,229.73,229.66,229.66,7237.0
12:33,229.76,229.81,229.7,229.7,5730.0
12:34,229.65,229.77,229.63,229.76,4473.0
12:35,229.59,229.65,229.55,229.65,3522.0
12:36,229.69,229.71,229.63,229.63,4658.0
12:37,229.58,229.74,229.54,229.7,8369.0
12:38,229.6,229.6,229.51,229.53,4367.0
12:39,229.63,229.68,229.6,229.61,8065.0
12:40,229.62,229.65,229.59,229.65,6807.0
12:41,229.71,229.71,229.56,229.64,9374.0
12:42,229.61,229.72,229.61,229.72,3522.0
12:43,229.55,229.6,229.53,229.6,5019.0
12:44,229.69,229.69,229.53,229.57,8595.0
12:45,229.72,229.77,229.72,229.72,3441.0
12:46,229.74,229.86,229.74,229.78,8529.0
12:47,229.68,229.74,229.66,229.72,8047.0
12:48,229.63,229.67,229.6,229.64,7935.0
12:49,229.61,229.65,229.59,229.63,3307.0
12:50,229.79,229.8,229.62,229.62,12461.0
12:51,229.68,229.8,229.65,229.8,3997.0
12:52,229.68,229.68,229.6,229.64,6129.0
12:53,229.7,229.72,229.65,229.68,3386.0
12:54,229.58,229.7,229.57,229.7,4975.0
12:55,229.46,229.61,229.46,229.59,5654.0
12:56,229.35,229.48,229.34,229.44,8241.0
12:57,229.26,229.39,229.26,229.28,16808.0
12:58,229.3,229.33,229.24,229.26,16154.0
12:59,229.2,229.33,229.17,229.33,7592.0
13:00,229.03,229.18,229.01,229.18,6568.0
13:01,229.08,229.11,229.03,229.06,6890.0
13:02,228.98,229.12,228.98,229.1,6871.0
13:03,228.86,228.97,228.86,228.97,7214.0
13:04,228.9,228.96,228.85,228.85,12098.0
13:05,228.96,229.07,228.9,228.9,16314.0
13:06,228.86,228.96,228.82,228.92,9617.0
13:07,228.78,228.88,228.78,228.88,11639.0
13:08,228.88,228.92,228.79,228.79,14488.0
13:09,228.78,228.92,228.77,228.92,7755.0
13:10,228.51,228.78,228.5,228.78,12510.0
13:11,228.53,228.59,228.49,228.51,8684.0
13:12,228.59,228.63,228.5,228.53,11505.0
13:13,228.57,228.59,228.54,228.59,4590.0
13:14,228.5,228.61,228.5,228.57,16802.0
13:15,228.59,228.68,228.47,228.47,14977.0
13:16,228.57,228.62,228.45,228.58,6494.0
13:17,228.5,228.58,228.47,228.57,7865.0
13:18,228.42,228.5,228.41,228.5,5422.0
13:19,228.32,228.48,228.32,228.43,12057.0
13:20,228.34,228.4,228.27,228.34,22162.0
13:21,228.44,228.52,228.33,228.35,10324.0
13:22,228.37,228.47,228.35,228.46,7721.0
13:23,228.4,228.4,228.35,228.38,4852.0
13:24,228.49,228.52,228.39,228.4,14025.0
13:25,228.55,228.65,228.5,228.51,9979.0
13:26,228.56,228.61,228.52,228.54,9018.0
13:27,228.54,228.56,228.36,228.51,13341.0
13:28,228.49,228.52,228.42,228.49,3509.0
13:29,228.66,228.72,228.48,228.48,11261.0
13:30,228.54,228.64,228.52,228.64,5710.0
13:31,228.32,228.5,228.27,228.5,5010.0
13:32,228.18,228.32,228.16,228.32,8841.0
13:33,228.0,228.17,227.92,228.17,21585.0
13:34,228.13,228.14,228.0,228.0,16729.0
13:35,228.23,228.32,228.1,228.12,18007.0
13:36,228.05,228.23,228.05,228.23,4619.0
13:37,228.12,228.19,228.06,228.09,5592.0
13:38,228.02,228.1,228.02,228.08,5380.0
13:39,228.18,228.18,228.02,228.08,9760.0
13:40,228.38,228.38,228.14,228.14,15125.0
13:41,228.32,228.34,228.26,228.26,10095.0
13:42,228.2,228.32,228.2,228.3,11823.0
13:43,228.22,228.22,228.14,228.17,3738.0
13:44,228.07,228.3,228.07,228.18,13432.0
13:45,228.26,228.3,228.07,228.1,19242.0
13:46,228.22,228.32,228.2,228.29,11040.0
13:47,228.32,228.36,228.21,228.27,10167.0
13:48,228.57,228.58,228.29,228.29,10108.0
13:49,228.47,228.6,228.44,228.57,5264.0
13:50,228.43,228.49,228.38,228.38,4968.0
13:51,228.63,228.68,228.53,228.54,14909.0
13:52,228.67,228.72,228.6,228.64,11836.0
13:53,228.73,228.78,228.63,228.71,9272.0
13:54,228.76,228.81,228.7,228.71,16043.0
13:55,228.74,228.84,228.72,228.77,5747.0
13:56,228.96,228.96,228.72,228.83,7539.0
13:57,228.82,229.01,228.81,228.97,6212.0
13:58,228.9,228.9,228.8,228.82,8727.0
13:59,228.82,228.9,228.78,228.9,5409.0
14:00,228.75,228.92,228.72,228.83,4245.0
14:01,228.84,228.85,228.81,228.82,2295.0
14:02,228.84,228.89,228.84,228.86,6725.0
14:03,228.67,228.78,228.67,228.75,12923.0
14:04,228.62,228.62,228.6,228.6,2538.0
14:05,228.7,228.71,228.62,228.62,12531.0
14:06,228.69,228.71,228.63,228.7,4974.0
14:07,228.84,228.84,228.66,228.66,4196.0
14:08,228.77,228.83,228.74,228.79,4509.0
14:09,228.78,228.87,228.74,228.77,12718.0
14:10,228.73,228.83,228.73,228.77,4451.0
14:11,228.79,228.8,228.74,228.78,1779.0
14:12,228.83,228.83,228.75,228.77,4319.0
14:13,228.93,228.94,228.84,228.84,6574.0
14:14,229.0,229.01,228.88,228.93,5396.0
14:15,229.12,229.12,229.02,229.02,3435.0
14:16,229.05,229.12,228.96,229.12,4146.0
14:17,229.13,229.15,229.05,229.07,7871.0
14:18,229.17,229.2,229.12,229.15,2461.0
14:19,229.04,229.2,228.96,229.14,8106.0
14:20,229.06,229.07,229.05,229.05,2085.0
14:21,229.1,229.12,229.05,229.06,9855.0
14:22,229.13,229.19,229.1,229.1,6086.0
14:23,229.12,229.12,229.07,229.08,4993.0
14:24,229.12,229.14,229.08,229.14,3516.0
14:25,229.07,229.13,228.99,229.1,18631.0
14:26,229.04,229.15,229.04,229.08,7339.0
14:27,229.14,229.17,229.03,229.03,12631.0
14:28,229.06,229.15,229.06,229.14,5089.0
14:29,229.05,229.07,229.03,229.06,2733.0
14:30,229.02,229.04,228.98,229.01,2906.0
14:31,229.04,229.04,228.86,228.98,16162.0
14:32,229.1,229.1,229.04,229.04,7031.0
14:33,229.21,229.21,229.1,229.13,4396.0
14:34,229.41,229.41,229.15,229.18,6975.0
14:35,229.49,229.5,229.35,229.35,5309.0
14:36,229.57,229.57,229.48,229.5,7040.0
14:37,229.56,229.71,229.54,229.61,11359.0
14:38,229.57,229.57,229.45,229.49,10151.0
14:39,229.6,229.6,229.45,229.55,8931.0
14:40,229.64,229.68,229.64,229.64,2124.0
14:41,229.63,229.66,229.49,229.66,5292.0
14:42,229.57,229.57,229.52,229.57,2390.0
14:43,229.57,229.57,229.52,229.53,4768.0
14:44,229.61,229.65,229.56,229.59,8354.0
14:45,229.55,229.61,229.55,229.55,3863.0
14:46,229.61,229.66,229.52,229.59,13504.0
14:47,229.6,229.67,229.54,229.62,12832.0
14:48,229.57,229.65,229.56,229.65,3287.0
14:49,229.59,229.64,229.59,229.64,2290.0
14:50,229.59,229.59,229.54,229.59,5423.0
14:51,229.62,229.62,229.58,229.59,5778.0
14:52,229.44,229.63,229.44,229.61,10249.0
14:53,229.63,229.63,229.48,229.48,4595.0
14:54,229.62,229.63,229.58,229.59,2973.0
14:55,229.63,229.68,229.59,229.62,105325.0
14:56,229.6,229.62,229.6,229.62,2460.0
14:57,229.72,229.77,229.61,229.62,11234.0
14:58,229.75,229.82,229.75,229.75,5792.0
14:59,229.8,229.83,229.75,229.76,6918.0
15:00,229.84,229.89,229.8,229.8,5790.0
15:01,229.74,229.84,229.74,229.83,5604.0
15:02,229.76,229.76,229.76,229.76,3205.0
15:03,229.77,229.78,229.72,229.76,10818.0
15:04,229.73,229.76,229.68,229.76,6052.0
15:05,229.64,229.76,229.64,229.73,8090.0
15:06,229.72,229.81,229.67,229.67,27584.0
15:07,229.61,229.77,229.57,229.72,17165.0
15:08,229.75,229.75,229.63,229.63,6947.0
15:09,229.72,229.8,229.72,229.74,6036.0
15:10,229.76,229.77,229.66,229.72,16154.0
15:11,229.62,229.74,229.59,229.73,6492.0
15:12,229.61,229.61,229.59,229.59,1639.0
15:13,229.58,229.64,229.54,229.54,3120.0
15:14,229.46,229.6,229.46,229.59,10732.0
15:15,229.4,229.47,229.32,229.46,23490.0
15:16,229.24,229.43,229.24,229.43,10921.0
15:17,229.13,229.26,229.1,229.26,14807.0
15:18,229.07,229.13,229.06,229.07,6340.0
15:19,229.16,229.2,229.1,229.1,9268.0
15:20,229.26,229.29,229.13,229.2,8375.0
15:21,229.23,229.3,229.18,229.29,14690.0
15:22,229.21,229.29,229.2,229.22,13616.0
15:23,229.13,229.24,229.13,229.23,10552.0
15:24,229.03,229.14,229.03,229.14,5960.0
15:25,228.91,229.05,228.91,229.05,8373.0
15:26,229.01,229.08,228.91,228.93,17208.0
15:27,229.0,229.07,228.98,229.01,3538.0
15:28,228.98,229.04,228.95,229.03,8434.0
15:29,229.1,229.1,229.0,229.0,10762.0
15:30,229.22,229.22,229.08,229.1,9135.0
15:31,229.37,229.4,229.35,229.36,9247.0
15:32,229.37,229.37,229.32,229.37,6881.0
15:33,229.42,229.46,229.37,229.43,11380.0
15:34,229.42,229.44,229.38,229.42,14787.0
15:35,229.38,229.4,229.38,229.39,3880.0
15:36,229.46,229.46,229.33,229.37,10381.0
15:37,229.6,229.62,229.47,229.47,8120.0
15:38,229.59,229.6,229.41,229.6,41657.0
15:39,229.45,229.59,229.4,229.59,14448.0
15:40,229.46,229.54,229.41,229.49,23969.0
15:41,229.4,229.46,229.39,229.45,14758.0
15:42,229.27,229.43,229.23,229.4,18900.0
15:43,229.32,229.36,229.28,229.28,14527.0
15:44,229.34,229.44,229.29,229.31,23674.0
15:45,229.51,229.51,229.34,229.34,21945.0
15:46,229.9,229.95,229.4,229.4,359717.0
15:47,230.14,230.2,229.89,229.91,21086.0
15:48,230.01,230.2,230.0,230.19,32747.0
15:49,230.02,230.12,229.92,229.99,38866.0
15:50,229.71,230.08,229.68,230.01,35337.0
15:51,229.96,230.14,229.68,229.71,32853.0
15:52,230.11,230.12,229.89,229.96,22639.0
15:53,230.12,230.24,230.12,230.12,24825.0
15:54,230.27,230.31,230.13,230.13,31637.0
15:55,230.26,230.37,230.11,230.28,75282.0
15:56,230.09,230.29,230.07,230.29,43122.0
15:57,230.13,230.25,230.1,230.1,55243.0
15:58,230.25,230.26,230.12,230.13,68566.0
15:59,230.19,230.3,230.12,230.25,118763.0
