Time,Close,High,Low,Open,Volume
09:30,227.97,228.19,227.71,227.95,84655.0
09:31,228.22,228.3,227.9,227.99,5498.0
09:32,228.44,228.51,228.0,228.01,6389.0
09:33,228.39,228.58,228.16,228.51,4349.0
09:34,228.49,228.49,228.24,228.44,2886.0
09:35,228.38,228.59,228.38,228.59,3820.0
09:36,228.18,228.4,228.09,228.39,7378.0
09:37,227.99,228.33,227.99,228.08,9146.0
09:38,227.74,228.14,227.74,228.13,4314.0
09:39,227.85,227.85,227.42,227.64,6371.0
09:40,227.76,227.82,227.54,227.62,6038.0
09:41,227.95,227.95,227.63,227.76,7391.0
09:42,227.85,228.09,227.68,227.95,18526.0
09:43,228.02,228.05,227.76,227.95,2663.0
09:44,227.94,228.15,227.91,227.98,10333.0
09:45,227.57,227.93,227.56,227.93,8010.0
09:46,227.46,227.71,227.42,227.57,5788.0
09:47,227.53,227.66,227.45,227.55,6162.0
09:48,227.66,227.73,227.51,227.51,8538.0
09:49,227.38,227.66,227.38,227.66,5338.0
09:50,227.67,227.67,227.43,227.43,2297.0
09:51,227.51,227.64,227.48,227.63,4810.0
09:52,227.68,227.79,227.62,227.64,4219.0
09:53,227.83,227.83,227.62,227.71,3477.0
09:54,227.96,228.07,227.87,227.87,8075.0
09:55,227.59,228.01,227.59,228.01,6624.0
09:56,227.32,227.63,227.31,227.63,4157.0
09:57,227.62,227.62,227.37,227.37,5213.0
09:58,227.4,227.67,227.32,227.65,5851.0
09:59,227.54,227.57,227.38,227.4,7095.0
10:00,227.76,227.94,227.55,227.55,5850.0
10:01,227.76,227.99,227.73,227.93,7404.0
10:02,227.73,227.74,227.68,227.73,2891.0
10:03,227.76,227.85,227.68,227.71,6164.0
10:04,227.68,227.72,227.52,227.72,5640.0
10:05,227.71,227.71,227.65,227.67,2395.0
10:06,227.76,227.88,227.76,227.77,4380.0
10:07,227.8,227.83,227.76,227.76,5047.0
10:08,228.01,228.01,227.8,227.8,5197.0
10:09,228.02,228.2,228.01,228.13,6009.0
10:10,228.06,228.08,227.76,227.9,3585.0
10:11,228.12,228.12,228.12,228.12,1905.0
10:12,227.9,228.13,227.9,228.13,6468.0
10:13,227.71,227.82,227.68,227.78,3148.0
10:14,227.9,228.06,227.79,227.84,5027.0
10:15,227.89,227.9,227.77,227.88,2595.0
10:16,227.74,227.9,227.72,227.9,3625.0
10:17,227.6,227.76,227.6,227.74,2736.0
10:18,227.98,228.01,227.67,227.67,7206.0
10:19,227.88,227.95,227.81,227.95,7156.0
10:20,227.95,228.01,227.88,227.92,7930.0
10:21,228.09,228.09,227.91,227.91,2513.0
10:22,228.26,228.28,228.15,228.15,3461.0
10:23,228.29,228.35,228.23,228.24,13146.0
10:24,228.38,228.45,228.35,228.35,7232.0
10:25,228.5,228.59,228.35,228.35,5945.0
10:26,228.33,228.49,228.17,228.46,12894.0
10:27,228.26,228.26,228.1,228.25,6679.0
10:28,228.27,228.31,228.23,228.26,2495.0
10:29,228.0,228.24,228.0,228.21,3472.0
10:30,228.12,228.21,228.1,228.12,6275.0
10:31,228.09,228.12,228.07,228.12,2214.0
10:32,228.07,228.07,228.06,228.06,1174.0
10:33,228.19,228.19,228.05,228.05,6194.0
10:34,228.23,228.25,228.09,228.12,5388.0
10:35,228.21,228.27,228.16,228.22,6344.0
10:36,228.2,228.2,228.07,228.18,1760.0
10:37,228.02,228.2,228.0,228.2,9635.0
10:38,228.0,228.0,227.92,227.99,4914.0
10:39,228.08,228.09,227.96,228.01,7571.0
10:40,228.01,228.14,228.0,228.04,6763.0
10:41,228.02,228.04,227.95,228.04,3009.0
10:42,227.95,228.05,227.81,228.05,2756.0
10:43,227.89,227.89,227.76,227.87,4728.0
10:44,227.91,227.91,227.9,227.91,1286.0
10:45,227.99,228.07,227.85,227.85,2888.0
10:46,227.81,227.99,227.8,227.99,9895.0
10:47,227.85,227.87,227.85,227.86,1709.0
10:48,227.95,227.95,227.86,227.86,1740.0
10:49,227.92,227.98,227.86,227.93,4556.0
10:50,227.94,227.97,227.88,227.88,3947.0
10:51,227.87,227.9,227.87,227.9,1341.0
10:52,228.0,228.02,227.9,227.9,3762.0
10:53,228.04,228.12,227.99,228.01,6910.0
10:54,228.04,228.07,227.99,228.07,3516.0
10:55,228.08,228.08,227.99,228.04,4705.0
10:56,228.18,228.18,228.01,228.04,2943.0
10:57,228.32,228.32,228.16,228.2,3553.0
10:58,228.35,228.35,228.28,228.28,1777.0
10:59,228.51,228.6,228.41,228.41,3823.0
11:00,228.26,228.43,228.26,228.39,4300.0
11:01,228.06,228.18,228.06,228.18,4340.0
11:02,228.18,228.27,228.12,228.27,2378.0
11:03,228.03,228.13,228.01,228.12,5234.0
11:04,228.09,228.09,228.01,228.01,2731.0
11:05,227.99,228.04,227.99,228.03,4125.0
11:06,227.82,227.91,227.72,227.91,4768.0
11:07,227.96,228.03,227.79,227.79,8905.0
11:08,228.01,228.05,227.9,227.91,3880.0
11:09,227.84,228.05,227.84,228.05,2457.0
11:10,227.9,228.04,227.87,227.95,3891.0
11:11,227.94,227.97,227.86,227.93,4255.0
11:12,227.9,227.9,227.9,227.9,1560.0
11:13,227.92,227.96,227.89,227.96,2985.0
11:14,227.9,227.96,227.9,227.96,1414.0
11:15,228.03,228.03,227.95,227.96,4206.0
11:16,227.88,227.95,227.83,227.95,3621.0
11:17,227.86,227.91,227.86,227.91,3429.0
11:18,227.94,227.98,227.86,227.86,3986.0
11:19,227.99,228.05,227.99,228.04,1493.0
11:20,228.09,228.15,228.04,228.13,4720.0
11:21,227.99,228.09,227.98,227.98,1774.0
11:22,227.94,227.94,227.94,227.94,1304.0
11:23,227.96,228.05,227.94,227.99,3466.0
11:24,227.96,228.01,227.96,227.96,1807.0
11:25,228.14,228.14,227.96,227.96,4640.0
11:26,228.2,228.2,228.07,228.13,5003.0
11:27,228.14,228.23,228.14,228.23,3034.0
11:28,228.18,228.2,228.18,228.2,737.0
11:29,228.33,228.35,228.17,228.18,5658.0
11:30,228.36,228.36,228.32,228.33,2906.0
11:31,228.47,228.48,228.43,228.43,2594.0
11:32,228.36,228.47,228.36,228.45,3968.0
11:33,228.4,228.5,228.39,228.46,1710.0
11:34,228.44,228.44,228.37,228.37,1721.0
11:35,228.41,228.41,228.38,228.38,1494.0
11:36,228.37,228.46,228.33,228.36,3061.0
11:37,228.44,228.44,228.38,228.38,3048.0
11:38,228.39,228.4,228.35,228.38,3852.0
11:39,228.28,228.36,228.2,228.36,3341.0
11:40,228.19,228.26,228.17,228.24,3108.0
11:41,228.05,228.19,228.05,228.19,2843.0
11:42,227.95,228.0,227.92,228.0,2766.0
11:43,227.61,227.92,227.6,227.9,30639.0
11:44,227.55,227.69,227.5,227.64,10083.0
11:45,227.65,227.7,227.49,227.49,4943.0
11:46,227.66,227.66,227.6,227.66,3166.0
11:47,227.73,227.75,227.61,227.66,7224.0
11:48,227.75,227.75,227.68,227.75,11045.0
11:49,227.71,227.75,227.7,227.75,6175.0
11:50,227.71,227.75,227.71,227.75,6611.0
11:51,227.68,227.72,227.68,227.72,2735.0
11:52,227.67,227.7,227.67,227.7,2811.0
11:53,227.73,227.73,227.71,227.71,1769.0
11:54,227.75,227.77,227.74,227.75,15300.0
11:55,227.76,227.84,227.74,227.75,9949.0
11:56,227.72,227.87,227.64,227.75,3563.0
11:57,227.66,227.66,227.57,227.66,2301.0
11:58,227.6,227.75,227.58,227.58,2114.0
11:59,227.75,227.75,227.6,227.6,3241.0
12:00,227.87,227.87,227.65,227.75,2645.0
12:01,227.77,227.87,227.77,227.87,1419.0
12:02,227.76,227.87,227.68,227.8,7670.0
12:03,227.67,227.77,227.67,227.75,4819.0
12:04,227.79,227.82,227.79,227.82,1214.0
12:05,227.79,227.79,227.79,227.79,1200.0
12:06,227.87,227.87,227.79,227.79,2673.0
12:07,227.85,227.89,227.85,227.85,2044.0
12:08,227.9,227.9,227.85,227.85,2167.0
12:09,227.83,227.83,227.62,227.8,7413.0
12:10,227.71,227.71,227.71,227.71,1176.0
12:11,227.71,227.79,227.71,227.79,2508.0
12:12,227.72,227.79,227.7,227.79,11608.0
12:13,227.6,227.74,227.58,227.74,6800.0
12:14,227.77,227.79,227.59,227.64,30955.0
12:15,227.7,227.9,227.7,227.83,3018.0
12:16,227.91,227.91,227.91,227.91,368.0
12:17,228.0,228.0,227.94,227.98,3673.0
12:18,227.99,228.03,227.95,227.95,3412.0
12:19,227.99,227.99,227.9,227.98,3051.0
12:20,227.89,227.9,227.89,227.9,1802.0
12:21,227.88,227.88,227.88,227.88,678.0
12:22,227.54,227.8,227.54,227.8,5811.0
12:23,227.6,227.7,227.6,227.62,2863.0
12:24,227.61,227.68,227.61,227.68,785.0
12:25,227.7,227.7,227.6,227.61,3436.0
12:26,227.71,227.72,227.71,227.71,3132.0
12:27,227.76,227.77,227.71,227.71,5515.0
12:28,227.82,227.82,227.71,227.71,7898.0
12:29,227.85,227.88,227.81,227.81,3302.0
12:30,227.94,227.94,227.85,227.85,3215.0
12:31,228.04,228.04,227.93,227.99,4914.0
12:32,228.06,228.1,228.02,228.02,2160.0
12:33,228.16,228.16,228.06,228.07,3236.0
12:34,228.12,228.12,228.12,228.12,553.0
12:35,228.14,228.2,228.13,228.13,3024.0
12:36,228.2,228.24,227.99,228.08,3249.0
12:37,228.24,228.36,228.23,228.25,4924.0
12:38,228.18,228.26,228.18,228.26,2604.0
12:39,228.11,228.18,228.11,228.18,2665.0
12:40,228.18,228.35,228.01,228.08,17183.0
12:41,228.13,228.2,228.07,228.2,5225.0
12:42,228.14,228.19,228.13,228.19,2473.0
12:43,228.2,228.28,228.16,228.19,3039.0
12:44,228.24,228.29,228.18,228.26,1584.0
12:45,228.18,228.22,228.11,228.2,2500.0
12:46,228.21,228.24,228.16,228.24,2901.0
12:47,228.15,228.25,228.1,228.25,8086.0
12:48,228.11,228.2,228.11,228.2,1482.0
12:49,228.01,228.15,228.0,228.15,11513.0
12:50,228.02,228.02,227.97,228.0,1585.0
12:51,227.99,228.02,227.98,227.99,2247.0
12:52,228.04,228.05,227.99,227.99,2660.0
12:53,227.87,228.01,227.86,227.96,2897.0
12:54,227.87,227.87,227.87,227.87,1432.0
12:55,228.07,228.08,227.91,227.91,4239.0
12:56,227.99,228.13,227.99,228.13,1983.0
12:57,228.1,228.13,228.1,228.1,2817.0
12:58,228.02,228.06,228.02,228.06,2401.0
12:59,227.99,228.01,227.99,228.01,1973.0
13:00,227.95,227.95,227.95,227.95,804.0
13:01,227.94,227.97,227.93,227.95,3167.0
13:02,227.94,228.0,227.9,227.9,3524.0
13:03,228.01,228.01,227.93,227.93,2068.0
13:04,227.99,228.04,227.96,228.04,3240.0
13:05,228.01,228.01,228.01,228.01,444.0
13:06,228.08,228.11,227.98,228.01,5233.0
13:07,227.99,228.15,227.99,228.11,6136.0
13:08,228.04,228.12,228.03,228.08,3784.0
13:09,228.09,228.09,228.06,228.06,1431.0
13:10,228.05,228.05,227.99,228.0,7267.0
13:11,228.03,228.05,228.01,228.05,1481.0
13:12,228.11,228.11,228.02,228.06,2223.0
13:13,227.99,228.09,227.99,228.07,2206.0
13:14,227.98,228.04,227.98,228.04,1272.0
13:15,227.96,227.97,227.92,227.97,2441.0
13:16,227.95,227.99,227.93,227.97,2766.0
13:17,227.94,228.0,227.94,227.96,3090.0
13:18,227.89,227.95,227.89,227.95,3364.0
13:19,227.88,227.9,227.83,227.9,1275.0
13:20,227.93,227.97,227.91,227.95,1778.0
13:21,227.91,227.93,227.9,227.93,2622.0
13:22,227.88,227.97,227.88,227.95,3654.0
13:23,227.92,227.94,227.91,227.91,1080.0
13:24,227.9,227.96,227.9,227.96,2800.0
13:25,227.71,227.89,227.65,227.89,15679.0
13:26,227.61,227.67,227.6,227.67,2483.0
13:27,227.64,227.7,227.61,227.62,3704.0
13:28,227.65,227.65,227.64,227.65,1518.0
13:29,227.66,227.7,227.66,227.66,2767.0
13:30,227.72,227.73,227.66,227.66,3847.0
13:31,227.74,227.74,227.63,227.63,1711.0
13:32,227.85,227.85,227.74,227.74,7011.0
13:33,227.71,227.84,227.71,227.84,4120.0
13:34,227.8,227.82,227.65,227.65,3514.0
13:35,227.79,227.79,227.79,227.79,1501.0
13:36,227.76,227.79,227.72,227.79,1716.0
13:37,227.68,227.76,227.65,227.74,3747.0
13:38,227.54,227.6,227.54,227.6,1975.0
13:39,227.57,227.57,227.55,227.55,832.0
13:40,227.5,227.62,227.5,227.62,5436.0
13:41,227.41,227.48,227.41,227.48,4052.0
13:42,227.32,227.38,227.21,227.38,8079.0
13:43,227.35,227.36,227.31,227.31,3511.0
13:44,227.23,227.35,227.23,227.35,2891.0
13:45,227.24,227.32,227.22,227.32,4382.0
13:46,227.19,227.28,227.18,227.27,4076.0
13:47,227.14,227.23,227.13,227.23,3770.0
13:48,227.19,227.19,227.15,227.19,2615.0
13:49,227.15,227.16,227.12,227.16,2675.0
13:50,227.15,227.16,227.15,227.16,2112.0
13:51,227.25,227.29,227.17,227.18,6484.0
13:52,227.22,227.29,227.21,227.29,4780.0
13:53,227.38,227.4,227.24,227.24,5089.0
13:54,227.31,227.41,227.31,227.37,2713.0
13:55,227.39,227.41,227.39,227.4,1586.0
13:56,227.39,227.39,227.39,227.39,850.0
13:57,227.39,227.39,227.35,227.35,2002.0
13:58,227.35,227.39,227.35,227.39,4226.0
13:59,227.35,227.35,227.3,227.3,1312.0
14:00,227.37,227.41,227.35,227.41,1328.0
14:01,227.29,227.4,227.28,227.4,5632.0
14:02,227.46,227.46,227.27,227.27,8343.0
14:03,227.48,227.5,227.39,227.43,1945.0
14:04,227.46,227.49,227.36,227.36,2535.0
14:05,227.46,227.46,227.46,227.46,1366.0
14:06,227.46,227.49,227.43,227.46,3211.0
14:07,227.46,227.5,227.45,227.46,3354.0
14:08,227.51,227.51,227.41,227.51,2318.0
14:09,227.56,227.56,227.48,227.48,2408.0
14:10,227.58,227.61,227.53,227.55,5945.0
14:11,227.56,227.56,227.56,227.56,1616.0
14:12,227.4,227.51,227.39,227.51,2479.0
14:13,227.4,227.41,227.4,227.4,765.0
14:14,227.54,227.54,227.42,227.44,3928.0
14:15,227.57,227.58,227.52,227.52,3310.0
14:16,227.59,227.61,227.56,227.56,5805.0
14:17,227.53,227.65,227.53,227.65,1297.0
14:18,227.59,227.64,227.59,227.64,1809.0
14:19,227.57,227.6,227.57,227.6,1894.0
14:20,227.56,227.6,227.55,227.59,3316.0
14:21,227.63,227.64,227.52,227.54,6302.0
14:22,227.59,227.59,227.59,227.59,936.0
14:23,227.65,227.65,227.3,227.65,13501.0
14:24,227.55,227.63,227.55,227.63,2690.0
14:25,227.6,227.64,227.6,227.64,1943.0
14:26,227.53,227.61,227.53,227.6,2771.0
14:27,227.57,227.61,227.56,227.58,6202.0
14:28,227.59,227.65,227.59,227.64,1202.0
14:29,227.61,227.66,227.59,227.62,3114.0
14:30,227.58,227.62,227.58,227.6,2500.0
14:31,227.59,227.6,227.55,227.59,7860.0
14:32,227.48,227.59,227.47,227.59,9784.0
14:33,227.74,227.74,227.52,227.53,5863.0
14:34,227.67,227.72,227.67,227.72,2273.0
14:35,227.58,227.67,227.53,227.67,15929.0
14:36,227.55,227.63,227.55,227.59,2283.0
14:37,227.48,227.58,227.48,227.55,2248.0
14:38,227.56,227.56,227.48,227.48,4244.0
14:39,227.57,227.58,227.53,227.53,4518.0
14:40,227.63,227.63,227.52,227.57,3454.0
14:41,227.59,227.59,227.59,227.59,376.0
14:42,227.57,227.6,227.56,227.6,2122.0
14:43,227.53,227.57,227.53,227.57,3191.0
14:44,227.55,227.59,227.52,227.52,6088.0
14:45,227.57,227.59,227.55,227.55,1392.0
14:46,227.49,227.58,227.48,227.53,6804.0
14:47,227.51,227.59,227.47,227.53,5292.0
14:48,227.51,227.54,227.51,227.51,1361.0
14:49,227.64,227.67,227.55,227.55,5949.0
14:50,227.65,227.65,227.64,227.65,1302.0
14:51,227.63,227.68,227.56,227.68,3627.0
14:52,227.55,227.55,227.54,227.54,1478.0
14:53,227.54,227.54,227.54,227.54,1952.0
14:54,227.46,227.5,227.33,227.49,8926.0
14:55,227.4,227.42,227.38,227.38,1786.0
14:56,227.26,227.44,227.24,227.4,22060.0
14:57,227.25,227.26,227.22,227.26,3312.0
14:58,227.21,227.29,227.16,227.21,4852.0
14:59,227.27,227.27,227.2,227.22,2638.0
15:00,227.26,227.27,227.21,227.25,3267.0
15:01,227.22,227.28,227.22,227.23,3538.0
15:02,227.31,227.31,227.26,227.26,1389.0
15:03,227.29,227.29,227.26,227.26,1672.0
15:04,227.35,227.35,227.25,227.25,4641.0
15:05,227.49,227.49,227.31,227.31,5260.0
15:06,227.5,227.5,227.46,227.46,2107.0
15:07,227.41,227.52,227.39,227.47,4705.0
15:08,227.36,227.44,227.36,227.38,5121.0
15:09,227.32,227.4,227.32,227.4,3467.0
15:10,227.41,227.43,227.34,227.34,7252.0
15:11,227.44,227.48,227.34,227.34,2601.0
15:12,227.38,227.44,227.36,227.42,5657.0
15:13,227.34,227.38,227.34,227.36,2362.0
15:14,227.38,227.41,227.34,227.34,2190.0
15:15,227.47,227.47,227.38,227.38,3506.0
15:16,227.52,227.52,227.46,227.46,2787.0
15:17,227.49,227.57,227.49,227.52,1778.0
15:18,227.6,227.6,227.48,227.48,4137.0
15:19,227.6,227.6,227.6,227.6,1407.0
15:20,227.66,227.67,227.6,227.62,5551.0
15:21,227.6,227.61,227.59,227.6,4726.0
15:22,227.62,227.62,227.55,227.55,4319.0
15:23,227.55,227.57,227.55,227.55,3387.0
15:24,227.59,227.59,227.56,227.56,1742.0
15:25,227.57,227.58,227.53,227.57,2983.0
15:26,227.64,227.66,227.57,227.57,5648.0
15:27,227.65,227.65,227.63,227.63,1538.0
15:28,227.65,227.68,227.62,227.66,7351.0
15:29,227.65,227.71,227.64,227.64,3962.0
15:30,227.63,227.68,227.63,227.68,4428.0
15:31,227.62,227.64,227.61,227.64,5911.0
15:32,227.62,227.63,227.6,227.6,2084.0
15:33,227.76,227.76,227.59,227.61,8155.0
15:34,227.71,227.75,227.68,227.71,3704.0
15:35,227.73,227.75,227.69,227.7,3924.0
15:36,227.74,227.76,227.72,227.73,3232.0
15:37,227.84,227.84,227.72,227.72,5385.0
15:38,227.88,227.88,227.84,227.84,4244.0
15:39,227.93,227.94,227.9,227.9,3271.0
15:40,227.9,227.93,227.9,227.91,6027.0
15:41,227.83,227.88,227.82,227.88,6598.0
15:42,227.92,227.92,227.8,227.83,4665.0
15:43,227.94,227.98,227.89,227.9,6814.0
15:44,227.85,227.88,227.84,227.88,7554.0
15:45,227.82,227.87,227.82,227.87,14131.0
15:46,227.84,227.96,227.82,227.82,9419.0
15:47,227.87,227.92,227.84,227.84,9145.0
15:48,227.87,227.94,227.87,227.87,6771.0
15:49,227.71,227.87,227.66,227.87,12007.0
15:50,227.66,227.7,227.46,227.65,17240.0
15:51,227.81,227.81,227.7,227.71,5457.0
15:52,227.69,227.91,227.69,227.81,8288.0
15:53,227.65,227.68,227.62,227.68,8469.0
15:54,227.8,227.85,227.63,227.63,19134.0
15:55,227.99,228.02,227.84,227.86,48151.0
15:56,228.02,228.04,227.96,227.97,15689.0
15:57,228.05,228.09,227.95,228.01,19971.0
15:58,227.98,228.07,227.93,228.07,29442.0
15:59,228.0,228.03,227.95,227.99,61058.0
