Time,Close,High,Low,Open,Volume
09:30,219.27,219.9,218.6,219.12,98869.0
09:31,219.32,219.68,219.0,219.03,12667.0
09:32,219.25,219.32,219.07,219.32,2255.0
09:33,219.28,219.47,219.09,219.24,6288.0
09:34,219.55,219.55,219.21,219.49,7994.0
09:35,219.71,219.75,219.29,219.3,14157.0
09:36,219.45,219.79,219.3,219.74,7163.0
09:37,219.06,219.37,219.06,219.26,5309.0
09:38,219.21,219.41,219.0,219.17,14530.0
09:39,219.03,219.21,218.9,219.17,5553.0
09:40,218.79,218.93,218.68,218.88,20835.0
09:41,219.3,219.3,218.87,218.96,5303.0
09:42,219.1,219.28,219.07,219.28,2081.0
09:43,219.25,219.41,219.19,219.3,6805.0
09:44,219.18,219.37,219.18,219.37,5015.0
09:45,218.81,219.15,218.74,219.15,11069.0
09:46,218.43,218.66,218.36,218.62,8543.0
09:47,218.52,218.57,218.24,218.38,10609.0
09:48,218.68,218.68,218.42,218.45,5932.0
09:49,218.96,219.0,218.59,218.62,10009.0
09:50,218.88,218.9,218.88,218.9,3976.0
09:51,219.17,219.17,218.71,218.84,12143.0
09:52,219.1,219.1,218.83,218.99,3599.0
09:53,218.97,219.32,218.92,219.1,11757.0
09:54,219.09,219.14,218.98,219.12,8285.0
09:55,219.07,219.09,219.07,219.09,3119.0
09:56,219.11,219.19,218.99,218.99,6829.0
09:57,219.1,219.2,219.07,219.11,4182.0
09:58,219.22,219.25,219.11,219.15,5773.0
09:59,219.21,219.21,219.13,219.21,4302.0
10:00,219.09,219.18,219.04,219.07,9441.0
10:01,219.4,219.5,219.12,219.16,7593.0
10:02,219.4,219.48,219.3,219.37,7112.0
10:03,219.31,219.49,219.29,219.44,8286.0
10:04,219.34,219.41,219.21,219.3,11571.0
10:05,219.41,219.43,219.23,219.35,122610.0
10:06,219.42,219.49,219.35,219.49,5998.0
10:07,220.03,220.06,219.4,219.45,18293.0
10:08,220.0,220.09,219.92,220.03,13039.0
10:09,220.16,220.16,219.93,219.93,9003.0
10:10,220.04,220.15,219.96,220.07,8663.0
10:11,219.59,220.07,219.55,220.02,19290.0
10:12,219.61,219.73,219.61,219.65,4566.0
10:13,219.7,219.75,219.65,219.66,10472.0
10:14,219.79,219.98,219.76,219.81,3363.0
10:15,219.88,219.88,219.64,219.8,4193.0
10:16,220.12,220.12,219.85,219.85,5212.0
10:17,220.25,220.25,219.94,219.94,8829.0
10:18,220.24,220.36,220.18,220.23,4170.0
10:19,220.24,220.35,220.24,220.35,3855.0
10:20,220.28,220.28,220.13,220.16,4438.0
10:21,220.15,220.16,220.09,220.15,2754.0
10:22,220.02,220.32,220.02,220.32,7642.0
10:23,219.78,220.01,219.78,219.96,5390.0
10:24,219.65,219.78,219.6,219.78,5075.0
10:25,219.66,219.75,219.62,219.64,5158.0
10:26,219.6,219.63,219.46,219.52,7520.0
10:27,219.66,219.79,219.6,219.6,4014.0
10:28,219.71,219.71,219.62,219.64,3074.0
10:29,219.5,219.67,219.49,219.67,4703.0
10:30,219.3,219.48,219.28,219.48,3894.0
10:31,219.34,219.34,219.21,219.3,3325.0
10:32,219.4,219.4,219.31,219.32,4927.0
10:33,219.44,219.51,219.35,219.36,2208.0
10:34,219.43,219.52,219.43,219.43,5569.0
10:35,219.51,219.51,219.38,219.46,4924.0
10:36,219.43,219.47,219.37,219.47,5203.0
10:37,219.15,219.44,219.08,219.4,6147.0
10:38,219.25,219.32,219.14,219.14,6508.0
10:39,219.26,219.26,219.17,219.17,2362.0
10:40,219.3,219.36,219.24,219.26,2981.0
10:41,219.06,219.24,219.06,219.22,4607.0
10:42,219.24,219.29,219.11,219.11,6472.0
10:43,219.14,219.3,219.14,219.24,5458.0
10:44,219.22,219.22,219.17,219.22,3847.0
10:45,219.13,219.23,219.1,219.22,4863.0
10:46,219.11,219.15,219.1,219.1,3152.0
10:47,219.12,219.26,219.12,219.18,5492.0
10:48,219.06,219.11,219.06,219.1,2241.0
10:49,219.04,219.11,219.04,219.06,2931.0
10:50,219.03,219.04,219.03,219.04,1108.0
10:51,219.03,219.03,219.03,219.03,5160.0
10:52,218.95,218.99,218.92,218.92,1752.0
10:53,219.11,219.11,218.95,218.96,4555.0
10:54,219.21,219.21,219.09,219.17,7964.0
10:55,219.34,219.34,219.18,219.18,5259.0
10:56,219.19,219.3,219.19,219.3,3485.0
10:57,219.1,219.2,219.1,219.14,6490.0
10:58,219.07,219.15,219.07,219.15,3632.0
10:59,218.99,219.11,218.99,219.07,5151.0
11:00,218.95,219.02,218.92,219.02,3335.0
11:01,218.89,218.95,218.85,218.92,4431.0
11:02,218.95,218.99,218.94,218.95,3990.0
11:03,219.01,219.08,218.97,218.98,7750.0
11:04,219.08,219.17,219.01,219.01,11510.0
11:05,219.1,219.17,219.08,219.17,6173.0
11:06,219.35,219.41,219.16,219.16,6239.0
11:07,219.43,219.47,219.29,219.35,4686.0
11:08,219.34,219.43,219.33,219.43,10168.0
11:09,219.08,219.3,219.07,219.3,6688.0
11:10,219.0,219.03,218.98,218.98,1563.0
11:11,219.0,219.11,219.0,219.01,6397.0
11:12,218.98,219.01,218.96,218.96,3601.0
11:13,219.18,219.18,218.98,219.04,7100.0
11:14,219.25,219.31,219.18,219.18,5406.0
11:15,219.35,219.36,219.29,219.3,4473.0
11:16,219.3,219.32,219.29,219.32,3706.0
11:17,219.2,219.33,219.2,219.25,2924.0
11:18,219.14,219.23,219.14,219.22,5659.0
11:19,219.27,219.27,219.16,219.18,3094.0
11:20,219.18,219.26,219.14,219.2,4075.0
11:21,219.18,219.18,219.18,219.18,898.0
11:22,219.02,219.18,219.0,219.18,7165.0
11:23,218.98,218.99,218.98,218.98,2678.0
11:24,218.98,219.02,218.98,218.98,3414.0
11:25,218.99,219.03,218.97,218.99,5087.0
11:26,218.94,218.99,218.94,218.99,4052.0
11:27,218.98,219.03,218.95,218.95,6116.0
11:28,218.98,219.01,218.9,218.93,4892.0
11:29,218.91,218.97,218.88,218.97,3916.0
11:30,218.85,218.95,218.85,218.91,3826.0
11:31,218.83,218.92,218.83,218.88,4492.0
11:32,218.85,218.91,218.79,218.79,7608.0
11:33,219.04,219.04,218.84,218.91,4525.0
11:34,219.04,219.09,219.04,219.06,5570.0
11:35,219.13,219.13,219.05,219.1,3763.0
11:36,219.04,219.22,219.02,219.15,6432.0
11:37,218.91,219.08,218.85,219.07,4551.0
11:38,218.71,219.06,218.58,218.9,16500.0
11:39,218.71,218.79,218.61,218.76,7708.0
11:40,218.61,218.79,218.56,218.73,4009.0
11:41,218.64,218.74,218.5,218.69,13676.0
11:42,218.73,218.76,218.57,218.57,8201.0
11:43,218.73,218.88,218.67,218.8,4783.0
11:44,218.83,218.83,218.77,218.77,3742.0
11:45,218.55,218.8,218.55,218.8,11211.0
11:46,218.71,218.76,218.54,218.54,10174.0
11:47,218.6,218.7,218.6,218.7,2115.0
11:48,218.62,218.71,218.6,218.61,3271.0
11:49,218.78,218.79,218.73,218.73,3491.0
11:50,218.8,218.87,218.77,218.77,7331.0
11:51,218.77,218.86,218.64,218.86,3850.0
11:52,218.79,218.79,218.79,218.79,2628.0
11:53,218.75,218.79,218.67,218.79,5188.0
11:54,218.67,218.68,218.67,218.67,2031.0
11:55,218.74,218.8,218.71,218.75,1452.0
11:56,218.79,218.83,218.74,218.74,3046.0
11:57,218.77,218.78,218.71,218.74,5674.0
11:58,218.76,218.76,218.76,218.76,1942.0
11:59,218.86,218.91,218.84,218.84,5073.0
12:00,218.75,218.81,218.75,218.81,2389.0
12:01,218.7,218.75,218.67,218.75,2671.0
12:02,218.69,218.72,218.66,218.72,3701.0
12:03,218.84,218.89,218.74,218.74,4547.0
12:04,218.88,218.9,218.88,218.88,3371.0
12:05,218.78,218.85,218.78,218.84,2668.0
12:06,218.87,218.87,218.8,218.8,2007.0
12:07,218.82,218.91,218.8,218.8,3522.0
12:08,218.84,218.85,218.76,218.82,2704.0
12:09,218.91,218.95,218.85,218.9,7288.0
12:10,218.95,218.96,218.89,218.89,15942.0
12:11,218.96,219.05,218.93,218.93,162024.0
12:12,219.01,219.02,218.92,219.01,10280.0
12:13,219.11,219.12,219.05,219.05,4915.0
12:14,219.06,219.09,219.02,219.08,4954.0
12:15,219.04,219.07,218.91,219.07,5847.0
12:16,219.04,219.05,219.01,219.04,2523.0
12:17,219.08,219.1,219.06,219.09,3678.0
12:18,219.13,219.15,219.06,219.07,4981.0
12:19,219.13,219.15,219.13,219.15,1151.0
12:20,219.19,219.21,219.16,219.17,7033.0
12:21,219.23,219.23,219.11,219.16,5023.0
12:22,219.27,219.31,219.2,219.22,5442.0
12:23,219.22,219.26,219.18,219.26,3218.0
12:24,219.17,219.21,219.17,219.21,3335.0
12:25,219.29,219.31,219.18,219.18,6140.0
12:26,219.25,219.32,219.25,219.3,4522.0
12:27,219.28,219.28,219.24,219.24,2060.0
12:28,219.28,219.36,219.28,219.32,2980.0
12:29,219.19,219.28,219.15,219.28,4330.0
12:30,219.26,219.26,219.24,219.25,2945.0
12:31,219.24,219.26,219.23,219.26,3813.0
12:32,219.2,219.25,219.2,219.21,4681.0
12:33,219.21,219.25,219.19,219.21,7336.0
12:34,219.04,219.27,219.04,219.22,7045.0
12:35,219.02,219.2,219.02,219.15,5446.0
12:36,219.0,219.13,219.0,219.08,3847.0
12:37,218.91,219.03,218.91,219.0,7772.0
12:38,218.98,219.01,218.97,218.98,2530.0
12:39,218.94,219.0,218.84,219.0,10116.0
12:40,218.99,219.0,218.96,218.97,3610.0
12:41,218.88,218.95,218.88,218.94,2341.0
12:42,218.9,218.9,218.88,218.88,2871.0
12:43,218.98,218.98,218.91,218.91,3874.0
12:44,219.06,219.06,218.94,218.94,4878.0
12:45,219.12,219.15,219.06,219.06,4640.0
12:46,219.12,219.14,219.1,219.14,3129.0
12:47,219.05,219.12,219.05,219.12,3040.0
12:48,219.29,219.32,219.11,219.13,10039.0
12:49,219.17,219.32,219.17,219.32,6167.0
12:50,219.17,219.18,219.12,219.12,2076.0
12:51,219.1,219.1,219.1,219.1,793.0
12:52,218.97,219.08,218.97,219.08,2779.0
12:53,218.82,218.97,218.8,218.91,5956.0
12:54,218.81,218.9,218.79,218.85,4739.0
12:55,218.8,218.82,218.77,218.79,3522.0
12:56,218.89,218.89,218.84,218.84,1708.0
12:57,218.93,218.95,218.89,218.89,2065.0
12:58,218.96,219.0,218.93,218.93,2664.0
12:59,218.95,218.95,218.95,218.95,1554.0
13:00,218.92,218.96,218.9,218.96,1542.0
13:01,218.96,218.96,218.93,218.93,2626.0
13:02,218.96,218.97,218.94,218.96,3476.0
13:03,218.9,218.96,218.9,218.96,2274.0
13:04,218.9,218.91,218.89,218.89,2441.0
13:05,218.9,218.9,218.82,218.82,980.0
13:06,218.82,218.88,218.78,218.88,6225.0
13:07,218.86,218.92,218.8,218.8,4367.0
13:08,218.82,218.86,218.82,218.86,2472.0
13:09,218.9,218.92,218.84,218.84,3435.0
13:10,218.97,218.97,218.97,218.97,666.0
13:11,219.04,219.07,219.03,219.03,1523.0
13:12,219.05,219.05,218.98,219.04,4297.0
13:13,219.15,219.15,219.07,219.07,1862.0
13:14,219.1,219.12,219.09,219.12,2991.0
13:15,219.1,219.1,219.06,219.06,2397.0
13:16,219.06,219.06,219.04,219.04,1069.0
13:17,219.06,219.06,219.06,219.06,870.0
13:18,219.1,219.14,219.07,219.07,4226.0
13:19,219.22,219.23,219.17,219.17,2667.0
13:20,219.19,219.26,219.19,219.25,6147.0
13:21,219.18,219.21,219.18,219.2,2329.0
13:22,219.1,219.16,219.06,219.15,4222.0
13:23,219.14,219.15,219.1,219.1,1606.0
13:24,219.09,219.13,219.09,219.09,2027.0
13:25,219.21,219.22,219.1,219.1,3226.0
13:26,219.15,219.21,219.15,219.21,2477.0
13:27,219.16,219.23,219.16,219.19,3121.0
13:28,219.18,219.18,219.16,219.17,1546.0
13:29,219.18,219.2,219.18,219.18,1766.0
13:30,219.16,219.18,219.15,219.15,1721.0
13:31,219.13,219.18,219.03,219.18,5367.0
13:32,219.11,219.11,219.1,219.11,2911.0
13:33,219.12,219.13,219.08,219.08,1738.0
13:34,219.12,219.15,219.1,219.14,4792.0
13:35,219.21,219.21,219.15,219.15,2914.0
13:36,219.17,219.21,219.16,219.21,2505.0
13:37,219.3,219.31,219.18,219.2,5039.0
13:38,219.31,219.36,219.27,219.29,5717.0
13:39,219.29,219.31,219.27,219.31,2504.0
13:40,219.32,219.32,219.27,219.29,2078.0
13:41,219.27,219.31,219.27,219.3,3577.0
13:42,219.23,219.23,219.23,219.23,1636.0
13:43,219.24,219.28,219.24,219.24,4593.0
13:44,219.14,219.22,219.11,219.22,3877.0
13:45,219.13,219.16,219.13,219.16,3242.0
13:46,219.15,219.16,219.11,219.13,4187.0
13:47,219.38,219.4,219.15,219.15,10628.0
13:48,219.43,219.46,219.38,219.4,5670.0
13:49,219.56,219.63,219.42,219.46,20880.0
13:50,219.3,219.58,219.15,219.57,18077.0
13:51,219.26,219.32,219.21,219.29,4563.0
13:52,219.35,219.35,219.27,219.27,1330.0
13:53,219.59,219.59,219.35,219.35,4606.0
13:54,219.53,219.55,219.5,219.52,3347.0
13:55,219.55,219.59,219.54,219.55,4626.0
13:56,219.47,219.57,219.47,219.52,4795.0
13:57,219.48,219.53,219.48,219.53,966.0
13:58,219.57,219.57,219.44,219.44,2717.0
13:59,219.54,219.58,219.54,219.54,1758.0
14:00,219.41,219.55,219.41,219.55,3136.0
14:01,219.43,219.44,219.41,219.41,2507.0
14:02,219.41,219.46,219.39,219.41,4690.0
14:03,219.57,219.59,219.46,219.49,8032.0
14:04,219.63,219.65,219.6,219.6,9143.0
14:05,219.81,219.81,219.63,219.63,9376.0
14:06,219.9,219.9,219.83,219.85,7729.0
14:07,219.9,219.9,219.86,219.9,10391.0
14:08,219.97,219.97,219.92,219.92,2552.0
14:09,220.0,220.01,219.91,219.94,10515.0
14:10,220.01,220.02,219.95,220.02,5487.0
14:11,219.91,220.04,219.89,220.01,3775.0
14:12,219.63,219.9,219.62,219.9,6077.0
14:13,219.73,219.73,219.63,219.63,2992.0
14:14,219.75,219.75,219.68,219.69,3349.0
14:15,219.75,219.82,219.75,219.75,5148.0
14:16,219.79,219.79,219.76,219.76,2236.0
14:17,219.75,219.79,219.75,219.79,3660.0
14:18,219.8,219.8,219.73,219.73,1627.0
14:19,219.84,219.84,219.78,219.78,5265.0
14:20,219.93,219.99,219.78,219.78,10726.0
14:21,219.95,219.96,219.91,219.93,3725.0
14:22,219.85,219.95,219.85,219.95,5792.0
14:23,219.79,219.86,219.79,219.85,11018.0
14:24,219.9,219.92,219.79,219.79,4455.0
14:25,219.95,219.96,219.87,219.9,8512.0
14:26,220.07,220.1,219.99,220.0,4549.0
14:27,220.05,220.09,220.04,220.07,2061.0
14:28,220.04,220.12,220.0,220.12,2876.0
14:29,220.0,220.04,219.99,220.04,2143.0
14:30,220.09,220.13,219.95,219.95,2939.0
14:31,220.24,220.24,220.1,220.15,14084.0
14:32,220.23,220.24,220.17,220.24,4494.0
14:33,220.22,220.23,220.17,220.19,2140.0
14:34,220.32,220.32,220.18,220.22,7577.0
14:35,220.31,220.33,220.24,220.3,5581.0
14:36,220.34,220.36,220.31,220.31,3974.0
14:37,220.3,220.35,220.3,220.34,5646.0
14:38,220.23,220.31,220.23,220.31,3670.0
14:39,220.26,220.26,220.23,220.26,3584.0
14:40,220.25,220.26,220.2,220.26,8958.0
14:41,220.21,220.29,220.2,220.26,8266.0
14:42,220.17,220.25,220.08,220.21,22931.0
14:43,220.13,220.17,220.11,220.17,8585.0
14:44,220.18,220.19,220.09,220.13,15359.0
14:45,220.18,220.26,220.18,220.21,5383.0
14:46,220.22,220.24,220.22,220.23,3530.0
14:47,220.16,220.2,220.16,220.2,3928.0
14:48,220.07,220.14,219.99,220.14,8073.0
14:49,220.22,220.22,220.08,220.08,7695.0
14:50,220.34,220.34,220.21,220.25,5494.0
14:51,220.32,220.36,220.29,220.32,4963.0
14:52,220.33,220.37,220.3,220.34,9666.0
14:53,220.36,220.38,220.33,220.33,4115.0
14:54,220.34,220.36,220.33,220.35,4987.0
14:55,220.31,220.32,220.3,220.32,6730.0
14:56,220.32,220.32,220.29,220.29,1133.0
14:57,220.19,220.32,220.19,220.32,7644.0
14:58,220.15,220.19,220.15,220.18,4293.0
14:59,220.14,220.16,220.09,220.16,4822.0
15:00,220.1,220.16,220.06,220.14,5743.0
15:01,220.18,220.19,220.1,220.1,5023.0
15:02,220.2,220.21,220.15,220.17,8112.0
15:03,220.18,220.18,220.16,220.18,2805.0
15:04,220.2,220.2,220.17,220.2,3105.0
15:05,220.2,220.21,220.16,220.18,6954.0
15:06,220.15,220.25,220.14,220.22,13760.0
15:07,220.14,220.16,220.12,220.16,4146.0
15:08,220.18,220.2,220.12,220.14,6549.0
15:09,220.2,220.24,220.17,220.21,27423.0
15:10,220.17,220.25,220.17,220.2,6468.0
15:11,220.15,220.22,220.15,220.18,3806.0
15:12,220.15,220.16,220.12,220.12,4690.0
15:13,220.17,220.17,220.08,220.1,6654.0
15:14,220.19,220.22,220.13,220.13,3700.0
15:15,220.09,220.25,220.08,220.22,10474.0
15:16,220.02,220.1,220.02,220.05,5365.0
15:17,219.87,220.04,219.8,220.04,18923.0
15:18,219.9,219.91,219.9,219.91,2251.0
15:19,219.88,219.9,219.82,219.88,8521.0
15:20,219.87,219.93,219.85,219.89,6805.0
15:21,219.83,219.9,219.83,219.9,3390.0
15:22,219.81,219.85,219.81,219.83,11687.0
15:23,219.99,220.0,219.81,219.85,17554.0
15:24,219.88,219.96,219.8,219.96,35245.0
15:25,219.96,220.01,219.9,219.9,8880.0
15:26,219.89,219.96,219.87,219.96,23478.0
15:27,219.95,219.98,219.86,219.89,20722.0
15:28,219.96,219.97,219.94,219.95,5974.0
15:29,219.9,219.96,219.77,219.96,19947.0
15:30,219.83,219.9,219.77,219.9,8408.0
15:31,219.8,219.85,219.76,219.85,19040.0
15:32,219.75,219.82,219.74,219.8,7403.0
15:33,219.6,219.76,219.59,219.75,23115.0
15:34,219.55,219.64,219.55,219.63,7048.0
15:35,219.53,219.56,219.5,219.51,10270.0
15:36,219.5,219.6,219.46,219.56,13365.0
15:37,219.43,219.52,219.39,219.5,8332.0
15:38,219.43,219.5,219.43,219.46,4878.0
15:39,219.46,219.48,219.4,219.48,8495.0
15:40,219.38,219.48,219.38,219.46,9053.0
15:41,219.31,219.39,219.26,219.39,7828.0
15:42,219.33,219.33,219.24,219.3,10293.0
15:43,219.4,219.45,219.32,219.34,40817.0
15:44,219.35,219.42,219.32,219.37,7794.0
15:45,219.43,219.54,219.38,219.38,49867.0
15:46,219.39,219.45,219.38,219.39,21986.0
15:47,219.39,219.48,219.37,219.39,25826.0
15:48,219.3,219.41,219.3,219.38,21405.0
15:49,219.32,219.34,219.28,219.32,12379.0
15:50,219.29,219.47,219.26,219.34,29808.0
15:51,219.19,219.37,219.15,219.29,38297.0
15:52,218.93,219.15,218.88,219.15,18326.0
15:53,218.74,218.93,218.67,218.92,20241.0
15:54,218.68,218.77,218.66,218.74,18391.0
15:55,218.46,218.67,218.38,218.64,42382.0
15:56,218.29,218.49,218.27,218.45,22623.0
15:57,218.24,218.35,218.23,218.28,51869.0
15:58,218.47,218.47,218.25,218.25,59909.0
15:59,218.33,218.48,218.29,218.46,83009.0
