Time,Close,High,Low,Open,Volume
09:30,172.36,173.23,171.49,171.63,553756.0
09:31,172.31,173.39,171.79,172.5,76354.0
09:32,171.38,173.01,171.26,172.27,72094.0
09:33,172.95,173.16,171.4,171.54,67413.0
09:34,172.17,173.14,171.26,173.0,74514.0
09:35,172.42,172.8,172.15,172.19,41041.0
09:36,171.88,172.66,171.65,172.46,69482.0
09:37,170.36,172.2,170.26,172.11,76611.0
09:38,168.39,170.76,168.26,170.38,179907.0
09:39,168.58,168.8,168.01,168.44,96213.0
09:40,168.23,168.73,167.58,168.35,98768.0
09:41,169.83,170.3,168.07,168.2,119878.0
09:42,170.82,171.11,169.82,169.92,81857.0
09:43,170.03,170.82,169.75,170.82,75897.0
09:44,168.9,170.06,168.75,169.91,79637.0
09:45,168.52,169.76,168.44,168.9,60473.0
09:46,168.28,168.81,167.86,168.43,69076.0
09:47,168.44,168.8,168.12,168.25,35652.0
09:48,168.19,168.75,167.9,168.33,53287.0
09:49,167.1,168.16,166.6,168.16,82498.0
09:50,166.32,166.99,166.01,166.99,119676.0
09:51,166.76,166.85,166.15,166.28,1158479.0
09:52,168.37,168.8,166.69,166.85,1.0
09:53,169.33,169.43,168.28,168.4,85150.0
09:54,169.68,169.85,169.1,169.29,63222.0
09:55,170.18,171.04,169.46,169.75,75261.0
09:56,170.94,171.04,170.04,170.24,38822.0
09:57,170.66,171.6,170.62,170.91,62230.0
09:58,170.6,171.0,170.08,170.85,39280.0
09:59,171.68,171.68,170.67,170.72,45472.0
10:00,171.88,172.18,171.31,171.68,74972.0
10:01,171.72,171.97,171.22,171.88,56410.0
10:02,171.54,171.99,171.11,171.71,35014.0
10:03,171.7,171.8,171.1,171.43,41737.0
10:04,171.71,171.83,171.3,171.54,33511.0
10:05,171.96,172.2,171.59,171.89,60708.0
10:06,172.4,172.75,171.96,172.02,48285.0
10:07,172.82,172.94,172.24,172.4,50311.0
10:08,172.09,173.0,171.71,172.85,84270.0
10:09,172.21,172.86,172.15,172.29,35043.0
10:10,172.26,172.83,172.07,172.16,39013.0
10:11,171.49,172.46,171.2,172.46,44937.0
10:12,171.43,171.71,170.8,171.46,72744.0
10:13,171.67,171.71,171.03,171.41,31742.0
10:14,171.58,172.28,171.42,171.71,34809.0
10:15,171.8,172.35,171.51,171.69,32117.0
10:16,171.21,171.76,170.98,171.76,1515364.0
10:17,170.77,171.46,170.7,171.26,1.0
10:18,171.07,171.5,170.81,170.83,47333.0
10:19,170.6,171.66,170.4,171.5,43948.0
10:20,171.18,171.32,170.41,170.68,35370.0
10:21,171.08,171.27,170.71,171.05,13832.0
10:22,171.36,171.65,171.0,171.36,15436.0
10:23,172.0,172.2,171.59,171.59,29518.0
10:24,171.6,172.02,171.0,172.02,27048.0
10:25,170.99,171.71,170.7,171.54,24345.0
10:26,171.01,171.44,170.78,170.93,15540.0
10:27,171.69,171.81,170.9,171.0,14615.0
10:28,171.87,172.2,171.64,171.64,24573.0
10:29,171.08,172.03,171.0,171.95,17466.0
10:30,170.34,171.16,170.3,171.08,43551.0
10:31,171.1,171.1,170.4,170.44,28099.0
10:32,170.92,171.33,170.75,171.09,29013.0
10:33,171.15,171.33,170.96,171.1,14235.0
10:34,171.37,171.71,171.17,171.25,36593.0
10:35,172.19,172.19,171.05,171.37,30438.0
10:36,172.23,172.49,172.04,172.15,24735.0
10:37,172.65,172.69,172.08,172.45,29563.0
10:38,172.8,172.81,172.07,172.5,35003.0
10:39,173.46,173.73,172.66,172.73,69317.0
10:40,173.61,173.82,173.0,173.39,46609.0
10:41,173.09,173.79,173.0,173.72,33715.0
10:42,173.7,173.92,172.97,173.07,41274.0
10:43,173.9,173.95,173.3,173.73,45386.0
10:44,173.76,174.25,173.56,173.95,62668.0
10:45,173.7,174.22,173.7,173.76,37359.0
10:46,173.4,173.81,173.3,173.76,33942.0
10:47,173.4,173.69,173.07,173.56,25834.0
10:48,174.09,174.12,173.22,173.3,39878.0
10:49,174.13,174.45,174.02,174.07,32370.0
10:50,173.96,174.34,173.88,174.0,31422.0
10:51,173.99,174.73,173.8,174.01,72074.0
10:52,173.32,173.99,173.14,173.99,30732.0
10:53,173.25,173.7,173.02,173.49,31825.0
10:54,172.6,173.36,172.6,173.2,30120.0
10:55,172.2,172.65,172.03,172.6,27692.0
10:56,172.57,172.65,172.01,172.1,17812.0
10:57,173.01,173.08,172.5,172.65,17523.0
10:58,173.07,173.13,172.65,173.06,19443.0
10:59,173.35,173.43,173.05,173.13,20923.0
11:00,173.35,173.59,173.18,173.34,21201.0
11:01,173.48,173.5,173.0,173.38,21030.0
11:02,174.35,174.35,173.41,173.41,32052.0
11:03,174.24,174.61,174.0,174.35,35547.0
11:04,174.76,174.9,174.16,174.24,38204.0
11:05,174.57,174.8,174.3,174.79,56977.0
11:06,173.68,174.6,173.62,174.5,20839.0
11:07,173.54,173.93,173.31,173.67,26829.0
11:08,173.29,173.48,173.06,173.44,36342.0
11:09,173.62,173.95,173.04,173.34,36448.0
11:10,173.16,173.62,173.04,173.59,13752.0
11:11,173.02,173.16,172.77,173.12,21759.0
11:12,173.79,173.82,172.94,172.97,17912.0
11:13,173.3,173.86,173.14,173.8,16827.0
11:14,172.81,173.27,172.57,173.27,20408.0
11:15,172.64,172.89,172.46,172.79,18373.0
11:16,172.96,172.99,172.52,172.59,13346.0
11:17,172.66,173.09,172.6,172.84,18469.0
11:18,172.7,172.73,172.48,172.57,9200.0
11:19,173.6,173.6,172.64,172.66,21052.0
11:20,173.95,174.21,173.48,173.59,51541.0
11:21,173.02,173.9,173.02,173.84,18177.0
11:22,173.51,173.62,173.09,173.1,15710.0
11:23,173.27,173.57,173.11,173.5,12995.0
11:24,173.13,173.34,172.83,173.23,20550.0
11:25,173.22,173.33,172.8,173.2,25210.0
11:26,173.47,173.48,173.15,173.19,16817.0
11:27,173.48,173.72,173.33,173.39,16040.0
11:28,173.69,173.71,173.34,173.46,15204.0
11:29,173.39,173.78,173.31,173.67,13843.0
11:30,173.37,173.54,173.17,173.4,16047.0
11:31,173.26,173.46,173.0,173.37,14322.0
11:32,173.4,173.51,173.16,173.26,10300.0
11:33,173.75,173.75,173.33,173.4,17744.0
11:34,173.61,174.13,173.61,173.7,20128.0
11:35,173.19,173.78,173.02,173.61,18890.0
11:36,173.58,173.66,173.14,173.16,32947.0
11:37,173.62,173.91,173.51,173.6,21354.0
11:38,173.36,173.63,173.31,173.61,24313.0
11:39,173.17,173.42,172.88,173.41,39324.0
11:40,173.4,173.5,172.98,173.18,12364.0
11:41,173.44,173.64,173.32,173.43,13853.0
11:42,173.63,173.71,173.35,173.35,17811.0
11:43,173.61,173.89,173.55,173.73,20122.0
11:44,173.53,173.79,173.49,173.7,13106.0
11:45,173.5,173.67,173.4,173.53,9058.0
11:46,173.75,173.81,173.5,173.55,37442.0
11:47,174.12,174.25,173.71,173.71,37316.0
11:48,173.89,174.28,173.75,174.14,25108.0
11:49,173.97,174.08,173.61,173.81,19465.0
11:50,173.63,173.93,173.63,173.93,12898.0
11:51,173.7,173.92,173.5,173.73,8291.0
11:52,173.38,173.72,173.28,173.63,16961.0
11:53,173.3,173.42,173.2,173.4,20528.0
11:54,173.35,173.5,172.91,173.22,25369.0
11:55,173.07,173.3,172.88,173.3,16155.0
11:56,173.31,173.56,173.02,173.06,29587.0
11:57,173.1,173.43,173.02,173.39,13590.0
11:58,173.03,173.15,172.95,173.04,14601.0
11:59,173.05,173.32,173.03,173.1,17815.0
12:00,173.77,173.92,173.15,173.15,16820.0
12:01,174.21,174.29,173.7,173.7,2322072.0
12:02,174.13,174.24,173.92,174.24,1.0
12:03,174.02,174.1,173.6,174.06,17239.0
12:04,174.01,174.88,174.0,174.08,76445.0
12:05,173.97,174.08,173.68,173.96,15528.0
12:06,174.16,174.34,173.42,173.97,23976.0
12:07,174.18,174.41,174.04,174.15,14807.0
12:08,173.71,174.24,173.6,174.24,18007.0
12:09,173.13,173.67,172.88,173.67,24581.0
12:10,173.21,173.45,172.98,173.1,9199.0
12:11,172.94,173.24,172.63,173.09,25478.0
12:12,172.99,173.1,172.8,172.94,18928.0
12:13,172.82,173.03,172.67,173.03,12824.0
12:14,173.03,173.23,172.79,172.79,11382.0
12:15,173.0,173.15,172.65,173.0,19937.0
12:16,173.6,173.76,173.01,173.04,21114.0
12:17,173.88,173.95,173.66,173.66,18085.0
12:18,173.87,174.06,173.74,173.8,17385.0
12:19,174.04,174.19,173.85,173.9,9284.0
12:20,173.84,174.09,173.69,173.96,10929.0
12:21,174.06,174.23,173.63,173.77,23078.0
12:22,173.94,174.19,173.85,174.06,18930.0
12:23,174.09,174.09,173.68,173.98,12764.0
12:24,174.21,174.57,173.91,174.0,40117.0
12:25,174.59,174.75,174.09,174.18,39475.0
12:26,175.01,175.19,174.5,174.59,69801.0
12:27,175.07,175.17,174.84,175.0,35347.0
12:28,175.15,175.28,174.9,175.09,33623.0
12:29,174.6,175.03,174.55,175.03,37427.0
12:30,174.73,174.89,174.53,174.57,27582.0
12:31,174.51,174.85,174.35,174.76,28064.0
12:32,174.61,174.83,174.21,174.43,15769.0
12:33,174.69,174.9,174.65,174.82,30999.0
12:34,175.57,175.6,174.67,174.71,39601.0
12:35,174.9,175.62,174.9,175.57,37979.0
12:36,175.11,175.12,174.79,174.94,20991.0
12:37,175.11,175.36,174.89,175.1,38022.0
12:38,175.86,175.86,175.0,175.09,46653.0
12:39,175.68,175.99,175.52,175.89,46772.0
12:40,175.85,176.0,175.6,175.9,16232.0
12:41,175.52,175.85,175.3,175.85,21859.0
12:42,175.61,175.7,175.35,175.47,49267.0
12:43,175.59,175.72,175.35,175.65,18079.0
12:44,175.49,175.67,175.24,175.65,9868.0
12:45,175.5,175.59,175.32,175.52,32551.0
12:46,175.52,175.66,175.37,175.54,22718.0
12:47,175.43,175.6,175.41,175.55,20849.0
12:48,175.9,175.9,175.43,175.47,66396.0
12:49,175.86,176.0,175.65,175.9,23392.0
12:50,175.89,176.03,175.7,175.91,13460.0
12:51,175.8,175.98,175.64,175.82,19910.0
12:52,175.55,175.84,175.24,175.84,34777.0
12:53,175.9,175.99,175.52,175.55,21483.0
12:54,175.7,176.19,175.69,175.96,30193.0
12:55,175.67,175.75,175.51,175.69,12717.0
12:56,176.04,176.1,175.6,175.72,20337.0
12:57,176.25,176.55,176.0,176.04,52399.0
12:58,176.32,176.42,176.07,176.24,34349.0
12:59,175.93,176.35,175.82,176.35,40072.0
13:00,176.09,176.18,175.9,175.91,22016.0
13:01,176.22,176.35,176.07,176.09,19505.0
13:02,176.26,176.38,176.05,176.19,36055.0
13:03,176.12,176.29,175.89,176.29,34271.0
13:04,176.1,176.22,175.89,176.09,21653.0
13:05,176.32,176.35,176.06,176.1,22337.0
13:06,176.66,176.69,176.28,176.32,44674.0
13:07,176.87,177.05,176.58,176.68,39448.0
13:08,176.87,176.88,176.6,176.84,22426.0
13:09,176.64,176.91,176.42,176.86,35618.0
13:10,176.36,176.62,176.29,176.62,13123.0
13:11,176.2,176.4,176.01,176.39,22143.0
13:12,176.19,176.33,176.01,176.2,42908.0
13:13,175.96,176.34,175.8,176.19,41722.0
13:14,176.07,176.17,175.98,176.09,13409.0
13:15,175.9,176.12,175.82,176.07,34204.0
13:16,176.15,176.15,175.68,175.95,14353.0
13:17,176.1,176.24,175.97,176.2,13140.0
13:18,176.27,176.35,176.09,176.09,9355.0
13:19,176.29,176.35,175.92,176.2,25593.0
13:20,175.95,176.36,175.93,176.22,12679.0
13:21,175.87,176.01,175.73,175.93,14057.0
13:22,175.79,175.9,175.66,175.8,12891.0
13:23,175.7,175.96,175.66,175.79,20741.0
13:24,175.67,175.82,175.63,175.81,15845.0
13:25,175.44,175.72,175.4,175.69,22804.0
13:26,175.33,175.49,175.24,175.43,26406.0
13:27,175.27,175.4,175.17,175.31,33143.0
13:28,175.45,175.51,175.26,175.34,17245.0
13:29,175.26,175.51,175.16,175.45,31120.0
13:30,175.23,175.26,175.0,175.12,23246.0
13:31,175.36,175.46,175.21,175.24,13131.0
13:32,175.69,175.74,175.39,175.4,18152.0
13:33,175.99,175.99,175.59,175.65,14366.0
13:34,175.99,176.17,175.84,175.98,16042.0
13:35,175.52,176.06,175.52,176.06,15726.0
13:36,175.45,175.9,175.42,175.62,10436.0
13:37,175.5,175.56,175.12,175.49,17797.0
13:38,175.57,175.66,175.48,175.54,6615.0
13:39,176.37,176.42,175.59,175.61,46492.0
13:40,176.5,176.59,176.23,176.38,22657.0
13:41,176.45,176.65,176.42,176.46,37186.0
13:42,176.5,176.99,176.42,176.49,75342.0
13:43,176.41,176.51,176.25,176.43,20133.0
13:44,176.76,176.85,176.31,176.41,19655.0
13:45,177.4,177.53,176.76,176.81,33013.0
13:46,177.12,177.64,177.09,177.48,25918.0
13:47,176.62,177.21,176.5,177.12,40504.0
13:48,177.24,177.35,176.62,176.7,59592.0
13:49,177.59,177.8,177.19,177.36,30971.0
13:50,177.45,177.72,177.41,177.64,29568.0
13:51,177.39,177.75,177.36,177.46,29521.0
13:52,177.69,177.69,177.27,177.4,20734.0
13:53,177.7,177.8,177.32,177.69,33554.0
13:54,177.6,177.93,177.52,177.7,21344.0
13:55,177.32,177.65,177.32,177.61,25778.0
13:56,177.54,177.56,177.3,177.39,22681.0
13:57,177.52,177.59,177.42,177.47,11398.0
13:58,177.51,177.76,177.42,177.53,36012.0
13:59,177.62,177.75,177.55,177.6,21783.0
14:00,177.92,177.96,177.5,177.55,26043.0
14:01,177.9,178.1,177.85,177.85,20955.0
14:02,177.87,178.17,177.87,177.98,33207.0
14:03,177.99,178.04,177.79,177.95,31195.0
14:04,178.09,178.23,177.87,177.99,40184.0
14:05,178.0,178.22,177.91,178.09,24224.0
14:06,177.95,178.05,177.9,178.0,18464.0
14:07,178.22,178.23,177.9,177.9,24586.0
14:08,178.07,178.23,177.9,178.15,38003.0
14:09,177.77,178.05,177.75,178.05,23365.0
14:10,177.31,177.79,177.21,177.75,38620.0
14:11,176.9,177.31,176.8,177.28,37899.0
14:12,177.12,177.13,176.8,176.93,30505.0
14:13,177.03,177.18,176.63,177.09,26399.0
14:14,177.23,177.24,176.91,177.01,27073.0
14:15,177.06,177.26,176.88,177.19,18458.0
14:16,177.0,177.33,176.97,177.04,20784.0
14:17,177.2,177.3,176.99,177.05,41899.0
14:18,177.93,177.99,177.16,177.16,32970.0
14:19,177.72,178.12,177.56,177.87,32453.0
14:20,177.72,177.82,177.51,177.73,14388.0
14:21,177.5,177.77,177.44,177.76,18479.0
14:22,177.26,177.52,177.22,177.48,13652.0
14:23,177.78,177.84,177.26,177.33,16921.0
14:24,177.81,177.89,177.61,177.79,17330.0
14:25,177.69,177.85,177.53,177.85,18960.0
14:26,177.79,177.79,177.54,177.66,11307.0
14:27,177.58,177.78,177.54,177.69,17126.0
14:28,177.76,177.83,177.24,177.58,25953.0
14:29,177.63,177.82,177.16,177.68,21669.0
14:30,177.3,177.63,177.18,177.63,19141.0
14:31,177.25,177.44,177.18,177.3,18577.0
14:32,177.24,177.29,176.81,177.25,3762940.0
14:33,177.32,177.42,177.08,177.24,1.0
14:34,177.42,177.53,177.24,177.33,32116.0
14:35,177.54,177.6,177.1,177.35,32202.0
14:36,177.69,177.71,177.23,177.54,30670.0
14:37,177.88,177.94,177.51,177.69,28040.0
14:38,178.2,178.49,177.9,177.9,46431.0
14:39,178.07,178.34,177.88,178.14,42494.0
14:40,177.84,178.17,177.35,178.07,24900.0
14:41,177.93,178.11,177.84,177.88,14570.0
14:42,177.57,178.0,177.52,177.94,29647.0
14:43,177.36,177.65,177.01,177.63,27860.0
14:44,177.27,177.49,176.97,177.37,14851.0
14:45,176.39,177.31,176.31,177.29,39064.0
14:46,176.17,176.59,176.09,176.39,28533.0
14:47,176.11,176.37,176.1,176.14,21803.0
14:48,176.26,176.3,176.02,176.15,21681.0
14:49,176.07,176.3,175.84,176.23,26101.0
14:50,176.42,176.44,175.95,176.04,27655.0
14:51,176.05,176.49,175.92,176.46,16508.0
14:52,176.06,176.15,176.01,176.04,15459.0
14:53,175.96,176.08,175.88,176.08,23140.0
14:54,176.07,176.27,175.78,176.05,27057.0
14:55,176.01,176.22,175.95,176.16,15525.0
14:56,176.14,176.15,175.83,175.98,31994.0
14:57,176.38,176.52,175.75,176.13,66111.0
14:58,176.65,176.68,176.2,176.43,22303.0
14:59,176.57,176.75,176.27,176.67,40902.0
15:00,176.82,176.88,176.6,176.6,10672.0
15:01,176.88,176.88,176.67,176.8,12660.0
15:02,177.23,177.34,176.75,176.85,16105.0
15:03,177.33,177.33,177.17,177.23,11835.0
15:04,177.42,177.5,177.08,177.36,12154.0
15:05,177.11,177.49,177.11,177.42,47431.0
15:06,177.59,177.59,176.78,177.07,71094.0
15:07,176.87,177.62,176.83,177.57,173494.0
15:08,177.09,177.42,176.87,176.99,20301.0
15:09,176.95,177.09,176.95,176.96,13745.0
15:10,177.5,177.64,176.96,176.99,49047.0
15:11,177.97,178.03,177.52,177.54,23786.0
15:12,177.78,178.04,177.68,178.0,20002.0
15:13,178.0,178.07,177.76,177.77,28875.0
15:14,177.88,178.12,177.79,178.0,43013.0
15:15,178.31,178.38,177.8,177.82,287193.0
15:16,178.4,178.51,178.23,178.23,4246485.0
15:17,178.35,178.75,178.09,178.36,1.0
15:18,178.17,178.32,178.0,178.32,21054.0
15:19,178.27,178.36,178.03,178.2,17992.0
15:20,177.95,178.35,177.82,178.21,26095.0
15:21,178.25,178.27,177.88,177.94,20320.0
15:22,178.16,178.35,178.06,178.25,25273.0
15:23,178.07,178.27,177.93,178.24,15494.0
15:24,178.09,178.18,178.0,178.14,11223.0
15:25,177.8,178.15,177.78,178.15,17867.0
15:26,177.61,177.85,177.46,177.84,13180.0
15:27,177.67,177.89,177.57,177.67,17801.0
15:28,177.53,177.81,177.5,177.7,12745.0
15:29,177.63,177.83,177.48,177.53,26167.0
15:30,177.38,177.55,177.22,177.55,14708.0
15:31,177.59,177.65,177.42,177.42,19521.0
15:32,177.41,177.66,177.41,177.59,20641.0
15:33,177.53,177.69,177.39,177.39,8840.0
15:34,177.52,177.73,177.5,177.57,21979.0
15:35,177.64,177.82,177.5,177.55,22766.0
15:36,177.64,177.8,177.62,177.69,22002.0
15:37,177.65,177.73,177.51,177.65,16493.0
15:38,177.21,177.65,177.2,177.65,18181.0
15:39,177.47,177.5,177.22,177.22,46704.0
15:40,177.33,177.57,177.29,177.45,19859.0
15:41,177.38,177.56,177.3,177.33,29065.0
15:42,177.19,177.43,177.18,177.37,21102.0
15:43,177.2,177.26,177.06,177.26,27906.0
15:44,176.94,177.3,176.94,177.2,24179.0
15:45,177.23,177.29,176.95,177.0,30230.0
15:46,177.56,177.65,177.24,177.24,31932.0
15:47,177.76,178.0,177.57,177.57,26749.0
15:48,178.03,178.1,177.74,177.74,41897.0
15:49,178.26,178.42,178.0,178.03,32261.0
15:50,178.6,178.93,178.26,178.28,77966.0
15:51,178.54,178.73,178.38,178.64,42496.0
15:52,178.62,178.74,178.42,178.56,78991.0
15:53,179.32,179.36,178.61,178.63,126775.0
15:54,178.88,179.78,178.84,179.3,174872.0
15:55,179.43,179.61,178.37,178.88,136705.0
15:56,179.16,179.46,179.1,179.4,96804.0
15:57,179.04,179.2,178.51,179.16,231672.0
15:58,178.97,179.18,178.97,179.03,137570.0
15:59,179.07,179.4,178.96,178.99,227216.0
