Time,Close,High,Low,Open,Volume
09:30,18.55,18.65,18.54,18.64,143497.0
09:31,18.53,18.67,18.53,18.58,65716.0
09:32,18.42,18.58,18.34,18.53,68073.0
09:33,18.46,18.5,18.42,18.44,59107.0
09:34,18.48,18.51,18.42,18.43,44869.0
09:35,18.51,18.51,18.38,18.48,82175.0
09:36,18.57,18.57,18.46,18.51,55744.0
09:37,18.58,18.6,18.52,18.53,26864.0
09:38,18.51,18.58,18.42,18.57,59493.0
09:39,18.57,18.58,18.51,18.55,34024.0
09:40,18.55,18.59,18.53,18.55,58587.0
09:41,18.5,18.56,18.47,18.56,15756.0
09:42,18.34,18.49,18.32,18.49,66161.0
09:43,18.41,18.42,18.33,18.36,64749.0
09:44,18.37,18.42,18.3,18.42,51360.0
09:45,18.31,18.36,18.3,18.34,28784.0
09:46,18.36,18.41,18.29,18.3,48310.0
09:47,18.32,18.39,18.29,18.36,80234.0
09:48,18.26,18.32,18.22,18.29,10117.0
09:49,18.37,18.38,18.26,18.26,28342.0
09:50,18.76,18.76,18.35,18.38,103519.0
09:51,18.97,19.0,18.73,18.74,80280.0
09:52,19.04,19.18,18.97,18.97,20262.0
09:53,19.09,19.1,19.0,19.02,40121.0
09:54,19.03,19.11,19.02,19.09,22211.0
09:55,19.02,19.06,18.99,19.04,26678.0
09:56,19.02,19.02,18.97,19.02,20055.0
09:57,19.04,19.06,18.99,19.06,47696.0
09:58,19.04,19.05,18.99,19.02,13028.0
09:59,19.06,19.08,19.04,19.06,6438.0
10:00,19.0,19.08,18.96,19.06,28951.0
10:01,18.86,18.99,18.83,18.97,23992.0
10:02,18.84,18.88,18.84,18.85,8637.0
10:03,18.73,18.84,18.72,18.84,14002.0
10:04,18.73,18.74,18.68,18.72,16464.0
10:05,18.81,18.81,18.73,18.73,24320.0
10:06,18.81,18.81,18.72,18.77,22132.0
10:07,18.71,18.8,18.67,18.8,9221.0
10:08,18.65,18.7,18.56,18.7,13791.0
10:09,18.67,18.67,18.6,18.64,10747.0
10:10,18.71,18.72,18.67,18.69,18078.0
10:11,18.72,18.77,18.68,18.68,7653.0
10:12,18.76,18.79,18.7,18.76,4261.0
10:13,18.68,18.73,18.68,18.73,5477.0
10:14,18.64,18.69,18.62,18.69,5946.0
10:15,18.59,18.68,18.55,18.64,7903.0
10:16,18.58,18.6,18.56,18.6,5576.0
10:17,18.55,18.64,18.54,18.6,10729.0
10:18,18.57,18.63,18.55,18.55,15258.0
10:19,18.61,18.72,18.55,18.56,54034.0
10:20,18.71,18.71,18.62,18.64,5405.0
10:21,18.7,18.7,18.65,18.69,14436.0
10:22,18.75,18.79,18.71,18.71,18097.0
10:23,18.78,18.81,18.71,18.74,7177.0
10:24,18.75,18.81,18.71,18.78,23823.0
10:25,18.69,18.77,18.68,18.76,41059.0
10:26,18.74,18.75,18.71,18.71,3359.0
10:27,18.75,18.78,18.72,18.75,3846.0
10:28,18.96,18.96,18.74,18.74,28921.0
10:29,18.92,19.04,18.9,18.96,32060.0
10:30,18.85,18.92,18.81,18.92,17118.0
10:31,18.83,18.87,18.79,18.84,13524.0
10:32,18.75,18.83,18.69,18.8,26582.0
10:33,18.71,18.74,18.69,18.74,1274833.0
10:34,18.74,18.76,18.71,18.72,1.0
10:35,18.75,18.75,18.7,18.73,9805.0
10:36,18.71,18.76,18.7,18.74,10502.0
10:37,18.71,18.73,18.68,18.69,5726.0
10:38,18.64,18.7,18.63,18.69,6416.0
10:39,18.61,18.66,18.61,18.65,7008.0
10:40,18.61,18.63,18.59,18.63,18044.0
10:41,18.59,18.66,18.59,18.6,14548.0
10:42,18.58,18.6,18.56,18.6,13584.0
10:43,18.55,18.58,18.53,18.57,8312.0
10:44,18.57,18.58,18.53,18.54,7549.0
10:45,18.61,18.64,18.58,18.58,1327835.0
10:46,18.66,18.66,18.6,18.62,1.0
10:47,18.7,18.71,18.6,18.64,54690.0
10:48,18.69,18.71,18.68,18.7,4511.0
10:49,18.65,18.69,18.61,18.69,6514.0
10:50,18.64,18.66,18.62,18.65,6899.0
10:51,18.57,18.65,18.57,18.65,9080.0
10:52,18.58,18.62,18.56,18.58,8524.0
10:53,18.6,18.61,18.58,18.58,2782.0
10:54,18.59,18.65,18.59,18.61,5674.0
10:55,18.64,18.65,18.62,18.62,9642.0
10:56,18.66,18.66,18.6,18.65,10225.0
10:57,18.64,18.66,18.62,18.66,5507.0
10:58,18.65,18.67,18.62,18.62,8647.0
10:59,18.62,18.66,18.59,18.66,5781.0
11:00,18.63,18.64,18.63,18.63,2376.0
11:01,18.56,18.61,18.56,18.61,5122.0
11:02,18.55,18.56,18.54,18.56,5277.0
11:03,18.59,18.6,18.56,18.56,13784.0
11:04,18.67,18.7,18.61,18.61,6121.0
11:05,18.72,18.72,18.67,18.67,8499.0
11:06,18.66,18.71,18.65,18.71,20814.0
11:07,18.65,18.67,18.64,18.65,2956.0
11:08,18.61,18.67,18.61,18.64,5366.0
11:09,18.68,18.68,18.6,18.62,48310.0
11:10,18.7,18.76,18.68,18.68,37445.0
11:11,18.7,18.7,18.68,18.69,12481.0
11:12,18.62,18.7,18.62,18.7,3723.0
11:13,18.64,18.64,18.63,18.63,12379.0
11:14,18.6,18.64,18.6,18.63,4290.0
11:15,18.58,18.59,18.56,18.59,6140.0
11:16,18.57,18.57,18.57,18.57,1485.0
11:17,18.65,18.65,18.57,18.57,6660.0
11:18,18.66,18.68,18.63,18.65,5845.0
11:19,18.68,18.69,18.66,18.66,9316.0
11:20,18.68,18.69,18.66,18.69,6333.0
11:21,18.78,18.86,18.69,18.7,31676.0
11:22,18.8,18.82,18.78,18.78,7788.0
11:23,18.89,18.89,18.82,18.82,12896.0
11:24,18.96,18.99,18.9,18.9,11726.0
11:25,18.92,18.97,18.92,18.96,23496.0
11:26,19.02,19.02,18.94,18.96,25830.0
11:27,19.14,19.16,19.0,19.01,20131.0
11:28,19.17,19.17,19.06,19.1,15193.0
11:29,19.24,19.26,19.17,19.17,96958.0
11:30,19.25,19.31,19.24,19.24,23283.0
11:31,19.24,19.34,19.24,19.29,21541.0
11:32,19.22,19.24,19.2,19.2,6784.0
11:33,19.16,19.23,19.13,19.22,12507.0
11:34,19.17,19.22,19.17,19.17,7303.0
11:35,19.16,19.17,19.1,19.17,7005.0
11:36,19.23,19.23,19.19,19.2,3557.0
11:37,19.22,19.22,19.19,19.2,3141.0
11:38,19.2,19.23,19.2,19.22,9913.0
11:39,19.16,19.22,19.14,19.2,9249.0
11:40,19.21,19.22,19.16,19.16,6466.0
11:41,19.22,19.22,19.16,19.21,6972.0
11:42,19.21,19.23,19.2,19.23,4734.0
11:43,19.21,19.25,19.21,19.22,6886.0
11:44,19.24,19.25,19.22,19.22,9953.0
11:45,19.22,19.25,19.19,19.23,7864.0
11:46,19.2,19.21,19.2,19.21,2449.0
11:47,19.22,19.23,19.17,19.22,27068.0
11:48,19.21,19.24,19.2,19.2,8523.0
11:49,19.17,19.2,19.16,19.2,6105.0
11:50,19.19,19.19,19.16,19.17,6444.0
11:51,19.17,19.17,19.15,19.17,1711.0
11:52,19.21,19.23,19.17,19.17,5854.0
11:53,19.23,19.25,19.23,19.23,20052.0
11:54,19.25,19.28,19.22,19.24,8077.0
11:55,19.23,19.23,19.19,19.22,2625.0
11:56,19.26,19.26,19.25,19.25,1752.0
11:57,19.24,19.26,19.24,19.25,1108.0
11:58,19.25,19.26,19.24,19.25,2879.0
11:59,19.27,19.28,19.25,19.25,2444.0
12:00,19.25,19.29,19.23,19.29,3518.0
12:01,19.2,19.24,19.2,19.24,2671.0
12:02,19.22,19.22,19.22,19.22,1017.0
12:03,19.12,19.21,19.12,19.21,14517.0
12:04,19.07,19.14,19.07,19.14,6782.0
12:05,19.12,19.15,19.1,19.1,5495.0
12:06,19.02,19.1,19.0,19.1,6712.0
12:07,19.06,19.07,19.04,19.04,5013.0
12:08,19.03,19.04,19.01,19.04,893.0
12:09,19.05,19.07,19.03,19.03,1029.0
12:10,19.03,19.05,19.02,19.05,2881.0
12:11,18.99,19.03,18.95,19.01,15555.0
12:12,18.98,18.99,18.96,18.98,4702.0
12:13,18.99,18.99,18.97,18.97,7751.0
12:14,18.98,18.99,18.98,18.99,1719.0
12:15,19.04,19.05,18.98,18.98,22856.0
12:16,19.03,19.05,18.99,19.0,14770.0
12:17,19.01,19.04,19.01,19.02,6685.0
12:18,19.02,19.02,19.01,19.01,6556.0
12:19,19.02,19.02,19.0,19.0,5655.0
12:20,18.99,19.01,18.98,19.01,4289.0
12:21,18.97,18.98,18.95,18.98,3674.0
12:22,18.98,18.98,18.96,18.96,2667.0
12:23,18.98,18.98,18.97,18.98,987.0
12:24,18.94,18.97,18.94,18.97,4638.0
12:25,18.93,18.94,18.91,18.94,3645.0
12:26,18.96,18.96,18.93,18.94,2104.0
12:27,18.92,18.93,18.92,18.92,4717.0
12:28,18.9,18.92,18.89,18.91,5257.0
12:29,18.92,18.93,18.9,18.9,2411.0
12:30,18.97,18.99,18.94,18.94,8102.0
12:31,18.94,18.95,18.93,18.95,2017.0
12:32,18.95,18.95,18.95,18.95,551.0
12:33,18.95,18.98,18.95,18.95,4768.0
12:34,18.99,18.99,18.97,18.98,2232.0
12:35,19.02,19.03,19.0,19.0,1815.0
12:36,18.96,19.02,18.96,19.01,3589.0
12:37,18.95,18.95,18.93,18.95,21945.0
12:38,18.95,18.95,18.93,18.95,4620.0
12:39,18.93,18.93,18.91,18.91,3140.0
12:40,18.91,18.93,18.9,18.93,2418.0
12:41,18.9,18.91,18.89,18.91,16517.0
12:42,18.95,18.96,18.91,18.91,7972.0
12:43,18.94,18.94,18.94,18.94,244.0
12:44,18.93,18.95,18.9,18.93,9705.0
12:45,18.91,18.93,18.88,18.92,16943.0
12:46,18.94,18.95,18.92,18.92,13508.0
12:47,18.91,18.95,18.89,18.93,9239.0
12:48,18.89,18.92,18.88,18.92,4720.0
12:49,18.91,18.91,18.88,18.88,2616.0
12:50,18.88,18.91,18.86,18.91,7665.0
12:51,18.83,18.87,18.83,18.86,12920.0
12:52,18.83,18.85,18.83,18.85,2967.0
12:53,18.85,18.86,18.85,18.85,3230.0
12:54,18.83,18.86,18.82,18.86,1811444.0
12:55,18.83,18.84,18.82,18.83,1.0
12:56,18.84,18.84,18.81,18.81,2813.0
12:57,18.89,18.89,18.84,18.85,2204.0
12:58,18.86,18.9,18.86,18.88,10995.0
12:59,18.86,18.87,18.85,18.87,3590.0
13:00,18.86,18.87,18.85,18.86,2981.0
13:01,18.91,18.91,18.86,18.86,11232.0
13:02,18.89,18.9,18.88,18.89,4631.0
13:03,18.88,18.88,18.88,18.88,3971.0
13:04,18.84,18.87,18.82,18.87,6701.0
13:05,18.9,18.91,18.85,18.85,6854.0
13:06,18.93,18.93,18.9,18.9,2547.0
13:07,18.87,18.93,18.87,18.93,3537.0
13:08,18.88,18.88,18.86,18.87,4842.0
13:09,18.95,18.96,18.91,18.91,5544.0
13:10,18.97,19.01,18.96,18.96,7373.0
13:11,18.91,18.96,18.9,18.96,9754.0
13:12,18.91,18.91,18.9,18.9,1982.0
13:13,18.92,18.93,18.9,18.9,8786.0
13:14,18.9,18.93,18.9,18.91,2984.0
13:15,18.86,18.9,18.86,18.9,8720.0
13:16,18.85,18.86,18.85,18.86,4009.0
13:17,18.9,18.9,18.85,18.85,9682.0
13:18,18.87,18.91,18.87,18.91,3452.0
13:19,18.89,18.89,18.88,18.88,1275.0
13:20,18.88,18.88,18.87,18.88,2266.0
13:21,18.88,18.89,18.88,18.88,5517.0
13:22,18.85,18.88,18.83,18.88,11691.0
13:23,18.88,18.88,18.85,18.85,6418.0
13:24,18.9,18.9,18.87,18.87,7840.0
13:25,18.92,18.92,18.9,18.92,5717.0
13:26,18.91,18.93,18.9,18.93,11943.0
13:27,18.93,18.94,18.92,18.92,1782.0
13:28,18.93,18.94,18.9,18.93,5653.0
13:29,18.92,18.95,18.92,18.95,1648.0
13:30,18.89,18.92,18.89,18.9,9979.0
13:31,18.86,18.88,18.85,18.88,4297.0
13:32,18.87,18.88,18.86,18.86,5067.0
13:33,18.86,18.88,18.86,18.87,3853.0
13:34,18.84,18.87,18.84,18.86,7734.0
13:35,18.83,18.86,18.83,18.85,2143.0
13:36,18.86,18.86,18.83,18.83,1746.0
13:37,18.79,18.87,18.79,18.86,10020.0
13:38,18.78,18.79,18.77,18.79,16220.0
13:39,18.67,18.77,18.67,18.77,19355.0
13:40,18.69,18.7,18.67,18.67,8233.0
13:41,18.71,18.71,18.67,18.69,5819.0
13:42,18.78,18.79,18.71,18.71,12643.0
13:43,18.75,18.79,18.75,18.78,7656.0
13:44,18.81,18.81,18.76,18.76,5737.0
13:45,18.82,18.82,18.8,18.81,2772.0
13:46,18.81,18.82,18.79,18.8,12900.0
13:47,18.84,18.84,18.79,18.81,7554.0
13:48,18.84,18.86,18.83,18.85,9950.0
13:49,18.83,18.85,18.83,18.83,3282.0
13:50,18.8,18.84,18.8,18.84,10005.0
13:51,18.79,18.8,18.75,18.79,35622.0
13:52,18.75,18.8,18.75,18.79,2788.0
13:53,18.75,18.76,18.75,18.75,1863.0
13:54,18.72,18.76,18.7,18.75,8108.0
13:55,18.67,18.72,18.67,18.72,15683.0
13:56,18.65,18.69,18.65,18.67,5313.0
13:57,18.65,18.69,18.65,18.67,6796.0
13:58,18.6,18.64,18.6,18.64,14851.0
13:59,18.62,18.62,18.6,18.6,2666.0
14:00,18.63,18.63,18.59,18.59,8524.0
14:01,18.62,18.63,18.61,18.63,5493.0
14:02,18.62,18.63,18.61,18.61,3586.0
14:03,18.58,18.62,18.58,18.62,4769.0
14:04,18.58,18.58,18.55,18.56,5563.0
14:05,18.58,18.59,18.55,18.57,10920.0
14:06,18.6,18.6,18.58,18.58,7127.0
14:07,18.59,18.62,18.58,18.62,5007.0
14:08,18.65,18.65,18.6,18.6,6491.0
14:09,18.58,18.64,18.56,18.63,14308.0
14:10,18.56,18.57,18.54,18.56,14073.0
14:11,18.55,18.57,18.53,18.57,4702.0
14:12,18.58,18.61,18.55,18.55,10441.0
14:13,18.56,18.58,18.55,18.58,3696.0
14:14,18.53,18.55,18.53,18.55,1689.0
14:15,18.54,18.56,18.52,18.55,6055.0
14:16,18.5,18.52,18.48,18.52,15482.0
14:17,18.5,18.53,18.5,18.5,9290.0
14:18,18.47,18.51,18.47,18.5,2098439.0
14:19,18.5,18.5,18.48,18.49,1.0
14:20,18.49,18.5,18.49,18.5,4860.0
14:21,18.48,18.49,18.48,18.48,6508.0
14:22,18.47,18.49,18.45,18.47,4695.0
14:23,18.44,18.48,18.44,18.48,4675.0
14:24,18.42,18.44,18.42,18.44,3588.0
14:25,18.4,18.43,18.39,18.42,41263.0
14:26,18.39,18.41,18.38,18.39,4495.0
14:27,18.36,18.4,18.36,18.39,5593.0
14:28,18.36,18.38,18.36,18.37,9978.0
14:29,18.39,18.41,18.37,18.37,3095.0
14:30,18.33,18.39,18.32,18.39,6780.0
14:31,18.32,18.32,18.3,18.31,4832.0
14:32,18.31,18.32,18.3,18.32,3508.0
14:33,18.3,18.32,18.3,18.3,3911.0
14:34,18.33,18.33,18.3,18.3,15265.0
14:35,18.35,18.36,18.33,18.33,12915.0
14:36,18.38,18.38,18.36,18.36,4798.0
14:37,18.35,18.4,18.34,18.39,5032.0
14:38,18.32,18.35,18.32,18.35,3638.0
14:39,18.32,18.34,18.32,18.32,4305.0
14:40,18.31,18.31,18.29,18.31,10643.0
14:41,18.32,18.33,18.3,18.33,5505.0
14:42,18.33,18.33,18.3,18.3,3173.0
14:43,18.36,18.36,18.34,18.34,2556.0
14:44,18.33,18.38,18.32,18.35,16360.0
14:45,18.24,18.33,18.2,18.33,82053.0
14:46,18.19,18.25,18.15,18.25,47608.0
14:47,18.19,18.22,18.18,18.22,2923.0
14:48,18.22,18.22,18.2,18.2,3565.0
14:49,18.24,18.27,18.23,18.23,6272.0
14:50,18.3,18.31,18.24,18.25,7672.0
14:51,18.29,18.3,18.27,18.29,5268.0
14:52,18.27,18.3,18.26,18.3,2856.0
14:53,18.23,18.27,18.23,18.27,9773.0
14:54,18.24,18.26,18.23,18.24,2897.0
14:55,18.22,18.23,18.2,18.23,5828.0
14:56,18.18,18.23,18.18,18.23,4047.0
14:57,18.16,18.18,18.15,18.18,26031.0
14:58,18.16,18.19,18.15,18.16,13307.0
14:59,18.15,18.17,18.11,18.16,20625.0
15:00,18.18,18.22,18.13,18.14,8051.0
15:01,18.15,18.19,18.15,18.19,3549.0
15:02,18.15,18.17,18.15,18.16,3082.0
15:03,18.11,18.16,18.1,18.16,5030.0
15:04,18.13,18.13,18.12,18.12,3076.0
15:05,18.19,18.22,18.14,18.14,6736.0
15:06,18.17,18.2,18.16,18.19,8304.0
15:07,18.15,18.16,18.14,18.16,5904.0
15:08,18.17,18.18,18.16,18.16,5401.0
15:09,18.16,18.16,18.14,18.16,4697.0
15:10,18.27,18.29,18.17,18.17,12824.0
15:11,18.3,18.3,18.26,18.26,8109.0
15:12,18.3,18.34,18.29,18.3,9486.0
15:13,18.28,18.31,18.27,18.31,3868.0
15:14,18.26,18.27,18.2,18.27,122184.0
15:15,18.29,18.3,18.26,18.27,5648.0
15:16,18.27,18.31,18.27,18.29,6145.0
15:17,18.3,18.31,18.27,18.28,5924.0
15:18,18.34,18.34,18.3,18.3,7137.0
15:19,18.32,18.37,18.32,18.33,26212.0
15:20,18.33,18.36,18.32,18.32,12892.0
15:21,18.3,18.33,18.29,18.33,69395.0
15:22,18.33,18.33,18.28,18.3,7558.0
15:23,18.39,18.39,18.33,18.34,15058.0
15:24,18.39,18.42,18.38,18.4,7405.0
15:25,18.44,18.47,18.38,18.39,18358.0
15:26,18.42,18.43,18.41,18.43,9597.0
15:27,18.43,18.43,18.41,18.42,9448.0
15:28,18.45,18.47,18.4,18.42,33224.0
15:29,18.46,18.48,18.44,18.46,7390.0
15:30,18.56,18.56,18.48,18.48,11623.0
15:31,18.52,18.56,18.52,18.56,16431.0
15:32,18.49,18.51,18.47,18.51,14239.0
15:33,18.45,18.49,18.43,18.49,8311.0
15:34,18.48,18.48,18.45,18.47,12666.0
15:35,18.51,18.51,18.46,18.47,8473.0
15:36,18.55,18.55,18.51,18.51,7228.0
15:37,18.49,18.55,18.49,18.55,10702.0
15:38,18.46,18.49,18.46,18.48,6780.0
15:39,18.45,18.48,18.44,18.44,8300.0
15:40,18.42,18.45,18.41,18.45,28094.0
15:41,18.45,18.45,18.41,18.42,25206.0
15:42,18.45,18.45,18.43,18.44,7665.0
15:43,18.49,18.51,18.4,18.43,20584.0
15:44,18.53,18.54,18.48,18.49,6368.0
15:45,18.58,18.59,18.53,18.54,20359.0
15:46,18.61,18.61,18.58,18.58,23097.0
15:47,18.63,18.64,18.61,18.62,14241.0
15:48,18.63,18.64,18.62,18.62,18105.0
15:49,18.62,18.64,18.61,18.63,10557.0
15:50,18.65,18.69,18.62,18.63,41246.0
15:51,18.66,18.68,18.63,18.66,24616.0
15:52,18.6,18.67,18.6,18.66,25405.0
15:53,18.57,18.6,18.56,18.59,17435.0
15:54,18.63,18.63,18.56,18.57,46549.0
15:55,18.59,18.63,18.55,18.63,37318.0
15:56,18.62,18.64,18.55,18.6,52021.0
15:57,18.58,18.63,18.58,18.63,54970.0
15:58,18.59,18.59,18.55,18.58,52671.0
15:59,18.58,18.6,18.52,18.6,170328.0
