Time,Close,High,Low,Open,Volume
09:30,19.5,19.53,19.43,19.53,63675.0
09:31,19.54,19.7,19.43,19.5,23232.0
09:32,19.75,19.75,19.54,19.62,18658.0
09:33,19.76,19.91,19.7,19.7,16602.0
09:34,19.58,19.84,19.45,19.84,237087.0
09:35,19.67,19.67,19.53,19.57,13990.0
09:36,19.65,19.68,19.58,19.6,8591.0
09:37,19.71,19.73,19.68,19.68,7608.0
09:38,19.6,19.67,19.6,19.67,4319.0
09:39,19.58,19.63,19.57,19.61,5529.0
09:40,19.53,19.61,19.49,19.59,12233.0
09:41,19.57,19.57,19.5,19.57,7464.0
09:42,19.66,19.67,19.56,19.58,11151.0
09:43,19.79,19.8,19.7,19.7,13605.0
09:44,19.85,19.9,19.78,19.78,46781.0
09:45,19.69,19.82,19.68,19.82,26673.0
09:46,19.74,19.83,19.68,19.68,11114.0
09:47,19.77,19.79,19.73,19.76,5705.0
09:48,19.73,19.81,19.69,19.77,17603.0
09:49,19.7,19.74,19.65,19.72,11167.0
09:50,19.79,19.79,19.7,19.71,7945.0
09:51,19.66,19.79,19.65,19.75,5393.0
09:52,19.75,19.76,19.67,19.67,11434.0
09:53,19.77,19.82,19.75,19.76,7292.0
09:54,19.83,19.84,19.79,19.79,7611.0
09:55,19.8,19.85,19.78,19.84,16253.0
09:56,19.89,19.91,19.81,19.81,93373.0
09:57,19.93,19.93,19.86,19.89,13969.0
09:58,20.08,20.08,19.92,19.93,38581.0
09:59,20.26,20.28,20.1,20.1,67452.0
10:00,20.39,20.42,20.23,20.25,48157.0
10:01,20.44,20.46,20.43,20.43,36629.0
10:02,20.52,20.53,20.44,20.44,176412.0
10:03,20.62,20.62,20.52,20.56,48842.0
10:04,20.77,20.79,20.61,20.61,41092.0
10:05,20.94,20.95,20.7,20.75,193588.0
10:06,20.82,20.99,20.73,20.94,58049.0
10:07,20.65,20.83,20.6,20.83,47827.0
10:08,20.58,20.65,20.53,20.65,32178.0
10:09,20.36,20.59,20.28,20.57,67062.0
10:10,20.3,20.39,20.3,20.37,36272.0
10:11,20.21,20.34,20.21,20.33,31184.0
10:12,20.12,20.24,20.08,20.22,50736.0
10:13,20.14,20.15,20.04,20.13,39384.0
10:14,20.07,20.14,20.01,20.14,36660.0
10:15,20.12,20.12,20.05,20.06,6686.0
10:16,20.04,20.1,20.0,20.09,15480.0
10:17,20.1,20.11,20.03,20.07,10534.0
10:18,20.2,20.22,20.09,20.11,37106.0
10:19,20.31,20.32,20.2,20.21,22570.0
10:20,20.25,20.36,20.21,20.31,25390.0
10:21,20.37,20.37,20.17,20.24,15851.0
10:22,20.45,20.52,20.37,20.37,27962.0
10:23,20.48,20.48,20.39,20.43,29067.0
10:24,20.57,20.63,20.48,20.49,28968.0
10:25,20.65,20.66,20.52,20.58,28885.0
10:26,20.58,20.67,20.56,20.65,18965.0
10:27,20.51,20.57,20.49,20.56,17573.0
10:28,20.55,20.55,20.5,20.52,13909.0
10:29,20.62,20.62,20.56,20.56,19229.0
10:30,20.58,20.61,20.52,20.61,41422.0
10:31,20.6,20.61,20.57,20.59,23711.0
10:32,20.6,20.61,20.52,20.59,20902.0
10:33,20.5,20.59,20.5,20.59,20389.0
10:34,20.59,20.6,20.49,20.51,11581.0
10:35,20.74,20.74,20.57,20.57,40936.0
10:36,20.77,20.8,20.73,20.73,22729.0
10:37,20.81,20.87,20.77,20.77,22883.0
10:38,20.68,20.88,20.68,20.83,91984.0
10:39,20.75,20.78,20.68,20.69,17996.0
10:40,20.69,20.76,20.67,20.74,15298.0
10:41,20.71,20.72,20.69,20.69,7271.0
10:42,20.72,20.73,20.69,20.71,12041.0
10:43,20.85,20.93,20.73,20.73,56661.0
10:44,20.82,20.92,20.82,20.84,12190.0
10:45,20.69,20.83,20.69,20.82,19599.0
10:46,20.67,20.73,20.67,20.71,8959.0
10:47,20.65,20.7,20.6,20.68,12299.0
10:48,20.6,20.65,20.52,20.65,12755.0
10:49,20.58,20.63,20.57,20.57,13164.0
10:50,20.5,20.56,20.46,20.55,30082.0
10:51,20.62,20.62,20.55,20.57,13635.0
10:52,20.6,20.66,20.59,20.62,1415916.0
10:53,20.57,20.63,20.56,20.6,1.0
10:54,20.56,20.58,20.56,20.58,7989.0
10:55,20.44,20.56,20.42,20.56,28308.0
10:56,20.35,20.45,20.32,20.44,23075.0
10:57,20.21,20.36,20.21,20.35,56282.0
10:58,20.06,20.21,20.06,20.2,22815.0
10:59,19.93,20.07,19.83,20.06,101648.0
11:00,19.75,19.98,19.75,19.98,152478.0
11:01,19.83,19.86,19.71,19.75,69776.0
11:02,19.88,19.91,19.83,19.86,24224.0
11:03,19.94,20.01,19.86,19.86,75310.0
11:04,19.89,19.94,19.83,19.94,82702.0
11:05,19.92,20.0,19.91,19.91,20747.0
11:06,19.92,19.99,19.88,19.9,23264.0
11:07,19.77,19.92,19.76,19.9,30869.0
11:08,19.78,19.79,19.74,19.78,10334.0
11:09,19.74,19.78,19.73,19.78,13217.0
11:10,19.75,19.79,19.71,19.74,20503.0
11:11,19.79,19.8,19.71,19.75,20588.0
11:12,19.74,19.79,19.74,19.77,208569.0
11:13,19.85,19.85,19.76,19.76,10718.0
11:14,19.71,19.83,19.67,19.83,24248.0
11:15,19.58,19.73,19.57,19.71,25787.0
11:16,19.58,19.65,19.57,19.57,24516.0
11:17,19.53,19.62,19.49,19.58,63805.0
11:18,19.46,19.54,19.46,19.51,11104.0
11:19,19.38,19.49,19.35,19.48,46476.0
11:20,19.4,19.44,19.38,19.44,19766.0
11:21,19.33,19.4,19.32,19.38,29106.0
11:22,19.16,19.34,19.16,19.33,43935.0
11:23,19.27,19.31,19.17,19.18,29282.0
11:24,19.28,19.31,19.23,19.26,11805.0
11:25,19.26,19.29,19.2,19.29,16836.0
11:26,19.25,19.27,19.23,19.24,13990.0
11:27,19.3,19.3,19.25,19.25,13228.0
11:28,19.25,19.32,19.25,19.29,15695.0
11:29,19.14,19.24,19.14,19.24,24184.0
11:30,19.19,19.19,19.1,19.14,21143.0
11:31,19.06,19.2,19.04,19.2,38415.0
11:32,19.01,19.07,19.0,19.07,18089.0
11:33,19.0,19.05,18.99,19.0,35376.0
11:34,18.96,19.03,18.94,19.0,26244.0
11:35,18.87,18.96,18.86,18.95,13943.0
11:36,18.81,18.88,18.81,18.86,13593.0
11:37,18.77,18.86,18.75,18.83,1888405.0
11:38,18.69,18.77,18.68,18.77,1.0
11:39,18.74,18.76,18.67,18.69,99996.0
11:40,18.69,18.76,18.68,18.75,18162.0
11:41,18.68,18.73,18.65,18.69,22445.0
11:42,18.62,18.67,18.61,18.67,49812.0
11:43,18.72,18.74,18.62,18.63,15146.0
11:44,18.65,18.73,18.63,18.72,10703.0
11:45,18.72,18.77,18.62,18.67,18147.0
11:46,18.7,18.72,18.63,18.72,1970894.0
11:47,18.75,18.77,18.66,18.68,1.0
11:48,18.83,18.84,18.73,18.75,35679.0
11:49,18.83,18.87,18.75,18.85,25573.0
11:50,18.89,18.93,18.84,18.84,28165.0
11:51,19.02,19.03,18.84,18.89,40347.0
11:52,18.88,19.0,18.86,19.0,56148.0
11:53,18.9,18.99,18.86,18.86,15575.0
11:54,18.78,18.88,18.74,18.88,24611.0
11:55,18.7,18.8,18.7,18.79,60489.0
11:56,18.7,18.78,18.7,18.72,13723.0
11:57,18.69,18.74,18.67,18.71,13192.0
11:58,18.64,18.7,18.61,18.68,266364.0
11:59,18.63,18.66,18.55,18.65,26019.0
12:00,18.76,18.8,18.62,18.63,40213.0
12:01,18.86,18.9,18.73,18.73,5268.0
12:02,18.75,18.84,18.74,18.84,14706.0
12:03,18.68,18.79,18.68,18.78,8430.0
12:04,18.69,18.74,18.67,18.68,10819.0
12:05,18.72,18.78,18.69,18.7,14423.0
12:06,18.65,18.72,18.65,18.7,9693.0
12:07,18.63,18.67,18.61,18.67,10294.0
12:08,18.75,18.75,18.65,18.67,26253.0
12:09,18.71,18.72,18.69,18.72,31373.0
12:10,18.69,18.76,18.64,18.68,24331.0
12:11,18.63,18.71,18.62,18.69,13968.0
12:12,18.65,18.65,18.6,18.64,2183525.0
12:13,18.62,18.64,18.6,18.64,1.0
12:14,18.69,18.75,18.65,18.65,7577.0
12:15,18.67,18.69,18.63,18.69,9888.0
12:16,18.62,18.71,18.62,18.65,5318.0
12:17,18.58,18.65,18.58,18.64,6326.0
12:18,18.56,18.61,18.56,18.6,13175.0
12:19,18.6,18.63,18.56,18.56,3924.0
12:20,18.52,18.64,18.49,18.64,32386.0
12:21,18.58,18.62,18.53,18.53,12275.0
12:22,18.62,18.63,18.57,18.59,5420.0
12:23,18.61,18.64,18.59,18.61,14484.0
12:24,18.63,18.69,18.62,18.64,21591.0
12:25,18.59,18.63,18.57,18.61,4009.0
12:26,18.64,18.69,18.6,18.6,10696.0
12:27,18.64,18.68,18.62,18.65,8743.0
12:28,18.72,18.72,18.65,18.68,4841.0
12:29,18.65,18.73,18.64,18.73,8736.0
12:30,18.73,18.73,18.67,18.68,6581.0
12:31,18.67,18.71,18.66,18.68,4553.0
12:32,18.72,18.72,18.67,18.67,5749.0
12:33,18.71,18.71,18.67,18.68,8529.0
12:34,18.66,18.68,18.66,18.67,3901.0
12:35,18.58,18.68,18.57,18.66,4439.0
12:36,18.55,18.55,18.52,18.54,4733.0
12:37,18.6,18.6,18.53,18.55,3221.0
12:38,18.69,18.69,18.63,18.63,5503.0
12:39,18.66,18.72,18.66,18.7,5536.0
12:40,18.58,18.7,18.57,18.68,6893.0
12:41,18.53,18.64,18.53,18.61,19904.0
12:42,18.56,18.59,18.51,18.57,8844.0
12:43,18.48,18.52,18.48,18.52,10071.0
12:44,18.5,18.5,18.47,18.49,6352.0
12:45,18.53,18.53,18.48,18.51,6884.0
12:46,18.52,18.52,18.5,18.51,4551.0
12:47,18.55,18.56,18.53,18.53,5118.0
12:48,18.55,18.58,18.55,18.58,5047.0
12:49,18.54,18.59,18.54,18.54,13288.0
12:50,18.58,18.59,18.55,18.55,3782.0
12:51,18.63,18.65,18.58,18.58,9475.0
12:52,18.61,18.67,18.6,18.65,6443.0
12:53,18.58,18.61,18.56,18.6,6751.0
12:54,18.63,18.66,18.58,18.58,5801.0
12:55,18.64,18.64,18.6,18.64,2576.0
12:56,18.67,18.72,18.66,18.67,8809.0
12:57,18.65,18.73,18.65,18.67,11412.0
12:58,18.71,18.73,18.67,18.67,2337.0
12:59,18.67,18.73,18.67,18.7,16697.0
13:00,18.71,18.71,18.65,18.65,5278.0
13:01,18.68,18.72,18.67,18.7,6560.0
13:02,18.76,18.85,18.69,18.69,11710.0
13:03,18.83,18.84,18.76,18.76,17499.0
13:04,18.76,18.82,18.74,18.82,8313.0
13:05,18.77,18.8,18.75,18.76,10208.0
13:06,18.86,18.86,18.77,18.8,22947.0
13:07,18.81,18.85,18.79,18.85,5188.0
13:08,18.85,18.87,18.82,18.82,9696.0
13:09,18.84,18.86,18.82,18.85,6911.0
13:10,18.83,18.89,18.82,18.86,13644.0
13:11,18.86,18.86,18.82,18.82,2816.0
13:12,18.93,18.93,18.83,18.85,9276.0
13:13,19.02,19.03,18.94,18.94,14886.0
13:14,19.01,19.05,18.98,19.01,35542.0
13:15,18.96,19.06,18.96,19.03,24698.0
13:16,18.9,18.97,18.9,18.97,17827.0
13:17,18.89,18.96,18.89,18.9,10146.0
13:18,18.85,18.9,18.85,18.89,11884.0
13:19,18.9,18.96,18.84,18.84,9571.0
13:20,18.91,18.93,18.9,18.92,2516.0
13:21,18.93,18.95,18.89,18.93,6321.0
13:22,18.92,18.93,18.91,18.91,4829.0
13:23,18.91,18.91,18.86,18.88,2471.0
13:24,18.86,18.91,18.86,18.91,2397.0
13:25,18.9,18.9,18.84,18.84,2867.0
13:26,18.81,18.88,18.8,18.88,11137.0
13:27,18.77,18.81,18.75,18.81,5459.0
13:28,18.73,18.76,18.71,18.76,7910.0
13:29,18.76,18.78,18.73,18.73,2475.0
13:30,18.76,18.77,18.74,18.74,4903.0
13:31,18.75,18.81,18.75,18.78,3877.0
13:32,18.76,18.79,18.75,18.79,7462.0
13:33,18.71,18.76,18.71,18.76,4442.0
13:34,18.78,18.78,18.71,18.72,4627.0
13:35,18.73,18.77,18.72,18.77,4449.0
13:36,18.67,18.73,18.67,18.73,6737.0
13:37,18.65,18.67,18.64,18.65,13674.0
13:38,18.6,18.67,18.6,18.67,6851.0
13:39,18.62,18.64,18.58,18.58,9588.0
13:40,18.58,18.63,18.58,18.63,4950.0
13:41,18.55,18.58,18.52,18.58,4290.0
13:42,18.56,18.58,18.55,18.56,4878.0
13:43,18.56,18.56,18.53,18.56,6789.0
13:44,18.51,18.57,18.51,18.56,4794.0
13:45,18.45,18.52,18.44,18.52,26786.0
13:46,18.37,18.44,18.37,18.44,12043.0
13:47,18.4,18.43,18.37,18.37,6806.0
13:48,18.38,18.4,18.37,18.39,4509.0
13:49,18.37,18.39,18.37,18.38,2284.0
13:50,18.33,18.37,18.31,18.36,9034.0
13:51,18.31,18.35,18.31,18.33,5667.0
13:52,18.27,18.3,18.25,18.3,8169.0
13:53,18.25,18.29,18.23,18.28,5848.0
13:54,18.26,18.26,18.24,18.26,3592.0
13:55,18.2,18.25,18.18,18.25,21617.0
13:56,18.19,18.2,18.16,18.18,11217.0
13:57,18.12,18.22,18.12,18.2,10070.0
13:58,18.17,18.17,18.13,18.14,10157.0
13:59,18.19,18.22,18.18,18.18,14047.0
14:00,18.23,18.25,18.19,18.22,12218.0
14:01,18.2,18.25,18.2,18.25,9310.0
14:02,18.17,18.23,18.17,18.2,9739.0
14:03,18.15,18.18,18.15,18.18,8948.0
14:04,18.13,18.16,18.13,18.16,5000.0
14:05,18.17,18.18,18.1,18.14,11907.0
14:06,18.12,18.17,18.1,18.17,9490.0
14:07,18.14,18.14,18.1,18.11,5517.0
14:08,18.14,18.15,18.1,18.14,43560.0
14:09,18.22,18.23,18.14,18.14,7347.0
14:10,18.21,18.25,18.17,18.23,7724.0
14:11,18.19,18.24,18.18,18.23,12115.0
14:12,18.21,18.23,18.19,18.2,13907.0
14:13,18.25,18.25,18.19,18.2,5896.0
14:14,18.24,18.25,18.22,18.25,2790.0
14:15,18.17,18.24,18.17,18.23,3976.0
14:16,18.17,18.19,18.14,18.15,5831.0
14:17,18.21,18.21,18.11,18.16,33802.0
14:18,18.22,18.26,18.21,18.22,4574.0
14:19,18.16,18.24,18.16,18.22,6689.0
14:20,18.19,18.2,18.15,18.15,3571.0
14:21,18.2,18.23,18.19,18.19,2509.0
14:22,18.22,18.23,18.17,18.19,4135.0
14:23,18.29,18.29,18.22,18.24,3695.0
14:24,18.22,18.31,18.22,18.29,6212.0
14:25,18.28,18.28,18.21,18.21,4372.0
14:26,18.26,18.28,18.24,18.28,1977.0
14:27,18.34,18.34,18.26,18.28,4696.0
14:28,18.4,18.4,18.33,18.34,4741.0
14:29,18.36,18.39,18.35,18.38,2972.0
14:30,18.27,18.35,18.27,18.33,7344.0
14:31,18.29,18.3,18.25,18.27,6700.0
14:32,18.23,18.29,18.2,18.29,9845.0
14:33,18.24,18.25,18.23,18.24,8363.0
14:34,18.21,18.23,18.21,18.23,2923.0
14:35,18.3,18.32,18.23,18.23,7289.0
14:36,18.31,18.32,18.27,18.28,5136.0
14:37,18.26,18.31,18.26,18.31,2748.0
14:38,18.24,18.28,18.24,18.28,1793.0
14:39,18.25,18.25,18.24,18.25,4848.0
14:40,18.23,18.25,18.23,18.24,6907.0
14:41,18.21,18.23,18.17,18.23,8334.0
14:42,18.23,18.23,18.17,18.19,4640.0
14:43,18.22,18.26,18.21,18.26,5318.0
14:44,18.22,18.27,18.22,18.23,6395.0
14:45,18.23,18.28,18.22,18.25,5346.0
14:46,18.16,18.21,18.15,18.21,4627.0
14:47,18.16,18.18,18.15,18.16,7041.0
14:48,18.17,18.17,18.15,18.17,9535.0
14:49,18.14,18.17,18.12,18.17,11051.0
14:50,18.22,18.22,18.15,18.15,3781.0
14:51,18.16,18.21,18.16,18.21,3281.0
14:52,18.17,18.18,18.16,18.18,4920.0
14:53,18.21,18.21,18.16,18.17,4763.0
14:54,18.25,18.25,18.23,18.24,4123.0
14:55,18.33,18.34,18.24,18.25,9446.0
14:56,18.3,18.34,18.3,18.33,5784.0
14:57,18.34,18.36,18.33,18.33,15243.0
14:58,18.36,18.38,18.35,18.35,7732.0
14:59,18.36,18.38,18.33,18.35,11635.0
15:00,18.31,18.35,18.28,18.35,8697.0
15:01,18.27,18.31,18.26,18.31,10457.0
15:02,18.24,18.29,18.23,18.27,10645.0
15:03,18.29,18.32,18.23,18.24,14682.0
15:04,18.32,18.32,18.3,18.31,7564.0
15:05,18.36,18.39,18.32,18.33,9722.0
15:06,18.37,18.37,18.32,18.36,3717.0
15:07,18.33,18.36,18.33,18.35,10896.0
15:08,18.34,18.34,18.32,18.33,8665.0
15:09,18.35,18.35,18.31,18.32,5426.0
15:10,18.37,18.37,18.34,18.36,6777.0
15:11,18.34,18.36,18.33,18.36,2697.0
15:12,18.34,18.34,18.33,18.34,2222.0
15:13,18.35,18.36,18.33,18.33,6836.0
15:14,18.35,18.35,18.31,18.33,3121.0
15:15,18.37,18.37,18.33,18.33,5996.0
15:16,18.4,18.4,18.36,18.37,3777.0
15:17,18.35,18.39,18.34,18.39,6934.0
15:18,18.26,18.35,18.25,18.33,14655.0
15:19,18.25,18.27,18.25,18.25,1472.0
15:20,18.25,18.27,18.24,18.27,8787.0
15:21,18.3,18.3,18.25,18.25,4511.0
15:22,18.29,18.3,18.27,18.3,9792.0
15:23,18.24,18.32,18.23,18.31,8744.0
15:24,18.17,18.25,18.17,18.24,3960.0
15:25,18.15,18.19,18.15,18.17,6362.0
15:26,18.12,18.16,18.11,18.16,7349.0
15:27,18.13,18.14,18.11,18.12,5330.0
15:28,18.14,18.15,18.13,18.14,4901.0
15:29,18.18,18.19,18.14,18.14,3490.0
15:30,18.13,18.19,18.12,18.18,11331.0
15:31,18.07,18.14,18.07,18.11,21947.0
15:32,18.01,18.08,18.01,18.07,19153.0
15:33,17.96,18.02,17.96,18.01,33592.0
15:34,17.95,17.97,17.89,17.96,62424.0
15:35,17.97,17.97,17.93,17.96,8067.0
15:36,17.98,17.98,17.96,17.97,15611.0
15:37,17.99,18.0,17.98,17.99,16069.0
15:38,18.01,18.01,17.95,17.99,20560.0
15:39,18.03,18.04,18.01,18.02,15524.0
15:40,18.01,18.04,18.0,18.03,17212.0
15:41,18.0,18.02,17.99,18.02,7624.0
15:42,18.0,18.03,17.99,18.0,25700.0
15:43,18.01,18.01,17.97,17.99,24565.0
15:44,18.0,18.01,17.99,18.0,18773.0
15:45,17.92,18.0,17.92,17.99,78106.0
15:46,17.94,17.96,17.9,17.92,25851.0
15:47,17.92,17.95,17.92,17.94,14632.0
15:48,17.96,17.96,17.93,17.93,42906.0
15:49,17.9,17.95,17.9,17.95,21341.0
15:50,17.91,17.95,17.87,17.89,46368.0
15:51,17.92,17.94,17.91,17.92,19242.0
15:52,17.88,17.92,17.86,17.92,39319.0
15:53,17.84,17.88,17.83,17.88,29959.0
15:54,17.86,17.89,17.8,17.84,39238.0
15:55,17.91,17.97,17.84,17.85,28694.0
15:56,17.89,17.92,17.88,17.91,27965.0
15:57,17.86,17.9,17.85,17.89,73592.0
15:58,17.82,17.85,17.82,17.85,75384.0
15:59,17.82,17.83,17.77,17.82,158187.0
