Time,Close,High,Low,Open,Volume
09:30,248.12,248.55,247.73,248.27,668748.0
09:31,248.15,248.6,247.98,248.09,71653.0
09:32,248.1,248.51,247.93,248.15,62473.0
09:33,248.14,248.16,247.79,248.11,45485.0
09:34,248.45,248.46,248.14,248.23,35143.0
09:35,248.98,249.03,248.45,248.46,48814.0
09:36,248.41,248.9,248.41,248.9,48075.0
09:37,248.73,248.84,248.27,248.4,30160.0
09:38,248.95,249.01,248.71,248.77,34445.0
09:39,249.1,249.22,248.89,248.96,59483.0
09:40,249.52,249.58,249.12,249.12,58687.0
09:41,249.52,249.62,249.28,249.53,47947.0
09:42,249.75,249.8,249.4,249.51,38506.0
09:43,249.73,249.95,249.63,249.74,38095.0
09:44,250.01,250.02,249.58,249.73,67399.0
09:45,250.57,250.6,249.97,250.01,60138.0
09:46,250.73,250.81,250.58,250.59,33416.0
09:47,250.86,250.95,250.63,250.72,60628.0
09:48,251.04,251.13,250.68,250.91,56205.0
09:49,251.22,251.25,250.94,251.05,31454.0
09:50,251.43,251.47,250.95,251.23,55110.0
09:51,251.29,251.56,251.29,251.37,36585.0
09:52,251.18,251.46,251.07,251.26,42627.0
09:53,251.42,251.5,251.19,251.19,26979.0
09:54,251.35,251.65,251.31,251.5,39532.0
09:55,251.29,251.38,251.06,251.34,35618.0
09:56,251.37,251.37,251.0,251.28,42014.0
09:57,250.97,251.38,250.9,251.34,39217.0
09:58,250.42,250.98,250.36,250.92,43441.0
09:59,250.34,250.58,250.29,250.41,46812.0
10:00,250.26,250.51,250.08,250.36,50506.0
10:01,250.27,250.35,250.04,250.26,29566.0
10:02,250.32,250.71,250.29,250.35,47642.0
10:03,250.47,250.57,250.32,250.36,1417157.0
10:04,250.3,250.39,250.21,250.21,1.0
10:05,250.16,250.27,250.1,250.21,28390.0
10:06,250.21,250.34,249.98,250.17,36573.0
10:07,250.57,250.57,250.15,250.15,24340.0
10:08,250.69,250.7,250.46,250.63,70675.0
10:09,251.2,251.26,250.67,250.71,69264.0
10:10,251.1,251.23,251.02,251.21,26157.0
10:11,251.01,251.1,250.88,251.09,22004.0
10:12,250.93,251.16,250.93,251.04,33982.0
10:13,250.81,250.92,250.58,250.92,29228.0
10:14,250.87,250.92,250.71,250.83,21229.0
10:15,251.18,251.2,250.87,250.92,23655.0
10:16,250.95,251.23,250.95,251.16,30359.0
10:17,250.61,250.95,250.55,250.95,38636.0
10:18,250.23,250.6,250.13,250.57,24937.0
10:19,249.68,250.21,249.54,250.21,35259.0
10:20,249.82,249.88,249.49,249.7,37272.0
10:21,250.04,250.04,249.77,249.8,32108.0
10:22,249.98,250.04,249.92,249.99,23855.0
10:23,250.09,250.09,249.81,250.02,23105.0
10:24,250.08,250.14,249.95,250.04,20599.0
10:25,250.14,250.23,250.03,250.08,19227.0
10:26,249.99,250.16,249.9,250.15,26862.0
10:27,249.87,250.01,249.78,249.99,21843.0
10:28,250.01,250.01,249.82,249.88,22550.0
10:29,249.84,250.05,249.77,250.04,16132.0
10:30,249.67,249.95,249.66,249.86,16430.0
10:31,249.48,249.71,249.48,249.69,10599.0
10:32,249.51,249.62,249.51,249.51,10499.0
10:33,249.34,249.55,249.31,249.51,18423.0
10:34,249.27,249.43,249.25,249.33,34620.0
10:35,249.2,249.29,249.07,249.26,38850.0
10:36,248.99,249.22,248.98,249.2,30807.0
10:37,248.93,249.05,248.93,248.99,20454.0
10:38,249.01,249.04,248.87,248.95,19229.0
10:39,248.89,249.04,248.85,249.01,23199.0
10:40,249.02,249.02,248.82,248.91,17521.0
10:41,249.19,249.25,249.01,249.02,29235.0
10:42,248.89,249.17,248.83,249.17,24776.0
10:43,248.79,248.99,248.71,248.91,25114.0
10:44,248.73,248.8,248.66,248.8,12140.0
10:45,248.77,248.82,248.66,248.73,18472.0
10:46,248.81,248.84,248.7,248.74,12288.0
10:47,248.79,248.88,248.72,248.8,16644.0
10:48,248.6,248.76,248.6,248.76,25142.0
10:49,248.6,248.7,248.57,248.59,27311.0
10:50,248.61,248.67,248.49,248.59,21568.0
10:51,248.57,248.68,248.53,248.61,15447.0
10:52,248.68,248.75,248.54,248.56,15633.0
10:53,248.44,248.67,248.38,248.67,19066.0
10:54,248.44,248.46,248.39,248.43,19785.0
10:55,248.38,248.48,248.31,248.45,17479.0
10:56,248.27,248.38,248.17,248.37,72382.0
10:57,248.39,248.4,248.21,248.25,23306.0
10:58,248.41,248.45,248.35,248.41,17360.0
10:59,248.37,248.44,248.34,248.41,16844.0
11:00,248.56,248.63,248.36,248.37,16366.0
11:01,248.45,248.71,248.44,248.56,21912.0
11:02,248.5,248.57,248.4,248.47,19674.0
11:03,248.49,248.53,248.43,248.52,12661.0
11:04,248.43,248.53,248.42,248.48,10799.0
11:05,248.54,248.62,248.42,248.46,18213.0
11:06,248.37,248.56,248.25,248.56,25833.0
11:07,248.35,248.44,248.3,248.39,12696.0
11:08,248.31,248.41,248.29,248.34,11771.0
11:09,248.25,248.36,248.22,248.32,10522.0
11:10,248.2,248.25,248.13,248.24,12294.0
11:11,248.21,248.29,248.14,248.2,14146.0
11:12,248.14,248.22,248.11,248.17,18528.0
11:13,248.12,248.12,248.04,248.11,14416.0
11:14,248.01,248.15,248.01,248.1,11968.0
11:15,247.96,248.0,247.9,248.0,21352.0
11:16,248.07,248.12,247.92,247.97,25907.0
11:17,247.99,248.1,247.92,248.04,16002.0
11:18,248.13,248.13,247.98,247.99,14719.0
11:19,248.25,248.29,248.12,248.13,25424.0
11:20,248.34,248.36,248.13,248.25,27379.0
11:21,248.43,248.48,248.32,248.34,26745.0
11:22,248.45,248.57,248.34,248.4,23613.0
11:23,248.63,248.65,248.44,248.45,16833.0
11:24,248.49,248.73,248.46,248.63,24364.0
11:25,248.38,248.56,248.3,248.5,25218.0
11:26,248.35,248.38,248.3,248.38,15179.0
11:27,248.06,248.32,248.06,248.32,14106.0
11:28,248.2,248.22,248.09,248.09,22552.0
11:29,248.3,248.3,248.13,248.2,16333.0
11:30,248.35,248.42,248.22,248.31,35814.0
11:31,248.39,248.41,248.27,248.33,29755.0
11:32,248.42,248.5,248.37,248.4,17561.0
11:33,248.51,248.56,248.37,248.45,18732.0
11:34,248.53,248.53,248.38,248.49,15015.0
11:35,248.22,248.54,248.22,248.53,16441.0
11:36,248.3,248.33,248.18,248.18,23012.0
11:37,248.4,248.4,248.3,248.3,12003.0
11:38,248.42,248.46,248.37,248.41,19579.0
11:39,248.4,248.44,248.29,248.37,11747.0
11:40,248.45,248.51,248.39,248.42,18408.0
11:41,248.31,248.46,248.31,248.43,16924.0
11:42,248.47,248.55,248.35,248.35,17477.0
11:43,248.48,248.51,248.37,248.48,10629.0
11:44,248.69,248.71,248.5,248.5,12304.0
11:45,248.57,248.71,248.56,248.69,13073.0
11:46,248.69,248.72,248.59,248.59,12343.0
11:47,248.78,248.87,248.71,248.71,21923.0
11:48,248.61,248.79,248.59,248.79,26228.0
11:49,248.64,248.68,248.58,248.58,16419.0
11:50,248.65,248.7,248.59,248.66,14945.0
11:51,248.6,248.71,248.6,248.64,8951.0
11:52,248.6,248.69,248.6,248.61,9930.0
11:53,248.74,248.74,248.55,248.57,12959.0
11:54,248.74,248.77,248.71,248.73,17362.0
11:55,248.6,248.8,248.6,248.76,16692.0
11:56,248.5,248.62,248.5,248.57,13098.0
11:57,248.54,248.55,248.46,248.52,16046.0
11:58,248.53,248.72,248.52,248.56,14385.0
11:59,248.57,248.57,248.46,248.51,13914.0
12:00,248.6,248.66,248.59,248.62,9620.0
12:01,248.51,248.6,248.48,248.6,14263.0
12:02,248.56,248.6,248.43,248.49,14318.0
12:03,248.4,248.55,248.35,248.55,14709.0
12:04,248.44,248.53,248.41,248.41,11718.0
12:05,248.44,248.47,248.41,248.46,12793.0
12:06,248.43,248.56,248.41,248.44,12763.0
12:07,248.35,248.48,248.35,248.45,14550.0
12:08,248.46,248.49,248.32,248.35,12887.0
12:09,248.4,248.46,248.39,248.45,7407.0
12:10,248.72,248.75,248.4,248.4,21499.0
12:11,248.7,248.79,248.66,248.71,10578.0
12:12,248.57,248.75,248.57,248.68,17146.0
12:13,248.57,248.57,248.48,248.56,11955.0
12:14,248.74,248.77,248.55,248.55,8241.0
12:15,248.84,248.85,248.72,248.72,8491.0
12:16,248.7,248.84,248.65,248.83,10744.0
12:17,248.34,248.7,248.34,248.7,17562.0
12:18,248.49,248.49,248.36,248.36,6991.0
12:19,248.68,248.68,248.49,248.49,5392.0
12:20,248.58,248.68,248.56,248.68,7453.0
12:21,248.57,248.63,248.53,248.56,7562.0
12:22,248.72,248.73,248.6,248.6,6747.0
12:23,248.77,248.83,248.75,248.76,12796.0
12:24,248.8,248.8,248.76,248.77,8405.0
12:25,248.77,248.79,248.7,248.79,7739.0
12:26,248.7,248.78,248.69,248.74,9059.0
12:27,248.68,248.76,248.62,248.69,26638.0
12:28,248.63,248.72,248.58,248.64,15748.0
12:29,248.57,248.64,248.53,248.62,16632.0
12:30,248.58,248.64,248.51,248.57,19325.0
12:31,248.54,248.61,248.51,248.59,15922.0
12:32,248.63,248.63,248.51,248.54,13446.0
12:33,248.65,248.72,248.61,248.62,15375.0
12:34,248.69,248.69,248.61,248.65,9982.0
12:35,248.65,248.68,248.58,248.67,10848.0
12:36,248.54,248.67,248.5,248.65,12881.0
12:37,248.43,248.53,248.43,248.53,8677.0
12:38,248.46,248.49,248.41,248.43,6199.0
12:39,248.41,248.5,248.4,248.42,7667.0
12:40,248.36,248.44,248.36,248.41,11100.0
12:41,248.37,248.41,248.35,248.37,5930.0
12:42,248.34,248.45,248.29,248.37,12642.0
12:43,248.21,248.39,248.16,248.34,18917.0
12:44,248.07,248.18,248.05,248.18,16678.0
12:45,248.11,248.13,248.03,248.06,13391.0
12:46,248.05,248.25,248.03,248.1,16832.0
12:47,248.09,248.11,248.03,248.05,10319.0
12:48,248.09,248.11,248.02,248.09,13416.0
12:49,248.1,248.13,248.04,248.08,13912.0
12:50,248.13,248.16,248.09,248.1,11985.0
12:51,248.05,248.14,248.04,248.14,10078.0
12:52,248.12,248.12,248.05,248.07,6862.0
12:53,248.1,248.13,248.04,248.11,10182.0
12:54,248.01,248.11,247.96,248.09,27572.0
12:55,248.05,248.08,247.97,248.0,11897.0
12:56,248.01,248.08,248.01,248.07,11410.0
12:57,247.99,248.01,247.96,248.01,11547.0
12:58,248.04,248.2,247.98,247.98,24473.0
12:59,247.93,248.05,247.9,248.05,10472.0
13:00,247.84,247.96,247.72,247.96,25541.0
13:01,247.73,247.85,247.73,247.82,12728.0
13:02,247.45,247.73,246.8,247.72,198810.0
13:03,246.1,247.45,245.79,247.45,163312.0
13:04,246.3,246.63,245.16,246.09,190729.0
13:05,246.65,246.8,245.78,246.31,76422.0
13:06,247.18,247.24,246.59,246.65,35385.0
13:07,247.21,247.4,247.12,247.19,42534.0
13:08,247.24,247.3,247.15,247.22,22206.0
13:09,246.99,247.24,246.94,247.23,37476.0
13:10,246.82,247.06,246.82,247.01,32769.0
13:11,246.41,246.82,246.41,246.81,40625.0
13:12,246.73,246.73,246.29,246.41,54810.0
13:13,246.4,246.78,246.29,246.71,48638.0
13:14,246.39,246.52,246.27,246.41,45286.0
13:15,246.4,246.43,246.13,246.37,48660.0
13:16,246.09,246.49,245.82,246.42,44802.0
13:17,246.24,246.32,246.09,246.1,4038261.0
13:18,246.17,246.33,245.85,246.23,1.0
13:19,246.1,246.35,246.1,246.21,28741.0
13:20,246.31,246.33,246.03,246.08,50191.0
13:21,246.14,246.44,246.05,246.31,55567.0
13:22,246.0,246.37,246.0,246.16,37377.0
13:23,246.11,246.13,245.93,245.97,32041.0
13:24,246.05,246.17,245.95,246.11,23412.0
13:25,246.02,246.11,245.87,246.04,27535.0
13:26,246.11,246.22,245.96,246.01,33184.0
13:27,245.91,246.16,245.87,246.12,29004.0
13:28,245.81,245.95,245.73,245.93,20457.0
13:29,245.91,245.98,245.79,245.82,18447.0
13:30,245.74,245.9,245.74,245.9,15552.0
13:31,245.6,245.75,245.47,245.75,35533.0
13:32,245.41,245.59,245.36,245.55,45054.0
13:33,245.34,245.59,245.27,245.4,53161.0
13:34,244.97,245.38,244.96,245.35,50359.0
13:35,244.81,245.0,244.72,244.96,47132.0
13:36,244.69,244.98,244.67,244.8,38002.0
13:37,244.8,245.05,244.68,244.71,47730.0
13:38,244.98,245.03,244.74,244.8,25826.0
13:39,245.26,245.29,244.99,245.03,68135.0
13:40,245.45,245.6,245.25,245.28,54330.0
13:41,245.44,245.52,245.14,245.45,71169.0
13:42,245.37,245.76,245.31,245.45,37903.0
13:43,245.34,245.43,245.05,245.39,32063.0
13:44,245.24,245.33,245.18,245.33,21752.0
13:45,245.09,245.23,245.02,245.2,13843.0
13:46,245.12,245.15,245.02,245.12,16913.0
13:47,245.09,245.15,244.98,245.12,18162.0
13:48,244.94,245.1,244.89,245.07,18229.0
13:49,245.12,245.18,244.95,244.97,21738.0
13:50,244.9,245.14,244.8,245.11,19906.0
13:51,245.09,245.1,244.88,244.91,26293.0
13:52,245.39,245.42,245.09,245.09,26000.0
13:53,245.16,245.37,245.07,245.37,28901.0
13:54,245.26,245.31,245.03,245.19,24219.0
13:55,245.02,245.27,245.02,245.27,12273.0
13:56,245.23,245.24,245.01,245.01,12864.0
13:57,245.16,245.31,245.1,245.24,19241.0
13:58,245.11,245.19,245.04,245.19,11648.0
13:59,245.24,245.24,245.06,245.11,13154.0
14:00,245.52,245.54,245.24,245.24,47722.0
14:01,245.6,245.62,245.49,245.54,28353.0
14:02,245.52,245.65,245.51,245.59,53569.0
14:03,245.63,245.65,245.53,245.53,18594.0
14:04,245.96,245.99,245.65,245.65,45678.0
14:05,246.02,246.14,245.96,245.96,28833.0
14:06,245.95,246.04,245.88,246.02,16743.0
14:07,245.96,245.96,245.88,245.94,9640.0
14:08,245.99,245.99,245.88,245.92,10734.0
14:09,245.9,246.03,245.9,245.97,15423.0
14:10,245.86,245.91,245.77,245.9,16170.0
14:11,245.82,245.89,245.77,245.83,9953.0
14:12,245.82,245.95,245.8,245.83,13915.0
14:13,245.83,245.89,245.79,245.81,4902030.0
14:14,245.95,245.95,245.78,245.84,1.0
14:15,245.91,245.97,245.83,245.96,22744.0
14:16,245.85,245.93,245.85,245.91,8081.0
14:17,245.76,245.85,245.71,245.85,10151.0
14:18,245.77,245.8,245.73,245.75,9492.0
14:19,245.73,245.76,245.62,245.76,23069.0
14:20,245.88,245.89,245.7,245.72,13307.0
14:21,245.97,245.98,245.9,245.9,8935.0
14:22,245.91,246.0,245.91,245.95,6516.0
14:23,245.88,245.92,245.85,245.9,9106.0
14:24,245.92,245.92,245.86,245.9,8421.0
14:25,245.74,245.94,245.74,245.94,18335.0
14:26,245.88,245.93,245.73,245.74,11943.0
14:27,245.84,245.9,245.79,245.87,9734.0
14:28,245.82,245.84,245.78,245.84,7861.0
14:29,245.95,245.96,245.81,245.82,15374.0
14:30,245.91,246.0,245.88,245.96,33571.0
14:31,245.88,245.99,245.85,245.91,16638.0
14:32,245.94,245.96,245.85,245.91,6939.0
14:33,245.9,245.96,245.88,245.95,8649.0
14:34,245.74,245.91,245.74,245.91,12733.0
14:35,245.77,245.77,245.72,245.74,14009.0
14:36,245.81,245.82,245.75,245.77,9717.0
14:37,245.68,245.81,245.67,245.81,13413.0
14:38,245.59,245.69,245.57,245.68,34195.0
14:39,245.59,245.6,245.52,245.58,16657.0
14:40,245.47,245.59,245.45,245.59,14155.0
14:41,245.64,245.67,245.5,245.52,13255.0
14:42,245.6,245.67,245.54,245.63,16365.0
14:43,245.71,245.82,245.58,245.6,19911.0
14:44,245.72,245.72,245.62,245.7,8827.0
14:45,245.79,245.85,245.71,245.71,27947.0
14:46,245.81,245.82,245.77,245.78,6872.0
14:47,245.7,245.82,245.68,245.82,17961.0
14:48,245.68,245.71,245.63,245.7,10412.0
14:49,245.57,245.67,245.53,245.65,12001.0
14:50,245.61,245.61,245.52,245.52,10049.0
14:51,245.57,245.65,245.53,245.6,14603.0
14:52,245.54,245.58,245.47,245.58,22852.0
14:53,245.46,245.51,245.44,245.51,21461.0
14:54,245.32,245.46,245.31,245.45,20429.0
14:55,245.37,245.39,245.28,245.33,26769.0
14:56,245.35,245.41,245.29,245.34,22512.0
14:57,245.38,245.43,245.33,245.35,31358.0
14:58,245.38,245.46,245.37,245.38,34213.0
14:59,245.28,245.4,245.26,245.38,20476.0
15:00,245.13,245.28,245.11,245.27,17285.0
15:01,244.95,245.16,244.92,245.14,27387.0
15:02,244.87,245.05,244.87,244.96,25267.0
15:03,244.91,245.04,244.84,244.86,31590.0
15:04,244.86,244.95,244.86,244.91,25219.0
15:05,244.48,244.87,244.47,244.86,53606.0
15:06,244.26,244.51,243.79,244.49,132364.0
15:07,244.25,244.35,244.1,244.22,35505.0
15:08,243.87,244.38,243.87,244.31,25038.0
15:09,244.0,244.0,243.61,243.85,58189.0
15:10,244.1,244.11,243.93,244.03,30167.0
15:11,243.93,244.21,243.92,244.12,27779.0
15:12,243.87,243.96,243.71,243.94,50332.0
15:13,244.01,244.09,243.8,243.91,33266.0
15:14,244.02,244.09,243.94,244.02,32132.0
15:15,243.94,244.07,243.76,244.02,32728.0
15:16,243.82,244.0,243.75,243.91,33708.0
15:17,243.84,243.91,243.74,243.83,34009.0
15:18,243.9,243.98,243.72,243.84,31317.0
15:19,243.98,244.04,243.76,243.88,36250.0
15:20,244.21,244.24,243.98,243.98,33200.0
15:21,243.93,244.22,243.92,244.21,19016.0
15:22,243.96,243.98,243.84,243.91,28595.0
15:23,243.9,244.0,243.85,243.96,31462.0
15:24,243.79,243.88,243.77,243.88,34043.0
15:25,243.89,243.9,243.69,243.78,38431.0
15:26,243.85,243.94,243.77,243.88,25670.0
15:27,243.96,244.08,243.84,243.84,32032.0
15:28,243.9,243.97,243.8,243.96,27032.0
15:29,243.73,243.95,243.73,243.91,22041.0
15:30,243.53,243.73,243.43,243.73,48148.0
15:31,243.31,243.56,243.27,243.54,40997.0
15:32,243.3,243.47,243.27,243.33,51210.0
15:33,243.48,243.48,243.27,243.33,39852.0
15:34,243.34,243.52,243.27,243.47,36976.0
15:35,243.26,243.37,243.2,243.34,37325.0
15:36,243.32,243.41,243.24,243.26,36424.0
15:37,243.36,243.41,243.3,243.3,29172.0
15:38,243.41,243.45,243.27,243.34,34736.0
15:39,243.43,243.49,243.4,243.4,26662.0
15:40,243.87,243.91,243.43,243.43,58278.0
15:41,244.01,244.08,243.86,243.88,43845.0
15:42,243.88,244.03,243.82,244.03,32460.0
15:43,243.68,243.88,243.68,243.88,37075.0
15:44,243.78,243.81,243.62,243.68,48367.0
15:45,244.13,244.18,243.79,243.79,38011.0
15:46,244.22,244.29,244.1,244.14,29559.0
15:47,244.37,244.4,244.22,244.23,29826.0
15:48,244.34,244.39,244.28,244.39,31318.0
15:49,244.29,244.34,244.23,244.32,25907.0
15:50,244.24,244.54,244.13,244.28,79545.0
15:51,244.18,244.27,244.08,244.24,35390.0
15:52,244.1,244.26,244.08,244.19,39930.0
15:53,243.99,244.18,243.91,244.12,55375.0
15:54,244.05,244.05,243.79,243.98,73542.0
15:55,244.24,244.25,244.0,244.03,94459.0
15:56,243.99,244.27,243.23,244.26,272061.0
15:57,244.21,244.25,243.99,243.99,105147.0
15:58,244.29,244.29,244.11,244.21,132430.0
15:59,244.38,244.39,244.27,244.29,267049.0
