Time,Close,High,Low,Open,Volume
09:30,239.07,240.75,239.07,240.2,511966.0
09:31,239.04,239.13,238.37,239.0,131105.0
09:32,239.04,239.14,238.4,238.96,163452.0
09:33,239.05,239.14,238.44,238.92,195798.0
09:34,239.37,239.38,238.62,239.05,85212.0
09:35,238.71,239.49,238.7,239.38,128256.0
09:36,238.29,238.76,238.25,238.74,104199.0
09:37,238.62,238.73,238.15,238.24,97902.0
09:38,238.34,238.63,238.18,238.63,77981.0
09:39,238.22,238.45,238.05,238.38,68947.0
09:40,237.99,238.3,237.66,238.27,109406.0
09:41,237.85,238.16,237.68,238.0,66458.0
09:42,237.84,238.02,237.51,237.87,78497.0
09:43,237.66,238.09,237.66,237.86,127562.0
09:44,237.53,237.69,237.3,237.65,57162.0
09:45,237.79,237.88,237.57,237.57,1.0
09:46,238.3,238.31,237.75,237.8,702384.0
09:47,238.27,238.41,238.18,238.26,41854.0
09:48,238.36,238.6,238.25,238.3,43150.0
09:49,238.09,238.45,237.86,238.36,87036.0
09:50,238.02,238.12,237.77,238.07,38619.0
09:51,237.94,238.12,237.85,238.0,52559.0
09:52,238.22,238.27,237.91,238.0,73249.0
09:53,238.1,238.27,238.02,238.23,100235.0
09:54,238.12,238.19,237.82,238.1,68920.0
09:55,238.33,238.33,238.12,238.12,82984.0
09:56,238.48,238.57,238.27,238.32,42967.0
09:57,238.94,238.94,238.46,238.51,56529.0
09:58,239.16,239.19,238.93,238.93,48925.0
09:59,239.02,239.23,238.91,239.16,50910.0
10:00,238.65,239.08,238.65,239.02,53219.0
10:01,238.62,238.88,238.54,238.63,104379.0
10:02,238.21,238.47,238.17,238.47,52660.0
10:03,238.37,238.54,238.21,238.25,62234.0
10:04,238.43,238.54,238.32,238.41,55008.0
10:05,238.57,238.6,238.39,238.43,41653.0
10:06,238.81,239.02,238.56,238.56,69914.0
10:07,238.83,238.98,238.69,238.84,32798.0
10:08,238.95,239.02,238.77,238.88,36321.0
10:09,238.74,239.0,238.74,238.96,27545.0
10:10,238.68,238.77,238.56,238.74,42167.0
10:11,238.72,238.93,238.66,238.71,38942.0
10:12,238.72,238.99,238.72,238.77,39230.0
10:13,238.71,238.78,238.63,238.73,38015.0
10:14,238.81,238.82,238.7,238.74,26931.0
10:15,238.85,238.95,238.73,238.77,36068.0
10:16,238.84,238.86,238.54,238.85,44980.0
10:17,238.99,239.02,238.75,238.82,60004.0
10:18,238.62,239.0,238.59,238.98,41917.0
10:19,238.48,238.75,238.45,238.61,38133.0
10:20,238.18,238.5,238.18,238.48,31340.0
10:21,238.37,238.47,238.24,238.24,31284.0
10:22,238.3,238.41,238.16,238.41,28523.0
10:23,238.39,238.43,238.29,238.31,24101.0
10:24,238.54,238.62,238.42,238.42,32183.0
10:25,238.39,238.53,238.34,238.53,35089.0
10:26,238.32,238.44,238.22,238.39,44319.0
10:27,238.19,238.27,238.09,238.27,21804.0
10:28,238.2,238.32,238.2,238.23,20874.0
10:29,238.37,238.4,238.14,238.2,37691.0
10:30,238.46,238.46,238.3,238.37,19248.0
10:31,238.48,238.53,238.38,238.48,32149.0
10:32,238.24,238.49,238.18,238.49,115588.0
10:33,238.46,238.48,238.15,238.2,52876.0
10:34,238.53,238.56,238.43,238.46,29886.0
10:35,238.78,238.78,238.5,238.53,39354.0
10:36,238.73,238.82,238.65,238.75,87268.0
10:37,238.74,238.77,238.7,238.74,29515.0
10:38,238.7,238.74,238.58,238.74,35109.0
10:39,238.71,238.76,238.63,238.7,26389.0
10:40,238.51,238.74,238.48,238.74,33565.0
10:41,238.33,238.56,238.33,238.5,23597.0
10:42,238.21,238.34,238.14,238.33,34230.0
10:43,238.19,238.34,238.13,238.21,34194.0
10:44,238.18,238.22,238.15,238.18,28660.0
10:45,238.0,238.25,237.98,238.18,53100.0
10:46,238.04,238.19,238.01,238.01,29930.0
10:47,238.01,238.14,237.98,238.0,45210.0
10:48,237.99,238.1,237.95,237.99,60491.0
10:49,237.96,238.05,237.92,237.98,75771.0
10:50,238.12,238.18,237.96,237.96,27737.0
10:51,238.18,238.28,238.12,238.12,25046.0
10:52,238.13,238.25,238.13,238.17,16780.0
10:53,238.24,238.26,238.05,238.15,22001.0
10:54,238.23,238.28,238.18,238.26,19656.0
10:55,237.82,238.26,236.58,238.21,652172.0
10:56,237.77,237.91,237.52,237.8,81374.0
10:57,238.13,238.16,237.77,237.77,45260.0
10:58,238.23,238.27,238.07,238.08,19246.0
10:59,238.42,238.42,238.27,238.28,23280.0
11:00,238.54,238.59,238.42,238.42,24712.0
11:01,238.62,238.65,238.49,238.54,20994.0
11:02,238.43,238.62,238.39,238.62,24051.0
11:03,238.56,238.67,238.48,238.48,31310.0
11:04,238.74,238.74,238.5,238.51,33558.0
11:05,238.66,238.77,238.6,238.73,48487.0
11:06,238.76,238.77,238.64,238.67,63490.0
11:07,238.76,238.83,238.68,238.73,46373.0
11:08,238.82,238.85,238.72,238.79,96793.0
11:09,238.74,238.92,238.74,238.85,22656.0
11:10,238.76,238.91,238.74,238.76,84859.0
11:11,238.81,238.88,238.73,238.78,36189.0
11:12,238.9,239.0,238.81,238.81,37483.0
11:13,238.92,238.97,238.87,238.92,29231.0
11:14,239.1,239.13,238.93,238.93,29029.0
11:15,239.09,239.13,239.02,239.09,23864.0
11:16,239.18,239.23,239.07,239.09,35476.0
11:17,239.21,239.23,239.14,239.16,24006.0
11:18,239.24,239.32,239.24,239.25,22068.0
11:19,239.34,239.34,239.26,239.26,1.0
11:20,239.41,239.46,239.3,239.35,47728.0
11:21,239.55,239.57,239.41,239.41,28100.0
11:22,239.47,239.63,239.39,239.55,30271.0
11:23,239.46,239.5,239.36,239.44,16241.0
11:24,239.71,239.73,239.44,239.47,27536.0
11:25,239.6,239.74,239.53,239.68,45098.0
11:26,239.61,239.63,239.54,239.59,9807.0
11:27,239.62,239.66,239.57,239.58,15128.0
11:28,239.63,239.78,239.6,239.62,28997.0
11:29,239.58,239.64,239.52,239.63,19526.0
11:30,239.84,239.85,239.56,239.56,26695.0
11:31,239.87,239.9,239.75,239.84,19238.0
11:32,239.71,239.87,239.68,239.87,15642.0
11:33,239.79,239.81,239.69,239.71,12998.0
11:34,239.78,239.87,239.78,239.83,2543011.0
11:35,239.82,239.89,239.75,239.78,30814.0
11:36,239.74,239.86,239.71,239.84,28798.0
11:37,239.74,239.83,239.71,239.75,21742.0
11:38,239.84,239.85,239.63,239.74,29973.0
11:39,239.85,239.88,239.8,239.85,38798.0
11:40,239.93,239.95,239.85,239.85,33671.0
11:41,239.88,239.93,239.8,239.93,24684.0
11:42,239.83,239.92,239.77,239.9,19760.0
11:43,239.94,239.99,239.82,239.83,47677.0
11:44,239.81,239.98,239.8,239.96,44867.0
11:45,239.73,239.83,239.71,239.79,30040.0
11:46,239.53,239.54,239.51,239.54,31096.0
11:47,239.65,239.67,239.52,239.52,20514.0
11:48,239.6,239.64,239.57,239.62,13264.0
11:49,239.66,239.7,239.53,239.59,44112.0
11:50,239.67,239.76,239.65,239.68,29417.0
11:51,239.82,239.83,239.63,239.66,40502.0
11:52,239.65,239.86,239.64,239.82,23535.0
11:53,239.5,239.64,239.5,239.64,19967.0
11:54,239.51,239.57,239.49,239.51,31593.0
11:55,239.51,239.59,239.5,239.51,16691.0
11:56,239.62,239.66,239.47,239.51,18287.0
11:57,239.57,239.67,239.57,239.61,19565.0
11:58,239.65,239.66,239.53,239.55,16881.0
11:59,239.59,239.71,239.58,239.64,18022.0
12:00,239.87,239.88,239.59,239.59,30021.0
12:01,239.91,239.94,239.81,239.86,28033.0
12:02,239.95,239.99,239.89,239.89,36374.0
12:03,240.01,240.02,239.94,239.97,58618.0
12:04,240.0,240.06,239.97,240.02,22810.0
12:05,239.88,240.0,239.88,239.99,16529.0
12:06,239.93,239.97,239.82,239.89,23222.0
12:07,239.99,240.0,239.93,239.99,12530.0
12:08,240.01,240.03,239.95,239.98,22527.0
12:09,239.98,240.02,239.96,240.0,23077.0
12:10,239.97,239.97,239.88,239.96,27177.0
12:11,239.99,240.02,239.9,239.97,22210.0
12:12,239.91,240.0,239.84,239.99,19626.0
12:13,240.03,240.08,239.89,239.94,89093.0
12:14,240.01,240.1,239.96,240.04,30633.0
12:15,240.22,240.22,240.01,240.01,40807.0
12:16,240.14,240.23,240.12,240.21,27940.0
12:17,240.1,240.18,240.1,240.16,14804.0
12:18,240.25,240.27,240.12,240.14,16200.0
12:19,240.33,240.33,240.23,240.25,24724.0
12:20,240.39,240.45,240.33,240.33,43373.0
12:21,240.34,240.4,240.32,240.38,17648.0
12:22,240.28,240.34,240.25,240.33,15615.0
12:23,240.21,240.35,240.21,240.28,15419.0
12:24,240.18,240.24,240.09,240.24,14094.0
12:25,240.41,240.42,240.23,240.24,18349.0
12:26,240.46,240.47,240.38,240.4,14077.0
12:27,240.39,240.48,240.38,240.47,23998.0
12:28,240.38,240.43,240.37,240.43,15887.0
12:29,240.32,240.43,240.32,240.41,11341.0
12:30,240.28,240.37,240.28,240.31,15209.0
12:31,240.23,240.31,240.22,240.28,15605.0
12:32,240.16,240.27,240.16,240.23,49100.0
12:33,240.38,240.43,240.15,240.16,39263.0
12:34,240.38,240.38,240.28,240.35,10467.0
12:35,240.34,240.4,240.32,240.4,8742.0
12:36,240.34,240.36,240.32,240.34,12244.0
12:37,240.32,240.36,240.31,240.34,13153.0
12:38,240.32,240.35,240.3,240.32,27284.0
12:39,240.38,240.4,240.31,240.32,9211.0
12:40,240.27,240.39,240.27,240.36,18518.0
12:41,240.29,240.36,240.26,240.29,30932.0
12:42,240.17,240.32,240.12,240.3,26987.0
12:43,240.17,240.26,240.15,240.21,18855.0
12:44,240.09,240.17,240.05,240.16,14414.0
12:45,240.14,240.18,240.08,240.08,19591.0
12:46,240.07,240.14,240.06,240.14,14968.0
12:47,240.05,240.11,239.96,240.04,26259.0
12:48,240.1,240.11,240.01,240.01,20197.0
12:49,240.07,240.1,240.03,240.09,16744.0
12:50,239.91,240.07,239.9,240.07,21603.0
12:51,239.89,239.91,239.82,239.9,17687.0
12:52,239.84,239.91,239.8,239.85,12778.0
12:53,239.92,239.92,239.84,239.84,15101.0
12:54,239.95,240.0,239.91,239.97,10117.0
12:55,239.98,240.0,239.86,239.93,10325.0
12:56,240.09,240.13,239.99,240.0,16999.0
12:57,240.11,240.16,240.05,240.11,10780.0
12:58,239.99,240.12,239.96,240.1,19097.0
12:59,239.83,239.99,239.83,239.98,21952.0
13:00,239.82,239.88,239.77,239.85,27131.0
13:01,239.75,239.88,239.74,239.84,20124.0
13:02,239.71,239.77,239.66,239.77,14672.0
13:03,239.65,239.71,239.6,239.68,14425.0
13:04,239.64,239.68,239.58,239.65,22132.0
13:05,239.66,239.68,239.6,239.64,13681.0
13:06,239.65,239.69,239.59,239.64,36057.0
13:07,239.65,239.65,239.57,239.63,14607.0
13:08,239.66,239.73,239.53,239.63,29591.0
13:09,239.76,239.82,239.63,239.63,21080.0
13:10,239.77,239.8,239.72,239.76,45805.0
13:11,239.88,239.9,239.74,239.78,39126.0
13:12,240.03,240.03,239.85,239.86,24299.0
13:13,240.23,240.23,240.05,240.05,47679.0
13:14,240.11,240.22,240.05,240.2,28810.0
13:15,240.1,240.17,240.1,240.11,18838.0
13:16,240.11,240.13,240.07,240.1,20721.0
13:17,240.21,240.21,240.11,240.11,22240.0
13:18,240.06,240.22,240.06,240.18,14898.0
13:19,240.03,240.12,240.02,240.08,18875.0
13:20,240.18,240.25,240.02,240.02,19087.0
13:21,240.16,240.21,240.12,240.17,19128.0
13:22,240.17,240.19,240.11,240.16,26706.0
13:23,240.13,240.19,240.12,240.17,376168.0
13:24,240.21,240.22,240.14,240.16,21665.0
13:25,240.23,240.24,240.18,240.22,18074.0
13:26,240.27,240.32,240.23,240.27,26724.0
13:27,240.28,240.29,240.22,240.27,14916.0
13:28,240.3,240.35,240.25,240.28,18552.0
13:29,240.3,240.3,240.25,240.29,12793.0
13:30,240.42,240.42,240.24,240.3,23810.0
13:31,240.39,240.43,240.32,240.43,34547.0
13:32,240.41,240.46,240.38,240.4,29184.0
13:33,240.41,240.5,240.39,240.42,27654.0
13:34,240.33,240.4,240.33,240.4,16003.0
13:35,240.3,240.38,240.24,240.27,16525.0
13:36,240.25,240.32,240.2,240.31,19205.0
13:37,240.23,240.29,240.18,240.23,15673.0
13:38,240.19,240.25,240.18,240.21,11402.0
13:39,240.23,240.25,240.2,240.2,20673.0
13:40,240.35,240.43,240.24,240.24,19196.0
13:41,240.39,240.43,240.37,240.4,8302.0
13:42,240.43,240.5,240.4,240.4,15755.0
13:43,240.42,240.45,240.36,240.44,15147.0
13:44,240.44,240.49,240.43,240.43,13375.0
13:45,240.44,240.53,240.43,240.43,35700.0
13:46,240.51,240.51,240.43,240.45,33103.0
13:47,240.41,240.54,240.41,240.53,24548.0
13:48,240.26,240.42,240.24,240.42,12547.0
13:49,240.16,240.24,240.12,240.24,13146.0
13:50,240.18,240.2,240.05,240.12,20144.0
13:51,240.23,240.25,240.17,240.17,22394.0
13:52,240.28,240.28,240.21,240.23,17823.0
13:53,240.4,240.4,240.26,240.27,17629.0
13:54,240.56,240.59,240.42,240.42,18195.0
13:55,240.57,240.61,240.51,240.57,20484.0
13:56,240.58,240.65,240.53,240.54,24651.0
13:57,240.59,240.61,240.52,240.52,12737.0
13:58,240.62,240.65,240.54,240.58,33503.0
13:59,240.6,240.68,240.57,240.62,30530.0
14:00,240.49,240.61,240.48,240.6,20259.0
14:01,240.41,240.48,240.39,240.48,32545.0
14:02,240.47,240.57,240.43,240.47,25325.0
14:03,240.43,240.43,240.43,240.43,21536.0
14:04,240.54,240.54,240.4,240.42,48165.0
14:05,240.65,240.67,240.52,240.54,58270.0
14:06,240.66,240.71,240.61,240.64,36767.0
14:07,240.68,240.74,240.66,240.67,25306.0
14:08,240.66,240.74,240.66,240.69,33326.0
14:09,240.68,240.7,240.67,240.68,20804.0
14:10,240.71,240.74,240.62,240.7,25964.0
14:11,240.66,240.76,240.62,240.71,29602.0
14:12,240.75,240.79,240.65,240.65,37239.0
14:13,240.79,240.8,240.69,240.74,25694.0
14:14,240.79,240.79,240.72,240.79,23513.0
14:15,240.77,240.84,240.77,240.8,29978.0
14:16,240.75,240.87,240.74,240.78,28243.0
14:17,240.75,240.79,240.72,240.76,22955.0
14:18,240.74,240.78,240.7,240.77,28549.0
14:19,240.82,240.84,240.75,240.75,14964.0
14:20,240.65,240.86,240.64,240.83,35438.0
14:21,240.68,240.74,240.64,240.64,20704.0
14:22,240.8,240.82,240.69,240.7,23664.0
14:23,240.83,240.84,240.78,240.82,28231.0
14:24,240.9,240.93,240.83,240.83,38492.0
14:25,240.96,241.01,240.88,240.9,41946.0
14:26,241.01,241.03,240.94,240.98,15917.0
14:27,241.05,241.07,240.98,241.01,50411.0
14:28,241.18,241.19,241.05,241.07,33651.0
14:29,241.39,241.4,241.15,241.17,75624.0
14:30,241.43,241.44,241.31,241.39,44216.0
14:31,241.29,241.47,241.28,241.41,35455.0
14:32,241.34,241.34,241.16,241.28,65320.0
14:33,241.41,241.5,241.33,241.33,39431.0
14:34,241.5,241.53,241.43,241.43,22670.0
14:35,241.5,241.57,241.45,241.5,40406.0
14:36,241.65,241.67,241.48,241.51,37243.0
14:37,241.52,241.65,241.51,241.63,33894.0
14:38,241.56,241.62,241.51,241.52,34767.0
14:39,241.63,241.64,241.52,241.56,31368.0
14:40,241.48,241.63,241.48,241.63,22773.0
14:41,241.44,241.5,241.4,241.46,23475.0
14:42,241.53,241.53,241.46,241.46,19299.0
14:43,241.55,241.55,241.47,241.54,18421.0
14:44,241.59,241.64,241.54,241.54,19692.0
14:45,241.58,241.64,241.56,241.59,26284.0
14:46,241.5,241.62,241.5,241.58,20431.0
14:47,241.48,241.51,241.43,241.49,26090.0
14:48,241.58,241.59,241.48,241.48,17211.0
14:49,241.76,241.8,241.57,241.57,47200.0
14:50,241.76,241.89,241.73,241.76,55041.0
14:51,241.82,241.83,241.69,241.77,23427.0
14:52,241.85,241.88,241.79,241.82,40191.0
14:53,241.82,241.98,241.81,241.86,34204.0
14:54,241.9,241.9,241.77,241.81,32315.0
14:55,241.88,241.93,241.79,241.9,36008.0
14:56,241.87,241.88,241.81,241.88,24061.0
14:57,241.96,242.04,241.87,241.87,51116.0
14:58,241.88,241.96,241.86,241.96,33914.0
14:59,241.88,241.96,241.84,241.88,22157.0
15:00,241.95,242.02,241.9,241.9,34465.0
15:01,242.09,242.13,241.93,241.93,64304.0
15:02,242.09,242.17,242.05,242.1,33428.0
15:03,242.03,242.13,242.02,242.11,28626.0
15:04,242.06,242.12,242.04,242.06,27991.0
15:05,241.99,242.12,241.93,242.04,44251.0
15:06,241.98,242.04,241.96,241.99,27774.0
15:07,242.08,242.08,241.96,241.99,26432.0
15:08,242.01,242.13,242.0,242.07,25291.0
15:09,241.97,242.01,241.91,242.01,45428.0
15:10,241.95,241.97,241.84,241.97,44585.0
15:11,241.98,242.02,241.94,241.95,39866.0
15:12,242.22,242.22,241.89,241.99,59632.0
15:13,242.24,242.31,242.21,242.23,56090.0
15:14,242.2,242.26,242.11,242.25,58602.0
15:15,242.24,242.27,242.18,242.2,62740.0
15:16,242.21,242.35,242.2,242.24,55893.0
15:17,242.09,242.24,242.07,242.21,43679.0
15:18,242.05,242.09,242.02,242.09,38946.0
15:19,242.14,242.23,242.0,242.05,25492.0
15:20,242.07,242.19,242.01,242.15,22471.0
15:21,242.01,242.08,241.96,242.08,36606.0
15:22,242.11,242.13,241.99,241.99,23702.0
15:23,242.26,242.27,242.13,242.13,30677.0
15:24,242.34,242.34,242.26,242.26,26880.0
15:25,242.23,242.38,242.23,242.33,59998.0
15:26,242.21,242.26,242.13,242.24,30920.0
15:27,242.21,242.25,242.19,242.22,22540.0
15:28,242.24,242.29,242.18,242.23,31482.0
15:29,242.34,242.38,242.21,242.23,30578.0
15:30,242.34,242.41,242.27,242.31,55791.0
15:31,242.55,242.57,242.28,242.35,91052.0
15:32,242.49,242.57,242.48,242.54,91205.0
15:33,242.47,242.54,242.46,242.52,45390.0
15:34,242.44,242.49,242.39,242.47,51925.0
15:35,242.31,242.52,242.28,242.45,45642.0
15:36,242.35,242.37,242.25,242.31,44273.0
15:37,242.39,242.41,242.31,242.35,21119.0
15:38,242.38,242.44,242.35,242.38,23047.0
15:39,242.54,242.54,242.34,242.37,31089.0
15:40,242.38,242.52,242.38,242.52,41980.0
15:41,242.41,242.46,242.37,242.41,28699.0
15:42,242.3,242.45,242.3,242.41,39234.0
15:43,242.24,242.34,242.24,242.29,33419.0
15:44,242.18,242.32,242.18,242.25,34986.0
15:45,242.12,242.26,242.12,242.19,62937.0
15:46,242.12,242.16,242.05,242.12,45805.0
15:47,242.12,242.16,242.03,242.13,46501.0
15:48,242.02,242.11,242.0,242.11,40448.0
15:49,242.02,242.04,241.99,242.04,45976.0
15:50,241.73,242.01,240.76,242.01,556406.0
15:51,241.52,241.74,241.5,241.73,81603.0
15:52,241.42,241.59,241.42,241.43,79960.0
15:53,241.19,241.45,241.19,241.45,68385.0
15:54,240.83,241.31,240.75,241.19,220482.0
15:55,240.84,240.96,240.65,240.83,192718.0
15:56,240.91,240.93,240.76,240.84,97295.0
15:57,240.89,240.96,240.83,240.89,152582.0
15:58,240.89,240.96,240.83,240.9,145391.0
15:59,240.72,240.95,240.68,240.88,413530.0
