Time,Close,High,Low,Open,Volume
09:30,270.15,270.98,269.93,269.99,1283952.0
09:31,270.58,270.73,270.0,270.27,117422.0
09:32,270.61,270.7,270.43,270.58,24860.0
09:33,271.04,271.1,270.53,270.6,211200.0
09:34,270.8,271.38,270.68,271.02,134294.0
09:35,269.96,270.79,269.96,270.79,117737.0
09:36,270.08,270.13,269.83,269.99,106477.0
09:37,270.0,270.44,269.87,270.08,74717.0
09:38,270.15,270.23,269.91,270.01,106175.0
09:39,269.51,270.18,269.47,270.13,123756.0
09:40,269.21,269.54,269.11,269.5,125195.0
09:41,269.22,269.67,269.05,269.24,73359.0
09:42,269.39,269.72,269.12,269.14,76710.0
09:43,269.75,269.85,269.34,269.42,86244.0
09:44,270.1,270.18,269.71,269.8,88612.0
09:45,269.42,270.11,269.4,270.11,97753.0
09:46,268.98,269.57,268.98,269.44,101368.0
09:47,269.34,269.34,268.8,268.98,70928.0
09:48,269.2,269.45,269.0,269.33,49800.0
09:49,269.25,269.35,269.0,269.18,65233.0
09:50,269.08,269.26,268.89,269.25,47788.0
09:51,268.74,269.1,268.71,269.07,79661.0
09:52,268.35,268.71,268.31,268.71,93104.0
09:53,268.71,268.73,268.18,268.32,76301.0
09:54,268.71,268.82,268.46,268.71,63517.0
09:55,268.66,268.8,268.52,268.7,55649.0
09:56,268.55,269.35,268.53,268.67,114060.0
09:57,267.98,268.6,267.97,268.56,118143.0
09:58,268.32,268.54,268.01,268.02,56314.0
09:59,268.26,268.41,268.22,268.39,53413.0
10:00,267.89,268.3,267.81,268.3,85834.0
10:01,267.67,267.89,267.53,267.86,72232.0
10:02,268.04,268.14,267.64,267.68,59440.0
10:03,268.33,268.34,268.07,268.09,44707.0
10:04,268.47,268.55,268.26,268.37,61596.0
10:05,268.36,268.51,268.31,268.45,47485.0
10:06,268.64,268.67,268.2,268.38,71739.0
10:07,268.96,269.0,268.61,268.61,60900.0
10:08,268.86,269.0,268.76,268.99,43615.0
10:09,268.89,269.02,268.82,268.89,36246.0
10:10,268.63,268.98,268.53,268.9,51860.0
10:11,268.38,268.65,268.32,268.65,41150.0
10:12,268.35,268.46,268.22,268.37,61132.0
10:13,268.3,268.38,268.11,268.35,61955.0
10:14,268.45,268.5,268.18,268.25,48784.0
10:15,268.12,268.46,268.08,268.46,45928.0
10:16,268.01,268.18,267.9,268.14,50065.0
10:17,267.99,268.14,267.95,268.01,38077.0
10:18,267.91,268.03,267.88,267.98,27539.0
10:19,267.98,268.03,267.81,267.92,40247.0
10:20,267.97,268.19,267.93,267.99,41807.0
10:21,268.51,268.51,267.95,267.96,65685.0
10:22,268.23,268.52,268.17,268.52,43287.0
10:23,268.42,268.42,268.09,268.21,48918.0
10:24,268.17,268.46,268.14,268.42,43189.0
10:25,268.08,268.18,267.98,268.16,33424.0
10:26,267.85,268.12,267.85,268.08,33844.0
10:27,267.73,267.96,267.72,267.87,42256.0
10:28,267.9,267.9,267.72,267.73,38939.0
10:29,268.02,268.08,267.85,267.89,40444.0
10:30,268.04,268.11,267.96,268.02,24186.0
10:31,268.03,268.15,267.94,268.02,50749.0
10:32,268.03,268.12,267.92,268.02,36943.0
10:33,268.05,268.15,268.01,268.05,28493.0
10:34,268.12,268.23,268.05,268.07,33026.0
10:35,268.1,268.23,268.08,268.11,25780.0
10:36,268.3,268.32,268.09,268.11,33582.0
10:37,268.3,268.4,268.26,268.3,33262.0
10:38,268.39,268.44,268.27,268.28,23455.0
10:39,267.83,268.4,267.82,268.39,68823.0
10:40,267.8,267.89,267.7,267.83,37725.0
10:41,267.57,267.84,267.57,267.81,43398.0
10:42,267.88,267.92,267.59,267.59,25336.0
10:43,267.72,267.85,267.65,267.85,93285.0
10:44,267.73,267.79,267.61,267.71,28399.0
10:45,267.7,267.75,267.6,267.7,23335.0
10:46,267.55,267.79,267.53,267.7,51515.0
10:47,267.65,267.72,267.5,267.55,95431.0
10:48,267.65,267.78,267.59,267.7,34287.0
10:49,267.73,267.78,267.64,267.64,26607.0
10:50,267.53,267.73,267.49,267.73,49412.0
10:51,267.48,267.52,267.37,267.43,37797.0
10:52,267.66,267.67,267.44,267.5,153439.0
10:53,267.77,267.79,267.6,267.66,40699.0
10:54,267.7,267.78,267.65,267.77,43958.0
10:55,267.56,267.8,267.54,267.73,59624.0
10:56,267.73,267.77,267.58,267.59,45924.0
10:57,267.68,267.8,267.52,267.73,40174.0
10:58,267.26,267.7,267.22,267.66,81899.0
10:59,267.41,267.55,267.24,267.27,35531.0
11:00,267.45,267.51,267.31,267.43,46018.0
11:01,267.68,267.69,267.41,267.44,40191.0
11:02,267.81,267.84,267.63,267.65,39846.0
11:03,267.79,267.97,267.76,267.84,37549.0
11:04,267.9,268.04,267.78,267.78,28561.0
11:05,268.13,268.17,267.92,267.92,29606.0
11:06,268.18,268.35,268.09,268.12,41316.0
11:07,268.23,268.24,268.14,268.18,25535.0
11:08,268.36,268.4,268.24,268.24,29346.0
11:09,268.27,268.37,268.27,268.36,29002.0
11:10,268.37,268.47,268.28,268.28,31452.0
11:11,268.12,268.43,268.12,268.36,38185.0
11:12,267.9,268.13,267.89,268.13,34368.0
11:13,267.98,268.02,267.89,267.92,28407.0
11:14,268.11,268.15,268.0,268.0,24321.0
11:15,267.98,268.14,267.92,268.13,27178.0
11:16,268.0,268.16,267.93,268.01,30859.0
11:17,268.28,268.28,267.91,267.99,31101.0
11:18,268.21,268.34,268.19,268.28,23324.0
11:19,268.32,268.35,268.22,268.24,17193.0
11:20,268.2,268.34,268.14,268.33,21966.0
11:21,268.21,268.3,268.19,268.2,17844.0
11:22,267.98,268.29,267.94,268.23,32350.0
11:23,267.96,268.09,267.96,268.0,21398.0
11:24,267.86,268.01,267.86,267.98,20864.0
11:25,268.02,268.02,267.85,267.88,30623.0
11:26,268.2,268.2,268.0,268.02,49178.0
11:27,268.21,268.22,268.01,268.17,45939.0
11:28,268.06,268.22,268.0,268.18,34125.0
11:29,268.0,268.1,267.96,268.05,16115.0
11:30,267.9,267.99,267.75,267.99,47208.0
11:31,267.73,267.94,267.72,267.89,34442.0
11:32,267.86,267.88,267.7,267.75,27698.0
11:33,267.77,267.95,267.73,267.88,26262.0
11:34,267.77,267.79,267.67,267.76,26680.0
11:35,267.71,267.84,267.47,267.77,55785.0
11:36,267.81,267.84,267.73,267.73,20430.0
11:37,267.84,267.87,267.71,267.82,21308.0
11:38,267.92,267.94,267.79,267.83,25902.0
11:39,267.91,268.09,267.9,267.9,35978.0
11:40,267.84,268.04,267.77,267.92,36761.0
11:41,267.8,267.94,267.74,267.84,38215.0
11:42,267.8,267.84,267.75,267.82,19297.0
11:43,268.02,268.16,267.75,267.75,38577.0
11:44,267.95,268.04,267.89,268.02,32006.0
11:45,267.85,268.12,267.78,267.93,24847.0
11:46,267.8,267.84,267.76,267.79,28579.0
11:47,267.95,267.95,267.83,267.83,16508.0
11:48,267.71,267.97,267.71,267.95,22760.0
11:49,267.61,267.73,267.59,267.73,19254.0
11:50,267.54,267.67,267.53,267.63,24501.0
11:51,267.64,267.74,267.53,267.55,31971.0
11:52,267.58,267.68,267.54,267.63,16167.0
11:53,267.61,267.62,267.5,267.59,40710.0
11:54,267.49,267.6,267.44,267.6,29995.0
11:55,267.41,267.51,267.33,267.48,31501.0
11:56,267.36,267.46,267.36,267.42,13120.0
11:57,267.39,267.44,267.35,267.35,15643.0
11:58,267.4,267.42,267.3,267.39,23474.0
11:59,267.4,267.42,267.32,267.41,18633.0
12:00,267.39,267.45,267.36,267.41,22572.0
12:01,267.4,267.41,267.28,267.38,30629.0
12:02,267.43,267.48,267.4,267.42,27517.0
12:03,267.45,267.58,267.42,267.42,28185.0
12:04,267.33,267.49,267.31,267.39,34415.0
12:05,267.53,267.54,267.35,267.35,60640.0
12:06,267.56,267.58,267.51,267.54,18440.0
12:07,267.46,267.6,267.41,267.57,31724.0
12:08,267.45,267.48,267.4,267.46,35215.0
12:09,267.74,267.74,267.55,267.56,38847.0
12:10,267.65,267.84,267.63,267.74,29073.0
12:11,267.53,267.69,267.5,267.67,28749.0
12:12,267.4,267.67,267.38,267.54,27607.0
12:13,267.33,267.49,267.26,267.4,55325.0
12:14,267.29,267.38,267.25,267.32,45418.0
12:15,267.31,267.38,267.25,267.28,37313.0
12:16,267.31,267.4,267.21,267.33,42351.0
12:17,267.24,267.32,267.17,267.3,26824.0
12:18,267.69,267.69,267.25,267.27,38656.0
12:19,267.5,267.7,267.43,267.69,24295.0
12:20,267.37,267.54,267.31,267.48,31938.0
12:21,267.51,267.59,267.4,267.43,25304.0
12:22,267.51,267.57,267.42,267.51,25437.0
12:23,267.49,267.57,267.49,267.51,17018.0
12:24,267.5,267.57,267.37,267.5,45635.0
12:25,267.57,267.6,267.51,267.51,16405.0
12:26,267.59,267.65,267.54,267.55,22866.0
12:27,267.65,267.66,267.55,267.6,32207.0
12:28,267.63,267.73,267.62,267.64,31882.0
12:29,267.74,267.75,267.65,267.67,28771.0
12:30,268.13,268.42,267.72,267.75,108470.0
12:31,267.66,268.15,267.63,268.11,48508.0
12:32,267.97,268.06,267.67,267.68,40130.0
12:33,267.93,268.06,267.91,267.98,21592.0
12:34,268.01,268.04,267.91,268.0,17277.0
12:35,267.9,268.07,267.87,268.02,33513.0
12:36,267.9,268.01,267.89,267.91,19183.0
12:37,267.89,267.89,267.78,267.89,18296.0
12:38,267.94,268.01,267.88,267.91,16022.0
12:39,267.81,267.91,267.8,267.91,27993.0
12:40,267.67,267.84,267.67,267.82,18941.0
12:41,267.48,267.7,267.48,267.68,48697.0
12:42,267.46,267.63,267.43,267.47,35892.0
12:43,267.47,267.59,267.42,267.46,28510.0
12:44,267.55,267.55,267.47,267.48,13051.0
12:45,267.54,267.6,267.52,267.54,26071.0
12:46,267.7,267.78,267.55,267.56,56915.0
12:47,267.93,267.99,267.69,267.7,21811.0
12:48,267.83,267.95,267.79,267.94,16128.0
12:49,267.83,267.88,267.82,267.84,18130.0
12:50,267.72,267.83,267.65,267.79,22272.0
12:51,267.99,268.05,267.72,267.74,31845.0
12:52,267.97,268.14,267.97,268.02,37937.0
12:53,267.99,268.04,267.96,267.96,27205.0
12:54,267.97,268.06,267.95,267.99,27929.0
12:55,267.94,268.05,267.91,267.95,36362.0
12:56,268.06,268.07,267.95,267.95,27120.0
12:57,268.11,268.11,268.0,268.02,37178.0
12:58,268.08,268.13,267.92,268.11,47471.0
12:59,268.06,268.11,268.0,268.07,23038.0
13:00,268.19,268.24,268.02,268.04,24158.0
13:01,268.38,268.43,268.14,268.19,24484.0
13:02,268.48,268.56,268.39,268.4,24168.0
13:03,268.65,268.7,268.46,268.48,38742.0
13:04,268.6,268.72,268.56,268.66,39052.0
13:05,268.73,268.77,268.62,268.62,35051.0
13:06,268.83,268.91,268.71,268.73,39851.0
13:07,268.63,268.91,268.54,268.85,48793.0
13:08,268.7,268.73,268.62,268.68,24477.0
13:09,268.72,268.76,268.67,268.73,28623.0
13:10,268.88,268.88,268.68,268.71,86002.0
13:11,268.85,268.87,268.62,268.86,70127.0
13:12,268.68,268.9,268.65,268.89,50409.0
13:13,268.75,268.83,268.7,268.7,61829.0
13:14,268.63,268.78,268.61,268.75,35011.0
13:15,268.83,268.88,268.62,268.62,150610.0
13:16,268.8,268.87,268.75,268.85,19912.0
13:17,268.73,268.86,268.7,268.78,39674.0
13:18,268.89,268.89,268.74,268.75,25685.0
13:19,268.64,268.89,268.64,268.89,44544.0
13:20,268.76,268.84,268.62,268.62,55265.0
13:21,268.78,268.84,268.73,268.76,42485.0
13:22,268.78,268.88,268.77,268.78,20873.0
13:23,268.81,268.85,268.75,268.79,27713.0
13:24,268.79,268.81,268.7,268.79,50330.0
13:25,268.79,268.8,268.73,268.78,30762.0
13:26,268.73,268.8,268.7,268.77,17212.0
13:27,268.87,268.89,268.76,268.76,29334.0
13:28,268.8,268.89,268.71,268.88,23082.0
13:29,268.77,268.8,268.7,268.79,20915.0
13:30,268.79,268.81,268.68,268.75,24614.0
13:31,268.79,268.87,268.77,268.77,13934.0
13:32,268.8,268.86,268.8,268.8,14334.0
13:33,268.73,268.8,268.7,268.8,36134.0
13:34,268.58,268.73,268.56,268.73,30042.0
13:35,268.65,268.75,268.59,268.59,25989.0
13:36,268.64,268.72,268.62,268.65,26677.0
13:37,268.68,268.72,268.61,268.64,22944.0
13:38,268.55,268.67,268.5,268.67,20049.0
13:39,268.65,268.66,268.51,268.55,19165.0
13:40,268.79,268.82,268.63,268.63,22396.0
13:41,268.66,268.8,268.66,268.8,21588.0
13:42,268.64,268.67,268.61,268.67,20879.0
13:43,268.78,268.78,268.63,268.63,44417.0
13:44,268.73,268.85,268.6,268.81,48871.0
13:45,268.61,268.78,268.61,268.75,39645.0
13:46,268.71,268.76,268.63,268.63,15534.0
13:47,268.68,268.7,268.58,268.7,20701.0
13:48,268.66,268.71,268.55,268.67,27362.0
13:49,268.7,268.75,268.62,268.67,11859.0
13:50,268.76,268.83,268.65,268.7,22970.0
13:51,268.85,268.87,268.77,268.78,16392.0
13:52,268.96,269.0,268.81,268.85,52968.0
13:53,268.98,269.06,268.95,268.96,19251.0
13:54,268.95,269.04,268.91,268.97,24254.0
13:55,268.92,268.98,268.88,268.95,18067.0
13:56,269.02,269.03,268.88,268.9,23732.0
13:57,268.84,269.01,268.84,268.99,32121.0
13:58,268.91,268.92,268.8,268.86,16279.0
13:59,268.8,268.91,268.8,268.87,23929.0
14:00,268.8,268.83,268.76,268.8,22446.0
14:01,268.84,268.9,268.78,268.83,25195.0
14:02,268.62,268.86,268.62,268.86,28259.0
14:03,268.74,268.75,268.61,268.63,35074.0
14:04,268.74,268.79,268.7,268.71,13546.0
14:05,268.86,268.88,268.74,268.74,32143.0
14:06,268.89,268.98,268.84,268.87,24497.0
14:07,269.02,269.03,268.83,268.89,20593.0
14:08,268.88,269.03,268.88,269.03,33116.0
14:09,268.89,268.96,268.86,268.89,30191.0
14:10,268.82,268.91,268.77,268.9,28262.0
14:11,268.92,268.94,268.79,268.83,20588.0
14:12,268.86,268.99,268.86,268.91,17623.0
14:13,268.96,268.96,268.83,268.86,20062.0
14:14,268.87,269.02,268.87,268.98,31175.0
14:15,268.92,268.98,268.84,268.87,31567.0
14:16,268.92,269.01,268.88,268.92,26783.0
14:17,268.95,268.99,268.93,268.98,19865.0
14:18,268.88,268.95,268.86,268.91,15561.0
14:19,268.88,268.92,268.8,268.87,18783.0
14:20,268.82,268.89,268.68,268.88,32234.0
14:21,268.79,268.84,268.76,268.83,29443.0
14:22,268.73,268.79,268.67,268.79,29425.0
14:23,268.7,268.76,268.6,268.74,30662.0
14:24,268.77,268.79,268.7,268.71,16894.0
14:25,268.8,268.81,268.73,268.77,24777.0
14:26,268.97,268.98,268.78,268.8,27996.0
14:27,268.93,269.01,268.88,268.96,30550.0
14:28,268.87,268.96,268.85,268.93,14039.0
14:29,268.83,268.86,268.82,268.84,21227.0
14:30,268.85,268.86,268.8,268.83,19756.0
14:31,268.76,268.86,268.75,268.84,16315.0
14:32,268.77,268.81,268.72,268.74,12248.0
14:33,268.76,268.79,268.75,268.79,15554.0
14:34,268.72,268.78,268.7,268.76,12917.0
14:35,268.73,268.79,268.71,268.73,21677.0
14:36,268.61,268.75,268.61,268.73,27469.0
14:37,268.48,268.6,268.41,268.6,38737.0
14:38,268.36,268.53,268.35,268.48,44132.0
14:39,268.16,268.35,268.15,268.33,31210.0
14:40,268.2,268.2,268.0,268.19,39193.0
14:41,268.3,268.3,268.19,268.2,26453.0
14:42,268.28,268.3,268.26,268.3,17060.0
14:43,268.21,268.28,268.19,268.26,17563.0
14:44,268.42,268.42,268.22,268.22,28082.0
14:45,268.41,268.48,268.4,268.4,14607.0
14:46,268.55,268.55,268.4,268.42,32214.0
14:47,268.51,268.6,268.49,268.57,20261.0
14:48,268.54,268.59,268.49,268.51,29930.0
14:49,268.66,268.68,268.57,268.57,16174.0
14:50,268.72,268.8,268.65,268.68,24451.0
14:51,268.77,268.77,268.66,268.73,19418.0
14:52,268.74,268.76,268.65,268.75,18754.0
14:53,268.7,268.77,268.68,268.74,16831.0
14:54,268.67,268.73,268.67,268.71,11558.0
14:55,268.61,268.65,268.58,268.65,24314.0
14:56,268.67,268.67,268.58,268.61,20240.0
14:57,268.61,268.69,268.61,268.68,17952.0
14:58,268.69,268.7,268.59,268.62,13383.0
14:59,268.68,268.73,268.67,268.69,15423.0
15:00,268.58,268.68,268.51,268.68,27305.0
15:01,268.48,268.59,268.43,268.58,35966.0
15:02,268.39,268.51,268.34,268.47,33984.0
15:03,268.54,268.54,268.38,268.38,31137.0
15:04,268.55,268.6,268.53,268.53,15186.0
15:05,268.78,268.78,268.55,268.55,36288.0
15:06,268.69,268.83,268.66,268.75,39008.0
15:07,268.71,268.75,268.64,268.68,28089.0
15:08,268.89,268.89,268.71,268.71,52899.0
15:09,268.63,268.85,268.63,268.83,39894.0
15:10,268.75,268.78,268.66,268.66,22633.0
15:11,268.79,268.81,268.74,268.76,34767.0
15:12,268.76,268.78,268.69,268.76,21959.0
15:13,268.65,268.8,268.64,268.76,20044.0
15:14,268.74,268.74,268.59,268.64,24252.0
15:15,268.57,268.75,268.56,268.73,30021.0
15:16,268.66,268.66,268.49,268.58,39531.0
15:17,268.62,268.68,268.52,268.66,44965.0
15:18,268.73,268.76,268.57,268.61,23131.0
15:19,268.74,268.74,268.68,268.74,21173.0
15:20,268.67,268.77,268.66,268.75,17111.0
15:21,268.75,268.79,268.68,268.68,17521.0
15:22,268.74,268.77,268.71,268.76,18266.0
15:23,268.73,268.79,268.67,268.74,19444.0
15:24,268.68,268.75,268.63,268.74,31836.0
15:25,268.61,268.7,268.6,268.67,25954.0
15:26,268.67,268.7,268.6,268.61,22075.0
15:27,268.71,268.72,268.6,268.67,45049.0
15:28,268.78,268.88,268.66,268.7,58967.0
15:29,268.74,268.84,268.73,268.76,24465.0
15:30,268.63,268.77,268.63,268.75,37283.0
15:31,268.64,268.73,268.63,268.67,34101.0
15:32,268.63,268.67,268.57,268.64,25708.0
15:33,268.61,268.64,268.56,268.63,22039.0
15:34,268.46,268.64,268.44,268.62,27519.0
15:35,268.36,268.46,268.36,268.46,37044.0
15:36,268.44,268.44,268.32,268.37,51696.0
15:37,268.51,268.52,268.39,268.42,40770.0
15:38,268.42,268.5,268.38,268.49,37169.0
15:39,268.45,268.48,268.4,268.43,34337.0
15:40,268.34,268.45,268.3,268.45,59519.0
15:41,268.37,268.43,268.29,268.34,53457.0
15:42,268.3,268.41,268.3,268.38,53814.0
15:43,268.45,268.45,268.31,268.31,26457.0
15:44,268.4,268.47,268.37,268.46,52769.0
15:45,268.49,268.54,268.4,268.4,44469.0
15:46,268.62,268.64,268.48,268.51,35018.0
15:47,268.57,268.62,268.53,268.62,28969.0
15:48,268.67,268.78,268.57,268.58,49663.0
15:49,268.78,268.8,268.61,268.67,97957.0
15:50,268.75,268.8,268.61,268.75,109071.0
15:51,268.87,268.87,268.7,268.75,91378.0
15:52,268.77,268.9,268.62,268.86,93018.0
15:53,268.72,268.81,268.71,268.77,99377.0
15:54,268.41,268.76,268.29,268.7,194292.0
15:55,268.43,268.54,268.09,268.42,291319.0
15:56,268.5,268.6,268.43,268.45,167640.0
15:57,268.67,268.73,268.41,268.48,222572.0
15:58,268.65,268.7,268.63,268.69,182058.0
15:59,268.44,268.72,268.4,268.65,316449.0
