Time,Close,High,Low,Open,Volume
09:30,245.89,246.45,245.82,246.25,511895.0
09:31,246.52,246.63,245.54,245.89,96402.0
09:32,246.84,247.07,246.32,246.57,87797.0
09:33,246.53,246.93,246.41,246.87,70868.0
09:34,245.81,246.59,245.65,246.53,90219.0
09:35,245.44,245.9,245.09,245.79,130091.0
09:36,246.37,246.39,245.43,245.44,102140.0
09:37,246.79,247.15,246.34,246.37,71234.0
09:38,246.57,246.74,246.35,246.71,59134.0
09:39,246.97,247.07,246.59,246.59,65290.0
09:40,246.55,247.08,246.55,246.98,71547.0
09:41,246.36,246.59,246.15,246.56,74998.0
09:42,245.93,246.38,245.79,246.34,43221.0
09:43,246.03,246.19,245.88,245.95,38477.0
09:44,246.12,246.12,245.75,246.05,54503.0
09:45,246.09,246.35,245.98,246.04,1.0
09:46,246.08,246.21,245.84,246.1,543280.0
09:47,246.18,246.46,246.09,246.09,38186.0
09:48,246.27,246.39,246.03,246.15,46667.0
09:49,246.35,246.55,246.24,246.29,54056.0
09:50,246.01,246.48,245.97,246.39,53338.0
09:51,246.39,246.48,245.88,246.02,39042.0
09:52,246.28,246.51,246.19,246.37,36690.0
09:53,246.37,246.37,246.21,246.27,26716.0
09:54,246.24,246.4,246.2,246.4,20033.0
09:55,246.38,246.42,246.15,246.17,23232.0
09:56,246.19,246.35,246.04,246.32,33991.0
09:57,246.06,246.28,246.04,246.23,22052.0
09:58,246.06,246.15,246.02,246.05,18174.0
09:59,245.9,246.2,245.87,246.07,49756.0
10:00,246.3,246.3,245.8,245.91,141978.0
10:01,246.45,246.49,246.12,246.37,29134.0
10:02,246.48,246.49,246.12,246.45,35144.0
10:03,246.13,246.46,246.08,246.46,27387.0
10:04,246.1,246.14,246.04,246.1,25554.0
10:05,246.18,246.18,246.02,246.08,22390.0
10:06,246.29,246.35,246.05,246.15,31987.0
10:07,246.28,246.28,246.04,246.27,26476.0
10:08,246.65,246.65,246.25,246.3,55756.0
10:09,246.69,246.83,246.66,246.66,34643.0
10:10,246.81,246.88,246.6,246.68,30387.0
10:11,246.71,246.86,246.65,246.82,30730.0
10:12,246.88,246.9,246.72,246.72,25834.0
10:13,246.78,246.88,246.73,246.88,31955.0
10:14,246.81,246.93,246.72,246.81,16148.0
10:15,246.86,246.93,246.75,246.79,17493.0
10:16,246.73,246.87,246.7,246.87,42297.0
10:17,246.79,246.8,246.62,246.75,15570.0
10:18,246.71,246.76,246.68,246.73,9548.0
10:19,246.76,246.82,246.66,246.72,14197.0
10:20,246.66,246.73,246.66,246.7,13423.0
10:21,246.9,246.9,246.7,246.7,13162.0
10:22,247.02,247.02,246.83,246.88,24923.0
10:23,247.05,247.08,246.91,247.06,22164.0
10:24,246.9,247.19,246.9,247.08,28144.0
10:25,246.68,246.91,246.66,246.91,23523.0
10:26,246.81,246.88,246.68,246.74,14228.0
10:27,246.79,246.9,246.75,246.82,14944.0
10:28,246.85,246.88,246.76,246.77,22139.0
10:29,246.88,246.91,246.82,246.86,18935.0
10:30,246.74,246.93,246.67,246.85,35978.0
10:31,246.69,246.85,246.65,246.74,12270.0
10:32,246.87,246.87,246.62,246.62,14150.0
10:33,246.75,246.85,246.58,246.84,12643.0
10:34,246.78,246.85,246.64,246.71,17330.0
10:35,246.73,246.85,246.71,246.76,13004.0
10:36,246.77,246.77,246.69,246.71,15430.0
10:37,247.14,247.15,246.71,246.77,38492.0
10:38,247.09,247.17,247.06,247.15,24425.0
10:39,247.08,247.11,246.99,247.05,17915.0
10:40,247.07,247.26,247.02,247.1,19703.0
10:41,247.12,247.21,247.0,247.05,19716.0
10:42,247.04,247.12,247.02,247.12,10493.0
10:43,246.96,247.04,246.82,247.01,21574.0
10:44,246.98,247.0,246.9,246.95,13115.0
10:45,246.9,246.98,246.86,246.98,9380.0
10:46,246.59,247.01,246.55,246.9,38498.0
10:47,246.45,246.69,246.43,246.6,20723.0
10:48,246.38,246.51,246.32,246.46,25139.0
10:49,246.19,246.4,246.14,246.38,43018.0
10:50,246.14,246.24,246.05,246.21,48745.0
10:51,246.07,246.16,245.94,246.08,44582.0
10:52,245.89,246.04,245.88,246.03,48557.0
10:53,245.91,245.94,245.76,245.88,43766.0
10:54,245.89,245.96,245.8,245.89,36489.0
10:55,245.93,246.03,245.84,245.89,27949.0
10:56,245.87,246.07,245.83,245.95,40377.0
10:57,245.82,245.96,245.82,245.86,45281.0
10:58,245.79,245.92,245.74,245.83,27865.0
10:59,245.76,245.83,245.67,245.76,36439.0
11:00,245.57,245.77,245.51,245.76,31534.0
11:01,245.51,245.58,245.47,245.56,35915.0
11:02,245.4,245.64,245.3,245.49,50449.0
11:03,245.67,245.72,245.35,245.37,45670.0
11:04,245.59,245.73,245.45,245.68,54758.0
11:05,245.96,245.96,245.56,245.57,35782.0
11:06,246.03,246.24,245.97,246.0,55170.0
11:07,246.02,246.11,245.93,246.01,30631.0
11:08,246.12,246.14,246.0,246.05,15683.0
11:09,246.18,246.22,246.07,246.11,29432.0
11:10,246.26,246.36,246.18,246.18,25462.0
11:11,246.35,246.35,246.19,246.25,18138.0
11:12,246.34,246.43,246.33,246.34,18530.0
11:13,246.27,246.36,246.24,246.32,18445.0
11:14,246.2,246.33,246.2,246.26,10972.0
11:15,246.28,246.3,246.22,246.23,12949.0
11:16,246.14,246.33,246.11,246.27,24240.0
11:17,246.12,246.17,246.09,246.15,22040.0
11:18,246.12,246.21,246.09,246.21,13198.0
11:19,246.02,246.2,246.02,246.12,18741.0
11:20,246.04,246.12,245.99,246.02,17338.0
11:21,245.96,246.08,245.95,245.97,9622.0
11:22,246.07,246.1,245.97,245.98,20223.0
11:23,246.13,246.14,246.04,246.04,11833.0
11:24,246.11,246.15,246.1,246.11,16734.0
11:25,246.37,246.37,246.11,246.12,18131.0
11:26,246.42,246.46,246.33,246.39,13637.0
11:27,246.59,246.62,246.46,246.5,21962.0
11:28,246.39,246.6,246.35,246.57,17149.0
11:29,246.35,246.39,246.32,246.39,8753.0
11:30,246.34,246.44,246.33,246.35,12832.0
11:31,246.28,246.41,246.28,246.34,15251.0
11:32,246.31,246.34,246.29,246.32,8073.0
11:33,246.24,246.35,246.24,246.31,11996.0
11:34,246.1,246.25,246.09,246.23,23819.0
11:35,246.02,246.12,245.9,246.1,42438.0
11:36,246.06,246.08,245.98,246.02,27704.0
11:37,246.14,246.2,245.99,246.04,71951.0
11:38,245.98,246.11,245.98,246.11,15387.0
11:39,246.07,246.12,245.97,245.97,28810.0
11:40,245.95,246.09,245.93,246.06,15642.0
11:41,246.13,246.13,245.92,245.94,20558.0
11:42,246.07,246.22,246.04,246.13,43965.0
11:43,246.13,246.18,246.07,246.08,12225.0
11:44,246.14,246.15,246.05,246.13,22752.0
11:45,246.13,246.17,246.11,246.12,28004.0
11:46,245.88,246.14,245.88,246.12,31202.0
11:47,245.93,245.97,245.87,245.88,27140.0
11:48,245.93,245.95,245.85,245.92,13508.0
11:49,245.96,245.96,245.89,245.93,14690.0
11:50,246.2,246.22,245.96,245.96,24134.0
11:51,246.16,246.24,246.09,246.19,26482.0
11:52,246.18,246.2,246.13,246.15,12943.0
11:53,246.17,246.24,246.13,246.18,14623.0
11:54,246.27,246.34,246.14,246.17,16516.0
11:55,246.36,246.39,246.22,246.27,16056.0
11:56,246.38,246.4,246.28,246.35,20510.0
11:57,246.36,246.43,246.36,246.4,24907.0
11:58,246.26,246.41,246.25,246.37,15544.0
11:59,246.2,246.29,246.17,246.26,12677.0
12:00,246.11,246.23,246.07,246.21,17876.0
12:01,246.14,246.17,246.1,246.13,7519.0
12:02,246.33,246.57,245.92,246.14,158086.0
12:03,246.12,246.32,246.12,246.32,23283.0
12:04,246.21,246.25,246.15,246.15,14322.0
12:05,246.16,246.31,246.15,246.22,13015.0
12:06,246.25,246.27,246.13,246.18,12524.0
12:07,246.26,246.32,246.21,246.21,8963.0
12:08,246.2,246.26,246.18,246.23,68987.0
12:09,246.19,246.23,246.16,246.18,10173.0
12:10,246.21,246.31,246.18,246.19,24781.0
12:11,246.33,246.35,246.21,246.28,13578.0
12:12,246.33,246.45,246.29,246.29,18244.0
12:13,246.46,246.49,246.32,246.33,23997.0
12:14,246.48,246.51,246.45,246.45,8821.0
12:15,246.35,246.49,246.33,246.49,12705.0
12:16,246.38,246.4,246.32,246.34,10994.0
12:17,246.48,246.49,246.39,246.39,5956.0
12:18,246.5,246.59,246.48,246.48,7486.0
12:19,246.47,246.55,246.46,246.48,33246.0
12:20,246.54,246.59,246.47,246.49,8035.0
12:21,246.57,246.59,246.49,246.52,5298.0
12:22,246.51,246.62,246.51,246.55,5321.0
12:23,246.48,246.5,246.43,246.5,10115.0
12:24,246.36,246.45,246.35,246.45,7040.0
12:25,246.24,246.37,246.2,246.35,13546.0
12:26,246.09,246.27,245.95,246.25,50423.0
12:27,246.05,246.12,245.99,246.1,26917.0
12:28,246.1,246.16,246.05,246.07,28100.0
12:29,246.07,246.15,246.05,246.08,12848.0
12:30,245.99,246.06,245.94,246.04,14314.0
12:31,245.83,245.97,245.81,245.97,17291.0
12:32,245.96,245.98,245.87,245.87,18677.0
12:33,245.98,246.0,245.93,245.95,6225.0
12:34,245.99,245.99,245.95,245.97,7194.0
12:35,245.81,245.99,245.75,245.96,19561.0
12:36,245.92,245.93,245.78,245.82,9240.0
12:37,245.88,245.95,245.88,245.94,8732.0
12:38,245.87,245.93,245.85,245.91,11243.0
12:39,245.87,245.93,245.86,245.86,6437.0
12:40,245.71,245.91,245.69,245.9,28887.0
12:41,245.75,245.79,245.72,245.72,9863.0
12:42,245.53,245.7,245.49,245.7,24260.0
12:43,245.53,245.59,245.5,245.51,12505.0
12:44,245.48,245.52,245.46,245.52,19647.0
12:45,245.51,245.6,245.49,245.49,18831.0
12:46,245.57,245.6,245.48,245.53,21295.0
12:47,245.59,245.6,245.54,245.59,16705.0
12:48,245.39,245.59,245.39,245.59,19084.0
12:49,245.33,245.42,245.29,245.38,41063.0
12:50,245.43,245.43,245.28,245.33,8867.0
12:51,245.44,245.51,245.41,245.41,21227.0
12:52,245.52,245.57,245.45,245.45,13845.0
12:53,245.47,245.53,245.42,245.52,25999.0
12:54,245.37,245.46,245.29,245.46,25830.0
12:55,245.39,245.39,245.26,245.37,22381.0
12:56,245.2,245.42,245.17,245.4,30475.0
12:57,245.22,245.27,245.19,245.21,15318.0
12:58,245.28,245.31,245.21,245.26,17215.0
12:59,245.32,245.36,245.26,245.26,15682.0
13:00,245.37,245.38,245.3,245.3,13719.0
13:01,245.35,245.4,245.32,245.35,17212.0
13:02,245.37,245.4,245.35,245.36,16141.0
13:03,245.26,245.37,245.26,245.34,20460.0
13:04,245.24,245.28,245.18,245.27,22379.0
13:05,245.23,245.29,245.21,245.24,12074.0
13:06,245.3,245.42,245.23,245.23,16007.0
13:07,245.22,245.34,245.22,245.3,12055.0
13:08,245.29,245.32,245.2,245.24,16481.0
13:09,245.37,245.39,245.27,245.27,13669.0
13:10,245.29,245.43,245.27,245.39,22046.0
13:11,245.32,245.41,245.29,245.29,24891.0
13:12,245.37,245.37,245.28,245.32,8353.0
13:13,245.38,245.4,245.35,245.38,16804.0
13:14,245.35,245.45,245.34,245.38,10563.0
13:15,245.43,245.43,245.29,245.34,18217.0
13:16,245.6,245.61,245.42,245.44,22293.0
13:17,245.7,245.75,245.62,245.62,31910.0
13:18,245.72,245.73,245.62,245.67,16312.0
13:19,245.72,245.8,245.69,245.76,15690.0
13:20,245.87,245.89,245.73,245.73,20837.0
13:21,245.88,245.89,245.8,245.86,12721.0
13:22,245.89,245.9,245.85,245.87,13676.0
13:23,245.97,246.08,245.88,245.92,34172.0
13:24,246.03,246.07,245.94,245.98,25985.0
13:25,245.95,246.07,245.95,246.03,21504.0
13:26,245.96,245.98,245.86,245.97,20904.0
13:27,246.02,246.03,245.93,245.94,18558.0
13:28,245.97,246.1,245.97,246.03,29011.0
13:29,245.86,246.0,245.86,246.0,12584.0
13:30,245.8,245.89,245.8,245.86,12627.0
13:31,245.9,245.92,245.81,245.81,11794.0
13:32,245.99,246.04,245.89,245.89,13030.0
13:33,246.06,246.08,245.98,246.0,17378.0
13:34,246.14,246.18,246.07,246.07,22798.0
13:35,245.98,246.13,245.96,246.09,14060.0
13:36,245.89,246.04,245.88,245.95,18179.0
13:37,245.84,245.91,245.84,245.9,17469.0
13:38,245.85,245.87,245.8,245.86,12824.0
13:39,245.73,245.85,245.71,245.84,15677.0
13:40,245.63,245.77,245.62,245.73,17593.0
13:41,245.76,245.83,245.63,245.63,7516.0
13:42,245.68,245.85,245.68,245.81,12650.0
13:43,245.7,245.75,245.64,245.66,10158.0
13:44,245.76,245.76,245.68,245.7,11883.0
13:45,245.73,245.78,245.72,245.75,13238.0
13:46,245.77,245.79,245.72,245.72,8249.0
13:47,245.82,245.85,245.76,245.78,8816.0
13:48,245.84,245.86,245.7,245.77,16938.0
13:49,245.75,245.86,245.75,245.83,11962.0
13:50,245.71,245.77,245.7,245.77,13375.0
13:51,245.64,245.72,245.64,245.68,17393.0
13:52,245.64,245.64,245.56,245.62,15173.0
13:53,245.64,245.68,245.63,245.64,10135.0
13:54,245.62,245.65,245.57,245.63,9501.0
13:55,245.64,245.65,245.6,245.6,8955.0
13:56,245.54,245.63,245.52,245.63,11869.0
13:57,245.57,245.57,245.48,245.55,19961.0
13:58,245.59,245.6,245.56,245.57,15366.0
13:59,245.58,245.61,245.55,245.59,12174.0
14:00,245.37,245.62,245.32,245.59,23158.0
14:01,245.46,245.46,245.39,245.39,12165.0
14:02,245.5,245.53,245.42,245.47,14229.0
14:03,245.55,245.57,245.48,245.51,19658.0
14:04,245.57,245.6,245.52,245.56,11594.0
14:05,245.5,245.55,245.38,245.55,17811.0
14:06,245.48,245.51,245.44,245.5,9670.0
14:07,245.43,245.49,245.39,245.47,10691.0
14:08,245.5,245.5,245.43,245.43,17904.0
14:09,245.49,245.49,245.45,245.48,11195.0
14:10,245.55,245.55,245.43,245.48,20552.0
14:11,245.51,245.6,245.49,245.55,15046.0
14:12,245.58,245.58,245.52,245.53,13541.0
14:13,245.64,245.64,245.57,245.58,16787.0
14:14,245.65,245.7,245.62,245.62,26186.0
14:15,245.61,245.72,245.58,245.63,19778.0
14:16,245.73,245.73,245.6,245.62,17785.0
14:17,245.8,245.82,245.71,245.73,18285.0
14:18,245.69,245.78,245.68,245.78,17022.0
14:19,245.65,245.8,245.64,245.7,24706.0
14:20,245.72,245.76,245.66,245.67,38578.0
14:21,245.7,245.77,245.69,245.73,16000.0
14:22,245.62,245.75,245.59,245.7,22742.0
14:23,245.67,245.72,245.61,245.63,22219.0
14:24,245.66,245.74,245.63,245.66,16676.0
14:25,245.74,245.75,245.56,245.65,28236.0
14:26,245.79,245.84,245.74,245.74,21690.0
14:27,245.77,245.79,245.73,245.79,17668.0
14:28,245.69,245.77,245.62,245.77,20460.0
14:29,245.63,245.73,245.6,245.7,28307.0
14:30,245.68,245.7,245.61,245.65,14885.0
14:31,245.64,245.76,245.63,245.69,11688.0
14:32,245.64,245.71,245.64,245.65,14941.0
14:33,245.67,245.73,245.66,245.66,10446.0
14:34,245.74,245.77,245.65,245.65,16055.0
14:35,245.75,245.78,245.73,245.74,17717.0
14:36,245.84,245.84,245.72,245.75,14451.0
14:37,245.85,245.86,245.81,245.85,18002.0
14:38,245.92,245.92,245.81,245.84,25675.0
14:39,245.94,245.98,245.91,245.92,17818.0
14:40,245.96,246.05,245.93,245.94,35111.0
14:41,245.99,246.0,245.92,245.94,25199.0
14:42,245.76,245.99,245.76,245.99,32810.0
14:43,245.67,245.84,245.66,245.79,22450.0
14:44,245.65,245.68,245.55,245.66,22944.0
14:45,245.8,245.82,245.65,245.65,16638.0
14:46,245.87,245.87,245.71,245.75,13537.0
14:47,245.78,245.89,245.78,245.85,10021.0
14:48,245.87,245.89,245.76,245.76,12718.0
14:49,245.82,245.85,245.8,245.85,18323.0
14:50,245.73,245.85,245.73,245.83,16211.0
14:51,245.83,245.83,245.7,245.72,20229.0
14:52,245.81,245.87,245.81,245.83,13615.0
14:53,245.8,245.84,245.77,245.81,12593.0
14:54,245.83,245.85,245.8,245.81,13307.0
14:55,245.88,245.9,245.83,245.85,16906.0
14:56,245.86,245.89,245.79,245.88,14240.0
14:57,245.75,245.86,245.72,245.86,16925.0
14:58,245.75,245.77,245.74,245.76,11158.0
14:59,245.68,245.76,245.68,245.73,22158.0
15:00,245.61,245.7,245.55,245.68,30995.0
15:01,245.63,245.63,245.59,245.62,13731.0
15:02,245.67,245.71,245.63,245.63,18327.0
15:03,245.71,245.71,245.66,245.67,14532.0
15:04,245.7,245.72,245.66,245.69,24400.0
15:05,245.74,245.76,245.69,245.69,15801.0
15:06,245.71,245.75,245.68,245.74,15866.0
15:07,245.75,245.76,245.7,245.7,12886.0
15:08,245.6,245.74,245.58,245.73,12868.0
15:09,245.54,245.63,245.53,245.62,31942.0
15:10,245.51,245.56,245.48,245.52,27331.0
15:11,245.51,245.56,245.5,245.5,12421.0
15:12,245.47,245.59,245.45,245.52,13990.0
15:13,245.52,245.52,245.45,245.47,16584.0
15:14,245.54,245.57,245.43,245.51,14178.0
15:15,245.6,245.66,245.57,245.58,20459.0
15:16,245.65,245.65,245.53,245.59,14055.0
15:17,245.57,245.63,245.57,245.62,14497.0
15:18,245.71,245.71,245.58,245.6,314117.0
15:19,245.81,245.81,245.68,245.68,11942.0
15:20,245.84,245.85,245.78,245.8,19995.0
15:21,245.84,245.9,245.82,245.83,15223.0
15:22,245.82,245.93,245.82,245.82,25738.0
15:23,245.76,245.82,245.76,245.81,12540.0
15:24,245.75,245.78,245.72,245.77,20056.0
15:25,245.8,245.8,245.75,245.75,21856.0
15:26,245.73,245.85,245.72,245.81,16601.0
15:27,245.76,245.81,245.73,245.73,12940.0
15:28,245.8,245.85,245.75,245.76,18289.0
15:29,245.76,245.84,245.75,245.84,20266.0
15:30,245.8,245.81,245.69,245.74,34020.0
15:31,245.81,245.84,245.78,245.79,15793.0
15:32,245.82,245.89,245.81,245.81,25639.0
15:33,245.9,245.96,245.8,245.82,23510.0
15:34,245.91,245.94,245.89,245.9,15422.0
15:35,245.83,245.94,245.81,245.92,62313.0
15:36,245.86,245.87,245.8,245.85,24675.0
15:37,245.78,245.88,245.77,245.87,26492.0
15:38,245.8,245.8,245.74,245.74,25337.0
15:39,245.79,245.81,245.74,245.8,20064.0
15:40,245.76,245.83,245.76,245.79,24217.0
15:41,245.59,245.77,245.57,245.77,31711.0
15:42,245.73,245.73,245.59,245.59,28443.0
15:43,245.65,245.73,245.65,245.72,28672.0
15:44,245.63,245.66,245.57,245.65,37306.0
15:45,245.45,245.62,245.45,245.62,43242.0
15:46,245.57,245.57,245.43,245.45,45245.0
15:47,245.57,245.61,245.54,245.54,30738.0
15:48,245.59,245.59,245.55,245.57,37577.0
15:49,245.53,245.65,245.49,245.57,34256.0
15:50,245.58,245.65,245.5,245.54,95539.0
15:51,245.69,245.79,245.5,245.59,80982.0
15:52,245.81,245.84,245.68,245.71,59127.0
15:53,245.75,245.82,245.72,245.81,49948.0
15:54,245.54,245.75,245.52,245.75,98300.0
15:55,245.22,245.54,245.15,245.53,162830.0
15:56,245.31,245.32,245.17,245.23,92370.0
15:57,245.51,245.53,245.26,245.31,108775.0
15:58,245.48,245.51,245.41,245.51,104562.0
15:59,245.49,245.5,245.35,245.48,304567.0
