Time,Close,High,Low,Open,Volume
09:30,34.4,34.54,34.37,34.49,121618.0
09:31,34.62,34.68,34.41,34.41,14395.0
09:32,34.69,34.71,34.53,34.65,23426.0
09:33,34.5,34.72,34.43,34.67,28418.0
09:34,34.51,34.55,34.41,34.55,12942.0
09:35,34.46,34.53,34.42,34.5,10351.0
09:36,34.34,34.46,34.33,34.46,10898.0
09:37,34.32,34.37,34.31,34.35,4748.0
09:38,34.29,34.32,34.29,34.32,6095.0
09:39,34.28,34.38,34.27,34.29,5423.0
09:40,34.28,34.31,34.27,34.28,13564.0
09:41,34.32,34.36,34.26,34.29,12611.0
09:42,34.24,34.29,34.24,34.29,142199.0
09:43,34.38,34.4,34.23,34.25,1.0
09:44,34.4,34.47,34.39,34.4,10902.0
09:45,34.31,34.41,34.29,34.39,21660.0
09:46,34.32,34.33,34.28,34.31,6432.0
09:47,34.2,34.34,34.17,34.34,18713.0
09:48,34.22,34.25,34.12,34.22,40981.0
09:49,34.09,34.26,34.09,34.24,33441.0
09:50,34.09,34.12,34.04,34.08,43574.0
09:51,34.05,34.21,34.04,34.07,321366.0
09:52,34.12,34.12,34.04,34.04,417296.0
09:53,34.12,34.21,34.07,34.12,1.0
09:54,34.16,34.16,34.1,34.1,14518.0
09:55,34.2,34.23,34.13,34.17,14996.0
09:56,34.24,34.26,34.19,34.22,13132.0
09:57,34.23,34.26,34.21,34.22,6913.0
09:58,34.2,34.24,34.16,34.24,4916.0
09:59,34.11,34.2,34.09,34.19,22163.0
10:00,34.09,34.12,34.08,34.12,8317.0
10:01,34.17,34.21,34.1,34.1,38453.0
10:02,34.1,34.16,34.1,34.16,13383.0
10:03,34.06,34.09,34.04,34.08,17913.0
10:04,34.12,34.12,34.03,34.1,9945.0
10:05,34.15,34.17,34.11,34.11,28392.0
10:06,34.08,34.17,34.07,34.15,17667.0
10:07,34.06,34.08,34.06,34.08,495197.0
10:08,34.07,34.08,34.05,34.06,1.0
10:09,34.06,34.08,34.03,34.06,3102.0
10:10,34.21,34.21,34.06,34.07,522418.0
10:11,34.15,34.22,34.14,34.21,1.0
10:12,34.18,34.18,34.15,34.16,17739.0
10:13,34.26,34.27,34.17,34.17,22174.0
10:14,34.24,34.26,34.23,34.26,7140.0
10:15,34.36,34.36,34.24,34.25,9148.0
10:16,34.31,34.34,34.27,34.34,14091.0
10:17,34.36,34.38,34.32,34.35,8607.0
10:18,34.31,34.37,34.28,34.37,9417.0
10:19,34.33,34.34,34.32,34.32,11204.0
10:20,34.31,34.34,34.31,34.33,161524.0
10:21,34.32,34.34,34.28,34.31,15195.0
10:22,34.33,34.36,34.31,34.33,11583.0
10:23,34.33,34.35,34.33,34.33,8342.0
10:24,34.3,34.32,34.3,34.31,5255.0
10:25,34.25,34.29,34.23,34.29,13158.0
10:26,34.31,34.31,34.26,34.26,4972.0
10:27,34.32,34.35,34.31,34.31,7607.0
10:28,34.39,34.41,34.33,34.33,11727.0
10:29,34.43,34.47,34.39,34.39,5808.0
10:30,34.44,34.44,34.32,34.42,9506.0
10:31,34.44,34.47,34.43,34.43,24968.0
10:32,34.44,34.46,34.44,34.45,6866.0
10:33,34.44,34.46,34.43,34.43,13700.0
10:34,34.42,34.44,34.42,34.44,3130.0
10:35,34.44,34.46,34.42,34.42,5318.0
10:36,34.46,34.46,34.44,34.44,6293.0
10:37,34.5,34.51,34.45,34.47,5800.0
10:38,34.51,34.52,34.49,34.5,10754.0
10:39,34.5,34.5,34.47,34.5,4460.0
10:40,34.5,34.52,34.49,34.49,3774.0
10:41,34.51,34.52,34.49,34.5,11593.0
10:42,34.46,34.5,34.45,34.5,10339.0
10:43,34.42,34.46,34.42,34.46,10946.0
10:44,34.43,34.47,34.42,34.42,5623.0
10:45,34.44,34.44,34.42,34.43,3222.0
10:46,34.43,34.44,34.42,34.44,3746.0
10:47,34.4,34.43,34.39,34.43,5063.0
10:48,34.39,34.41,34.39,34.4,6787.0
10:49,34.44,34.48,34.38,34.38,31556.0
10:50,34.42,34.48,34.42,34.45,115460.0
10:51,34.42,34.42,34.39,34.4,4213.0
10:52,34.45,34.45,34.4,34.44,8013.0
10:53,34.46,34.46,34.44,34.45,3477.0
10:54,34.42,34.47,34.42,34.46,8425.0
10:55,34.44,34.46,34.42,34.42,5794.0
10:56,34.41,34.45,34.41,34.45,5002.0
10:57,34.44,34.44,34.41,34.41,5465.0
10:58,34.42,34.44,34.42,34.44,4045.0
10:59,34.42,34.44,34.4,34.42,16729.0
11:00,34.44,34.46,34.42,34.42,7611.0
11:01,34.44,34.48,34.44,34.44,826087.0
11:02,34.42,34.46,34.42,34.45,1.0
11:03,34.44,34.45,34.42,34.42,7698.0
11:04,34.47,34.47,34.43,34.44,5319.0
11:05,34.49,34.5,34.45,34.47,9262.0
11:06,34.48,34.49,34.47,34.48,11445.0
11:07,34.5,34.51,34.48,34.49,7687.0
11:08,34.47,34.51,34.47,34.5,4011.0
11:09,34.51,34.53,34.48,34.48,7315.0
11:10,34.52,34.52,34.49,34.51,9549.0
11:11,34.57,34.57,34.52,34.52,7707.0
11:12,34.61,34.62,34.58,34.58,6914.0
11:13,34.62,34.64,34.6,34.6,8845.0
11:14,34.62,34.64,34.62,34.62,6652.0
11:15,34.6,34.62,34.6,34.62,6063.0
11:16,34.66,34.66,34.6,34.61,36960.0
11:17,34.67,34.68,34.66,34.66,3682.0
11:18,34.66,34.66,34.64,34.66,21737.0
11:19,34.7,34.7,34.65,34.66,5215.0
11:20,34.65,34.69,34.65,34.69,4035.0
11:21,34.67,34.69,34.63,34.65,7936.0
11:22,34.68,34.69,34.67,34.67,3131.0
11:23,34.72,34.75,34.67,34.68,17369.0
11:24,34.76,34.79,34.73,34.73,11428.0
11:25,34.67,34.75,34.67,34.75,15795.0
11:26,34.64,34.66,34.64,34.66,13619.0
11:27,34.65,34.65,34.62,34.63,10072.0
11:28,34.64,34.65,34.63,34.65,9956.0
11:29,34.71,34.72,34.65,34.65,29802.0
11:30,34.71,34.72,34.71,34.72,6959.0
11:31,34.75,34.76,34.7,34.71,9127.0
11:32,34.78,34.78,34.74,34.76,104407.0
11:33,34.76,34.78,34.76,34.78,5265.0
11:34,34.74,34.77,34.74,34.76,3986.0
11:35,34.74,34.74,34.73,34.74,2856.0
11:36,34.77,34.77,34.7,34.73,9363.0
11:37,34.78,34.78,34.75,34.77,4016.0
11:38,34.76,34.78,34.76,34.78,5176.0
11:39,34.74,34.77,34.73,34.77,5070.0
11:40,34.76,34.76,34.74,34.75,2944.0
11:41,34.76,34.77,34.75,34.76,3765.0
11:42,34.77,34.77,34.75,34.75,5375.0
11:43,34.79,34.79,34.77,34.77,5213.0
11:44,34.76,34.79,34.76,34.79,8921.0
11:45,34.76,34.77,34.76,34.76,11356.0
11:46,34.78,34.79,34.76,34.76,13523.0
11:47,34.76,34.78,34.76,34.78,2069.0
11:48,34.76,34.76,34.76,34.76,1048859.0
11:49,34.78,34.78,34.76,34.76,1.0
11:50,34.85,34.85,34.78,34.78,9169.0
11:51,34.87,34.88,34.85,34.85,9531.0
11:52,34.83,34.87,34.82,34.86,9047.0
11:53,34.81,34.82,34.8,34.82,4029.0
11:54,34.83,34.83,34.81,34.81,5316.0
11:55,34.87,34.87,34.82,34.82,9630.0
11:56,34.92,34.96,34.87,34.88,43518.0
11:57,34.92,34.92,34.89,34.91,6687.0
11:58,34.9,34.92,34.9,34.92,3647.0
11:59,34.9,34.9,34.89,34.9,3681.0
12:00,34.92,34.92,34.9,34.9,4400.0
12:01,34.89,34.92,34.89,34.91,6093.0
12:02,34.86,34.88,34.86,34.88,10644.0
12:03,34.86,34.88,34.85,34.85,7136.0
12:04,34.88,34.88,34.87,34.87,7053.0
12:05,34.88,34.89,34.88,34.88,2397.0
12:06,34.81,34.88,34.81,34.88,43049.0
12:07,34.88,34.88,34.81,34.82,23099.0
12:08,34.92,34.92,34.87,34.88,22045.0
12:09,34.92,34.94,34.91,34.92,14141.0
12:10,34.92,34.92,34.91,34.92,9595.0
12:11,34.92,34.95,34.9,34.92,31165.0
12:12,34.97,34.97,34.91,34.91,80365.0
12:13,35.0,35.01,34.96,34.98,89130.0
12:14,34.98,34.99,34.94,34.98,15934.0
12:15,35.01,35.02,34.97,34.98,41205.0
12:16,34.97,35.02,34.97,35.01,13454.0
12:17,34.98,34.99,34.97,34.97,32593.0
12:18,35.05,35.06,34.98,34.98,33399.0
12:19,35.05,35.05,35.04,35.04,7381.0
12:20,34.99,35.06,34.99,35.06,13069.0
12:21,35.01,35.03,34.97,34.97,18023.0
12:22,35.07,35.08,34.97,35.0,24644.0
12:23,35.01,35.06,35.0,35.06,201947.0
12:24,35.08,35.08,35.01,35.01,16492.0
12:25,35.08,35.08,35.06,35.08,10271.0
12:26,35.08,35.08,35.07,35.08,4695.0
12:27,35.07,35.08,35.07,35.08,5115.0
12:28,35.11,35.11,35.07,35.07,9443.0
12:29,35.14,35.15,35.13,35.13,15761.0
12:30,35.14,35.14,35.13,35.13,8148.0
12:31,35.12,35.13,35.1,35.13,11800.0
12:32,35.11,35.13,35.11,35.12,5287.0
12:33,35.1,35.12,35.1,35.11,8142.0
12:34,35.16,35.17,35.1,35.1,14830.0
12:35,35.21,35.21,35.16,35.16,21059.0
12:36,35.23,35.23,35.1,35.2,89574.0
12:37,35.29,35.31,35.22,35.22,1523665.0
12:38,35.31,35.39,35.28,35.29,1.0
12:39,35.29,35.34,35.24,35.31,105390.0
12:40,35.31,35.31,35.27,35.29,9382.0
12:41,35.29,35.3,35.25,35.3,33008.0
12:42,35.31,35.32,35.29,35.3,5370.0
12:43,35.27,35.31,35.26,35.3,5978.0
12:44,35.27,35.28,35.26,35.27,4036.0
12:45,35.27,35.27,35.24,35.27,14530.0
12:46,35.27,35.28,35.26,35.27,15669.0
12:47,35.28,35.29,35.27,35.27,6518.0
12:48,35.23,35.28,35.23,35.28,4821.0
12:49,35.19,35.23,35.19,35.23,11827.0
12:50,35.22,35.22,35.19,35.2,13120.0
12:51,35.26,35.26,35.22,35.22,8027.0
12:52,35.24,35.27,35.24,35.26,10593.0
12:53,35.23,35.25,35.22,35.24,6801.0
12:54,35.23,35.24,35.23,35.24,13509.0
12:55,35.23,35.24,35.22,35.24,7742.0
12:56,35.22,35.22,35.21,35.22,4578.0
12:57,35.24,35.24,35.22,35.22,9120.0
12:58,35.25,35.26,35.24,35.24,9208.0
12:59,35.25,35.26,35.25,35.25,11917.0
13:00,35.24,35.26,35.22,35.25,8523.0
13:01,35.22,35.26,35.22,35.24,68586.0
13:02,35.19,35.21,35.19,35.21,8106.0
13:03,35.17,35.21,35.17,35.2,11678.0
13:04,35.13,35.17,35.13,35.17,6345.0
13:05,35.15,35.15,35.13,35.13,7508.0
13:06,35.13,35.14,35.12,35.14,12522.0
13:07,35.18,35.19,35.1,35.14,25894.0
13:08,35.15,35.19,35.15,35.19,9750.0
13:09,35.17,35.18,35.14,35.15,24971.0
13:10,35.17,35.17,35.15,35.17,20197.0
13:11,35.06,35.17,35.05,35.17,41163.0
13:12,35.04,35.07,35.02,35.06,8990.0
13:13,35.04,35.06,35.04,35.04,7672.0
13:14,35.03,35.04,35.03,35.04,3901.0
13:15,35.11,35.13,35.03,35.03,13293.0
13:16,35.08,35.12,35.08,35.12,7689.0
13:17,35.07,35.09,35.07,35.08,14124.0
13:18,35.1,35.1,35.07,35.07,1821002.0
13:19,35.17,35.17,35.09,35.1,1.0
13:20,35.15,35.17,35.15,35.17,10310.0
13:21,35.19,35.19,35.15,35.15,5115.0
13:22,35.18,35.2,35.17,35.19,8410.0
13:23,35.17,35.19,35.16,35.19,6968.0
13:24,35.18,35.19,35.17,35.18,6323.0
13:25,35.21,35.21,35.17,35.17,20801.0
13:26,35.21,35.26,35.21,35.21,34139.0
13:27,35.23,35.25,35.19,35.22,35739.0
13:28,35.27,35.27,35.19,35.22,49929.0
13:29,35.28,35.31,35.27,35.28,56308.0
13:30,35.25,35.31,35.25,35.28,38355.0
13:31,35.26,35.26,35.24,35.26,26875.0
13:32,35.24,35.26,35.24,35.26,4656.0
13:33,35.24,35.29,35.22,35.23,12603.0
13:34,35.15,35.24,35.15,35.24,70254.0
13:35,35.15,35.17,35.15,35.15,8321.0
13:36,35.17,35.19,35.13,35.15,24026.0
13:37,35.12,35.19,35.12,35.18,21844.0
13:38,35.12,35.18,35.11,35.12,117327.0
13:39,35.18,35.19,35.12,35.12,11117.0
13:40,35.18,35.2,35.18,35.18,4209.0
13:41,35.17,35.19,35.17,35.18,5705.0
13:42,35.2,35.2,35.16,35.16,6987.0
13:43,35.2,35.24,35.19,35.2,27815.0
13:44,35.18,35.19,35.15,35.19,24243.0
13:45,35.17,35.19,35.16,35.17,5746.0
13:46,35.17,35.18,35.16,35.17,7084.0
13:47,35.17,35.21,35.15,35.16,14645.0
13:48,35.22,35.25,35.17,35.17,11412.0
13:49,35.25,35.26,35.22,35.22,13918.0
13:50,35.24,35.26,35.24,35.25,8295.0
13:51,35.25,35.27,35.24,35.24,23788.0
13:52,35.28,35.3,35.25,35.26,19058.0
13:53,35.27,35.28,35.25,35.28,3395.0
13:54,35.27,35.28,35.26,35.26,5650.0
13:55,35.31,35.32,35.26,35.27,9859.0
13:56,35.33,35.33,35.31,35.32,22488.0
13:57,35.34,35.35,35.32,35.33,14917.0
13:58,35.33,35.34,35.32,35.34,11075.0
13:59,35.35,35.35,35.33,35.33,10921.0
14:00,35.38,35.38,35.34,35.35,14538.0
14:01,35.38,35.38,35.37,35.37,8797.0
14:02,35.38,35.4,35.38,35.38,12611.0
14:03,35.3,35.38,35.29,35.38,14823.0
14:04,35.3,35.31,35.28,35.29,4676.0
14:05,35.31,35.32,35.3,35.3,12635.0
14:06,35.3,35.31,35.29,35.31,9863.0
14:07,35.26,35.31,35.25,35.31,16798.0
14:08,35.24,35.26,35.24,35.25,11757.0
14:09,35.26,35.27,35.23,35.24,10599.0
14:10,35.25,35.25,35.24,35.25,11228.0
14:11,35.24,35.25,35.24,35.24,7278.0
14:12,35.21,35.25,35.2,35.25,8679.0
14:13,35.22,35.22,35.18,35.2,15364.0
14:14,35.21,35.23,35.21,35.22,9396.0
14:15,35.16,35.21,35.15,35.21,15992.0
14:16,35.16,35.16,35.11,35.16,65527.0
14:17,35.16,35.26,35.15,35.15,278794.0
14:18,35.12,35.16,35.1,35.16,26597.0
14:19,35.03,35.1,35.03,35.1,13630.0
14:20,35.01,35.04,34.98,35.04,24128.0
14:21,35.06,35.08,34.97,35.01,30073.0
14:22,35.01,35.08,35.01,35.06,10666.0
14:23,34.98,35.0,34.95,35.0,13267.0
14:24,34.99,35.0,34.97,34.98,15536.0
14:25,35.0,35.01,34.99,34.99,21463.0
14:26,34.99,34.99,34.98,34.99,7623.0
14:27,35.0,35.01,35.0,35.0,8991.0
14:28,35.06,35.06,35.0,35.01,25099.0
14:29,35.04,35.06,35.02,35.06,30549.0
14:30,34.99,35.03,34.98,35.03,19218.0
14:31,35.03,35.03,35.0,35.01,7883.0
14:32,35.07,35.07,35.04,35.04,8470.0
14:33,35.08,35.1,35.08,35.08,48508.0
14:34,35.1,35.1,35.08,35.08,7855.0
14:35,35.12,35.12,35.1,35.1,15768.0
14:36,35.13,35.15,35.1,35.12,22186.0
14:37,35.15,35.16,35.13,35.13,12951.0
14:38,35.15,35.16,35.15,35.15,10514.0
14:39,35.14,35.15,35.14,35.14,5960.0
14:40,35.13,35.13,35.13,35.13,4420.0
14:41,35.1,35.13,35.1,35.13,10351.0
14:42,35.11,35.12,35.1,35.1,14870.0
14:43,35.08,35.11,35.08,35.11,7908.0
14:44,35.08,35.1,35.06,35.08,16420.0
14:45,35.06,35.08,35.03,35.08,27368.0
14:46,35.1,35.13,35.02,35.06,26581.0
14:47,35.1,35.12,35.08,35.1,17908.0
14:48,35.11,35.15,35.09,35.1,185362.0
14:49,35.04,35.1,35.04,35.09,17208.0
14:50,35.05,35.05,35.03,35.04,11057.0
14:51,35.03,35.05,35.03,35.05,12834.0
14:52,35.01,35.03,35.0,35.03,510329.0
14:53,35.14,35.14,35.01,35.01,33866.0
14:54,35.12,35.13,35.1,35.13,12873.0
14:55,35.19,35.19,35.12,35.12,28859.0
14:56,35.21,35.25,35.19,35.19,52242.0
14:57,35.22,35.22,35.2,35.2,6670.0
14:58,35.24,35.26,35.21,35.22,46949.0
14:59,35.26,35.26,35.24,35.24,15831.0
15:00,35.26,35.26,35.25,35.26,9615.0
15:01,35.31,35.31,35.27,35.28,9249.0
15:02,35.35,35.35,35.31,35.32,31050.0
15:03,35.38,35.38,35.35,35.35,48576.0
15:04,35.32,35.38,35.31,35.37,20504.0
15:05,35.28,35.31,35.26,35.31,50713.0
15:06,35.28,35.29,35.28,35.28,20529.0
15:07,35.31,35.31,35.29,35.29,21244.0
15:08,35.33,35.35,35.31,35.31,11661.0
15:09,35.33,35.35,35.31,35.33,27116.0
15:10,35.33,35.39,35.31,35.33,42451.0
15:11,35.37,35.37,35.32,35.33,42386.0
15:12,35.38,35.38,35.36,35.37,12473.0
15:13,35.42,35.42,35.38,35.38,20596.0
15:14,35.42,35.44,35.42,35.42,57761.0
15:15,35.35,35.41,35.35,35.41,16697.0
15:16,35.37,35.4,35.35,35.35,45008.0
15:17,35.33,35.38,35.33,35.37,27239.0
15:18,35.35,35.35,35.33,35.33,36879.0
15:19,35.33,35.38,35.3,35.35,42028.0
15:20,35.37,35.37,35.34,35.34,11163.0
15:21,35.36,35.37,35.33,35.35,18983.0
15:22,35.38,35.42,35.36,35.37,49410.0
15:23,35.37,35.4,35.37,35.38,52605.0
15:24,35.4,35.4,35.34,35.37,74708.0
15:25,35.39,35.48,35.33,35.4,170477.0
15:26,35.36,35.51,35.33,35.4,708328.0
15:27,35.44,35.44,35.37,35.37,29259.0
15:28,35.41,35.44,35.41,35.42,34098.0
15:29,35.42,35.43,35.42,35.42,14364.0
15:30,35.4,35.44,35.4,35.42,29412.0
15:31,35.4,35.4,35.37,35.4,16775.0
15:32,35.42,35.42,35.39,35.4,21110.0
15:33,35.33,35.44,35.33,35.42,40524.0
15:34,35.31,35.37,35.31,35.33,26864.0
15:35,35.33,35.35,35.31,35.32,18914.0
15:36,35.37,35.37,35.32,35.33,23667.0
15:37,35.39,35.41,35.37,35.37,18609.0
15:38,35.4,35.4,35.38,35.4,24173.0
15:39,35.35,35.39,35.35,35.39,18006.0
15:40,35.38,35.38,35.35,35.35,34474.0
15:41,35.42,35.44,35.38,35.39,50795.0
15:42,35.49,35.49,35.42,35.42,88341.0
15:43,35.46,35.53,35.45,35.49,99929.0
15:44,35.54,35.56,35.44,35.45,160208.0
15:45,35.56,35.67,35.53,35.54,126413.0
15:46,35.48,35.62,35.45,35.56,716199.0
15:47,35.53,35.62,35.49,35.49,79745.0
15:48,35.42,35.56,35.42,35.53,80491.0
15:49,35.32,35.47,35.32,35.42,76801.0
15:50,35.47,35.47,35.31,35.31,111174.0
15:51,35.35,35.5,35.33,35.47,129940.0
15:52,35.31,35.35,35.29,35.35,78970.0
15:53,35.28,35.31,35.22,35.3,117901.0
15:54,35.16,35.4,35.15,35.3,144271.0
15:55,35.32,35.4,35.16,35.16,282365.0
15:56,35.27,35.35,35.21,35.32,237420.0
15:57,35.18,35.4,35.17,35.28,163376.0
15:58,35.23,35.24,35.17,35.18,221445.0
15:59,35.22,35.24,35.22,35.22,326908.0
