Time,Close,High,Low,Open,Volume
09:30,29.31,29.55,29.21,29.48,65466.0
09:31,29.3,29.35,29.21,29.31,10612.0
09:32,29.34,29.38,29.2,29.27,28454.0
09:33,29.52,29.53,29.36,29.38,37020.0
09:34,29.38,29.59,29.37,29.55,27259.0
09:35,29.42,29.5,29.37,29.38,15072.0
09:36,29.44,29.48,29.41,29.43,12759.0
09:37,29.42,29.45,29.36,29.43,27437.0
09:38,29.44,29.48,29.41,29.42,7158.0
09:39,29.45,29.45,29.4,29.41,12066.0
09:40,29.39,29.47,29.39,29.43,12844.0
09:41,29.37,29.45,29.34,29.41,13480.0
09:42,29.33,29.39,29.3,29.36,17753.0
09:43,29.31,29.33,29.24,29.33,10105.0
09:44,29.31,29.35,29.28,29.31,43873.0
09:45,29.33,29.36,29.25,29.28,19243.0
09:46,29.34,29.37,29.33,29.34,11653.0
09:47,29.31,29.36,29.29,29.34,17948.0
09:48,29.3,29.34,29.28,29.31,6992.0
09:49,29.16,29.3,29.14,29.3,27883.0
09:50,29.02,29.17,29.01,29.17,27912.0
09:51,29.18,29.18,29.01,29.01,20091.0
09:52,29.31,29.31,29.2,29.2,10508.0
09:53,29.37,29.42,29.32,29.32,10651.0
09:54,29.36,29.37,29.34,29.36,10264.0
09:55,29.32,29.33,29.3,29.33,10912.0
09:56,29.28,29.32,29.27,29.31,9000.0
09:57,29.31,29.32,29.27,29.28,15002.0
09:58,29.33,29.33,29.29,29.3,9633.0
09:59,29.39,29.4,29.33,29.33,15292.0
10:00,29.26,29.37,29.25,29.37,12898.0
10:01,29.39,29.41,29.26,29.27,11533.0
10:02,29.32,29.41,29.32,29.38,10797.0
10:03,29.36,29.37,29.31,29.31,13367.0
10:04,29.36,29.38,29.34,29.38,12027.0
10:05,29.38,29.42,29.36,29.36,10048.0
10:06,29.3,29.38,29.3,29.38,12301.0
10:07,29.3,29.31,29.29,29.3,12691.0
10:08,29.33,29.34,29.3,29.31,13521.0
10:09,29.35,29.35,29.32,29.33,6667.0
10:10,29.41,29.42,29.35,29.35,22111.0
10:11,29.38,29.43,29.36,29.41,14173.0
10:12,29.38,29.38,29.31,29.37,18029.0
10:13,29.42,29.43,29.38,29.38,8185.0
10:14,29.38,29.41,29.37,29.41,7488.0
10:15,29.38,29.39,29.36,29.37,10929.0
10:16,29.41,29.41,29.36,29.38,12696.0
10:17,29.41,29.43,29.38,29.42,3488.0
10:18,29.43,29.45,29.41,29.42,16748.0
10:19,29.48,29.48,29.42,29.43,10156.0
10:20,29.43,29.48,29.43,29.48,12127.0
10:21,29.39,29.42,29.38,29.42,9453.0
10:22,29.43,29.43,29.37,29.38,7577.0
10:23,29.45,29.46,29.43,29.43,19922.0
10:24,29.47,29.51,29.46,29.46,6332.0
10:25,29.47,29.48,29.44,29.47,12155.0
10:26,29.48,29.5,29.47,29.47,13541.0
10:27,29.48,29.48,29.46,29.46,3449.0
10:28,29.51,29.51,29.47,29.47,16898.0
10:29,29.58,29.61,29.5,29.5,19885.0
10:30,29.65,29.65,29.57,29.57,22096.0
10:31,29.58,29.66,29.57,29.65,12689.0
10:32,29.61,29.61,29.58,29.59,12686.0
10:33,29.63,29.64,29.59,29.61,12002.0
10:34,29.6,29.65,29.6,29.63,10580.0
10:35,29.62,29.62,29.61,29.61,9117.0
10:36,29.6,29.64,29.58,29.62,24341.0
10:37,29.64,29.65,29.6,29.61,9133.0
10:38,29.66,29.66,29.6,29.62,8188.0
10:39,29.65,29.67,29.64,29.66,6824.0
10:40,29.63,29.65,29.6,29.64,13343.0
10:41,29.62,29.64,29.6,29.63,5928.0
10:42,29.62,29.64,29.62,29.62,10794.0
10:43,29.62,29.64,29.62,29.63,6406.0
10:44,29.62,29.64,29.62,29.62,4575.0
10:45,29.6,29.63,29.57,29.62,16833.0
10:46,29.58,29.6,29.57,29.6,5223.0
10:47,29.58,29.59,29.57,29.58,12315.0
10:48,29.56,29.58,29.55,29.58,6150.0
10:49,29.56,29.57,29.55,29.57,3984.0
10:50,29.53,29.55,29.53,29.53,4470.0
10:51,29.48,29.55,29.48,29.53,20233.0
10:52,29.5,29.5,29.48,29.48,33743.0
10:53,29.5,29.5,29.46,29.5,13641.0
10:54,29.45,29.49,29.45,29.49,10854.0
10:55,29.42,29.49,29.42,29.46,8348.0
10:56,29.41,29.42,29.4,29.42,13168.0
10:57,29.4,29.41,29.36,29.4,15228.0
10:58,29.35,29.4,29.35,29.4,5836.0
10:59,29.35,29.36,29.33,29.35,16882.0
11:00,29.33,29.33,29.3,29.33,22506.0
11:01,29.34,29.4,29.32,29.33,67158.0
11:02,29.33,29.35,29.32,29.33,25529.0
11:03,29.32,29.34,29.27,29.34,38006.0
11:04,29.34,29.36,29.29,29.31,38721.0
11:05,29.23,29.36,29.22,29.34,17981.0
11:06,29.2,29.25,29.19,29.23,18086.0
11:07,29.22,29.25,29.2,29.2,12789.0
11:08,29.24,29.25,29.2,29.22,18145.0
11:09,29.2,29.24,29.2,29.24,7326.0
11:10,29.17,29.22,29.16,29.2,7946.0
11:11,29.19,29.2,29.16,29.18,7135.0
11:12,29.16,29.19,29.16,29.19,10942.0
11:13,29.19,29.2,29.17,29.17,9366.0
11:14,29.19,29.2,29.17,29.19,10514.0
11:15,29.24,29.24,29.19,29.19,15287.0
11:16,29.24,29.25,29.24,29.25,5315.0
11:17,29.25,29.26,29.24,29.24,7742.0
11:18,29.3,29.3,29.25,29.25,5111.0
11:19,29.27,29.28,29.25,29.28,4352.0
11:20,29.28,29.31,29.27,29.27,4866.0
11:21,29.29,29.29,29.27,29.27,5288.0
11:22,29.31,29.31,29.3,29.3,6274.0
11:23,29.25,29.31,29.24,29.31,26637.0
11:24,29.2,29.25,29.2,29.25,7061.0
11:25,29.2,29.26,29.18,29.2,22293.0
11:26,29.18,29.2,29.17,29.2,11698.0
11:27,29.25,29.27,29.17,29.18,10789.0
11:28,29.28,29.28,29.26,29.26,5372.0
11:29,29.27,29.3,29.27,29.28,9490.0
11:30,29.3,29.3,29.26,29.27,10810.0
11:31,29.27,29.29,29.27,29.29,4553.0
11:32,29.29,29.29,29.26,29.29,12067.0
11:33,29.29,29.3,29.29,29.3,6177.0
11:34,29.27,29.3,29.27,29.3,6870.0
11:35,29.22,29.26,29.2,29.26,10488.0
11:36,29.19,29.21,29.17,29.21,9969.0
11:37,29.19,29.21,29.18,29.19,6807.0
11:38,29.19,29.22,29.18,29.18,5282.0
11:39,29.17,29.21,29.17,29.19,8771.0
11:40,29.14,29.17,29.13,29.17,8354.0
11:41,29.11,29.12,29.09,29.12,16019.0
11:42,29.17,29.18,29.13,29.13,13942.0
11:43,29.18,29.19,29.17,29.18,8322.0
11:44,29.16,29.18,29.16,29.18,6833.0
11:45,29.15,29.17,29.14,29.16,41593.0
11:46,29.2,29.2,29.16,29.16,5513.0
11:47,29.17,29.19,29.17,29.19,5526.0
11:48,29.16,29.17,29.16,29.17,5032.0
11:49,29.17,29.17,29.16,29.16,6398.0
11:50,29.2,29.2,29.16,29.17,5505.0
11:51,29.18,29.2,29.17,29.2,8073.0
11:52,29.23,29.24,29.17,29.18,8521.0
11:53,29.3,29.31,29.23,29.23,8115.0
11:54,29.26,29.3,29.26,29.29,5432.0
11:55,29.2,29.26,29.2,29.26,7300.0
11:56,29.23,29.25,29.21,29.21,1098550.0
11:57,29.26,29.26,29.22,29.22,1.0
11:58,29.25,29.26,29.25,29.26,4079.0
11:59,29.27,29.27,29.26,29.26,3483.0
12:00,29.25,29.26,29.24,29.25,5115.0
12:01,29.26,29.26,29.24,29.25,3138.0
12:02,29.24,29.25,29.23,29.25,4833.0
12:03,29.21,29.24,29.2,29.24,9269.0
12:04,29.2,29.21,29.18,29.2,8325.0
12:05,29.17,29.19,29.17,29.19,6800.0
12:06,29.22,29.24,29.17,29.17,6274.0
12:07,29.23,29.23,29.21,29.23,4832.0
12:08,29.19,29.22,29.16,29.22,10152.0
12:09,29.18,29.21,29.18,29.2,6096.0
12:10,29.2,29.2,29.17,29.17,6498.0
12:11,29.24,29.24,29.2,29.2,4464.0
12:12,29.24,29.25,29.23,29.24,5978.0
12:13,29.22,29.24,29.21,29.24,5668.0
12:14,29.22,29.23,29.2,29.23,7191.0
12:15,29.25,29.26,29.22,29.22,6875.0
12:16,29.28,29.28,29.25,29.25,1171804.0
12:17,29.28,29.31,29.27,29.27,1.0
12:18,29.27,29.28,29.27,29.28,4390.0
12:19,29.23,29.27,29.23,29.27,4747.0
12:20,29.22,29.23,29.2,29.23,5874.0
12:21,29.18,29.22,29.18,29.22,6414.0
12:22,29.14,29.18,29.13,29.18,7203.0
12:23,29.12,29.17,29.12,29.15,5113.0
12:24,29.09,29.14,29.09,29.13,14541.0
12:25,29.07,29.1,29.07,29.09,35265.0
12:26,29.05,29.09,29.05,29.07,12040.0
12:27,29.08,29.09,29.06,29.06,7387.0
12:28,29.13,29.13,29.08,29.08,3300.0
12:29,29.12,29.13,29.11,29.13,7679.0
12:30,29.08,29.11,29.07,29.11,10981.0
12:31,29.08,29.08,29.06,29.07,6046.0
12:32,29.03,29.1,29.03,29.08,12317.0
12:33,29.01,29.05,28.98,29.04,15255.0
12:34,28.99,29.01,28.99,29.0,4221.0
12:35,28.96,28.99,28.96,28.99,4874.0
12:36,28.94,28.97,28.93,28.97,7691.0
12:37,28.9,28.94,28.88,28.94,12182.0
12:38,28.93,28.94,28.9,28.91,15507.0
12:39,28.94,28.94,28.93,28.93,5486.0
12:40,28.93,28.93,28.91,28.93,5659.0
12:41,28.97,28.97,28.93,28.93,11818.0
12:42,29.03,29.04,28.97,28.97,17525.0
12:43,29.04,29.06,29.03,29.03,1303582.0
12:44,29.03,29.06,29.02,29.05,1.0
12:45,29.0,29.05,28.98,29.04,10611.0
12:46,29.0,29.02,28.99,29.01,7588.0
12:47,29.01,29.01,28.99,29.0,5661.0
12:48,28.95,29.01,28.95,29.01,2761.0
12:49,28.95,28.98,28.94,28.95,6002.0
12:50,28.99,28.99,28.94,28.96,8612.0
12:51,29.01,29.05,28.99,28.99,8971.0
12:52,28.98,29.01,28.98,29.01,41449.0
12:53,28.98,29.01,28.97,28.99,10364.0
12:54,29.0,29.01,28.97,28.97,7472.0
12:55,29.02,29.03,29.0,29.0,10577.0
12:56,28.99,29.03,28.98,29.02,6592.0
12:57,28.97,29.02,28.96,29.0,5877.0
12:58,28.95,28.96,28.94,28.96,3779.0
12:59,28.96,28.98,28.95,28.95,4376.0
13:00,28.96,28.98,28.95,28.97,6384.0
13:01,28.96,28.97,28.95,28.95,5896.0
13:02,28.97,28.99,28.96,28.96,3604.0
13:03,28.99,29.0,28.98,28.98,4713.0
13:04,29.0,29.0,28.98,28.98,11677.0
13:05,29.0,29.0,28.97,29.0,9150.0
13:06,29.0,29.02,29.0,29.0,14795.0
13:07,28.92,29.0,28.91,29.0,8554.0
13:08,28.98,29.0,28.92,28.92,6193.0
13:09,29.0,29.01,28.99,28.99,3396.0
13:10,28.99,29.01,28.98,29.01,8952.0
13:11,29.01,29.01,28.98,28.98,3521.0
13:12,29.0,29.01,28.92,29.01,8878.0
13:13,29.05,29.07,29.0,29.0,23011.0
13:14,29.1,29.11,29.02,29.03,18213.0
13:15,29.03,29.11,29.02,29.1,7230.0
13:16,29.02,29.03,29.02,29.02,1509712.0
13:17,29.05,29.1,29.02,29.03,1.0
13:18,29.06,29.08,29.06,29.06,14270.0
13:19,29.12,29.12,29.06,29.07,30956.0
13:20,29.12,29.15,29.1,29.1,18140.0
13:21,29.24,29.24,29.11,29.12,40724.0
13:22,29.23,29.27,29.22,29.25,16606.0
13:23,29.18,29.25,29.18,29.24,10931.0
13:24,29.27,29.27,29.17,29.18,29595.0
13:25,29.26,29.32,29.26,29.26,170867.0
13:26,29.27,29.3,29.24,29.26,16120.0
13:27,29.27,29.27,29.22,29.25,19993.0
13:28,29.27,29.29,29.24,29.27,9531.0
13:29,29.23,29.26,29.22,29.25,19727.0
13:30,29.26,29.28,29.22,29.22,7807.0
13:31,29.28,29.28,29.25,29.26,12488.0
13:32,29.18,29.27,29.18,29.27,8687.0
13:33,29.17,29.2,29.17,29.18,7578.0
13:34,29.2,29.21,29.17,29.18,1844621.0
13:35,29.24,29.24,29.19,29.21,1.0
13:36,29.25,29.25,29.23,29.24,10589.0
13:37,29.27,29.28,29.25,29.25,11185.0
13:38,29.3,29.33,29.26,29.26,22785.0
13:39,29.32,29.33,29.28,29.29,18635.0
13:40,29.26,29.32,29.26,29.32,134664.0
13:41,29.28,29.3,29.25,29.25,9651.0
13:42,29.27,29.28,29.26,29.26,2001867.0
13:43,29.2,29.28,29.2,29.27,1.0
13:44,29.22,29.23,29.2,29.2,2001724.0
13:45,29.17,29.23,29.16,29.22,1.0
13:46,29.12,29.17,29.1,29.17,12583.0
13:47,29.11,29.14,29.1,29.12,4521.0
13:48,29.1,29.1,29.08,29.1,6184.0
13:49,29.05,29.09,29.04,29.09,24156.0
13:50,29.1,29.1,29.06,29.06,4524.0
13:51,29.13,29.13,29.08,29.09,8795.0
13:52,29.15,29.16,29.14,29.14,6601.0
13:53,29.14,29.17,29.12,29.17,6857.0
13:54,29.14,29.16,29.13,29.15,6438.0
13:55,29.17,29.19,29.14,29.15,12853.0
13:56,29.23,29.24,29.17,29.17,6679.0
13:57,29.23,29.25,29.22,29.24,6831.0
13:58,29.22,29.24,29.2,29.24,5213.0
13:59,29.23,29.24,29.19,29.21,2135381.0
14:00,29.16,29.25,29.15,29.24,1.0
14:01,29.21,29.21,29.16,29.17,11063.0
14:02,29.21,29.24,29.21,29.22,5618.0
14:03,29.22,29.22,29.17,29.21,24769.0
14:04,29.17,29.23,29.17,29.23,5670.0
14:05,29.18,29.18,29.14,29.17,9181.0
14:06,29.14,29.18,29.14,29.18,6384.0
14:07,29.15,29.15,29.12,29.12,3273.0
14:08,29.17,29.17,29.14,29.14,4506.0
14:09,29.17,29.18,29.17,29.18,3758.0
14:10,29.15,29.17,29.12,29.17,6302.0
14:11,29.16,29.17,29.15,29.17,8397.0
14:12,29.14,29.17,29.14,29.15,12282.0
14:13,29.14,29.15,29.13,29.14,7482.0
14:14,29.17,29.17,29.12,29.14,7392.0
14:15,29.07,29.17,29.06,29.17,15570.0
14:16,29.05,29.07,29.05,29.07,3652.0
14:17,29.05,29.05,29.02,29.04,19457.0
14:18,29.04,29.06,29.03,29.06,9641.0
14:19,29.06,29.06,29.01,29.03,10644.0
14:20,29.05,29.06,29.04,29.04,4369.0
14:21,29.08,29.1,29.07,29.07,17637.0
14:22,29.03,29.09,29.03,29.08,15548.0
14:23,29.03,29.03,29.02,29.03,4436.0
14:24,29.05,29.05,29.02,29.02,5469.0
14:25,29.05,29.07,29.0,29.05,8575.0
14:26,29.01,29.04,28.99,29.04,13675.0
14:27,29.02,29.03,29.01,29.01,4937.0
14:28,29.04,29.05,29.02,29.02,9498.0
14:29,29.03,29.05,29.02,29.05,5555.0
14:30,29.08,29.08,29.04,29.04,6323.0
14:31,29.05,29.07,29.03,29.07,10230.0
14:32,29.04,29.06,29.03,29.05,7383.0
14:33,29.03,29.04,29.02,29.03,2739.0
14:34,29.07,29.07,29.03,29.03,5529.0
14:35,29.11,29.11,29.07,29.07,11343.0
14:36,29.08,29.11,29.08,29.11,6630.0
14:37,29.1,29.11,29.08,29.08,5081.0
14:38,29.08,29.1,29.07,29.1,3749.0
14:39,29.09,29.09,29.08,29.08,6336.0
14:40,29.12,29.12,29.08,29.08,5530.0
14:41,29.11,29.12,29.1,29.12,6016.0
14:42,29.11,29.14,29.1,29.11,15376.0
14:43,29.14,29.15,29.12,29.12,3826.0
14:44,29.15,29.15,29.12,29.14,2520.0
14:45,29.17,29.17,29.15,29.15,5313.0
14:46,29.15,29.16,29.14,29.16,3452.0
14:47,29.12,29.16,29.12,29.15,5593.0
14:48,29.17,29.19,29.02,29.14,91434.0
14:49,29.17,29.17,29.06,29.16,38362.0
14:50,29.16,29.19,29.14,29.17,37733.0
14:51,29.14,29.16,29.13,29.16,14784.0
14:52,29.06,29.14,29.05,29.14,41326.0
14:53,28.99,29.09,28.84,29.06,98042.0
14:54,29.04,29.06,28.97,28.99,25227.0
14:55,29.07,29.1,29.06,29.06,17947.0
14:56,29.1,29.11,29.06,29.07,24509.0
14:57,29.05,29.11,29.04,29.11,7189.0
14:58,29.04,29.06,29.03,29.06,5635.0
14:59,29.09,29.1,29.05,29.05,10472.0
15:00,29.1,29.1,29.06,29.08,8813.0
15:01,29.12,29.13,29.1,29.1,9393.0
15:02,29.04,29.11,29.04,29.11,11717.0
15:03,29.07,29.07,29.04,29.04,7508.0
15:04,29.05,29.06,29.05,29.05,18779.0
15:05,29.08,29.09,29.03,29.05,7818.0
15:06,29.13,29.13,29.09,29.09,6183.0
15:07,29.09,29.13,29.08,29.13,3851.0
15:08,29.11,29.12,29.09,29.09,8582.0
15:09,29.11,29.12,29.1,29.11,8581.0
15:10,29.11,29.11,29.1,29.1,3685.0
15:11,29.11,29.12,29.1,29.11,7483.0
15:12,29.07,29.11,29.06,29.11,9361.0
15:13,29.06,29.07,29.05,29.07,6554.0
15:14,29.08,29.08,29.06,29.06,10172.0
15:15,29.13,29.13,29.08,29.08,7230.0
15:16,29.15,29.16,29.12,29.12,5447.0
15:17,29.17,29.17,29.14,29.16,11192.0
15:18,29.2,29.2,29.17,29.17,5544.0
15:19,29.22,29.23,29.2,29.21,9463.0
15:20,29.2,29.23,29.2,29.22,6441.0
15:21,29.19,29.2,29.19,29.19,5117.0
15:22,29.2,29.2,29.18,29.18,3653.0
15:23,29.17,29.19,29.17,29.19,10958.0
15:24,29.19,29.19,29.16,29.17,7284.0
15:25,29.16,29.19,29.16,29.19,8275.0
15:26,29.14,29.16,29.12,29.16,5637.0
15:27,29.19,29.19,29.14,29.14,10991.0
15:28,29.17,29.19,29.17,29.19,9514.0
15:29,29.17,29.17,29.16,29.17,4657.0
15:30,29.17,29.2,29.17,29.17,13030.0
15:31,29.17,29.19,29.17,29.17,5648.0
15:32,29.19,29.19,29.17,29.17,7990.0
15:33,29.19,29.19,29.18,29.18,8709.0
15:34,29.19,29.19,29.18,29.19,10600.0
15:35,29.18,29.22,29.18,29.2,7586.0
15:36,29.19,29.2,29.19,29.19,4648.0
15:37,29.19,29.2,29.19,29.19,7778.0
15:38,29.18,29.23,29.18,29.2,10001.0
15:39,29.17,29.19,29.17,29.19,9890.0
15:40,29.14,29.19,29.14,29.17,14014.0
15:41,29.08,29.14,29.08,29.14,17242.0
15:42,29.04,29.08,29.03,29.08,24706.0
15:43,29.0,29.05,29.0,29.05,12987.0
15:44,29.03,29.03,29.0,29.0,14653.0
15:45,29.01,29.04,29.0,29.03,20256.0
15:46,29.0,29.04,29.0,29.01,22676.0
15:47,29.01,29.02,28.99,29.0,18698.0
15:48,29.0,29.02,29.0,29.01,24976.0
15:49,28.99,29.04,28.99,29.0,19686.0
15:50,29.06,29.06,28.99,28.99,25483.0
15:51,29.06,29.07,29.04,29.06,38308.0
15:52,29.07,29.08,29.06,29.06,26561.0
15:53,29.08,29.08,29.06,29.08,41395.0
15:54,29.02,29.08,29.02,29.08,40203.0
15:55,29.04,29.08,29.02,29.03,39703.0
15:56,29.02,29.04,29.0,29.04,63809.0
15:57,29.01,29.02,29.0,29.01,47813.0
15:58,29.0,29.02,29.0,29.01,97435.0
15:59,29.04,29.04,29.0,29.0,171203.0
