Time,Close,High,Low,Open,Volume
09:30,204.79,206.15,204.32,205.21,8171250.0
09:31,204.89,205.15,204.28,204.82,860292.0
09:32,204.0,205.32,203.95,204.9,957751.0
09:33,203.41,204.26,203.2,204.01,1110682.0
09:34,202.91,204.0,202.87,203.42,970664.0
09:35,202.35,203.28,202.35,202.98,1242615.0
09:36,201.72,202.46,201.65,202.33,1052621.0
09:37,201.64,202.32,201.56,201.69,999869.0
09:38,202.35,202.41,201.45,201.62,994628.0
09:39,201.86,202.55,201.52,202.34,920578.0
09:40,201.99,202.3,201.76,201.86,631224.0
09:41,202.24,202.58,201.92,202.0,614264.0
09:42,202.61,202.75,202.2,202.24,621886.0
09:43,202.69,203.04,202.48,202.61,831775.0
09:44,202.85,203.1,202.59,202.69,639007.0
09:45,203.17,203.27,202.81,202.87,636021.0
09:46,203.37,203.43,203.04,203.17,562063.0
09:47,203.12,203.41,202.92,203.39,549674.0
09:48,203.86,203.86,203.07,203.11,667695.0
09:49,204.09,204.22,203.8,203.87,719393.0
09:50,204.09,204.42,203.88,204.06,585054.0
09:51,204.36,204.57,204.07,204.09,647133.0
09:52,204.28,204.41,204.07,204.37,424755.0
09:53,204.34,204.4,204.2,204.29,440493.0
09:54,204.14,204.52,204.14,204.34,531102.0
09:55,203.62,204.2,203.57,204.16,594420.0
09:56,203.48,203.82,203.25,203.62,635902.0
09:57,203.88,204.04,203.38,203.44,452162.0
09:58,203.93,204.14,203.74,203.89,502214.0
09:59,203.96,204.08,203.76,203.93,329671.0
10:00,204.41,204.68,203.9,203.97,638014.0
10:01,204.51,204.66,204.35,204.4,422929.0
10:02,204.49,204.7,204.23,204.51,390424.0
10:03,203.8,204.52,203.72,204.48,445092.0
10:04,203.27,203.82,203.13,203.79,452183.0
10:05,203.96,204.1,203.21,203.28,473016.0
10:06,203.77,204.01,203.54,203.95,338309.0
10:07,203.91,204.21,203.71,203.78,413697.0
10:08,203.46,203.93,203.4,203.9,289414.0
10:09,203.19,203.48,203.1,203.46,345768.0
10:10,202.79,203.31,202.75,203.19,495197.0
10:11,203.07,203.15,202.72,202.79,492892.0
10:12,202.96,203.15,202.9,203.09,317325.0
10:13,203.32,203.4,202.81,202.92,419039.0
10:14,203.65,203.7,203.32,203.33,326198.0
10:15,203.51,203.73,203.3,203.67,261095.0
10:16,203.19,203.56,203.14,203.52,287983.0
10:17,202.6,203.21,202.54,203.18,449565.0
10:18,202.88,203.01,202.55,202.62,369281.0
10:19,202.58,202.9,202.51,202.87,315075.0
10:20,202.34,202.59,202.34,202.59,402737.0
10:21,202.45,202.7,202.27,202.32,403520.0
10:22,202.12,202.52,202.09,202.46,370923.0
10:23,201.64,202.13,201.63,202.13,647135.0
10:24,201.79,201.8,201.41,201.64,550600.0
10:25,202.08,202.12,201.69,201.78,529006.0
10:26,202.29,202.32,201.91,202.07,384500.0
10:27,202.14,202.48,202.14,202.29,344595.0
10:28,202.25,202.48,202.04,202.15,273964.0
10:29,202.21,202.31,202.02,202.26,235432.0
10:30,202.4,202.57,202.16,202.2,316865.0
10:31,202.7,202.71,202.21,202.4,354693.0
10:32,202.39,202.76,202.28,202.7,336562.0
10:33,202.32,202.69,202.32,202.4,310029.0
10:34,202.34,202.53,202.21,202.36,241321.0
10:35,202.52,202.78,202.25,202.34,376761.0
10:36,202.37,202.65,202.3,202.54,251362.0
10:37,202.59,202.65,202.12,202.38,387552.0
10:38,202.65,202.84,202.5,202.6,306719.0
10:39,202.9,202.93,202.57,202.62,342512.0
10:40,203.26,203.27,202.9,202.9,455446.0
10:41,203.41,203.5,203.19,203.26,382789.0
10:42,203.66,203.72,203.41,203.41,342034.0
10:43,203.55,203.68,203.45,203.65,312043.0
10:44,203.47,203.71,203.44,203.57,288665.0
10:45,203.29,203.62,203.27,203.5,324485.0
10:46,203.35,203.5,203.24,203.26,209959.0
10:47,203.33,203.38,203.14,203.35,277211.0
10:48,203.22,203.4,203.05,203.33,259005.0
10:49,203.4,203.51,203.2,203.2,260400.0
10:50,203.6,203.62,203.38,203.42,263690.0
10:51,202.87,203.6,202.83,203.6,495316.0
10:52,202.84,202.97,202.77,202.87,266938.0
10:53,202.68,202.92,202.6,202.84,302732.0
10:54,202.61,202.8,202.53,202.68,237811.0
10:55,202.29,202.73,202.25,202.6,461135.0
10:56,202.1,202.29,202.05,202.28,329705.0
10:57,202.57,202.62,202.12,202.12,388034.0
10:58,202.69,202.74,202.45,202.55,289935.0
10:59,202.92,202.93,202.64,202.68,299504.0
11:00,203.19,203.23,202.91,202.91,332218.0
11:01,203.12,203.4,203.05,203.21,337048.0
11:02,203.24,203.5,203.09,203.13,337582.0
11:03,203.29,203.29,203.12,203.24,193670.0
11:04,203.4,203.58,203.23,203.28,456896.0
11:05,203.39,203.49,203.22,203.39,204174.0
11:06,203.15,203.39,203.11,203.36,221104.0
11:07,203.07,203.26,203.07,203.14,205976.0
11:08,203.29,203.4,202.97,203.08,300970.0
11:09,203.24,203.38,203.08,203.3,198252.0
11:10,203.37,203.37,203.15,203.23,184011.0
11:11,203.4,203.49,203.27,203.36,212810.0
11:12,203.44,203.57,203.29,203.41,221143.0
11:13,203.54,203.58,203.37,203.44,160376.0
11:14,203.71,203.73,203.45,203.54,271981.0
11:15,203.5,203.85,203.46,203.72,312745.0
11:16,203.4,203.57,203.32,203.51,247803.0
11:17,203.45,203.5,203.34,203.39,152308.0
11:18,203.59,203.67,203.32,203.45,205365.0
11:19,203.55,203.6,203.24,203.59,256957.0
11:20,203.5,203.59,203.39,203.55,159181.0
11:21,203.51,203.52,203.32,203.5,176103.0
11:22,203.42,203.65,203.4,203.51,268645.0
11:23,203.38,203.51,203.29,203.43,171780.0
11:24,203.29,203.41,203.22,203.39,178231.0
11:25,203.22,203.32,203.12,203.29,168037.0
11:26,203.13,203.32,203.11,203.22,140364.0
11:27,203.24,203.33,203.12,203.14,255107.0
11:28,203.15,203.39,203.11,203.25,224117.0
11:29,203.07,203.2,203.02,203.15,158397.0
11:30,202.98,203.17,202.96,203.08,202941.0
11:31,202.88,203.07,202.84,202.96,249883.0
11:32,202.97,203.0,202.88,202.9,172134.0
11:33,202.92,203.02,202.85,202.97,170795.0
11:34,203.07,203.15,202.92,202.92,214903.0
11:35,203.0,203.12,202.97,203.07,177392.0
11:36,202.61,203.0,202.57,202.99,273757.0
11:37,202.33,202.63,202.3,202.59,293177.0
11:38,202.52,202.53,202.09,202.33,342789.0
11:39,202.48,202.57,202.4,202.52,291388.0
11:40,202.36,202.68,202.35,202.47,274338.0
11:41,202.14,202.35,202.08,202.35,300902.0
11:42,202.46,202.54,202.11,202.14,284772.0
11:43,202.67,202.68,202.34,202.43,27443799.0
11:44,202.76,202.84,202.56,202.66,1.0
11:45,202.58,202.88,202.43,202.76,379737.0
11:46,202.68,202.76,202.49,202.57,201229.0
11:47,202.35,202.76,202.33,202.68,273726.0
11:48,202.41,202.5,202.26,202.36,176764.0
11:49,202.2,202.55,202.2,202.38,218484.0
11:50,202.26,202.28,202.15,202.2,180655.0
11:51,202.21,202.42,202.2,202.28,212535.0
11:52,202.19,202.27,202.06,202.21,267674.0
11:53,202.23,202.31,202.11,202.19,141847.0
11:54,202.12,202.31,202.07,202.24,174303.0
11:55,202.42,202.42,202.08,202.09,251867.0
11:56,202.55,202.62,202.37,202.4,221377.0
11:57,202.56,202.62,202.41,202.55,207213.0
11:58,202.43,202.7,202.41,202.56,194000.0
11:59,202.55,202.6,202.42,202.42,120410.0
12:00,202.59,202.64,202.53,202.54,126856.0
12:01,202.48,202.67,202.44,202.57,148852.0
12:02,202.53,202.55,202.41,202.48,127094.0
12:03,202.8,202.81,202.52,202.52,193396.0
12:04,203.02,203.09,202.8,202.8,282439.0
12:05,203.01,203.08,202.95,203.01,136367.0
12:06,203.04,203.1,202.96,203.02,165090.0
12:07,203.14,203.21,203.04,203.04,198398.0
12:08,203.18,203.21,203.09,203.13,160147.0
12:09,203.31,203.31,203.09,203.18,194770.0
12:10,203.28,203.37,203.24,203.31,218076.0
12:11,203.41,203.48,203.28,203.28,197173.0
12:12,203.47,203.52,203.39,203.42,270213.0
12:13,203.48,203.55,203.42,203.47,162596.0
12:14,203.57,203.59,203.46,203.47,174325.0
12:15,203.49,203.62,203.49,203.59,174127.0
12:16,203.32,203.49,203.3,203.49,220452.0
12:17,203.2,203.41,203.16,203.32,252052.0
12:18,203.24,203.26,203.15,203.17,211001.0
12:19,203.58,203.58,203.19,203.26,245506.0
12:20,203.73,203.84,203.57,203.58,410627.0
12:21,203.58,203.74,203.58,203.73,159866.0
12:22,203.39,203.64,203.39,203.58,160368.0
12:23,203.4,203.43,203.27,203.39,185568.0
12:24,203.56,203.56,203.37,203.41,141118.0
12:25,203.43,203.55,203.31,203.55,123567.0
12:26,203.46,203.53,203.39,203.42,97265.0
12:27,203.5,203.51,203.37,203.47,101165.0
12:28,203.58,203.62,203.51,203.52,134462.0
12:29,203.43,203.64,203.41,203.59,152103.0
12:30,203.3,203.48,203.25,203.43,166888.0
12:31,203.43,203.45,203.26,203.3,150487.0
12:32,203.44,203.45,203.31,203.43,118756.0
12:33,203.45,203.46,203.34,203.45,104037.0
12:34,203.3,203.5,203.3,203.46,116671.0
12:35,203.21,203.38,203.12,203.32,174034.0
12:36,203.15,203.23,203.02,203.19,169210.0
12:37,203.15,203.27,203.11,203.15,132279.0
12:38,203.16,203.18,203.01,203.15,230937.0
12:39,203.21,203.23,203.12,203.16,84910.0
12:40,202.97,203.23,202.95,203.21,178863.0
12:41,203.02,203.04,202.92,202.97,123816.0
12:42,202.98,203.04,202.87,203.02,135859.0
12:43,202.99,203.11,202.95,202.95,155903.0
12:44,203.24,203.26,202.99,202.99,141998.0
12:45,203.27,203.32,203.11,203.22,169803.0
12:46,203.23,203.28,203.16,203.27,109103.0
12:47,203.09,203.24,203.03,203.23,126854.0
12:48,202.97,203.13,202.95,203.09,128941.0
12:49,203.02,203.04,202.94,202.98,118444.0
12:50,203.2,203.24,203.01,203.02,174077.0
12:51,203.04,203.2,203.03,203.18,115535.0
12:52,202.83,203.05,202.73,203.04,245481.0
12:53,203.04,203.06,202.8,202.84,154736.0
12:54,203.21,203.25,203.04,203.06,203669.0
12:55,203.35,203.38,203.16,203.22,195032.0
12:56,203.51,203.53,203.31,203.35,204531.0
12:57,203.51,203.59,203.43,203.52,215457.0
12:58,203.58,203.64,203.43,203.5,304965.0
12:59,203.58,203.83,203.54,203.61,171357.0
13:00,203.47,203.58,203.43,203.57,128410.0
13:01,203.52,203.6,203.45,203.48,117044.0
13:02,203.2,203.51,203.2,203.51,207135.0
13:03,203.05,203.22,203.02,203.18,170119.0
13:04,203.08,203.15,203.04,203.05,94001.0
13:05,202.79,203.08,202.73,203.07,181632.0
13:06,202.77,202.88,202.71,202.78,164283.0
13:07,203.05,203.13,202.76,202.76,256998.0
13:08,203.08,203.15,203.03,203.06,142141.0
13:09,202.96,203.07,202.95,203.06,105403.0
13:10,202.9,202.97,202.87,202.95,111971.0
13:11,202.8,202.93,202.74,202.91,150234.0
13:12,202.65,202.79,202.62,202.79,179056.0
13:13,202.67,202.85,202.59,202.64,161143.0
13:14,202.52,202.72,202.49,202.66,212777.0
13:15,202.66,202.66,202.44,202.53,180416.0
13:16,202.91,202.92,202.6,202.67,198144.0
13:17,202.85,202.93,202.81,202.91,125835.0
13:18,202.79,202.91,202.77,202.83,80846.0
13:19,202.75,202.85,202.75,202.79,82158.0
13:20,202.56,202.77,202.55,202.73,142059.0
13:21,202.75,202.75,202.51,202.57,152063.0
13:22,202.93,202.93,202.74,202.74,128590.0
13:23,202.86,203.03,202.85,202.92,165770.0
13:24,203.01,203.02,202.82,202.85,104480.0
13:25,203.06,203.08,203.01,203.02,125529.0
13:26,203.08,203.15,203.05,203.07,33983489.0
13:27,203.15,203.18,203.05,203.09,1.0
13:28,203.11,203.17,203.05,203.16,119465.0
13:29,203.05,203.12,202.99,203.1,132268.0
13:30,202.87,203.06,202.83,203.06,161359.0
13:31,202.8,202.94,202.78,202.87,104288.0
13:32,202.93,202.96,202.8,202.8,88613.0
13:33,202.95,203.0,202.88,202.94,88035.0
13:34,203.1,203.17,202.93,202.93,396649.0
13:35,203.08,203.15,203.04,203.11,107845.0
13:36,203.11,203.16,203.05,203.09,123295.0
13:37,203.13,203.2,203.07,203.12,174516.0
13:38,203.2,203.22,203.1,203.13,108438.0
13:39,203.37,203.41,203.2,203.2,163962.0
13:40,203.25,203.4,203.23,203.37,155957.0
13:41,203.3,203.4,203.25,203.25,111239.0
13:42,203.37,203.38,203.27,203.29,96803.0
13:43,203.44,203.47,203.35,203.39,155981.0
13:44,203.62,203.62,203.41,203.44,160143.0
13:45,203.72,203.73,203.61,203.62,184301.0
13:46,203.95,203.95,203.69,203.71,223356.0
13:47,203.88,204.02,203.86,203.95,302840.0
13:48,203.93,203.94,203.85,203.88,153384.0
13:49,204.1,204.11,203.9,203.92,248677.0
13:50,203.87,204.17,203.87,204.1,288435.0
13:51,204.05,204.1,203.85,203.86,170643.0
13:52,204.36,204.48,204.02,204.04,288075.0
13:53,204.4,204.44,204.27,204.37,254675.0
13:54,204.31,204.43,204.27,204.41,206345.0
13:55,204.21,204.37,204.14,204.3,310976.0
13:56,204.0,204.23,203.96,204.21,207858.0
13:57,203.97,204.15,203.96,204.0,214043.0
13:58,203.94,204.03,203.92,203.97,156390.0
13:59,204.18,204.2,203.93,203.94,185403.0
14:00,204.2,204.24,204.04,204.17,177023.0
14:01,204.17,204.26,204.07,204.2,171010.0
14:02,204.04,204.24,204.0,204.18,150434.0
14:03,204.07,204.11,204.02,204.07,87099.0
14:04,203.87,204.06,203.82,204.06,209704.0
14:05,203.87,203.9,203.82,203.87,140303.0
14:06,203.62,203.85,203.57,203.85,216679.0
14:07,203.75,203.89,203.63,203.63,278895.0
14:08,203.87,203.87,203.68,203.74,133316.0
14:09,203.99,204.07,203.87,203.87,179133.0
14:10,203.9,204.0,203.9,203.97,103647.0
14:11,203.8,203.89,203.73,203.89,140468.0
14:12,203.87,203.92,203.72,203.79,115659.0
14:13,203.81,203.87,203.7,203.87,113660.0
14:14,203.65,203.79,203.6,203.79,140806.0
14:15,203.45,203.64,203.41,203.64,198014.0
14:16,203.55,203.56,203.37,203.44,234700.0
14:17,203.67,203.71,203.56,203.56,187717.0
14:18,203.45,203.71,203.39,203.68,167814.0
14:19,203.55,203.57,203.44,203.45,91617.0
14:20,203.72,203.78,203.55,203.55,181293.0
14:21,203.62,203.76,203.52,203.72,147799.0
14:22,203.76,203.8,203.6,203.62,117886.0
14:23,203.74,203.79,203.69,203.78,103135.0
14:24,203.64,203.82,203.63,203.74,117635.0
14:25,203.54,203.66,203.45,203.64,154626.0
14:26,203.52,203.64,203.51,203.56,92304.0
14:27,203.69,203.74,203.51,203.52,124751.0
14:28,203.56,203.68,203.5,203.68,123346.0
14:29,203.59,203.61,203.51,203.54,73609.0
14:30,204.0,204.0,203.59,203.59,206936.0
14:31,203.87,204.0,203.78,203.99,143209.0
14:32,203.59,203.89,203.59,203.87,142142.0
14:33,203.63,203.64,203.51,203.6,127870.0
14:34,203.74,203.75,203.63,203.63,148837.0
14:35,203.76,203.77,203.68,203.74,105116.0
14:36,203.73,203.85,203.65,203.76,127317.0
14:37,203.62,203.75,203.6,203.74,105472.0
14:38,203.62,203.65,203.57,203.62,91944.0
14:39,203.56,203.68,203.52,203.61,114872.0
14:40,203.65,203.68,203.51,203.57,106630.0
14:41,203.54,203.71,203.5,203.66,128793.0
14:42,203.73,203.74,203.53,203.55,119611.0
14:43,203.7,203.77,203.63,203.73,110474.0
14:44,203.79,203.8,203.59,203.7,136206.0
14:45,203.89,204.01,203.72,203.8,199269.0
14:46,203.86,203.97,203.8,203.9,110966.0
14:47,204.17,204.19,203.85,203.86,193434.0
14:48,204.22,204.27,204.15,204.18,158578.0
14:49,204.15,204.24,204.12,204.2,146487.0
14:50,204.09,204.17,204.0,204.17,107320.0
14:51,204.11,204.13,204.04,204.08,101538.0
14:52,204.14,204.2,204.06,204.11,111438.0
14:53,203.91,204.14,203.9,204.14,104433.0
14:54,204.01,204.03,203.87,203.9,197623.0
14:55,203.97,204.08,203.9,204.01,125719.0
14:56,204.03,204.06,203.94,203.96,147071.0
14:57,203.79,204.04,203.75,204.04,158470.0
14:58,203.64,203.79,203.57,203.77,190820.0
14:59,203.51,203.68,203.49,203.65,166478.0
15:00,203.54,203.61,203.46,203.51,124852.0
15:01,203.18,203.54,203.16,203.54,245400.0
15:02,203.26,203.31,203.1,203.21,207691.0
15:03,203.11,203.27,203.08,203.26,154045.0
15:04,203.16,203.26,203.1,203.12,157221.0
15:05,203.21,203.27,202.97,203.14,278148.0
15:06,203.1,203.24,203.03,203.2,160547.0
15:07,203.1,203.16,203.0,203.11,158334.0
15:08,203.07,203.17,203.01,203.1,135648.0
15:09,203.14,203.21,203.07,203.08,119464.0
15:10,202.84,203.13,202.73,203.13,417206.0
15:11,202.69,202.93,202.6,202.86,371568.0
15:12,202.8,202.83,202.61,202.68,291698.0
15:13,202.76,202.84,202.66,202.82,177407.0
15:14,202.68,202.8,202.65,202.76,140330.0
15:15,202.74,202.8,202.6,202.69,169065.0
15:16,202.6,202.73,202.53,202.73,183869.0
15:17,202.58,202.61,202.46,202.6,252687.0
15:18,202.8,202.81,202.58,202.58,200765.0
15:19,202.71,202.82,202.71,202.81,160332.0
15:20,202.46,202.7,202.43,202.7,211353.0
15:21,202.13,202.46,202.12,202.46,362930.0
15:22,202.09,202.19,201.88,202.13,590748.0
15:23,202.16,202.3,202.08,202.11,352439.0
15:24,202.37,202.38,202.15,202.17,172002.0
15:25,202.47,202.52,202.35,202.37,231904.0
15:26,202.62,202.75,202.47,202.48,276545.0
15:27,202.69,202.74,202.51,202.62,195009.0
15:28,202.74,202.79,202.59,202.7,199852.0
15:29,202.55,202.76,202.5,202.75,196515.0
15:30,202.67,202.76,202.51,202.56,183844.0
15:31,202.61,202.82,202.59,202.68,210626.0
15:32,202.8,202.8,202.58,202.62,170978.0
15:33,202.69,202.96,202.67,202.8,412074.0
15:34,202.56,202.71,202.5,202.7,211606.0
15:35,202.63,202.7,202.49,202.55,150921.0
15:36,202.51,202.66,202.44,202.63,172255.0
15:37,202.44,202.6,202.4,202.52,178796.0
15:38,202.38,202.48,202.36,202.44,127948.0
15:39,202.41,202.49,202.3,202.38,202335.0
15:40,202.16,202.42,202.12,202.41,297212.0
15:41,202.38,202.47,202.16,202.16,275825.0
15:42,202.34,202.41,202.27,202.39,213587.0
15:43,202.23,202.35,202.19,202.34,162454.0
15:44,202.24,202.27,202.2,202.24,163487.0
15:45,202.34,202.44,202.21,202.24,189366.0
15:46,202.19,202.37,202.18,202.35,159562.0
15:47,202.02,202.2,201.98,202.18,315780.0
15:48,202.26,202.29,202.01,202.02,214897.0
15:49,202.4,202.44,202.24,202.27,245552.0
15:50,202.51,203.05,202.4,202.4,548448.0
15:51,202.58,202.62,202.33,202.5,357786.0
15:52,202.46,202.71,202.4,202.6,295051.0
15:53,202.42,202.49,202.37,202.46,213198.0
15:54,202.38,202.57,202.27,202.41,354943.0
15:55,202.85,202.9,202.3,202.38,517682.0
15:56,202.51,202.87,202.5,202.85,458823.0
15:57,202.53,202.62,202.45,202.51,498607.0
15:58,202.77,202.8,202.53,202.53,672402.0
15:59,202.8,203.14,202.74,202.79,1561993.0
