Time,Close,High,Low,Open,Volume
09:30,190.74,191.44,190.65,191.04,3483756.0
09:31,190.74,191.44,190.65,191.04,3483756.0
09:32,190.74,191.44,190.65,191.04,3483756.0
09:33,190.74,191.44,190.65,191.04,3483756.0
09:34,190.74,191.44,190.65,191.04,3483756.0
09:35,190.74,191.44,190.65,191.04,3483756.0
09:36,190.74,191.44,190.65,191.04,3483756.0
09:37,190.74,191.44,190.65,191.04,3483756.0
09:38,190.74,191.44,190.65,191.04,3483756.0
09:39,190.74,191.44,190.65,191.04,3483756.0
09:40,190.74,191.44,190.65,191.04,3483756.0
09:41,190.74,191.44,190.65,191.04,3483756.0
09:42,190.74,191.44,190.65,191.04,3483756.0
09:43,190.74,191.44,190.65,191.04,3483756.0
09:44,190.74,191.44,190.65,191.04,3483756.0
09:45,190.74,191.44,190.65,191.04,3483756.0
09:46,190.74,191.44,190.65,191.04,3483756.0
09:47,190.74,191.44,190.65,191.04,3483756.0
09:48,190.74,191.44,190.65,191.04,3483756.0
09:49,190.74,191.44,190.65,191.04,3483756.0
09:50,190.74,191.44,190.65,191.04,3483756.0
09:51,190.74,191.44,190.65,191.04,3483756.0
09:52,190.74,191.44,190.65,191.04,3483756.0
09:53,190.74,191.44,190.65,191.04,3483756.0
09:54,190.74,191.44,190.65,191.04,3483756.0
09:55,190.74,191.44,190.65,191.04,3483756.0
09:56,190.74,191.44,190.65,191.04,3483756.0
09:57,190.74,191.44,190.65,191.04,3483756.0
09:58,190.74,191.44,190.65,191.04,3483756.0
09:59,190.74,191.44,190.65,191.04,3483756.0
10:00,190.74,191.44,190.65,191.04,3483756.0
10:01,190.74,191.44,190.65,191.04,3483756.0
10:02,190.74,191.44,190.65,191.04,3483756.0
10:03,190.74,191.44,190.65,191.04,3483756.0
10:04,190.74,191.44,190.65,191.04,3483756.0
10:05,190.74,191.44,190.65,191.04,3483756.0
10:06,190.74,191.44,190.65,191.04,3483756.0
10:07,190.74,191.44,190.65,191.04,3483756.0
10:08,190.74,191.44,190.65,191.04,3483756.0
10:09,190.74,191.44,190.65,191.04,3483756.0
10:10,190.74,191.44,190.65,191.04,3483756.0
10:11,190.74,191.44,190.65,191.04,3483756.0
10:12,190.74,191.44,190.65,191.04,3483756.0
10:13,190.74,191.44,190.65,191.04,3483756.0
10:14,190.74,191.44,190.65,191.04,3483756.0
10:15,190.74,191.44,190.65,191.04,3483756.0
10:16,190.74,191.44,190.65,191.04,3483756.0
10:17,190.74,191.44,190.65,191.04,3483756.0
10:18,190.74,191.44,190.65,191.04,3483756.0
10:19,190.74,191.44,190.65,191.04,3483756.0
10:20,190.74,191.44,190.65,191.04,3483756.0
10:21,190.74,191.44,190.65,191.04,3483756.0
10:22,190.74,191.44,190.65,191.04,3483756.0
10:23,190.74,191.44,190.65,191.04,3483756.0
10:24,190.74,191.44,190.65,191.04,3483756.0
10:25,190.74,191.44,190.65,191.04,3483756.0
10:26,190.74,191.44,190.65,191.04,3483756.0
10:27,190.74,191.44,190.65,191.04,3483756.0
10:28,190.74,191.44,190.65,191.04,3483756.0
10:29,190.74,191.44,190.65,191.04,3483756.0
10:30,190.74,191.44,190.65,191.04,3483756.0
10:31,190.51,190.92,190.01,190.78,757147.0
10:32,190.16,190.8,190.06,190.54,468177.0
10:33,189.82,190.32,189.74,190.19,890604.0
10:34,189.61,189.89,189.3,189.84,610184.0
10:35,189.05,189.78,188.84,189.61,815687.0
10:36,188.56,189.09,188.48,189.05,836537.0
10:37,188.61,188.67,188.38,188.52,713986.0
10:38,188.71,188.95,188.33,188.62,645082.0
10:39,188.43,188.97,188.37,188.73,587925.0
10:40,188.19,188.46,187.99,188.43,829804.0
10:41,187.9,188.32,187.73,188.19,731165.0
10:42,187.82,187.89,187.45,187.89,755902.0
10:43,187.43,187.84,187.23,187.83,597245.0
10:44,187.1,187.57,186.95,187.42,750999.0
10:45,187.52,187.76,187.08,187.08,705064.0
10:46,187.69,187.91,187.52,187.53,592596.0
10:47,187.71,188.02,187.59,187.69,537177.0
10:48,187.96,188.0,187.65,187.7,411700.0
10:49,187.92,188.28,187.79,187.96,738763.0
10:50,188.23,188.24,187.9,187.92,498447.0
10:51,188.26,188.46,188.06,188.22,653643.0
10:52,188.74,188.75,188.23,188.26,584294.0
10:53,188.22,188.86,188.13,188.74,714777.0
10:54,188.14,188.54,188.01,188.26,531289.0
10:55,188.41,188.65,188.05,188.19,499980.0
10:56,188.68,188.78,188.38,188.42,368245.0
10:57,188.62,188.98,188.4,188.7,572125.0
10:58,188.66,188.8,188.42,188.62,315591.0
10:59,188.22,188.78,188.2,188.59,403572.0
11:00,188.53,188.69,188.24,188.24,337816.0
11:01,188.07,188.6,188.0,188.54,482425.0
11:02,187.59,188.16,187.55,188.08,615950.0
11:03,188.22,188.26,187.54,187.55,480014.0
11:04,187.8,188.4,187.58,188.23,472320.0
11:05,187.73,188.02,187.57,187.81,383181.0
11:06,188.33,188.48,187.72,187.73,406804.0
11:07,188.76,188.79,188.31,188.33,419749.0
11:08,189.19,189.26,188.62,188.76,623169.0
11:09,189.13,189.35,189.07,189.2,617673.0
11:10,189.02,189.15,188.78,189.13,523393.0
11:11,188.99,189.09,188.85,189.04,340792.0
11:12,189.4,189.57,189.01,189.03,541315.0
11:13,189.36,189.55,189.21,189.4,436436.0
11:14,189.65,189.8,189.43,189.43,473512.0
11:15,189.6,189.71,189.47,189.64,386235.0
11:16,189.63,189.91,189.54,189.57,459286.0
11:17,189.11,189.65,189.02,189.65,573945.0
11:18,189.04,189.42,188.99,189.12,351246.0
11:19,188.94,189.22,188.88,189.04,390176.0
11:20,188.93,189.04,188.76,188.95,437117.0
11:21,188.51,188.97,188.4,188.92,369034.0
11:22,188.17,188.67,188.07,188.51,383126.0
11:23,188.24,188.5,187.99,188.17,465502.0
11:24,188.47,188.63,188.22,188.24,318018.0
11:25,188.55,188.66,188.3,188.45,244614.0
11:26,188.26,188.62,187.95,188.55,364350.0
11:27,188.15,188.41,188.09,188.27,280492.0
11:28,188.04,188.23,187.92,188.14,335992.0
11:29,188.1,188.26,188.06,188.07,249660.0
11:30,187.98,188.12,187.93,188.1,342551.0
11:31,188.04,188.14,187.81,187.99,384333.0
11:32,187.9,188.11,187.88,188.03,208653.0
11:33,187.75,187.95,187.65,187.89,307179.0
11:34,187.29,187.79,187.22,187.74,552070.0
11:35,187.34,187.51,187.27,187.29,345352.0
11:36,187.38,187.54,187.24,187.34,403922.0
11:37,187.05,187.41,186.96,187.39,530475.0
11:38,187.14,187.19,186.99,187.07,332609.0
11:39,187.43,187.59,187.16,187.16,380546.0
11:40,187.68,187.73,187.29,187.42,372769.0
11:41,187.42,187.75,187.33,187.68,327001.0
11:42,187.2,187.55,187.19,187.41,288972.0
11:43,187.2,187.34,187.11,187.21,287803.0
11:44,187.2,187.22,187.09,187.19,243696.0
11:45,186.68,187.24,186.68,187.19,539294.0
11:46,186.78,186.87,186.65,186.69,363291.0
11:47,186.3,186.8,186.3,186.78,594134.0
11:48,186.46,186.49,186.17,186.3,549316.0
11:49,186.13,186.5,185.9,186.48,712682.0
11:50,186.07,186.2,185.86,186.14,441971.0
11:51,186.13,186.28,186.05,186.05,392372.0
11:52,186.18,186.24,186.04,186.14,375939.0
11:53,186.31,186.5,186.17,186.18,434889.0
11:54,185.95,186.3,185.87,186.29,443724.0
11:55,186.14,186.26,185.79,185.95,529748.0
11:56,186.12,186.3,186.05,186.13,419934.0
11:57,186.23,186.35,186.09,186.12,304939.0
11:58,186.41,186.45,186.11,186.22,424770.0
11:59,186.6,186.6,186.35,186.4,566690.0
12:00,186.87,186.98,186.43,186.59,540343.0
12:01,186.54,187.02,186.54,186.87,400131.0
12:02,186.5,186.83,186.46,186.55,277258.0
12:03,186.37,186.66,186.23,186.5,394414.0
12:04,186.14,186.43,186.1,186.36,290798.0
12:05,186.18,186.29,186.06,186.15,240358.0
12:06,185.88,186.23,185.85,186.18,412885.0
12:07,185.58,185.94,185.54,185.89,648770.0
12:08,185.95,185.99,185.48,185.6,482192.0
12:09,186.21,186.23,185.91,185.95,445708.0
12:10,185.88,186.21,185.64,186.21,494560.0
12:11,186.04,186.04,185.73,185.89,363746.0
12:12,185.96,186.12,185.8,186.03,290086.0
12:13,186.1,186.23,185.93,185.96,312340.0
12:14,186.2,186.25,186.03,186.09,313927.0
12:15,186.1,186.42,186.08,186.19,428212.0
12:16,186.0,186.1,185.82,186.09,342371.0
12:17,185.86,186.03,185.75,186.02,272596.0
12:18,185.82,186.02,185.79,185.87,265452.0
12:19,185.79,185.87,185.38,185.85,467874.0
12:20,185.85,186.0,185.61,185.79,353682.0
12:21,185.72,185.94,185.63,185.85,312076.0
12:22,186.13,186.16,185.72,185.73,289927.0
12:23,186.12,186.47,185.99,186.14,446004.0
12:24,185.79,186.15,185.68,186.12,386437.0
12:25,185.81,185.94,185.71,185.8,272136.0
12:26,186.03,186.07,185.79,185.81,295672.0
12:27,186.02,186.08,185.9,186.04,690034.0
12:28,186.24,186.3,186.01,186.01,238060.0
12:29,186.29,186.46,186.23,186.25,359697.0
12:30,186.17,186.55,186.08,186.29,375206.0
12:31,186.2,186.35,186.1,186.17,223606.0
12:32,186.07,186.34,186.02,186.19,279482.0
12:33,186.21,186.34,186.04,186.08,243769.0
12:34,186.45,186.54,186.18,186.18,256867.0
12:35,186.07,186.59,186.05,186.44,393494.0
12:36,185.79,186.16,185.78,186.08,416887.0
12:37,185.96,186.05,185.76,185.81,244505.0
12:38,185.99,186.05,185.8,185.96,207114.0
12:39,185.63,186.08,185.56,185.99,334453.0
12:40,185.66,185.79,185.41,185.65,394342.0
12:41,185.55,185.73,185.47,185.66,227533.0
12:42,185.57,185.78,185.53,185.57,229829.0
12:43,185.57,185.77,185.4,185.56,253989.0
12:44,185.82,185.86,185.5,185.58,254320.0
12:45,185.89,185.96,185.73,185.82,231079.0
12:46,185.96,186.05,185.85,185.89,343519.0
12:47,186.18,186.34,185.95,185.96,310660.0
12:48,185.96,186.17,185.89,186.17,223491.0
12:49,186.26,186.32,185.97,185.97,212667.0
12:50,186.04,186.3,185.93,186.26,228473.0
12:51,186.38,186.49,186.04,186.05,254382.0
12:52,186.09,186.39,185.88,186.38,295199.0
12:53,185.93,186.17,185.79,186.12,288648.0
12:54,186.0,186.12,185.87,185.94,220090.0
12:55,185.7,186.02,185.63,186.0,297474.0
12:56,185.65,185.77,185.56,185.71,246719.0
12:57,185.64,185.8,185.48,185.65,289868.0
12:58,185.65,185.67,185.35,185.62,332527.0
12:59,185.68,185.85,185.57,185.66,304709.0
13:00,186.08,186.1,185.61,185.65,320948.0
13:01,185.89,186.21,185.85,186.08,282564.0
13:02,185.79,185.96,185.71,185.91,270988.0
13:03,186.13,186.19,185.74,185.79,195856.0
13:04,186.25,186.26,185.85,186.12,297957.0
13:05,186.09,186.36,185.91,186.25,258233.0
13:06,186.14,186.27,186.09,186.1,169181.0
13:07,186.22,186.41,186.09,186.13,248697.0
13:08,186.29,186.35,186.2,186.21,213802.0
13:09,185.85,186.34,185.74,186.29,294796.0
13:10,185.82,185.99,185.74,185.86,277618.0
13:11,185.89,185.92,185.62,185.82,220312.0
13:12,185.82,186.07,185.81,185.88,183112.0
13:13,185.91,185.92,185.7,185.83,219465.0
13:14,185.85,185.93,185.73,185.9,141706.0
13:15,186.17,186.27,185.85,185.87,251474.0
13:16,186.32,186.4,186.05,186.18,240609.0
13:17,186.5,186.55,186.27,186.32,265761.0
13:18,186.35,186.51,186.15,186.5,294192.0
13:19,186.3,186.55,186.29,186.34,172143.0
13:20,186.44,186.49,186.25,186.32,222014.0
13:21,186.43,186.66,186.42,186.44,307515.0
13:22,186.72,186.72,186.43,186.43,225961.0
13:23,186.93,186.96,186.66,186.7,288676.0
13:24,186.83,187.0,186.82,186.93,293961.0
13:25,186.9,186.93,186.63,186.84,214285.0
13:26,186.72,186.96,186.55,186.9,276260.0
13:27,186.91,187.05,186.74,186.74,308400.0
13:28,187.12,187.17,186.88,186.91,261088.0
13:29,186.93,187.15,186.9,187.1,249320.0
13:30,187.16,187.18,186.87,186.92,245085.0
13:31,187.13,187.22,187.0,187.15,241430.0
13:32,187.04,187.23,186.93,187.12,208527.0
13:33,187.13,187.17,186.99,187.05,173094.0
13:34,187.1,187.17,187.05,187.12,208412.0
13:35,186.88,187.12,186.73,187.11,429909.0
13:36,186.96,187.05,186.81,186.87,200049.0
13:37,186.8,187.02,186.74,186.95,137677.0
13:38,186.98,187.02,186.81,186.82,140915.0
13:39,187.12,187.18,186.95,186.99,184704.0
13:40,187.05,187.2,187.02,187.14,152597.0
13:41,186.8,187.15,186.68,187.07,226657.0
13:42,186.7,186.97,186.58,186.8,235250.0
13:43,186.64,186.81,186.44,186.69,282176.0
13:44,186.54,186.77,186.51,186.64,178162.0
13:45,186.19,186.56,186.15,186.51,284323.0
13:46,186.13,186.25,185.98,186.21,237784.0
13:47,185.9,186.15,185.9,186.12,233800.0
13:48,186.12,186.26,185.9,185.91,362419.0
13:49,186.15,186.27,185.94,186.13,195748.0
13:50,186.18,186.24,185.98,186.13,192812.0
13:51,186.02,186.28,185.97,186.18,193436.0
13:52,186.04,186.15,185.93,186.02,172565.0
13:53,185.99,186.17,185.92,186.03,237596.0
13:54,185.97,186.18,185.96,186.0,181709.0
13:55,185.88,186.0,185.73,185.98,302136.0
13:56,185.88,185.95,185.7,185.87,172959.0
13:57,185.71,185.91,185.61,185.89,211525.0
13:58,185.75,185.8,185.55,185.7,198473.0
13:59,185.65,185.76,185.57,185.73,164028.0
14:00,185.76,185.91,185.58,185.65,182006.0
14:01,185.86,185.91,185.77,185.79,139989.0
14:02,185.89,186.01,185.81,185.87,207468.0
14:03,185.85,186.05,185.84,185.91,165455.0
14:04,185.82,185.96,185.76,185.85,118369.0
14:05,185.72,185.96,185.64,185.82,146687.0
14:06,185.96,185.99,185.67,185.72,165002.0
14:07,185.85,186.14,185.72,185.95,257531.0
14:08,185.52,185.85,185.51,185.85,225718.0
14:09,185.68,185.72,185.53,185.53,188412.0
14:10,185.65,185.73,185.47,185.67,248943.0
14:11,185.47,185.76,185.43,185.66,197029.0
14:12,185.84,185.88,185.45,185.47,232410.0
14:13,185.78,185.95,185.75,185.84,179691.0
14:14,185.96,186.09,185.77,185.77,206231.0
14:15,185.98,186.06,185.93,185.96,162207.0
14:16,185.83,186.11,185.81,185.99,239495.0
14:17,185.5,185.84,185.5,185.84,229853.0
14:18,185.53,185.66,185.45,185.51,285327.0
14:19,185.38,185.57,185.29,185.53,275195.0
14:20,185.3,185.45,185.21,185.39,294547.0
14:21,185.19,185.33,184.88,185.31,800460.0
14:22,185.4,185.41,185.17,185.17,273231.0
14:23,185.29,185.61,185.27,185.4,363563.0
14:24,185.31,185.4,185.24,185.29,175779.0
14:25,184.87,185.32,184.79,185.32,347711.0
14:26,184.89,184.99,184.75,184.87,258447.0
14:27,184.81,184.96,184.73,184.88,305455.0
14:28,184.62,184.87,184.57,184.8,263078.0
14:29,184.87,184.92,184.62,184.63,325913.0
14:30,184.81,185.09,184.77,184.86,357752.0
14:31,184.65,184.87,184.6,184.8,225835.0
14:32,184.84,184.93,184.64,184.66,223204.0
14:33,184.69,184.99,184.61,184.85,287762.0
14:34,184.69,184.79,184.57,184.67,253332.0
14:35,184.33,184.77,184.26,184.7,397810.0
14:36,184.2,184.39,184.14,184.34,371313.0
14:37,184.23,184.24,183.99,184.19,452807.0
14:38,184.15,184.35,184.07,184.22,312305.0
14:39,184.23,184.29,184.02,184.16,265580.0
14:40,184.12,184.25,183.85,184.24,378991.0
14:41,184.39,184.43,184.05,184.12,362394.0
14:42,183.92,184.45,183.9,184.39,296075.0
14:43,184.45,184.5,183.92,183.92,327595.0
14:44,184.52,184.62,184.31,184.43,390879.0
14:45,184.6,184.76,184.48,184.51,382250.0
14:46,184.38,184.66,184.32,184.6,291678.0
14:47,184.48,184.52,184.32,184.39,230492.0
14:48,184.52,184.7,184.45,184.45,311379.0
14:49,184.44,184.63,184.27,184.53,246267.0
14:50,184.33,184.54,184.25,184.45,286726.0
14:51,184.42,184.55,184.11,184.34,404081.0
14:52,184.23,184.47,184.21,184.41,296471.0
14:53,184.43,184.49,184.13,184.22,236318.0
14:54,184.25,184.46,184.21,184.44,169595.0
14:55,184.27,184.45,184.19,184.26,217225.0
14:56,184.55,184.59,184.27,184.27,245492.0
14:57,184.43,184.57,184.36,184.54,257293.0
14:58,184.69,184.83,184.46,184.46,329537.0
14:59,184.76,184.78,184.47,184.7,220549.0
15:00,184.59,184.94,184.5,184.76,350489.0
15:01,184.34,184.62,184.32,184.58,259864.0
15:02,184.13,184.36,183.98,184.36,401667.0
15:03,184.16,184.18,183.98,184.14,318973.0
15:04,184.24,184.28,184.05,184.16,37300171.0
15:05,184.26,184.44,184.15,184.24,1.0
15:06,184.52,184.54,184.24,184.25,258896.0
15:07,184.19,184.75,184.16,184.51,402256.0
15:08,184.2,184.29,184.13,184.2,171465.0
15:09,184.59,184.64,184.18,184.19,250660.0
15:10,184.56,184.8,184.5,184.6,234081.0
15:11,184.57,184.77,184.54,184.55,196599.0
15:12,184.43,184.65,184.43,184.56,148928.0
15:13,184.37,184.48,184.28,184.44,225345.0
15:14,184.35,184.51,184.22,184.37,157491.0
15:15,184.38,184.47,184.25,184.35,210415.0
15:16,184.27,184.36,184.17,184.36,246595.0
15:17,184.35,184.42,184.23,184.28,228795.0
15:18,184.53,184.64,184.36,184.36,326948.0
15:19,184.42,184.65,184.31,184.54,291431.0
15:20,184.55,184.69,184.42,184.42,302080.0
15:21,184.65,184.67,184.46,184.56,228851.0
15:22,184.98,185.04,184.63,184.65,371368.0
15:23,185.16,185.18,184.93,184.96,355983.0
15:24,185.34,185.34,185.01,185.15,344393.0
15:25,185.74,185.76,185.32,185.33,456548.0
15:26,185.61,185.79,185.48,185.74,379586.0
15:27,185.69,185.84,185.6,185.62,414341.0
15:28,185.82,185.88,185.65,185.7,324122.0
15:29,186.01,186.04,185.82,185.82,39728689.0
15:30,185.64,186.05,185.55,186.0,1.0
15:31,185.62,185.79,185.53,185.66,300907.0
15:32,185.93,186.01,185.57,185.62,297768.0
15:33,186.19,186.23,185.89,185.93,369177.0
15:34,186.12,186.26,186.03,186.2,324831.0
15:35,186.21,186.28,185.93,186.11,326932.0
15:36,186.26,186.35,186.11,186.21,390664.0
15:37,186.32,186.49,186.24,186.27,344174.0
15:38,185.97,186.36,185.9,186.31,454198.0
15:39,186.4,186.43,185.99,185.99,304241.0
15:40,185.97,186.4,185.91,186.4,383462.0
15:41,185.96,186.0,185.79,185.99,248191.0
15:42,186.05,186.15,185.81,185.96,212755.0
15:43,186.17,186.24,186.01,186.07,213670.0
15:44,186.13,186.21,185.98,186.18,181856.0
15:45,186.01,186.31,186.0,186.12,214716.0
15:46,185.9,186.01,185.75,186.01,280901.0
15:47,185.69,186.09,185.61,185.92,230799.0
15:48,185.6,185.77,185.53,185.7,304180.0
15:49,185.78,185.8,185.58,185.61,177213.0
15:50,185.85,186.11,185.81,185.81,321587.0
15:51,185.65,185.95,185.63,185.86,217814.0
15:52,185.72,185.83,185.62,185.66,168675.0
15:53,185.51,185.74,185.5,185.74,209526.0
15:54,185.48,185.61,185.45,185.52,185930.0
15:55,185.16,185.48,185.02,185.48,338722.0
15:56,185.33,185.43,185.17,185.17,250747.0
15:57,185.53,185.59,185.28,185.33,204300.0
15:58,185.71,185.79,185.49,185.53,266098.0
15:59,185.63,185.77,185.55,185.7,206951.0
16:00,185.82,185.84,185.54,185.64,237798.0
16:01,185.86,185.94,185.75,185.82,223625.0
16:02,185.58,185.87,185.55,185.86,192748.0
16:03,185.79,185.93,185.5,185.6,249311.0
16:04,185.55,185.77,185.52,185.77,169040.0
16:05,185.57,185.7,185.45,185.56,221744.0
16:06,185.32,185.58,185.3,185.57,257665.0
16:07,185.23,185.4,185.17,185.32,214721.0
16:08,185.79,185.85,185.23,185.23,310563.0
16:09,185.77,185.82,185.68,185.78,164820.0
16:10,185.56,185.81,185.53,185.76,209579.0
16:11,185.85,185.93,185.57,185.57,226045.0
16:12,185.9,185.98,185.78,185.85,216867.0
16:13,185.82,185.95,185.69,185.88,171944.0
16:14,185.85,185.96,185.67,185.82,191670.0
16:15,185.91,185.97,185.81,185.82,213839.0
16:16,185.73,186.02,185.68,185.91,301900.0
16:17,185.32,185.73,185.32,185.73,283932.0
16:18,185.46,185.57,185.22,185.32,281318.0
16:19,185.46,185.56,185.39,185.48,190476.0
16:20,185.27,185.51,185.21,185.46,244818.0
16:21,185.39,185.47,185.22,185.28,196820.0
16:22,185.36,185.48,185.32,185.38,207394.0
16:23,185.43,185.47,185.25,185.38,197602.0
16:24,185.8,185.84,185.44,185.44,311297.0
16:25,185.52,185.84,185.52,185.8,244063.0
16:26,185.36,185.57,185.36,185.53,219728.0
16:27,185.65,185.67,185.3,185.35,283630.0
16:28,185.72,185.74,185.5,185.64,226137.0
16:29,185.95,185.96,185.72,185.72,303006.0
16:30,186.09,186.32,185.93,185.96,472471.0
16:31,186.04,186.16,186.01,186.1,262804.0
16:32,186.31,186.38,186.03,186.03,335615.0
16:33,186.26,186.4,186.12,186.31,310802.0
16:34,186.4,186.48,186.25,186.26,344144.0
16:35,186.72,186.76,186.35,186.4,419887.0
16:36,186.46,186.74,186.39,186.72,359019.0
16:37,186.33,186.61,186.33,186.46,258402.0
16:38,186.82,186.83,186.33,186.33,404640.0
16:39,186.84,186.96,186.66,186.82,351696.0
16:40,186.91,186.97,186.79,186.85,364536.0
16:41,186.82,187.02,186.81,186.91,401348.0
16:42,186.84,186.94,186.68,186.83,331780.0
16:43,186.67,186.94,186.55,186.85,301469.0
16:44,186.83,186.95,186.62,186.68,343886.0
16:45,187.01,187.06,186.77,186.84,375542.0
16:46,187.05,187.08,186.88,187.01,345361.0
16:47,186.98,187.2,186.96,187.05,339361.0
16:48,187.0,187.11,186.94,186.98,292256.0
16:49,186.49,187.03,186.48,187.0,490631.0
16:50,186.71,186.78,186.44,186.48,486792.0
16:51,186.82,186.86,186.63,186.69,343641.0
16:52,186.49,186.82,186.36,186.82,407318.0
16:53,185.98,186.49,185.92,186.49,490219.0
16:54,185.83,186.16,185.72,185.97,566857.0
16:55,186.55,186.64,185.82,185.83,1075467.0
16:56,186.61,186.74,186.48,186.56,558220.0
16:57,186.88,186.9,186.54,186.6,654102.0
16:58,186.8,186.93,186.76,186.83,541846.0
16:59,186.95,186.98,186.64,186.8,1555726.0
