Time,Close,High,Low,Open,Volume
09:30,208.84,208.95,207.63,208.05,6724844.0
09:31,208.84,208.95,207.63,208.05,6724844.0
09:32,208.84,208.95,207.63,208.05,6724844.0
09:33,208.84,208.95,207.63,208.05,6724844.0
09:34,208.84,208.95,207.63,208.05,6724844.0
09:35,208.84,208.95,207.63,208.05,6724844.0
09:36,208.84,208.95,207.63,208.05,6724844.0
09:37,208.84,208.95,207.63,208.05,6724844.0
09:38,208.84,208.95,207.63,208.05,6724844.0
09:39,208.84,208.95,207.63,208.05,6724844.0
09:40,208.84,208.95,207.63,208.05,6724844.0
09:41,208.84,208.95,207.63,208.05,6724844.0
09:42,208.84,208.95,207.63,208.05,6724844.0
09:43,208.84,208.95,207.63,208.05,6724844.0
09:44,208.84,208.95,207.63,208.05,6724844.0
09:45,208.84,208.95,207.63,208.05,6724844.0
09:46,208.84,208.95,207.63,208.05,6724844.0
09:47,208.84,208.95,207.63,208.05,6724844.0
09:48,208.84,208.95,207.63,208.05,6724844.0
09:49,208.84,208.95,207.63,208.05,6724844.0
09:50,208.84,208.95,207.63,208.05,6724844.0
09:51,208.84,208.95,207.63,208.05,6724844.0
09:52,208.84,208.95,207.63,208.05,6724844.0
09:53,208.84,208.95,207.63,208.05,6724844.0
09:54,208.84,208.95,207.63,208.05,6724844.0
09:55,208.84,208.95,207.63,208.05,6724844.0
09:56,208.84,208.95,207.63,208.05,6724844.0
09:57,208.84,208.95,207.63,208.05,6724844.0
09:58,208.84,208.95,207.63,208.05,6724844.0
09:59,208.84,208.95,207.63,208.05,6724844.0
10:00,208.84,208.95,207.63,208.05,6724844.0
10:01,208.84,208.95,207.63,208.05,6724844.0
10:02,208.84,208.95,207.63,208.05,6724844.0
10:03,208.84,208.95,207.63,208.05,6724844.0
10:04,208.84,208.95,207.63,208.05,6724844.0
10:05,208.84,208.95,207.63,208.05,6724844.0
10:06,208.84,208.95,207.63,208.05,6724844.0
10:07,208.84,208.95,207.63,208.05,6724844.0
10:08,208.84,208.95,207.63,208.05,6724844.0
10:09,208.84,208.95,207.63,208.05,6724844.0
10:10,208.84,208.95,207.63,208.05,6724844.0
10:11,208.84,208.95,207.63,208.05,6724844.0
10:12,208.84,208.95,207.63,208.05,6724844.0
10:13,208.84,208.95,207.63,208.05,6724844.0
10:14,208.84,208.95,207.63,208.05,6724844.0
10:15,208.84,208.95,207.63,208.05,6724844.0
10:16,208.84,208.95,207.63,208.05,6724844.0
10:17,208.84,208.95,207.63,208.05,6724844.0
10:18,208.84,208.95,207.63,208.05,6724844.0
10:19,208.84,208.95,207.63,208.05,6724844.0
10:20,208.84,208.95,207.63,208.05,6724844.0
10:21,208.84,208.95,207.63,208.05,6724844.0
10:22,208.84,208.95,207.63,208.05,6724844.0
10:23,208.84,208.95,207.63,208.05,6724844.0
10:24,208.84,208.95,207.63,208.05,6724844.0
10:25,208.84,208.95,207.63,208.05,6724844.0
10:26,208.84,208.95,207.63,208.05,6724844.0
10:27,208.84,208.95,207.63,208.05,6724844.0
10:28,208.84,208.95,207.63,208.05,6724844.0
10:29,208.84,208.95,207.63,208.05,6724844.0
10:30,208.84,208.95,207.63,208.05,6724844.0
10:31,208.93,209.27,208.45,208.85,1496561.0
10:32,208.74,208.99,208.27,208.94,748118.0
10:33,209.31,209.45,208.7,208.73,1091235.0
10:34,208.42,209.34,208.34,209.32,869067.0
10:35,207.53,208.47,207.51,208.45,996320.0
10:36,208.14,208.18,207.28,207.52,777835.0
10:37,207.99,208.31,207.78,208.15,541109.0
10:38,207.77,208.09,207.7,208.01,579466.0
10:39,207.96,208.12,207.72,207.79,547861.0
10:40,208.82,208.83,207.89,207.97,703348.0
10:41,208.54,208.85,208.26,208.82,535559.0
10:42,208.44,208.57,208.26,208.52,372200.0
10:43,208.29,208.5,208.11,208.45,402726.0
10:44,208.13,208.34,207.99,208.29,320879.0
10:45,208.38,208.4,207.96,208.12,399381.0
10:46,208.13,208.37,207.99,208.37,340544.0
10:47,208.15,208.32,207.96,208.12,338403.0
10:48,208.06,208.24,207.93,208.14,301773.0
10:49,207.7,208.07,207.6,208.06,503305.0
10:50,207.41,207.71,207.36,207.68,420283.0
10:51,207.25,207.41,207.1,207.4,401759.0
10:52,207.71,207.72,207.19,207.25,335050.0
10:53,207.97,208.26,207.69,207.71,619585.0
10:54,207.81,208.11,207.7,207.98,247529.0
10:55,207.71,207.89,207.62,207.82,202934.0
10:56,207.98,208.15,207.69,207.72,301387.0
10:57,207.61,207.95,207.49,207.95,359707.0
10:58,207.55,207.68,207.48,207.62,209934.0
10:59,207.64,207.83,207.54,207.57,242062.0
11:00,207.25,207.74,207.1,207.64,507175.0
11:01,207.21,207.36,207.11,207.26,313915.0
11:02,207.4,207.42,207.1,207.21,305705.0
11:03,207.49,207.6,207.28,207.41,225096.0
11:04,207.4,207.58,207.39,207.5,206081.0
11:05,206.91,207.41,206.83,207.39,541104.0
11:06,207.06,207.15,206.85,207.0,450763.0
11:07,207.01,207.04,206.8,206.88,271386.0
11:08,207.55,207.55,207.02,207.02,439392.0
11:09,207.57,207.74,207.47,207.53,342824.0
11:10,207.64,207.7,207.56,207.58,262124.0
11:11,207.84,207.95,207.64,207.65,318435.0
11:12,208.16,208.19,207.83,207.83,430367.0
11:13,208.1,208.39,208.06,208.14,523729.0
11:14,208.07,208.27,208.02,208.09,255090.0
11:15,207.79,208.08,207.76,208.07,306549.0
11:16,207.54,207.83,207.49,207.77,349108.0
11:17,207.96,208.01,207.49,207.54,376915.0
11:18,207.85,208.36,207.8,207.95,471421.0
11:19,207.91,207.96,207.81,207.85,223263.0
11:20,207.66,207.92,207.66,207.9,212888.0
11:21,207.77,208.0,207.63,207.66,269668.0
11:22,207.96,208.0,207.75,207.78,182264.0
11:23,208.41,208.43,207.96,207.96,365341.0
11:24,208.26,208.44,208.18,208.41,304297.0
11:25,207.88,208.24,207.87,208.21,283828.0
11:26,207.72,208.0,207.64,207.89,323112.0
11:27,207.65,207.79,207.57,207.71,371238.0
11:28,207.55,207.68,207.49,207.65,336054.0
11:29,207.79,207.82,207.53,207.56,276055.0
11:30,207.68,207.85,207.59,207.79,254138.0
11:31,207.75,207.89,207.64,207.69,211688.0
11:32,207.66,207.79,207.61,207.75,196324.0
11:33,207.74,207.75,207.52,207.66,263347.0
11:34,207.64,207.85,207.6,207.74,240751.0
11:35,207.71,207.72,207.6,207.62,210616.0
11:36,207.83,207.96,207.63,207.71,292291.0
11:37,207.51,207.9,207.51,207.83,297510.0
11:38,207.6,207.69,207.53,207.53,292900.0
11:39,207.7,207.84,207.52,207.61,337159.0
11:40,208.01,208.04,207.7,207.72,399533.0
11:41,208.15,208.24,207.99,208.01,351387.0
11:42,207.94,208.28,207.91,208.16,255236.0
11:43,208.0,208.11,207.91,207.95,191115.0
11:44,208.05,208.24,207.99,207.99,227850.0
11:45,207.91,208.12,207.9,208.04,187722.0
11:46,207.88,208.02,207.86,207.91,145670.0
11:47,207.65,207.87,207.59,207.86,270965.0
11:48,207.21,207.74,207.21,207.65,393609.0
11:49,207.53,207.54,207.03,207.2,441859.0
11:50,207.63,207.72,207.51,207.52,274127.0
11:51,207.76,207.78,207.53,207.65,163185.0
11:52,207.68,207.75,207.61,207.74,142245.0
11:53,207.86,207.97,207.67,207.67,233505.0
11:54,207.72,207.87,207.7,207.84,151661.0
11:55,207.76,207.86,207.7,207.73,125120.0
11:56,207.83,207.9,207.76,207.79,145930.0
11:57,207.96,207.98,207.73,207.82,175891.0
11:58,208.19,208.21,207.96,207.96,301853.0
11:59,208.08,208.21,208.04,208.19,212581.0
12:00,207.95,208.13,207.86,208.1,189706.0
12:01,207.86,208.0,207.84,207.96,120893.0
12:02,207.85,207.91,207.79,207.88,143979.0
12:03,207.83,207.93,207.79,207.85,137888.0
12:04,207.99,207.99,207.82,207.82,154070.0
12:05,208.05,208.13,207.99,207.99,200362.0
12:06,207.92,208.08,207.86,208.04,143663.0
12:07,207.99,208.1,207.88,207.93,121495.0
12:08,207.94,207.99,207.83,207.99,143345.0
12:09,208.03,208.04,207.84,207.94,126529.0
12:10,208.17,208.28,207.96,208.03,236018.0
12:11,208.35,208.38,208.09,208.14,270544.0
12:12,208.4,208.51,208.28,208.35,512329.0
12:13,208.29,208.41,208.12,208.4,212100.0
12:14,208.43,208.52,208.27,208.29,258891.0
12:15,208.32,208.49,208.2,208.43,249049.0
12:16,208.13,208.34,208.1,208.3,165803.0
12:17,208.25,208.31,208.12,208.13,127258.0
12:18,208.4,208.54,208.23,208.25,200029.0
12:19,208.38,208.47,208.36,208.4,152393.0
12:20,208.17,208.46,208.11,208.37,227727.0
12:21,208.21,208.33,208.11,208.15,171991.0
12:22,208.04,208.23,208.04,208.21,195368.0
12:23,208.1,208.14,207.99,208.04,188237.0
12:24,208.1,208.21,208.05,208.1,126621.0
12:25,207.95,208.13,207.91,208.09,177775.0
12:26,207.82,207.96,207.81,207.95,179019.0
12:27,207.9,207.96,207.73,207.83,253480.0
12:28,207.96,208.0,207.74,207.87,187153.0
12:29,207.91,208.05,207.9,207.96,145019.0
12:30,207.85,207.95,207.7,207.91,209340.0
12:31,207.94,207.97,207.79,207.85,144180.0
12:32,208.04,208.07,207.9,207.95,161452.0
12:33,208.17,208.2,207.97,208.04,149179.0
12:34,208.09,208.19,208.03,208.17,127642.0
12:35,208.08,208.2,208.02,208.09,163582.0
12:36,208.33,208.35,208.08,208.09,202400.0
12:37,208.32,208.34,208.22,208.32,119334.0
12:38,208.34,208.5,208.27,208.3,190788.0
12:39,208.28,208.48,208.28,208.35,160526.0
12:40,208.47,208.51,208.26,208.29,199558.0
12:41,208.28,208.52,208.26,208.48,176621.0
12:42,208.27,208.34,208.24,208.26,123360.0
12:43,208.21,208.32,208.19,208.26,140297.0
12:44,208.1,208.21,208.05,208.21,137100.0
12:45,208.2,208.21,208.08,208.1,155490.0
12:46,208.15,208.23,208.14,208.2,114451.0
12:47,207.96,208.22,207.82,208.14,323756.0
12:48,207.96,208.02,207.88,207.96,225312.0
12:49,207.93,208.0,207.9,207.95,111446.0
12:50,208.07,208.07,207.89,207.94,123641.0
12:51,208.21,208.21,208.04,208.06,147834.0
12:52,208.27,208.32,208.18,208.22,189384.0
12:53,208.3,208.34,208.23,208.27,113241.0
12:54,208.54,208.63,208.28,208.3,285145.0
12:55,208.85,208.89,208.51,208.53,420170.0
12:56,208.93,208.94,208.77,208.85,350299.0
12:57,209.1,209.1,208.85,208.93,556727.0
12:58,209.4,209.51,209.02,209.1,610112.0
12:59,209.18,209.42,209.14,209.41,503118.0
13:00,209.0,209.23,208.91,209.17,449684.0
13:01,208.88,209.07,208.82,209.0,243064.0
13:02,208.96,209.05,208.83,208.86,210832.0
13:03,208.95,208.95,208.84,208.93,139002.0
13:04,208.91,209.0,208.87,208.95,162668.0
13:05,208.86,209.02,208.84,208.9,148791.0
13:06,208.91,208.95,208.77,208.85,215811.0
13:07,208.96,208.98,208.87,208.92,189164.0
13:08,209.09,209.09,208.95,208.96,199694.0
13:09,209.07,209.12,209.03,209.08,179845.0
13:10,209.19,209.22,209.01,209.07,205669.0
13:11,209.03,209.24,209.02,209.18,194569.0
13:12,209.01,209.09,208.93,209.04,140312.0
13:13,209.09,209.13,209.01,209.02,140924.0
13:14,209.14,209.17,209.07,209.09,141357.0
13:15,209.26,209.33,209.13,209.13,246904.0
13:16,209.27,209.32,209.16,209.26,184015.0
13:17,209.21,209.28,209.19,209.26,141964.0
13:18,209.24,209.25,209.1,209.21,173819.0
13:19,209.52,209.53,209.24,209.24,382892.0
13:20,209.57,209.6,209.53,209.53,325568.0
13:21,209.85,209.89,209.56,209.57,444799.0
13:22,209.7,209.88,209.49,209.85,502308.0
13:23,209.54,209.72,209.53,209.71,252814.0
13:24,209.58,209.61,209.5,209.55,229525.0
13:25,209.3,209.64,209.2,209.6,364081.0
13:26,209.27,209.35,209.06,209.31,395436.0
13:27,209.24,209.36,209.24,209.27,208767.0
13:28,209.35,209.49,209.23,209.24,206642.0
13:29,209.42,209.48,209.32,209.35,158892.0
13:30,209.55,209.55,209.39,209.42,185976.0
13:31,209.79,209.79,209.52,209.55,307085.0
13:32,209.98,209.99,209.78,209.79,415151.0
13:33,210.03,210.1,209.93,209.98,1289973.0
13:34,210.14,210.16,210.0,210.02,364008.0
13:35,210.21,210.26,210.15,210.16,404659.0
13:36,210.22,210.26,210.16,210.21,286637.0
13:37,210.27,210.31,210.19,210.22,289637.0
13:38,210.1,210.33,210.09,210.27,719314.0
13:39,210.01,210.12,209.95,210.1,343665.0
13:40,209.87,210.01,209.83,210.01,275139.0
13:41,210.04,210.05,209.82,209.88,278506.0
13:42,210.11,210.15,209.98,210.05,234992.0
13:43,210.13,210.25,210.06,210.12,217825.0
13:44,209.99,210.15,209.98,210.13,228539.0
13:45,209.96,210.04,209.91,210.0,157348.0
13:46,210.01,210.12,209.94,209.97,256998.0
13:47,210.04,210.09,209.99,210.01,158952.0
13:48,209.95,210.07,209.92,210.04,151833.0
13:49,209.89,210.06,209.88,209.95,180555.0
13:50,210.03,210.03,209.86,209.89,153463.0
13:51,210.04,210.22,209.98,210.03,268279.0
13:52,210.02,210.12,209.99,210.04,148193.0
13:53,210.09,210.1,209.94,210.03,160466.0
13:54,210.22,210.23,210.07,210.09,213923.0
13:55,210.4,210.42,210.2,210.21,328143.0
13:56,210.43,210.49,210.36,210.4,268540.0
13:57,210.46,210.53,210.43,210.43,262382.0
13:58,210.49,210.49,210.39,210.47,180067.0
13:59,210.46,210.56,210.41,210.49,294497.0
14:00,210.66,210.68,210.41,210.46,259743.0
14:01,210.71,210.79,210.65,210.66,317979.0
14:02,210.73,210.76,210.61,210.7,221412.0
14:03,210.82,210.84,210.61,210.74,304096.0
14:04,210.99,210.99,210.82,210.82,387183.0
14:05,211.0,211.09,210.97,210.98,594533.0
14:06,211.02,211.1,210.92,211.01,349890.0
14:07,211.05,211.07,210.98,211.01,229805.0
14:08,211.23,211.34,211.03,211.05,511043.0
14:09,211.07,211.25,211.05,211.22,285449.0
14:10,211.07,211.15,210.97,211.07,307304.0
14:11,211.04,211.15,211.0,211.07,233606.0
14:12,211.01,211.07,211.0,211.05,223332.0
14:13,210.98,211.12,210.9,211.03,309998.0
14:14,211.0,211.12,210.9,210.98,274717.0
14:15,211.07,211.08,210.94,211.01,256263.0
14:16,211.01,211.09,210.99,211.07,186190.0
14:17,210.97,211.13,210.94,211.01,239302.0
14:18,210.99,211.07,210.97,210.98,163739.0
14:19,211.02,211.05,210.95,211.0,120377.0
14:20,211.1,211.1,210.96,211.01,204629.0
14:21,211.03,211.15,211.01,211.1,198958.0
14:22,211.07,211.13,210.93,211.02,231076.0
14:23,211.03,211.06,210.93,211.06,260274.0
14:24,211.14,211.2,211.01,211.02,202502.0
14:25,211.04,211.32,210.95,211.14,431283.0
14:26,210.95,211.04,210.9,211.04,345504.0
14:27,211.05,211.05,210.96,210.96,289065.0
14:28,211.06,211.08,210.94,211.05,170002.0
14:29,210.96,211.09,210.95,211.06,180586.0
14:30,210.98,211.04,210.95,210.96,143875.0
14:31,211.01,211.05,210.85,210.98,183411.0
14:32,210.93,211.02,210.9,211.02,164925.0
14:33,210.84,210.95,210.8,210.94,228095.0
14:34,210.57,210.88,210.55,210.85,512213.0
14:35,210.45,210.57,210.43,210.57,285202.0
14:36,210.6,210.67,210.4,210.43,269792.0
14:37,210.52,210.65,210.49,210.6,207983.0
14:38,210.57,210.65,210.48,210.51,262271.0
14:39,210.46,210.57,210.43,210.57,114209.0
14:40,210.48,210.61,210.39,210.46,197710.0
14:41,210.53,210.59,210.36,210.47,193956.0
14:42,210.43,210.6,210.4,210.54,209878.0
14:43,210.37,210.44,210.36,210.43,126911.0
14:44,210.24,210.39,210.24,210.37,202925.0
14:45,210.17,210.27,210.14,210.25,222601.0
14:46,210.15,210.19,210.1,210.16,165144.0
14:47,210.1,210.16,210.02,210.15,241195.0
14:48,210.04,210.12,209.99,210.1,213435.0
14:49,210.04,210.09,209.95,210.04,292570.0
14:50,210.0,210.04,209.87,210.04,236867.0
14:51,209.71,210.0,209.7,210.0,291717.0
14:52,209.62,209.73,209.58,209.71,342917.0
14:53,209.5,209.63,209.49,209.61,460171.0
14:54,209.62,209.65,209.33,209.49,502786.0
14:55,209.51,209.64,209.42,209.61,293125.0
14:56,209.6,209.65,209.51,209.51,189717.0
14:57,209.67,209.74,209.58,209.61,283150.0
14:58,209.63,209.7,209.6,209.68,160653.0
14:59,209.42,209.63,209.41,209.63,248524.0
15:00,209.36,209.55,209.27,209.4,302520.0
15:01,209.29,209.38,209.26,209.35,215229.0
15:02,209.22,209.29,209.12,209.29,319585.0
15:03,209.19,209.23,209.11,209.21,166519.0
15:04,208.66,209.23,208.35,209.2,952526.0
15:05,208.8,209.03,208.63,208.67,625259.0
15:06,208.9,209.04,208.81,208.81,432802.0
15:07,208.86,208.97,208.77,208.89,241007.0
15:08,208.8,208.96,208.76,208.85,223325.0
15:09,208.76,208.86,208.62,208.8,363763.0
15:10,208.71,208.96,208.71,208.74,221417.0
15:11,208.91,208.91,208.68,208.72,200197.0
15:12,208.86,209.03,208.72,208.9,265145.0
15:13,209.04,209.15,208.82,208.86,285013.0
15:14,208.88,209.1,208.88,209.04,276745.0
15:15,208.82,208.9,208.79,208.88,175850.0
15:16,208.76,208.84,208.62,208.81,294238.0
15:17,208.31,208.77,208.26,208.75,434233.0
15:18,208.2,208.31,208.12,208.29,374018.0
15:19,208.21,208.29,208.16,208.17,197526.0
15:20,207.96,208.31,207.95,208.21,422943.0
15:21,208.04,208.11,207.85,207.98,491474.0
15:22,208.09,208.18,207.95,208.04,275966.0
15:23,208.02,208.13,207.95,208.09,216393.0
15:24,207.98,208.13,207.97,208.01,279398.0
15:25,207.82,207.99,207.65,207.99,457217.0
15:26,207.87,207.96,207.79,207.81,182722.0
15:27,207.71,207.87,207.71,207.87,250809.0
15:28,207.76,207.77,207.5,207.72,371400.0
15:29,207.71,207.93,207.66,207.77,276018.0
15:30,208.02,208.06,207.66,207.69,432757.0
15:31,207.76,208.14,207.67,208.03,371683.0
15:32,207.38,207.76,207.34,207.76,538583.0
15:33,207.37,207.51,207.29,207.38,334965.0
15:34,207.56,207.6,207.28,207.37,323531.0
15:35,207.58,207.76,207.46,207.56,366848.0
15:36,207.68,207.76,207.51,207.58,241618.0
15:37,207.53,207.74,207.46,207.68,251834.0
15:38,207.59,207.75,207.53,207.54,228528.0
15:39,207.4,207.59,207.4,207.59,231163.0
15:40,207.33,207.57,207.28,207.42,394396.0
15:41,207.24,207.5,207.2,207.34,242901.0
15:42,207.15,207.98,206.92,207.25,724315.0
15:43,207.31,207.4,207.13,207.15,324163.0
15:44,207.48,207.48,207.28,207.3,302296.0
15:45,207.79,207.84,207.48,207.48,397195.0
15:46,207.72,207.94,207.72,207.79,356357.0
15:47,207.64,207.82,207.56,207.73,226736.0
15:48,207.49,207.68,207.42,207.63,194222.0
15:49,207.5,207.58,207.47,207.48,133370.0
15:50,207.82,207.88,207.49,207.51,355124.0
15:51,208.06,208.08,207.79,207.81,315887.0
15:52,207.91,208.07,207.9,208.05,283462.0
15:53,207.95,207.95,207.86,207.91,147971.0
15:54,208.04,208.09,207.91,207.94,291885.0
15:55,208.29,208.29,207.96,208.04,545575.0
15:56,208.28,208.34,208.21,208.28,463004.0
15:57,208.23,208.29,208.14,208.28,284432.0
15:58,208.28,208.38,208.21,208.23,277633.0
15:59,208.24,208.3,208.2,208.27,157004.0
16:00,208.39,208.43,208.24,208.26,194628.0
16:01,208.29,208.41,208.27,208.4,188894.0
16:02,208.27,208.32,208.19,208.27,180479.0
16:03,208.16,208.29,208.15,208.27,160169.0
16:04,208.13,208.21,208.11,208.17,129940.0
16:05,208.18,208.23,208.09,208.11,170294.0
16:06,208.05,208.2,208.0,208.19,196286.0
16:07,207.98,208.06,207.92,208.05,200048.0
16:08,208.04,208.06,207.97,207.98,124686.0
16:09,207.98,208.07,207.94,208.04,158430.0
16:10,207.82,207.98,207.81,207.98,200294.0
16:11,207.76,207.88,207.72,207.83,170047.0
16:12,207.56,207.79,207.28,207.76,281084.0
16:13,207.71,207.74,207.53,207.57,219337.0
16:14,207.55,207.7,207.53,207.69,157778.0
16:15,207.48,207.67,207.47,207.56,264761.0
16:16,207.75,207.75,207.48,207.48,168435.0
16:17,207.57,207.79,207.56,207.74,171307.0
16:18,207.6,207.69,207.56,207.58,122855.0
16:19,207.57,207.71,207.54,207.61,113629.0
16:20,207.63,207.69,207.51,207.58,122399.0
16:21,207.73,207.78,207.62,207.62,174225.0
16:22,207.44,207.79,207.41,207.74,287702.0
16:23,207.27,207.44,207.27,207.44,238238.0
16:24,207.11,207.27,207.11,207.27,232240.0
16:25,207.21,207.22,207.0,207.12,299234.0
16:26,207.02,207.21,206.96,207.21,242296.0
16:27,206.96,207.08,206.92,207.02,194935.0
16:28,206.92,206.97,206.83,206.95,225301.0
16:29,207.07,207.13,206.9,206.91,215287.0
16:30,206.99,207.09,206.88,207.08,263410.0
16:31,207.09,207.12,206.9,206.99,196922.0
16:32,206.88,207.14,206.82,207.09,265296.0
16:33,206.82,206.94,206.8,206.88,174269.0
16:34,206.67,206.94,206.62,206.8,335120.0
16:35,206.45,206.66,206.39,206.66,493993.0
16:36,206.57,206.58,206.33,206.45,241136.0
16:37,206.49,206.63,206.47,206.57,169204.0
16:38,206.69,206.7,206.47,206.48,235033.0
16:39,206.94,206.94,206.69,206.7,293508.0
16:40,207.11,207.17,206.91,206.94,364447.0
16:41,207.07,207.17,207.02,207.1,252409.0
16:42,207.06,207.09,206.97,207.07,196924.0
16:43,207.08,207.15,207.0,207.06,174757.0
16:44,207.27,207.28,207.05,207.09,210254.0
16:45,207.16,207.32,207.13,207.28,245854.0
16:46,207.19,207.21,207.1,207.16,169776.0
16:47,207.1,207.24,207.07,207.18,220594.0
16:48,206.82,207.12,206.82,207.09,278427.0
16:49,207.01,207.02,206.77,206.81,217183.0
16:50,206.83,207.06,206.66,207.02,320353.0
16:51,207.04,207.05,206.78,206.81,341584.0
16:52,207.04,207.3,207.0,207.04,367907.0
16:53,207.17,207.2,207.0,207.04,226750.0
16:54,207.17,207.39,207.14,207.18,490252.0
16:55,207.12,207.16,206.9,207.16,401470.0
16:56,207.07,207.15,207.0,207.11,364461.0
16:57,206.71,207.09,206.68,207.07,647952.0
16:58,206.72,206.75,206.5,206.71,664171.0
16:59,207.02,207.02,206.71,206.74,1497059.0
