Time,Close,High,Low,Open,Volume
09:30,189.1,189.56,189.01,189.18,4529244.0
09:31,189.73,189.84,188.98,189.12,1016544.0
09:32,189.6,189.92,189.46,189.73,630512.0
09:33,189.89,190.04,189.59,189.61,1230263.0
09:34,189.99,190.11,189.67,189.89,656661.0
09:35,190.04,190.12,189.93,190.01,175543.0
09:36,189.93,190.02,189.81,189.99,977726.0
09:37,190.15,190.25,189.92,189.94,660283.0
09:38,190.24,190.28,190.11,190.15,541323.0
09:39,190.3,190.31,190.07,190.27,632121.0
09:40,190.1,190.36,190.07,190.31,634989.0
09:41,189.55,190.13,189.38,190.11,944900.0
09:42,189.59,189.68,189.48,189.55,478333.0
09:43,189.61,189.78,189.52,189.58,486703.0
09:44,189.52,189.68,189.49,189.61,421361.0
09:45,189.53,189.65,189.43,189.5,20.0
09:46,189.68,189.74,189.48,189.58,4704764.0
09:47,189.59,189.76,189.56,189.68,393224.0
09:48,189.4,189.75,189.29,189.6,571024.0
09:49,189.35,189.48,189.34,189.38,369177.0
09:50,189.21,189.43,189.13,189.35,494850.0
09:51,189.32,189.37,189.18,189.21,393749.0
09:52,189.52,189.55,189.31,189.31,364905.0
09:53,189.43,189.53,189.38,189.52,292309.0
09:54,189.13,189.45,189.09,189.45,468305.0
09:55,189.06,189.3,189.03,189.12,440382.0
09:56,189.09,189.24,189.01,189.05,414700.0
09:57,189.22,189.23,189.01,189.1,311449.0
09:58,188.8,189.23,188.76,189.22,742813.0
09:59,188.9,188.98,188.81,188.82,384858.0
10:00,188.46,188.93,188.33,188.91,1023108.0
10:01,188.51,188.57,188.37,188.46,549662.0
10:02,188.65,188.72,188.47,188.51,439862.0
10:03,188.58,188.75,188.56,188.64,373176.0
10:04,188.88,188.89,188.57,188.57,347951.0
10:05,188.86,188.97,188.78,188.88,383049.0
10:06,188.97,189.05,188.83,188.88,436365.0
10:07,189.2,189.22,188.97,188.97,379731.0
10:08,189.07,189.23,189.02,189.2,319370.0
10:09,189.04,189.1,188.79,189.06,564174.0
10:10,189.07,189.16,188.98,189.06,309717.0
10:11,189.09,189.12,188.93,189.09,244479.0
10:12,189.06,189.14,188.96,189.09,253925.0
10:13,189.09,189.19,189.04,189.05,301091.0
10:14,189.05,189.18,188.98,189.09,289121.0
10:15,189.07,189.18,189.02,189.04,294850.0
10:16,189.25,189.38,189.1,189.1,458449.0
10:17,189.35,189.38,189.1,189.27,310264.0
10:18,189.26,189.36,189.21,189.35,232441.0
10:19,189.09,189.28,189.05,189.26,252795.0
10:20,189.11,189.2,189.02,189.09,267165.0
10:21,188.84,189.12,188.78,189.1,434923.0
10:22,188.76,188.85,188.69,188.84,370654.0
10:23,188.42,188.79,188.41,188.75,531695.0
10:24,188.62,188.66,188.38,188.41,374087.0
10:25,188.73,188.74,188.6,188.6,345623.0
10:26,188.95,189.0,188.71,188.73,415132.0
10:27,188.82,188.99,188.8,188.95,308728.0
10:28,188.73,188.85,188.72,188.82,233124.0
10:29,188.94,188.96,188.7,188.73,253395.0
10:30,188.75,188.95,188.72,188.95,258890.0
10:31,188.72,188.82,188.64,188.75,264024.0
10:32,188.41,188.72,188.41,188.72,356355.0
10:33,188.56,188.57,188.37,188.42,363199.0
10:34,188.76,188.77,188.54,188.55,295398.0
10:35,188.65,188.78,188.54,188.77,270534.0
10:36,188.69,188.74,188.6,188.65,215215.0
10:37,188.87,189.02,188.67,188.69,294833.0
10:38,188.99,189.02,188.85,188.87,319800.0
10:39,189.0,189.08,188.95,188.98,302586.0
10:40,189.26,189.33,188.97,188.99,443327.0
10:41,189.23,189.33,189.22,189.27,319237.0
10:42,189.22,189.28,189.17,189.24,263275.0
10:43,189.19,189.3,189.12,189.24,267097.0
10:44,189.2,189.27,189.14,189.2,191152.0
10:45,189.31,189.33,189.15,189.2,266971.0
10:46,189.22,189.36,189.17,189.31,257290.0
10:47,189.25,189.3,189.18,189.24,158271.0
10:48,189.24,189.3,189.14,189.24,290457.0
10:49,189.18,189.24,189.11,189.24,147258.0
10:50,189.1,189.2,189.03,189.16,236875.0
10:51,189.07,189.17,189.04,189.1,188828.0
10:52,189.32,189.36,189.04,189.07,298213.0
10:53,189.37,189.44,189.31,189.33,379563.0
10:54,189.4,189.41,189.31,189.37,194233.0
10:55,189.57,189.57,189.32,189.39,470577.0
10:56,189.45,189.57,189.41,189.57,281615.0
10:57,189.35,189.47,189.3,189.43,203509.0
10:58,189.25,189.38,189.22,189.35,188375.0
10:59,189.34,189.35,189.24,189.24,179600.0
11:00,189.3,189.46,189.24,189.33,334530.0
11:01,189.39,189.46,189.27,189.3,206065.0
11:02,189.27,189.47,189.26,189.4,177577.0
11:03,189.29,189.36,189.23,189.26,138084.0
11:04,189.22,189.34,189.19,189.3,174634.0
11:05,189.29,189.29,189.08,189.23,219196.0
11:06,189.3,189.3,189.14,189.29,173121.0
11:07,189.23,189.3,189.2,189.29,113438.0
11:08,189.04,189.26,189.02,189.23,237573.0
11:09,189.04,189.08,188.93,189.04,329648.0
11:10,188.92,189.04,188.89,189.03,193233.0
11:11,189.11,189.12,188.93,188.93,188336.0
11:12,189.1,189.13,189.02,189.11,174939.0
11:13,189.26,189.27,189.09,189.1,221699.0
11:14,189.3,189.32,189.16,189.27,213311.0
11:15,189.39,189.46,189.26,189.3,300378.0
11:16,189.46,189.47,189.37,189.4,236103.0
11:17,189.48,189.5,189.39,189.46,348384.0
11:18,189.41,189.51,189.37,189.48,267751.0
11:19,189.49,189.52,189.41,189.42,169194.0
11:20,189.42,189.51,189.35,189.49,229520.0
11:21,189.47,189.49,189.38,189.42,153735.0
11:22,189.45,189.52,189.44,189.47,237661.0
11:23,189.46,189.5,189.4,189.44,196758.0
11:24,189.49,189.5,189.43,189.46,192850.0
11:25,189.41,189.49,189.38,189.49,227403.0
11:26,189.4,189.8,189.34,189.4,801036.0
11:27,189.51,189.6,189.37,189.4,337993.0
11:28,189.45,189.54,189.38,189.5,244544.0
11:29,189.47,189.5,189.38,189.45,173477.0
11:30,189.33,189.55,189.33,189.47,228045.0
11:31,189.36,189.42,189.31,189.34,170449.0
11:32,189.35,189.38,189.24,189.35,207824.0
11:33,189.2,189.35,189.17,189.35,186939.0
11:34,189.26,189.27,189.15,189.2,116376.0
11:35,189.33,189.33,189.23,189.26,178336.0
11:36,189.26,189.38,189.24,189.33,219436.0
11:37,189.22,189.29,189.1,189.25,275820.0
11:38,189.16,189.22,189.06,189.22,195890.0
11:39,189.09,189.2,189.08,189.16,121863.0
11:40,188.99,189.11,188.96,189.08,351788.0
11:41,189.04,189.08,188.92,188.99,217847.0
11:42,188.98,189.09,188.96,189.05,222196.0
11:43,189.02,189.08,188.96,188.99,136617.0
11:44,188.98,189.04,188.94,189.02,163429.0
11:45,188.9,188.96,188.8,188.96,251794.0
11:46,188.95,188.98,188.82,188.9,192015.0
11:47,188.9,188.95,188.81,188.94,225333.0
11:48,188.97,188.97,188.87,188.9,193485.0
11:49,188.86,189.02,188.86,188.97,220522.0
11:50,188.9,188.95,188.86,188.87,194381.0
11:51,188.79,188.95,188.73,188.9,332261.0
11:52,188.78,188.86,188.74,188.79,262252.0
11:53,188.84,188.85,188.75,188.77,237154.0
11:54,188.79,188.84,188.72,188.83,238058.0
11:55,188.82,188.84,188.75,188.79,203916.0
11:56,188.94,188.99,188.79,188.82,339940.0
11:57,189.03,189.04,188.95,188.95,312691.0
11:58,188.97,189.05,188.96,189.03,170463.0
11:59,189.01,189.01,188.9,188.97,122586.0
12:00,188.91,188.98,188.88,188.98,119015.0
12:01,188.93,188.94,188.84,188.93,164261.0
12:02,188.9,188.94,188.87,188.93,126690.0
12:03,188.94,188.98,188.79,188.88,236693.0
12:04,188.94,189.0,188.9,188.95,134658.0
12:05,188.85,188.96,188.8,188.94,260067.0
12:06,188.82,188.88,188.8,188.86,186133.0
12:07,188.71,188.87,188.71,188.82,324623.0
12:08,188.74,188.74,188.63,188.71,301842.0
12:09,188.62,188.78,188.6,188.73,204506.0
12:10,188.6,188.64,188.56,188.62,237351.0
12:11,188.54,188.64,188.51,188.6,224297.0
12:12,188.62,188.63,188.48,188.54,414584.0
12:13,188.6,188.65,188.54,188.63,185485.0
12:14,188.57,188.67,188.54,188.6,177970.0
12:15,188.6,188.68,188.53,188.58,327937.0
12:16,188.65,188.67,188.57,188.61,210140.0
12:17,188.52,188.67,188.48,188.65,233519.0
12:18,188.55,188.58,188.48,188.52,166885.0
12:19,188.76,188.77,188.55,188.55,181040.0
12:20,188.63,188.77,188.6,188.76,197921.0
12:21,188.6,188.67,188.49,188.63,254035.0
12:22,188.5,188.6,188.48,188.6,145412.0
12:23,188.54,188.57,188.49,188.51,161856.0
12:24,188.59,188.61,188.49,188.54,131424.0
12:25,188.51,188.61,188.51,188.58,179923.0
12:26,188.43,188.55,188.42,188.52,237970.0
12:27,188.54,188.58,188.43,188.44,234587.0
12:28,188.64,188.66,188.53,188.54,142399.0
12:29,188.7,188.73,188.62,188.64,142383.0
12:30,188.61,188.7,188.6,188.7,129720.0
12:31,188.56,188.63,188.51,188.61,165909.0
12:32,188.52,188.62,188.51,188.56,106803.0
12:33,188.48,188.56,188.46,188.52,182169.0
12:34,188.48,188.51,188.45,188.48,110487.0
12:35,188.4,188.5,188.37,188.49,230080.0
12:36,188.21,188.42,188.18,188.4,454370.0
12:37,188.18,188.23,188.16,188.21,299703.0
12:38,188.12,188.19,188.1,188.17,196575.0
12:39,188.02,188.15,188.01,188.12,271142.0
12:40,187.87,188.1,187.82,188.02,696457.0
12:41,187.71,187.95,187.65,187.87,527295.0
12:42,187.85,187.87,187.68,187.71,394871.0
12:43,187.77,187.91,187.75,187.86,262894.0
12:44,187.65,187.81,187.6,187.78,365176.0
12:45,187.88,187.89,187.65,187.65,387180.0
12:46,187.9,187.95,187.8,187.88,316391.0
12:47,187.77,187.91,187.75,187.9,241275.0
12:48,187.79,187.86,187.72,187.77,258380.0
12:49,187.86,187.9,187.79,187.79,183267.0
12:50,187.63,187.93,187.62,187.86,312419.0
12:51,187.84,187.89,187.6,187.63,276746.0
12:52,187.88,187.99,187.83,187.84,316928.0
12:53,187.96,187.97,187.82,187.88,210990.0
12:54,187.98,188.03,187.91,187.95,220822.0
12:55,188.01,188.06,187.95,187.97,187184.0
12:56,187.92,188.01,187.8,188.01,257231.0
12:57,187.9,187.98,187.89,187.93,169156.0
12:58,187.96,187.98,187.88,187.89,132570.0
12:59,187.98,188.06,187.94,187.96,213241.0
13:00,187.57,187.98,187.57,187.98,337795.0
13:01,187.5,187.62,187.45,187.57,547669.0
13:02,187.29,187.56,187.25,187.5,413196.0
13:03,187.27,187.34,187.14,187.29,525790.0
13:04,187.43,187.44,187.13,187.27,421939.0
13:05,187.1,187.48,187.02,187.42,464445.0
13:06,187.2,187.24,187.05,187.08,350916.0
13:07,187.51,187.59,187.17,187.2,476474.0
13:08,187.68,187.68,187.48,187.52,242805.0
13:09,187.77,187.78,187.54,187.68,282822.0
13:10,187.7,187.78,187.58,187.75,288969.0
13:11,187.74,187.83,187.66,187.7,215397.0
13:12,187.88,187.9,187.71,187.74,216956.0
13:13,187.79,187.93,187.71,187.88,223358.0
13:14,187.68,187.85,187.65,187.8,207286.0
13:15,187.58,187.71,187.55,187.69,209947.0
13:16,187.68,187.76,187.57,187.58,132926.0
13:17,187.61,187.74,187.59,187.65,141590.0
13:18,187.45,187.69,187.39,187.61,240637.0
13:19,187.35,187.48,187.34,187.45,173093.0
13:20,187.32,187.41,187.25,187.35,267940.0
13:21,187.21,187.36,187.05,187.32,329427.0
13:22,187.33,187.4,187.13,187.21,247886.0
13:23,187.36,187.42,187.29,187.33,160218.0
13:24,187.15,187.38,187.12,187.37,152795.0
13:25,187.09,187.23,186.95,187.16,513507.0
13:26,187.15,187.15,187.01,187.1,204648.0
13:27,187.22,187.25,187.14,187.16,200904.0
13:28,187.28,187.29,187.08,187.2,233119.0
13:29,187.18,187.29,187.17,187.28,164903.0
13:30,187.15,187.19,187.02,187.16,243840.0
13:31,187.26,187.32,187.15,187.16,203097.0
13:32,187.46,187.47,187.25,187.26,210811.0
13:33,187.4,187.52,187.37,187.45,246734.0
13:34,187.29,187.45,187.26,187.4,170436.0
13:35,187.26,187.35,187.2,187.29,181330.0
13:36,187.23,187.35,187.21,187.27,174890.0
13:37,187.21,187.29,187.14,187.24,213961.0
13:38,187.27,187.29,187.18,187.21,128610.0
13:39,187.23,187.3,187.19,187.28,116565.0
13:40,187.12,187.24,187.06,187.23,276455.0
13:41,186.8,187.14,186.78,187.12,495944.0
13:42,186.77,186.86,186.72,186.8,300043.0
13:43,186.85,186.94,186.62,186.78,507316.0
13:44,186.65,186.92,186.62,186.86,348123.0
13:45,186.63,186.7,186.47,186.65,590480.0
13:46,186.24,186.71,186.19,186.64,557166.0
13:47,186.4,186.4,186.18,186.25,413183.0
13:48,186.42,186.47,186.3,186.41,219326.0
13:49,186.26,186.5,186.17,186.42,391708.0
13:50,186.06,186.29,185.96,186.26,762949.0
13:51,185.86,186.11,185.76,186.06,485747.0
13:52,185.97,186.06,185.84,185.85,395787.0
13:53,185.71,185.96,185.42,185.96,876556.0
13:54,185.43,185.74,185.39,185.7,574561.0
13:55,186.09,186.2,185.38,185.42,693859.0
13:56,186.22,186.29,186.01,186.1,448576.0
13:57,186.19,186.38,186.17,186.25,407089.0
13:58,186.32,186.42,186.15,186.19,369814.0
13:59,186.4,186.49,186.31,186.31,344775.0
14:00,186.13,186.47,186.09,186.41,321129.0
14:01,186.39,186.42,186.1,186.12,320049.0
14:02,186.45,186.55,186.3,186.4,340904.0
14:03,186.36,186.45,186.21,186.45,323973.0
14:04,186.11,186.38,186.09,186.37,258783.0
14:05,186.06,186.29,186.03,186.09,302138.0
14:06,185.91,186.07,185.77,186.04,548619.0
14:07,185.82,186.01,185.76,185.91,401195.0
14:08,185.89,185.98,185.68,185.84,344839.0
14:09,186.1,186.19,185.88,185.88,302741.0
14:10,186.62,186.65,186.07,186.09,629786.0
14:11,186.74,186.79,186.59,186.62,466559.0
14:12,186.76,186.8,186.69,186.75,337437.0
14:13,186.79,186.91,186.71,186.74,350240.0
14:14,186.84,186.89,186.71,186.79,329002.0
14:15,186.89,186.95,186.81,186.84,287944.0
14:16,186.87,186.95,186.81,186.89,191707.0
14:17,186.92,186.99,186.85,186.85,224033.0
14:18,186.98,187.02,186.87,186.92,528998.0
14:19,187.1,187.15,186.99,186.99,238935.0
14:20,186.93,187.16,186.89,187.1,321725.0
14:21,186.99,187.05,186.93,186.93,189308.0
14:22,187.06,187.08,186.95,186.99,200185.0
14:23,187.07,187.1,187.0,187.07,246487.0
14:24,187.16,187.2,187.03,187.06,183122.0
14:25,187.19,187.23,187.1,187.16,200554.0
14:26,187.35,187.37,187.15,187.2,303790.0
14:27,187.41,187.44,187.29,187.36,296112.0
14:28,187.38,187.47,187.38,187.41,212711.0
14:29,187.48,187.52,187.37,187.38,214254.0
14:30,187.42,187.51,187.38,187.48,211321.0
14:31,187.35,187.43,187.33,187.43,191003.0
14:32,187.14,187.35,187.13,187.35,629355.0
14:33,187.23,187.26,187.03,187.15,297481.0
14:34,187.45,187.46,187.16,187.24,205478.0
14:35,187.33,187.49,187.28,187.45,186432.0
14:36,187.35,187.39,187.29,187.32,826160.0
14:37,187.44,187.44,187.27,187.35,94604.0
14:38,187.38,187.5,187.35,187.44,127471.0
14:39,187.3,187.4,187.28,187.38,118689.0
14:40,187.39,187.46,187.19,187.3,188204.0
14:41,187.33,187.47,187.32,187.4,181300.0
14:42,187.43,187.43,187.28,187.32,122239.0
14:43,187.43,187.51,187.39,187.43,236099.0
14:44,187.5,187.51,187.43,187.43,149055.0
14:45,187.37,187.52,187.37,187.49,158650.0
14:46,187.41,187.46,187.37,187.38,103171.0
14:47,187.52,187.53,187.4,187.43,131000.0
14:48,187.4,187.56,187.4,187.52,227478.0
14:49,187.26,187.48,187.23,187.4,227304.0
14:50,187.27,187.35,187.21,187.26,145010.0
14:51,187.33,187.4,187.27,187.3,128171.0
14:52,187.26,187.33,187.18,187.32,201451.0
14:53,187.21,187.34,187.2,187.26,112673.0
14:54,187.34,187.37,187.21,187.21,88036.0
14:55,187.46,187.49,187.32,187.34,166414.0
14:56,187.52,187.54,187.46,187.46,178006.0
14:57,187.65,187.69,187.52,187.52,369251.0
14:58,187.7,187.74,187.62,187.65,302253.0
14:59,187.66,187.7,187.56,187.69,217894.0
15:00,187.54,187.67,187.52,187.65,211650.0
15:01,187.48,187.62,187.48,187.54,190329.0
15:02,187.43,187.54,187.42,187.49,169779.0
15:03,187.47,187.54,187.42,187.43,126138.0
15:04,187.5,187.57,187.46,187.46,171149.0
15:05,187.58,187.63,187.44,187.5,141466.0
15:06,187.54,187.63,187.49,187.59,168695.0
15:07,187.64,187.65,187.52,187.55,154352.0
15:08,187.56,187.69,187.55,187.65,383973.0
15:09,187.59,187.6,187.52,187.56,110928.0
15:10,187.65,187.66,187.55,187.58,140021.0
15:11,187.72,187.73,187.59,187.65,205494.0
15:12,187.6,187.74,187.57,187.73,210155.0
15:13,187.52,187.59,187.48,187.59,170356.0
15:14,187.51,187.57,187.5,187.52,121308.0
15:15,187.4,187.59,187.4,187.52,210331.0
15:16,187.3,187.45,187.3,187.41,276788.0
15:17,187.28,187.37,187.27,187.31,215527.0
15:18,187.26,187.3,187.25,187.28,168427.0
15:19,187.37,187.4,187.27,187.27,182392.0
15:20,187.24,187.4,187.18,187.37,255684.0
15:21,187.21,187.31,187.17,187.25,200409.0
15:22,187.27,187.34,187.21,187.21,163303.0
15:23,187.17,187.26,187.1,187.26,183346.0
15:24,187.21,187.23,187.12,187.16,115069.0
15:25,187.38,187.38,187.2,187.21,171907.0
15:26,187.35,187.42,187.32,187.38,181601.0
15:27,187.32,187.37,187.3,187.36,119026.0
15:28,187.37,187.42,187.32,187.32,151408.0
15:29,187.32,187.4,187.32,187.36,135260.0
15:30,187.35,187.37,187.23,187.32,246358.0
15:31,187.32,187.35,187.24,187.34,204463.0
15:32,187.49,187.55,187.29,187.32,359703.0
15:33,187.67,187.74,187.48,187.49,411126.0
15:34,187.7,187.79,187.66,187.66,349728.0
15:35,187.67,187.69,187.53,187.69,237307.0
15:36,187.71,187.74,187.63,187.68,274999.0
15:37,187.72,187.82,187.7,187.71,272306.0
15:38,187.7,187.74,187.59,187.71,218147.0
15:39,187.62,187.69,187.55,187.69,214202.0
15:40,187.57,187.73,187.54,187.62,315831.0
15:41,187.71,187.75,187.53,187.56,296350.0
15:42,187.64,187.71,187.61,187.71,183329.0
15:43,187.68,187.73,187.61,187.63,212486.0
15:44,187.65,187.68,187.6,187.68,191861.0
15:45,187.7,187.72,187.6,187.64,168906.0
15:46,187.66,187.79,187.64,187.7,295339.0
15:47,187.78,187.78,187.61,187.67,207715.0
15:48,187.69,187.79,187.67,187.77,197838.0
15:49,187.77,187.78,187.69,187.69,225603.0
15:50,187.61,187.76,187.55,187.76,411183.0
15:51,187.81,187.82,187.6,187.6,450232.0
15:52,187.74,187.85,187.71,187.81,371091.0
15:53,187.76,187.9,187.72,187.73,434828.0
15:54,187.95,188.0,187.74,187.76,488618.0
15:55,187.68,187.97,187.66,187.95,540045.0
15:56,187.59,187.74,187.55,187.66,513208.0
15:57,187.53,187.59,187.45,187.58,531809.0
15:58,187.43,187.61,187.42,187.52,827880.0
15:59,187.62,187.65,186.23,187.44,1836368.0
