Time,Close,High,Low,Open,Volume
09:30,173.86,175.0,173.69,174.91,14086767.0
09:31,173.86,175.0,173.69,174.91,14086767.0
09:32,173.86,175.0,173.69,174.91,14086767.0
09:33,173.86,175.0,173.69,174.91,14086767.0
09:34,173.86,175.0,173.69,174.91,14086767.0
09:35,173.86,175.0,173.69,174.91,14086767.0
09:36,173.86,175.0,173.69,174.91,14086767.0
09:37,173.86,175.0,173.69,174.91,14086767.0
09:38,173.86,175.0,173.69,174.91,14086767.0
09:39,173.86,175.0,173.69,174.91,14086767.0
09:40,173.86,175.0,173.69,174.91,14086767.0
09:41,173.86,175.0,173.69,174.91,14086767.0
09:42,173.86,175.0,173.69,174.91,14086767.0
09:43,173.86,175.0,173.69,174.91,14086767.0
09:44,173.86,175.0,173.69,174.91,14086767.0
09:45,173.86,175.0,173.69,174.91,14086767.0
09:46,173.86,175.0,173.69,174.91,14086767.0
09:47,173.86,175.0,173.69,174.91,14086767.0
09:48,173.86,175.0,173.69,174.91,14086767.0
09:49,173.86,175.0,173.69,174.91,14086767.0
09:50,173.86,175.0,173.69,174.91,14086767.0
09:51,173.86,175.0,173.69,174.91,14086767.0
09:52,173.86,175.0,173.69,174.91,14086767.0
09:53,173.86,175.0,173.69,174.91,14086767.0
09:54,173.86,175.0,173.69,174.91,14086767.0
09:55,173.86,175.0,173.69,174.91,14086767.0
09:56,173.86,175.0,173.69,174.91,14086767.0
09:57,173.86,175.0,173.69,174.91,14086767.0
09:58,173.86,175.0,173.69,174.91,14086767.0
09:59,173.86,175.0,173.69,174.91,14086767.0
10:00,173.86,175.0,173.69,174.91,14086767.0
10:01,173.86,175.0,173.69,174.91,14086767.0
10:02,173.86,175.0,173.69,174.91,14086767.0
10:03,173.86,175.0,173.69,174.91,14086767.0
10:04,173.86,175.0,173.69,174.91,14086767.0
10:05,173.86,175.0,173.69,174.91,14086767.0
10:06,173.86,175.0,173.69,174.91,14086767.0
10:07,173.86,175.0,173.69,174.91,14086767.0
10:08,173.86,175.0,173.69,174.91,14086767.0
10:09,173.86,175.0,173.69,174.91,14086767.0
10:10,173.86,175.0,173.69,174.91,14086767.0
10:11,173.86,175.0,173.69,174.91,14086767.0
10:12,173.86,175.0,173.69,174.91,14086767.0
10:13,173.86,175.0,173.69,174.91,14086767.0
10:14,173.86,175.0,173.69,174.91,14086767.0
10:15,173.86,175.0,173.69,174.91,14086767.0
10:16,173.86,175.0,173.69,174.91,14086767.0
10:17,173.86,175.0,173.69,174.91,14086767.0
10:18,173.86,175.0,173.69,174.91,14086767.0
10:19,173.86,175.0,173.69,174.91,14086767.0
10:20,173.86,175.0,173.69,174.91,14086767.0
10:21,173.86,175.0,173.69,174.91,14086767.0
10:22,173.86,175.0,173.69,174.91,14086767.0
10:23,173.86,175.0,173.69,174.91,14086767.0
10:24,173.86,175.0,173.69,174.91,14086767.0
10:25,173.86,175.0,173.69,174.91,14086767.0
10:26,173.86,175.0,173.69,174.91,14086767.0
10:27,173.86,175.0,173.69,174.91,14086767.0
10:28,173.86,175.0,173.69,174.91,14086767.0
10:29,173.86,175.0,173.69,174.91,14086767.0
10:30,173.86,175.0,173.69,174.91,14086767.0
10:31,174.13,174.26,173.64,173.87,1658871.0
10:32,173.62,174.31,173.48,174.1,1708104.0
10:33,173.15,173.62,172.9,173.62,2035689.0
10:34,173.99,174.05,173.1,173.14,1267100.0
10:35,173.95,174.0,173.64,173.97,1101078.0
10:36,173.27,173.97,173.03,173.95,1586397.0
10:37,173.05,173.38,172.95,173.25,1507071.0
10:38,173.23,173.44,173.03,173.06,951163.0
10:39,172.74,173.33,172.71,173.22,1429417.0
10:40,172.53,172.79,172.49,172.72,1408995.0
10:41,172.37,172.75,172.31,172.52,1152843.0
10:42,171.68,172.45,171.61,172.37,2044317.0
10:43,171.59,171.85,171.39,171.65,1508905.0
10:44,171.65,172.12,171.56,171.6,1208934.0
10:45,171.15,171.71,171.01,171.65,1402133.0
10:46,171.0,171.23,170.85,171.15,1820200.0
10:47,171.01,171.22,170.77,170.99,1530847.0
10:48,170.88,171.13,170.75,171.02,1210148.0
10:49,170.68,171.0,170.51,170.87,1491473.0
10:50,171.45,171.48,170.4,170.68,1722614.0
10:51,171.91,172.16,171.4,171.45,1810394.0
10:52,172.36,172.47,171.71,171.91,1237683.0
10:53,172.05,172.36,171.94,172.35,905791.0
10:54,172.49,172.53,172.04,172.05,976870.0
10:55,172.35,172.77,172.19,172.48,1044903.0
10:56,172.07,172.4,171.94,172.36,780292.0
10:57,172.58,172.68,172.01,172.07,656583.0
10:58,172.83,172.91,172.57,172.6,765455.0
10:59,172.32,173.1,172.31,172.83,1140822.0
11:00,171.73,172.38,171.57,172.32,1189486.0
11:01,171.33,171.76,171.13,171.73,1060138.0
11:02,170.3,171.36,170.24,171.33,1704961.0
11:03,170.39,170.66,170.21,170.3,1055386.0
11:04,169.9,170.45,169.65,170.38,3363730.0
11:05,170.51,170.58,169.55,169.9,1395948.0
11:06,170.49,170.73,170.21,170.55,859338.0
11:07,170.6,170.83,170.46,170.5,29123559.0
11:08,171.01,171.24,170.58,170.6,1.0
11:09,171.06,171.11,170.8,171.03,704828.0
11:10,170.9,171.34,170.87,171.06,709415.0
11:11,170.48,171.01,170.27,170.9,989153.0
11:12,170.88,170.92,170.36,170.48,644255.0
11:13,171.01,171.34,170.71,170.86,765132.0
11:14,170.78,171.15,170.57,171.01,534589.0
11:15,170.59,170.98,170.5,170.79,590870.0
11:16,170.77,171.04,170.48,170.58,609960.0
11:17,170.52,171.2,170.5,170.78,636949.0
11:18,170.79,170.82,170.5,170.52,447787.0
11:19,171.28,171.29,170.6,170.79,816652.0
11:20,170.98,171.61,170.87,171.28,1133751.0
11:21,170.83,171.2,170.67,170.97,544955.0
11:22,170.39,171.1,170.38,170.83,693729.0
11:23,170.43,170.75,170.12,170.4,757323.0
11:24,170.21,170.51,170.19,170.4,600641.0
11:25,170.11,170.62,170.1,170.21,697596.0
11:26,170.24,170.57,169.95,170.11,855068.0
11:27,170.53,170.6,170.08,170.25,504155.0
11:28,170.79,170.9,170.36,170.53,642340.0
11:29,171.07,171.09,170.8,170.8,578107.0
11:30,171.56,171.59,171.03,171.07,786651.0
11:31,171.71,171.77,171.48,171.58,767546.0
11:32,171.62,171.97,171.62,171.71,767052.0
11:33,171.83,171.94,171.49,171.63,622786.0
11:34,171.71,171.87,171.58,171.83,544012.0
11:35,171.29,171.75,171.2,171.71,701363.0
11:36,171.82,171.85,171.19,171.27,603039.0
11:37,171.89,172.0,171.77,171.82,748891.0
11:38,171.79,172.0,171.73,171.9,525344.0
11:39,171.85,171.95,171.7,171.77,467123.0
11:40,171.99,172.0,171.74,171.87,486381.0
11:41,171.9,172.08,171.7,171.99,614878.0
11:42,171.79,172.0,171.75,171.9,409328.0
11:43,171.96,172.0,171.65,171.79,488795.0
11:44,172.41,172.42,171.87,171.96,865861.0
11:45,172.82,172.83,172.4,172.43,730892.0
11:46,172.83,172.91,172.7,172.82,745751.0
11:47,172.96,173.0,172.76,172.8,808653.0
11:48,172.71,173.0,172.66,172.96,630391.0
11:49,172.54,172.73,172.23,172.71,728267.0
11:50,172.24,172.59,172.15,172.51,516524.0
11:51,172.26,172.26,171.85,172.25,687847.0
11:52,172.63,172.65,172.11,172.27,519211.0
11:53,172.41,172.67,172.37,172.62,420501.0
11:54,172.65,172.77,172.18,172.41,554984.0
11:55,172.49,172.73,172.47,172.65,460647.0
11:56,172.43,172.56,172.25,172.49,502951.0
11:57,172.51,172.6,172.38,172.45,449410.0
11:58,173.04,173.08,172.46,172.51,690817.0
11:59,172.57,173.05,172.54,173.03,477833.0
12:00,172.48,172.56,172.38,172.56,416126.0
12:01,172.16,172.52,171.95,172.49,673376.0
12:02,172.13,172.22,171.98,172.16,446901.0
12:03,172.29,172.35,171.95,172.13,462405.0
12:04,172.5,172.56,172.24,172.3,403860.0
12:05,172.05,172.57,172.04,172.52,401016.0
12:06,172.4,172.4,172.0,172.05,427173.0
12:07,172.49,172.68,172.4,172.4,534893.0
12:08,172.41,172.59,172.33,172.5,318166.0
12:09,172.3,172.46,172.18,172.41,442797.0
12:10,172.53,172.6,172.3,172.3,386431.0
12:11,172.8,172.85,172.37,172.54,407395.0
12:12,172.82,172.99,172.77,172.78,523072.0
12:13,172.86,172.93,172.76,172.82,276489.0
12:14,172.57,172.86,172.56,172.85,424180.0
12:15,172.71,172.75,172.42,172.58,386662.0
12:16,172.74,172.82,172.61,172.71,299417.0
12:17,172.77,172.92,172.66,172.71,320936.0
12:18,172.99,173.02,172.72,172.77,461918.0
12:19,173.29,173.38,172.98,172.99,770004.0
12:20,173.53,173.57,173.27,173.29,603149.0
12:21,173.98,174.1,173.52,173.54,869535.0
12:22,174.12,174.53,173.99,173.99,915064.0
12:23,174.26,174.37,174.02,174.12,541761.0
12:24,173.93,174.29,173.85,174.26,679011.0
12:25,173.95,174.25,173.9,173.91,548123.0
12:26,174.35,174.37,173.91,173.96,518131.0
12:27,174.63,174.68,174.37,174.37,734213.0
12:28,174.66,174.79,174.54,174.63,678065.0
12:29,174.72,174.88,174.6,174.65,576898.0
12:30,174.89,174.96,174.71,174.72,584341.0
12:31,174.75,174.91,174.61,174.88,614856.0
12:32,174.93,174.95,174.68,174.74,432001.0
12:33,174.85,175.08,174.85,174.93,808590.0
12:34,175.04,175.07,174.71,174.82,535807.0
12:35,174.53,175.15,174.52,175.05,755868.0
12:36,174.37,174.56,174.26,174.52,576913.0
12:37,174.77,174.77,174.34,174.38,387996.0
12:38,174.77,174.82,174.62,174.77,382890.0
12:39,174.75,174.83,174.6,174.77,334721.0
12:40,174.95,174.96,174.72,174.75,395162.0
12:41,175.01,175.18,174.89,174.95,478238.0
12:42,175.27,175.29,174.96,175.01,467379.0
12:43,175.2,175.29,175.07,175.25,452671.0
12:44,175.05,175.21,175.02,175.18,303710.0
12:45,174.51,175.09,174.42,175.06,695744.0
12:46,174.45,174.63,174.37,174.52,314197.0
12:47,174.44,174.64,174.21,174.45,415456.0
12:48,174.37,174.55,174.35,174.44,366872.0
12:49,174.24,174.4,174.13,174.35,350372.0
12:50,174.69,174.72,174.24,174.24,471013.0
12:51,174.65,174.75,174.52,174.68,354576.0
12:52,174.77,174.94,174.65,174.67,348500.0
12:53,175.07,175.09,174.75,174.76,400735.0
12:54,174.92,175.07,174.85,175.06,356176.0
12:55,175.04,175.1,174.89,174.92,373962.0
12:56,175.04,175.22,175.0,175.05,442777.0
12:57,174.95,175.08,174.86,175.04,313310.0
12:58,174.91,175.0,174.87,174.95,206382.0
12:59,174.72,174.92,174.66,174.91,292680.0
13:00,174.79,174.95,174.66,174.71,414605.0
13:01,174.58,174.8,174.49,174.79,364549.0
13:02,174.79,174.87,174.54,174.57,228571.0
13:03,174.74,175.01,174.73,174.79,357714.0
13:04,174.94,175.0,174.73,174.74,227786.0
13:05,174.98,175.0,174.86,174.93,248244.0
13:06,174.85,174.99,174.84,174.98,195128.0
13:07,174.68,174.85,174.66,174.84,239971.0
13:08,174.7,174.79,174.64,174.7,198483.0
13:09,174.73,174.84,174.72,174.72,193577.0
13:10,174.89,174.89,174.61,174.74,241961.0
13:11,174.98,175.02,174.88,174.9,302402.0
13:12,174.7,175.09,174.7,174.98,332104.0
13:13,174.74,174.85,174.57,174.69,287114.0
13:14,174.64,174.76,174.59,174.74,226311.0
13:15,174.59,174.71,174.44,174.65,305284.0
13:16,174.49,174.59,174.38,174.59,287303.0
13:17,174.57,174.6,174.43,174.49,198637.0
13:18,174.72,174.75,174.51,174.57,259168.0
13:19,174.96,174.99,174.73,174.73,305911.0
13:20,175.1,175.15,174.97,174.97,385412.0
13:21,175.47,175.55,175.1,175.1,701440.0
13:22,175.65,175.74,175.37,175.46,479321.0
13:23,175.82,175.87,175.66,175.66,438566.0
13:24,175.9,175.99,175.76,175.82,434097.0
13:25,175.84,175.94,175.78,175.9,368794.0
13:26,175.73,175.95,175.7,175.82,384238.0
13:27,175.85,175.89,175.73,175.74,285132.0
13:28,175.68,175.85,175.62,175.84,327296.0
13:29,175.54,175.71,175.49,175.68,300337.0
13:30,175.58,175.73,175.49,175.53,283396.0
13:31,175.76,175.82,175.56,175.58,259138.0
13:32,175.86,175.97,175.74,175.75,356861.0
13:33,175.87,175.9,175.75,175.85,218783.0
13:34,176.11,176.15,175.84,175.87,597965.0
13:35,176.17,176.19,176.05,176.11,285635.0
13:36,176.43,176.48,176.16,176.17,492914.0
13:37,176.43,176.48,176.36,176.43,373106.0
13:38,176.29,176.42,176.15,176.42,336291.0
13:39,176.06,176.39,176.05,176.3,345178.0
13:40,176.01,176.12,175.93,176.07,295833.0
13:41,176.23,176.26,176.0,176.01,312887.0
13:42,176.05,176.26,176.02,176.23,267472.0
13:43,176.06,176.07,175.93,176.04,266323.0
13:44,176.04,176.07,175.95,176.06,238322.0
13:45,176.19,176.22,176.03,176.03,260904.0
13:46,175.96,176.21,175.92,176.19,262385.0
13:47,176.05,176.1,175.84,175.97,269177.0
13:48,176.16,176.21,175.95,176.06,204638.0
13:49,176.16,176.23,176.08,176.15,206098.0
13:50,176.05,176.18,175.96,176.17,179493.0
13:51,176.11,176.15,175.97,176.05,216185.0
13:52,175.87,176.18,175.87,176.09,218836.0
13:53,175.78,176.01,175.75,175.89,250105.0
13:54,175.73,175.83,175.64,175.77,369236.0
13:55,175.88,175.95,175.72,175.73,253409.0
13:56,175.8,175.91,175.72,175.88,219408.0
13:57,175.62,175.87,175.6,175.81,232332.0
13:58,175.26,175.64,175.2,175.62,461192.0
13:59,175.23,175.31,175.07,175.26,441071.0
14:00,175.27,175.34,175.2,175.23,236311.0
14:01,175.31,175.43,175.22,175.26,359152.0
14:02,175.46,175.49,175.26,175.32,277043.0
14:03,175.65,175.68,175.44,175.47,277073.0
14:04,175.67,175.78,175.62,175.65,297107.0
14:05,175.77,175.82,175.62,175.68,290281.0
14:06,175.76,175.82,175.69,175.77,190207.0
14:07,175.82,175.84,175.69,175.76,194097.0
14:08,175.96,175.97,175.81,175.83,554796.0
14:09,176.0,176.01,175.89,175.95,315239.0
14:10,176.01,176.08,175.91,176.01,257955.0
14:11,176.05,176.06,175.9,176.01,212202.0
14:12,176.04,176.12,175.96,176.05,318390.0
14:13,176.0,176.07,175.92,176.02,240724.0
14:14,175.88,176.03,175.82,176.01,265218.0
14:15,175.78,175.95,175.71,175.86,270476.0
14:16,175.89,175.96,175.74,175.79,184073.0
14:17,175.76,175.9,175.76,175.9,124186.0
14:18,175.8,175.9,175.73,175.76,163314.0
14:19,175.95,175.98,175.7,175.8,251474.0
14:20,175.88,175.95,175.74,175.94,175782.0
14:21,175.84,175.96,175.79,175.86,180626.0
14:22,175.98,175.98,175.78,175.82,219843.0
14:23,176.11,176.13,175.87,175.99,59410489.0
14:24,176.09,176.2,176.01,176.1,1.0
14:25,175.99,176.1,175.96,176.08,173354.0
14:26,176.05,176.1,175.96,175.99,153532.0
14:27,176.06,176.09,175.99,176.06,132498.0
14:28,176.18,176.2,176.02,176.07,207643.0
14:29,176.21,176.23,176.16,176.18,190646.0
14:30,176.4,176.41,176.21,176.21,327348.0
14:31,176.37,176.43,176.32,176.4,267642.0
14:32,176.39,176.41,176.32,176.37,211661.0
14:33,176.37,176.43,176.27,176.38,240216.0
14:34,176.27,176.38,176.26,176.35,183794.0
14:35,176.28,176.3,176.12,176.27,271561.0
14:36,176.15,176.29,176.09,176.28,319359.0
14:37,176.0,176.16,175.96,176.15,286839.0
14:38,175.88,176.08,175.87,176.01,263394.0
14:39,176.11,176.2,175.88,175.89,233707.0
14:40,176.01,176.15,176.0,176.1,185080.0
14:41,176.13,176.19,176.01,176.02,187693.0
14:42,176.1,176.21,176.08,176.14,181148.0
14:43,176.15,176.16,176.07,176.1,131816.0
14:44,176.37,176.4,176.15,176.15,298467.0
14:45,176.46,176.58,176.37,176.37,430231.0
14:46,176.45,176.59,176.42,176.46,266399.0
14:47,176.64,176.68,176.44,176.45,304980.0
14:48,176.79,176.84,176.64,176.65,423778.0
14:49,176.6,176.79,176.57,176.79,337983.0
14:50,176.77,176.77,176.55,176.59,224330.0
14:51,176.74,176.8,176.7,176.78,250108.0
14:52,176.66,176.76,176.63,176.74,185364.0
14:53,176.7,176.73,176.6,176.66,187796.0
14:54,176.6,176.74,176.58,176.7,166014.0
14:55,176.37,176.6,176.34,176.59,288970.0
14:56,176.28,176.36,176.25,176.36,289551.0
14:57,176.27,176.33,176.23,176.27,222001.0
14:58,176.11,176.27,176.08,176.27,245850.0
14:59,176.05,176.13,176.02,176.09,280238.0
15:00,176.12,176.21,175.98,176.05,321187.0
15:01,176.1,176.28,176.1,176.12,262096.0
15:02,175.96,176.13,175.94,176.09,335300.0
15:03,175.71,175.99,175.71,175.96,366413.0
15:04,175.71,175.77,175.59,175.71,370838.0
15:05,175.66,175.76,175.61,175.69,283218.0
15:06,175.76,175.83,175.67,175.67,254755.0
15:07,175.65,175.76,175.6,175.76,213095.0
15:08,175.46,175.68,175.45,175.65,304284.0
15:09,175.4,175.48,175.35,175.46,290321.0
15:10,175.42,175.51,175.28,175.4,310041.0
15:11,175.52,175.58,175.4,175.43,282695.0
15:12,175.3,175.52,175.28,175.52,289338.0
15:13,175.17,175.29,175.15,175.29,301395.0
15:14,175.09,175.24,175.03,175.18,394487.0
15:15,174.97,175.16,174.96,175.09,474466.0
15:16,174.74,175.12,174.73,174.97,474114.0
15:17,174.67,174.8,174.61,174.74,384175.0
15:18,174.5,174.72,174.5,174.67,333393.0
15:19,174.5,174.6,174.35,174.51,398601.0
15:20,174.46,174.53,174.34,174.51,358762.0
15:21,174.75,174.75,174.39,174.46,434175.0
15:22,174.8,174.87,174.73,174.75,453755.0
15:23,174.76,174.84,174.65,174.79,333978.0
15:24,174.81,174.87,174.74,174.76,221527.0
15:25,174.81,175.02,174.8,174.82,410659.0
15:26,174.81,174.91,174.74,174.81,273596.0
15:27,174.79,174.86,174.75,174.82,164132.0
15:28,174.9,174.91,174.76,174.79,168958.0
15:29,174.77,174.92,174.7,174.9,292207.0
15:30,174.68,174.87,174.67,174.78,280453.0
15:31,174.49,174.71,174.49,174.68,309468.0
15:32,174.36,174.56,174.31,174.49,323422.0
15:33,174.48,174.53,174.35,174.36,352284.0
15:34,174.35,174.54,174.26,174.48,347857.0
15:35,174.27,174.43,174.23,174.34,394694.0
15:36,174.1,174.27,174.05,174.27,444724.0
15:37,174.05,174.19,174.02,174.11,320907.0
15:38,174.07,174.11,173.91,174.05,564998.0
15:39,173.94,174.07,173.93,174.07,266528.0
15:40,173.69,173.95,173.62,173.95,523665.0
15:41,173.99,174.01,173.63,173.68,446095.0
15:42,173.94,174.04,173.88,173.99,314514.0
15:43,174.08,174.09,173.9,173.94,398328.0
15:44,174.29,174.3,174.07,174.09,485606.0
15:45,174.37,174.41,174.21,174.27,304798.0
15:46,174.21,174.37,174.21,174.36,350831.0
15:47,174.25,174.33,174.18,174.2,248076.0
15:48,174.12,174.28,174.1,174.26,244927.0
15:49,174.16,174.24,174.07,174.12,278154.0
15:50,174.37,174.39,174.16,174.17,283744.0
15:51,174.32,174.54,174.32,174.38,361286.0
15:52,174.3,174.4,174.28,174.32,368489.0
15:53,174.53,174.53,174.31,174.31,373633.0
15:54,174.55,174.58,174.48,174.53,264974.0
15:55,174.74,174.81,174.51,174.55,321319.0
15:56,174.82,174.84,174.73,174.73,298494.0
15:57,174.98,175.01,174.81,174.83,372058.0
15:58,175.09,175.12,174.98,174.99,293983.0
15:59,175.17,175.18,175.05,175.1,287276.0
16:00,175.58,175.6,175.17,175.18,604252.0
16:01,175.7,175.81,175.52,175.59,673328.0
16:02,175.6,175.77,175.37,175.71,581232.0
16:03,175.88,175.9,175.55,175.61,452270.0
16:04,176.19,176.26,175.87,175.87,684418.0
16:05,176.14,176.23,176.03,176.18,450028.0
16:06,176.22,176.26,176.06,176.15,320884.0
16:07,176.44,176.48,176.15,176.23,474604.0
16:08,176.54,176.65,176.37,176.43,483092.0
16:09,176.57,176.7,176.44,176.54,418933.0
16:10,176.51,176.65,176.34,176.57,616414.0
16:11,176.38,176.53,176.32,176.51,379544.0
16:12,176.19,176.4,176.18,176.38,415806.0
16:13,176.35,176.35,176.17,176.2,267349.0
16:14,176.17,176.35,176.16,176.35,224814.0
16:15,176.3,176.35,176.0,176.16,418185.0
16:16,176.02,176.31,175.99,176.3,382901.0
16:17,176.16,176.18,176.0,176.03,231879.0
16:18,176.14,176.24,176.1,176.16,231679.0
16:19,176.32,176.36,176.09,176.14,363815.0
16:20,176.43,176.49,176.29,176.31,459999.0
16:21,176.45,176.6,176.32,176.43,370259.0
16:22,176.63,176.63,176.43,176.46,328636.0
16:23,176.49,176.67,176.45,176.62,364707.0
16:24,176.5,176.63,176.44,176.5,327096.0
16:25,176.57,176.68,176.49,176.51,371045.0
16:26,176.49,176.57,176.36,176.56,412901.0
16:27,176.71,176.75,176.41,176.49,505341.0
16:28,176.91,176.97,176.67,176.7,472344.0
16:29,176.84,176.95,176.73,176.91,386803.0
16:30,176.73,176.92,176.71,176.85,362372.0
16:31,177.17,177.24,176.71,176.73,601914.0
16:32,177.14,177.28,177.1,177.18,426140.0
16:33,177.22,177.31,177.04,177.14,403430.0
16:34,177.27,177.31,177.15,177.23,373975.0
16:35,177.48,177.48,177.23,177.28,530500.0
16:36,177.45,177.53,177.41,177.48,425396.0
16:37,177.36,177.47,177.29,177.44,447638.0
16:38,177.36,177.47,177.34,177.35,363990.0
16:39,177.32,177.45,177.07,177.36,482706.0
16:40,177.16,177.35,177.12,177.33,367651.0
16:41,177.21,177.29,176.81,177.17,618169.0
16:42,177.29,177.34,177.13,177.21,380072.0
16:43,177.52,177.56,177.23,177.29,514406.0
16:44,177.34,177.61,177.32,177.52,442723.0
16:45,177.39,177.51,177.2,177.34,371415.0
16:46,177.54,177.54,177.37,177.41,318736.0
16:47,177.4,177.54,177.35,177.54,339049.0
16:48,177.51,177.54,177.32,177.39,318031.0
16:49,177.6,177.65,177.4,177.5,489439.0
16:50,177.75,177.85,177.53,177.61,607357.0
16:51,177.56,177.75,177.52,177.75,451137.0
16:52,177.76,177.78,177.55,177.57,545739.0
16:53,177.99,177.99,177.74,177.77,521770.0
16:54,177.86,178.16,177.67,177.98,883409.0
16:55,177.8,177.99,177.8,177.85,553389.0
16:56,177.84,177.87,177.75,177.8,543130.0
16:57,177.94,177.97,177.8,177.85,452278.0
16:58,177.87,177.98,177.84,177.93,603898.0
16:59,177.8,177.9,177.77,177.87,1292104.0
