Time,Close,High,Low,Open,Volume
09:30,189.91,190.43,189.75,189.98,9688613.0
09:31,190.2,190.53,189.92,190.38,6200975.0
09:32,190.17,190.57,190.12,190.19,937775.0
09:33,190.37,190.39,190.14,190.16,192115.0
09:34,190.12,190.38,190.02,190.38,1377750.0
09:35,189.98,190.21,189.88,190.11,730641.0
09:36,190.21,190.24,189.91,189.99,637905.0
09:37,190.2,190.39,190.08,190.22,582866.0
09:38,190.32,190.43,190.18,190.21,551174.0
09:39,190.53,190.57,190.25,190.32,615781.0
09:40,190.87,190.95,190.38,190.51,1043804.0
09:41,190.68,191.13,190.68,190.87,1263424.0
09:42,190.72,190.98,190.62,190.68,618579.0
09:43,190.99,191.02,190.5,190.71,736321.0
09:44,190.97,191.17,190.8,190.99,867246.0
09:45,190.79,191.01,190.7,190.98,585881.0
09:46,191.01,191.07,190.74,190.77,517205.0
09:47,190.92,191.04,190.7,191.02,502600.0
09:48,190.95,191.12,190.81,190.92,583545.0
09:49,190.82,190.96,190.76,190.96,466544.0
09:50,190.45,190.89,190.39,190.82,760722.0
09:51,190.62,190.74,190.42,190.45,505656.0
09:52,190.79,190.87,190.55,190.63,381759.0
09:53,190.73,190.8,190.63,190.79,388025.0
09:54,190.83,190.89,190.65,190.71,410051.0
09:55,191.06,191.09,190.78,190.84,686345.0
09:56,191.1,191.27,190.99,191.05,798762.0
09:57,190.93,191.11,190.9,191.11,406387.0
09:58,191.09,191.12,190.91,190.93,367916.0
09:59,191.06,191.1,190.95,191.1,354168.0
10:00,190.88,191.1,190.7,191.05,851574.0
10:01,191.0,191.1,190.78,190.89,548481.0
10:02,190.87,191.11,190.87,190.99,479638.0
10:03,191.04,191.05,190.83,190.89,333329.0
10:04,190.88,191.11,190.86,191.05,401786.0
10:05,190.54,190.91,190.5,190.87,554684.0
10:06,190.33,190.66,190.33,190.55,638262.0
10:07,190.27,190.48,190.23,190.34,524515.0
10:08,190.32,190.53,190.22,190.27,429493.0
10:09,190.08,190.34,190.05,190.33,647943.0
10:10,189.71,190.17,189.68,190.08,862770.0
10:11,189.87,189.87,189.54,189.73,771980.0
10:12,189.98,189.99,189.79,189.87,457349.0
10:13,190.1,190.14,189.92,189.99,549548.0
10:14,190.18,190.29,190.01,190.1,542866.0
10:15,189.99,190.22,189.79,190.17,697584.0
10:16,189.67,190.09,189.66,189.99,476028.0
10:17,189.42,189.73,189.41,189.65,679117.0
10:18,189.2,189.5,189.17,189.42,737023.0
10:19,189.12,189.37,189.1,189.2,639990.0
10:20,189.07,189.4,188.99,189.11,1023538.0
10:21,188.94,189.19,188.81,189.07,834487.0
10:22,188.73,188.99,188.59,188.94,760026.0
10:23,188.85,188.85,188.43,188.73,734565.0
10:24,189.22,189.27,188.67,188.85,749698.0
10:25,189.38,189.48,189.22,189.23,772457.0
10:26,189.37,189.48,189.13,189.38,538854.0
10:27,189.33,189.4,189.08,189.37,412761.0
10:28,189.83,189.87,189.3,189.31,652344.0
10:29,189.88,189.9,189.7,189.83,455966.0
10:30,189.92,189.92,189.7,189.88,454039.0
10:31,190.01,190.15,189.86,189.91,604909.0
10:32,190.14,190.15,189.97,189.99,430493.0
10:33,190.23,190.31,190.13,190.15,545507.0
10:34,190.24,190.38,190.19,190.23,598944.0
10:35,190.34,190.36,190.16,190.23,387250.0
10:36,190.35,190.41,190.26,190.34,413118.0
10:37,190.3,190.41,190.27,190.35,326947.0
10:38,190.29,190.37,190.22,190.3,338280.0
10:39,190.27,190.36,190.26,190.29,243232.0
10:40,190.3,190.39,190.24,190.27,301152.0
10:41,190.62,190.62,190.29,190.29,656640.0
10:42,190.59,190.67,190.54,190.63,375295.0
10:43,190.52,190.64,190.5,190.59,265393.0
10:44,190.52,190.63,190.49,190.51,326383.0
10:45,190.65,190.69,190.49,190.54,368722.0
10:46,190.37,190.65,190.36,190.65,372924.0
10:47,190.45,190.51,190.34,190.38,292104.0
10:48,190.43,190.51,190.34,190.45,241240.0
10:49,190.53,190.56,190.37,190.43,272632.0
10:50,190.39,190.54,190.37,190.53,226334.0
10:51,190.37,190.43,190.28,190.4,288852.0
10:52,190.51,190.56,190.36,190.38,283987.0
10:53,190.32,190.53,190.32,190.51,196179.0
10:54,190.32,190.41,190.26,190.32,239269.0
10:55,190.43,190.45,190.3,190.32,221240.0
10:56,190.47,190.55,190.32,190.43,308500.0
10:57,190.38,190.56,190.38,190.48,237916.0
10:58,190.25,190.43,190.21,190.38,251040.0
10:59,190.3,190.32,190.2,190.26,312877.0
11:00,190.54,190.55,190.24,190.31,413329.0
11:01,190.55,190.62,190.44,190.54,353219.0
11:02,190.74,190.78,190.55,190.55,436088.0
11:03,190.84,190.85,190.72,190.74,321553.0
11:04,190.91,190.95,190.79,190.84,495529.0
11:05,190.97,190.98,190.75,190.91,361460.0
11:06,190.93,191.08,190.86,190.98,781986.0
11:07,190.95,191.0,190.89,190.92,195738.0
11:08,190.77,191.05,190.77,190.96,345987.0
11:09,190.79,190.88,190.77,190.77,259826.0
11:10,190.76,190.82,190.73,190.78,204583.0
11:11,190.86,190.88,190.72,190.76,210043.0
11:12,190.85,190.91,190.77,190.84,178456.0
11:13,190.74,190.85,190.7,190.85,231862.0
11:14,191.13,191.14,190.73,190.73,598047.0
11:15,191.35,191.4,191.13,191.14,726633.0
11:16,191.41,191.46,191.26,191.35,640283.0
11:17,191.39,191.47,191.35,191.41,350086.0
11:18,191.27,191.41,191.26,191.39,227451.0
11:19,191.13,191.31,191.1,191.28,376306.0
11:20,191.24,191.24,191.03,191.13,406837.0
11:21,191.03,191.27,191.03,191.24,283983.0
11:22,191.04,191.19,191.0,191.04,320705.0
11:23,191.11,191.2,191.04,191.05,312611.0
11:24,191.12,191.19,191.05,191.12,187692.0
11:25,190.93,191.11,190.91,191.11,253704.0
11:26,190.8,190.95,190.77,190.93,236987.0
11:27,190.82,190.87,190.77,190.8,226359.0
11:28,190.91,190.93,190.75,190.83,221860.0
11:29,190.92,190.96,190.83,190.9,185448.0
11:30,190.97,191.07,190.9,190.92,280030.0
11:31,190.92,190.99,190.9,190.97,168500.0
11:32,190.81,190.95,190.81,190.91,165814.0
11:33,190.88,190.93,190.79,190.82,175189.0
11:34,190.8,190.88,190.78,190.88,137655.0
11:35,190.8,190.91,190.79,190.8,190616.0
11:36,190.76,190.85,190.72,190.8,177196.0
11:37,190.87,190.95,190.77,190.79,207720.0
11:38,190.99,191.0,190.87,190.87,312239.0
11:39,191.0,191.02,190.95,190.99,155707.0
11:40,191.12,191.15,190.98,191.0,309811.0
11:41,191.12,191.18,191.1,191.12,296066.0
11:42,191.02,191.25,190.96,191.12,450742.0
11:43,191.01,191.04,190.92,191.03,212993.0
11:44,190.99,191.05,190.98,191.01,201110.0
11:45,190.96,190.99,190.93,190.99,176768.0
11:46,190.87,190.99,190.86,190.96,221805.0
11:47,191.05,191.09,190.86,190.87,269060.0
11:48,191.01,191.11,191.0,191.06,202648.0
11:49,191.11,191.14,191.0,191.01,199987.0
11:50,191.02,191.14,191.0,191.1,217428.0
11:51,191.08,191.1,191.02,191.04,169940.0
11:52,191.01,191.09,191.0,191.09,133968.0
11:53,190.92,191.01,190.91,191.01,243074.0
11:54,190.96,190.98,190.87,190.91,182083.0
11:55,190.95,191.04,190.94,190.96,146197.0
11:56,190.89,190.98,190.87,190.96,124454.0
11:57,190.93,190.96,190.85,190.9,155296.0
11:58,190.87,190.98,190.86,190.93,150588.0
11:59,190.88,190.88,190.79,190.87,187488.0
12:00,190.88,190.91,190.79,190.88,228600.0
12:01,190.84,190.92,190.8,190.88,192748.0
12:02,190.93,190.94,190.82,190.84,182030.0
12:03,190.96,190.99,190.88,190.93,200963.0
12:04,190.96,190.99,190.93,190.96,123543.0
12:05,190.89,190.97,190.86,190.96,125021.0
12:06,190.98,191.0,190.89,190.91,146240.0
12:07,191.01,191.04,190.95,190.98,219845.0
12:08,191.08,191.09,190.98,191.02,229972.0
12:09,191.01,191.07,190.99,191.07,160801.0
12:10,191.01,191.04,190.96,191.01,168558.0
12:11,190.96,191.02,190.93,191.02,175651.0
12:12,190.9,190.97,190.89,190.96,117748.0
12:13,190.96,190.99,190.89,190.9,1732272.0
12:14,190.96,190.98,190.89,190.95,139212.0
12:15,190.92,190.96,190.9,190.96,120011.0
12:16,190.96,191.0,190.91,190.92,141646.0
12:17,190.92,191.04,190.89,190.97,252966.0
12:18,190.96,191.03,190.9,190.91,142381.0
12:19,190.93,190.98,190.92,190.95,148848.0
12:20,190.93,190.96,190.86,190.93,154747.0
12:21,190.97,190.99,190.91,190.93,136994.0
12:22,190.97,190.98,190.9,190.96,155168.0
12:23,191.03,191.04,190.95,190.96,173549.0
12:24,191.05,191.1,191.03,191.03,229474.0
12:25,191.02,191.08,191.01,191.05,169745.0
12:26,191.01,191.05,190.94,191.02,215264.0
12:27,190.99,191.02,190.96,191.0,133302.0
12:28,190.96,191.05,190.96,190.99,142005.0
12:29,190.93,190.97,190.9,190.97,137412.0
12:30,190.98,191.0,190.89,190.93,172502.0
12:31,191.0,191.03,190.97,190.97,175351.0
12:32,191.06,191.07,190.97,191.0,235195.0
12:33,190.98,191.09,190.94,191.07,219639.0
12:34,190.89,190.99,190.88,190.98,161777.0
12:35,190.87,190.91,190.83,190.89,158065.0
12:36,190.89,190.9,190.82,190.87,162622.0
12:37,190.88,190.92,190.85,190.9,98413.0
12:38,190.86,190.91,190.85,190.89,112750.0
12:39,190.88,190.9,190.83,190.87,86887.0
12:40,190.88,190.9,190.83,190.87,99438.0
12:41,190.87,190.9,190.84,190.88,102010.0
12:42,190.85,190.92,190.83,190.87,141159.0
12:43,190.85,190.86,190.78,190.85,159539.0
12:44,190.91,190.95,190.84,190.84,145864.0
12:45,190.88,190.95,190.85,190.91,115137.0
12:46,190.84,190.91,190.82,190.88,172513.0
12:47,190.87,190.88,190.81,190.84,108537.0
12:48,191.03,191.04,190.85,190.86,181062.0
12:49,191.02,191.06,191.01,191.04,195102.0
12:50,191.08,191.1,191.01,191.02,234737.0
12:51,191.04,191.1,191.02,191.07,129047.0
12:52,191.29,191.29,191.02,191.04,333297.0
12:53,191.36,191.43,191.29,191.3,329317.0
12:54,191.35,191.37,191.3,191.35,175277.0
12:55,191.28,191.35,191.27,191.35,169583.0
12:56,191.32,191.34,191.25,191.29,156091.0
12:57,191.38,191.4,191.29,191.32,206597.0
12:58,191.35,191.39,191.32,191.38,142833.0
12:59,191.47,191.49,191.29,191.36,256155.0
13:00,191.36,191.6,191.31,191.47,772828.0
13:01,191.42,191.45,191.3,191.35,227019.0
13:02,191.45,191.49,191.37,191.4,203359.0
13:03,191.47,191.53,191.41,191.45,341307.0
13:04,191.51,191.53,191.42,191.46,183285.0
13:05,191.53,191.54,191.47,191.51,237700.0
13:06,191.64,191.66,191.53,191.53,272723.0
13:07,191.6,191.68,191.58,191.66,239607.0
13:08,191.4,191.64,191.39,191.6,282004.0
13:09,191.42,191.46,191.35,191.41,167516.0
13:10,191.34,191.46,191.33,191.41,175362.0
13:11,191.45,191.46,191.33,191.34,134697.0
13:12,191.44,191.46,191.39,191.45,144034.0
13:13,191.48,191.55,191.43,191.45,139133.0
13:14,191.49,191.52,191.45,191.48,147687.0
13:15,191.65,191.65,191.48,191.48,187874.0
13:16,191.71,191.76,191.59,191.65,331490.0
13:17,191.74,191.77,191.67,191.71,277455.0
13:18,191.65,191.77,191.61,191.74,255631.0
13:19,191.62,191.68,191.6,191.65,196727.0
13:20,191.62,191.72,191.6,191.62,168231.0
13:21,191.48,191.63,191.47,191.63,233895.0
13:22,191.46,191.56,191.46,191.48,214819.0
13:23,191.44,191.52,191.39,191.47,210308.0
13:24,191.35,191.44,191.33,191.43,175037.0
13:25,191.37,191.4,191.25,191.34,277840.0
13:26,191.43,191.44,191.34,191.36,156708.0
13:27,191.3,191.45,191.3,191.43,182992.0
13:28,191.32,191.4,191.27,191.3,191778.0
13:29,191.33,191.34,191.19,191.31,414886.0
13:30,191.29,191.41,191.27,191.34,195050.0
13:31,191.37,191.42,191.25,191.3,212998.0
13:32,191.41,191.43,191.35,191.38,176019.0
13:33,191.32,191.45,191.24,191.41,254574.0
13:34,191.3,191.34,191.28,191.33,123220.0
13:35,191.2,191.32,191.18,191.3,285584.0
13:36,191.2,191.22,191.15,191.21,188371.0
13:37,191.15,191.22,191.11,191.2,224631.0
13:38,191.14,191.19,191.12,191.15,167898.0
13:39,191.04,191.15,191.02,191.13,278197.0
13:40,191.09,191.11,191.02,191.03,148045.0
13:41,191.07,191.1,191.01,191.09,174292.0
13:42,191.15,191.2,191.03,191.07,219978.0
13:43,191.17,191.2,191.1,191.15,189879.0
13:44,191.22,191.23,191.11,191.16,157692.0
13:45,191.18,191.23,191.16,191.23,140000.0
13:46,191.19,191.23,191.16,191.17,142529.0
13:47,191.2,191.2,191.13,191.2,134071.0
13:48,191.36,191.38,191.2,191.2,195156.0
13:49,191.27,191.38,191.23,191.37,191104.0
13:50,191.2,191.3,191.19,191.28,185113.0
13:51,191.2,191.24,191.15,191.2,195043.0
13:52,191.09,191.2,191.08,191.19,199434.0
13:53,191.1,191.12,191.06,191.09,137847.0
13:54,191.11,191.15,191.03,191.1,179381.0
13:55,191.05,191.14,191.04,191.1,137110.0
13:56,191.05,191.07,191.0,191.05,220391.0
13:57,191.08,191.1,191.03,191.05,173610.0
13:58,191.1,191.14,191.07,191.08,118789.0
13:59,191.1,191.13,191.07,191.11,119879.0
14:00,191.14,191.16,191.07,191.1,184652.0
14:01,191.15,191.2,191.1,191.15,193220.0
14:02,191.01,191.14,191.0,191.14,186967.0
14:03,191.13,191.13,190.97,191.01,280437.0
14:04,191.2,191.24,191.1,191.12,230533.0
14:05,191.07,191.2,191.07,191.19,161785.0
14:06,191.03,191.09,191.01,191.07,131194.0
14:07,191.04,191.08,191.01,191.02,146362.0
14:08,191.01,191.1,190.99,191.04,176059.0
14:09,191.03,191.06,190.99,191.01,212518.0
14:10,191.02,191.09,191.01,191.04,101009.0
14:11,191.01,191.03,190.99,191.01,171709.0
14:12,191.1,191.1,190.95,191.01,200430.0
14:13,190.96,191.1,190.95,191.1,150700.0
14:14,190.93,190.96,190.91,190.96,109781.0
14:15,190.98,191.01,190.92,190.93,178048.0
14:16,191.01,191.04,190.95,190.97,134191.0
14:17,191.02,191.07,190.97,191.01,170574.0
14:18,190.98,191.07,190.97,191.02,174125.0
14:19,190.97,191.01,190.92,190.98,141821.0
14:20,190.87,191.0,190.86,190.98,255445.0
14:21,190.96,190.98,190.86,190.87,186430.0
14:22,190.93,191.0,190.93,190.96,136286.0
14:23,190.86,190.96,190.84,190.93,197132.0
14:24,190.87,190.9,190.85,190.86,135122.0
14:25,190.77,190.87,190.77,190.87,268995.0
14:26,190.72,190.77,190.7,190.77,202286.0
14:27,190.65,190.72,190.64,190.71,241214.0
14:28,190.61,190.67,190.54,190.65,290757.0
14:29,190.56,190.64,190.54,190.61,235295.0
14:30,190.46,190.62,190.45,190.55,324498.0
14:31,190.43,190.47,190.37,190.46,331328.0
14:32,190.39,190.48,190.37,190.43,219165.0
14:33,190.48,190.49,190.37,190.38,317355.0
14:34,190.34,190.49,190.29,190.48,305385.0
14:35,190.4,190.44,190.27,190.34,293156.0
14:36,190.49,190.53,190.4,190.41,203784.0
14:37,190.55,190.58,190.48,190.49,236036.0
14:38,190.57,190.58,190.52,190.56,166745.0
14:39,190.54,190.58,190.54,190.57,129695.0
14:40,190.39,190.6,190.38,190.54,397894.0
14:41,190.49,190.5,190.38,190.4,124465.0
14:42,190.62,190.63,190.49,190.49,184162.0
14:43,190.69,190.7,190.62,190.62,227474.0
14:44,190.59,190.69,190.58,190.68,197718.0
14:45,190.68,190.68,190.58,190.58,167409.0
14:46,190.64,190.69,190.62,190.68,178856.0
14:47,190.57,190.64,190.54,190.62,165954.0
14:48,190.59,190.65,190.58,190.58,153122.0
14:49,190.65,190.67,190.55,190.59,186647.0
14:50,190.74,190.75,190.65,190.66,191352.0
14:51,190.63,190.75,190.62,190.74,189706.0
14:52,190.65,190.65,190.6,190.63,153479.0
14:53,190.62,190.66,190.6,190.65,128939.0
14:54,190.68,190.73,190.61,190.62,169860.0
14:55,190.74,190.79,190.65,190.68,232701.0
14:56,190.83,190.85,190.74,190.74,224242.0
14:57,190.88,190.9,190.81,190.84,162994.0
14:58,190.9,190.93,190.87,190.88,152663.0
14:59,190.77,190.91,190.74,190.9,253661.0
15:00,190.72,190.78,190.7,190.76,190640.0
15:01,190.73,190.79,190.69,190.74,176396.0
15:02,190.68,190.75,190.66,190.74,135212.0
15:03,190.71,190.73,190.63,190.68,165635.0
15:04,190.71,190.78,190.71,190.71,135224.0
15:05,190.55,190.73,190.55,190.71,263742.0
15:06,190.54,190.63,190.53,190.54,177997.0
15:07,190.5,190.55,190.5,190.54,196142.0
15:08,190.57,190.59,190.42,190.5,405702.0
15:09,190.6,190.62,190.49,190.57,241517.0
15:10,190.55,190.62,190.54,190.59,145191.0
15:11,190.53,190.56,190.49,190.55,156255.0
15:12,190.35,190.54,190.35,190.54,293104.0
15:13,190.44,190.45,190.35,190.36,251705.0
15:14,190.44,190.53,190.4,190.44,176794.0
15:15,190.31,190.44,190.3,190.44,293279.0
15:16,190.35,190.43,190.32,190.32,157183.0
15:17,190.32,190.36,190.3,190.36,212338.0
15:18,190.34,190.35,190.28,190.32,190976.0
15:19,190.39,190.4,190.32,190.34,467303.0
15:20,190.34,190.46,190.32,190.39,238634.0
15:21,190.38,190.4,190.32,190.34,132185.0
15:22,190.46,190.47,190.35,190.38,182083.0
15:23,190.47,190.55,190.46,190.46,244998.0
15:24,190.57,190.65,190.43,190.48,290452.0
15:25,190.7,190.92,190.48,190.58,539230.0
15:26,190.6,190.72,190.55,190.71,302902.0
15:27,190.63,190.73,190.53,190.6,276114.0
15:28,190.74,190.79,190.63,190.65,287925.0
15:29,190.73,190.73,190.6,190.71,258388.0
15:30,190.94,190.95,190.72,190.73,273559.0
15:31,190.95,190.99,190.9,190.95,340413.0
15:32,190.88,190.96,190.86,190.96,204408.0
15:33,190.83,190.9,190.8,190.87,236148.0
15:34,190.77,190.87,190.76,190.82,213804.0
15:35,190.76,190.83,190.73,190.78,234700.0
15:36,190.77,190.82,190.74,190.76,236761.0
15:37,190.87,190.9,190.76,190.77,231100.0
15:38,190.81,190.88,190.77,190.88,204265.0
15:39,190.76,190.84,190.76,190.82,163421.0
15:40,190.73,190.8,190.71,190.76,280266.0
15:41,190.82,190.83,190.72,190.73,234786.0
15:42,190.79,190.86,190.74,190.83,184775.0
15:43,190.83,190.86,190.75,190.79,411136.0
15:44,190.82,190.85,190.78,190.84,171884.0
15:45,190.86,190.89,190.83,190.83,247903.0
15:46,190.96,191.02,190.85,190.85,515025.0
15:47,190.94,190.98,190.9,190.97,263151.0
15:48,191.01,191.02,190.9,190.93,319762.0
15:49,191.07,191.08,190.99,191.01,335929.0
15:50,191.62,191.75,191.07,191.08,1606900.0
15:51,191.57,191.65,191.52,191.63,674396.0
15:52,191.36,191.59,191.33,191.57,613802.0
15:53,191.45,191.52,191.37,191.37,543298.0
15:54,191.6,191.68,191.41,191.46,896498.0
15:55,191.37,191.62,191.32,191.61,776160.0
15:56,191.3,191.45,191.24,191.38,727072.0
15:57,191.38,191.4,191.22,191.3,821833.0
15:58,191.45,191.56,191.38,191.38,1196328.0
15:59,191.43,191.51,191.4,191.46,1915283.0
