Time,Close,High,Low,Open,Volume
09:30,39.73,39.81,39.48,39.5,116419.0
09:31,39.38,39.7,39.29,39.67,29725.0
09:32,39.48,39.62,39.39,39.52,25271.0
09:33,39.59,39.7,39.49,39.49,17322.0
09:34,39.58,39.7,39.52,39.55,10305.0
09:35,39.38,39.63,39.22,39.61,66196.0
09:36,39.41,39.51,39.34,39.46,4183.0
09:37,39.12,39.31,39.01,39.26,26471.0
09:38,39.0,39.15,38.88,39.15,101977.0
09:39,39.06,39.14,38.89,39.04,29624.0
09:40,38.94,39.09,38.9,38.96,21628.0
09:41,38.95,39.0,38.8,38.9,18147.0
09:42,38.6,38.92,38.59,38.91,53020.0
09:43,38.47,38.65,38.42,38.57,46004.0
09:44,38.49,38.51,38.42,38.47,19582.0
09:45,38.73,38.73,38.53,38.53,31960.0
09:46,38.6,38.74,38.6,38.73,25352.0
09:47,38.62,38.66,38.55,38.63,14536.0
09:48,38.67,38.68,38.5,38.59,85634.0
09:49,38.69,38.8,38.61,38.68,33592.0
09:50,38.77,38.83,38.69,38.7,17595.0
09:51,38.82,38.88,38.75,38.78,23319.0
09:52,38.93,38.97,38.83,38.83,17505.0
09:53,38.76,38.95,38.73,38.91,36335.0
09:54,38.65,38.77,38.51,38.76,18703.0
09:55,38.62,38.72,38.55,38.62,21581.0
09:56,38.72,38.72,38.63,38.63,16499.0
09:57,38.71,38.79,38.67,38.7,22078.0
09:58,38.7,38.73,38.69,38.7,5997.0
09:59,38.64,38.73,38.64,38.7,8078.0
10:00,38.56,38.62,38.54,38.6,37304.0
10:01,38.43,38.56,38.38,38.56,44556.0
10:02,38.36,38.42,38.26,38.41,42163.0
10:03,38.37,38.37,38.29,38.35,20401.0
10:04,38.24,38.37,38.18,38.35,60690.0
10:05,38.28,38.29,38.18,38.19,21351.0
10:06,38.28,38.34,38.23,38.28,30548.0
10:07,38.38,38.38,38.26,38.31,38364.0
10:08,38.54,38.56,38.37,38.37,14304.0
10:09,38.67,38.67,38.56,38.56,14838.0
10:10,38.66,38.67,38.61,38.67,13102.0
10:11,38.69,38.71,38.62,38.63,14975.0
10:12,38.81,38.85,38.69,38.71,15397.0
10:13,38.75,38.8,38.69,38.78,12620.0
10:14,38.83,38.85,38.75,38.75,11094.0
10:15,38.87,38.87,38.79,38.83,7507.0
10:16,38.81,38.89,38.78,38.82,22486.0
10:17,38.76,38.82,38.75,38.82,12602.0
10:18,38.74,38.81,38.68,38.79,14137.0
10:19,38.69,38.75,38.68,38.73,5363.0
10:20,38.68,38.69,38.63,38.69,13773.0
10:21,38.59,38.7,38.55,38.69,14738.0
10:22,38.6,38.62,38.57,38.57,13919.0
10:23,38.63,38.64,38.58,38.61,19142.0
10:24,38.6,38.66,38.57,38.62,21045.0
10:25,38.62,38.62,38.55,38.57,8807.0
10:26,38.72,38.74,38.59,38.63,18999.0
10:27,38.65,38.71,38.54,38.71,24537.0
10:28,38.55,38.65,38.55,38.62,13248.0
10:29,38.62,38.65,38.57,38.57,11290.0
10:30,38.57,38.65,38.52,38.65,11371.0
10:31,38.59,38.63,38.56,38.57,17598.0
10:32,38.6,38.62,38.56,38.58,6424.0
10:33,38.56,38.57,38.52,38.56,18123.0
10:34,38.44,38.54,38.44,38.52,10123.0
10:35,38.51,38.55,38.48,38.48,11531.0
10:36,38.49,38.54,38.47,38.51,11685.0
10:37,38.4,38.51,38.4,38.51,8303.0
10:38,38.45,38.46,38.39,38.42,8687.0
10:39,38.5,38.53,38.46,38.47,15743.0
10:40,38.53,38.55,38.47,38.51,13719.0
10:41,38.45,38.54,38.45,38.54,10832.0
10:42,38.5,38.53,38.44,38.47,8864.0
10:43,38.44,38.52,38.44,38.51,9445.0
10:44,38.41,38.47,38.39,38.46,8514.0
10:45,38.31,38.42,38.3,38.42,9037.0
10:46,38.14,38.31,38.1,38.31,20527.0
10:47,38.04,38.12,38.03,38.11,26071.0
10:48,38.08,38.08,38.02,38.06,12724.0
10:49,38.02,38.1,37.98,38.09,81139.0
10:50,37.97,38.05,37.92,38.03,84371.0
10:51,37.92,37.99,37.89,37.99,19978.0
10:52,37.87,37.92,37.87,37.9,20196.0
10:53,37.94,37.94,37.87,37.89,16464.0
10:54,37.84,37.93,37.82,37.93,29438.0
10:55,37.75,37.87,37.73,37.83,39006.0
10:56,37.8,37.82,37.72,37.72,15470.0
10:57,37.77,37.81,37.76,37.79,18989.0
10:58,37.88,37.89,37.74,37.78,19964.0
10:59,37.96,37.98,37.88,37.89,20371.0
11:00,38.0,38.03,37.95,37.97,12549.0
11:01,37.95,38.04,37.95,38.0,18475.0
11:02,37.88,38.01,37.88,37.97,28307.0
11:03,37.81,37.89,37.74,37.89,15538.0
11:04,37.72,37.81,37.71,37.8,7916.0
11:05,37.67,37.74,37.64,37.73,21267.0
11:06,37.58,37.68,37.58,37.68,26980.0
11:07,37.62,37.63,37.54,37.61,21574.0
11:08,37.63,37.63,37.58,37.6,10048.0
11:09,37.7,37.72,37.63,37.64,8693.0
11:10,37.55,37.71,37.55,37.71,8766.0
11:11,37.64,37.66,37.56,37.6,11722.0
11:12,37.63,37.67,37.58,37.65,12400.0
11:13,37.6,37.61,37.55,37.6,13834.0
11:14,37.58,37.61,37.57,37.57,4495.0
11:15,37.65,37.66,37.6,37.6,19956.0
11:16,37.44,37.65,37.44,37.65,41127.0
11:17,37.28,37.44,37.26,37.44,56605.0
11:18,37.26,37.34,37.26,37.28,35601.0
11:19,37.24,37.28,37.14,37.28,41315.0
11:20,37.29,37.3,37.23,37.24,34411.0
11:21,37.24,37.31,37.22,37.29,21965.0
11:22,37.4,37.42,37.24,37.24,44681.0
11:23,37.46,37.56,37.39,37.4,30970.0
11:24,37.38,37.46,37.36,37.46,19576.0
11:25,37.4,37.44,37.36,37.38,31506.0
11:26,37.44,37.46,37.39,37.4,25078.0
11:27,37.49,37.49,37.44,37.44,18733.0
11:28,37.56,37.59,37.49,37.49,54987.0
11:29,37.6,37.64,37.55,37.55,47539.0
11:30,37.56,37.62,37.42,37.6,29194.0
11:31,37.49,37.57,37.47,37.56,26894.0
11:32,37.44,37.49,37.42,37.47,17343.0
11:33,37.36,37.44,37.33,37.44,23375.0
11:34,37.39,37.42,37.36,37.38,20197.0
11:35,37.28,37.44,37.28,37.4,18169.0
11:36,37.15,37.29,37.13,37.29,23082.0
11:37,37.14,37.17,37.11,37.14,29159.0
11:38,37.01,37.13,37.0,37.13,22691.0
11:39,36.96,37.04,36.91,37.02,78175.0
11:40,36.93,37.01,36.88,36.94,46232.0
11:41,36.84,36.96,36.82,36.96,23648.0
11:42,36.76,36.85,36.71,36.81,52646.0
11:43,36.95,36.95,36.69,36.74,39755.0
11:44,37.04,37.11,36.93,36.95,50259.0
11:45,37.18,37.32,37.02,37.06,433696.0
11:46,37.22,37.24,37.13,37.19,78044.0
11:47,37.4,37.44,37.18,37.24,39670.0
11:48,37.22,37.4,37.18,37.4,36943.0
11:49,37.33,37.33,37.24,37.24,15741.0
11:50,37.33,37.37,37.31,37.35,9948.0
11:51,37.49,37.56,37.35,37.35,35608.0
11:52,37.35,37.52,37.34,37.5,23783.0
11:53,37.3,37.33,37.23,37.33,10848.0
11:54,37.26,37.33,37.25,37.32,9644.0
11:55,37.23,37.28,37.23,37.24,10684.0
11:56,37.19,37.22,37.17,37.22,7389.0
11:57,37.21,37.23,37.17,37.17,4874.0
11:58,37.21,37.22,37.15,37.21,10188.0
11:59,37.26,37.26,37.2,37.23,8666.0
12:00,37.31,37.32,37.24,37.26,10233.0
12:01,37.16,37.34,37.16,37.33,19385.0
12:02,37.12,37.24,37.12,37.18,10067.0
12:03,37.15,37.17,37.12,37.12,25749.0
12:04,37.21,37.21,37.09,37.15,14658.0
12:05,37.19,37.22,37.15,37.22,4834.0
12:06,37.22,37.27,37.19,37.19,8563.0
12:07,37.13,37.18,37.13,37.18,10882.0
12:08,37.08,37.15,37.08,37.13,11354.0
12:09,37.06,37.1,36.97,37.1,41791.0
12:10,37.01,37.14,36.99,37.05,52740.0
12:11,37.05,37.08,37.0,37.03,15924.0
12:12,37.1,37.12,37.07,37.07,16836.0
12:13,37.08,37.11,37.07,37.1,14020.0
12:14,36.99,37.08,36.98,37.06,13595.0
12:15,37.1,37.1,36.99,36.99,10647.0
12:16,37.14,37.17,37.08,37.08,9576.0
12:17,37.19,37.19,37.15,37.15,9971.0
12:18,37.1,37.18,37.08,37.16,22360.0
12:19,37.07,37.13,37.05,37.11,6623.0
12:20,37.07,37.09,37.04,37.06,7227.0
12:21,37.1,37.13,37.08,37.08,11175.0
12:22,37.11,37.12,37.07,37.08,8172.0
12:23,37.17,37.19,37.09,37.11,13409.0
12:24,37.16,37.17,37.15,37.17,6437.0
12:25,37.2,37.21,37.09,37.16,14547.0
12:26,37.15,37.22,37.1,37.21,7562.0
12:27,37.17,37.2,37.13,37.13,7353.0
12:28,37.24,37.24,37.16,37.17,7903.0
12:29,37.21,37.25,37.18,37.25,7393.0
12:30,37.25,37.25,37.21,37.21,11038.0
12:31,37.24,37.29,37.23,37.26,16200.0
12:32,37.18,37.24,37.15,37.22,6501.0
12:33,37.19,37.21,37.18,37.19,5314.0
12:34,37.16,37.19,37.14,37.17,13787.0
12:35,37.04,37.14,37.02,37.14,10349.0
12:36,37.0,37.05,36.98,37.04,18782.0
12:37,36.95,36.99,36.94,36.99,6900.0
12:38,36.96,36.98,36.95,36.96,4110.0
12:39,37.06,37.07,36.97,36.97,9357.0
12:40,37.02,37.06,37.0,37.05,27079.0
12:41,37.06,37.1,37.0,37.03,57844.0
12:42,36.99,37.11,36.99,37.06,14297.0
12:43,36.91,36.99,36.89,36.97,17494.0
12:44,36.86,36.93,36.85,36.93,15678.0
12:45,36.79,36.88,36.77,36.86,32559.0
12:46,36.77,36.78,36.72,36.78,60068.0
12:47,36.65,36.75,36.51,36.75,33607.0
12:48,36.76,36.78,36.65,36.65,21608.0
12:49,36.77,36.77,36.7,36.75,22842.0
12:50,36.73,36.77,36.72,36.77,7280.0
12:51,36.71,36.81,36.69,36.76,32586.0
12:52,36.75,36.76,36.7,36.7,16583.0
12:53,36.79,36.8,36.76,36.76,5016.0
12:54,36.83,36.84,36.81,36.81,10161.0
12:55,36.76,36.84,36.75,36.84,14164.0
12:56,36.85,36.85,36.75,36.78,32375.0
12:57,36.74,36.82,36.74,36.82,6949.0
12:58,36.76,36.79,36.74,36.74,9318.0
12:59,36.78,36.78,36.73,36.76,9125.0
13:00,36.88,36.89,36.79,36.79,61232.0
13:01,36.91,36.95,36.89,36.89,13166.0
13:02,36.86,36.91,36.82,36.9,12194.0
13:03,36.83,36.9,36.83,36.85,8762.0
13:04,36.78,36.86,36.78,36.85,9686.0
13:05,36.78,36.85,36.77,36.8,8825.0
13:06,36.83,36.83,36.79,36.79,16232.0
13:07,36.83,36.84,36.78,36.83,13362.0
13:08,36.78,36.82,36.78,36.82,4999.0
13:09,36.76,36.79,36.76,36.78,4636.0
13:10,36.78,36.79,36.73,36.76,17419.0
13:11,36.82,36.82,36.74,36.76,15672.0
13:12,36.97,36.99,36.82,36.82,31065.0
13:13,36.88,36.97,36.87,36.97,34602.0
13:14,36.97,36.98,36.9,36.9,19614.0
13:15,36.87,36.97,36.87,36.97,23700.0
13:16,36.83,36.88,36.8,36.85,46426.0
13:17,36.76,36.86,36.76,36.86,27019.0
13:18,36.74,36.78,36.73,36.77,25301.0
13:19,36.64,36.74,36.63,36.74,80580.0
13:20,36.59,36.65,36.57,36.64,19984.0
13:21,36.55,36.59,36.55,36.59,16288.0
13:22,36.6,36.6,36.54,36.57,12288.0
13:23,36.6,36.66,36.59,36.6,14511.0
13:24,36.59,36.62,36.59,36.61,8872.0
13:25,36.54,36.6,36.52,36.6,21465.0
13:26,36.52,36.55,36.5,36.53,15941.0
13:27,36.52,36.53,36.5,36.52,7844.0
13:28,36.52,36.56,36.51,36.52,11733.0
13:29,36.64,36.65,36.52,36.52,27203.0
13:30,36.63,36.67,36.63,36.65,21623.0
13:31,36.68,36.68,36.62,36.64,14899.0
13:32,36.71,36.71,36.64,36.68,14191.0
13:33,36.65,36.71,36.65,36.69,22741.0
13:34,36.6,36.65,36.58,36.64,15534.0
13:35,36.58,36.62,36.57,36.61,14628.0
13:36,36.49,36.57,36.46,36.57,38954.0
13:37,36.57,36.58,36.46,36.49,33291.0
13:38,36.54,36.6,36.54,36.57,12671.0
13:39,36.55,36.58,36.52,36.54,26987.0
13:40,36.55,36.56,36.52,36.54,17906.0
13:41,36.58,36.58,36.52,36.53,21460.0
13:42,36.57,36.64,36.57,36.57,14961.0
13:43,36.69,36.71,36.58,36.58,18263.0
13:44,36.72,36.74,36.64,36.68,31451.0
13:45,36.74,36.76,36.69,36.72,14576.0
13:46,36.65,36.74,36.64,36.74,20503.0
13:47,36.63,36.74,36.63,36.66,20394.0
13:48,36.56,36.68,36.56,36.62,18940.0
13:49,36.62,36.62,36.56,36.57,10226.0
13:50,36.62,36.65,36.61,36.62,8562.0
13:51,36.7,36.74,36.6,36.61,18277.0
13:52,36.71,36.75,36.67,36.7,14840.0
13:53,36.73,36.75,36.67,36.71,22779.0
13:54,36.73,36.76,36.7,36.74,16781.0
13:55,36.83,36.83,36.72,36.74,88088.0
13:56,36.9,36.92,36.8,36.83,25456.0
13:57,36.86,36.89,36.81,36.89,39553.0
13:58,36.85,36.92,36.85,36.85,26040.0
13:59,36.87,36.89,36.85,36.85,16677.0
14:00,36.79,36.9,36.75,36.88,21305.0
14:01,36.72,36.81,36.71,36.8,27793.0
14:02,36.72,36.72,36.65,36.72,20216.0
14:03,36.74,36.76,36.7,36.7,15649.0
14:04,36.81,36.82,36.74,36.74,19590.0
14:05,36.79,36.86,36.79,36.81,15698.0
14:06,36.83,36.86,36.79,36.79,14720.0
14:07,36.78,36.88,36.77,36.84,23439.0
14:08,36.73,36.8,36.69,36.77,15386.0
14:09,36.75,36.75,36.69,36.74,28483.0
14:10,36.83,36.88,36.74,36.74,28693.0
14:11,36.83,36.85,36.79,36.82,13582.0
14:12,36.79,36.84,36.79,36.83,6308.0
14:13,36.82,36.82,36.76,36.79,18994.0
14:14,36.78,36.88,36.74,36.83,31554.0
14:15,36.79,36.81,36.74,36.76,28456.0
14:16,36.84,36.84,36.77,36.78,21427.0
14:17,36.83,36.84,36.79,36.83,21102.0
14:18,36.88,36.88,36.83,36.84,12959.0
14:19,36.79,36.87,36.79,36.87,40586.0
14:20,36.82,36.84,36.79,36.81,11314.0
14:21,36.87,36.88,36.82,36.82,25459.0
14:22,36.92,36.96,36.85,36.87,30924.0
14:23,36.95,36.97,36.91,36.91,21694.0
14:24,36.94,36.99,36.92,36.94,21982.0
14:25,37.04,37.05,36.94,36.95,22435.0
14:26,37.03,37.05,36.97,37.04,32077.0
14:27,37.11,37.13,37.0,37.05,47016.0
14:28,37.08,37.16,37.07,37.09,20080.0
14:29,37.11,37.12,37.07,37.07,8736.0
14:30,37.12,37.14,37.1,37.1,35722.0
14:31,37.1,37.14,37.1,37.12,8443.0
14:32,37.16,37.17,37.09,37.09,20387.0
14:33,37.2,37.21,37.15,37.15,18376.0
14:34,37.18,37.29,37.18,37.18,36882.0
14:35,37.25,37.28,37.18,37.18,15320.0
14:36,37.21,37.26,37.21,37.26,10106.0
14:37,37.2,37.23,37.15,37.21,21441.0
14:38,37.01,37.16,37.0,37.16,5827.0
14:39,37.04,37.09,37.01,37.02,19784.0
14:40,36.99,37.06,36.93,37.06,60934.0
14:41,37.01,37.02,36.93,36.99,11082.0
14:42,37.04,37.04,37.01,37.01,14123.0
14:43,37.08,37.1,37.03,37.03,24060.0
14:44,37.08,37.1,37.01,37.08,20589.0
14:45,37.05,37.11,37.05,37.09,16373.0
14:46,37.01,37.05,37.0,37.05,23685.0
14:47,36.96,37.04,36.96,37.01,11156.0
14:48,36.92,37.0,36.9,36.96,12138.0
14:49,36.89,36.93,36.88,36.92,7605.0
14:50,36.98,36.99,36.9,36.9,37145.0
14:51,36.95,37.0,36.94,37.0,10978.0
14:52,37.04,37.06,36.96,36.96,24565.0
14:53,36.98,37.04,36.97,37.04,10909.0
14:54,36.96,37.01,36.96,36.98,10154.0
14:55,36.89,36.97,36.89,36.97,46212.0
14:56,36.91,36.98,36.88,36.88,31943.0
14:57,36.95,36.95,36.89,36.9,17511.0
14:58,36.96,36.98,36.91,36.93,20103.0
14:59,36.97,36.98,36.93,36.95,17969.0
15:00,37.01,37.01,36.94,36.96,19104.0
15:01,37.03,37.05,36.96,37.0,32679.0
15:02,36.95,37.02,36.94,37.02,103185.0
15:03,37.02,37.04,36.94,36.94,38547.0
15:04,36.95,37.04,36.94,37.03,13761.0
15:05,36.91,36.94,36.87,36.94,27713.0
15:06,36.91,36.95,36.87,36.92,33519.0
15:07,36.94,36.97,36.9,36.91,9544.0
15:08,37.0,37.01,36.93,36.94,27974.0
15:09,37.01,37.04,36.99,37.0,21798.0
15:10,37.01,37.07,37.0,37.01,19423.0
15:11,37.06,37.08,37.02,37.02,20733.0
15:12,37.03,37.07,37.01,37.06,16892.0
15:13,37.0,37.05,37.0,37.03,21916.0
15:14,36.95,37.01,36.94,37.0,18850.0
15:15,36.9,36.97,36.86,36.94,21193.0
15:16,36.94,36.97,36.9,36.9,11441.0
15:17,36.83,36.92,36.81,36.92,17664.0
15:18,36.84,36.86,36.82,36.83,13375.0
15:19,36.82,36.85,36.82,36.84,16889.0
15:20,36.72,36.83,36.72,36.83,22143.0
15:21,36.69,36.73,36.65,36.72,28167.0
15:22,36.78,36.78,36.68,36.7,43515.0
15:23,36.72,36.77,36.71,36.77,15052.0
15:24,36.83,36.84,36.72,36.72,22333.0
15:25,36.77,36.83,36.73,36.83,16015.0
15:26,36.76,36.78,36.75,36.77,12306.0
15:27,36.88,36.88,36.76,36.76,23912.0
15:28,36.91,36.94,36.87,36.88,17324.0
15:29,36.96,36.96,36.9,36.92,17297.0
15:30,37.0,37.04,36.96,36.96,41530.0
15:31,36.97,37.01,36.96,36.99,25679.0
15:32,36.94,36.98,36.92,36.98,14865.0
15:33,36.96,36.98,36.93,36.94,45995.0
15:34,36.97,36.98,36.92,36.96,22528.0
15:35,37.06,37.07,36.97,36.98,44590.0
15:36,37.09,37.1,37.06,37.06,18929.0
15:37,37.03,37.1,37.01,37.09,14534.0
15:38,37.06,37.06,37.0,37.04,28539.0
15:39,37.06,37.1,37.04,37.05,19833.0
15:40,37.08,37.1,37.05,37.07,16878.0
15:41,37.03,37.1,37.03,37.09,41877.0
15:42,37.03,37.06,36.99,37.03,24536.0
15:43,36.93,37.04,36.93,37.03,25597.0
15:44,36.92,36.96,36.92,36.95,24077.0
15:45,36.98,36.98,36.9,36.92,39896.0
15:46,36.96,37.01,36.94,36.97,54266.0
15:47,36.92,36.97,36.92,36.97,41950.0
15:48,36.89,36.95,36.88,36.93,43544.0
15:49,36.84,36.92,36.79,36.9,66051.0
15:50,36.95,36.96,36.85,36.85,58729.0
15:51,37.02,37.02,36.92,36.96,46237.0
15:52,37.05,37.05,37.01,37.03,84072.0
15:53,37.02,37.11,37.0,37.04,100019.0
15:54,36.97,37.06,36.97,37.03,73196.0
15:55,37.19,37.19,36.97,36.98,105525.0
15:56,37.19,37.22,37.15,37.19,126154.0
15:57,37.16,37.2,37.11,37.19,147010.0
15:58,37.17,37.21,37.15,37.16,223380.0
15:59,37.16,37.19,37.12,37.18,242650.0
