Time,Close,High,Low,Open,Volume
09:30,41.69,41.85,40.85,41.39,768599.0
09:31,41.61,41.96,41.59,41.69,122062.0
09:32,41.7,41.9,41.56,41.56,117922.0
09:33,41.31,41.74,41.23,41.74,48797.0
09:34,41.63,41.94,41.23,41.23,90275.0
09:35,41.39,41.75,41.26,41.6,47939.0
09:36,41.84,41.92,41.4,41.46,110863.0
09:37,41.74,42.05,41.71,41.88,137220.0
09:38,41.74,42.0,41.65,41.7,139468.0
09:39,41.73,41.85,41.64,41.7,34150.0
09:40,41.61,41.87,41.55,41.78,88163.0
09:41,41.36,41.59,41.21,41.51,136065.0
09:42,41.41,41.43,41.26,41.37,31943.0
09:43,41.27,41.43,41.26,41.39,29375.0
09:44,41.11,41.32,41.05,41.29,34232.0
09:45,40.88,41.22,40.88,41.14,100317.0
09:46,41.01,41.08,40.76,40.86,117229.0
09:47,41.32,41.36,40.97,41.01,64871.0
09:48,41.51,41.53,41.24,41.28,44017.0
09:49,41.39,41.54,41.26,41.5,31665.0
09:50,41.17,41.62,41.11,41.42,32403.0
09:51,40.96,41.26,40.95,41.17,26653.0
09:52,41.03,41.08,40.89,40.94,30270.0
09:53,41.11,41.2,41.03,41.04,30600.0
09:54,41.1,41.16,41.03,41.11,15562.0
09:55,41.03,41.15,40.94,41.1,25617.0
09:56,41.07,41.1,41.0,41.05,34609.0
09:57,41.05,41.18,41.03,41.08,25087.0
09:58,41.01,41.09,41.01,41.08,15751.0
09:59,41.03,41.12,40.86,40.98,42195.0
10:00,41.29,41.41,41.04,41.04,55779.0
10:01,41.19,41.31,41.13,41.25,43071.0
10:02,41.25,41.32,41.17,41.17,34185.0
10:03,41.21,41.3,41.19,41.29,28766.0
10:04,40.92,41.25,40.89,41.18,98848.0
10:05,41.12,41.17,40.88,40.89,29025.0
10:06,41.13,41.3,41.1,41.12,37370.0
10:07,40.89,41.13,40.87,41.13,30737.0
10:08,41.01,41.1,40.9,40.9,16263.0
10:09,40.72,41.01,40.71,41.01,35869.0
10:10,40.87,40.93,40.71,40.73,33325.0
10:11,40.83,40.9,40.8,40.85,26846.0
10:12,40.74,40.88,40.73,40.85,15578.0
10:13,40.78,40.85,40.74,40.74,16360.0
10:14,40.65,40.8,40.6,40.78,37555.0
10:15,40.57,40.69,40.54,40.66,38814.0
10:16,40.68,40.78,40.58,40.58,20339.0
10:17,40.67,40.78,40.67,40.68,19883.0
10:18,40.76,40.85,40.68,40.69,46945.0
10:19,40.72,40.8,40.7,40.77,21927.0
10:20,40.72,40.74,40.69,40.72,12973.0
10:21,40.74,40.75,40.61,40.74,31828.0
10:22,40.69,40.81,40.69,40.74,17558.0
10:23,40.67,40.7,40.62,40.68,17946.0
10:24,40.62,40.71,40.61,40.71,13971.0
10:25,40.72,40.72,40.62,40.62,22213.0
10:26,40.58,40.73,40.58,40.71,24108.0
10:27,40.65,40.67,40.55,40.6,29592.0
10:28,40.63,40.71,40.63,40.67,62783.0
10:29,40.54,40.66,40.5,40.64,38231.0
10:30,40.43,40.56,40.4,40.55,28144.0
10:31,40.25,40.43,40.23,40.43,60708.0
10:32,40.22,40.3,40.2,40.26,69641.0
10:33,40.37,40.4,40.18,40.23,47605.0
10:34,40.42,40.46,40.36,40.38,27067.0
10:35,40.3,40.42,40.28,40.42,37151.0
10:36,40.18,40.44,40.17,40.32,27346.0
10:37,40.12,40.18,40.09,40.17,71369.0
10:38,40.25,40.27,40.09,40.12,54246.0
10:39,40.21,40.27,40.2,40.24,24175.0
10:40,40.2,40.23,40.15,40.22,15672.0
10:41,40.22,40.27,40.16,40.22,26734.0
10:42,40.24,40.26,40.2,40.24,18899.0
10:43,40.17,40.28,40.17,40.25,36073.0
10:44,40.13,40.22,40.13,40.17,20578.0
10:45,40.17,40.18,40.13,40.15,27189.0
10:46,40.21,40.22,40.12,40.15,20606.0
10:47,40.21,40.3,40.19,40.2,41679.0
10:48,40.18,40.25,40.08,40.2,31541.0
10:49,40.22,40.22,40.16,40.19,27878.0
10:50,40.06,40.27,40.03,40.23,50944.0
10:51,40.17,40.21,40.07,40.07,23773.0
10:52,40.08,40.15,40.03,40.15,25289.0
10:53,40.03,40.07,39.96,40.07,43250.0
10:54,40.22,40.22,40.02,40.02,24226.0
10:55,40.24,40.25,40.18,40.2,37278.0
10:56,39.99,40.24,39.97,40.24,36287.0
10:57,40.08,40.12,39.97,39.98,32530.0
10:58,40.06,40.12,40.05,40.09,21305.0
10:59,40.07,40.12,40.06,40.07,28810.0
11:00,40.05,40.11,40.01,40.08,31079.0
11:01,39.88,40.07,39.86,40.04,36293.0
11:02,39.95,39.99,39.9,39.91,29448.0
11:03,40.19,40.19,39.95,39.97,71732.0
11:04,40.2,40.25,40.15,40.21,52139.0
11:05,40.24,40.25,40.15,40.19,27241.0
11:06,40.3,40.36,40.24,40.24,71560.0
11:07,40.23,40.3,40.15,40.3,53894.0
11:08,40.24,40.28,40.22,40.24,74242.0
11:09,40.16,40.24,40.11,40.22,35991.0
11:10,40.08,40.2,40.07,40.16,24904.0
11:11,40.16,40.17,40.08,40.08,26285.0
11:12,40.08,40.21,40.05,40.18,34025.0
11:13,40.2,40.22,40.09,40.09,14423.0
11:14,40.09,40.22,40.09,40.2,14499.0
11:15,40.19,40.21,40.1,40.11,28164.0
11:16,40.07,40.21,40.06,40.2,30936.0
11:17,40.17,40.19,40.1,40.1,23065.0
11:18,40.06,40.21,40.04,40.17,27551.0
11:19,40.1,40.13,40.07,40.07,14608.0
11:20,40.04,40.09,39.97,40.08,58639.0
11:21,40.04,40.08,39.99,40.03,19206.0
11:22,39.9,40.05,39.9,40.02,35629.0
11:23,39.89,39.95,39.87,39.91,20139.0
11:24,39.78,39.89,39.76,39.89,37316.0
11:25,39.83,39.86,39.78,39.78,25737.0
11:26,39.79,39.85,39.76,39.83,23340.0
11:27,39.71,39.78,39.7,39.78,28564.0
11:28,39.67,39.69,39.64,39.69,18874.0
11:29,39.72,39.74,39.65,39.66,24042.0
11:30,39.76,39.78,39.62,39.71,43616.0
11:31,39.59,39.77,39.57,39.77,48012.0
11:32,39.5,39.6,39.47,39.59,47928.0
11:33,39.57,39.57,39.43,39.49,30778.0
11:34,39.57,39.6,39.54,39.58,19548.0
11:35,39.54,39.73,39.46,39.57,125522.0
11:36,39.62,39.62,39.51,39.51,29961.0
11:37,39.56,39.65,39.53,39.61,24809.0
11:38,39.72,39.72,39.55,39.57,28499.0
11:39,39.72,39.72,39.65,39.7,16058.0
11:40,39.65,39.72,39.63,39.72,23851.0
11:41,39.69,39.73,39.64,39.64,15137.0
11:42,39.74,39.75,39.69,39.71,18090.0
11:43,39.69,39.76,39.65,39.75,24621.0
11:44,39.72,39.73,39.65,39.71,15446.0
11:45,39.52,39.71,39.52,39.71,12016.0
11:46,39.56,39.58,39.52,39.52,15753.0
11:47,39.56,39.56,39.47,39.53,15318.0
11:48,39.61,39.65,39.56,39.56,25286.0
11:49,39.6,39.61,39.58,39.61,11175.0
11:50,39.64,39.71,39.56,39.58,24899.0
11:51,39.67,39.71,39.64,39.67,18269.0
11:52,39.87,39.87,39.67,39.67,29551.0
11:53,39.82,39.9,39.8,39.84,28391.0
11:54,39.87,39.88,39.83,39.84,19311.0
11:55,39.81,39.87,39.77,39.86,27221.0
11:56,39.52,39.79,39.52,39.79,23650.0
11:57,39.6,39.61,39.55,39.55,14250.0
11:58,39.47,39.6,39.45,39.6,23345.0
11:59,39.49,39.51,39.45,39.48,22074.0
12:00,39.71,39.71,39.5,39.5,47178.0
12:01,39.6,39.72,39.6,39.72,28746.0
12:02,39.72,39.77,39.6,39.61,31536.0
12:03,39.63,39.69,39.59,39.69,33668.0
12:04,39.59,39.63,39.58,39.61,16971.0
12:05,39.56,39.59,39.54,39.59,13299.0
12:06,39.38,39.56,39.37,39.56,30323.0
12:07,39.24,39.39,39.22,39.38,39789.0
12:08,39.32,39.33,39.23,39.23,28707.0
12:09,39.42,39.43,39.31,39.34,20450.0
12:10,39.61,39.61,39.42,39.42,23371.0
12:11,39.61,39.65,39.6,39.62,36550.0
12:12,39.65,39.69,39.63,39.63,16371.0
12:13,39.67,39.77,39.65,39.65,27009.0
12:14,39.52,39.69,39.51,39.68,19787.0
12:15,39.54,39.57,39.51,39.53,17393.0
12:16,39.53,39.56,39.53,39.55,20290.0
12:17,39.67,39.68,39.54,39.54,17126.0
12:18,39.72,39.72,39.67,39.68,28325.0
12:19,39.74,39.77,39.7,39.72,14968.0
12:20,39.79,39.81,39.67,39.74,23182.0
12:21,39.71,39.8,39.69,39.79,15278.0
12:22,39.74,39.75,39.7,39.7,15727.0
12:23,39.75,39.81,39.74,39.76,18709.0
12:24,39.7,39.76,39.67,39.76,39666.0
12:25,39.69,39.7,39.64,39.7,15214.0
12:26,39.72,39.73,39.67,39.71,16924.0
12:27,39.81,39.81,39.72,39.72,19075.0
12:28,39.86,39.88,39.83,39.83,18126.0
12:29,39.83,39.88,39.83,39.86,10190.0
12:30,39.81,39.85,39.81,39.83,11913.0
12:31,39.79,39.81,39.79,39.81,9212.0
12:32,39.95,39.97,39.81,39.81,20770.0
12:33,40.11,40.11,39.95,39.96,28546.0
12:34,40.07,40.11,40.04,40.09,16307.0
12:35,40.24,40.28,40.05,40.06,20165.0
12:36,40.22,40.24,40.17,40.22,20413.0
12:37,40.21,40.29,40.21,40.22,14288.0
12:38,40.28,40.28,40.19,40.2,14013.0
12:39,40.25,40.32,40.24,40.28,18938.0
12:40,40.31,40.33,40.23,40.24,14867.0
12:41,40.28,40.34,40.25,40.3,22000.0
12:42,40.3,40.32,40.27,40.3,18696.0
12:43,40.4,40.42,40.31,40.31,18994.0
12:44,40.4,40.42,40.38,40.4,13033.0
12:45,40.5,40.53,40.42,40.42,77087.0
12:46,40.47,40.51,40.46,40.51,19404.0
12:47,40.46,40.51,40.44,40.49,12212.0
12:48,40.48,40.5,40.46,40.47,13082.0
12:49,40.42,40.5,40.38,40.47,39936.0
12:50,40.5,40.5,40.42,40.43,10514.0
12:51,40.45,40.54,40.45,40.5,12178.0
12:52,40.52,40.52,40.42,40.44,12040.0
12:53,40.48,40.52,40.47,40.51,9954.0
12:54,40.49,40.52,40.47,40.48,18127.0
12:55,40.49,40.49,40.46,40.48,13173.0
12:56,40.52,40.55,40.5,40.5,18957.0
12:57,40.54,40.58,40.51,40.53,84432.0
12:58,40.6,40.61,40.53,40.53,22141.0
12:59,40.6,40.63,40.56,40.61,29007.0
13:00,40.66,40.66,40.58,40.58,17947.0
13:01,40.63,40.75,40.62,40.65,34542.0
13:02,40.6,40.65,40.57,40.64,27111.0
13:03,40.5,40.62,40.49,40.61,47335.0
13:04,40.46,40.55,40.4,40.5,41470.0
13:05,40.41,40.49,40.41,40.46,27922.0
13:06,40.33,40.46,40.32,40.41,42298.0
13:07,40.43,40.44,40.33,40.33,26213.0
13:08,40.44,40.49,40.41,40.42,14123.0
13:09,40.46,40.5,40.4,40.45,11443.0
13:10,40.41,40.46,40.41,40.44,10976.0
13:11,40.42,40.43,40.4,40.42,13845.0
13:12,40.4,40.44,40.34,40.42,18334.0
13:13,40.51,40.53,40.41,40.41,26700.0
13:14,40.68,40.68,40.48,40.51,31648.0
13:15,40.63,40.72,40.58,40.67,33299.0
13:16,40.59,40.63,40.58,40.62,11994.0
13:17,40.6,40.61,40.56,40.58,17267.0
13:18,40.72,40.73,40.57,40.62,17430.0
13:19,40.67,40.72,40.63,40.71,15798.0
13:20,40.66,40.71,40.64,40.64,14606.0
13:21,40.76,40.76,40.64,40.66,15783.0
13:22,40.78,40.79,40.71,40.74,12346.0
13:23,40.76,40.79,40.73,40.79,13050.0
13:24,40.78,40.81,40.76,40.77,24693.0
13:25,40.85,40.85,40.79,40.79,13993.0
13:26,40.92,40.92,40.84,40.84,32628.0
13:27,40.9,40.93,40.88,40.91,21385.0
13:28,40.94,40.96,40.9,40.91,12223.0
13:29,40.94,40.97,40.94,40.94,9669.0
13:30,40.96,40.99,40.95,40.95,35970.0
13:31,40.94,40.97,40.92,40.97,17558.0
13:32,40.99,40.99,40.9,40.95,17825.0
13:33,40.96,41.01,40.93,40.99,23428.0
13:34,40.99,41.01,40.95,40.96,13063.0
13:35,41.11,41.11,40.99,41.0,18042.0
13:36,41.16,41.17,41.08,41.11,27718.0
13:37,41.2,41.21,41.13,41.16,30195.0
13:38,41.1,41.18,41.08,41.18,35125.0
13:39,41.15,41.17,41.08,41.09,33537.0
13:40,41.19,41.21,41.15,41.15,14933.0
13:41,41.15,41.22,41.15,41.21,22004.0
13:42,41.24,41.24,41.16,41.16,12899.0
13:43,41.19,41.24,41.15,41.24,33143.0
13:44,41.14,41.2,41.1,41.19,17577.0
13:45,41.06,41.15,41.06,41.15,22552.0
13:46,41.05,41.09,41.05,41.07,12624.0
13:47,41.21,41.26,41.05,41.06,69687.0
13:48,41.17,41.3,41.15,41.22,36071.0
13:49,41.17,41.2,41.15,41.17,11085.0
13:50,41.08,41.17,41.06,41.17,39641.0
13:51,41.1,41.13,41.06,41.07,22684.0
13:52,41.13,41.14,41.11,41.11,6798.0
13:53,41.06,41.14,41.05,41.13,24632.0
13:54,41.04,41.1,41.04,41.07,31317.0
13:55,41.01,41.07,41.0,41.03,30043.0
13:56,40.98,41.03,40.98,41.02,13684.0
13:57,40.87,40.94,40.86,40.94,17754.0
13:58,40.99,40.99,40.89,40.89,15804.0
13:59,40.96,41.01,40.95,40.99,14154.0
14:00,40.95,40.97,40.93,40.96,19745.0
14:01,40.95,41.01,40.94,40.96,12354.0
14:02,40.92,40.95,40.92,40.94,9865.0
14:03,40.95,40.96,40.93,40.95,12071.0
14:04,40.99,41.03,40.94,40.95,11103.0
14:05,41.0,41.0,40.96,40.99,7771.0
14:06,41.01,41.02,40.99,41.02,13724.0
14:07,41.0,41.03,40.99,41.0,19038.0
14:08,40.98,41.0,40.96,41.0,9338.0
14:09,40.95,41.01,40.94,40.98,12106.0
14:10,40.97,40.99,40.94,40.96,15657.0
14:11,40.88,40.97,40.88,40.97,30233.0
14:12,40.96,40.97,40.87,40.88,21052.0
14:13,40.95,40.97,40.95,40.95,11794.0
14:14,41.01,41.02,40.96,40.96,20834.0
14:15,40.91,41.03,40.9,41.0,31046.0
14:16,40.94,40.95,40.86,40.92,21314.0
14:17,41.02,41.02,40.93,40.94,13064.0
14:18,41.05,41.09,41.0,41.02,29892.0
14:19,41.18,41.19,41.04,41.04,48432.0
14:20,41.18,41.19,41.14,41.18,21063.0
14:21,41.2,41.22,41.18,41.18,24288.0
14:22,41.19,41.22,41.18,41.2,12477.0
14:23,41.18,41.21,41.14,41.19,12683.0
14:24,41.17,41.19,41.17,41.18,7983.0
14:25,41.17,41.17,41.12,41.16,11715.0
14:26,41.17,41.2,41.16,41.17,15246.0
14:27,41.21,41.22,41.18,41.18,18184.0
14:28,41.33,41.33,41.21,41.21,15168.0
14:29,41.4,41.4,41.33,41.33,21174.0
14:30,41.32,41.39,41.32,41.39,22031.0
14:31,41.33,41.36,41.31,41.32,12233.0
14:32,41.43,41.44,41.35,41.35,25596.0
14:33,41.39,41.47,41.38,41.44,52422.0
14:34,41.37,41.39,41.37,41.38,14727.0
14:35,41.38,41.38,41.33,41.37,11068.0
14:36,41.36,41.38,41.36,41.37,20289.0
14:37,41.38,41.38,41.34,41.36,14614.0
14:38,41.44,41.47,41.38,41.38,16071.0
14:39,41.37,41.44,41.36,41.44,16886.0
14:40,41.32,41.4,41.32,41.38,18331.0
14:41,41.23,41.33,41.18,41.33,46050.0
14:42,41.19,41.27,41.17,41.24,41055.0
14:43,41.22,41.24,41.19,41.19,20667.0
14:44,41.19,41.21,41.18,41.2,7637.0
14:45,41.08,41.18,41.03,41.18,27588.0
14:46,41.13,41.15,41.05,41.09,27672.0
14:47,41.09,41.16,41.09,41.13,12713.0
14:48,41.07,41.12,41.07,41.1,11629.0
14:49,41.1,41.1,41.04,41.06,13668.0
14:50,41.08,41.1,41.08,41.1,12523.0
14:51,41.08,41.08,41.04,41.07,11275.0
14:52,41.01,41.08,41.01,41.08,42422.0
14:53,41.03,41.04,41.01,41.01,18414.0
14:54,41.07,41.1,41.04,41.04,17758.0
14:55,41.02,41.07,41.02,41.07,15806.0
14:56,41.04,41.09,41.02,41.02,84495.0
14:57,41.08,41.11,41.04,41.04,27352.0
14:58,41.09,41.1,41.08,41.09,9380.0
14:59,40.96,41.1,40.95,41.1,22828.0
15:00,41.06,41.06,40.96,40.96,17942.0
15:01,41.0,41.05,40.97,41.05,31269.0
15:02,40.98,41.05,40.97,41.0,26271.0
15:03,41.03,41.07,40.99,40.99,19500.0
15:04,41.02,41.04,41.0,41.02,5605.0
15:05,41.03,41.07,41.02,41.02,23965.0
15:06,40.93,41.04,40.92,41.04,17850.0
15:07,40.91,40.94,40.89,40.94,13531.0
15:08,40.88,40.95,40.88,40.92,21456.0
15:09,40.93,40.93,40.89,40.89,16602.0
15:10,41.07,41.07,40.91,40.94,46894.0
15:11,40.99,41.07,40.99,41.07,39800.0
15:12,40.96,41.01,40.96,40.99,14333.0
15:13,41.01,41.01,40.95,40.97,13009.0
15:14,40.92,41.0,40.89,41.0,48861.0
15:15,40.99,40.99,40.91,40.93,32774.0
15:16,40.89,41.05,40.88,40.99,85576.0
15:17,40.92,40.94,40.86,40.9,16703.0
15:18,40.99,40.99,40.93,40.93,15652.0
15:19,40.97,40.99,40.94,40.98,10266.0
15:20,40.95,40.99,40.95,40.97,10861.0
15:21,41.03,41.04,40.96,40.96,23147.0
15:22,41.03,41.07,41.01,41.03,30413.0
15:23,41.04,41.06,40.99,41.03,15432.0
15:24,40.98,41.05,40.96,41.04,14797.0
15:25,41.01,41.02,40.97,40.99,18946.0
15:26,41.03,41.05,40.98,41.01,22135.0
15:27,41.05,41.06,41.0,41.02,48025.0
15:28,41.01,41.08,41.01,41.05,54883.0
15:29,40.88,41.02,40.87,41.01,21957.0
15:30,40.73,40.87,40.72,40.87,36281.0
15:31,40.53,40.74,40.45,40.73,121712.0
15:32,40.61,40.61,40.47,40.53,47402.0
15:33,40.44,40.63,40.44,40.62,45096.0
15:34,40.42,40.5,40.4,40.45,78868.0
15:35,40.43,40.45,40.33,40.43,44315.0
15:36,40.33,40.44,40.24,40.42,92827.0
15:37,40.29,40.35,40.27,40.34,24513.0
15:38,40.23,40.3,40.18,40.3,35363.0
15:39,40.28,40.28,40.2,40.22,43173.0
15:40,40.23,40.28,40.19,40.27,36271.0
15:41,40.29,40.29,40.2,40.22,27578.0
15:42,40.36,40.37,40.29,40.29,44648.0
15:43,40.44,40.47,40.35,40.37,51504.0
15:44,40.45,40.46,40.38,40.45,43702.0
15:45,40.37,40.44,40.33,40.44,31384.0
15:46,40.24,40.36,40.24,40.36,74356.0
15:47,40.35,40.35,40.23,40.24,50219.0
15:48,40.22,40.35,40.21,40.33,54255.0
15:49,40.25,40.28,40.19,40.21,42535.0
15:50,40.15,40.27,40.14,40.26,69287.0
15:51,40.13,40.19,40.12,40.15,55153.0
15:52,40.2,40.2,40.12,40.12,78184.0
15:53,40.15,40.21,40.14,40.19,68379.0
15:54,40.1,40.15,40.08,40.14,76015.0
15:55,40.06,40.15,40.03,40.09,141497.0
15:56,39.85,40.08,39.85,40.06,191350.0
15:57,39.87,39.89,39.82,39.86,186020.0
15:58,39.83,39.87,39.79,39.87,206617.0
15:59,39.95,39.95,39.81,39.83,289247.0
