Time,Close,High,Low,Open,Volume
09:30,36.42,36.6,36.1,36.6,160103.0
09:31,36.57,36.61,36.42,36.42,14183.0
09:32,36.49,36.79,36.49,36.57,13525.0
09:33,36.52,36.52,36.33,36.46,4228.0
09:34,36.62,36.75,36.52,36.52,6307.0
09:35,36.7,36.8,36.62,36.67,8002.0
09:36,36.74,36.74,36.62,36.73,8359.0
09:37,36.95,36.98,36.77,36.79,20131.0
09:38,37.08,37.08,36.83,36.97,19657.0
09:39,37.25,37.29,37.04,37.07,53848.0
09:40,37.33,37.44,37.24,37.25,82369.0
09:41,37.19,37.33,37.12,37.26,18336.0
09:42,37.2,37.25,37.06,37.17,25578.0
09:43,37.37,37.49,37.25,37.25,28465.0
09:44,37.28,37.45,37.24,37.45,17157.0
09:45,37.43,37.45,37.29,37.29,19646.0
09:46,37.36,37.46,37.33,37.42,14004.0
09:47,37.34,37.42,37.32,37.36,10133.0
09:48,37.44,37.48,37.29,37.36,53169.0
09:49,37.5,37.54,37.41,37.44,28148.0
09:50,37.44,37.63,37.4,37.5,127112.0
09:51,37.49,37.54,37.41,37.42,13579.0
09:52,37.36,37.49,37.29,37.49,20691.0
09:53,37.33,37.35,37.25,37.35,15277.0
09:54,37.39,37.43,37.33,37.35,6501.0
09:55,37.35,37.39,37.34,37.39,3302.0
09:56,37.25,37.39,37.23,37.38,7389.0
09:57,37.21,37.26,37.17,37.26,8249.0
09:58,37.19,37.2,37.07,37.18,34138.0
09:59,37.21,37.28,37.15,37.2,25627.0
10:00,37.1,37.23,37.01,37.23,61057.0
10:01,37.19,37.19,37.1,37.13,12853.0
10:02,37.21,37.26,37.19,37.19,7444.0
10:03,37.24,37.34,37.2,37.24,12237.0
10:04,37.28,37.28,37.18,37.27,32083.0
10:05,37.41,37.42,37.25,37.28,13952.0
10:06,37.44,37.53,37.42,37.44,9103.0
10:07,37.35,37.49,37.35,37.44,20266.0
10:08,37.25,37.35,37.22,37.35,9154.0
10:09,37.21,37.27,37.16,37.27,14113.0
10:10,37.37,37.42,37.24,37.24,22434.0
10:11,37.44,37.47,37.35,37.35,8501.0
10:12,37.42,37.47,37.4,37.4,7534.0
10:13,37.37,37.48,37.28,37.46,27174.0
10:14,37.32,37.41,37.28,37.39,10028.0
10:15,37.34,37.36,37.27,37.34,8962.0
10:16,37.31,37.35,37.26,37.35,7703.0
10:17,37.19,37.3,37.17,37.29,7609.0
10:18,37.09,37.2,37.08,37.2,12001.0
10:19,36.94,37.06,36.84,37.06,26224.0
10:20,37.04,37.13,36.94,36.94,15967.0
10:21,36.9,37.03,36.86,37.03,27462.0
10:22,37.06,37.13,36.9,36.9,28348.0
10:23,37.27,37.29,37.08,37.1,25924.0
10:24,37.19,37.35,37.19,37.25,20864.0
10:25,37.12,37.21,37.06,37.19,11374.0
10:26,37.14,37.2,37.1,37.11,17205.0
10:27,37.24,37.3,37.16,37.17,21072.0
10:28,37.39,37.44,37.27,37.27,11883.0
10:29,37.4,37.46,37.37,37.42,18497.0
10:30,37.33,37.43,37.25,37.41,24220.0
10:31,37.3,37.4,37.28,37.32,16438.0
10:32,37.17,37.29,37.17,37.28,7540.0
10:33,37.1,37.17,37.06,37.17,11828.0
10:34,37.17,37.19,37.06,37.06,9794.0
10:35,37.19,37.19,37.11,37.15,13362.0
10:36,37.13,37.22,37.12,37.2,7600.0
10:37,37.23,37.24,37.09,37.13,13176.0
10:38,37.2,37.25,37.18,37.25,11711.0
10:39,37.12,37.2,37.07,37.2,14743.0
10:40,37.0,37.09,37.0,37.09,9366.0
10:41,37.02,37.06,37.01,37.03,4401.0
10:42,37.09,37.09,37.01,37.02,11266.0
10:43,37.18,37.19,37.02,37.05,16113.0
10:44,37.32,37.32,37.19,37.19,17903.0
10:45,37.26,37.3,37.26,37.3,11319.0
10:46,37.38,37.39,37.25,37.25,14761.0
10:47,37.31,37.38,37.29,37.36,14082.0
10:48,37.34,37.36,37.29,37.33,14291.0
10:49,37.25,37.37,37.24,37.35,29828.0
10:50,37.28,37.3,37.22,37.26,19185.0
10:51,37.26,37.31,37.26,37.3,15591.0
10:52,37.3,37.31,37.24,37.24,9096.0
10:53,37.38,37.39,37.3,37.3,10047.0
10:54,37.36,37.42,37.35,37.37,9282.0
10:55,37.35,37.38,37.29,37.38,15367.0
10:56,37.32,37.37,37.27,37.36,8299.0
10:57,37.28,37.3,37.23,37.28,19696.0
10:58,37.3,37.32,37.26,37.3,8775.0
10:59,37.37,37.37,37.28,37.3,5861.0
11:00,37.42,37.44,37.35,37.35,8556.0
11:01,37.34,37.39,37.32,37.39,9420.0
11:02,37.35,37.36,37.31,37.33,10258.0
11:03,37.39,37.41,37.36,37.38,7710.0
11:04,37.48,37.49,37.38,37.4,12008.0
11:05,37.49,37.52,37.43,37.5,12065.0
11:06,37.35,37.46,37.33,37.45,6740.0
11:07,37.31,37.38,37.29,37.35,8489.0
11:08,37.24,37.3,37.22,37.29,24950.0
11:09,37.15,37.22,37.15,37.22,10834.0
11:10,37.17,37.23,37.12,37.15,43641.0
11:11,37.19,37.19,37.16,37.18,11681.0
11:12,37.11,37.18,37.11,37.18,9678.0
11:13,37.1,37.11,37.07,37.09,14464.0
11:14,37.05,37.08,37.04,37.07,9113.0
11:15,36.96,37.03,36.93,37.03,21178.0
11:16,36.99,37.0,36.94,36.97,17674.0
11:17,37.12,37.13,36.95,36.97,18422.0
11:18,37.1,37.15,37.09,37.12,17855.0
11:19,37.03,37.09,37.01,37.07,12514.0
11:20,37.04,37.06,37.01,37.03,18023.0
11:21,37.06,37.07,37.01,37.04,13047.0
11:22,37.08,37.09,37.03,37.07,14798.0
11:23,37.15,37.17,37.08,37.08,29393.0
11:24,37.12,37.19,37.12,37.16,15077.0
11:25,37.08,37.13,37.03,37.1,22375.0
11:26,37.2,37.2,37.07,37.1,14489.0
11:27,37.28,37.3,37.18,37.2,11294.0
11:28,37.29,37.32,37.22,37.26,11483.0
11:29,37.31,37.37,37.31,37.31,8991.0
11:30,37.3,37.36,37.3,37.31,20405.0
11:31,37.32,37.33,37.24,37.31,17412.0
11:32,37.39,37.4,37.27,37.32,21128.0
11:33,37.37,37.38,37.33,37.36,10082.0
11:34,37.35,37.42,37.34,37.36,12172.0
11:35,37.36,37.37,37.34,37.35,7772.0
11:36,37.42,37.43,37.35,37.35,7433.0
11:37,37.43,37.43,37.4,37.41,6106.0
11:38,37.39,37.43,37.37,37.42,5975.0
11:39,37.37,37.41,37.37,37.38,7369.0
11:40,37.41,37.41,37.34,37.37,7437.0
11:41,37.38,37.46,37.36,37.42,12835.0
11:42,37.35,37.4,37.33,37.37,7811.0
11:43,37.37,37.4,37.35,37.35,5951.0
11:44,37.33,37.37,37.31,37.36,14159.0
11:45,37.35,37.35,37.33,37.34,4893.0
11:46,37.35,37.36,37.33,37.36,4547.0
11:47,37.33,37.4,37.33,37.37,17147.0
11:48,37.34,37.37,37.33,37.33,5121.0
11:49,37.35,37.38,37.34,37.35,13591.0
11:50,37.38,37.39,37.33,37.35,9593.0
11:51,37.37,37.37,37.35,37.37,6296.0
11:52,37.34,37.38,37.34,37.37,8723.0
11:53,37.37,37.38,37.31,37.35,6804.0
11:54,37.36,37.37,37.35,37.36,3495.0
11:55,37.32,37.35,37.28,37.35,14230.0
11:56,37.4,37.4,37.35,37.36,6972.0
11:57,37.4,37.42,37.38,37.4,7113.0
11:58,37.42,37.43,37.39,37.4,4012.0
11:59,37.4,37.44,37.4,37.44,6868.0
12:00,37.38,37.44,37.38,37.38,8579.0
12:01,37.42,37.42,37.36,37.4,7098.0
12:02,37.51,37.52,37.43,37.44,9598.0
12:03,37.4,37.53,37.38,37.53,14395.0
12:04,37.42,37.44,37.39,37.4,6305.0
12:05,37.39,37.44,37.38,37.44,7605.0
12:06,37.35,37.41,37.35,37.41,4023.0
12:07,37.42,37.43,37.37,37.37,7768.0
12:08,37.42,37.43,37.4,37.42,7140.0
12:09,37.42,37.44,37.41,37.42,7927.0
12:10,37.37,37.41,37.37,37.4,6511.0
12:11,37.36,37.37,37.33,37.37,7683.0
12:12,37.19,37.35,37.19,37.35,10639.0
12:13,37.26,37.27,37.19,37.19,10426.0
12:14,37.29,37.29,37.24,37.27,6343.0
12:15,37.24,37.27,37.2,37.27,7580.0
12:16,37.28,37.29,37.24,37.25,9536.0
12:17,37.22,37.27,37.16,37.27,8828.0
12:18,37.21,37.24,37.21,37.24,3169.0
12:19,37.22,37.23,37.16,37.2,8837.0
12:20,37.23,37.24,37.21,37.21,6597.0
12:21,37.16,37.23,37.16,37.22,16401.0
12:22,37.21,37.24,37.16,37.16,19534.0
12:23,37.24,37.3,37.18,37.2,17606.0
12:24,37.24,37.28,37.24,37.24,9501.0
12:25,37.21,37.22,37.19,37.22,5841.0
12:26,37.25,37.27,37.21,37.22,5570.0
12:27,37.24,37.25,37.21,37.25,7256.0
12:28,37.2,37.22,37.17,37.22,7369.0
12:29,37.26,37.26,37.2,37.2,13567.0
12:30,37.26,37.27,37.23,37.24,4306.0
12:31,37.21,37.26,37.21,37.24,4113.0
12:32,37.2,37.21,37.17,37.21,5995.0
12:33,37.24,37.25,37.2,37.2,3947.0
12:34,37.31,37.31,37.24,37.25,6273.0
12:35,37.36,37.38,37.3,37.31,6987.0
12:36,37.26,37.35,37.26,37.34,10345.0
12:37,37.22,37.26,37.22,37.26,5095.0
12:38,37.18,37.22,37.17,37.21,5682.0
12:39,37.15,37.2,37.13,37.19,5227.0
12:40,37.04,37.15,37.01,37.15,13682.0
12:41,37.03,37.05,37.01,37.05,5833.0
12:42,37.09,37.12,37.03,37.04,10087.0
12:43,37.09,37.13,37.08,37.08,7849.0
12:44,37.06,37.1,37.06,37.1,4918.0
12:45,37.02,37.06,36.97,37.06,22131.0
12:46,37.01,37.05,37.0,37.03,14837.0
12:47,37.04,37.05,36.99,37.02,9801.0
12:48,37.03,37.04,37.01,37.03,7276.0
12:49,37.12,37.14,37.02,37.02,6720.0
12:50,37.11,37.17,37.08,37.14,6068.0
12:51,37.04,37.08,37.04,37.08,7016.0
12:52,37.04,37.04,37.02,37.03,4123.0
12:53,37.08,37.11,37.06,37.06,8276.0
12:54,37.03,37.07,37.03,37.07,6411.0
12:55,37.01,37.06,36.96,37.04,25508.0
12:56,37.03,37.04,36.99,37.01,7427.0
12:57,37.03,37.03,36.99,37.01,6541.0
12:58,37.04,37.06,37.02,37.03,8669.0
12:59,37.02,37.03,36.98,37.03,22011.0
13:00,37.07,37.08,37.01,37.02,8374.0
13:01,37.07,37.11,37.06,37.09,8334.0
13:02,37.04,37.06,37.03,37.05,11609.0
13:03,37.04,37.06,37.03,37.04,11065.0
13:04,37.06,37.06,36.96,37.04,75809.0
13:05,37.08,37.11,37.07,37.07,9238.0
13:06,37.06,37.12,37.06,37.09,14769.0
13:07,37.06,37.06,37.02,37.04,4476.0
13:08,36.99,37.06,36.92,37.05,24073.0
13:09,36.96,36.98,36.96,36.98,9293.0
13:10,36.99,37.04,36.96,36.96,14229.0
13:11,36.92,36.98,36.91,36.98,9595.0
13:12,36.92,36.93,36.9,36.91,5785.0
13:13,36.93,36.94,36.91,36.92,12985.0
13:14,36.92,36.99,36.92,36.93,10784.0
13:15,36.86,36.94,36.85,36.94,8934.0
13:16,36.87,36.9,36.86,36.88,10465.0
13:17,37.0,37.0,36.88,36.9,7294.0
13:18,36.98,36.99,36.96,36.98,5324.0
13:19,37.0,37.0,36.95,36.99,19952.0
13:20,36.97,37.02,36.95,37.02,19232.0
13:21,36.98,37.0,36.98,36.98,4004.0
13:22,36.92,36.99,36.92,36.97,5059.0
13:23,36.91,36.92,36.89,36.92,5649.0
13:24,36.85,36.91,36.84,36.9,10664.0
13:25,36.86,36.9,36.86,36.87,9522.0
13:26,36.82,36.86,36.81,36.86,7102.0
13:27,36.77,36.83,36.76,36.83,37930.0
13:28,36.79,36.79,36.75,36.76,9301.0
13:29,36.75,36.81,36.73,36.79,11689.0
13:30,36.72,36.78,36.71,36.75,12473.0
13:31,36.7,36.74,36.67,36.72,11572.0
13:32,36.73,36.75,36.68,36.7,13841.0
13:33,36.76,36.76,36.69,36.73,6053.0
13:34,36.74,36.77,36.74,36.74,13264.0
13:35,36.73,36.74,36.7,36.73,5689.0
13:36,36.74,36.76,36.72,36.75,10107.0
13:37,36.78,36.79,36.76,36.76,7622.0
13:38,36.81,36.81,36.76,36.78,10590.0
13:39,36.78,36.79,36.75,36.79,7526.0
13:40,36.72,36.77,36.72,36.77,6175.0
13:41,36.77,36.77,36.72,36.73,6935.0
13:42,36.84,36.84,36.78,36.78,13962.0
13:43,36.74,36.83,36.74,36.83,6790.0
13:44,36.86,36.86,36.77,36.77,7624.0
13:45,36.91,36.91,36.85,36.88,4928.0
13:46,36.98,36.98,36.92,36.92,4087.0
13:47,37.05,37.05,36.95,36.96,4727.0
13:48,37.05,37.08,37.04,37.06,7189.0
13:49,36.96,37.05,36.96,37.05,7250.0
13:50,36.96,37.0,36.95,36.96,5045.0
13:51,36.92,36.96,36.89,36.96,7553.0
13:52,36.86,36.94,36.85,36.94,8689.0
13:53,36.9,36.91,36.89,36.89,2307.0
13:54,36.85,36.9,36.83,36.9,3993.0
13:55,36.76,36.87,36.76,36.85,8823.0
13:56,36.75,36.81,36.75,36.75,5765.0
13:57,36.7,36.8,36.7,36.75,6383.0
13:58,36.6,36.67,36.57,36.66,27601.0
13:59,36.62,36.63,36.6,36.61,5843.0
14:00,36.62,36.65,36.61,36.61,6011.0
14:01,36.64,36.66,36.63,36.63,9872.0
14:02,36.55,36.66,36.5,36.65,14795.0
14:03,36.48,36.57,36.45,36.55,11475.0
14:04,36.5,36.52,36.47,36.47,6512.0
14:05,36.46,36.49,36.44,36.49,8732.0
14:06,36.55,36.55,36.47,36.48,8277.0
14:07,36.53,36.55,36.51,36.52,7144.0
14:08,36.6,36.61,36.54,36.55,16950.0
14:09,36.6,36.63,36.58,36.59,6877.0
14:10,36.59,36.61,36.56,36.6,7447.0
14:11,36.61,36.61,36.56,36.57,9821.0
14:12,36.6,36.62,36.6,36.6,10211.0
14:13,36.57,36.6,36.56,36.6,5549.0
14:14,36.51,36.57,36.5,36.56,9488.0
14:15,36.48,36.52,36.46,36.51,11963.0
14:16,36.46,36.47,36.41,36.46,8034.0
14:17,36.46,36.47,36.45,36.45,3077.0
14:18,36.37,36.45,36.37,36.45,5007.0
14:19,36.43,36.43,36.33,36.38,18570.0
14:20,36.44,36.44,36.4,36.42,2764.0
14:21,36.42,36.44,36.41,36.44,7185.0
14:22,36.37,36.41,36.37,36.41,6402.0
14:23,36.37,36.4,36.35,36.35,5858.0
14:24,36.36,36.39,36.34,36.37,5383.0
14:25,36.33,36.38,36.33,36.37,5302.0
14:26,36.31,36.32,36.28,36.32,11130.0
14:27,36.23,36.32,36.22,36.32,7731.0
14:28,36.21,36.24,36.2,36.24,16850.0
14:29,36.38,36.38,36.22,36.22,9064.0
14:30,36.35,36.44,36.33,36.37,9762.0
14:31,36.33,36.35,36.31,36.34,5988.0
14:32,36.28,36.35,36.24,36.34,11884.0
14:33,36.25,36.3,36.23,36.26,14302.0
14:34,36.26,36.28,36.22,36.24,17405.0
14:35,36.24,36.28,36.23,36.28,10151.0
14:36,36.29,36.32,36.25,36.25,15229.0
14:37,36.27,36.32,36.27,36.32,3207.0
14:38,36.2,36.23,36.2,36.22,8716.0
14:39,36.17,36.23,36.16,36.18,16630.0
14:40,36.15,36.17,36.12,36.15,8568.0
14:41,36.17,36.2,36.15,36.18,9864.0
14:42,36.2,36.2,36.15,36.17,7063.0
14:43,36.24,36.24,36.18,36.19,9222.0
14:44,36.24,36.25,36.24,36.24,6018.0
14:45,36.21,36.24,36.18,36.24,9657.0
14:46,36.15,36.21,36.15,36.21,4567.0
14:47,36.17,36.18,36.13,36.15,7269.0
14:48,36.17,36.2,36.14,36.16,19198.0
14:49,36.2,36.24,36.17,36.17,9730.0
14:50,36.23,36.24,36.2,36.2,11726.0
14:51,36.27,36.28,36.22,36.25,10189.0
14:52,36.26,36.3,36.26,36.27,8605.0
14:53,36.23,36.28,36.23,36.28,5132.0
14:54,36.24,36.25,36.22,36.22,6333.0
14:55,36.22,36.23,36.21,36.23,6717.0
14:56,36.21,36.24,36.19,36.24,4664.0
14:57,36.21,36.22,36.19,36.21,9177.0
14:58,36.22,36.27,36.18,36.2,9490.0
14:59,36.19,36.22,36.18,36.22,4243.0
15:00,36.21,36.24,36.19,36.19,9704.0
15:01,36.16,36.22,36.14,36.22,15740.0
15:02,36.21,36.24,36.17,36.17,12426.0
15:03,36.19,36.22,36.18,36.21,13959.0
15:04,36.26,36.26,36.19,36.19,16386.0
15:05,36.27,36.31,36.25,36.26,15960.0
15:06,36.22,36.26,36.2,36.24,19940.0
15:07,36.15,36.21,36.13,36.21,11665.0
15:08,36.22,36.22,36.17,36.17,13540.0
15:09,36.23,36.23,36.17,36.22,29402.0
15:10,36.33,36.33,36.23,36.23,19857.0
15:11,36.37,36.37,36.29,36.31,14396.0
15:12,36.37,36.4,36.32,36.38,15128.0
15:13,36.31,36.35,36.3,36.35,7325.0
15:14,36.26,36.3,36.25,36.3,11207.0
15:15,36.29,36.31,36.2,36.26,11269.0
15:16,36.39,36.39,36.3,36.3,9086.0
15:17,36.36,36.38,36.31,36.38,11216.0
15:18,36.45,36.46,36.36,36.36,15232.0
15:19,36.36,36.45,36.36,36.45,9275.0
15:20,36.41,36.42,36.36,36.36,8740.0
15:21,36.4,36.41,36.4,36.4,5672.0
15:22,36.43,36.43,36.4,36.4,12462.0
15:23,36.5,36.5,36.43,36.43,9589.0
15:24,36.54,36.54,36.49,36.5,15055.0
15:25,36.55,36.58,36.52,36.54,9254.0
15:26,36.56,36.59,36.54,36.55,17344.0
15:27,36.54,36.61,36.54,36.55,17730.0
15:28,36.5,36.54,36.5,36.54,11828.0
15:29,36.51,36.52,36.48,36.51,9466.0
15:30,36.61,36.61,36.52,36.52,30269.0
15:31,36.52,36.61,36.52,36.6,15185.0
15:32,36.51,36.56,36.51,36.53,23313.0
15:33,36.5,36.51,36.46,36.5,16789.0
15:34,36.47,36.51,36.44,36.5,16830.0
15:35,36.49,36.53,36.46,36.46,21276.0
15:36,36.54,36.56,36.48,36.49,17549.0
15:37,36.49,36.54,36.48,36.54,15543.0
15:38,36.42,36.51,36.41,36.49,29560.0
15:39,36.42,36.45,36.41,36.43,14972.0
15:40,36.45,36.45,36.4,36.41,15299.0
15:41,36.41,36.45,36.41,36.44,134358.0
15:42,36.55,36.55,36.4,36.41,17503.0
15:43,36.49,36.55,36.46,36.55,30154.0
15:44,36.55,36.55,36.49,36.49,28843.0
15:45,36.56,36.59,36.54,36.56,27212.0
15:46,36.64,36.64,36.56,36.56,32320.0
15:47,36.69,36.71,36.65,36.65,28870.0
15:48,36.65,36.7,36.64,36.69,24743.0
15:49,36.62,36.66,36.62,36.64,20973.0
15:50,36.72,36.72,36.62,36.63,42074.0
15:51,36.78,36.79,36.72,36.72,42937.0
15:52,36.74,36.79,36.73,36.79,40764.0
15:53,36.62,36.73,36.62,36.73,51405.0
15:54,36.68,36.7,36.62,36.62,54533.0
15:55,36.78,36.81,36.66,36.67,75605.0
15:56,36.77,36.8,36.71,36.79,59339.0
15:57,36.69,36.77,36.69,36.77,67206.0
15:58,36.65,36.69,36.62,36.69,92139.0
15:59,36.67,36.67,36.57,36.66,209178.0
