Time,Close,High,Low,Open,Volume
09:30,40.78,40.96,40.77,40.96,450980.0
09:31,40.87,40.89,40.75,40.77,132791.0
09:32,40.88,40.9,40.81,40.9,64372.0
09:33,40.88,40.9,40.85,40.87,25157.0
09:34,40.9,40.92,40.87,40.9,29220.0
09:35,40.9,40.92,40.89,40.9,21481.0
09:36,40.87,40.92,40.86,40.89,32630.0
09:37,40.9,40.9,40.83,40.87,41788.0
09:38,40.92,40.95,40.9,40.9,41463.0
09:39,40.93,40.94,40.91,40.92,46999.0
09:40,40.92,40.95,40.91,40.92,24961.0
09:41,40.97,40.97,40.92,40.92,56435.0
09:42,41.02,41.02,40.96,40.97,90674.0
09:43,41.01,41.03,40.99,41.02,38268.0
09:44,40.99,41.01,40.98,41.01,47782.0
09:45,41.04,41.04,40.98,40.99,48207.0
09:46,41.01,41.03,41.0,41.03,41660.0
09:47,41.01,41.04,41.01,41.02,46952.0
09:48,41.06,41.06,41.01,41.01,37035.0
09:49,41.01,41.08,41.01,41.05,47700.0
09:50,41.05,41.06,41.01,41.01,42952.0
09:51,41.06,41.08,41.04,41.05,54939.0
09:52,41.06,41.09,41.05,41.06,35304.0
09:53,41.03,41.07,41.03,41.06,47848.0
09:54,41.01,41.04,41.01,41.03,32580.0
09:55,41.03,41.05,41.01,41.01,43544.0
09:56,41.05,41.07,41.03,41.03,33057.0
09:57,41.04,41.06,41.03,41.06,18494.0
09:58,41.01,41.08,41.0,41.04,58325.0
09:59,40.99,41.02,40.98,41.01,22482.0
10:00,40.97,40.99,40.95,40.99,30884.0
10:01,40.93,40.97,40.93,40.96,38662.0
10:02,40.96,40.97,40.93,40.94,55833.0
10:03,40.92,40.96,40.91,40.96,37283.0
10:04,40.94,40.94,40.9,40.92,45993.0
10:05,40.93,40.96,40.92,40.94,38740.0
10:06,40.92,40.94,40.92,40.94,31163.0
10:07,40.89,40.94,40.89,40.92,46667.0
10:08,40.88,40.9,40.88,40.89,37457.0
10:09,40.81,40.88,40.81,40.87,33521.0
10:10,40.83,40.84,40.81,40.82,48980.0
10:11,40.83,40.85,40.83,40.83,36369.0
10:12,40.82,40.83,40.81,40.83,52073.0
10:13,40.82,40.82,40.79,40.82,73088.0
10:14,40.84,40.86,40.82,40.82,24838.0
10:15,40.86,40.86,40.83,40.85,23489.0
10:16,40.83,40.86,40.83,40.85,22351.0
10:17,40.81,40.83,40.8,40.83,37880.0
10:18,40.79,40.83,40.79,40.81,61221.0
10:19,40.81,40.81,40.78,40.79,30659.0
10:20,40.82,40.82,40.79,40.81,34761.0
10:21,40.81,40.82,40.8,40.81,27083.0
10:22,40.81,40.83,40.79,40.81,60296.0
10:23,40.81,40.83,40.8,40.81,23696.0
10:24,40.83,40.83,40.81,40.81,30214.0
10:25,40.81,40.83,40.79,40.83,36629.0
10:26,40.82,40.82,40.81,40.81,45793.0
10:27,40.8,40.83,40.79,40.82,40923.0
10:28,40.76,40.8,40.76,40.79,47546.0
10:29,40.78,40.78,40.75,40.76,75261.0
10:30,40.74,40.78,40.72,40.78,53850.0
10:31,40.74,40.74,40.73,40.74,37555.0
10:32,40.72,40.75,40.72,40.74,42121.0
10:33,40.72,40.74,40.71,40.72,41827.0
10:34,40.71,40.72,40.7,40.72,25020.0
10:35,40.69,40.72,40.69,40.71,62908.0
10:36,40.74,40.74,40.68,40.69,389097.0
10:37,40.73,40.74,40.72,40.73,22057.0
10:38,40.75,40.75,40.72,40.73,30208.0
10:39,40.75,40.76,40.74,40.74,20634.0
10:40,40.78,40.78,40.73,40.75,66963.0
10:41,40.78,40.8,40.78,40.78,52531.0
10:42,40.81,40.82,40.78,40.79,82212.0
10:43,40.79,40.83,40.79,40.81,28443.0
10:44,40.82,40.82,40.8,40.8,15938.0
10:45,40.85,40.85,40.81,40.81,48206.0
10:46,40.85,40.86,40.84,40.85,59010.0
10:47,40.82,40.85,40.81,40.85,23520.0
10:48,40.81,40.82,40.8,40.81,110173.0
10:49,40.81,40.82,40.79,40.81,95691.0
10:50,40.79,40.82,40.79,40.8,40340.0
10:51,40.81,40.82,40.78,40.8,110263.0
10:52,40.79,40.82,40.78,40.81,25213.0
10:53,40.81,40.81,40.78,40.79,13307.0
10:54,40.78,40.81,40.78,40.81,20064.0
10:55,40.8,40.8,40.78,40.78,26390.0
10:56,40.78,40.8,40.78,40.79,16522.0
10:57,40.78,40.79,40.76,40.79,35735.0
10:58,40.78,40.78,40.77,40.78,4548.0
10:59,40.76,40.78,40.76,40.78,33143.0
11:00,40.76,40.78,40.76,40.76,39009.0
11:01,40.76,40.76,40.75,40.76,24166.0
11:02,40.77,40.78,40.76,40.76,31655.0
11:03,40.77,40.78,40.76,40.77,55241.0
11:04,40.79,40.79,40.77,40.78,14649.0
11:05,40.81,40.82,40.79,40.79,38716.0
11:06,40.8,40.81,40.79,40.81,21608.0
11:07,40.79,40.8,40.79,40.8,32328.0
11:08,40.81,40.81,40.79,40.79,20704.0
11:09,40.83,40.83,40.8,40.81,19709.0
11:10,40.8,40.83,40.8,40.83,15487.0
11:11,40.81,40.81,40.79,40.8,24416.0
11:12,40.84,40.85,40.81,40.81,74432.0
11:13,40.85,40.85,40.83,40.83,16570.0
11:14,40.85,40.86,40.84,40.85,27747.0
11:15,40.88,40.89,40.85,40.85,44501.0
11:16,40.86,40.89,40.85,40.88,36693.0
11:17,40.83,40.85,40.83,40.85,19543.0
11:18,40.83,40.85,40.83,40.83,42533.0
11:19,40.83,40.84,40.83,40.83,12071.0
11:20,40.85,40.85,40.82,40.84,33353.0
11:21,40.85,40.86,40.83,40.85,28636.0
11:22,40.84,40.85,40.84,40.85,16281.0
11:23,40.83,40.85,40.83,40.85,17114.0
11:24,40.83,40.85,40.83,40.83,24107.0
11:25,40.83,40.84,40.82,40.83,14929.0
11:26,40.83,40.84,40.83,40.83,13875.0
11:27,40.83,40.84,40.82,40.83,23385.0
11:28,40.83,40.84,40.83,40.83,12188.0
11:29,40.83,40.83,40.82,40.83,25730.0
11:30,40.83,40.83,40.81,40.83,23744.0
11:31,40.83,40.83,40.82,40.82,17585.0
11:32,40.83,40.83,40.82,40.83,21115.0
11:33,40.81,40.83,40.81,40.83,50921.0
11:34,40.81,40.82,40.8,40.81,41398.0
11:35,40.83,40.83,40.8,40.81,43082.0
11:36,40.84,40.84,40.82,40.82,20955.0
11:37,40.83,40.84,40.82,40.84,35307.0
11:38,40.85,40.85,40.83,40.84,18315.0
11:39,40.83,40.85,40.83,40.85,22768.0
11:40,40.84,40.85,40.83,40.83,28263.0
11:41,40.83,40.85,40.83,40.85,16138.0
11:42,40.85,40.85,40.83,40.83,52018.0
11:43,40.85,40.86,40.85,40.85,16462.0
11:44,40.87,40.87,40.85,40.85,23044.0
11:45,40.86,40.87,40.85,40.86,17204.0
11:46,40.86,40.87,40.85,40.85,28003.0
11:47,40.85,40.86,40.85,40.86,12203.0
11:48,40.83,40.85,40.83,40.85,43102.0
11:49,40.83,40.84,40.82,40.83,13691.0
11:50,40.83,40.83,40.82,40.83,21386.0
11:51,40.81,40.83,40.8,40.83,45165.0
11:52,40.81,40.82,40.8,40.81,54118.0
11:53,40.8,40.81,40.8,40.81,39709.0
11:54,40.8,40.81,40.8,40.81,7481.0
11:55,40.83,40.83,40.81,40.81,28026.0
11:56,40.81,40.83,40.8,40.83,42265.0
11:57,40.81,40.82,40.81,40.81,31259.0
11:58,40.82,40.82,40.81,40.81,16672.0
11:59,40.81,40.83,40.81,40.81,21153.0
12:00,40.81,40.82,40.81,40.81,15603.0
12:01,40.81,40.81,40.8,40.81,18371.0
12:02,40.79,40.81,40.79,40.81,26751.0
12:03,40.79,40.81,40.79,40.79,26923.0
12:04,40.78,40.79,40.77,40.79,40212.0
12:05,40.79,40.79,40.78,40.78,26732.0
12:06,40.79,40.8,40.79,40.79,18355.0
12:07,40.79,40.79,40.78,40.79,27378.0
12:08,40.79,40.79,40.78,40.78,15065.0
12:09,40.79,40.8,40.78,40.78,20722.0
12:10,40.81,40.81,40.79,40.8,29372.0
12:11,40.81,40.81,40.8,40.8,31311.0
12:12,40.81,40.81,40.79,40.81,26481.0
12:13,40.81,40.82,40.8,40.81,18635.0
12:14,40.81,40.81,40.79,40.81,23140.0
12:15,40.81,40.81,40.8,40.81,34695.0
12:16,40.82,40.82,40.81,40.81,15090.0
12:17,40.81,40.81,40.8,40.81,14731.0
12:18,40.8,40.81,40.79,40.81,21169.0
12:19,40.81,40.81,40.8,40.81,18145.0
12:20,40.79,40.81,40.79,40.81,17796.0
12:21,40.81,40.81,40.79,40.79,16018.0
12:22,40.8,40.81,40.8,40.81,10391.0
12:23,40.78,40.81,40.78,40.81,32447.0
12:24,40.78,40.79,40.78,40.79,9589.0
12:25,40.78,40.78,40.77,40.78,11124.0
12:26,40.78,40.78,40.77,40.78,32018.0
12:27,40.78,40.78,40.77,40.78,15861.0
12:28,40.77,40.78,40.76,40.78,32581.0
12:29,40.77,40.78,40.76,40.77,25929.0
12:30,40.78,40.78,40.77,40.77,8198.0
12:31,40.75,40.78,40.75,40.78,51256.0
12:32,40.78,40.79,40.75,40.76,30502.0
12:33,40.78,40.79,40.76,40.78,29223.0
12:34,40.79,40.79,40.77,40.78,23267.0
12:35,40.78,40.79,40.78,40.79,29414.0
12:36,40.78,40.79,40.77,40.78,83946.0
12:37,40.78,40.79,40.78,40.78,51580.0
12:38,40.77,40.79,40.77,40.78,13270.0
12:39,40.78,40.78,40.77,40.78,18432.0
12:40,40.79,40.8,40.79,40.79,43345.0
12:41,40.81,40.81,40.79,40.8,54820.0
12:42,40.81,40.81,40.79,40.81,43104.0
12:43,40.8,40.81,40.8,40.8,37336.0
12:44,40.81,40.81,40.79,40.79,19546.0
12:45,40.81,40.82,40.8,40.8,21758.0
12:46,40.78,40.81,40.78,40.81,30528.0
12:47,40.76,40.78,40.76,40.78,13364.0
12:48,40.78,40.78,40.76,40.76,21409.0
12:49,40.78,40.78,40.77,40.78,10528.0
12:50,40.76,40.78,40.76,40.78,26798.0
12:51,40.76,40.77,40.75,40.76,26122.0
12:52,40.79,40.8,40.76,40.76,28103.0
12:53,40.81,40.81,40.79,40.8,22170.0
12:54,40.81,40.82,40.8,40.81,25756.0
12:55,40.81,40.82,40.81,40.81,21563.0
12:56,40.81,40.82,40.81,40.81,27809.0
12:57,40.83,40.83,40.81,40.82,22371.0
12:58,40.83,40.85,40.83,40.83,43365.0
12:59,40.83,40.83,40.83,40.83,11562.0
13:00,40.86,40.86,40.83,40.83,20057.0
13:01,40.87,40.87,40.85,40.85,16031.0
13:02,40.85,40.87,40.85,40.86,14431.0
13:03,40.85,40.86,40.85,40.85,6812.0
13:04,40.87,40.87,40.85,40.86,63405.0
13:05,40.86,40.9,40.86,40.87,46794.0
13:06,40.87,40.87,40.86,40.87,10858.0
13:07,40.86,40.87,40.86,40.86,7266.0
13:08,40.87,40.87,40.86,40.86,11974.0
13:09,40.88,40.88,40.87,40.87,30497.0
13:10,40.88,40.88,40.87,40.88,12207.0
13:11,40.88,40.88,40.87,40.88,18940.0
13:12,40.88,40.89,40.87,40.88,17517.0
13:13,40.88,40.9,40.88,40.88,23605.0
13:14,40.89,40.89,40.88,40.89,9716.0
13:15,40.9,40.91,40.88,40.89,38934.0
13:16,40.92,40.92,40.9,40.91,12591.0
13:17,40.94,40.94,40.92,40.92,106621.0
13:18,40.92,40.94,40.92,40.94,27530.0
13:19,40.93,40.93,40.92,40.93,15228.0
13:20,40.95,40.95,40.92,40.92,39249.0
13:21,40.96,40.96,40.94,40.94,18731.0
13:22,40.95,40.96,40.94,40.96,27337.0
13:23,40.94,40.95,40.94,40.95,4511.0
13:24,40.92,40.94,40.92,40.94,28394.0
13:25,40.94,40.94,40.92,40.93,36816.0
13:26,40.94,40.94,40.92,40.94,24562.0
13:27,40.94,40.94,40.93,40.93,12631.0
13:28,40.9,40.94,40.9,40.94,52759.0
13:29,40.92,40.92,40.9,40.9,9472.0
13:30,40.92,40.92,40.91,40.92,14266.0
13:31,40.92,40.94,40.91,40.92,108341.0
13:32,40.93,40.93,40.92,40.92,16763.0
13:33,40.94,40.94,40.92,40.93,14764.0
13:34,40.94,40.95,40.93,40.93,44663.0
13:35,40.94,40.94,40.94,40.94,16304.0
13:36,40.97,40.97,40.94,40.94,52604.0
13:37,40.97,40.98,40.96,40.97,14955.0
13:38,40.97,40.98,40.96,40.97,28166.0
13:39,40.97,40.98,40.97,40.97,37920.0
13:40,40.97,40.99,40.97,40.97,19669.0
13:41,40.97,40.99,40.96,40.97,53422.0
13:42,40.97,40.97,40.96,40.96,5291.0
13:43,40.94,40.97,40.94,40.97,76116.0
13:44,40.94,40.94,40.93,40.94,11396.0
13:45,40.94,40.94,40.92,40.93,16054.0
13:46,40.93,40.94,40.93,40.93,15399.0
13:47,40.94,40.94,40.93,40.94,7487.0
13:48,40.94,40.94,40.93,40.94,10859.0
13:49,40.94,40.94,40.93,40.94,13648.0
13:50,40.95,40.95,40.94,40.94,22182.0
13:51,40.94,40.95,40.94,40.94,31086.0
13:52,40.93,40.94,40.93,40.94,16556.0
13:53,40.94,40.94,40.92,40.94,26044.0
13:54,40.94,40.94,40.92,40.94,17976.0
13:55,40.94,40.94,40.93,40.94,24640.0
13:56,40.92,40.93,40.92,40.93,12565.0
13:57,40.92,40.92,40.9,40.91,19030.0
13:58,40.92,40.92,40.92,40.92,4826.0
13:59,40.91,40.92,40.91,40.92,12282.0
14:00,40.9,40.92,40.9,40.92,11126.0
14:01,40.88,40.9,40.88,40.9,27325.0
14:02,40.9,40.9,40.88,40.88,47371.0
14:03,40.9,40.91,40.89,40.9,40606.0
14:04,40.9,40.91,40.89,40.9,27200.0
14:05,40.92,40.92,40.9,40.91,9090.0
14:06,40.91,40.92,40.9,40.92,19788.0
14:07,40.9,40.91,40.9,40.9,21252.0
14:08,40.9,40.91,40.9,40.9,26989.0
14:09,40.91,40.92,40.9,40.9,55158.0
14:10,40.88,40.9,40.88,40.9,29323.0
14:11,40.88,40.89,40.88,40.88,19603.0
14:12,40.85,40.88,40.85,40.88,27945.0
14:13,40.84,40.85,40.83,40.85,34503.0
14:14,40.85,40.86,40.85,40.85,15535.0
14:15,40.83,40.85,40.83,40.85,20825.0
14:16,40.83,40.84,40.83,40.83,11567.0
14:17,40.85,40.85,40.84,40.84,32764.0
14:18,40.85,40.85,40.84,40.85,24858.0
14:19,40.85,40.86,40.85,40.85,18814.0
14:20,40.85,40.86,40.85,40.85,5933.0
14:21,40.83,40.86,40.83,40.85,17418.0
14:22,40.82,40.83,40.82,40.83,25736.0
14:23,40.81,40.83,40.81,40.82,36888.0
14:24,40.81,40.82,40.81,40.81,13393.0
14:25,40.81,40.82,40.81,40.81,14619.0
14:26,40.81,40.82,40.8,40.81,31875.0
14:27,40.82,40.82,40.81,40.81,5901.0
14:28,40.78,40.81,40.78,40.81,58183.0
14:29,40.78,40.79,40.78,40.79,8113.0
14:30,40.78,40.78,40.78,40.78,18535.0
14:31,40.79,40.79,40.78,40.78,25398.0
14:32,40.78,40.79,40.77,40.78,16105.0
14:33,40.78,40.78,40.77,40.78,10860.0
14:34,40.77,40.78,40.76,40.78,42569.0
14:35,40.76,40.78,40.76,40.78,13908.0
14:36,40.77,40.77,40.76,40.76,48238.0
14:37,40.78,40.79,40.77,40.77,37246.0
14:38,40.78,40.79,40.77,40.78,20155.0
14:39,40.76,40.78,40.76,40.78,11956.0
14:40,40.74,40.76,40.74,40.76,39507.0
14:41,40.74,40.75,40.74,40.74,10054.0
14:42,40.76,40.77,40.75,40.75,28908.0
14:43,40.74,40.76,40.74,40.76,39260.0
14:44,40.75,40.75,40.74,40.74,16987.0
14:45,40.75,40.76,40.74,40.74,63592.0
14:46,40.76,40.76,40.75,40.76,18655.0
14:47,40.74,40.76,40.74,40.76,25796.0
14:48,40.75,40.75,40.74,40.74,14572.0
14:49,40.76,40.76,40.74,40.74,19216.0
14:50,40.75,40.76,40.74,40.76,31098.0
14:51,40.75,40.75,40.74,40.75,9619.0
14:52,40.75,40.76,40.74,40.75,111453.0
14:53,40.76,40.76,40.75,40.76,13979.0
14:54,40.76,40.77,40.76,40.76,38347.0
14:55,40.76,40.77,40.76,40.76,16801.0
14:56,40.75,40.77,40.75,40.76,65678.0
14:57,40.78,40.78,40.76,40.76,27003.0
14:58,40.78,40.78,40.77,40.78,7295.0
14:59,40.78,40.78,40.77,40.78,19475.0
15:00,40.77,40.78,40.75,40.77,75863.0
15:01,40.78,40.78,40.76,40.76,17319.0
15:02,40.76,40.78,40.76,40.78,39604.0
15:03,40.76,40.77,40.75,40.77,29988.0
15:04,40.76,40.76,40.75,40.76,35123.0
15:05,40.76,40.77,40.75,40.76,26951.0
15:06,40.76,40.77,40.75,40.75,20065.0
15:07,40.76,40.77,40.76,40.76,17358.0
15:08,40.76,40.77,40.76,40.76,18363.0
15:09,40.76,40.77,40.76,40.76,18746.0
15:10,40.76,40.77,40.76,40.76,10345.0
15:11,40.76,40.77,40.76,40.76,46320.0
15:12,40.76,40.77,40.76,40.76,21464.0
15:13,40.76,40.79,40.76,40.76,74278.0
15:14,40.77,40.77,40.76,40.76,14073.0
15:15,40.76,40.77,40.76,40.76,32034.0
15:16,40.74,40.77,40.74,40.77,62853.0
15:17,40.76,40.76,40.74,40.74,18841.0
15:18,40.73,40.75,40.73,40.75,48301.0
15:19,40.74,40.74,40.73,40.74,10549.0
15:20,40.74,40.75,40.73,40.73,26014.0
15:21,40.74,40.75,40.74,40.75,23595.0
15:22,40.73,40.75,40.73,40.74,50020.0
15:23,40.72,40.74,40.72,40.74,21107.0
15:24,40.73,40.74,40.72,40.73,39492.0
15:25,40.74,40.74,40.73,40.73,14251.0
15:26,40.74,40.74,40.73,40.74,17976.0
15:27,40.74,40.74,40.73,40.74,18654.0
15:28,40.76,40.76,40.73,40.74,60959.0
15:29,40.73,40.75,40.72,40.75,75226.0
15:30,40.72,40.73,40.72,40.72,14978.0
15:31,40.74,40.74,40.71,40.72,57624.0
15:32,40.74,40.74,40.73,40.74,14252.0
15:33,40.73,40.74,40.73,40.73,25041.0
15:34,40.74,40.74,40.73,40.74,35206.0
15:35,40.74,40.74,40.73,40.74,21229.0
15:36,40.74,40.75,40.72,40.74,70423.0
15:37,40.76,40.76,40.74,40.75,30776.0
15:38,40.76,40.76,40.75,40.76,16193.0
15:39,40.76,40.76,40.75,40.76,71476.0
15:40,40.74,40.76,40.74,40.76,30367.0
15:41,40.74,40.75,40.73,40.74,52614.0
15:42,40.74,40.75,40.74,40.75,27638.0
15:43,40.75,40.76,40.74,40.75,84213.0
15:44,40.77,40.77,40.75,40.76,28188.0
15:45,40.76,40.77,40.76,40.77,56472.0
15:46,40.76,40.76,40.74,40.75,54385.0
15:47,40.74,40.76,40.74,40.76,62137.0
15:48,40.76,40.76,40.74,40.74,37475.0
15:49,40.76,40.77,40.75,40.76,63136.0
15:50,40.76,40.77,40.74,40.76,173413.0
15:51,40.76,40.76,40.74,40.76,102937.0
15:52,40.76,40.76,40.74,40.76,123294.0
15:53,40.76,40.76,40.75,40.76,54974.0
15:54,40.74,40.76,40.74,40.75,161240.0
15:55,40.72,40.76,40.72,40.74,190728.0
15:56,40.74,40.76,40.72,40.72,193753.0
15:57,40.76,40.77,40.74,40.74,178425.0
15:58,40.76,40.76,40.75,40.76,233992.0
15:59,40.76,40.78,40.75,40.76,757392.0
