Time,Close,High,Low,Open,Volume
09:30,39.95,40.0,39.85,39.94,797354.0
09:31,39.9,39.97,39.85,39.96,66096.0
09:32,39.88,39.98,39.88,39.91,106173.0
09:33,39.96,39.96,39.86,39.88,32592.0
09:34,39.97,40.01,39.94,39.95,205308.0
09:35,39.99,40.05,39.96,39.97,214532.0
09:36,39.99,40.0,39.94,39.99,74863.0
09:37,39.99,40.0,39.96,39.99,66133.0
09:38,40.06,40.06,39.98,39.99,77552.0
09:39,40.14,40.17,40.07,40.07,110646.0
09:40,40.13,40.15,40.1,40.15,87220.0
09:41,40.12,40.17,40.12,40.13,116209.0
09:42,40.08,40.11,40.06,40.11,43796.0
09:43,40.06,40.08,40.06,40.08,48173.0
09:44,40.06,40.11,40.04,40.06,68352.0
09:45,40.06,40.08,39.97,40.06,107963.0
09:46,40.03,40.06,40.0,40.06,80013.0
09:47,40.12,40.12,40.03,40.03,84923.0
09:48,40.11,40.15,40.08,40.12,50469.0
09:49,40.1,40.11,40.08,40.1,39812.0
09:50,40.1,40.12,40.09,40.1,87122.0
09:51,40.05,40.1,40.03,40.1,76563.0
09:52,40.03,40.06,40.03,40.04,26668.0
09:53,40.06,40.06,40.01,40.03,46368.0
09:54,39.97,40.06,39.97,40.05,102915.0
09:55,39.94,39.99,39.94,39.97,43285.0
09:56,39.9,39.95,39.9,39.94,25336.0
09:57,39.9,39.93,39.9,39.9,37138.0
09:58,39.86,39.92,39.86,39.9,31772.0
09:59,39.9,39.91,39.86,39.86,38709.0
10:00,39.93,39.95,39.9,39.91,56744.0
10:01,39.97,39.99,39.92,39.93,41853.0
10:02,39.97,39.99,39.96,39.97,17420.0
10:03,39.99,39.99,39.96,39.97,32330.0
10:04,39.98,40.0,39.96,39.99,30356.0
10:05,39.99,40.0,39.98,39.99,49983.0
10:06,40.02,40.02,39.98,39.99,71576.0
10:07,39.99,40.03,39.98,40.01,51348.0
10:08,39.99,40.02,39.98,39.99,36682.0
10:09,40.0,40.0,39.95,39.99,89505.0
10:10,39.99,40.01,39.98,39.99,67406.0
10:11,40.0,40.01,39.99,39.99,40517.0
10:12,39.97,40.0,39.97,40.0,46302.0
10:13,40.0,40.0,39.97,39.97,64760.0
10:14,40.0,40.01,39.99,39.99,27458.0
10:15,39.99,40.03,39.99,40.0,35722.0
10:16,39.98,39.99,39.97,39.99,30432.0
10:17,39.98,39.99,39.94,39.99,82102.0
10:18,40.01,40.02,39.98,39.98,29069.0
10:19,40.06,40.06,40.0,40.01,65155.0
10:20,40.04,40.06,40.03,40.06,33476.0
10:21,40.08,40.08,40.04,40.04,33579.0
10:22,40.05,40.07,40.04,40.07,39807.0
10:23,40.06,40.07,40.04,40.05,34225.0
10:24,40.04,40.06,40.02,40.06,84397.0
10:25,40.04,40.05,40.03,40.04,47920.0
10:26,40.03,40.04,40.02,40.03,23874.0
10:27,40.05,40.05,40.03,40.03,28340.0
10:28,40.08,40.08,40.04,40.04,29605.0
10:29,40.11,40.11,40.06,40.08,40958.0
10:30,40.08,40.11,40.07,40.1,44160.0
10:31,40.08,40.09,40.05,40.08,41824.0
10:32,40.12,40.12,40.09,40.09,20516.0
10:33,40.14,40.14,40.11,40.12,83801.0
10:34,40.11,40.13,40.11,40.13,21747.0
10:35,40.17,40.17,40.1,40.12,93960.0
10:36,40.18,40.19,40.16,40.17,54043.0
10:37,40.17,40.19,40.17,40.19,36788.0
10:38,40.14,40.17,40.13,40.17,25969.0
10:39,40.17,40.17,40.13,40.13,34114.0
10:40,40.18,40.18,40.16,40.17,41711.0
10:41,40.19,40.19,40.16,40.18,89975.0
10:42,40.17,40.19,40.15,40.19,49412.0
10:43,40.22,40.22,40.17,40.17,112856.0
10:44,40.22,40.23,40.21,40.22,36382.0
10:45,40.22,40.24,40.22,40.22,54155.0
10:46,40.22,40.24,40.22,40.22,62912.0
10:47,40.22,40.23,40.21,40.22,35075.0
10:48,40.22,40.22,40.2,40.21,72096.0
10:49,40.22,40.24,40.21,40.22,105412.0
10:50,40.22,40.23,40.21,40.23,59817.0
10:51,40.2,40.23,40.19,40.22,111044.0
10:52,40.22,40.22,40.19,40.19,33430.0
10:53,40.21,40.24,40.21,40.22,41972.0
10:54,40.23,40.25,40.21,40.22,48649.0
10:55,40.23,40.23,40.21,40.23,40721.0
10:56,40.26,40.26,40.21,40.23,71088.0
10:57,40.24,40.26,40.24,40.26,65204.0
10:58,40.24,40.26,40.24,40.25,32274.0
10:59,40.24,40.25,40.24,40.24,42840.0
11:00,40.24,40.25,40.24,40.24,58908.0
11:01,40.25,40.28,40.24,40.24,54516.0
11:02,40.22,40.26,40.22,40.26,49109.0
11:03,40.24,40.24,40.21,40.22,36567.0
11:04,40.26,40.26,40.23,40.23,41257.0
11:05,40.24,40.26,40.23,40.26,32301.0
11:06,40.26,40.26,40.23,40.23,83557.0
11:07,40.26,40.27,40.25,40.26,35210.0
11:08,40.28,40.28,40.26,40.26,41232.0
11:09,40.29,40.29,40.27,40.28,30925.0
11:10,40.27,40.3,40.26,40.29,127598.0
11:11,40.26,40.27,40.24,40.26,80895.0
11:12,40.28,40.28,40.25,40.26,57082.0
11:13,40.29,40.31,40.27,40.28,40619.0
11:14,40.31,40.32,40.29,40.29,38356.0
11:15,40.31,40.32,40.3,40.31,23917.0
11:16,40.28,40.31,40.28,40.31,48583.0
11:17,40.29,40.29,40.27,40.28,72284.0
11:18,40.31,40.31,40.28,40.28,54817.0
11:19,40.28,40.31,40.28,40.3,30561.0
11:20,40.25,40.29,40.24,40.28,84051.0
11:21,40.24,40.25,40.23,40.24,60936.0
11:22,40.24,40.25,40.23,40.24,40386.0
11:23,40.19,40.24,40.18,40.24,70915.0
11:24,40.19,40.22,40.18,40.18,80147.0
11:25,40.17,40.2,40.16,40.19,64390.0
11:26,40.16,40.17,40.13,40.17,177088.0
11:27,40.18,40.18,40.14,40.15,30533.0
11:28,40.2,40.2,40.17,40.18,41334.0
11:29,40.2,40.21,40.19,40.2,35323.0
11:30,40.21,40.21,40.19,40.19,44841.0
11:31,40.22,40.22,40.19,40.21,30078.0
11:32,40.19,40.22,40.19,40.21,35199.0
11:33,40.21,40.21,40.19,40.19,87915.0
11:34,40.22,40.23,40.2,40.21,102443.0
11:35,40.24,40.24,40.22,40.22,22614.0
11:36,40.23,40.24,40.22,40.24,78388.0
11:37,40.23,40.23,40.22,40.22,25977.0
11:38,40.22,40.24,40.21,40.23,30014.0
11:39,40.21,40.22,40.2,40.22,24575.0
11:40,40.21,40.22,40.2,40.2,38351.0
11:41,40.2,40.21,40.2,40.21,12007.0
11:42,40.21,40.22,40.19,40.21,49799.0
11:43,40.21,40.22,40.2,40.21,77553.0
11:44,40.13,40.21,40.12,40.21,131920.0
11:45,40.12,40.15,40.12,40.13,79763.0
11:46,40.13,40.16,40.12,40.12,67894.0
11:47,40.12,40.14,40.11,40.14,80727.0
11:48,40.15,40.15,40.11,40.11,64556.0
11:49,40.13,40.15,40.13,40.15,37012.0
11:50,40.12,40.13,40.11,40.13,52966.0
11:51,40.12,40.14,40.11,40.12,117730.0
11:52,40.13,40.15,40.12,40.12,65142.0
11:53,40.12,40.13,40.12,40.13,47683.0
11:54,40.13,40.14,40.12,40.12,39763.0
11:55,40.12,40.14,40.12,40.13,34058.0
11:56,40.1,40.13,40.1,40.12,57547.0
11:57,40.12,40.12,40.1,40.11,51696.0
11:58,40.13,40.14,40.12,40.12,50105.0
11:59,40.08,40.13,40.08,40.13,64134.0
12:00,40.04,40.08,40.04,40.08,87295.0
12:01,40.07,40.07,40.04,40.04,87191.0
12:02,40.09,40.1,40.06,40.07,60008.0
12:03,40.1,40.11,40.09,40.09,31748.0
12:04,40.1,40.12,40.09,40.1,51039.0
12:05,40.1,40.11,40.09,40.11,76970.0
12:06,40.12,40.13,40.1,40.11,46127.0
12:07,40.12,40.14,40.12,40.12,53287.0
12:08,40.13,40.13,40.12,40.12,31972.0
12:09,40.14,40.14,40.12,40.13,55261.0
12:10,40.12,40.13,40.11,40.13,48879.0
12:11,40.1,40.12,40.1,40.12,55987.0
12:12,40.1,40.11,40.09,40.11,17363.0
12:13,40.08,40.11,40.08,40.11,46034.0
12:14,40.08,40.11,40.08,40.08,60351.0
12:15,40.04,40.08,40.04,40.08,41853.0
12:16,40.03,40.05,40.01,40.04,56306.0
12:17,40.06,40.06,40.01,40.02,69303.0
12:18,40.06,40.07,40.05,40.06,37151.0
12:19,40.06,40.08,40.06,40.07,67522.0
12:20,40.06,40.07,40.06,40.07,41707.0
12:21,40.07,40.08,40.06,40.06,66382.0
12:22,40.04,40.07,40.03,40.07,22801.0
12:23,40.03,40.04,40.02,40.03,37240.0
12:24,40.01,40.04,40.0,40.04,38802.0
12:25,40.01,40.01,39.99,40.01,85305.0
12:26,39.97,40.01,39.96,40.01,80331.0
12:27,39.98,39.98,39.96,39.96,20468.0
12:28,39.97,39.98,39.96,39.97,47409.0
12:29,39.96,39.97,39.96,39.97,25521.0
12:30,39.96,39.96,39.94,39.96,68778.0
12:31,39.91,39.96,39.91,39.96,33519.0
12:32,39.9,39.92,39.9,39.92,32992.0
12:33,39.91,39.92,39.9,39.9,26202.0
12:34,39.9,39.91,39.9,39.91,26175.0
12:35,39.9,39.9,39.88,39.9,36328.0
12:36,39.9,39.92,39.89,39.9,24357.0
12:37,39.92,39.92,39.9,39.9,15822.0
12:38,39.89,39.92,39.89,39.92,28604.0
12:39,39.91,39.91,39.89,39.89,31566.0
12:40,39.87,39.91,39.87,39.9,49315.0
12:41,39.87,39.87,39.86,39.87,49476.0
12:42,39.87,39.87,39.85,39.87,160857.0
12:43,39.9,39.9,39.86,39.86,19471.0
12:44,39.9,39.9,39.89,39.9,16070.0
12:45,39.9,39.91,39.89,39.9,49874.0
12:46,39.88,39.91,39.88,39.89,22338.0
12:47,39.9,39.9,39.88,39.88,21583.0
12:48,39.9,39.91,39.89,39.9,38070.0
12:49,39.9,39.91,39.9,39.9,16411.0
12:50,39.88,39.9,39.88,39.9,22506.0
12:51,39.84,39.88,39.83,39.88,43211.0
12:52,39.85,39.86,39.83,39.84,90692.0
12:53,39.85,39.87,39.85,39.85,19314.0
12:54,39.88,39.88,39.85,39.85,25508.0
12:55,39.9,39.9,39.88,39.88,107830.0
12:56,39.89,39.9,39.88,39.9,21942.0
12:57,39.9,39.92,39.89,39.9,29427.0
12:58,39.92,39.92,39.9,39.9,16045.0
12:59,39.9,39.92,39.9,39.91,20827.0
13:00,39.9,39.9,39.89,39.9,11547.0
13:01,39.93,39.93,39.9,39.9,39606.0
13:02,39.92,39.93,39.92,39.92,26863.0
13:03,39.94,39.94,39.91,39.92,50702.0
13:04,39.92,39.94,39.92,39.94,23375.0
13:05,39.9,39.93,39.9,39.92,75949.0
13:06,39.89,39.92,39.89,39.9,54157.0
13:07,39.9,39.91,39.89,39.9,38112.0
13:08,39.89,39.9,39.89,39.9,33781.0
13:09,39.87,39.9,39.87,39.89,40509.0
13:10,39.85,39.88,39.85,39.88,65700.0
13:11,39.87,39.87,39.84,39.85,37636.0
13:12,39.85,39.87,39.84,39.87,25054.0
13:13,39.83,39.85,39.82,39.85,17972.0
13:14,39.8,39.84,39.8,39.83,45219.0
13:15,39.74,39.81,39.74,39.8,130230.0
13:16,39.74,39.75,39.73,39.74,35999.0
13:17,39.74,39.75,39.73,39.74,29104.0
13:18,39.76,39.76,39.75,39.75,50316.0
13:19,39.74,39.76,39.74,39.75,29238.0
13:20,39.72,39.76,39.72,39.75,221437.0
13:21,39.74,39.74,39.71,39.72,40116.0
13:22,39.74,39.75,39.73,39.74,34375.0
13:23,39.74,39.75,39.73,39.74,31221.0
13:24,39.74,39.75,39.74,39.74,68397.0
13:25,39.71,39.75,39.71,39.74,136305.0
13:26,39.7,39.71,39.68,39.7,80593.0
13:27,39.67,39.7,39.66,39.69,44466.0
13:28,39.69,39.69,39.66,39.66,91003.0
13:29,39.7,39.72,39.69,39.69,63126.0
13:30,39.76,39.76,39.71,39.71,56595.0
13:31,39.74,39.76,39.74,39.75,31887.0
13:32,39.74,39.75,39.74,39.74,60891.0
13:33,39.74,39.75,39.74,39.74,21321.0
13:34,39.74,39.76,39.73,39.75,56589.0
13:35,39.72,39.74,39.7,39.74,92040.0
13:36,39.72,39.74,39.71,39.72,94820.0
13:37,39.72,39.72,39.71,39.72,49740.0
13:38,39.75,39.76,39.72,39.72,130494.0
13:39,39.76,39.78,39.75,39.75,31120.0
13:40,39.72,39.76,39.72,39.76,29873.0
13:41,39.73,39.74,39.72,39.72,41361.0
13:42,39.74,39.75,39.73,39.74,41558.0
13:43,39.76,39.76,39.74,39.74,29953.0
13:44,39.76,39.77,39.75,39.76,60096.0
13:45,39.81,39.83,39.76,39.76,146600.0
13:46,39.76,39.8,39.76,39.8,79365.0
13:47,39.76,39.77,39.74,39.76,68574.0
13:48,39.74,39.76,39.74,39.76,120279.0
13:49,39.75,39.76,39.74,39.74,100876.0
13:50,39.76,39.77,39.75,39.76,81788.0
13:51,39.78,39.78,39.75,39.76,50494.0
13:52,39.78,39.78,39.76,39.77,18412.0
13:53,39.78,39.8,39.78,39.78,38425.0
13:54,39.76,39.78,39.76,39.78,32699.0
13:55,39.78,39.78,39.76,39.76,65547.0
13:56,39.76,39.79,39.76,39.78,50614.0
13:57,39.76,39.77,39.76,39.76,26857.0
13:58,39.75,39.78,39.75,39.77,101865.0
13:59,39.76,39.77,39.76,39.76,86187.0
14:00,39.78,39.78,39.76,39.76,32770.0
14:01,39.76,39.78,39.75,39.78,39825.0
14:02,39.79,39.79,39.76,39.76,41978.0
14:03,39.81,39.81,39.79,39.79,72316.0
14:04,39.81,39.83,39.8,39.81,85063.0
14:05,39.81,39.83,39.8,39.81,61843.0
14:06,39.81,39.81,39.8,39.81,27980.0
14:07,39.78,39.81,39.77,39.81,77459.0
14:08,39.78,39.78,39.76,39.78,56318.0
14:09,39.81,39.83,39.77,39.78,54620.0
14:10,39.81,39.82,39.8,39.81,54287.0
14:11,39.84,39.85,39.82,39.82,109089.0
14:12,39.85,39.86,39.84,39.85,41656.0
14:13,39.85,39.86,39.84,39.85,38853.0
14:14,39.85,39.86,39.84,39.85,56018.0
14:15,39.9,39.9,39.85,39.86,94848.0
14:16,39.89,39.9,39.88,39.9,82420.0
14:17,39.89,39.9,39.88,39.88,42831.0
14:18,39.88,39.89,39.88,39.88,34831.0
14:19,39.88,39.89,39.87,39.88,70368.0
14:20,39.88,39.9,39.88,39.89,40972.0
14:21,39.88,39.88,39.87,39.88,48098.0
14:22,39.88,39.88,39.87,39.87,33809.0
14:23,39.89,39.89,39.87,39.88,106422.0
14:24,39.87,39.9,39.87,39.9,88402.0
14:25,39.87,39.87,39.85,39.87,48632.0
14:26,39.87,39.87,39.84,39.87,60325.0
14:27,39.86,39.88,39.86,39.87,33747.0
14:28,39.88,39.88,39.86,39.87,47520.0
14:29,39.88,39.9,39.86,39.88,55990.0
14:30,39.87,39.88,39.87,39.88,9582.0
14:31,39.89,39.89,39.87,39.87,71423.0
14:32,39.89,39.9,39.87,39.88,38772.0
14:33,39.9,39.9,39.88,39.9,61795.0
14:34,39.9,39.9,39.89,39.9,19770.0
14:35,39.88,39.89,39.87,39.89,51532.0
14:36,39.89,39.9,39.87,39.88,44845.0
14:37,39.9,39.9,39.88,39.88,66082.0
14:38,39.9,39.9,39.89,39.9,24358.0
14:39,39.9,39.9,39.88,39.9,131287.0
14:40,39.92,39.92,39.88,39.89,65733.0
14:41,39.94,39.94,39.92,39.92,66627.0
14:42,39.91,39.94,39.9,39.94,42804.0
14:43,39.89,39.91,39.89,39.9,30743.0
14:44,39.9,39.91,39.89,39.9,43327.0
14:45,39.84,39.9,39.84,39.9,247902.0
14:46,39.84,39.85,39.84,39.85,48537.0
14:47,39.83,39.85,39.81,39.84,74543.0
14:48,39.85,39.85,39.83,39.83,58892.0
14:49,39.85,39.85,39.83,39.85,64460.0
14:50,39.85,39.86,39.84,39.84,39483.0
14:51,39.85,39.87,39.85,39.85,58562.0
14:52,39.85,39.86,39.84,39.86,16668.0
14:53,39.86,39.86,39.85,39.85,25053.0
14:54,39.85,39.86,39.84,39.85,35000.0
14:55,39.87,39.88,39.84,39.85,80605.0
14:56,39.87,39.87,39.86,39.87,23817.0
14:57,39.85,39.87,39.85,39.87,25476.0
14:58,39.85,39.86,39.85,39.86,12775.0
14:59,39.85,39.86,39.85,39.85,34022.0
15:00,39.87,39.87,39.85,39.85,26535.0
15:01,39.82,39.87,39.82,39.87,62178.0
15:02,39.83,39.84,39.81,39.83,33559.0
15:03,39.83,39.85,39.83,39.84,69722.0
15:04,39.81,39.84,39.81,39.83,34671.0
15:05,39.82,39.83,39.8,39.81,59417.0
15:06,39.83,39.83,39.82,39.83,56528.0
15:07,39.81,39.83,39.79,39.83,104281.0
15:08,39.81,39.83,39.79,39.81,74787.0
15:09,39.85,39.85,39.81,39.81,67660.0
15:10,39.85,39.86,39.84,39.85,33419.0
15:11,39.85,39.85,39.84,39.85,22080.0
15:12,39.85,39.86,39.85,39.85,45212.0
15:13,39.83,39.86,39.83,39.85,86040.0
15:14,39.81,39.85,39.8,39.83,53171.0
15:15,39.82,39.82,39.81,39.82,34866.0
15:16,39.87,39.87,39.81,39.81,89454.0
15:17,39.86,39.87,39.84,39.87,116168.0
15:18,39.87,39.88,39.85,39.86,70486.0
15:19,39.85,39.87,39.85,39.87,70299.0
15:20,39.87,39.87,39.85,39.85,54778.0
15:21,39.85,39.87,39.85,39.87,35543.0
15:22,39.88,39.88,39.85,39.85,64025.0
15:23,39.87,39.88,39.86,39.87,26065.0
15:24,39.85,39.87,39.84,39.87,37102.0
15:25,39.85,39.85,39.84,39.85,37641.0
15:26,39.82,39.85,39.81,39.85,73178.0
15:27,39.83,39.85,39.81,39.81,132235.0
15:28,39.83,39.83,39.81,39.83,68033.0
15:29,39.84,39.84,39.81,39.83,114627.0
15:30,39.83,39.85,39.81,39.84,107938.0
15:31,39.82,39.83,39.81,39.83,79002.0
15:32,39.83,39.83,39.82,39.83,22982.0
15:33,39.83,39.83,39.81,39.83,89852.0
15:34,39.83,39.83,39.82,39.83,61616.0
15:35,39.83,39.83,39.82,39.83,38844.0
15:36,39.83,39.83,39.82,39.83,40151.0
15:37,39.85,39.85,39.82,39.83,73767.0
15:38,39.83,39.85,39.83,39.85,55932.0
15:39,39.83,39.85,39.82,39.83,61636.0
15:40,39.84,39.85,39.83,39.83,48526.0
15:41,39.85,39.85,39.83,39.84,63713.0
15:42,39.85,39.85,39.84,39.85,31654.0
15:43,39.88,39.88,39.85,39.85,49996.0
15:44,39.87,39.88,39.86,39.88,38887.0
15:45,39.88,39.88,39.86,39.87,71577.0
15:46,39.87,39.88,39.86,39.87,50990.0
15:47,39.89,39.9,39.86,39.87,75146.0
15:48,39.86,39.9,39.86,39.89,120085.0
15:49,39.87,39.88,39.85,39.86,122867.0
15:50,39.94,39.94,39.88,39.88,181617.0
15:51,39.94,39.94,39.91,39.94,130549.0
15:52,39.94,39.95,39.93,39.94,95793.0
15:53,39.97,39.99,39.94,39.94,195895.0
15:54,39.99,39.99,39.96,39.97,134914.0
15:55,40.0,40.0,39.97,39.99,167448.0
15:56,40.01,40.02,39.99,39.99,209819.0
15:57,40.01,40.03,40.01,40.02,270327.0
15:58,40.04,40.04,40.01,40.01,331827.0
15:59,40.03,40.05,40.03,40.04,578612.0
