Time,Close,High,Low,Open,Volume
09:30,40.58,40.68,40.42,40.67,1978643.0
09:31,40.59,40.62,40.5,40.59,210595.0
09:32,40.65,40.65,40.52,40.6,151941.0
09:33,40.59,40.68,40.59,40.65,71280.0
09:34,40.62,40.65,40.58,40.59,62979.0
09:35,40.71,40.71,40.6,40.62,63684.0
09:36,40.68,40.71,40.64,40.7,81762.0
09:37,40.74,40.75,40.67,40.67,74405.0
09:38,40.85,40.85,40.73,40.74,53196.0
09:39,40.87,40.91,40.84,40.85,93441.0
09:40,40.81,40.9,40.81,40.87,83330.0
09:41,40.8,40.81,40.76,40.81,77739.0
09:42,40.77,40.81,40.76,40.79,49106.0
09:43,40.74,40.79,40.73,40.76,39802.0
09:44,40.71,40.75,40.7,40.73,44691.0
09:45,40.72,40.74,40.69,40.71,36654.0
09:46,40.78,40.79,40.72,40.72,97876.0
09:47,40.76,40.77,40.73,40.77,44044.0
09:48,40.83,40.84,40.74,40.76,52001.0
09:49,40.85,40.85,40.81,40.83,42916.0
09:50,40.85,40.85,40.82,40.85,52526.0
09:51,40.82,40.85,40.82,40.84,39175.0
09:52,40.84,40.85,40.82,40.83,39449.0
09:53,40.87,40.89,40.85,40.85,652307.0
09:54,40.84,40.88,40.83,40.86,94100.0
09:55,40.85,40.89,40.84,40.85,55940.0
09:56,40.8,40.87,40.8,40.85,36168.0
09:57,40.85,40.85,40.78,40.79,57153.0
09:58,40.88,40.9,40.83,40.85,36569.0
09:59,40.89,40.92,40.87,40.88,152533.0
10:00,40.9,40.92,40.88,40.9,223384.0
10:01,40.94,40.95,40.89,40.9,569376.0
10:02,41.04,41.05,40.94,40.94,83292.0
10:03,41.09,41.12,41.03,41.04,230009.0
10:04,41.12,41.14,41.08,41.1,73691.0
10:05,41.19,41.2,41.1,41.12,90986.0
10:06,41.22,41.22,41.17,41.2,64925.0
10:07,41.22,41.24,41.2,41.22,51152.0
10:08,41.19,41.24,41.17,41.22,80780.0
10:09,41.19,41.24,41.18,41.19,65088.0
10:10,41.21,41.24,41.17,41.18,78377.0
10:11,41.19,41.23,41.18,41.22,97323.0
10:12,41.15,41.18,41.14,41.18,58373.0
10:13,41.24,41.29,41.15,41.15,105116.0
10:14,41.22,41.25,41.21,41.24,37998.0
10:15,41.18,41.21,41.17,41.21,69056.0
10:16,41.21,41.24,41.18,41.18,38202.0
10:17,41.26,41.27,41.21,41.21,89918.0
10:18,41.25,41.28,41.24,41.26,35158.0
10:19,41.22,41.25,41.22,41.24,73647.0
10:20,41.28,41.28,41.22,41.22,33798.0
10:21,41.31,41.31,41.28,41.28,91507.0
10:22,41.26,41.31,41.26,41.31,71533.0
10:23,41.25,41.28,41.23,41.26,60324.0
10:24,41.27,41.3,41.25,41.26,43942.0
10:25,41.29,41.32,41.24,41.28,45546.0
10:26,41.31,41.33,41.28,41.29,30688.0
10:27,41.42,41.42,41.31,41.31,261309.0
10:28,41.47,41.47,41.41,41.42,148854.0
10:29,41.49,41.49,41.44,41.46,43894.0
10:30,41.46,41.49,41.42,41.48,94297.0
10:31,41.47,41.49,41.47,41.47,55038.0
10:32,41.47,41.47,41.45,41.47,57421.0
10:33,41.49,41.5,41.47,41.47,103457.0
10:34,41.49,41.51,41.47,41.49,107007.0
10:35,41.51,41.53,41.46,41.48,134443.0
10:36,41.5,41.53,41.48,41.52,67842.0
10:37,41.51,41.51,41.47,41.49,55631.0
10:38,41.49,41.51,41.46,41.5,59502.0
10:39,41.51,41.52,41.47,41.48,191865.0
10:40,41.57,41.61,41.5,41.51,353490.0
10:41,41.53,41.58,41.53,41.58,95306.0
10:42,41.47,41.54,41.47,41.52,211104.0
10:43,41.46,41.49,41.44,41.46,62111.0
10:44,41.38,41.46,41.38,41.46,82741.0
10:45,41.31,41.42,41.31,41.39,137937.0
10:46,41.31,41.36,41.31,41.32,75668.0
10:47,41.35,41.39,41.31,41.31,59387.0
10:48,41.37,41.38,41.35,41.35,42472.0
10:49,41.35,41.4,41.33,41.37,54751.0
10:50,41.35,41.38,41.34,41.35,52865.0
10:51,41.38,41.4,41.35,41.35,73284.0
10:52,41.35,41.38,41.35,41.38,54250.0
10:53,41.37,41.39,41.35,41.35,41701.0
10:54,41.34,41.37,41.34,41.37,22927.0
10:55,41.35,41.36,41.33,41.35,55663.0
10:56,41.31,41.36,41.31,41.35,47633.0
10:57,41.31,41.33,41.3,41.32,48096.0
10:58,41.28,41.32,41.27,41.31,35762.0
10:59,41.28,41.29,41.27,41.27,31103.0
11:00,41.22,41.27,41.22,41.27,67245.0
11:01,41.23,41.24,41.21,41.22,48069.0
11:02,41.31,41.31,41.23,41.23,46225.0
11:03,41.28,41.31,41.28,41.31,39722.0
11:04,41.28,41.32,41.28,41.28,109483.0
11:05,41.35,41.35,41.28,41.28,60734.0
11:06,41.26,41.35,41.26,41.35,32649.0
11:07,41.24,41.28,41.24,41.27,36074.0
11:08,41.22,41.24,41.22,41.24,52744.0
11:09,41.24,41.27,41.22,41.22,39197.0
11:10,41.19,41.23,41.19,41.23,54588.0
11:11,41.22,41.26,41.19,41.19,36482.0
11:12,41.24,41.25,41.22,41.22,22322.0
11:13,41.22,41.24,41.22,41.24,20688.0
11:14,41.22,41.24,41.22,41.22,39370.0
11:15,41.22,41.23,41.22,41.22,39370.0
11:16,41.21,41.22,41.2,41.22,24572.0
11:17,41.24,41.24,41.21,41.22,29444.0
11:18,41.23,41.26,41.22,41.24,29371.0
11:19,41.22,41.24,41.21,41.22,32003.0
11:20,41.24,41.26,41.22,41.22,88160.0
11:21,41.24,41.29,41.24,41.24,73917.0
11:22,41.28,41.28,41.23,41.24,23669.0
11:23,41.28,41.3,41.28,41.28,23293.0
11:24,41.22,41.29,41.22,41.29,57355.0
11:25,41.24,41.25,41.22,41.23,66633.0
11:26,41.24,41.26,41.23,41.24,32687.0
11:27,41.24,41.26,41.24,41.24,26889.0
11:28,41.28,41.28,41.24,41.24,30699.0
11:29,41.26,41.29,41.26,41.28,34311.0
11:30,41.26,41.27,41.24,41.26,29032.0
11:31,41.31,41.33,41.26,41.26,53755.0
11:32,41.31,41.32,41.3,41.3,24592.0
11:33,41.31,41.33,41.3,41.31,39947.0
11:34,41.31,41.32,41.29,41.31,70694.0
11:35,41.29,41.31,41.29,41.31,18395.0
11:36,41.29,41.31,41.28,41.29,30376.0
11:37,41.26,41.29,41.25,41.29,67747.0
11:38,41.29,41.3,41.26,41.26,45464.0
11:39,41.31,41.31,41.28,41.29,29779.0
11:40,41.33,41.34,41.31,41.31,29653.0
11:41,41.33,41.34,41.31,41.33,31558.0
11:42,41.33,41.34,41.32,41.33,22703.0
11:43,41.37,41.37,41.32,41.32,132445.0
11:44,41.35,41.37,41.35,41.37,34865.0
11:45,41.38,41.39,41.35,41.35,76019.0
11:46,41.37,41.38,41.34,41.38,67895.0
11:47,41.35,41.37,41.33,41.37,113070.0
11:48,41.29,41.35,41.28,41.34,36584.0
11:49,41.31,41.31,41.28,41.28,46575.0
11:50,41.33,41.34,41.31,41.32,33960.0
11:51,41.35,41.35,41.31,41.33,30127.0
11:52,41.35,41.37,41.34,41.35,39927.0
11:53,41.4,41.4,41.35,41.35,158256.0
11:54,41.42,41.44,41.39,41.4,60665.0
11:55,41.42,41.43,41.4,41.41,48565.0
11:56,41.42,41.43,41.41,41.42,55214.0
11:57,41.38,41.42,41.38,41.42,115650.0
11:58,41.42,41.43,41.38,41.38,77731.0
11:59,41.42,41.43,41.41,41.42,27806.0
12:00,41.44,41.46,41.42,41.42,71257.0
12:01,41.46,41.47,41.44,41.44,33540.0
12:02,41.44,41.47,41.44,41.46,30470.0
12:03,41.44,41.44,41.43,41.44,28395.0
12:04,41.42,41.45,41.41,41.43,33151.0
12:05,41.41,41.44,41.41,41.42,52226.0
12:06,41.43,41.44,41.41,41.41,57141.0
12:07,41.46,41.46,41.41,41.43,47392.0
12:08,41.44,41.48,41.44,41.46,66058.0
12:09,41.42,41.44,41.4,41.44,42539.0
12:10,41.44,41.45,41.42,41.42,52686.0
12:11,41.43,41.45,41.41,41.44,61795.0
12:12,41.42,41.43,41.41,41.42,43303.0
12:13,41.42,41.43,41.42,41.42,65137.0
12:14,41.41,41.42,41.4,41.42,68428.0
12:15,41.42,41.42,41.41,41.42,41762.0
12:16,41.42,41.44,41.42,41.42,32663.0
12:17,41.39,41.43,41.39,41.43,35566.0
12:18,41.38,41.4,41.37,41.38,62484.0
12:19,41.4,41.41,41.37,41.38,34324.0
12:20,41.39,41.41,41.38,41.4,60373.0
12:21,41.35,41.38,41.35,41.38,70488.0
12:22,41.31,41.35,41.31,41.34,32317.0
12:23,41.33,41.33,41.3,41.31,40156.0
12:24,41.32,41.33,41.31,41.33,56833.0
12:25,41.33,41.36,41.33,41.33,33371.0
12:26,41.33,41.34,41.33,41.33,34134.0
12:27,41.33,41.35,41.33,41.33,37597.0
12:28,41.35,41.37,41.33,41.33,42400.0
12:29,41.35,41.37,41.35,41.35,15474.0
12:30,41.38,41.39,41.36,41.36,32147.0
12:31,41.36,41.38,41.36,41.38,32767.0
12:32,41.38,41.38,41.36,41.37,16903.0
12:33,41.38,41.39,41.38,41.38,27836.0
12:34,41.38,41.38,41.37,41.38,30623.0
12:35,41.38,41.38,41.37,41.38,33157.0
12:36,41.38,41.4,41.37,41.38,44267.0
12:37,41.41,41.42,41.38,41.38,27802.0
12:38,41.4,41.42,41.4,41.41,28538.0
12:39,41.4,41.41,41.39,41.4,30484.0
12:40,41.4,41.42,41.4,41.4,27987.0
12:41,41.43,41.44,41.4,41.4,48515.0
12:42,41.46,41.46,41.44,41.44,40334.0
12:43,41.47,41.47,41.44,41.45,39308.0
12:44,41.46,41.47,41.45,41.47,15643.0
12:45,41.44,41.46,41.44,41.46,39466.0
12:46,41.45,41.46,41.44,41.44,34426.0
12:47,41.44,41.44,41.43,41.44,16184.0
12:48,41.45,41.45,41.43,41.44,33908.0
12:49,41.46,41.46,41.44,41.44,17673.0
12:50,41.46,41.47,41.46,41.46,26245.0
12:51,41.44,41.46,41.44,41.46,14500.0
12:52,41.46,41.46,41.43,41.44,27681.0
12:53,41.42,41.46,41.41,41.45,59149.0
12:54,41.41,41.42,41.4,41.42,46841.0
12:55,41.41,41.41,41.38,41.4,26632.0
12:56,41.42,41.43,41.4,41.4,29073.0
12:57,41.4,41.42,41.4,41.42,16984.0
12:58,41.42,41.42,41.4,41.41,49503.0
12:59,41.39,41.42,41.37,41.42,96227.0
13:00,41.4,41.42,41.38,41.38,42538.0
13:01,41.4,41.41,41.39,41.4,31676.0
13:02,41.39,41.42,41.38,41.41,88754.0
13:03,41.4,41.4,41.38,41.38,15800.0
13:04,41.38,41.39,41.38,41.39,41905.0
13:05,41.38,41.38,41.36,41.38,24995.0
13:06,41.38,41.4,41.37,41.37,22715.0
13:07,41.42,41.42,41.38,41.38,23634.0
13:08,41.4,41.43,41.39,41.42,98312.0
13:09,41.39,41.4,41.38,41.39,52074.0
13:10,41.38,41.4,41.38,41.39,25760.0
13:11,41.4,41.4,41.38,41.38,41665.0
13:12,41.38,41.4,41.38,41.4,25382.0
13:13,41.37,41.38,41.37,41.38,21476.0
13:14,41.38,41.39,41.36,41.37,70820.0
13:15,41.38,41.39,41.37,41.38,58169.0
13:16,41.4,41.4,41.37,41.38,86506.0
13:17,41.42,41.44,41.41,41.41,45282.0
13:18,41.42,41.43,41.42,41.42,14790.0
13:19,41.44,41.44,41.42,41.43,23467.0
13:20,41.42,41.45,41.42,41.44,49708.0
13:21,41.44,41.45,41.43,41.43,21781.0
13:22,41.45,41.46,41.44,41.44,55498.0
13:23,41.46,41.46,41.44,41.44,35721.0
13:24,41.44,41.46,41.44,41.46,17174.0
13:25,41.44,41.45,41.43,41.44,37932.0
13:26,41.44,41.45,41.43,41.44,43818.0
13:27,41.42,41.44,41.42,41.44,46135.0
13:28,41.42,41.43,41.4,41.42,90196.0
13:29,41.42,41.42,41.41,41.42,26497.0
13:30,41.42,41.42,41.4,41.42,25745.0
13:31,41.4,41.42,41.39,41.41,51380.0
13:32,41.4,41.41,41.39,41.4,35449.0
13:33,41.42,41.43,41.4,41.4,41128.0
13:34,41.44,41.44,41.42,41.42,66815.0
13:35,41.41,41.44,41.41,41.44,29144.0
13:36,41.43,41.44,41.42,41.42,27632.0
13:37,41.46,41.46,41.42,41.42,50440.0
13:38,41.47,41.48,41.46,41.46,59815.0
13:39,41.47,41.48,41.46,41.47,36465.0
13:40,41.46,41.47,41.46,41.46,18322.0
13:41,41.46,41.47,41.46,41.47,39734.0
13:42,41.44,41.46,41.44,41.46,49864.0
13:43,41.44,41.45,41.43,41.44,29379.0
13:44,41.43,41.45,41.42,41.44,29572.0
13:45,41.44,41.44,41.41,41.42,93372.0
13:46,41.42,41.44,41.42,41.44,53650.0
13:47,41.44,41.44,41.41,41.41,46597.0
13:48,41.43,41.44,41.42,41.44,115865.0
13:49,41.42,41.44,41.42,41.43,39467.0
13:50,41.44,41.44,41.42,41.42,49024.0
13:51,41.47,41.48,41.44,41.44,28077.0
13:52,41.49,41.49,41.47,41.47,100576.0
13:53,41.49,41.49,41.48,41.48,22830.0
13:54,41.51,41.52,41.47,41.48,159511.0
13:55,41.47,41.51,41.47,41.51,81470.0
13:56,41.45,41.47,41.44,41.47,52452.0
13:57,41.48,41.49,41.45,41.46,74269.0
13:58,41.5,41.51,41.47,41.47,79223.0
13:59,41.53,41.53,41.5,41.51,58715.0
14:00,41.52,41.54,41.51,41.53,96583.0
14:01,41.53,41.53,41.5,41.52,72149.0
14:02,41.51,41.53,41.5,41.52,49340.0
14:03,41.51,41.52,41.5,41.51,33590.0
14:04,41.51,41.52,41.5,41.51,44394.0
14:05,41.53,41.54,41.51,41.51,54262.0
14:06,41.53,41.54,41.53,41.53,51559.0
14:07,41.56,41.56,41.53,41.53,112177.0
14:08,41.58,41.58,41.54,41.55,59117.0
14:09,41.54,41.58,41.54,41.58,64711.0
14:10,41.55,41.56,41.54,41.54,79001.0
14:11,41.56,41.58,41.54,41.54,57020.0
14:12,41.53,41.56,41.53,41.55,62131.0
14:13,41.53,41.53,41.52,41.53,23838.0
14:14,41.51,41.53,41.5,41.53,21756.0
14:15,41.49,41.51,41.49,41.51,67010.0
14:16,41.48,41.5,41.47,41.5,53195.0
14:17,41.49,41.5,41.49,41.49,17721.0
14:18,41.53,41.53,41.49,41.49,148864.0
14:19,41.53,41.53,41.52,41.52,18778.0
14:20,41.57,41.58,41.53,41.53,68636.0
14:21,41.54,41.59,41.54,41.58,112164.0
14:22,41.53,41.55,41.53,41.54,37110.0
14:23,41.54,41.54,41.53,41.53,76929.0
14:24,41.55,41.55,41.53,41.54,30420.0
14:25,41.51,41.55,41.51,41.55,103704.0
14:26,41.53,41.54,41.51,41.51,46327.0
14:27,41.52,41.54,41.51,41.53,48864.0
14:28,41.53,41.54,41.52,41.52,28577.0
14:29,41.53,41.53,41.51,41.53,75671.0
14:30,41.51,41.53,41.5,41.53,54580.0
14:31,41.51,41.51,41.5,41.5,39770.0
14:32,41.5,41.51,41.5,41.51,49500.0
14:33,41.51,41.51,41.49,41.51,38654.0
14:34,41.51,41.51,41.49,41.51,42401.0
14:35,41.52,41.52,41.5,41.51,26541.0
14:36,41.51,41.52,41.5,41.51,73151.0
14:37,41.51,41.51,41.5,41.51,16331.0
14:38,41.51,41.52,41.5,41.5,55158.0
14:39,41.51,41.53,41.51,41.51,73212.0
14:40,41.52,41.52,41.51,41.51,22346.0
14:41,41.5,41.53,41.49,41.51,40637.0
14:42,41.48,41.5,41.48,41.5,46839.0
14:43,41.48,41.49,41.47,41.49,33247.0
14:44,41.47,41.5,41.47,41.49,40236.0
14:45,41.46,41.47,41.45,41.47,28201.0
14:46,41.47,41.47,41.44,41.46,36387.0
14:47,41.46,41.48,41.45,41.47,45212.0
14:48,41.46,41.47,41.46,41.46,22650.0
14:49,41.47,41.47,41.46,41.46,53880.0
14:50,41.47,41.48,41.46,41.47,36365.0
14:51,41.47,41.47,41.46,41.47,24466.0
14:52,41.47,41.49,41.47,41.48,25171.0
14:53,41.47,41.49,41.47,41.47,47352.0
14:54,41.46,41.47,41.45,41.47,17515.0
14:55,41.46,41.47,41.44,41.46,54496.0
14:56,41.46,41.47,41.45,41.47,44759.0
14:57,41.43,41.47,41.43,41.46,58657.0
14:58,41.45,41.45,41.43,41.44,13290.0
14:59,41.46,41.46,41.44,41.45,50935.0
15:00,41.43,41.46,41.43,41.46,25955.0
15:01,41.44,41.44,41.43,41.44,11362.0
15:02,41.43,41.44,41.42,41.43,35523.0
15:03,41.42,41.43,41.42,41.42,17327.0
15:04,41.44,41.44,41.42,41.42,42442.0
15:05,41.43,41.44,41.42,41.44,109969.0
15:06,41.4,41.43,41.4,41.42,30171.0
15:07,41.42,41.43,41.4,41.4,49892.0
15:08,41.41,41.43,41.4,41.42,67119.0
15:09,41.42,41.42,41.41,41.42,14794.0
15:10,41.4,41.42,41.4,41.42,100484.0
15:11,41.4,41.4,41.39,41.4,36453.0
15:12,41.4,41.4,41.39,41.4,15090.0
15:13,41.38,41.41,41.38,41.4,70547.0
15:14,41.37,41.38,41.36,41.38,56551.0
15:15,41.37,41.38,41.36,41.37,55113.0
15:16,41.32,41.38,41.31,41.37,117705.0
15:17,41.33,41.35,41.31,41.33,124394.0
15:18,41.33,41.33,41.32,41.33,26492.0
15:19,41.33,41.33,41.31,41.32,52317.0
15:20,41.34,41.34,41.32,41.33,84825.0
15:21,41.35,41.35,41.32,41.33,144172.0
15:22,41.33,41.35,41.33,41.35,34448.0
15:23,41.33,41.34,41.33,41.33,54358.0
15:24,41.34,41.34,41.31,41.33,46131.0
15:25,41.32,41.34,41.32,41.33,31970.0
15:26,41.31,41.33,41.31,41.32,38255.0
15:27,41.31,41.32,41.3,41.32,34279.0
15:28,41.3,41.33,41.3,41.31,71419.0
15:29,41.29,41.31,41.29,41.31,38696.0
15:30,41.31,41.31,41.29,41.29,68156.0
15:31,41.28,41.3,41.28,41.3,44969.0
15:32,41.29,41.29,41.28,41.29,37609.0
15:33,41.32,41.32,41.28,41.29,59540.0
15:34,41.33,41.33,41.31,41.31,56911.0
15:35,41.33,41.35,41.33,41.33,78490.0
15:36,41.35,41.36,41.33,41.34,38518.0
15:37,41.35,41.35,41.34,41.34,22305.0
15:38,41.36,41.36,41.33,41.35,58367.0
15:39,41.38,41.38,41.35,41.36,48548.0
15:40,41.35,41.39,41.35,41.38,71389.0
15:41,41.35,41.36,41.34,41.36,78367.0
15:42,41.35,41.36,41.34,41.35,53007.0
15:43,41.37,41.37,41.35,41.35,95159.0
15:44,41.37,41.38,41.35,41.37,94101.0
15:45,41.38,41.39,41.36,41.37,63719.0
15:46,41.37,41.39,41.35,41.39,77261.0
15:47,41.37,41.38,41.36,41.37,62519.0
15:48,41.33,41.37,41.33,41.37,95406.0
15:49,41.33,41.33,41.31,41.33,118989.0
15:50,41.26,41.33,41.26,41.33,186694.0
15:51,41.26,41.28,41.25,41.26,143541.0
15:52,41.26,41.27,41.26,41.26,87255.0
15:53,41.28,41.28,41.26,41.26,195595.0
15:54,41.26,41.29,41.26,41.28,232927.0
15:55,41.22,41.26,41.22,41.26,238789.0
15:56,41.24,41.25,41.22,41.22,241317.0
15:57,41.24,41.25,41.22,41.24,271081.0
15:58,41.22,41.23,41.19,41.23,400061.0
15:59,41.24,41.25,41.21,41.22,692467.0
