Time,Close,High,Low,Open,Volume
09:30,108.48,109.21,108.41,109.21,1230110.0
09:31,108.8,108.91,108.46,108.46,233081.0
09:32,108.65,108.81,108.46,108.79,64667.0
09:33,108.61,108.75,108.6,108.63,43259.0
09:34,108.88,108.89,108.62,108.63,36324.0
09:35,108.78,108.91,108.77,108.88,39838.0
09:36,108.96,109.01,108.78,108.8,34431.0
09:37,108.92,109.01,108.87,108.96,49851.0
09:38,108.94,109.04,108.88,108.9,44692.0
09:39,108.82,109.01,108.79,108.95,68557.0
09:40,108.73,108.9,108.7,108.81,492364.0
09:41,108.81,108.82,108.68,108.73,1.0
09:42,108.71,108.89,108.61,108.81,57131.0
09:43,108.58,108.71,108.57,108.7,45461.0
09:44,108.22,108.58,108.2,108.58,81794.0
09:45,108.13,108.31,108.12,108.22,114713.0
09:46,108.22,108.25,108.1,108.12,49207.0
09:47,107.97,108.22,107.95,108.22,66906.0
09:48,108.02,108.14,107.95,107.97,49799.0
09:49,108.16,108.17,108.01,108.01,44885.0
09:50,108.36,108.38,108.14,108.15,46629.0
09:51,108.37,108.46,108.34,108.36,25447.0
09:52,108.44,108.51,108.34,108.38,37275.0
09:53,108.48,108.58,108.44,108.45,43979.0
09:54,108.37,108.59,108.35,108.5,39928.0
09:55,108.38,108.47,108.35,108.36,34291.0
09:56,108.35,108.44,108.23,108.37,70174.0
09:57,108.46,108.5,108.35,108.36,18060.0
09:58,108.54,108.58,108.39,108.46,36937.0
09:59,108.47,108.64,108.47,108.54,40764.0
10:00,108.35,108.49,108.31,108.47,59760.0
10:01,108.54,108.55,108.34,108.35,43109.0
10:02,108.57,108.69,108.53,108.54,43224.0
10:03,108.67,108.7,108.52,108.58,25733.0
10:04,108.62,108.72,108.61,108.67,27721.0
10:05,108.61,108.68,108.59,108.61,26588.0
10:06,108.5,108.65,108.49,108.61,63338.0
10:07,108.5,108.52,108.43,108.49,31844.0
10:08,108.51,108.57,108.49,108.51,26817.0
10:09,108.41,108.57,108.39,108.52,37380.0
10:10,108.35,108.45,108.34,108.43,29751.0
10:11,108.31,108.42,108.29,108.35,35852.0
10:12,108.19,108.34,108.18,108.32,49593.0
10:13,108.17,108.25,108.09,108.19,43623.0
10:14,108.24,108.26,108.14,108.17,34764.0
10:15,108.39,108.39,108.24,108.25,29785.0
10:16,108.36,108.44,108.36,108.39,23517.0
10:17,108.39,108.4,108.34,108.35,32325.0
10:18,108.41,108.45,108.39,108.39,20564.0
10:19,108.41,108.46,108.37,108.4,26788.0
10:20,108.41,108.45,108.37,108.41,24750.0
10:21,108.42,108.46,108.4,108.42,20440.0
10:22,108.44,108.46,108.39,108.43,22597.0
10:23,108.38,108.46,108.37,108.44,23110.0
10:24,108.42,108.46,108.37,108.39,26919.0
10:25,108.41,108.45,108.38,108.42,28535.0
10:26,108.32,108.41,108.32,108.4,33540.0
10:27,108.27,108.35,108.24,108.32,42174.0
10:28,108.17,108.28,108.15,108.27,25820.0
10:29,108.17,108.18,108.13,108.16,24665.0
10:30,108.14,108.18,108.07,108.16,36136.0
10:31,108.1,108.14,108.01,108.14,45956.0
10:32,108.08,108.15,108.06,108.09,38160.0
10:33,108.07,108.13,108.05,108.09,41552.0
10:34,108.09,108.09,107.96,108.06,63414.0
10:35,108.18,108.18,108.04,108.08,27370.0
10:36,108.16,108.2,108.12,108.17,33012.0
10:37,107.99,108.16,107.97,108.15,28266.0
10:38,108.0,108.03,107.95,107.99,34501.0
10:39,107.9,108.03,107.86,107.99,35293.0
10:40,108.25,108.26,107.89,107.9,44108.0
10:41,108.43,108.45,108.25,108.25,21752.0
10:42,108.42,108.45,108.39,108.44,21779.0
10:43,108.42,108.5,108.4,108.42,30799.0
10:44,108.36,108.42,108.33,108.42,14033.0
10:45,108.36,108.39,108.27,108.36,13944.0
10:46,108.38,108.39,108.34,108.35,14021.0
10:47,108.32,108.38,108.32,108.37,16872.0
10:48,108.29,108.4,108.26,108.33,33068.0
10:49,108.26,108.29,108.24,108.28,13358.0
10:50,108.22,108.32,108.19,108.26,33182.0
10:51,108.19,108.26,108.17,108.22,40665.0
10:52,108.24,108.25,108.19,108.19,21593.0
10:53,108.24,108.26,108.19,108.23,17406.0
10:54,108.29,108.31,108.24,108.25,52182.0
10:55,108.42,108.42,108.28,108.29,48267.0
10:56,108.38,108.44,108.37,108.42,17466.0
10:57,108.41,108.42,108.3,108.38,39290.0
10:58,108.4,108.43,108.35,108.4,57992.0
10:59,108.38,108.43,108.36,108.4,23334.0
11:00,108.4,108.5,108.35,108.38,34676.0
11:01,108.39,108.5,108.38,108.4,13559.0
11:02,108.37,108.45,108.34,108.38,18946.0
11:03,108.39,108.39,108.3,108.37,28607.0
11:04,108.47,108.47,108.36,108.36,32363.0
11:05,108.43,108.5,108.42,108.46,17988.0
11:06,108.46,108.49,108.38,108.42,1770799.0
11:07,108.51,108.54,108.44,108.46,1.0
11:08,108.54,108.57,108.51,108.52,34578.0
11:09,108.55,108.63,108.49,108.54,49788.0
11:10,108.34,108.54,108.31,108.54,42533.0
11:11,108.21,108.34,108.2,108.34,43971.0
11:12,107.94,108.21,107.93,108.21,57110.0
11:13,108.01,108.08,107.9,107.93,49416.0
11:14,107.97,108.05,107.95,108.01,41695.0
11:15,108.0,108.04,107.94,107.97,30056.0
11:16,108.03,108.08,107.97,107.99,35090.0
11:17,107.95,108.04,107.95,108.03,24896.0
11:18,107.99,108.01,107.94,107.96,22409.0
11:19,107.96,107.99,107.9,107.99,21190.0
11:20,108.06,108.1,107.94,107.95,38851.0
11:21,107.95,108.08,107.94,108.06,36337.0
11:22,107.96,107.99,107.93,107.95,22425.0
11:23,107.99,108.01,107.91,107.95,16128.0
11:24,107.97,108.02,107.95,107.99,15278.0
11:25,107.96,108.0,107.93,107.97,22310.0
11:26,107.94,107.97,107.89,107.96,23154.0
11:27,107.87,107.95,107.86,107.94,32248.0
11:28,107.92,107.94,107.82,107.87,24882.0
11:29,107.93,107.96,107.85,107.92,21637.0
11:30,107.92,107.98,107.88,107.92,32195.0
11:31,107.76,107.92,107.75,107.92,43984.0
11:32,107.64,107.78,107.61,107.76,42114.0
11:33,107.71,107.79,107.63,107.64,28286.0
11:34,107.67,107.76,107.58,107.71,29018.0
11:35,107.67,107.69,107.61,107.67,29119.0
11:36,107.67,107.73,107.65,107.67,28767.0
11:37,107.7,107.72,107.64,107.68,44655.0
11:38,107.72,107.74,107.67,107.7,23033.0
11:39,107.74,107.74,107.66,107.72,32055.0
11:40,107.83,107.91,107.68,107.74,29068.0
11:41,107.75,107.9,107.74,107.86,22298.0
11:42,107.71,107.75,107.66,107.74,38913.0
11:43,107.74,107.79,107.72,107.72,26834.0
11:44,107.67,107.75,107.62,107.74,38396.0
11:45,107.55,107.66,107.54,107.66,24643.0
11:46,107.66,107.67,107.52,107.56,27806.0
11:47,107.68,107.7,107.63,107.65,28261.0
11:48,107.63,107.68,107.61,107.68,20373.0
11:49,107.69,107.69,107.63,107.64,18193.0
11:50,107.77,107.79,107.67,107.69,23190.0
11:51,107.8,107.89,107.79,107.79,24848.0
11:52,107.71,107.82,107.68,107.8,23761.0
11:53,107.63,107.74,107.62,107.71,18691.0
11:54,107.65,107.68,107.6,107.62,17222.0
11:55,107.64,107.69,107.63,107.65,12119.0
11:56,107.65,107.68,107.61,107.64,10658.0
11:57,107.71,107.74,107.65,107.66,16109.0
11:58,107.71,107.76,107.69,107.71,23860.0
11:59,107.8,107.81,107.67,107.71,31063.0
12:00,107.88,107.92,107.77,107.79,25939.0
12:01,107.97,107.97,107.88,107.89,11813.0
12:02,107.97,108.0,107.94,107.96,42296.0
12:03,107.97,107.98,107.94,107.98,16103.0
12:04,107.98,108.0,107.95,107.96,20600.0
12:05,108.0,108.0,107.96,107.97,20306.0
12:06,107.96,108.0,107.96,108.0,56201.0
12:07,107.96,108.0,107.95,107.97,52887.0
12:08,108.0,108.0,107.94,107.96,17917.0
12:09,107.97,108.0,107.91,107.99,33057.0
12:10,108.0,108.01,107.97,107.97,29569.0
12:11,108.0,108.0,107.96,108.0,42258.0
12:12,108.0,108.05,107.99,108.0,25193.0
12:13,108.03,108.05,107.99,107.99,2589732.0
12:14,108.03,108.05,108.01,108.02,1.0
12:15,108.06,108.11,108.02,108.04,38288.0
12:16,108.04,108.08,108.03,108.06,15115.0
12:17,108.12,108.18,108.04,108.05,35182.0
12:18,108.19,108.25,108.12,108.13,30008.0
12:19,108.21,108.22,108.18,108.19,12504.0
12:20,108.13,108.24,108.12,108.21,21005.0
12:21,108.21,108.23,108.11,108.13,15968.0
12:22,108.14,108.21,108.12,108.21,18619.0
12:23,108.18,108.22,108.14,108.14,32150.0
12:24,108.18,108.2,108.11,108.18,15991.0
12:25,108.19,108.19,108.12,108.18,19554.0
12:26,108.23,108.25,108.17,108.18,22784.0
12:27,108.28,108.28,108.22,108.22,19475.0
12:28,108.37,108.38,108.28,108.28,25162.0
12:29,108.45,108.45,108.36,108.37,24719.0
12:30,108.6,108.63,108.45,108.46,28720.0
12:31,108.65,108.69,108.61,108.62,37775.0
12:32,108.61,108.68,108.61,108.66,24596.0
12:33,108.53,108.61,108.52,108.61,19746.0
12:34,108.69,108.71,108.53,108.53,18791.0
12:35,108.67,108.71,108.64,108.69,12273.0
12:36,108.69,108.69,108.56,108.68,17459.0
12:37,108.72,108.74,108.66,108.69,13346.0
12:38,108.61,108.71,108.6,108.7,21310.0
12:39,108.62,108.64,108.59,108.6,17963.0
12:40,108.62,108.64,108.6,108.62,25595.0
12:41,108.58,108.65,108.57,108.63,21955.0
12:42,108.58,108.61,108.57,108.57,7990.0
12:43,108.5,108.62,108.5,108.6,27347.0
12:44,108.56,108.57,108.49,108.5,28195.0
12:45,108.61,108.65,108.55,108.56,31693.0
12:46,108.61,108.64,108.6,108.61,18037.0
12:47,108.63,108.63,108.58,108.61,14988.0
12:48,108.58,108.63,108.58,108.62,31854.0
12:49,108.67,108.68,108.58,108.58,28255.0
12:50,108.71,108.76,108.68,108.68,18623.0
12:51,108.7,108.74,108.69,108.72,11783.0
12:52,108.68,108.73,108.67,108.69,13028.0
12:53,108.71,108.71,108.66,108.68,14260.0
12:54,108.73,108.76,108.66,108.7,19470.0
12:55,108.7,108.74,108.67,108.72,19553.0
12:56,108.63,108.74,108.6,108.7,37311.0
12:57,108.62,108.65,108.58,108.62,3025743.0
12:58,108.61,108.65,108.6,108.63,1.0
12:59,108.58,108.69,108.58,108.61,56556.0
13:00,108.71,108.71,108.56,108.58,36503.0
13:01,108.71,108.74,108.68,108.72,20217.0
13:02,108.71,108.72,108.63,108.72,21972.0
13:03,108.75,108.79,108.71,108.71,43964.0
13:04,108.66,108.76,108.66,108.75,14835.0
13:05,108.77,108.79,108.64,108.66,28232.0
13:06,108.78,108.79,108.72,108.78,19705.0
13:07,108.86,108.89,108.77,108.77,15466.0
13:08,108.88,108.93,108.85,108.86,19348.0
13:09,108.89,108.93,108.87,108.88,20071.0
13:10,108.95,109.0,108.89,108.89,19499.0
13:11,109.0,109.01,108.93,108.94,29051.0
13:12,109.0,109.01,108.96,108.99,15566.0
13:13,108.89,109.0,108.87,108.99,20847.0
13:14,108.88,108.91,108.85,108.89,27784.0
13:15,108.93,108.94,108.87,108.87,31643.0
13:16,108.97,109.0,108.93,108.93,27501.0
13:17,109.0,109.01,108.97,108.98,14752.0
13:18,108.96,109.01,108.95,108.99,23627.0
13:19,109.0,109.01,108.96,108.96,3263135.0
13:20,109.03,109.04,108.99,109.0,1.0
13:21,109.01,109.04,108.99,109.03,3276174.0
13:22,109.11,109.12,109.0,109.01,1.0
13:23,109.1,109.17,109.06,109.13,25868.0
13:24,109.05,109.11,109.01,109.1,24628.0
13:25,108.94,109.05,108.94,109.05,17007.0
13:26,108.93,108.95,108.89,108.94,15603.0
13:27,108.96,108.98,108.92,108.94,14379.0
13:28,108.99,109.0,108.93,108.95,20185.0
13:29,108.96,109.03,108.95,108.99,16631.0
13:30,108.96,108.97,108.9,108.96,17480.0
13:31,108.99,109.01,108.96,108.97,10362.0
13:32,108.89,108.98,108.86,108.98,23618.0
13:33,108.86,108.9,108.84,108.89,17562.0
13:34,108.86,108.88,108.8,108.87,22654.0
13:35,108.83,108.86,108.78,108.86,32686.0
13:36,108.86,108.86,108.82,108.83,23179.0
13:37,108.84,108.87,108.76,108.87,23388.0
13:38,108.87,108.94,108.84,108.84,19840.0
13:39,108.89,108.91,108.85,108.86,10581.0
13:40,108.85,108.92,108.85,108.88,16271.0
13:41,108.91,108.92,108.84,108.85,11239.0
13:42,108.91,108.94,108.89,108.91,11531.0
13:43,108.96,108.96,108.89,108.9,3508442.0
13:44,109.05,109.12,108.95,108.96,1.0
13:45,108.96,109.05,108.94,109.05,15752.0
13:46,109.06,109.08,108.96,108.96,19216.0
13:47,109.18,109.2,109.04,109.06,27008.0
13:48,109.18,109.24,109.17,109.19,33084.0
13:49,109.22,109.23,109.14,109.18,15536.0
13:50,109.0,109.27,108.87,109.21,174420.0
13:51,109.25,109.27,108.96,109.0,25643.0
13:52,109.36,109.4,109.23,109.26,37132.0
13:53,109.39,109.42,109.34,109.35,23909.0
13:54,109.41,109.43,109.37,109.39,10730.0
13:55,109.35,109.42,109.34,109.42,25522.0
13:56,109.25,109.36,109.24,109.35,21079.0
13:57,109.27,109.31,109.21,109.26,35437.0
13:58,109.26,109.28,109.22,109.27,15904.0
13:59,109.36,109.38,109.24,109.25,3720280.0
14:00,109.29,109.41,109.26,109.36,1.0
14:01,109.35,109.36,109.26,109.29,14148.0
14:02,109.28,109.37,109.28,109.35,22745.0
14:03,109.28,109.31,109.25,109.29,25409.0
14:04,109.33,109.35,109.26,109.29,36268.0
14:05,109.43,109.44,109.34,109.35,45308.0
14:06,109.39,109.43,109.35,109.43,30088.0
14:07,109.4,109.43,109.37,109.39,26643.0
14:08,109.38,109.43,109.35,109.4,19550.0
14:09,109.35,109.46,109.33,109.38,27852.0
14:10,109.36,109.37,109.33,109.35,41220.0
14:11,109.38,109.4,109.35,109.36,3848571.0
14:12,109.33,109.4,109.32,109.39,1.0
14:13,109.23,109.34,109.2,109.32,29136.0
14:14,109.29,109.29,109.19,109.22,10603.0
14:15,109.26,109.29,109.23,109.28,3849475.0
14:16,109.23,109.28,109.21,109.26,1.0
14:17,109.25,109.3,109.21,109.24,34232.0
14:18,109.33,109.36,109.25,109.25,25963.0
14:19,109.29,109.33,109.26,109.33,19996.0
14:20,109.26,109.31,109.25,109.29,9954.0
14:21,109.27,109.29,109.24,109.26,12553.0
14:22,109.26,109.27,109.18,109.27,28763.0
14:23,109.27,109.33,109.26,109.26,28312.0
14:24,109.27,109.29,109.25,109.27,19017.0
14:25,109.24,109.28,109.19,109.26,23796.0
14:26,109.23,109.24,109.18,109.24,16642.0
14:27,109.29,109.3,109.24,109.24,16839.0
14:28,109.3,109.31,109.26,109.28,20258.0
14:29,109.32,109.34,109.26,109.29,17767.0
14:30,109.35,109.36,109.28,109.32,10021.0
14:31,109.32,109.39,109.32,109.34,15022.0
14:32,109.37,109.38,109.32,109.33,11641.0
14:33,109.41,109.42,109.36,109.37,20951.0
14:34,109.4,109.42,109.39,109.4,12147.0
14:35,109.45,109.47,109.39,109.4,19631.0
14:36,109.43,109.47,109.41,109.46,12511.0
14:37,109.44,109.46,109.42,109.43,9414.0
14:38,109.43,109.47,109.42,109.44,21148.0
14:39,109.43,109.45,109.38,109.43,16398.0
14:40,109.44,109.46,109.43,109.43,8903.0
14:41,109.45,109.46,109.43,109.45,9746.0
14:42,109.46,109.46,109.43,109.45,17865.0
14:43,109.42,109.46,109.41,109.46,19113.0
14:44,109.44,109.46,109.41,109.41,4323819.0
14:45,109.46,109.46,109.42,109.44,1.0
14:46,109.47,109.52,109.46,109.46,26771.0
14:47,109.5,109.5,109.46,109.47,17539.0
14:48,109.51,109.51,109.43,109.5,26747.0
14:49,109.48,109.54,109.47,109.51,22446.0
14:50,109.51,109.53,109.47,109.49,22815.0
14:51,109.54,109.55,109.46,109.51,35405.0
14:52,109.54,109.55,109.51,109.54,22494.0
14:53,109.54,109.55,109.51,109.54,15839.0
14:54,109.54,109.55,109.5,109.53,20023.0
14:55,109.5,109.54,109.48,109.54,16248.0
14:56,109.54,109.54,109.48,109.5,19691.0
14:57,109.58,109.6,109.52,109.53,23209.0
14:58,109.57,109.63,109.56,109.58,26380.0
14:59,109.56,109.58,109.54,109.58,11350.0
15:00,109.54,109.58,109.51,109.56,22518.0
15:01,109.52,109.57,109.51,109.54,12774.0
15:02,109.54,109.56,109.5,109.51,13644.0
15:03,109.52,109.56,109.47,109.55,51423.0
15:04,109.55,109.56,109.5,109.51,11414.0
15:05,109.55,109.55,109.5,109.55,20415.0
15:06,109.55,109.55,109.51,109.54,12102.0
15:07,109.56,109.58,109.52,109.55,32224.0
15:08,109.53,109.6,109.53,109.57,15225.0
15:09,109.51,109.54,109.48,109.53,29636.0
15:10,109.44,109.51,109.42,109.51,21842.0
15:11,109.43,109.47,109.41,109.43,14757.0
15:12,109.41,109.44,109.39,109.43,19378.0
15:13,109.46,109.49,109.4,109.41,29258.0
15:14,109.46,109.48,109.43,109.46,19163.0
15:15,109.49,109.51,109.4,109.46,24779.0
15:16,109.5,109.52,109.45,109.5,17799.0
15:17,109.45,109.51,109.44,109.51,14675.0
15:18,109.43,109.45,109.39,109.44,28746.0
15:19,109.49,109.5,109.41,109.43,24241.0
15:20,109.54,109.55,109.49,109.5,33800.0
15:21,109.51,109.58,109.51,109.54,20764.0
15:22,109.53,109.54,109.51,109.51,16541.0
15:23,109.53,109.55,109.5,109.53,13220.0
15:24,109.54,109.56,109.51,109.53,33636.0
15:25,109.47,109.54,109.46,109.53,22311.0
15:26,109.56,109.57,109.46,109.47,15194.0
15:27,109.56,109.58,109.55,109.57,23786.0
15:28,109.56,109.58,109.53,109.56,19334.0
15:29,109.54,109.56,109.52,109.56,14298.0
15:30,109.65,109.66,109.51,109.54,53221.0
15:31,109.7,109.71,109.63,109.64,28384.0
15:32,109.69,109.73,109.67,109.7,34482.0
15:33,109.71,109.71,109.64,109.69,28041.0
15:34,109.69,109.73,109.67,109.71,21747.0
15:35,109.69,109.73,109.67,109.7,42266.0
15:36,109.67,109.71,109.67,109.69,24686.0
15:37,109.68,109.7,109.66,109.68,13232.0
15:38,109.65,109.68,109.63,109.68,17171.0
15:39,109.66,109.69,109.62,109.64,26420.0
15:40,109.68,109.69,109.63,109.67,40163.0
15:41,109.63,109.68,109.58,109.68,27060.0
15:42,109.53,109.64,109.53,109.62,25470.0
15:43,109.53,109.54,109.46,109.54,24689.0
15:44,109.61,109.62,109.5,109.52,48867.0
15:45,109.5,109.64,109.5,109.62,38927.0
15:46,109.5,109.52,109.44,109.5,49832.0
15:47,109.47,109.53,109.46,109.5,41582.0
15:48,109.49,109.5,109.43,109.47,63434.0
15:49,109.53,109.53,109.43,109.49,34201.0
15:50,109.41,109.52,109.39,109.52,58611.0
15:51,109.4,109.49,109.36,109.42,90306.0
15:52,109.36,109.44,109.35,109.4,60874.0
15:53,109.33,109.39,109.33,109.35,69499.0
15:54,109.24,109.43,109.2,109.32,5498208.0
15:55,109.21,109.45,109.16,109.24,1.0
15:56,109.29,109.32,109.21,109.21,117074.0
15:57,109.38,109.39,109.28,109.29,105255.0
15:58,109.39,109.4,109.32,109.38,112972.0
15:59,109.33,109.44,109.33,109.39,334385.0
