Time,Close,High,Low,Open,Volume
09:30,98.17,98.75,97.74,98.69,7517523.0
09:31,98.97,99.0,97.97,98.18,766571.0
09:32,99.11,99.13,98.31,98.98,652128.0
09:33,100.02,100.08,98.99,99.11,1034486.0
09:34,100.4,100.73,99.97,100.02,918792.0
09:35,101.1,101.24,100.19,100.41,789225.0
09:36,101.27,101.58,101.0,101.07,638918.0
09:37,100.87,101.31,100.59,101.29,520674.0
09:38,101.21,101.27,100.75,100.88,544394.0
09:39,101.26,101.32,100.94,101.2,563283.0
09:40,101.84,101.88,101.19,101.26,593442.0
09:41,101.52,101.89,101.0,101.85,685533.0
09:42,101.58,101.84,101.35,101.52,465084.0
09:43,102.3,102.35,101.51,101.58,464108.0
09:44,102.44,102.55,102.18,102.3,682284.0
09:45,101.8,102.45,101.7,102.44,462313.0
09:46,102.25,102.47,101.77,101.77,290545.0
09:47,102.4,102.51,102.2,102.25,300198.0
09:48,102.48,102.56,102.29,102.41,292486.0
09:49,102.25,102.55,102.19,102.5,397328.0
09:50,102.41,102.56,102.25,102.25,215968.0
09:51,102.65,102.67,102.32,102.42,327409.0
09:52,102.38,102.7,102.36,102.67,251222.0
09:53,102.85,102.85,102.32,102.39,461543.0
09:54,102.96,103.12,102.81,102.86,646309.0
09:55,102.93,103.04,102.79,102.96,299724.0
09:56,102.77,102.96,102.63,102.93,330207.0
09:57,102.98,103.02,102.74,102.77,180671.0
09:58,102.92,103.01,102.79,102.99,161035.0
09:59,102.85,103.0,102.75,102.92,181743.0
10:00,102.81,102.87,102.53,102.85,294008.0
10:01,102.86,102.88,102.76,102.8,191261.0
10:02,102.81,102.89,102.71,102.86,241524.0
10:03,103.11,103.2,102.75,102.8,396506.0
10:04,102.85,103.19,102.79,103.11,224573.0
10:05,103.07,103.11,102.76,102.84,302701.0
10:06,102.92,103.14,102.86,103.09,304690.0
10:07,103.04,103.13,102.87,102.92,221706.0
10:08,103.07,103.12,102.99,103.04,200235.0
10:09,103.21,103.38,103.04,103.05,304664.0
10:10,103.24,103.25,102.96,103.2,321367.0
10:11,102.96,103.28,102.92,103.24,240925.0
10:12,103.02,103.02,102.75,102.96,154672.0
10:13,103.33,103.35,102.93,103.02,247985.0
10:14,103.17,103.35,103.09,103.34,170558.0
10:15,103.37,103.48,103.14,103.17,311363.0
10:16,102.97,103.43,102.95,103.39,223578.0
10:17,103.04,103.22,102.97,102.98,12770697.0
10:18,103.06,103.16,102.95,103.05,1.0
10:19,103.19,103.25,103.01,103.06,164055.0
10:20,103.2,103.22,103.09,103.19,167597.0
10:21,103.43,103.54,103.19,103.21,265378.0
10:22,103.38,103.57,103.37,103.43,211035.0
10:23,103.32,103.41,103.19,103.39,214890.0
10:24,103.31,103.32,102.99,103.32,308082.0
10:25,103.35,103.4,103.22,103.31,163360.0
10:26,103.8,103.84,103.32,103.36,310093.0
10:27,103.93,104.0,103.74,103.79,316818.0
10:28,104.14,104.18,103.88,103.93,460957.0
10:29,104.67,104.73,104.08,104.14,595987.0
10:30,104.55,104.79,104.44,104.66,671247.0
10:31,104.14,104.58,104.1,104.55,385767.0
10:32,104.27,104.48,104.06,104.14,272782.0
10:33,104.22,104.3,104.1,104.27,237436.0
10:34,103.87,104.24,103.82,104.22,235465.0
10:35,103.81,103.95,103.7,103.86,216573.0
10:36,103.62,103.91,103.58,103.81,257312.0
10:37,103.77,103.83,103.57,103.62,182588.0
10:38,103.54,103.79,103.53,103.78,134446.0
10:39,103.7,103.91,103.52,103.53,210757.0
10:40,103.43,103.73,103.4,103.7,222392.0
10:41,103.3,103.48,103.23,103.44,257666.0
10:42,103.35,103.57,103.2,103.31,224950.0
10:43,103.04,103.36,102.93,103.35,245577.0
10:44,102.93,103.09,102.86,103.04,237802.0
10:45,102.79,102.93,102.7,102.92,15699054.0
10:46,102.78,102.99,102.66,102.79,1.0
10:47,102.85,103.02,102.67,102.78,277237.0
10:48,102.95,102.96,102.76,102.86,180988.0
10:49,102.7,102.99,102.67,102.94,169773.0
10:50,102.56,102.7,102.43,102.7,336447.0
10:51,102.42,102.6,102.36,102.54,261736.0
10:52,102.59,102.66,102.4,102.42,375675.0
10:53,102.9,102.92,102.57,102.62,218151.0
10:54,102.61,102.91,102.5,102.91,247051.0
10:55,102.38,102.62,102.29,102.61,249733.0
10:56,102.15,102.41,102.06,102.38,234547.0
10:57,102.43,102.46,102.09,102.15,232224.0
10:58,102.27,102.46,102.23,102.43,217649.0
10:59,102.45,102.55,102.25,102.29,238378.0
11:00,102.4,102.61,102.4,102.46,177701.0
11:01,102.36,102.45,102.22,102.4,135775.0
11:02,102.41,102.58,102.28,102.36,107721.0
11:03,102.57,102.65,102.36,102.42,163352.0
11:04,102.57,102.71,102.5,102.57,187529.0
11:05,102.35,102.58,102.34,102.57,137291.0
11:06,102.23,102.37,102.2,102.35,183525.0
11:07,102.16,102.3,102.09,102.23,275442.0
11:08,102.28,102.43,102.11,102.16,171868.0
11:09,102.06,102.33,102.05,102.27,146929.0
11:10,102.04,102.17,102.03,102.06,151041.0
11:11,102.18,102.24,101.95,102.03,224882.0
11:12,101.94,102.22,101.83,102.18,135414.0
11:13,101.97,101.99,101.87,101.94,194191.0
11:14,101.76,101.97,101.65,101.97,242849.0
11:15,101.57,101.75,101.52,101.74,271594.0
11:16,101.56,101.65,101.42,101.57,240009.0
11:17,101.32,101.57,101.28,101.56,207748.0
11:18,101.14,101.36,101.11,101.32,306511.0
11:19,101.25,101.29,100.89,101.14,459165.0
11:20,101.26,101.32,101.01,101.25,287474.0
11:21,101.36,101.5,101.22,101.25,242562.0
11:22,101.38,101.45,101.32,101.36,148267.0
11:23,101.23,101.54,101.18,101.38,151247.0
11:24,101.33,101.35,101.07,101.22,198234.0
11:25,101.13,101.39,101.12,101.33,128001.0
11:26,101.04,101.17,100.98,101.13,170553.0
11:27,100.7,101.04,100.7,101.03,244453.0
11:28,100.69,100.84,100.43,100.71,454933.0
11:29,100.52,100.76,100.5,100.69,260425.0
11:30,100.65,100.72,100.5,100.5,190428.0
11:31,100.35,100.67,100.33,100.66,224017.0
11:32,100.54,100.56,100.2,100.34,274835.0
11:33,100.59,100.68,100.47,100.54,219525.0
11:34,100.39,100.65,100.25,100.6,172698.0
11:35,100.6,100.6,100.39,100.4,111372.0
11:36,100.38,100.66,100.37,100.6,145557.0
11:37,100.36,100.46,100.34,100.37,135132.0
11:38,100.32,100.36,100.11,100.36,232996.0
11:39,100.19,100.38,100.17,100.32,174064.0
11:40,100.36,100.43,100.15,100.19,213155.0
11:41,100.37,100.42,100.25,100.35,173097.0
11:42,100.38,100.4,100.26,100.37,108451.0
11:43,100.35,100.57,100.33,100.35,154974.0
11:44,100.36,100.55,100.33,100.36,152748.0
11:45,100.39,100.48,100.31,100.36,152325.0
11:46,100.42,100.49,100.34,100.4,169027.0
11:47,100.27,100.43,100.25,100.43,180667.0
11:48,100.19,100.45,100.16,100.27,207111.0
11:49,100.18,100.23,100.08,100.19,246214.0
11:50,100.14,100.22,100.07,100.17,148766.0
11:51,100.12,100.18,100.1,100.14,146455.0
11:52,100.26,100.28,100.12,100.12,175108.0
11:53,100.06,100.27,100.02,100.26,168421.0
11:54,100.1,100.17,100.02,100.07,161257.0
11:55,100.32,100.37,100.1,100.11,238189.0
11:56,100.35,100.42,100.29,100.3,149749.0
11:57,100.28,100.5,100.22,100.35,170318.0
11:58,100.17,100.29,100.13,100.28,122139.0
11:59,100.19,100.26,100.14,100.17,120399.0
12:00,100.37,100.4,100.18,100.2,128688.0
12:01,100.26,100.38,100.25,100.38,112389.0
12:02,100.22,100.3,100.12,100.26,137507.0
12:03,100.21,100.24,100.12,100.22,103030.0
12:04,100.31,100.4,100.18,100.21,136125.0
12:05,100.39,100.42,100.2,100.3,128133.0
12:06,100.29,100.46,100.28,100.4,22114770.0
12:07,100.18,100.3,100.13,100.29,1.0
12:08,100.15,100.2,100.1,100.18,110825.0
12:09,100.12,100.2,100.07,100.15,144475.0
12:10,99.96,100.13,99.83,100.13,501394.0
12:11,99.77,99.96,99.72,99.96,251085.0
12:12,99.74,99.83,99.69,99.78,165879.0
12:13,99.78,99.83,99.63,99.74,167870.0
12:14,99.62,99.81,99.59,99.79,145433.0
12:15,99.63,99.79,99.55,99.62,297970.0
12:16,99.6,99.74,99.5,99.61,346238.0
12:17,99.76,99.8,99.54,99.6,287030.0
12:18,99.91,99.97,99.69,99.76,368729.0
12:19,99.86,100.05,99.82,99.93,23346293.0
12:20,100.12,100.13,99.85,99.87,1.0
12:21,100.06,100.11,99.98,100.09,146594.0
12:22,100.04,100.08,100.0,100.06,116194.0
12:23,99.97,100.07,99.89,100.04,481343.0
12:24,99.98,100.01,99.95,99.97,139133.0
12:25,99.97,100.01,99.94,99.99,100193.0
12:26,99.85,99.99,99.84,99.96,122545.0
12:27,99.94,99.98,99.87,99.87,104464.0
12:28,99.96,100.0,99.9,99.95,126186.0
12:29,99.95,100.0,99.94,99.96,89328.0
12:30,100.0,100.0,99.9,99.96,109928.0
12:31,100.0,100.02,99.94,99.99,109546.0
12:32,100.03,100.18,99.99,100.01,183274.0
12:33,99.92,100.04,99.9,100.03,87557.0
12:34,99.78,99.95,99.76,99.92,138395.0
12:35,99.64,99.8,99.64,99.76,175578.0
12:36,99.64,99.74,99.6,99.65,148183.0
12:37,99.74,99.77,99.57,99.64,159571.0
12:38,99.65,99.75,99.63,99.74,95942.0
12:39,99.73,99.77,99.64,99.65,96245.0
12:40,99.59,99.75,99.57,99.72,131995.0
12:41,99.71,99.72,99.56,99.58,134454.0
12:42,99.78,99.8,99.64,99.71,119322.0
12:43,99.59,99.79,99.58,99.78,99587.0
12:44,99.56,99.61,99.53,99.58,140324.0
12:45,99.59,99.65,99.5,99.57,177418.0
12:46,99.67,99.8,99.59,99.6,137261.0
12:47,99.71,99.8,99.64,99.69,145840.0
12:48,99.75,99.78,99.69,99.71,111867.0
12:49,99.82,99.89,99.74,99.76,118900.0
12:50,99.75,99.84,99.72,99.83,123718.0
12:51,99.74,99.76,99.67,99.75,124398.0
12:52,99.65,99.75,99.62,99.73,120692.0
12:53,99.68,99.69,99.6,99.65,24790986.0
12:54,99.57,99.69,99.54,99.67,1.0
12:55,99.56,99.61,99.54,99.57,118364.0
12:56,99.49,99.58,99.46,99.56,287935.0
12:57,99.39,99.5,99.36,99.49,183586.0
12:58,99.52,99.59,99.35,99.39,163462.0
12:59,99.46,99.57,99.44,99.53,149742.0
13:00,99.52,99.54,99.44,99.45,119191.0
13:01,99.54,99.56,99.5,99.53,81791.0
13:02,99.48,99.55,99.44,99.55,101112.0
13:03,99.72,99.75,99.47,99.47,140181.0
13:04,99.65,99.81,99.51,99.71,135858.0
13:05,99.68,99.71,99.58,99.66,115927.0
13:06,99.72,99.76,99.65,99.67,132351.0
13:07,99.73,99.76,99.64,99.72,119695.0
13:08,99.52,99.75,99.51,99.75,167266.0
13:09,99.69,99.72,99.5,99.52,149660.0
13:10,99.75,99.76,99.64,99.68,171797.0
13:11,99.71,99.77,99.7,99.74,140817.0
13:12,99.8,99.82,99.7,99.71,131028.0
13:13,99.93,99.95,99.75,99.8,233534.0
13:14,99.82,99.97,99.81,99.94,208152.0
13:15,99.76,99.89,99.74,99.82,102222.0
13:16,99.79,99.81,99.74,99.76,102648.0
13:17,99.77,99.81,99.74,99.79,86674.0
13:18,99.52,99.78,99.48,99.77,145533.0
13:19,99.6,99.62,99.47,99.52,143937.0
13:20,99.72,99.73,99.58,99.6,98458.0
13:21,99.67,99.75,99.66,99.72,111426.0
13:22,99.56,99.68,99.53,99.68,133012.0
13:23,99.61,99.62,99.47,99.56,139658.0
13:24,99.61,99.65,99.55,99.61,99671.0
13:25,99.64,99.74,99.61,99.62,136617.0
13:26,99.63,99.74,99.63,99.63,81313.0
13:27,99.65,99.66,99.53,99.64,87494.0
13:28,99.78,99.8,99.65,99.65,113117.0
13:29,99.68,99.8,99.63,99.78,131017.0
13:30,99.71,99.76,99.64,99.69,102162.0
13:31,99.57,99.73,99.55,99.71,108825.0
13:32,99.57,99.61,99.51,99.57,132183.0
13:33,99.6,99.63,99.54,99.57,75293.0
13:34,99.58,99.61,99.53,99.6,80600.0
13:35,99.63,99.66,99.56,99.58,85026.0
13:36,99.67,99.73,99.61,99.63,102925.0
13:37,99.66,99.7,99.61,99.68,105892.0
13:38,99.66,99.68,99.63,99.65,68787.0
13:39,99.75,99.75,99.65,99.66,86518.0
13:40,99.65,99.75,99.65,99.75,112557.0
13:41,99.64,99.66,99.6,99.65,127344.0
13:42,99.64,99.66,99.61,99.64,73611.0
13:43,99.64,99.67,99.63,99.64,90267.0
13:44,99.61,99.67,99.6,99.64,88719.0
13:45,99.57,99.63,99.56,99.61,77408.0
13:46,99.54,99.58,99.53,99.56,107951.0
13:47,99.52,99.56,99.44,99.53,125890.0
13:48,99.56,99.6,99.5,99.51,27475979.0
13:49,99.56,99.58,99.54,99.57,1.0
13:50,99.57,99.6,99.54,99.56,67415.0
13:51,99.48,99.58,99.46,99.57,136811.0
13:52,99.51,99.55,99.42,99.46,154972.0
13:53,99.53,99.56,99.48,99.51,61369.0
13:54,99.54,99.54,99.49,99.53,69105.0
13:55,99.57,99.62,99.53,99.54,64156.0
13:56,99.49,99.58,99.44,99.57,159897.0
13:57,99.51,99.58,99.47,99.48,98072.0
13:58,99.51,99.59,99.5,99.5,27905783.0
13:59,99.58,99.59,99.49,99.51,1.0
14:00,99.54,99.62,99.49,99.59,104049.0
14:01,99.57,99.57,99.5,99.54,87168.0
14:02,99.65,99.68,99.53,99.56,91078.0
14:03,99.8,99.82,99.64,99.66,28234856.0
14:04,99.83,99.87,99.77,99.79,1.0
14:05,99.82,99.88,99.78,99.84,147268.0
14:06,100.06,100.06,99.82,99.83,227458.0
14:07,100.07,100.07,99.96,100.05,144080.0
14:08,100.08,100.18,100.02,100.07,175170.0
14:09,100.15,100.17,100.06,100.07,143511.0
14:10,100.53,100.56,100.15,100.15,330026.0
14:11,100.39,100.53,100.29,100.52,328792.0
14:12,100.39,100.54,100.37,100.39,195148.0
14:13,100.43,100.44,100.28,100.39,164829.0
14:14,100.6,100.6,100.42,100.43,28969503.0
14:15,100.3,100.63,100.22,100.58,1.0
14:16,100.28,100.32,100.23,100.31,153710.0
14:17,100.44,100.44,100.25,100.29,152974.0
14:18,100.51,100.57,100.37,100.43,148347.0
14:19,100.49,100.54,100.45,100.5,152236.0
14:20,100.39,100.5,100.27,100.49,191944.0
14:21,100.38,100.43,100.34,100.4,132834.0
14:22,100.42,100.46,100.35,100.39,139239.0
14:23,100.16,100.42,100.0,100.41,270469.0
14:24,99.92,100.18,99.89,100.17,162073.0
14:25,100.2,100.28,99.91,99.93,143875.0
14:26,100.49,100.51,100.16,100.2,171766.0
14:27,100.38,100.56,100.36,100.5,146258.0
14:28,100.36,100.46,100.35,100.37,110504.0
14:29,100.38,100.4,100.32,100.36,125961.0
14:30,100.48,100.5,100.24,100.38,205314.0
14:31,100.6,100.61,100.46,100.48,139834.0
14:32,100.55,100.7,100.51,100.61,189423.0
14:33,100.71,100.72,100.54,100.54,164587.0
14:34,100.76,100.77,100.6,100.71,194219.0
14:35,100.75,100.78,100.63,100.75,155297.0
14:36,100.65,100.75,100.53,100.74,208784.0
14:37,100.76,100.77,100.62,100.64,121711.0
14:38,100.78,100.85,100.65,100.75,137414.0
14:39,100.74,100.79,100.65,100.77,107679.0
14:40,100.73,100.9,100.71,100.74,108930.0
14:41,100.94,100.96,100.73,100.73,191818.0
14:42,100.89,100.98,100.89,100.93,164467.0
14:43,100.91,100.97,100.85,100.89,200394.0
14:44,100.72,100.92,100.69,100.91,147740.0
14:45,100.7,100.79,100.64,100.72,97116.0
14:46,100.81,100.85,100.65,100.71,139575.0
14:47,100.61,100.82,100.57,100.82,166721.0
14:48,100.66,100.69,100.57,100.61,96889.0
14:49,100.6,100.68,100.59,100.67,96387.0
14:50,100.64,100.73,100.6,100.61,102495.0
14:51,100.67,100.69,100.58,100.63,65852.0
14:52,100.71,100.76,100.66,100.67,103925.0
14:53,100.67,100.73,100.64,100.71,95699.0
14:54,100.68,100.68,100.62,100.67,92874.0
14:55,100.63,100.7,100.62,100.68,91268.0
14:56,100.57,100.64,100.51,100.63,111026.0
14:57,100.64,100.71,100.56,100.57,125229.0
14:58,100.67,100.67,100.61,100.64,93859.0
14:59,100.62,100.67,100.57,100.66,118447.0
15:00,100.82,100.86,100.61,100.62,152413.0
15:01,100.82,100.85,100.72,100.82,108504.0
15:02,100.65,100.85,100.63,100.83,96621.0
15:03,100.71,100.74,100.63,100.65,117658.0
15:04,100.69,100.74,100.66,100.72,91677.0
15:05,100.57,100.7,100.51,100.69,129944.0
15:06,100.41,100.58,100.33,100.57,147705.0
15:07,100.25,100.41,100.23,100.41,143365.0
15:08,100.56,100.61,100.23,100.24,131942.0
15:09,100.55,100.63,100.54,100.56,107609.0
15:10,100.49,100.56,100.47,100.55,89649.0
15:11,100.44,100.49,100.37,100.49,107848.0
15:12,100.42,100.45,100.34,100.43,262591.0
15:13,100.33,100.43,100.3,100.41,88550.0
15:14,100.36,100.41,100.29,100.32,185881.0
15:15,100.18,100.38,100.17,100.36,147648.0
15:16,100.22,100.22,100.15,100.18,134124.0
15:17,100.28,100.31,100.19,100.21,165543.0
15:18,100.36,100.39,100.24,100.28,98796.0
15:19,100.44,100.56,100.34,100.35,171042.0
15:20,100.36,100.46,100.34,100.43,113177.0
15:21,100.29,100.38,100.26,100.36,123098.0
15:22,100.36,100.4,100.25,100.29,203335.0
15:23,100.33,100.4,100.3,100.36,176584.0
15:24,100.36,100.37,100.3,100.34,118154.0
15:25,100.38,100.38,100.32,100.36,90177.0
15:26,100.43,100.45,100.32,100.38,163744.0
15:27,100.37,100.44,100.35,100.43,111862.0
15:28,100.42,100.43,100.33,100.37,123305.0
15:29,100.61,100.65,100.38,100.42,132978.0
15:30,100.52,100.66,100.49,100.61,119138.0
15:31,100.47,100.58,100.47,100.53,111820.0
15:32,100.5,100.53,100.38,100.47,140947.0
15:33,100.46,100.52,100.42,100.5,102295.0
15:34,100.48,100.5,100.38,100.46,98851.0
15:35,100.31,100.48,100.3,100.48,93023.0
15:36,100.26,100.33,100.26,100.29,133541.0
15:37,100.18,100.28,100.11,100.26,201266.0
15:38,100.32,100.39,100.18,100.18,208814.0
15:39,100.28,100.35,100.2,100.32,133159.0
15:40,100.28,100.39,100.26,100.28,163938.0
15:41,100.32,100.34,100.12,100.29,154895.0
15:42,100.16,100.32,100.1,100.32,135038.0
15:43,100.14,100.21,100.1,100.16,188038.0
15:44,100.22,100.28,100.11,100.14,152260.0
15:45,100.17,100.3,100.14,100.22,223038.0
15:46,100.21,100.26,100.13,100.18,177310.0
15:47,100.15,100.23,100.11,100.2,186279.0
15:48,100.14,100.21,100.13,100.15,203011.0
15:49,100.18,100.2,100.13,100.14,211925.0
15:50,100.2,100.2,100.1,100.18,36134438.0
15:51,100.15,100.2,100.14,100.19,1.0
15:52,100.08,100.17,100.05,100.15,204372.0
15:53,100.11,100.4,99.75,100.08,515684.0
15:54,100.23,100.24,100.03,100.12,234686.0
15:55,100.01,100.48,99.97,100.23,552173.0
15:56,100.01,100.07,99.95,100.01,469127.0
15:57,100.18,100.2,100.01,100.01,867251.0
15:58,100.14,100.27,100.13,100.18,611373.0
15:59,100.23,100.31,100.14,100.14,908846.0
