Time,Close,High,Low,Open,Volume
09:30,1222.51,1224.82,1220.78,1221.93,80418.0
09:31,1221.6,1223.08,1218.24,1222.42,16203.0
09:32,1212.26,1222.94,1211.59,1222.94,26956.0
09:33,1208.99,1213.36,1207.2,1213.36,24905.0
09:34,1211.5,1211.5,1206.81,1207.0,19149.0
09:35,1213.93,1215.2,1209.69,1209.69,20554.0
09:36,1217.2,1217.22,1213.24,1213.56,13169.0
09:37,1216.12,1217.47,1215.11,1216.6,10725.0
09:38,1219.42,1219.42,1213.84,1215.16,29765.0
09:39,1217.98,1220.0,1216.41,1218.9,19788.0
09:40,1217.68,1218.46,1216.79,1217.35,7627.0
09:41,1217.46,1219.08,1217.14,1218.44,8687.0
09:42,1221.35,1221.35,1218.49,1219.35,6874.0
09:43,1223.89,1224.81,1222.23,1222.24,8710.0
09:44,1222.43,1224.99,1221.43,1224.98,8537.0
09:45,1218.79,1223.14,1218.52,1222.22,9080.0
09:46,1219.84,1219.84,1218.2,1218.78,6417.0
09:47,1219.64,1219.64,1218.01,1219.0,8508.0
09:48,1217.0,1220.71,1217.0,1220.71,8579.0
09:49,1217.79,1217.92,1217.12,1217.17,5350.0
09:50,1217.41,1219.29,1217.02,1219.0,6347.0
09:51,1217.42,1217.65,1216.96,1217.41,4642.0
09:52,1216.13,1217.27,1216.05,1216.96,12115.0
09:53,1217.6,1218.49,1216.03,1216.52,6549.0
09:54,1222.02,1222.02,1217.91,1218.05,21953.0
09:55,1222.32,1222.74,1221.01,1222.5,6694.0
09:56,1223.22,1223.65,1222.51,1223.0,4888.0
09:57,1222.04,1223.6,1222.04,1223.53,7361.0
09:58,1223.87,1224.13,1222.42,1222.42,7093.0
09:59,1224.97,1224.99,1223.13,1223.32,6787.0
10:00,1226.0,1226.0,1224.52,1224.97,21753.0
10:01,1229.96,1229.96,1227.24,1228.0,10762.0
10:02,1227.42,1231.12,1227.42,1229.64,20555.0
10:03,1226.46,1227.65,1226.43,1227.65,5509.0
10:04,1227.14,1227.14,1225.44,1225.65,5066.0
10:05,1228.37,1228.37,1226.17,1227.18,4358.0
10:06,1228.9,1229.36,1228.44,1229.24,3163.0
10:07,1229.4,1229.68,1228.66,1228.66,5818.0
10:08,1228.62,1230.59,1228.62,1229.37,9636.0
10:09,1229.31,1229.31,1228.86,1228.86,1525.0
10:10,1228.59,1229.63,1228.16,1229.31,5321.0
10:11,1228.03,1228.51,1227.1,1228.5,4107.0
10:12,1228.07,1228.29,1227.81,1228.0,3310.0
10:13,1228.11,1228.11,1226.98,1226.98,2365.0
10:14,1227.41,1228.84,1227.41,1228.13,2005.0
10:15,1229.0,1229.0,1227.5,1227.84,3787.0
10:16,1230.77,1230.77,1229.17,1229.17,4267.0
10:17,1229.15,1229.94,1229.15,1229.17,4275.0
10:18,1229.03,1229.55,1229.03,1229.55,3633.0
10:19,1229.06,1230.49,1228.69,1228.69,3432.0
10:20,1228.06,1229.11,1228.04,1228.7,3462.0
10:21,1227.45,1227.75,1227.45,1227.75,2819.0
10:22,1225.98,1228.46,1225.98,1228.0,7726.0
10:23,1228.15,1228.15,1226.38,1226.38,2274.0
10:24,1228.72,1229.62,1227.69,1227.69,9345.0
10:25,1227.5,1228.59,1226.98,1228.59,3207.0
10:26,1227.17,1227.65,1227.17,1227.65,2194.0
10:27,1226.59,1227.87,1226.59,1227.1,2669.0
10:28,1227.0,1227.32,1226.0,1226.46,5459.0
10:29,1227.36,1227.99,1227.36,1227.63,3525.0
10:30,1226.93,1227.36,1226.93,1227.36,2901.0
10:31,1227.7,1227.7,1226.96,1227.24,4073.0
10:32,1228.49,1229.0,1228.39,1228.39,4499.0
10:33,1229.28,1229.28,1228.74,1228.74,2205.0
10:34,1229.6,1230.99,1229.02,1229.02,9384.0
10:35,1228.81,1228.81,1228.81,1228.81,2613.0
10:36,1228.99,1229.77,1228.99,1229.28,2440.0
10:37,1229.16,1230.73,1229.16,1229.74,2268.0
10:38,1228.9,1229.23,1228.9,1229.16,3908.0
10:39,1230.03,1230.04,1229.39,1229.39,3775.0
10:40,1229.16,1229.68,1229.16,1229.4,5059.0
10:41,1228.26,1228.26,1228.26,1228.26,2955.0
10:42,1227.63,1227.63,1227.63,1227.63,1215.0
10:43,1228.42,1228.42,1228.2,1228.2,1925.0
10:44,1227.65,1228.13,1227.37,1227.62,3131.0
10:45,1225.5,1227.82,1225.5,1227.67,18823.0
10:46,1225.19,1225.77,1224.43,1225.77,3644.0
10:47,1225.25,1225.99,1225.05,1225.05,8661.0
10:48,1223.38,1224.8,1223.38,1224.8,2742.0
10:49,1222.88,1223.53,1222.88,1223.28,8897.0
10:50,1222.36,1222.93,1221.9,1222.93,3843.0
10:51,1223.37,1223.46,1223.1,1223.1,5656.0
10:52,1222.6,1222.6,1222.6,1222.6,583.0
10:53,1222.5,1222.61,1221.7,1222.47,5767.0
10:54,1222.38,1222.5,1222.38,1222.5,3440.0
10:55,1222.81,1222.81,1221.57,1221.71,4623.0
10:56,1222.88,1222.88,1222.81,1222.81,2549.0
10:57,1224.58,1224.9,1223.23,1223.3,2463.0
10:58,1224.08,1225.0,1224.08,1224.59,4744.0
10:59,1223.46,1224.71,1223.46,1224.71,5694.0
11:00,1223.18,1223.69,1222.5,1223.45,5485.0
11:01,1222.47,1223.69,1222.47,1223.08,10181.0
11:02,1222.31,1222.31,1222.24,1222.24,2971.0
11:03,1220.87,1221.94,1220.87,1221.52,4074.0
11:04,1220.46,1220.79,1219.58,1220.57,7127.0
11:05,1219.82,1220.24,1219.82,1219.86,2274.0
11:06,1219.42,1219.77,1219.27,1219.51,3565.0
11:07,1219.53,1219.98,1219.53,1219.79,3883.0
11:08,1220.29,1220.29,1219.67,1219.67,4117.0
11:09,1221.7,1223.0,1221.48,1221.57,1170.0
11:10,1221.57,1221.57,1221.46,1221.46,2210.0
11:11,1222.7,1223.56,1221.89,1222.94,8268.0
11:12,1222.71,1222.71,1222.71,1222.71,1890.0
11:13,1221.92,1222.0,1221.63,1221.91,2320.0
11:14,1222.11,1222.11,1221.03,1221.03,2921.0
11:15,1222.01,1222.01,1222.01,1222.01,6494.0
11:16,1222.77,1222.77,1222.01,1222.01,1624.0
11:17,1221.69,1221.98,1221.69,1221.77,2551.0
11:18,1221.73,1222.3,1221.73,1221.73,2469.0
11:19,1222.16,1222.31,1222.16,1222.31,1692.0
11:20,1222.24,1222.75,1222.15,1222.75,2919.0
11:21,1222.43,1222.44,1222.43,1222.44,993.0
11:22,1222.06,1222.06,1221.9,1221.9,1363.0
11:23,1222.97,1223.0,1222.0,1222.36,7392.0
11:24,1223.49,1224.66,1223.49,1224.66,1055.0
11:25,1223.43,1223.47,1223.0,1223.47,3499.0
11:26,1223.34,1223.34,1223.12,1223.12,1667.0
11:27,1222.91,1223.16,1222.71,1223.03,6137.0
11:28,1222.77,1223.41,1222.77,1223.04,7397.0
11:29,1223.17,1223.17,1223.17,1223.17,1732.0
11:30,1223.27,1224.55,1223.27,1223.81,2671.0
11:31,1223.65,1223.65,1222.54,1223.15,4245.0
11:32,1223.05,1223.05,1223.05,1223.05,2412.0
11:33,1222.97,1223.18,1222.97,1223.18,2550.0
11:34,1222.88,1223.3,1222.88,1223.3,2689.0
11:35,1222.96,1223.76,1222.96,1223.4,3537.0
11:36,1223.87,1223.87,1222.96,1223.22,2787.0
11:37,1223.42,1223.95,1223.41,1223.95,2166.0
11:38,1223.22,1223.83,1223.22,1223.83,3650.0
11:39,1222.7,1223.16,1222.67,1222.91,2926.0
11:40,1223.36,1223.36,1222.56,1222.91,4248.0
11:41,1222.81,1223.29,1222.69,1223.29,3694.0
11:42,1221.25,1222.66,1221.25,1222.66,8571.0
11:43,1221.22,1221.44,1220.3,1220.3,8007.0
11:44,1220.7,1221.13,1220.7,1221.13,3484.0
11:45,1221.08,1221.08,1220.97,1220.97,1597.0
11:46,1221.84,1221.84,1221.49,1221.49,2472.0
11:47,1221.94,1222.87,1221.94,1222.87,1273.0
11:48,1222.98,1222.98,1222.07,1222.3,4031.0
11:49,1223.74,1223.74,1223.4,1223.48,5102.0
11:50,1223.46,1224.04,1223.46,1224.04,2327.0
11:51,1223.56,1223.56,1223.1,1223.1,3974.0
11:52,1222.77,1223.56,1222.77,1223.56,3076.0
11:53,1222.14,1222.14,1222.14,1222.14,2974.0
11:54,1221.2,1221.2,1221.2,1221.2,1972.0
11:55,1223.32,1223.46,1223.02,1223.02,1743.0
11:56,1223.85,1223.92,1223.2,1223.2,3382.0
11:57,1224.39,1224.39,1223.37,1223.37,5020.0
11:58,1224.01,1224.01,1223.5,1223.5,3051.0
11:59,1223.63,1223.63,1223.63,1223.63,1082.0
12:00,1222.96,1223.31,1222.87,1223.31,3413.0
12:01,1223.18,1223.75,1223.18,1223.75,271.0
12:02,1223.26,1223.77,1223.26,1223.33,4533.0
12:03,1224.38,1224.38,1224.16,1224.16,1433.0
12:04,1223.5,1223.51,1223.5,1223.51,3800.0
12:05,1223.67,1224.25,1223.67,1223.72,6507.0
12:06,1225.0,1225.0,1223.98,1223.98,6385.0
12:07,1225.28,1226.25,1224.52,1224.99,18264.0
12:08,1225.29,1225.29,1224.7,1224.77,3280.0
12:09,1224.95,1224.95,1224.95,1224.95,2747.0
12:10,1224.52,1224.52,1224.52,1224.52,1622.0
12:11,1224.09,1224.09,1224.09,1224.09,497.0
12:12,1224.41,1224.41,1224.0,1224.25,5774.0
12:13,1224.38,1224.38,1224.04,1224.29,3832.0
12:14,1224.35,1224.35,1224.09,1224.34,1889.0
12:15,1224.35,1224.35,1224.35,1224.35,284.0
12:16,1224.44,1224.72,1224.31,1224.49,4319.0
12:17,1225.11,1225.11,1224.48,1224.57,2593.0
12:18,1224.84,1225.32,1224.84,1224.94,3991.0
12:19,1224.97,1225.31,1224.95,1224.95,1905.0
12:20,1224.7,1225.34,1224.63,1225.34,4670.0
12:21,1224.42,1224.55,1224.42,1224.45,2040.0
12:22,1224.15,1224.41,1223.35,1224.24,3308.0
12:23,1224.11,1224.79,1224.11,1224.78,2695.0
12:24,1225.1,1225.1,1224.92,1224.92,4136.0
12:25,1224.49,1224.8,1224.36,1224.36,3660.0
12:26,1223.87,1224.49,1223.81,1223.81,3183.0
12:27,1223.25,1224.19,1223.25,1223.25,2707.0
12:28,1223.72,1224.19,1223.37,1223.37,3732.0
12:29,1224.19,1224.19,1223.49,1223.49,4756.0
12:30,1223.25,1223.27,1223.25,1223.27,2396.0
12:31,1223.24,1223.62,1222.97,1223.62,2706.0
12:32,1223.22,1223.96,1222.68,1223.96,3015.0
12:33,1224.0,1224.0,1223.25,1223.25,1467.0
12:34,1224.0,1224.99,1223.55,1224.99,1528.0
12:35,1223.52,1223.52,1223.52,1223.52,1202.0
12:36,1222.59,1222.88,1222.59,1222.88,1304.0
12:37,1222.0,1222.76,1222.0,1222.59,2856.0
12:38,1222.05,1222.06,1222.03,1222.03,2578.0
12:39,1222.55,1222.55,1222.55,1222.55,611.0
12:40,1222.92,1223.63,1222.47,1222.75,2525.0
12:41,1222.52,1222.52,1222.47,1222.47,2427.0
12:42,1222.5,1223.08,1222.5,1222.51,3013.0
12:43,1222.38,1222.55,1222.08,1222.54,1873.0
12:44,1221.98,1222.28,1221.95,1222.28,2991.0
12:45,1220.19,1221.12,1220.06,1221.12,7762.0
12:46,1221.06,1221.06,1219.03,1220.22,9323.0
12:47,1219.96,1220.4,1219.83,1220.28,4643.0
12:48,1220.61,1220.61,1220.07,1220.61,6001.0
12:49,1221.81,1222.31,1221.31,1221.54,3428.0
12:50,1223.28,1223.28,1221.31,1221.31,3477.0
12:51,1222.02,1222.18,1221.99,1221.99,3948.0
12:52,1221.86,1222.71,1221.82,1221.84,5729.0
12:53,1221.39,1222.02,1221.16,1221.74,5279.0
12:54,1221.51,1221.51,1221.15,1221.15,2671.0
12:55,1221.85,1222.27,1221.03,1221.03,3409.0
12:56,1221.99,1221.99,1221.99,1221.99,2281.0
12:57,1221.88,1221.88,1221.88,1221.88,2000.0
12:58,1222.25,1222.25,1222.1,1222.1,1172.0
12:59,1222.03,1222.43,1222.03,1222.35,7217.0
13:00,1221.67,1221.71,1221.67,1221.71,3728.0
13:01,1221.45,1221.48,1221.35,1221.37,3147.0
13:02,1221.23,1221.26,1221.02,1221.04,2565.0
13:03,1221.01,1221.03,1220.7,1220.7,1984.0
13:04,1220.74,1220.86,1220.74,1220.86,2516.0
13:05,1219.62,1220.84,1219.62,1220.84,3309.0
13:06,1219.11,1219.63,1219.0,1219.61,3770.0
13:07,1219.4,1219.4,1218.23,1218.78,7865.0
13:08,1219.74,1220.34,1219.6,1219.75,9662.0
13:09,1221.86,1222.04,1220.51,1220.51,6186.0
13:10,1222.27,1222.27,1221.89,1221.89,2723.0
13:11,1222.0,1222.0,1221.11,1221.11,2177.0
13:12,1220.84,1220.84,1220.84,1220.84,347.0
13:13,1220.12,1220.19,1220.12,1220.19,4443.0
13:14,1220.06,1220.09,1220.06,1220.09,2306.0
13:15,1220.0,1220.0,1220.0,1220.0,168.0
13:16,1221.2,1221.2,1219.54,1220.61,1936.0
13:17,1219.6,1220.37,1219.6,1220.37,677.0
13:18,1219.67,1219.67,1219.54,1219.6,2415.0
13:19,1219.94,1219.94,1219.94,1219.94,1639.0
13:20,1219.57,1219.68,1219.57,1219.68,1154.0
13:21,1219.31,1220.21,1219.31,1220.21,4362.0
13:22,1219.75,1220.2,1219.75,1220.2,2564.0
13:23,1220.18,1220.18,1220.18,1220.18,765.0
13:24,1219.84,1220.57,1219.69,1220.36,6197.0
13:25,1219.4,1220.07,1219.4,1220.07,688.0
13:26,1219.62,1219.8,1219.62,1219.8,1882.0
13:27,1220.57,1220.57,1220.57,1220.57,1106.0
13:28,1220.26,1220.26,1220.26,1220.26,3148.0
13:29,1220.68,1221.17,1220.45,1220.45,9572.0
13:30,1221.11,1222.09,1220.65,1220.65,15995.0
13:31,1220.32,1220.9,1220.32,1220.59,3918.0
13:32,1220.55,1220.55,1220.55,1220.55,455.0
13:33,1219.65,1220.25,1219.65,1220.25,4132.0
13:34,1220.22,1220.22,1220.21,1220.21,2927.0
13:35,1220.39,1220.48,1220.24,1220.36,2822.0
13:36,1220.57,1220.74,1220.26,1220.51,2718.0
13:37,1219.98,1220.89,1219.98,1220.89,1814.0
13:38,1219.97,1219.97,1219.97,1219.97,957.0
13:39,1221.28,1221.28,1220.75,1220.75,2989.0
13:40,1220.77,1221.31,1220.77,1221.31,1208.0
13:41,1221.31,1221.31,1220.77,1220.77,1648.0
13:42,1221.31,1221.31,1221.31,1221.31,1402.0
13:43,1220.74,1220.91,1220.73,1220.73,1202.0
13:44,1221.06,1221.69,1221.06,1221.69,2629.0
13:45,1221.06,1221.06,1221.06,1221.06,838.0
13:46,1220.72,1220.72,1220.72,1220.72,2271.0
13:47,1219.97,1220.49,1219.97,1220.49,1266.0
13:48,1219.86,1219.93,1219.86,1219.93,3972.0
13:49,1219.38,1219.59,1219.19,1219.59,4892.0
13:50,1218.84,1219.38,1218.84,1219.38,1214.0
13:51,1219.04,1219.44,1218.18,1218.82,5685.0
13:52,1220.0,1220.0,1220.0,1220.0,792.0
13:53,1221.2,1221.2,1220.26,1220.31,3429.0
13:54,1221.2,1221.22,1221.19,1221.19,2672.0
13:55,1220.02,1221.26,1220.02,1220.83,5419.0
13:56,1219.89,1220.51,1219.88,1220.28,10566.0
13:57,1219.76,1219.76,1219.73,1219.73,15712.0
13:58,1220.0,1220.3,1220.0,1220.3,1647.0
13:59,1220.1,1220.1,1219.86,1219.86,2012.0
14:00,1220.05,1220.05,1220.05,1220.05,978.0
14:01,1221.0,1221.0,1220.44,1220.44,5318.0
14:02,1220.51,1220.51,1220.51,1220.51,3796.0
14:03,1220.49,1220.49,1220.45,1220.47,3475.0
14:04,1220.47,1220.47,1220.38,1220.44,3154.0
14:05,1220.44,1220.44,1220.32,1220.4,2833.0
14:06,1220.47,1220.99,1220.47,1220.64,3316.0
14:07,1220.34,1220.34,1220.34,1220.34,579.0
14:08,1220.27,1220.3,1220.27,1220.3,1750.0
14:09,1221.25,1221.25,1220.39,1220.39,2227.0
14:10,1221.42,1221.42,1220.85,1220.85,2645.0
14:11,1221.65,1221.65,1221.2,1221.2,2126.0
14:12,1221.52,1221.55,1221.3,1221.34,4542.0
14:13,1221.35,1221.51,1221.2,1221.37,3382.0
14:14,1221.18,1221.47,1221.11,1221.4,2222.0
14:15,1221.01,1221.43,1221.01,1221.43,1062.0
14:16,1220.45,1221.51,1220.45,1221.03,5694.0
14:17,1220.11,1220.11,1220.11,1220.11,1185.0
14:18,1220.64,1220.64,1220.64,1220.64,1685.0
14:19,1220.0,1220.0,1220.0,1220.0,915.0
14:20,1220.38,1220.71,1220.19,1220.71,3629.0
14:21,1221.1,1221.1,1220.83,1220.83,6920.0
14:22,1220.53,1220.53,1220.53,1220.53,2746.0
14:23,1220.42,1220.42,1220.42,1220.42,951.0
14:24,1220.94,1221.18,1220.88,1220.88,2439.0
14:25,1220.66,1221.1,1220.42,1220.42,6046.0
14:26,1219.98,1221.0,1219.95,1221.0,8436.0
14:27,1219.35,1219.37,1219.35,1219.37,1817.0
14:28,1218.84,1219.27,1218.79,1219.01,3679.0
14:29,1219.21,1219.23,1218.83,1219.09,5110.0
14:30,1219.25,1219.25,1219.09,1219.09,3176.0
14:31,1219.24,1219.24,1219.23,1219.23,600.0
14:32,1219.36,1219.67,1219.24,1219.24,4905.0
14:33,1219.01,1219.13,1219.01,1219.13,2255.0
14:34,1217.88,1217.89,1217.88,1217.89,1999.0
14:35,1217.89,1218.08,1217.7,1217.85,2803.0
14:36,1218.17,1218.17,1217.92,1217.95,2220.0
14:37,1217.88,1218.17,1217.88,1218.17,2595.0
14:38,1217.69,1217.86,1217.69,1217.86,2271.0
14:39,1217.56,1217.82,1217.56,1217.82,1052.0
14:40,1217.75,1217.75,1217.27,1217.29,2090.0
14:41,1217.17,1217.17,1217.17,1217.17,946.0
14:42,1217.61,1217.61,1216.92,1217.16,5854.0
14:43,1217.65,1217.66,1217.33,1217.33,4210.0
14:44,1217.86,1217.92,1217.01,1217.46,3293.0
14:45,1217.88,1217.9,1217.66,1217.86,2760.0
14:46,1217.4,1217.88,1217.4,1217.88,3716.0
14:47,1217.67,1217.67,1217.23,1217.38,3397.0
14:48,1217.68,1217.68,1217.68,1217.68,1555.0
14:49,1217.68,1217.68,1217.68,1217.68,2361.0
14:50,1217.5,1217.58,1217.45,1217.58,2466.0
14:51,1217.32,1217.48,1217.21,1217.48,2570.0
14:52,1216.73,1216.93,1216.56,1216.93,3824.0
14:53,1216.72,1216.72,1216.58,1216.58,3459.0
14:54,1217.1,1217.26,1216.68,1216.68,3494.0
14:55,1218.24,1218.35,1217.52,1217.56,5013.0
14:56,1217.77,1218.35,1217.77,1218.35,5593.0
14:57,1218.01,1218.01,1218.01,1218.01,1622.0
14:58,1218.32,1218.32,1218.32,1218.32,2049.0
14:59,1218.63,1218.63,1218.63,1218.63,2476.0
15:00,1218.37,1218.94,1218.34,1218.94,5352.0
15:01,1218.27,1218.29,1218.27,1218.29,2494.0
15:02,1218.79,1218.79,1218.79,1218.79,240.0
15:03,1219.28,1219.28,1218.43,1218.46,3975.0
15:04,1219.09,1219.09,1219.09,1219.09,2060.0
15:05,1219.27,1219.27,1219.27,1219.27,828.0
15:06,1219.72,1219.72,1219.33,1219.41,2328.0
15:07,1219.16,1219.52,1219.06,1219.52,6085.0
15:08,1218.56,1218.56,1218.56,1218.56,1168.0
15:09,1218.86,1218.86,1218.38,1218.38,1876.0
15:10,1218.75,1219.1,1218.69,1218.69,4422.0
15:11,1219.31,1219.31,1219.31,1219.31,3037.0
15:12,1219.04,1219.04,1219.04,1219.04,3040.0
15:13,1218.77,1218.77,1218.77,1218.77,3042.0
15:14,1218.77,1218.77,1218.77,1218.77,1549.0
15:15,1219.64,1219.82,1219.14,1219.14,4947.0
15:16,1219.69,1219.91,1219.58,1219.64,4289.0
15:17,1219.93,1219.93,1219.71,1219.83,4598.0
15:18,1220.14,1220.34,1219.77,1219.86,4702.0
15:19,1220.35,1220.75,1219.83,1219.89,4807.0
15:20,1219.95,1220.61,1219.95,1220.33,3397.0
15:21,1221.46,1221.46,1220.87,1220.99,5801.0
15:22,1221.93,1221.93,1221.93,1221.93,2815.0
15:23,1221.51,1221.51,1221.51,1221.51,1467.0
15:24,1221.63,1221.63,1221.63,1221.63,1757.0
15:25,1221.09,1221.38,1220.93,1221.23,3088.0
15:26,1221.09,1221.09,1220.81,1220.81,2598.0
15:27,1220.93,1221.17,1220.93,1221.17,1672.0
15:28,1220.79,1221.05,1220.72,1221.05,2885.0
15:29,1220.75,1220.96,1220.75,1220.79,2692.0
15:30,1221.06,1221.06,1221.06,1221.06,3102.0
15:31,1221.6,1222.18,1221.6,1222.0,4033.0
15:32,1221.74,1221.74,1221.5,1221.62,1436.0
15:33,1221.66,1221.95,1221.64,1221.64,3027.0
15:34,1221.35,1221.97,1221.35,1221.9,3800.0
15:35,1221.8,1222.1,1221.68,1221.95,2992.0
15:36,1222.24,1222.24,1222.0,1222.0,2183.0
15:37,1222.22,1222.22,1222.22,1222.22,2746.0
15:38,1222.25,1222.25,1222.17,1222.17,1633.0
15:39,1222.68,1222.72,1222.25,1222.25,4864.0
15:40,1222.8,1223.02,1222.38,1222.48,7213.0
15:41,1222.72,1222.73,1222.35,1222.72,2135.0
15:42,1222.77,1223.11,1222.53,1222.96,6208.0
15:43,1222.34,1222.94,1222.34,1222.94,3122.0
15:44,1222.12,1222.34,1222.12,1222.21,3503.0
15:45,1221.41,1222.01,1221.41,1222.01,7052.0
15:46,1219.61,1221.44,1219.61,1221.34,11558.0
15:47,1218.91,1219.39,1218.71,1219.39,3941.0
15:48,1219.23,1219.23,1218.69,1218.88,8372.0
15:49,1218.97,1219.11,1218.88,1219.11,4776.0
15:50,1220.29,1220.29,1219.4,1219.41,11531.0
15:51,1220.52,1220.73,1219.86,1219.86,8757.0
15:52,1221.12,1221.12,1220.17,1220.78,15885.0
15:53,1221.57,1221.61,1221.12,1221.12,8120.0
15:54,1220.51,1221.54,1220.51,1221.42,12671.0
15:55,1219.41,1220.81,1219.41,1220.81,9129.0
15:56,1218.75,1219.62,1218.75,1219.6,13993.0
15:57,1218.62,1218.93,1218.41,1218.93,15783.0
15:58,1219.35,1219.35,1218.49,1218.8,22097.0
15:59,1218.65,1219.1,1218.2,1219.02,65593.0
