Time,Close,High,Low,Open,Volume
09:30,106.75,106.9,106.31,106.5,528441.0
09:31,106.66,106.83,106.45,106.76,64008.0
09:32,106.58,106.69,106.53,106.65,37355.0
09:33,106.82,106.87,106.56,106.58,46335.0
09:34,106.91,106.98,106.8,106.82,36470.0
09:35,106.68,106.94,106.58,106.92,44013.0
09:36,106.7,106.73,106.48,106.67,46066.0
09:37,106.89,106.9,106.68,106.7,25981.0
09:38,107.12,107.14,106.85,106.88,28559.0
09:39,106.98,107.12,106.9,107.12,39052.0
09:40,106.94,107.04,106.9,106.97,24563.0
09:41,106.93,106.99,106.88,106.93,29591.0
09:42,106.95,106.99,106.87,106.93,28844.0
09:43,106.9,106.96,106.81,106.96,22605.0
09:44,106.89,106.94,106.85,106.89,31666.0
09:45,107.25,107.3,106.84,106.91,51326.0
09:46,107.24,107.3,107.21,107.24,31302.0
09:47,107.32,107.36,107.19,107.22,29020.0
09:48,107.54,107.55,107.31,107.32,197810.0
09:49,107.44,107.56,107.39,107.53,34548.0
09:50,107.63,107.67,107.39,107.44,53124.0
09:51,107.57,107.75,107.54,107.63,68222.0
09:52,107.74,107.83,107.55,107.58,35361.0
09:53,107.63,107.77,107.6,107.72,569776.0
09:54,107.78,107.78,107.63,107.63,1.0
09:55,107.91,107.94,107.78,107.78,44177.0
09:56,107.88,107.94,107.85,107.92,25943.0
09:57,107.79,107.88,107.7,107.88,31745.0
09:58,107.74,107.83,107.73,107.79,85551.0
09:59,107.93,107.95,107.73,107.75,50561.0
10:00,108.06,108.18,107.94,107.95,104014.0
10:01,108.08,108.12,107.98,108.05,58659.0
10:02,108.1,108.22,107.94,108.09,154363.0
10:03,108.1,108.14,108.03,108.1,28538.0
10:04,108.06,108.16,108.05,108.11,61021.0
10:05,108.1,108.14,108.03,108.08,39424.0
10:06,108.07,108.12,108.04,108.1,27876.0
10:07,108.16,108.2,108.03,108.06,48321.0
10:08,108.14,108.2,108.08,108.15,34785.0
10:09,108.12,108.2,108.08,108.13,29466.0
10:10,108.39,108.41,108.06,108.12,46439.0
10:11,108.35,108.43,108.3,108.4,39615.0
10:12,108.25,108.37,108.25,108.35,27880.0
10:13,108.17,108.26,108.17,108.25,39091.0
10:14,108.03,108.17,107.94,108.17,48191.0
10:15,107.87,108.03,107.82,108.03,53516.0
10:16,107.82,107.89,107.79,107.88,34652.0
10:17,107.91,107.93,107.74,107.82,75657.0
10:18,108.22,108.27,107.91,107.91,108596.0
10:19,108.12,108.23,108.08,108.23,34553.0
10:20,108.17,108.19,108.11,108.11,16987.0
10:21,108.18,108.24,108.12,108.17,25716.0
10:22,108.17,108.2,108.13,108.16,21179.0
10:23,108.14,108.18,108.11,108.16,26328.0
10:24,107.97,108.15,107.94,108.14,24516.0
10:25,107.97,107.99,107.89,107.97,20277.0
10:26,107.96,107.99,107.9,107.97,22225.0
10:27,107.93,108.01,107.9,107.97,19486.0
10:28,107.88,107.95,107.86,107.94,25447.0
10:29,107.91,107.93,107.86,107.88,18251.0
10:30,107.76,107.92,107.72,107.9,29527.0
10:31,107.83,107.89,107.73,107.76,34970.0
10:32,107.84,107.86,107.77,107.82,21839.0
10:33,107.89,107.93,107.83,107.85,15733.0
10:34,107.82,107.9,107.77,107.89,19466.0
10:35,107.83,107.87,107.78,107.81,16760.0
10:36,107.89,107.93,107.82,107.83,44509.0
10:37,107.88,107.95,107.82,107.9,26359.0
10:38,108.01,108.03,107.88,107.88,24202.0
10:39,108.2,108.23,108.0,108.01,47062.0
10:40,108.15,108.26,108.09,108.21,53463.0
10:41,108.14,108.15,108.08,108.14,20708.0
10:42,108.19,108.24,108.13,108.14,49488.0
10:43,108.17,108.25,108.17,108.19,20753.0
10:44,108.18,108.21,108.14,108.17,33078.0
10:45,108.25,108.29,108.17,108.17,51557.0
10:46,108.24,108.29,108.19,108.27,25536.0
10:47,108.14,108.26,108.11,108.25,31656.0
10:48,108.15,108.24,108.12,108.14,18048.0
10:49,108.17,108.23,108.15,108.15,18529.0
10:50,108.16,108.2,108.12,108.17,17384.0
10:51,108.25,108.28,108.15,108.17,26814.0
10:52,108.46,108.46,108.25,108.26,46041.0
10:53,108.42,108.47,108.36,108.46,34510.0
10:54,108.37,108.45,108.2,108.42,148254.0
10:55,108.37,108.42,108.28,108.38,24688.0
10:56,108.36,108.41,108.27,108.37,31881.0
10:57,108.42,108.48,108.35,108.36,38429.0
10:58,108.43,108.45,108.37,108.42,20126.0
10:59,108.52,108.55,108.35,108.42,51012.0
11:00,108.55,108.58,108.48,108.53,65589.0
11:01,108.54,108.64,108.51,108.55,48333.0
11:02,108.43,108.57,108.43,108.56,20791.0
11:03,108.62,108.64,108.43,108.44,66056.0
11:04,108.71,108.74,108.6,108.62,56003.0
11:05,108.66,108.73,108.61,108.7,30233.0
11:06,108.62,108.67,108.6,108.66,28123.0
11:07,108.43,108.62,108.42,108.62,26606.0
11:08,108.36,108.43,108.3,108.41,19560.0
11:09,108.36,108.38,108.31,108.37,22662.0
11:10,108.38,108.4,108.31,108.37,22774.0
11:11,108.33,108.41,108.31,108.38,17887.0
11:12,108.31,108.33,108.26,108.32,23335.0
11:13,108.34,108.36,108.27,108.32,19847.0
11:14,108.22,108.35,108.22,108.34,16227.0
11:15,108.07,108.21,108.04,108.21,25782.0
11:16,108.11,108.14,108.02,108.06,17196.0
11:17,108.12,108.16,108.05,108.11,22574.0
11:18,108.29,108.29,108.1,108.12,18400.0
11:19,108.27,108.3,108.22,108.29,15010.0
11:20,108.32,108.36,108.26,108.27,26719.0
11:21,108.28,108.32,108.27,108.32,17035.0
11:22,108.24,108.31,108.24,108.27,18908.0
11:23,108.21,108.26,108.2,108.23,12333.0
11:24,108.16,108.23,108.14,108.2,1663001.0
11:25,108.23,108.27,108.14,108.16,1.0
11:26,108.25,108.26,108.2,108.22,12521.0
11:27,108.23,108.28,108.21,108.27,14694.0
11:28,108.23,108.25,108.2,108.22,17243.0
11:29,108.38,108.46,108.23,108.23,139715.0
11:30,108.46,108.51,108.39,108.4,58100.0
11:31,108.43,108.48,108.39,108.46,14684.0
11:32,108.43,108.45,108.35,108.43,18907.0
11:33,108.39,108.44,108.33,108.43,30818.0
11:34,108.41,108.45,108.37,108.39,17426.0
11:35,108.35,108.43,108.33,108.43,17763.0
11:36,108.38,108.38,108.31,108.35,14779.0
11:37,108.4,108.42,108.33,108.39,21994.0
11:38,108.4,108.45,108.39,108.4,69813.0
11:39,108.46,108.5,108.4,108.4,18017.0
11:40,108.43,108.47,108.38,108.46,23066.0
11:41,108.42,108.45,108.4,108.43,13255.0
11:42,108.52,108.53,108.4,108.42,15684.0
11:43,108.6,108.6,108.51,108.52,14715.0
11:44,108.59,108.64,108.57,108.6,16795.0
11:45,108.6,108.6,108.55,108.59,17793.0
11:46,108.69,108.69,108.59,108.6,18713.0
11:47,108.74,108.75,108.68,108.68,21145.0
11:48,108.71,108.76,108.69,108.73,15739.0
11:49,108.76,108.76,108.7,108.72,16491.0
11:50,108.77,108.81,108.75,108.76,23829.0
11:51,108.72,108.8,108.65,108.78,25469.0
11:52,108.71,108.73,108.68,108.72,13442.0
11:53,108.72,108.74,108.67,108.71,17515.0
11:54,108.71,108.75,108.68,108.72,25369.0
11:55,108.61,108.71,108.61,108.71,26282.0
11:56,108.54,108.61,108.53,108.61,17665.0
11:57,108.57,108.57,108.54,108.54,27172.0
11:58,108.55,108.57,108.47,108.56,25567.0
11:59,108.53,108.58,108.53,108.55,19725.0
12:00,108.56,108.58,108.51,108.52,19820.0
12:01,108.6,108.64,108.54,108.55,21004.0
12:02,108.55,108.61,108.51,108.6,21545.0
12:03,108.57,108.57,108.51,108.54,18780.0
12:04,108.58,108.58,108.55,108.57,17607.0
12:05,108.6,108.67,108.57,108.57,19992.0
12:06,108.67,108.7,108.58,108.61,14089.0
12:07,108.62,108.7,108.62,108.67,11970.0
12:08,108.54,108.61,108.53,108.61,17105.0
12:09,108.57,108.6,108.54,108.54,18901.0
12:10,108.57,108.59,108.56,108.58,1931840.0
12:11,108.57,108.59,108.54,108.57,1.0
12:12,108.58,108.62,108.56,108.57,12592.0
12:13,108.58,108.63,108.57,108.58,11046.0
12:14,108.49,108.59,108.46,108.58,14545.0
12:15,108.42,108.5,108.41,108.49,17212.0
12:16,108.4,108.42,108.37,108.42,31834.0
12:17,108.46,108.47,108.39,108.4,25950.0
12:18,108.45,108.49,108.43,108.46,14130.0
12:19,108.4,108.46,108.38,108.46,1979152.0
12:20,108.35,108.41,108.32,108.4,1.0
12:21,108.39,108.4,108.33,108.34,22060.0
12:22,108.41,108.43,108.38,108.4,12184.0
12:23,108.46,108.46,108.41,108.41,1998522.0
12:24,108.5,108.51,108.45,108.46,1.0
12:25,108.54,108.55,108.5,108.5,22039.0
12:26,108.72,108.72,108.53,108.54,17055.0
12:27,108.68,108.73,108.64,108.72,17155.0
12:28,108.67,108.68,108.63,108.68,2044411.0
12:29,108.56,108.69,108.54,108.67,1.0
12:30,108.58,108.62,108.47,108.56,21909.0
12:31,108.61,108.62,108.58,108.58,22382.0
12:32,108.65,108.66,108.55,108.6,18053.0
12:33,108.67,108.68,108.62,108.64,12542.0
12:34,108.73,108.73,108.64,108.68,12528.0
12:35,108.74,108.76,108.71,108.72,18113.0
12:36,108.75,108.78,108.73,108.73,20110.0
12:37,108.76,108.76,108.74,108.75,9140.0
12:38,108.76,108.8,108.75,108.76,17328.0
12:39,108.78,108.78,108.71,108.76,18161.0
12:40,108.8,108.8,108.75,108.78,10554.0
12:41,108.81,108.82,108.78,108.8,18879.0
12:42,108.81,108.82,108.8,108.81,10122.0
12:43,108.84,108.86,108.8,108.81,24951.0
12:44,108.91,108.93,108.83,108.84,23242.0
12:45,108.86,108.92,108.84,108.92,2136175.0
12:46,108.88,108.89,108.82,108.87,1.0
12:47,108.89,108.9,108.86,108.88,16574.0
12:48,108.97,108.99,108.72,108.89,58280.0
12:49,108.92,108.96,108.9,108.96,32238.0
12:50,108.76,108.91,108.73,108.91,27955.0
12:51,108.73,108.77,108.72,108.76,23159.0
12:52,108.78,108.79,108.73,108.74,13009.0
12:53,108.81,108.89,108.76,108.78,26565.0
12:54,108.74,108.81,108.72,108.81,13572.0
12:55,108.75,108.78,108.71,108.75,25888.0
12:56,108.78,108.78,108.74,108.75,13945.0
12:57,108.76,108.8,108.76,108.78,32383.0
12:58,108.81,108.81,108.76,108.77,16877.0
12:59,108.73,108.82,108.72,108.81,43549.0
13:00,108.76,108.76,108.65,108.73,26204.0
13:01,108.89,108.9,108.77,108.77,19318.0
13:02,108.98,108.99,108.89,108.89,35892.0
13:03,108.96,109.14,108.96,108.97,2433291.0
13:04,108.93,109.0,108.93,108.97,1.0
13:05,108.91,108.93,108.85,108.93,26861.0
13:06,108.89,108.92,108.86,108.9,17835.0
13:07,108.95,108.97,108.88,108.9,8901.0
13:08,109.0,109.02,108.95,108.96,15474.0
13:09,108.99,109.02,108.96,109.01,13390.0
13:10,108.96,109.0,108.95,108.99,15390.0
13:11,108.96,108.98,108.93,108.96,11217.0
13:12,109.03,109.04,108.96,108.96,15959.0
13:13,108.95,109.05,108.95,109.03,28726.0
13:14,108.93,108.98,108.92,108.96,25141.0
13:15,108.97,108.98,108.9,108.92,2470969.0
13:16,108.89,108.98,108.88,108.97,1.0
13:17,108.85,108.92,108.85,108.89,27711.0
13:18,108.85,108.86,108.79,108.85,22486.0
13:19,108.8,108.87,108.79,108.85,26257.0
13:20,108.77,108.81,108.76,108.8,17827.0
13:21,108.68,108.76,108.68,108.76,19165.0
13:22,108.78,108.79,108.68,108.68,25752.0
13:23,108.82,108.83,108.77,108.78,12935.0
13:24,108.87,108.88,108.82,108.82,9263.0
13:25,108.87,108.9,108.83,108.86,10964.0
13:26,108.91,108.91,108.86,108.87,13479.0
13:27,108.93,108.93,108.87,108.9,15852.0
13:28,108.92,108.93,108.9,108.93,13317.0
13:29,108.91,108.92,108.9,108.91,8574.0
13:30,108.92,108.92,108.87,108.9,20039.0
13:31,108.89,108.92,108.88,108.92,8187.0
13:32,108.88,108.91,108.87,108.89,16975.0
13:33,108.86,108.91,108.86,108.87,13724.0
13:34,108.86,108.9,108.83,108.86,41767.0
13:35,108.8,108.87,108.8,108.86,12844.0
13:36,108.82,108.83,108.8,108.81,12023.0
13:37,108.79,108.82,108.75,108.81,11262.0
13:38,108.74,108.79,108.73,108.78,14261.0
13:39,108.78,108.78,108.72,108.74,13581.0
13:40,108.8,108.82,108.75,108.78,15528.0
13:41,108.79,108.8,108.76,108.8,14023.0
13:42,108.76,108.81,108.75,108.79,10792.0
13:43,108.76,108.79,108.75,108.77,9698.0
13:44,108.84,108.85,108.74,108.75,37024.0
13:45,108.82,108.84,108.77,108.83,15222.0
13:46,108.82,108.85,108.81,108.82,11720.0
13:47,108.83,108.85,108.82,108.82,11515.0
13:48,108.76,108.83,108.75,108.83,17447.0
13:49,108.73,108.77,108.72,108.76,10998.0
13:50,108.85,108.86,108.75,108.75,22554.0
13:51,108.84,108.87,108.82,108.85,16424.0
13:52,108.87,108.88,108.83,108.84,37563.0
13:53,108.88,108.89,108.85,108.87,15713.0
13:54,108.88,108.9,108.86,108.88,10263.0
13:55,108.9,108.93,108.87,108.88,10233.0
13:56,108.86,108.91,108.82,108.9,12930.0
13:57,108.92,108.92,108.87,108.87,11793.0
13:58,108.92,108.92,108.89,108.92,5818.0
13:59,108.86,108.92,108.86,108.92,9026.0
14:00,108.83,108.88,108.82,108.87,20496.0
14:01,108.78,108.83,108.71,108.83,30736.0
14:02,108.83,108.84,108.75,108.78,22410.0
14:03,108.8,108.83,108.77,108.83,15458.0
14:04,108.77,108.81,108.75,108.81,13663.0
14:05,108.75,108.78,108.74,108.78,16297.0
14:06,108.73,108.75,108.72,108.74,12250.0
14:07,108.75,108.77,108.72,108.74,11923.0
14:08,108.71,108.76,108.69,108.75,21466.0
14:09,108.73,108.75,108.69,108.71,15304.0
14:10,108.76,108.79,108.7,108.72,15209.0
14:11,108.73,108.77,108.7,108.75,12897.0
14:12,108.72,108.74,108.69,108.73,14885.0
14:13,108.75,108.77,108.71,108.72,22720.0
14:14,108.76,108.79,108.75,108.75,11191.0
14:15,108.71,108.77,108.71,108.76,12187.0
14:16,108.65,108.71,108.64,108.71,19883.0
14:17,108.65,108.67,108.61,108.65,22236.0
14:18,108.69,108.7,108.64,108.66,17919.0
14:19,108.68,108.69,108.66,108.69,17689.0
14:20,108.73,108.75,108.67,108.68,22005.0
14:21,108.71,108.75,108.69,108.74,19297.0
14:22,108.68,108.74,108.67,108.72,12698.0
14:23,108.59,108.68,108.57,108.67,26195.0
14:24,108.58,108.59,108.54,108.58,18923.0
14:25,108.57,108.6,108.53,108.58,12139.0
14:26,108.57,108.61,108.56,108.57,9061.0
14:27,108.64,108.64,108.56,108.57,14289.0
14:28,108.63,108.66,108.61,108.64,14701.0
14:29,108.61,108.64,108.58,108.63,17408.0
14:30,108.6,108.61,108.54,108.6,24342.0
14:31,108.56,108.62,108.56,108.6,15638.0
14:32,108.51,108.57,108.49,108.56,24656.0
14:33,108.57,108.58,108.44,108.5,33887.0
14:34,108.58,108.63,108.53,108.56,20197.0
14:35,108.61,108.66,108.57,108.57,65444.0
14:36,108.66,108.67,108.59,108.6,22334.0
14:37,108.7,108.73,108.65,108.66,15437.0
14:38,108.64,108.72,108.63,108.71,17489.0
14:39,108.71,108.74,108.64,108.64,18850.0
14:40,108.68,108.72,108.65,108.72,9538.0
14:41,108.66,108.7,108.64,108.68,19808.0
14:42,108.66,108.71,108.64,108.66,12901.0
14:43,108.66,108.68,108.64,108.66,16683.0
14:44,108.68,108.68,108.65,108.65,14249.0
14:45,108.72,108.73,108.67,108.67,12816.0
14:46,108.73,108.77,108.7,108.72,24705.0
14:47,108.69,108.75,108.68,108.73,10154.0
14:48,108.7,108.73,108.7,108.7,11676.0
14:49,108.7,108.71,108.67,108.71,13648.0
14:50,108.68,108.71,108.66,108.69,11448.0
14:51,108.68,108.7,108.67,108.69,10963.0
14:52,108.75,108.78,108.68,108.68,12630.0
14:53,108.83,108.83,108.73,108.75,13661.0
14:54,108.85,108.87,108.81,108.84,12635.0
14:55,108.82,108.85,108.79,108.85,12072.0
14:56,108.82,108.86,108.8,108.82,15721.0
14:57,108.88,108.88,108.81,108.82,19660.0
14:58,108.91,108.93,108.85,108.87,21732.0
14:59,108.92,108.94,108.89,108.92,17948.0
15:00,108.94,108.98,108.86,108.92,28583.0
15:01,108.91,108.94,108.87,108.93,13381.0
15:02,108.87,108.91,108.86,108.91,15857.0
15:03,108.92,108.94,108.86,108.87,18850.0
15:04,108.93,108.96,108.91,108.91,17439.0
15:05,108.97,109.03,108.93,108.94,24868.0
15:06,108.96,108.98,108.93,108.98,14966.0
15:07,108.99,109.02,108.94,108.96,22747.0
15:08,109.03,109.03,108.98,108.99,26871.0
15:09,109.07,109.07,109.02,109.03,42633.0
15:10,109.17,109.18,109.06,109.06,33080.0
15:11,109.08,109.18,109.08,109.17,20959.0
15:12,109.11,109.15,109.06,109.08,29544.0
15:13,109.1,109.14,109.06,109.11,27476.0
15:14,109.1,109.12,109.09,109.1,27353.0
15:15,109.14,109.17,109.07,109.11,22171.0
15:16,109.04,109.16,109.03,109.15,3283690.0
15:17,109.0,109.05,108.98,109.04,1.0
15:18,108.97,109.03,108.96,109.0,32768.0
15:19,109.0,109.0,108.94,108.98,32633.0
15:20,109.08,109.09,108.98,109.0,22602.0
15:21,109.08,109.11,109.07,109.08,24022.0
15:22,109.06,109.09,109.05,109.09,3343179.0
15:23,109.07,109.1,109.02,109.06,1.0
15:24,109.1,109.11,109.07,109.08,24459.0
15:25,109.0,109.12,108.95,109.1,3526957.0
15:26,109.01,109.04,108.98,109.0,1.0
15:27,108.97,109.03,108.96,109.01,3426951.0
15:28,109.01,109.01,108.93,108.97,1.0
15:29,109.06,109.06,109.0,109.0,21204.0
15:30,109.12,109.14,109.05,109.06,44186.0
15:31,109.14,109.18,109.12,109.12,26313.0
15:32,109.23,109.24,109.11,109.14,76703.0
15:33,109.2,109.24,109.18,109.22,31864.0
15:34,109.25,109.26,109.13,109.19,35787.0
15:35,109.27,109.31,109.25,109.26,38500.0
15:36,109.31,109.32,109.22,109.26,27504.0
15:37,109.27,109.33,109.26,109.32,26518.0
15:38,109.26,109.31,109.25,109.27,29770.0
15:39,109.19,109.28,109.15,109.26,34243.0
15:40,109.18,109.21,109.16,109.19,30615.0
15:41,109.18,109.2,109.12,109.18,26215.0
15:42,109.19,109.21,109.17,109.18,18440.0
15:43,109.18,109.22,109.17,109.2,31317.0
15:44,109.24,109.25,109.14,109.18,54159.0
15:45,109.12,109.25,109.12,109.24,30573.0
15:46,109.08,109.13,109.07,109.12,36649.0
15:47,109.08,109.11,109.06,109.08,37182.0
15:48,109.06,109.11,109.04,109.08,33673.0
15:49,109.11,109.14,109.05,109.06,38008.0
15:50,109.12,109.15,108.98,109.11,95135.0
15:51,109.04,109.22,109.03,109.12,78412.0
15:52,109.0,109.08,108.99,109.04,92819.0
15:53,108.86,109.02,108.86,109.0,110767.0
15:54,108.9,108.97,108.74,108.86,144779.0
15:55,109.06,109.07,108.87,108.9,110898.0
15:56,109.11,109.11,108.95,109.05,159259.0
15:57,109.12,109.15,109.01,109.11,158293.0
15:58,109.13,109.17,109.08,109.11,220629.0
15:59,109.19,109.2,109.1,109.12,530675.0
