Time,Close,High,Low,Open,Volume
09:30,1207.76,1210.46,1206.9,1207.88,363793.0
09:31,1208.44,1211.0,1206.97,1208.39,25059.0
09:32,1208.01,1209.89,1208.01,1209.89,5858.0
09:33,1215.01,1216.0,1213.63,1213.63,42279.0
09:34,1215.31,1216.23,1214.84,1215.26,19895.0
09:35,1216.0,1217.64,1215.94,1216.56,31648.0
09:36,1215.42,1216.0,1214.04,1215.35,9070.0
09:37,1216.33,1218.56,1214.93,1215.88,22871.0
09:38,1214.99,1216.58,1214.81,1215.62,13227.0
09:39,1216.99,1217.44,1215.58,1215.58,14591.0
09:40,1217.31,1218.98,1216.83,1216.88,14433.0
09:41,1216.58,1217.31,1215.26,1217.31,9148.0
09:42,1214.65,1216.58,1214.65,1216.58,9992.0
09:43,1214.07,1215.28,1214.07,1214.93,7471.0
09:44,1214.95,1215.15,1213.19,1214.43,18385.0
09:45,1215.0,1215.44,1210.15,1214.13,1.0
09:46,1216.69,1216.69,1214.12,1214.12,136511.0
09:47,1218.98,1219.73,1216.69,1217.0,19320.0
09:48,1219.23,1219.6,1217.49,1218.98,16372.0
09:49,1219.27,1220.12,1217.87,1219.17,32756.0
09:50,1221.09,1221.55,1218.86,1219.6,14674.0
09:51,1223.18,1223.47,1220.8,1221.55,21900.0
09:52,1220.48,1223.19,1219.54,1221.63,10512.0
09:53,1221.15,1221.6,1220.28,1220.51,6283.0
09:54,1222.42,1222.59,1220.67,1220.82,9189.0
09:55,1220.05,1222.66,1219.54,1222.52,11740.0
09:56,1220.88,1221.58,1219.69,1219.69,7773.0
09:57,1223.0,1223.29,1221.6,1222.3,9797.0
09:58,1222.88,1223.91,1222.43,1223.0,8130.0
09:59,1223.41,1223.9,1222.43,1222.43,15373.0
10:00,1222.28,1224.23,1222.28,1223.34,14123.0
10:01,1221.66,1222.66,1221.0,1222.66,6476.0
10:02,1221.51,1221.51,1217.5,1221.0,14579.0
10:03,1223.63,1224.0,1221.52,1221.64,11666.0
10:04,1224.61,1224.61,1222.98,1223.26,10460.0
10:05,1224.51,1225.0,1223.22,1223.22,15439.0
10:06,1224.48,1224.86,1224.08,1224.51,10098.0
10:07,1225.0,1225.0,1223.6,1224.25,10684.0
10:08,1224.88,1225.06,1224.13,1224.67,10570.0
10:09,1224.39,1225.81,1224.28,1224.82,8748.0
10:10,1222.98,1224.49,1222.98,1224.29,17080.0
10:11,1223.59,1223.84,1222.73,1223.34,16195.0
10:12,1223.23,1224.0,1222.83,1223.67,9443.0
10:13,1224.25,1224.37,1223.18,1223.18,10621.0
10:14,1225.39,1225.99,1224.24,1224.24,12118.0
10:15,1224.43,1225.21,1223.85,1225.17,13609.0
10:16,1226.0,1226.0,1224.43,1224.43,8801.0
10:17,1224.98,1226.24,1224.34,1226.24,9595.0
10:18,1224.65,1225.7,1224.18,1225.17,9502.0
10:19,1225.14,1225.34,1224.54,1225.34,5026.0
10:20,1224.25,1225.58,1224.19,1224.94,7677.0
10:21,1223.79,1224.71,1223.79,1224.1,4214.0
10:22,1224.15,1224.54,1223.72,1224.0,6043.0
10:23,1224.59,1224.84,1223.82,1224.14,8869.0
10:24,1224.06,1224.92,1223.84,1224.32,4065.0
10:25,1225.06,1225.06,1223.97,1224.21,11403.0
10:26,1224.26,1224.94,1223.8,1224.77,13790.0
10:27,1224.0,1224.09,1223.56,1223.57,8677.0
10:28,1224.09,1224.17,1223.72,1224.08,4608.0
10:29,1224.75,1224.77,1223.77,1224.18,6467.0
10:30,1225.93,1226.88,1225.34,1225.34,10197.0
10:31,1225.89,1226.28,1225.66,1225.93,3279.0
10:32,1225.4,1226.0,1224.81,1226.0,5961.0
10:33,1225.41,1225.41,1224.5,1225.01,10612.0
10:34,1224.86,1225.59,1224.86,1225.5,5070.0
10:35,1224.4,1224.52,1223.8,1224.52,6140.0
10:36,1223.55,1224.25,1223.54,1224.2,8149.0
10:37,1224.0,1224.48,1223.75,1223.75,5042.0
10:38,1223.93,1223.93,1223.93,1223.93,2105.0
10:39,1224.31,1224.49,1223.94,1224.49,7126.0
10:40,1224.28,1224.87,1224.16,1224.69,8331.0
10:41,1224.01,1224.44,1223.8,1224.05,3543.0
10:42,1224.02,1224.02,1223.53,1223.98,6332.0
10:43,1225.03,1225.25,1223.72,1223.72,13663.0
10:44,1225.18,1225.28,1224.95,1225.09,3919.0
10:45,1225.75,1225.75,1224.56,1225.04,8989.0
10:46,1225.06,1225.75,1224.85,1225.08,5881.0
10:47,1225.25,1225.33,1224.72,1224.9,4743.0
10:48,1224.89,1225.15,1224.68,1224.81,7137.0
10:49,1225.29,1225.47,1224.77,1225.32,3794.0
10:50,1226.33,1226.74,1224.52,1224.86,19806.0
10:51,1227.55,1227.7,1226.33,1226.33,13589.0
10:52,1227.38,1228.04,1227.0,1227.27,14345.0
10:53,1227.56,1227.87,1227.18,1227.45,13316.0
10:54,1228.41,1228.92,1227.56,1227.56,15140.0
10:55,1227.99,1228.32,1227.58,1227.95,4358.0
10:56,1226.42,1227.73,1225.82,1227.73,8204.0
10:57,1227.62,1227.97,1226.66,1226.71,6678.0
10:58,1227.98,1228.55,1227.98,1228.0,4718.0
10:59,1228.87,1229.19,1228.1,1228.1,10000.0
11:00,1229.65,1230.33,1229.2,1229.5,21156.0
11:01,1227.95,1229.86,1227.95,1229.71,5734.0
11:02,1227.17,1227.58,1227.11,1227.11,1837.0
11:03,1226.13,1227.61,1226.13,1227.44,8846.0
11:04,1226.65,1226.79,1226.13,1226.13,8088.0
11:05,1226.55,1226.79,1226.18,1226.64,4806.0
11:06,1227.43,1227.97,1226.55,1226.55,10735.0
11:07,1227.52,1227.6,1226.39,1226.88,4931.0
11:08,1228.25,1228.74,1227.97,1227.97,2309.0
11:09,1228.45,1228.45,1228.18,1228.18,3561.0
11:10,1228.46,1228.46,1228.19,1228.19,2659.0
11:11,1228.0,1228.14,1227.58,1228.14,7340.0
11:12,1228.3,1228.4,1227.73,1227.73,4279.0
11:13,1227.56,1228.18,1227.09,1228.18,6538.0
11:14,1227.93,1227.93,1227.52,1227.52,4159.0
11:15,1229.77,1229.77,1227.31,1227.31,4556.0
11:16,1228.87,1230.0,1228.87,1229.65,8985.0
11:17,1229.03,1229.03,1228.2,1228.43,4020.0
11:18,1228.98,1229.06,1228.98,1229.06,1300.0
11:19,1229.02,1229.19,1228.94,1228.98,4641.0
11:20,1229.41,1229.45,1229.41,1229.45,1773.0
11:21,1230.94,1231.0,1229.02,1229.08,17592.0
11:22,1230.1,1230.94,1230.1,1230.79,6623.0
11:23,1230.51,1230.8,1230.33,1230.8,3731.0
11:24,1232.1,1232.64,1230.98,1230.98,8890.0
11:25,1232.98,1233.02,1231.75,1232.0,18284.0
11:26,1231.79,1232.88,1231.79,1232.61,7501.0
11:27,1232.99,1233.0,1231.83,1231.83,8373.0
11:28,1234.01,1234.3,1233.01,1233.01,9616.0
11:29,1233.94,1234.0,1232.55,1233.57,9395.0
11:30,1235.54,1235.54,1233.5,1234.23,12920.0
11:31,1235.18,1235.8,1235.0,1235.57,14244.0
11:32,1235.53,1235.53,1234.96,1235.38,2631.0
11:33,1235.54,1235.81,1235.21,1235.21,5457.0
11:34,1234.5,1235.95,1234.35,1235.65,18381.0
11:35,1233.19,1234.44,1233.0,1234.44,12211.0
11:36,1232.58,1233.03,1231.84,1233.03,25701.0
11:37,1232.63,1232.63,1232.06,1232.58,4953.0
11:38,1233.51,1233.51,1232.5,1232.67,8624.0
11:39,1233.54,1233.88,1233.27,1233.52,7956.0
11:40,1232.12,1234.07,1232.12,1233.54,7096.0
11:41,1232.52,1232.52,1231.94,1232.03,8135.0
11:42,1232.35,1232.47,1232.16,1232.4,4534.0
11:43,1232.48,1232.82,1232.01,1232.47,5811.0
11:44,1231.85,1232.52,1231.59,1232.18,11472.0
11:45,1232.13,1232.15,1231.45,1232.15,4317.0
11:46,1232.13,1232.13,1232.13,1232.13,981.0
11:47,1232.62,1232.62,1232.14,1232.14,6326.0
11:48,1233.0,1233.54,1232.62,1232.95,3988.0
11:49,1232.68,1232.81,1232.3,1232.81,3918.0
11:50,1233.49,1233.65,1232.89,1232.89,3426.0
11:51,1233.5,1233.5,1233.29,1233.29,3255.0
11:52,1233.46,1233.61,1232.61,1233.38,7365.0
11:53,1232.58,1233.46,1232.58,1233.46,2723.0
11:54,1234.0,1234.0,1233.01,1233.01,4676.0
11:55,1233.45,1235.0,1233.45,1234.98,6117.0
11:56,1234.0,1234.0,1233.34,1233.59,5249.0
11:57,1234.69,1234.69,1233.54,1233.57,5192.0
11:58,1234.4,1234.71,1234.12,1234.69,7592.0
11:59,1233.08,1233.98,1233.08,1233.87,1694.0
12:00,1234.14,1234.14,1233.61,1233.61,3151.0
12:01,1234.66,1234.81,1233.54,1234.25,7927.0
12:02,1233.92,1234.27,1233.79,1234.27,2355.0
12:03,1233.54,1233.98,1233.28,1233.71,3339.0
12:04,1233.84,1233.84,1233.09,1233.55,2692.0
12:05,1233.68,1234.09,1233.52,1233.72,5303.0
12:06,1234.0,1234.0,1233.61,1233.61,1820.0
12:07,1234.81,1234.94,1233.83,1233.83,2290.0
12:08,1234.66,1234.68,1234.35,1234.35,7255.0
12:09,1234.43,1234.5,1233.9,1234.5,4413.0
12:10,1233.09,1233.65,1233.09,1233.65,3846.0
12:11,1232.4,1233.59,1232.4,1233.59,5135.0
12:12,1232.54,1232.54,1231.79,1232.04,3486.0
12:13,1233.0,1233.0,1232.0,1232.59,2588.0
12:14,1232.78,1232.78,1232.28,1232.58,2716.0
12:15,1232.57,1232.57,1232.57,1232.57,2845.0
12:16,1233.05,1233.17,1232.83,1233.17,2881.0
12:17,1233.56,1233.56,1232.62,1233.19,4793.0
12:18,1233.47,1233.47,1233.47,1233.47,944.0
12:19,1234.33,1234.33,1233.48,1233.49,5075.0
12:20,1234.35,1234.35,1233.55,1233.9,7009.0
12:21,1233.56,1234.61,1233.56,1234.44,13069.0
12:22,1233.96,1234.48,1233.56,1234.23,9094.0
12:23,1234.35,1234.35,1233.56,1234.03,5118.0
12:24,1234.19,1234.21,1234.19,1234.21,852.0
12:25,1235.66,1235.66,1234.39,1234.39,7820.0
12:26,1235.79,1235.98,1235.06,1235.98,3564.0
12:27,1236.39,1236.5,1235.56,1235.97,19014.0
12:28,1235.68,1236.44,1235.38,1236.44,6361.0
12:29,1235.52,1235.58,1235.48,1235.48,1318.0
12:30,1235.92,1236.1,1235.58,1235.75,7061.0
12:31,1236.0,1236.43,1235.87,1235.94,7368.0
12:32,1235.82,1236.47,1235.82,1236.47,4595.0
12:33,1235.0,1236.27,1235.0,1236.22,5490.0
12:34,1235.88,1235.88,1235.42,1235.51,1524.0
12:35,1235.99,1236.0,1235.99,1236.0,3893.0
12:36,1236.24,1236.57,1235.87,1236.29,4457.0
12:37,1236.12,1236.57,1236.11,1236.21,4342.0
12:38,1236.02,1236.45,1235.93,1236.04,5544.0
12:39,1237.0,1237.0,1236.41,1236.57,7311.0
12:40,1236.28,1237.15,1236.06,1236.67,4742.0
12:41,1236.42,1236.8,1236.28,1236.8,1455.0
12:42,1236.51,1236.96,1236.3,1236.3,3734.0
12:43,1236.85,1236.85,1235.87,1235.87,3760.0
12:44,1236.22,1236.46,1236.22,1236.46,1519.0
12:45,1237.12,1237.12,1236.4,1236.4,8351.0
12:46,1236.36,1237.82,1236.36,1237.26,10560.0
12:47,1235.96,1236.2,1235.1,1236.2,5251.0
12:48,1235.92,1236.04,1235.25,1235.86,4282.0
12:49,1235.88,1235.88,1235.4,1235.52,3312.0
12:50,1236.39,1236.55,1235.86,1236.35,5964.0
12:51,1236.48,1236.49,1236.0,1236.49,4536.0
12:52,1236.74,1236.76,1236.18,1236.47,3759.0
12:53,1236.38,1236.38,1236.19,1236.19,3173.0
12:54,1235.5,1236.23,1235.5,1236.21,6109.0
12:55,1235.48,1235.95,1235.0,1235.0,7014.0
12:56,1235.54,1235.82,1234.82,1235.33,5107.0
12:57,1235.53,1235.53,1235.53,1235.53,1356.0
12:58,1236.0,1236.0,1235.45,1235.52,1582.0
12:59,1235.84,1236.06,1235.51,1235.51,3202.0
13:00,1236.44,1236.74,1236.44,1236.74,2274.0
13:01,1236.48,1236.48,1236.48,1236.48,2448.0
13:02,1237.46,1237.63,1236.76,1236.76,8291.0
13:03,1237.74,1237.75,1237.38,1237.5,6935.0
13:04,1238.09,1238.36,1237.52,1237.74,10210.0
13:05,1238.51,1238.62,1238.46,1238.5,2760.0
13:06,1238.56,1238.95,1238.5,1238.5,2129.0
13:07,1238.6,1238.6,1238.6,1238.6,236.0
13:08,1238.7,1238.77,1238.54,1238.7,5747.0
13:09,1239.13,1239.13,1238.68,1239.0,4516.0
13:10,1238.74,1239.18,1238.74,1238.98,4745.0
13:11,1238.84,1238.95,1238.84,1238.95,6031.0
13:12,1238.28,1238.96,1238.28,1238.92,4171.0
13:13,1238.7,1239.03,1238.18,1238.7,2291.0
13:14,1239.18,1239.18,1238.6,1238.6,2908.0
13:15,1239.2,1239.2,1239.18,1239.18,2319.0
13:16,1238.55,1239.03,1238.55,1239.03,8536.0
13:17,1239.02,1239.02,1238.5,1238.5,3739.0
13:18,1239.6,1239.8,1239.15,1239.27,4200.0
13:19,1239.88,1240.28,1239.2,1239.6,17573.0
13:20,1239.84,1240.0,1239.6,1239.84,8578.0
13:21,1240.61,1240.76,1239.69,1239.71,15733.0
13:22,1240.43,1240.92,1240.38,1240.39,5453.0
13:23,1240.28,1240.69,1240.28,1240.69,4324.0
13:24,1240.5,1240.7,1240.44,1240.58,2193.0
13:25,1240.67,1241.0,1240.12,1240.65,6396.0
13:26,1240.7,1241.45,1240.57,1240.63,10345.0
13:27,1240.68,1240.84,1240.31,1240.47,2978.0
13:28,1241.3,1241.3,1240.62,1240.62,3837.0
13:29,1241.0,1241.06,1240.85,1240.85,3061.0
13:30,1241.62,1241.95,1241.18,1241.36,6984.0
13:31,1241.21,1241.31,1240.89,1241.31,5827.0
13:32,1240.7,1241.0,1240.48,1241.0,5527.0
13:33,1241.0,1241.0,1240.92,1240.92,2386.0
13:34,1241.43,1241.43,1241.28,1241.28,2681.0
13:35,1242.08,1242.32,1241.71,1241.84,6821.0
13:36,1242.63,1242.68,1242.11,1242.34,6451.0
13:37,1243.4,1243.48,1242.35,1242.35,7769.0
13:38,1243.63,1244.29,1243.0,1243.0,14388.0
13:39,1243.39,1243.95,1242.83,1243.54,6432.0
13:40,1243.51,1243.9,1243.32,1243.49,7283.0
13:41,1243.0,1243.77,1242.89,1243.77,15134.0
13:42,1243.49,1243.49,1242.85,1242.86,2924.0
13:43,1243.11,1243.43,1242.82,1243.43,3575.0
13:44,1243.42,1243.42,1242.84,1242.9,2407.0
13:45,1243.99,1243.99,1242.5,1242.5,10740.0
13:46,1243.15,1243.6,1243.15,1243.49,2894.0
13:47,1243.51,1243.65,1243.2,1243.63,6189.0
13:48,1244.09,1244.16,1243.77,1243.96,5187.0
13:49,1245.59,1245.81,1244.61,1244.64,9392.0
13:50,1245.17,1245.94,1244.99,1245.59,8448.0
13:51,1245.41,1245.58,1244.98,1245.58,6249.0
13:52,1244.88,1245.31,1244.88,1245.26,6649.0
13:53,1245.37,1245.37,1245.0,1245.0,1514.0
13:54,1245.61,1245.74,1245.15,1245.37,6643.0
13:55,1245.44,1245.88,1245.26,1245.88,10010.0
13:56,1245.71,1246.0,1245.34,1245.43,9061.0
13:57,1245.41,1245.72,1245.41,1245.7,3354.0
13:58,1245.65,1246.1,1245.37,1246.0,6239.0
13:59,1246.18,1246.37,1245.51,1245.51,5641.0
14:00,1246.33,1246.69,1246.05,1246.34,7998.0
14:01,1246.04,1246.54,1245.5,1246.2,4037.0
14:02,1245.55,1246.13,1245.55,1245.94,2956.0
14:03,1245.97,1246.34,1245.51,1245.81,10140.0
14:04,1246.2,1246.37,1245.5,1245.5,7054.0
14:05,1246.15,1246.88,1246.01,1246.51,6185.0
14:06,1246.64,1247.0,1246.19,1246.44,5809.0
14:07,1246.88,1246.88,1246.33,1246.33,6365.0
14:08,1246.81,1247.2,1246.48,1246.51,11346.0
14:09,1247.2,1247.2,1246.34,1246.98,6348.0
14:10,1246.89,1247.76,1246.85,1247.36,15910.0
14:11,1246.95,1247.3,1246.66,1247.3,6857.0
14:12,1245.84,1247.0,1245.84,1246.9,6412.0
14:13,1245.75,1246.5,1245.5,1246.31,8737.0
14:14,1245.77,1245.92,1245.7,1245.72,3629.0
14:15,1245.69,1245.95,1245.25,1245.69,7090.0
14:16,1245.69,1246.15,1245.39,1246.0,5555.0
14:17,1246.26,1246.34,1245.84,1246.0,4471.0
14:18,1245.67,1246.14,1245.25,1245.65,7939.0
14:19,1245.03,1245.89,1244.91,1245.77,11996.0
14:20,1245.28,1245.64,1245.0,1245.0,5794.0
14:21,1245.54,1245.94,1245.2,1245.43,7492.0
14:22,1245.6,1245.96,1245.6,1245.96,2417.0
14:23,1245.5,1245.81,1245.0,1245.59,7129.0
14:24,1245.73,1245.73,1245.28,1245.28,3737.0
14:25,1245.9,1245.9,1245.9,1245.9,1427.0
14:26,1245.0,1245.45,1244.97,1245.45,8823.0
14:27,1245.22,1245.22,1244.9,1245.02,3061.0
14:28,1245.25,1245.3,1245.03,1245.03,3200.0
14:29,1245.17,1245.21,1244.98,1245.15,5014.0
14:30,1245.21,1245.24,1244.94,1245.24,3331.0
14:31,1245.25,1245.25,1244.97,1245.07,2162.0
14:32,1245.0,1245.23,1244.97,1245.23,3453.0
14:33,1244.99,1245.2,1244.99,1245.2,2748.0
14:34,1245.03,1245.22,1244.94,1245.08,9613.0
14:35,1245.02,1245.08,1244.98,1244.98,2281.0
14:36,1244.23,1245.23,1244.23,1244.79,8887.0
14:37,1244.58,1244.8,1243.94,1244.55,9473.0
14:38,1244.74,1244.93,1244.24,1244.31,5941.0
14:39,1244.52,1244.82,1244.52,1244.78,3663.0
14:40,1244.08,1244.52,1243.92,1244.52,6898.0
14:41,1244.16,1244.16,1243.96,1244.09,3076.0
14:42,1243.28,1244.31,1243.24,1244.16,11329.0
14:43,1243.15,1243.71,1242.67,1243.23,5784.0
14:44,1242.89,1243.15,1242.84,1243.15,3339.0
14:45,1243.08,1243.08,1242.74,1242.86,9069.0
14:46,1243.14,1243.43,1242.88,1243.42,7972.0
14:47,1242.85,1243.2,1242.85,1242.85,4599.0
14:48,1243.01,1243.03,1242.77,1243.03,3515.0
14:49,1241.51,1243.0,1241.39,1242.63,11755.0
14:50,1242.69,1242.69,1241.52,1241.75,6535.0
14:51,1241.15,1242.26,1241.12,1242.26,4709.0
14:52,1241.93,1241.93,1241.05,1241.27,5395.0
14:53,1242.21,1243.39,1242.15,1242.15,14420.0
14:54,1241.91,1242.2,1241.91,1242.0,1384.0
14:55,1242.0,1242.02,1241.55,1241.8,4499.0
14:56,1242.08,1242.3,1241.99,1241.99,6305.0
14:57,1241.86,1242.57,1241.86,1242.57,1171.0
14:58,1241.61,1241.89,1241.48,1241.8,5611.0
14:59,1241.5,1241.93,1241.5,1241.6,4308.0
15:00,1241.98,1242.16,1241.66,1241.97,4218.0
15:01,1241.57,1242.35,1241.35,1242.35,5912.0
15:02,1241.66,1241.74,1241.19,1241.19,6204.0
15:03,1241.64,1241.64,1241.2,1241.59,1701.0
15:04,1241.66,1241.85,1241.57,1241.57,1948.0
15:05,1241.44,1241.75,1240.97,1241.56,11518.0
15:06,1241.34,1241.35,1241.34,1241.34,2751.0
15:07,1240.38,1241.66,1240.38,1240.96,6363.0
15:08,1241.09,1241.09,1240.38,1240.55,8271.0
15:09,1240.75,1241.38,1240.59,1241.19,7682.0
15:10,1240.45,1240.74,1240.38,1240.38,3593.0
15:11,1240.19,1240.19,1240.0,1240.0,5343.0
15:12,1239.59,1240.15,1239.59,1239.9,8048.0
15:13,1239.63,1239.75,1239.3,1239.3,10056.0
15:14,1237.85,1240.0,1237.85,1239.4,9466.0
15:15,1238.0,1238.23,1237.52,1238.23,4689.0
15:16,1239.22,1239.75,1237.85,1237.85,8515.0
15:17,1239.91,1240.18,1239.33,1239.33,4358.0
15:18,1240.19,1240.4,1239.72,1239.95,7758.0
15:19,1240.0,1240.46,1240.0,1240.26,6472.0
15:20,1239.35,1239.74,1239.2,1239.74,1635.0
15:21,1238.5,1239.42,1238.47,1239.08,7371.0
15:22,1237.07,1238.26,1237.07,1238.26,9523.0
15:23,1237.51,1237.67,1237.04,1237.04,9281.0
15:24,1238.67,1238.91,1237.44,1237.44,9300.0
15:25,1238.31,1238.7,1238.19,1238.7,6472.0
15:26,1237.89,1238.31,1237.42,1238.31,8649.0
15:27,1238.84,1239.14,1237.42,1237.42,12434.0
15:28,1239.9,1239.9,1239.29,1239.35,11103.0
15:29,1239.94,1240.12,1239.38,1239.69,9487.0
15:30,1240.0,1240.25,1239.58,1239.98,13202.0
15:31,1239.9,1240.39,1239.9,1240.05,5122.0
15:32,1239.61,1240.39,1239.61,1240.39,7303.0
15:33,1239.67,1240.02,1239.53,1240.02,4359.0
15:34,1239.16,1239.57,1239.12,1239.57,3010.0
15:35,1238.53,1239.5,1238.47,1239.47,7400.0
15:36,1239.54,1239.64,1238.64,1238.88,6597.0
15:37,1239.26,1239.74,1239.0,1239.27,5654.0
15:38,1239.18,1239.18,1238.79,1238.96,6176.0
15:39,1238.79,1239.13,1238.79,1239.11,8652.0
15:40,1238.11,1238.8,1237.12,1238.8,10869.0
15:41,1237.04,1237.77,1237.04,1237.77,3099.0
15:42,1238.48,1238.48,1237.73,1237.77,14460.0
15:43,1238.6,1239.16,1238.26,1238.26,7614.0
15:44,1237.55,1238.85,1237.55,1238.59,8709.0
15:45,1237.51,1237.52,1237.04,1237.52,10502.0
15:46,1237.56,1237.75,1237.0,1237.53,6067.0
15:47,1238.81,1238.81,1237.3,1237.3,8781.0
15:48,1238.6,1238.82,1237.82,1237.82,4719.0
15:49,1239.42,1239.85,1238.73,1238.73,8282.0
15:50,1239.25,1239.69,1239.07,1239.69,10939.0
15:51,1240.55,1240.55,1239.01,1239.25,14032.0
15:52,1239.97,1240.3,1239.76,1240.07,12123.0
15:53,1239.45,1241.69,1239.45,1240.01,22398.0
15:54,1240.21,1240.99,1239.63,1240.57,20404.0
15:55,1239.33,1239.94,1238.89,1239.94,23755.0
15:56,1239.21,1239.21,1238.29,1239.06,19664.0
15:57,1239.24,1239.24,1238.59,1239.19,23550.0
15:58,1239.66,1239.69,1239.16,1239.4,31916.0
15:59,1238.98,1239.67,1238.1,1239.66,54234.0
