Time,Close,High,Low,Open,Volume
09:30,106.84,106.88,106.35,106.5,885448.0
09:31,106.77,106.99,106.66,106.81,90028.0
09:32,106.4,106.86,106.31,106.79,58222.0
09:33,106.63,106.66,106.4,106.41,40631.0
09:34,106.87,106.92,106.59,106.64,53876.0
09:35,107.04,107.08,106.68,106.86,114934.0
09:36,107.13,107.18,106.98,107.0,44355.0
09:37,107.25,107.27,107.06,107.14,44918.0
09:38,107.24,107.38,107.14,107.25,63232.0
09:39,107.04,107.26,106.95,107.22,48867.0
09:40,106.78,107.06,106.77,107.04,84279.0
09:41,106.83,106.86,106.66,106.78,28524.0
09:42,106.62,106.83,106.6,106.83,40540.0
09:43,106.72,106.73,106.53,106.62,30890.0
09:44,106.51,106.79,106.45,106.74,37080.0
09:45,106.29,106.56,106.27,106.53,55410.0
09:46,106.32,106.44,106.28,106.3,41508.0
09:47,106.36,106.39,106.31,106.31,553035.0
09:48,106.44,106.48,106.32,106.36,1.0
09:49,106.44,106.51,106.37,106.44,36276.0
09:50,106.36,106.45,106.25,106.44,66686.0
09:51,106.64,106.64,106.34,106.36,41316.0
09:52,106.58,106.7,106.54,106.64,36930.0
09:53,106.82,106.82,106.56,106.58,37721.0
09:54,106.66,106.83,106.64,106.83,40203.0
09:55,106.54,106.68,106.48,106.66,740052.0
09:56,106.68,106.71,106.5,106.53,1.0
09:57,106.49,106.68,106.44,106.67,35644.0
09:58,106.48,106.53,106.42,106.49,42671.0
09:59,106.5,106.51,106.38,106.47,42384.0
10:00,106.79,106.79,106.48,106.5,32611.0
10:01,106.81,106.85,106.77,106.78,38721.0
10:02,106.79,106.89,106.77,106.81,26717.0
10:03,106.79,106.87,106.76,106.79,28936.0
10:04,106.72,106.81,106.7,106.78,26184.0
10:05,106.81,106.82,106.67,106.72,42080.0
10:06,106.87,106.92,106.73,106.82,25723.0
10:07,106.91,106.98,106.85,106.86,34625.0
10:08,107.03,107.03,106.86,106.93,31481.0
10:09,107.07,107.08,106.98,107.02,39715.0
10:10,107.14,107.15,106.99,107.07,46989.0
10:11,107.24,107.25,107.08,107.14,50874.0
10:12,107.34,107.35,107.21,107.25,41572.0
10:13,107.28,107.35,107.18,107.34,47022.0
10:14,107.37,107.39,107.26,107.28,35867.0
10:15,107.42,107.49,107.37,107.37,54942.0
10:16,107.41,107.46,107.36,107.43,26359.0
10:17,107.41,107.46,107.38,107.41,32897.0
10:18,107.38,107.42,107.33,107.4,41854.0
10:19,107.43,107.46,107.38,107.38,30295.0
10:20,107.43,107.48,107.39,107.43,36644.0
10:21,107.44,107.48,107.4,107.43,23189.0
10:22,107.45,107.48,107.42,107.45,26077.0
10:23,107.45,107.54,107.43,107.44,34489.0
10:24,107.43,107.47,107.37,107.45,28650.0
10:25,107.52,107.55,107.42,107.44,25786.0
10:26,107.46,107.53,107.42,107.53,26696.0
10:27,107.43,107.51,107.4,107.46,1256741.0
10:28,107.4,107.46,107.36,107.43,1.0
10:29,107.44,107.5,107.39,107.4,21333.0
10:30,107.4,107.45,107.37,107.43,25810.0
10:31,107.36,107.46,107.32,107.4,31323.0
10:32,107.16,107.36,107.12,107.36,172091.0
10:33,107.32,107.32,107.14,107.16,32153.0
10:34,107.26,107.37,107.23,107.31,24758.0
10:35,107.35,107.36,107.23,107.26,26297.0
10:36,107.43,107.43,107.31,107.35,21222.0
10:37,107.61,107.62,107.43,107.43,48845.0
10:38,107.57,107.67,107.52,107.61,51111.0
10:39,107.59,107.62,107.51,107.57,43425.0
10:40,107.62,107.65,107.54,107.59,22322.0
10:41,107.51,107.66,107.51,107.63,16742.0
10:42,107.64,107.64,107.48,107.52,29229.0
10:43,107.52,107.67,107.52,107.64,28510.0
10:44,107.5,107.55,107.47,107.51,15815.0
10:45,107.44,107.55,107.43,107.5,47250.0
10:46,107.5,107.51,107.41,107.44,29719.0
10:47,107.43,107.5,107.4,107.49,21667.0
10:48,107.39,107.47,107.36,107.45,28877.0
10:49,107.26,107.39,107.26,107.39,44071.0
10:50,107.49,107.5,107.22,107.28,59354.0
10:51,107.46,107.53,107.41,107.5,57859.0
10:52,107.54,107.59,107.42,107.46,22400.0
10:53,107.59,107.62,107.54,107.58,30280.0
10:54,107.64,107.67,107.57,107.59,42027.0
10:55,107.49,107.64,107.46,107.64,31506.0
10:56,107.5,107.61,107.48,107.49,24543.0
10:57,107.45,107.53,107.43,107.5,18518.0
10:58,107.46,107.54,107.43,107.45,27154.0
10:59,107.53,107.54,107.41,107.45,26655.0
11:00,107.44,107.55,107.41,107.52,20337.0
11:01,107.49,107.52,107.42,107.44,21220.0
11:02,107.59,107.59,107.48,107.5,28939.0
11:03,107.59,107.6,107.53,107.58,24077.0
11:04,107.64,107.64,107.54,107.6,25586.0
11:05,107.79,107.81,107.62,107.64,38285.0
11:06,107.84,107.85,107.75,107.78,15759.0
11:07,107.75,107.89,107.72,107.81,35988.0
11:08,107.81,107.84,107.73,107.74,21844.0
11:09,107.84,107.85,107.76,107.81,25892.0
11:10,107.71,107.89,107.69,107.84,35641.0
11:11,107.79,107.8,107.69,107.71,22359.0
11:12,107.73,107.81,107.71,107.79,17756.0
11:13,107.72,107.75,107.59,107.73,28497.0
11:14,107.72,107.78,107.69,107.71,28982.0
11:15,107.71,107.74,107.68,107.73,20046.0
11:16,107.61,107.71,107.59,107.71,18664.0
11:17,107.53,107.62,107.5,107.6,30956.0
11:18,107.51,107.55,107.49,107.53,29159.0
11:19,107.61,107.62,107.48,107.52,16484.0
11:20,107.56,107.61,107.52,107.61,15111.0
11:21,107.63,107.65,107.55,107.55,30278.0
11:22,107.53,107.64,107.48,107.62,30512.0
11:23,107.54,107.58,107.51,107.53,24436.0
11:24,107.53,107.59,107.5,107.55,24683.0
11:25,107.43,107.54,107.43,107.53,16921.0
11:26,107.41,107.44,107.37,107.43,29986.0
11:27,107.3,107.43,107.29,107.4,28435.0
11:28,107.39,107.42,107.27,107.3,38253.0
11:29,107.44,107.49,107.37,107.39,24285.0
11:30,107.44,107.47,107.38,107.44,21785.0
11:31,107.5,107.51,107.45,107.45,29470.0
11:32,107.57,107.6,107.45,107.5,41677.0
11:33,107.58,107.6,107.48,107.57,32267.0
11:34,107.64,107.65,107.58,107.58,27244.0
11:35,107.61,107.66,107.59,107.64,26689.0
11:36,107.62,107.63,107.57,107.62,16961.0
11:37,107.62,107.68,107.62,107.63,2327690.0
11:38,107.61,107.66,107.58,107.62,1.0
11:39,107.67,107.67,107.61,107.62,31156.0
11:40,107.65,107.67,107.61,107.67,14505.0
11:41,107.63,107.68,107.61,107.66,22616.0
11:42,107.58,107.64,107.54,107.63,17359.0
11:43,107.6,107.64,107.57,107.58,21074.0
11:44,107.57,107.6,107.56,107.6,14431.0
11:45,107.57,107.61,107.55,107.57,12500.0
11:46,107.61,107.62,107.56,107.58,19135.0
11:47,107.72,107.73,107.61,107.61,17837.0
11:48,107.72,107.74,107.67,107.72,24815.0
11:49,107.71,107.74,107.63,107.74,23551.0
11:50,107.8,107.81,107.71,107.71,30947.0
11:51,107.89,107.93,107.81,107.82,44229.0
11:52,107.85,107.91,107.81,107.89,21759.0
11:53,107.83,107.87,107.81,107.85,24193.0
11:54,107.91,107.91,107.78,107.82,22125.0
11:55,107.89,107.94,107.87,107.91,26375.0
11:56,107.86,107.91,107.78,107.89,25927.0
11:57,107.86,107.87,107.82,107.86,30958.0
11:58,107.82,107.89,107.79,107.87,54731.0
11:59,107.83,107.86,107.81,107.82,21461.0
12:00,107.74,107.85,107.73,107.83,22158.0
12:01,107.72,107.78,107.69,107.73,20652.0
12:02,107.65,107.72,107.62,107.72,22650.0
12:03,107.67,107.68,107.62,107.65,18844.0
12:04,107.71,107.71,107.64,107.67,17495.0
12:05,107.72,107.75,107.64,107.71,16547.0
12:06,107.74,107.77,107.72,107.74,18233.0
12:07,107.78,107.82,107.73,107.74,27348.0
12:08,107.79,107.84,107.75,107.77,22717.0
12:09,107.83,107.85,107.79,107.8,12846.0
12:10,107.79,107.82,107.78,107.82,15743.0
12:11,107.75,107.83,107.75,107.78,17437.0
12:12,107.76,107.78,107.74,107.75,14802.0
12:13,107.79,107.81,107.75,107.76,29711.0
12:14,107.81,107.85,107.8,107.8,16805.0
12:15,107.86,107.87,107.81,107.81,24163.0
12:16,107.81,107.89,107.8,107.86,22031.0
12:17,107.78,107.81,107.75,107.81,29744.0
12:18,107.82,107.82,107.75,107.79,30310.0
12:19,107.76,107.82,107.76,107.81,2884807.0
12:20,107.79,107.81,107.72,107.76,1.0
12:21,107.77,107.82,107.76,107.8,15979.0
12:22,107.69,107.78,107.67,107.78,17910.0
12:23,107.68,107.73,107.66,107.68,16456.0
12:24,107.62,107.7,107.61,107.68,16189.0
12:25,107.57,107.65,107.54,107.62,35016.0
12:26,107.56,107.59,107.49,107.59,51235.0
12:27,107.52,107.56,107.49,107.56,36707.0
12:28,107.53,107.53,107.47,107.52,40098.0
12:29,107.53,107.53,107.46,107.53,48851.0
12:30,107.57,107.6,107.49,107.53,24490.0
12:31,107.57,107.6,107.54,107.57,24792.0
12:32,107.62,107.65,107.57,107.58,32376.0
12:33,107.67,107.69,107.62,107.62,23243.0
12:34,107.68,107.73,107.64,107.67,28879.0
12:35,107.73,107.75,107.63,107.68,30071.0
12:36,107.65,107.74,107.61,107.72,28876.0
12:37,107.58,107.68,107.57,107.66,30630.0
12:38,107.54,107.61,107.53,107.58,29756.0
12:39,107.49,107.56,107.48,107.54,26021.0
12:40,107.5,107.51,107.4,107.49,49794.0
12:41,107.54,107.56,107.5,107.5,34120.0
12:42,107.64,107.65,107.51,107.54,33163.0
12:43,107.56,107.65,107.46,107.64,39523.0
12:44,107.54,107.57,107.51,107.56,25268.0
12:45,107.58,107.59,107.5,107.54,43410.0
12:46,107.64,107.65,107.57,107.58,31407.0
12:47,107.56,107.65,107.54,107.64,41134.0
12:48,107.57,107.63,107.54,107.56,34248.0
12:49,107.57,107.59,107.54,107.57,44291.0
12:50,107.43,107.59,107.42,107.57,55031.0
12:51,107.42,107.47,107.41,107.42,43520.0
12:52,107.49,107.5,107.4,107.41,75137.0
12:53,107.36,107.5,107.34,107.49,121088.0
12:54,107.4,107.42,107.35,107.36,98821.0
12:55,107.21,107.46,107.2,107.4,83338.0
12:56,107.14,107.21,107.08,107.21,135977.0
12:57,107.28,107.28,107.13,107.13,123620.0
12:58,107.35,107.38,107.28,107.28,216076.0
12:59,107.54,107.58,107.35,107.35,490110.0
13:00,107.54,107.58,107.35,107.35,490110.0
13:01,107.54,107.58,107.35,107.35,490110.0
13:02,107.54,107.58,107.35,107.35,490110.0
13:03,107.54,107.58,107.35,107.35,490110.0
13:04,107.54,107.58,107.35,107.35,490110.0
13:05,107.54,107.58,107.35,107.35,490110.0
13:06,107.54,107.58,107.35,107.35,490110.0
13:07,107.54,107.58,107.35,107.35,490110.0
13:08,107.54,107.58,107.35,107.35,490110.0
13:09,107.54,107.58,107.35,107.35,490110.0
13:10,107.54,107.58,107.35,107.35,490110.0
13:11,107.54,107.58,107.35,107.35,490110.0
13:12,107.54,107.58,107.35,107.35,490110.0
13:13,107.54,107.58,107.35,107.35,490110.0
13:14,107.54,107.58,107.35,107.35,490110.0
13:15,107.54,107.58,107.35,107.35,490110.0
13:16,107.54,107.58,107.35,107.35,490110.0
13:17,107.54,107.58,107.35,107.35,490110.0
13:18,107.54,107.58,107.35,107.35,490110.0
13:19,107.54,107.58,107.35,107.35,490110.0
13:20,107.54,107.58,107.35,107.35,490110.0
13:21,107.54,107.58,107.35,107.35,490110.0
13:22,107.54,107.58,107.35,107.35,490110.0
13:23,107.54,107.58,107.35,107.35,490110.0
13:24,107.54,107.58,107.35,107.35,490110.0
13:25,107.54,107.58,107.35,107.35,490110.0
13:26,107.54,107.58,107.35,107.35,490110.0
13:27,107.54,107.58,107.35,107.35,490110.0
13:28,107.54,107.58,107.35,107.35,490110.0
13:29,107.54,107.58,107.35,107.35,490110.0
13:30,107.54,107.58,107.35,107.35,490110.0
13:31,107.54,107.58,107.35,107.35,490110.0
13:32,107.54,107.58,107.35,107.35,490110.0
13:33,107.54,107.58,107.35,107.35,490110.0
13:34,107.54,107.58,107.35,107.35,490110.0
13:35,107.54,107.58,107.35,107.35,490110.0
13:36,107.54,107.58,107.35,107.35,490110.0
13:37,107.54,107.58,107.35,107.35,490110.0
13:38,107.54,107.58,107.35,107.35,490110.0
13:39,107.54,107.58,107.35,107.35,490110.0
13:40,107.54,107.58,107.35,107.35,490110.0
13:41,107.54,107.58,107.35,107.35,490110.0
13:42,107.54,107.58,107.35,107.35,490110.0
13:43,107.54,107.58,107.35,107.35,490110.0
13:44,107.54,107.58,107.35,107.35,490110.0
13:45,107.54,107.58,107.35,107.35,490110.0
13:46,107.54,107.58,107.35,107.35,490110.0
13:47,107.54,107.58,107.35,107.35,490110.0
13:48,107.54,107.58,107.35,107.35,490110.0
13:49,107.54,107.58,107.35,107.35,490110.0
13:50,107.54,107.58,107.35,107.35,490110.0
13:51,107.54,107.58,107.35,107.35,490110.0
13:52,107.54,107.58,107.35,107.35,490110.0
13:53,107.54,107.58,107.35,107.35,490110.0
13:54,107.54,107.58,107.35,107.35,490110.0
13:55,107.54,107.58,107.35,107.35,490110.0
13:56,107.54,107.58,107.35,107.35,490110.0
13:57,107.54,107.58,107.35,107.35,490110.0
13:58,107.54,107.58,107.35,107.35,490110.0
13:59,107.54,107.58,107.35,107.35,490110.0
14:00,107.54,107.58,107.35,107.35,490110.0
14:01,107.54,107.58,107.35,107.35,490110.0
14:02,107.54,107.58,107.35,107.35,490110.0
14:03,107.54,107.58,107.35,107.35,490110.0
14:04,107.54,107.58,107.35,107.35,490110.0
14:05,107.54,107.58,107.35,107.35,490110.0
14:06,107.54,107.58,107.35,107.35,490110.0
14:07,107.54,107.58,107.35,107.35,490110.0
14:08,107.54,107.58,107.35,107.35,490110.0
14:09,107.54,107.58,107.35,107.35,490110.0
14:10,107.54,107.58,107.35,107.35,490110.0
14:11,107.54,107.58,107.35,107.35,490110.0
14:12,107.54,107.58,107.35,107.35,490110.0
14:13,107.54,107.58,107.35,107.35,490110.0
14:14,107.54,107.58,107.35,107.35,490110.0
14:15,107.54,107.58,107.35,107.35,490110.0
14:16,107.54,107.58,107.35,107.35,490110.0
14:17,107.54,107.58,107.35,107.35,490110.0
14:18,107.54,107.58,107.35,107.35,490110.0
14:19,107.54,107.58,107.35,107.35,490110.0
14:20,107.54,107.58,107.35,107.35,490110.0
14:21,107.54,107.58,107.35,107.35,490110.0
14:22,107.54,107.58,107.35,107.35,490110.0
14:23,107.54,107.58,107.35,107.35,490110.0
14:24,107.54,107.58,107.35,107.35,490110.0
14:25,107.54,107.58,107.35,107.35,490110.0
14:26,107.54,107.58,107.35,107.35,490110.0
14:27,107.54,107.58,107.35,107.35,490110.0
14:28,107.54,107.58,107.35,107.35,490110.0
14:29,107.54,107.58,107.35,107.35,490110.0
14:30,107.54,107.58,107.35,107.35,490110.0
14:31,107.54,107.58,107.35,107.35,490110.0
14:32,107.54,107.58,107.35,107.35,490110.0
14:33,107.54,107.58,107.35,107.35,490110.0
14:34,107.54,107.58,107.35,107.35,490110.0
14:35,107.54,107.58,107.35,107.35,490110.0
14:36,107.54,107.58,107.35,107.35,490110.0
14:37,107.54,107.58,107.35,107.35,490110.0
14:38,107.54,107.58,107.35,107.35,490110.0
14:39,107.54,107.58,107.35,107.35,490110.0
14:40,107.54,107.58,107.35,107.35,490110.0
14:41,107.54,107.58,107.35,107.35,490110.0
14:42,107.54,107.58,107.35,107.35,490110.0
14:43,107.54,107.58,107.35,107.35,490110.0
14:44,107.54,107.58,107.35,107.35,490110.0
14:45,107.54,107.58,107.35,107.35,490110.0
14:46,107.54,107.58,107.35,107.35,490110.0
14:47,107.54,107.58,107.35,107.35,490110.0
14:48,107.54,107.58,107.35,107.35,490110.0
14:49,107.54,107.58,107.35,107.35,490110.0
14:50,107.54,107.58,107.35,107.35,490110.0
14:51,107.54,107.58,107.35,107.35,490110.0
14:52,107.54,107.58,107.35,107.35,490110.0
14:53,107.54,107.58,107.35,107.35,490110.0
14:54,107.54,107.58,107.35,107.35,490110.0
14:55,107.54,107.58,107.35,107.35,490110.0
14:56,107.54,107.58,107.35,107.35,490110.0
14:57,107.54,107.58,107.35,107.35,490110.0
14:58,107.54,107.58,107.35,107.35,490110.0
14:59,107.54,107.58,107.35,107.35,490110.0
15:00,107.54,107.58,107.35,107.35,490110.0
15:01,107.54,107.58,107.35,107.35,490110.0
15:02,107.54,107.58,107.35,107.35,490110.0
15:03,107.54,107.58,107.35,107.35,490110.0
15:04,107.54,107.58,107.35,107.35,490110.0
15:05,107.54,107.58,107.35,107.35,490110.0
15:06,107.54,107.58,107.35,107.35,490110.0
15:07,107.54,107.58,107.35,107.35,490110.0
15:08,107.54,107.58,107.35,107.35,490110.0
15:09,107.54,107.58,107.35,107.35,490110.0
15:10,107.54,107.58,107.35,107.35,490110.0
15:11,107.54,107.58,107.35,107.35,490110.0
15:12,107.54,107.58,107.35,107.35,490110.0
15:13,107.54,107.58,107.35,107.35,490110.0
15:14,107.54,107.58,107.35,107.35,490110.0
15:15,107.54,107.58,107.35,107.35,490110.0
15:16,107.54,107.58,107.35,107.35,490110.0
15:17,107.54,107.58,107.35,107.35,490110.0
15:18,107.54,107.58,107.35,107.35,490110.0
15:19,107.54,107.58,107.35,107.35,490110.0
15:20,107.54,107.58,107.35,107.35,490110.0
15:21,107.54,107.58,107.35,107.35,490110.0
15:22,107.54,107.58,107.35,107.35,490110.0
15:23,107.54,107.58,107.35,107.35,490110.0
15:24,107.54,107.58,107.35,107.35,490110.0
15:25,107.54,107.58,107.35,107.35,490110.0
15:26,107.54,107.58,107.35,107.35,490110.0
15:27,107.54,107.58,107.35,107.35,490110.0
15:28,107.54,107.58,107.35,107.35,490110.0
15:29,107.54,107.58,107.35,107.35,490110.0
15:30,107.54,107.58,107.35,107.35,490110.0
15:31,107.54,107.58,107.35,107.35,490110.0
15:32,107.54,107.58,107.35,107.35,490110.0
15:33,107.54,107.58,107.35,107.35,490110.0
15:34,107.54,107.58,107.35,107.35,490110.0
15:35,107.54,107.58,107.35,107.35,490110.0
15:36,107.54,107.58,107.35,107.35,490110.0
15:37,107.54,107.58,107.35,107.35,490110.0
15:38,107.54,107.58,107.35,107.35,490110.0
15:39,107.54,107.58,107.35,107.35,490110.0
15:40,107.54,107.58,107.35,107.35,490110.0
15:41,107.54,107.58,107.35,107.35,490110.0
15:42,107.54,107.58,107.35,107.35,490110.0
15:43,107.54,107.58,107.35,107.35,490110.0
15:44,107.54,107.58,107.35,107.35,490110.0
15:45,107.54,107.58,107.35,107.35,490110.0
15:46,107.54,107.58,107.35,107.35,490110.0
15:47,107.54,107.58,107.35,107.35,490110.0
15:48,107.54,107.58,107.35,107.35,490110.0
15:49,107.54,107.58,107.35,107.35,490110.0
15:50,107.54,107.58,107.35,107.35,490110.0
15:51,107.54,107.58,107.35,107.35,490110.0
15:52,107.54,107.58,107.35,107.35,490110.0
15:53,107.54,107.58,107.35,107.35,490110.0
15:54,107.54,107.58,107.35,107.35,490110.0
15:55,107.54,107.58,107.35,107.35,490110.0
15:56,107.54,107.58,107.35,107.35,490110.0
15:57,107.54,107.58,107.35,107.35,490110.0
15:58,107.54,107.58,107.35,107.35,490110.0
15:59,107.54,107.58,107.35,107.35,490110.0
