Time,Close,High,Low,Open,Volume
09:30,114.76,114.76,114.03,114.67,82919.0
09:31,114.96,114.96,114.61,114.77,9027.0
09:32,114.68,115.0,114.61,114.82,21859.0
09:33,114.64,114.75,114.56,114.66,9110.0
09:34,114.52,114.66,114.46,114.61,6708.0
09:35,114.54,114.72,114.43,114.59,7000.0
09:36,114.33,114.55,114.32,114.55,11368.0
09:37,114.23,114.36,114.16,114.3,6908.0
09:38,113.96,114.23,113.93,114.17,6436.0
09:39,114.0,114.02,113.92,113.96,8039.0
09:40,113.86,114.06,113.8,114.05,8395.0
09:41,113.89,113.93,113.83,113.86,5836.0
09:42,113.78,113.82,113.74,113.82,4309.0
09:43,113.5,113.69,113.5,113.66,12416.0
09:44,113.46,113.58,113.38,113.56,10853.0
09:45,113.97,113.97,113.43,113.43,11921.0
09:46,113.88,113.88,113.74,113.87,9604.0
09:47,113.78,113.89,113.69,113.82,8154.0
09:48,114.0,114.0,113.74,113.81,4111.0
09:49,113.69,113.85,113.66,113.85,4743.0
09:50,113.84,113.84,113.44,113.61,18704.0
09:51,113.69,113.81,113.68,113.81,3404.0
09:52,114.02,114.02,113.73,113.79,5096.0
09:53,114.12,114.12,113.96,114.0,2561.0
09:54,114.01,114.08,113.96,114.08,3470.0
09:55,113.99,114.02,113.96,114.0,5380.0
09:56,113.92,114.12,113.92,114.0,14754.0
09:57,113.89,113.91,113.82,113.91,4636.0
09:58,113.77,114.0,113.77,113.84,4616.0
09:59,113.84,113.86,113.8,113.82,3342.0
10:00,113.78,114.0,113.77,113.84,10045.0
10:01,113.78,113.8,113.69,113.74,4224.0
10:02,113.72,113.87,113.72,113.83,4019.0
10:03,113.58,113.65,113.51,113.64,6391.0
10:04,113.68,113.68,113.57,113.62,6268.0
10:05,113.9,113.9,113.65,113.71,6458.0
10:06,113.94,113.97,113.85,113.92,5814.0
10:07,113.98,114.03,113.93,113.97,8678.0
10:08,113.98,113.98,113.89,113.97,6069.0
10:09,113.95,113.98,113.89,113.98,3412.0
10:10,113.95,114.03,113.91,114.03,11007.0
10:11,113.68,113.98,113.65,113.98,7456.0
10:12,113.64,113.65,113.53,113.54,5135.0
10:13,113.8,113.8,113.64,113.64,8707.0
10:14,113.96,113.97,113.81,113.85,7116.0
10:15,114.0,114.02,113.94,113.96,17125.0
10:16,113.9,113.99,113.88,113.99,4626.0
10:17,113.69,113.93,113.61,113.91,7073.0
10:18,113.62,113.68,113.54,113.62,11756.0
10:19,113.67,113.72,113.67,113.67,2501.0
10:20,113.74,113.76,113.62,113.63,12096.0
10:21,113.82,113.85,113.72,113.72,6620.0
10:22,113.8,113.88,113.79,113.85,6502.0
10:23,113.8,113.83,113.75,113.82,12006.0
10:24,113.69,113.77,113.67,113.71,5347.0
10:25,113.68,113.74,113.66,113.72,8479.0
10:26,113.72,113.72,113.64,113.66,5446.0
10:27,113.72,113.74,113.63,113.74,3808.0
10:28,113.79,113.87,113.71,113.73,6959.0
10:29,113.72,113.8,113.72,113.8,3669.0
10:30,113.65,113.66,113.6,113.66,3443.0
10:31,113.74,113.8,113.71,113.74,4891.0
10:32,113.78,113.85,113.72,113.75,11694.0
10:33,113.7,113.79,113.66,113.79,5376.0
10:34,113.77,113.77,113.68,113.68,4507.0
10:35,113.75,113.79,113.72,113.77,3690.0
10:36,113.74,113.82,113.72,113.79,3684.0
10:37,113.6,113.75,113.53,113.75,7558.0
10:38,113.54,113.61,113.54,113.6,5218.0
10:39,113.63,113.67,113.55,113.55,10123.0
10:40,113.67,113.67,113.61,113.66,3705.0
10:41,113.58,113.67,113.57,113.66,7131.0
10:42,113.61,113.61,113.55,113.6,6443.0
10:43,113.62,113.68,113.59,113.59,4809.0
10:44,113.54,113.68,113.53,113.61,8222.0
10:45,113.49,113.55,113.49,113.55,5179.0
10:46,113.47,113.5,113.41,113.5,4697.0
10:47,113.61,113.62,113.45,113.49,10245.0
10:48,113.61,113.61,113.51,113.59,18146.0
10:49,113.71,113.71,113.64,113.64,2677.0
10:50,113.64,113.69,113.62,113.67,3739.0
10:51,113.6,113.71,113.57,113.64,10062.0
10:52,113.74,113.74,113.62,113.62,4511.0
10:53,113.82,113.84,113.75,113.75,5339.0
10:54,113.82,113.83,113.75,113.8,9889.0
10:55,113.74,113.81,113.69,113.81,6967.0
10:56,113.91,113.95,113.73,113.73,13051.0
10:57,113.85,113.9,113.84,113.9,4865.0
10:58,113.78,113.87,113.75,113.87,7810.0
10:59,113.77,113.77,113.67,113.72,4517.0
11:00,113.76,113.8,113.76,113.76,4353.0
11:01,113.89,113.9,113.71,113.75,4398.0
11:02,113.91,113.91,113.86,113.86,3746.0
11:03,113.87,113.92,113.84,113.92,4610.0
11:04,113.89,113.95,113.84,113.84,5774.0
11:05,113.93,113.95,113.91,113.91,4013.0
11:06,113.86,113.95,113.86,113.94,6971.0
11:07,113.83,113.91,113.83,113.89,4984.0
11:08,113.9,113.91,113.79,113.82,5786.0
11:09,113.88,113.95,113.86,113.94,4345.0
11:10,113.78,113.85,113.77,113.85,5783.0
11:11,113.79,113.82,113.76,113.78,3506.0
11:12,113.85,113.85,113.79,113.79,6716.0
11:13,113.88,113.88,113.81,113.83,6469.0
11:14,113.79,113.88,113.79,113.88,2668.0
11:15,113.84,113.86,113.77,113.81,5990.0
11:16,113.92,113.92,113.84,113.87,3611.0
11:17,113.95,113.95,113.88,113.92,4202.0
11:18,114.0,114.04,113.93,113.96,24027.0
11:19,114.07,114.11,114.0,114.0,4499.0
11:20,114.12,114.12,114.05,114.07,4327.0
11:21,114.23,114.23,114.12,114.12,4994.0
11:22,114.2,114.26,114.18,114.26,3542.0
11:23,114.22,114.24,114.2,114.23,6166.0
11:24,114.13,114.22,114.13,114.22,4869.0
11:25,114.13,114.17,114.11,114.17,7042.0
11:26,114.17,114.17,114.05,114.14,7642.0
11:27,114.29,114.29,114.14,114.15,5812.0
11:28,114.3,114.32,114.26,114.28,6970.0
11:29,114.29,114.3,114.26,114.29,2667.0
11:30,114.29,114.33,114.24,114.27,5740.0
11:31,114.29,114.33,114.27,114.29,3467.0
11:32,114.18,114.27,114.18,114.27,8163.0
11:33,114.18,114.18,114.12,114.15,3648.0
11:34,114.18,114.25,114.17,114.17,3227.0
11:35,114.1,114.13,114.04,114.13,5239.0
11:36,114.12,114.17,114.08,114.08,2843.0
11:37,114.14,114.19,114.11,114.12,9714.0
11:38,114.1,114.15,114.07,114.14,3488.0
11:39,114.13,114.13,114.06,114.06,4978.0
11:40,114.08,114.16,114.06,114.16,3501.0
11:41,114.16,114.19,114.06,114.08,4111.0
11:42,114.17,114.17,114.1,114.12,3826.0
11:43,114.14,114.17,114.13,114.13,1571.0
11:44,114.22,114.23,114.13,114.16,4529.0
11:45,114.24,114.24,114.2,114.22,3600.0
11:46,114.19,114.26,114.19,114.24,3505.0
11:47,114.25,114.26,114.22,114.22,6300.0
11:48,114.29,114.31,114.26,114.31,3281.0
11:49,114.24,114.28,114.24,114.28,2557.0
11:50,114.28,114.28,114.23,114.23,3462.0
11:51,114.15,114.26,114.1,114.26,4640.0
11:52,114.1,114.12,114.07,114.09,6115.0
11:53,114.18,114.19,114.1,114.1,4106.0
11:54,114.08,114.16,114.08,114.16,3839.0
11:55,113.98,114.09,113.98,114.06,12642.0
11:56,113.9,113.98,113.89,113.96,4420.0
11:57,113.93,113.95,113.88,113.9,6398.0
11:58,114.06,114.07,113.89,113.92,10249.0
11:59,114.07,114.1,114.02,114.07,26463.0
12:00,114.11,114.16,114.08,114.08,9802.0
12:01,114.03,114.11,114.01,114.1,9491.0
12:02,113.98,114.05,113.95,114.05,6437.0
12:03,113.9,113.96,113.86,113.96,11325.0
12:04,113.92,113.93,113.88,113.88,2749.0
12:05,113.9,113.92,113.86,113.9,5617.0
12:06,113.82,113.88,113.82,113.88,5883.0
12:07,113.86,113.87,113.79,113.87,3615.0
12:08,113.85,113.87,113.82,113.86,6858.0
12:09,113.8,113.83,113.79,113.83,3922.0
12:10,113.81,113.84,113.79,113.79,5094.0
12:11,113.83,113.83,113.78,113.8,2777.0
12:12,113.72,113.84,113.7,113.81,4393.0
12:13,113.69,113.73,113.66,113.71,3560.0
12:14,113.7,113.72,113.69,113.71,3390.0
12:15,113.7,113.7,113.66,113.66,2987.0
12:16,113.82,113.83,113.72,113.72,4822.0
12:17,113.89,113.89,113.8,113.82,6028.0
12:18,113.93,113.97,113.92,113.92,7292.0
12:19,113.99,114.01,113.96,113.96,3247.0
12:20,113.97,113.99,113.97,113.98,4675.0
12:21,113.98,113.98,113.94,113.97,2914.0
12:22,114.02,114.03,113.96,113.96,3144.0
12:23,114.03,114.03,114.0,114.01,5263.0
12:24,113.96,114.07,113.96,114.07,4836.0
12:25,113.91,113.96,113.84,113.96,6641.0
12:26,113.93,113.93,113.89,113.92,2939.0
12:27,114.0,114.03,113.9,113.9,5290.0
12:28,114.03,114.03,114.0,114.01,4108.0
12:29,114.08,114.08,114.05,114.05,1127.0
12:30,114.06,114.07,114.04,114.06,4237.0
12:31,114.08,114.1,114.03,114.05,3704.0
12:32,114.04,114.1,114.04,114.08,3325.0
12:33,114.03,114.07,114.0,114.03,4316.0
12:34,113.93,114.01,113.91,114.01,3541.0
12:35,113.99,113.99,113.93,113.94,4153.0
12:36,114.0,114.01,113.98,114.0,3257.0
12:37,114.05,114.05,114.0,114.01,4144.0
12:38,114.1,114.1,114.04,114.04,8896.0
12:39,114.04,114.05,114.02,114.03,4169.0
12:40,114.08,114.1,114.02,114.04,3163.0
12:41,114.04,114.09,114.04,114.07,2638.0
12:42,114.08,114.08,114.03,114.03,3276.0
12:43,114.06,114.09,114.06,114.08,2334.0
12:44,114.1,114.1,114.06,114.09,4842.0
12:45,114.19,114.19,114.07,114.1,7297.0
12:46,114.16,114.19,114.14,114.19,3364.0
12:47,114.11,114.17,114.11,114.15,6086.0
12:48,114.09,114.14,114.06,114.06,4859.0
12:49,114.1,114.1,114.07,114.07,1780.0
12:50,114.16,114.17,114.11,114.12,3975.0
12:51,114.14,114.17,114.13,114.15,3221.0
12:52,114.14,114.15,114.09,114.11,5190.0
12:53,114.11,114.17,114.11,114.12,6850.0
12:54,114.13,114.14,114.11,114.13,3531.0
12:55,114.1,114.1,114.05,114.1,6512.0
12:56,114.03,114.08,114.03,114.08,3214.0
12:57,114.05,114.06,114.02,114.05,2833.0
12:58,114.04,114.04,114.01,114.02,1921.0
12:59,114.02,114.06,114.0,114.03,3178.0
13:00,114.04,114.06,114.0,114.0,2794.0
13:01,114.06,114.06,114.02,114.03,2309.0
13:02,114.08,114.1,114.06,114.07,5272.0
13:03,114.09,114.1,114.08,114.09,3819.0
13:04,114.07,114.1,114.06,114.09,4463.0
13:05,114.06,114.1,114.06,114.08,4307.0
13:06,114.05,114.07,114.04,114.05,3425.0
13:07,114.13,114.13,114.05,114.07,10028.0
13:08,114.12,114.13,114.08,114.11,4709.0
13:09,114.15,114.15,114.11,114.12,5953.0
13:10,114.15,114.16,114.15,114.15,2420.0
13:11,114.18,114.18,114.14,114.14,2832.0
13:12,114.2,114.2,114.18,114.19,2865.0
13:13,114.2,114.2,114.17,114.19,2106.0
13:14,114.11,114.22,114.11,114.15,7199.0
13:15,114.15,114.18,114.1,114.11,4171.0
13:16,114.13,114.16,114.1,114.15,3301.0
13:17,114.1,114.11,114.07,114.11,4465.0
13:18,114.11,114.13,114.1,114.12,3990.0
13:19,114.09,114.11,114.08,114.08,4862.0
13:20,114.05,114.1,114.04,114.09,6521.0
13:21,114.02,114.06,114.0,114.04,3556.0
13:22,113.92,114.04,113.92,114.04,4937.0
13:23,113.95,113.96,113.9,113.9,3194.0
13:24,114.0,114.01,113.94,113.96,9196.0
13:25,114.06,114.06,114.0,114.0,2510.0
13:26,114.08,114.08,114.06,114.06,2414.0
13:27,114.09,114.09,114.03,114.06,2692.0
13:28,114.06,114.1,114.06,114.09,2039.0
13:29,114.07,114.09,114.07,114.08,3302.0
13:30,113.96,114.06,113.96,114.06,4866.0
13:31,114.06,114.06,113.97,113.97,3035.0
13:32,114.1,114.1,114.03,114.03,3025.0
13:33,114.11,114.11,114.09,114.1,3909.0
13:34,114.06,114.13,114.06,114.12,5741.0
13:35,114.04,114.09,114.04,114.06,3551.0
13:36,114.1,114.1,114.04,114.04,3296.0
13:37,114.09,114.11,114.07,114.1,3558.0
13:38,114.11,114.14,114.08,114.08,4779.0
13:39,114.18,114.21,114.11,114.11,5159.0
13:40,114.15,114.16,114.15,114.15,3838.0
13:41,114.12,114.15,114.09,114.15,5524.0
13:42,114.12,114.12,114.07,114.11,3354.0
13:43,114.18,114.18,114.13,114.13,4356.0
13:44,114.29,114.29,114.17,114.18,6389.0
13:45,114.29,114.32,114.26,114.28,4935.0
13:46,114.32,114.33,114.28,114.32,8040.0
13:47,114.38,114.39,114.31,114.33,7041.0
13:48,114.42,114.42,114.38,114.38,3192.0
13:49,114.32,114.43,114.32,114.43,8829.0
13:50,114.38,114.39,114.33,114.33,5776.0
13:51,114.38,114.39,114.37,114.39,3844.0
13:52,114.3,114.37,114.25,114.37,5337.0
13:53,114.37,114.37,114.28,114.28,6608.0
13:54,114.47,114.48,114.38,114.38,5457.0
13:55,114.46,114.51,114.42,114.49,7809.0
13:56,114.45,114.48,114.44,114.48,4683.0
13:57,114.39,114.45,114.36,114.44,6792.0
13:58,114.54,114.54,114.37,114.38,5201.0
13:59,114.48,114.56,114.48,114.55,4423.0
14:00,114.49,114.52,114.46,114.48,2239.0
14:01,114.36,114.52,114.34,114.52,6147.0
14:02,114.43,114.46,114.38,114.38,5049.0
14:03,114.41,114.48,114.4,114.43,6667.0
14:04,114.34,114.4,114.33,114.4,3641.0
14:05,114.35,114.37,114.29,114.36,5349.0
14:06,114.44,114.46,114.33,114.33,5265.0
14:07,114.4,114.44,114.4,114.43,3962.0
14:08,114.41,114.43,114.37,114.43,5059.0
14:09,114.38,114.41,114.37,114.39,2850.0
14:10,114.36,114.37,114.34,114.36,5567.0
14:11,114.35,114.39,114.33,114.33,3898.0
14:12,114.41,114.42,114.34,114.36,6234.0
14:13,114.36,114.39,114.36,114.39,2722.0
14:14,114.32,114.36,114.32,114.36,4744.0
14:15,114.35,114.36,114.33,114.33,5279.0
14:16,114.32,114.35,114.31,114.35,3565.0
14:17,114.24,114.31,114.23,114.3,4897.0
14:18,114.24,114.25,114.19,114.24,5436.0
14:19,114.24,114.28,114.24,114.24,11684.0
14:20,114.19,114.25,114.19,114.24,7355.0
14:21,114.28,114.29,114.19,114.2,5396.0
14:22,114.27,114.28,114.22,114.28,4606.0
14:23,114.27,114.3,114.27,114.28,3644.0
14:24,114.23,114.29,114.23,114.29,4008.0
14:25,114.29,114.29,114.23,114.23,6187.0
14:26,114.24,114.33,114.22,114.32,8017.0
14:27,114.2,114.24,114.18,114.24,7240.0
14:28,114.25,114.25,114.18,114.21,4027.0
14:29,114.27,114.27,114.23,114.24,6094.0
14:30,114.3,114.32,114.27,114.28,10835.0
14:31,114.28,114.32,114.25,114.29,6451.0
14:32,114.42,114.44,114.31,114.31,7812.0
14:33,114.42,114.43,114.36,114.4,6241.0
14:34,114.38,114.43,114.35,114.41,5774.0
14:35,114.36,114.39,114.35,114.39,3638.0
14:36,114.35,114.37,114.33,114.36,4747.0
14:37,114.39,114.39,114.34,114.35,8509.0
14:38,114.47,114.47,114.36,114.38,9256.0
14:39,114.52,114.57,114.48,114.48,6389.0
14:40,114.65,114.65,114.53,114.53,9033.0
14:41,114.65,114.66,114.6,114.66,4807.0
14:42,114.57,114.65,114.57,114.64,4235.0
14:43,114.56,114.57,114.52,114.57,9440.0
14:44,114.54,114.56,114.52,114.54,5012.0
14:45,114.57,114.58,114.53,114.53,4249.0
14:46,114.57,114.57,114.54,114.54,4679.0
14:47,114.54,114.61,114.52,114.58,11994.0
14:48,114.56,114.58,114.48,114.52,7434.0
14:49,114.47,114.53,114.47,114.53,3366.0
14:50,114.57,114.59,114.48,114.48,5196.0
14:51,114.5,114.59,114.49,114.59,5295.0
14:52,114.4,114.51,114.35,114.48,6978.0
14:53,114.37,114.37,114.28,114.33,5669.0
14:54,114.44,114.44,114.36,114.39,5119.0
14:55,114.4,114.44,114.4,114.44,6713.0
14:56,114.53,114.55,114.39,114.39,13517.0
14:57,114.64,114.65,114.52,114.53,20245.0
14:58,114.61,114.68,114.57,114.64,74283.0
14:59,114.67,114.7,114.59,114.6,23268.0
15:00,114.53,114.67,114.49,114.67,53520.0
15:01,114.63,114.63,114.48,114.51,16420.0
15:02,114.81,114.81,114.61,114.61,7910.0
15:03,114.82,114.89,114.82,114.82,6432.0
15:04,114.76,114.8,114.73,114.8,6447.0
15:05,114.83,114.83,114.75,114.78,7011.0
15:06,114.94,114.96,114.81,114.83,19494.0
15:07,114.94,115.0,114.9,114.9,7249.0
15:08,114.85,114.9,114.81,114.88,9432.0
15:09,114.91,114.92,114.89,114.89,6938.0
15:10,114.91,114.93,114.89,114.9,6402.0
15:11,114.99,114.99,114.9,114.92,5257.0
15:12,115.05,115.05,114.97,115.0,13518.0
15:13,114.98,115.04,114.94,115.04,10600.0
15:14,114.91,115.0,114.9,114.99,18229.0
15:15,114.93,114.97,114.9,114.92,7406.0
15:16,114.88,114.93,114.81,114.93,10039.0
15:17,114.84,114.91,114.84,114.87,15759.0
15:18,114.86,114.95,114.84,114.84,8040.0
15:19,114.8,114.86,114.77,114.85,6405.0
15:20,114.74,114.82,114.71,114.8,11143.0
15:21,114.75,114.8,114.69,114.74,11426.0
15:22,114.68,114.75,114.68,114.75,4002.0
15:23,114.68,114.74,114.68,114.68,6760.0
15:24,114.73,114.73,114.63,114.68,10667.0
15:25,114.71,114.74,114.71,114.72,9592.0
15:26,114.57,114.71,114.57,114.71,6177.0
15:27,114.59,114.59,114.48,114.56,16644.0
15:28,114.55,114.6,114.53,114.6,7154.0
15:29,114.43,114.54,114.43,114.54,14886.0
15:30,114.38,114.43,114.35,114.43,9978.0
15:31,114.47,114.48,114.37,114.38,10669.0
15:32,114.56,114.61,114.44,114.45,33453.0
15:33,114.59,114.6,114.55,114.55,8327.0
15:34,114.65,114.68,114.59,114.59,10437.0
15:35,114.65,114.68,114.61,114.67,8877.0
15:36,114.67,114.67,114.59,114.63,10987.0
15:37,114.74,114.74,114.65,114.65,8603.0
15:38,114.74,114.78,114.72,114.72,8708.0
15:39,114.75,114.77,114.72,114.73,11046.0
15:40,114.69,114.78,114.67,114.77,1139325.0
15:41,114.83,114.83,114.68,114.68,1.0
15:42,114.77,114.84,114.73,114.81,14956.0
15:43,114.82,114.82,114.75,114.75,11561.0
15:44,114.71,114.86,114.7,114.83,18496.0
15:45,114.72,114.78,114.7,114.73,12535.0
15:46,114.68,114.75,114.62,114.74,10723.0
15:47,114.54,114.66,114.49,114.66,22250.0
15:48,114.48,114.6,114.48,114.5,16256.0
15:49,114.53,114.53,114.43,114.44,20123.0
15:50,114.57,114.58,114.51,114.53,29172.0
15:51,114.56,114.59,114.46,114.57,34703.0
15:52,114.58,114.58,114.43,114.57,26753.0
15:53,114.63,114.64,114.53,114.58,31667.0
15:54,114.44,114.63,114.43,114.63,39405.0
15:55,114.49,114.6,114.45,114.45,48051.0
15:56,114.44,114.5,114.4,114.5,54745.0
15:57,114.36,114.44,114.29,114.44,74730.0
15:58,114.38,114.39,114.33,114.36,62083.0
15:59,114.41,114.44,114.35,114.38,155465.0
