Time,Close,High,Low,Open,Volume
09:30,114.47,114.8,114.46,114.46,71644.0
09:31,115.18,115.18,114.7,114.7,13287.0
09:32,115.12,115.3,115.07,115.21,23062.0
09:33,115.04,115.35,115.04,115.12,1.0
09:34,115.06,115.14,115.0,115.14,3977.0
09:35,115.19,115.3,115.08,115.3,3155.0
09:36,115.23,115.33,115.16,115.19,6830.0
09:37,115.14,115.34,115.14,115.26,10379.0
09:38,115.22,115.3,115.16,115.23,2866.0
09:39,115.13,115.3,115.11,115.3,4675.0
09:40,115.09,115.09,114.96,115.06,4685.0
09:41,114.93,115.08,114.86,115.07,5901.0
09:42,114.74,114.92,114.69,114.92,10273.0
09:43,114.81,114.85,114.74,114.83,5497.0
09:44,114.74,114.84,114.74,114.8,3880.0
09:45,115.02,115.1,114.67,114.72,21652.0
09:46,115.03,115.13,115.0,115.02,4382.0
09:47,114.94,115.05,114.87,115.05,8323.0
09:48,114.92,114.97,114.79,114.92,11781.0
09:49,115.07,115.1,114.92,114.94,15150.0
09:50,115.26,115.37,115.07,115.14,11756.0
09:51,115.29,115.39,115.26,115.3,7075.0
09:52,115.45,115.51,115.29,115.39,21148.0
09:53,115.53,115.6,115.4,115.5,14453.0
09:54,115.6,115.68,115.49,115.53,14851.0
09:55,115.66,115.78,115.63,115.65,7446.0
09:56,115.67,115.73,115.54,115.73,8563.0
09:57,115.77,115.81,115.62,115.64,14847.0
09:58,115.71,115.84,115.61,115.79,17053.0
09:59,115.85,115.91,115.75,115.76,11033.0
10:00,115.7,115.86,115.67,115.85,13522.0
10:01,115.55,115.82,115.55,115.75,11560.0
10:02,115.29,115.59,115.19,115.59,13031.0
10:03,115.08,115.25,115.06,115.25,18479.0
10:04,115.01,115.19,115.01,115.18,8210.0
10:05,115.37,115.37,115.03,115.03,5462.0
10:06,115.46,115.47,115.27,115.33,4257.0
10:07,115.69,115.7,115.5,115.5,2055.0
10:08,115.6,115.7,115.58,115.7,15732.0
10:09,115.7,115.71,115.61,115.61,7593.0
10:10,115.74,115.79,115.66,115.66,9175.0
10:11,115.77,115.78,115.62,115.78,11448.0
10:12,115.6,115.78,115.6,115.66,7011.0
10:13,115.74,115.77,115.61,115.64,7600.0
10:14,115.54,115.74,115.5,115.74,8077.0
10:15,115.46,115.57,115.46,115.57,7497.0
10:16,115.54,115.57,115.43,115.45,6003.0
10:17,115.53,115.71,115.53,115.54,8684.0
10:18,115.73,115.75,115.54,115.54,7229.0
10:19,115.67,115.77,115.62,115.73,7026.0
10:20,115.74,115.74,115.63,115.63,5911.0
10:21,115.86,115.86,115.72,115.72,15294.0
10:22,116.04,116.04,115.82,115.86,37874.0
10:23,116.25,116.26,115.9,116.01,71083.0
10:24,116.4,116.44,116.25,116.26,7449.0
10:25,116.32,116.58,116.25,116.54,14309.0
10:26,116.4,116.48,116.31,116.31,5711.0
10:27,116.54,116.54,116.38,116.43,16272.0
10:28,116.74,116.74,116.56,116.56,13298.0
10:29,116.89,116.93,116.79,116.8,14136.0
10:30,117.09,117.18,116.88,116.88,34521.0
10:31,117.49,117.5,117.1,117.11,35413.0
10:32,117.53,117.65,117.38,117.48,15157.0
10:33,117.44,117.55,117.18,117.49,18715.0
10:34,117.51,117.55,117.41,117.44,26347.0
10:35,117.16,117.47,117.07,117.46,18908.0
10:36,117.41,117.43,117.19,117.19,7135.0
10:37,117.4,117.46,117.37,117.42,13179.0
10:38,117.47,117.47,117.38,117.4,6081.0
10:39,117.39,117.58,117.39,117.48,8247.0
10:40,117.56,117.7,117.4,117.45,32779.0
10:41,117.65,117.7,117.52,117.57,9504.0
10:42,117.7,117.82,117.65,117.69,22312.0
10:43,117.78,117.78,117.63,117.64,10791.0
10:44,117.62,117.81,117.62,117.78,11341.0
10:45,117.84,117.86,117.57,117.57,411721.0
10:46,117.71,117.84,117.61,117.84,1.0
10:47,117.58,117.76,117.58,117.72,8242.0
10:48,117.72,117.74,117.62,117.62,7924.0
10:49,117.67,117.74,117.58,117.72,10183.0
10:50,117.62,117.67,117.53,117.63,5077.0
10:51,117.64,117.67,117.53,117.64,10186.0
10:52,117.71,117.79,117.61,117.64,11552.0
10:53,117.76,117.8,117.69,117.71,7764.0
10:54,117.75,117.8,117.66,117.79,11783.0
10:55,117.74,117.75,117.64,117.75,7173.0
10:56,117.85,117.85,117.7,117.76,20850.0
10:57,117.77,117.88,117.74,117.85,8557.0
10:58,117.88,117.89,117.82,117.82,9429.0
10:59,117.93,117.93,117.83,117.89,4931.0
11:00,117.71,117.96,117.64,117.93,15526.0
11:01,117.76,117.84,117.71,117.71,9719.0
11:02,117.83,117.86,117.76,117.81,8166.0
11:03,117.87,117.87,117.71,117.81,8561.0
11:04,117.86,117.94,117.76,117.85,5285.0
11:05,117.86,117.87,117.76,117.86,8003.0
11:06,117.85,117.87,117.8,117.83,4741.0
11:07,117.87,117.87,117.79,117.83,13956.0
11:08,117.82,117.88,117.79,117.86,4323.0
11:09,117.64,117.82,117.61,117.82,14685.0
11:10,117.64,117.68,117.57,117.64,8990.0
11:11,117.75,117.76,117.65,117.67,5552.0
11:12,117.96,118.0,117.8,117.8,18608.0
11:13,117.81,118.14,117.81,118.0,8222.0
11:14,117.79,117.87,117.73,117.84,532486.0
11:15,117.76,117.77,117.58,117.77,1.0
11:16,117.66,117.78,117.65,117.76,5700.0
11:17,117.71,117.78,117.68,117.68,14416.0
11:18,117.84,117.84,117.67,117.69,7957.0
11:19,117.87,117.91,117.82,117.84,8460.0
11:20,117.79,117.85,117.79,117.85,4472.0
11:21,117.81,117.9,117.79,117.82,8103.0
11:22,117.9,117.9,117.77,117.77,3196.0
11:23,117.69,117.83,117.69,117.83,8411.0
11:24,117.68,117.73,117.58,117.66,5152.0
11:25,117.68,117.76,117.68,117.7,4675.0
11:26,117.51,117.68,117.5,117.67,66551.0
11:27,117.55,117.58,117.47,117.47,32661.0
11:28,117.53,117.54,117.44,117.53,5432.0
11:29,117.57,117.61,117.52,117.53,3832.0
11:30,117.66,117.69,117.58,117.59,10975.0
11:31,117.72,117.76,117.65,117.68,7849.0
11:32,117.69,117.73,117.66,117.72,18393.0
11:33,117.64,117.72,117.64,117.68,4313.0
11:34,117.66,117.7,117.64,117.64,4528.0
11:35,117.69,117.7,117.66,117.68,6586.0
11:36,117.67,117.71,117.61,117.69,11469.0
11:37,117.63,117.68,117.54,117.68,6633.0
11:38,117.53,117.67,117.53,117.67,4507.0
11:39,117.5,117.54,117.48,117.51,1943.0
11:40,117.41,117.56,117.4,117.51,9166.0
11:41,117.49,117.49,117.41,117.41,2232.0
11:42,117.55,117.55,117.46,117.5,4695.0
11:43,117.42,117.61,117.42,117.55,4125.0
11:44,117.17,117.41,117.13,117.41,15482.0
11:45,117.07,117.23,117.02,117.13,9273.0
11:46,117.12,117.14,117.08,117.14,2882.0
11:47,117.08,117.15,117.08,117.12,5702.0
11:48,117.09,117.12,117.07,117.08,5261.0
11:49,117.13,117.14,117.04,117.1,29703.0
11:50,117.15,117.18,117.12,117.14,7622.0
11:51,117.17,117.19,117.14,117.14,16396.0
11:52,117.18,117.2,117.1,117.18,13921.0
11:53,117.29,117.29,117.17,117.18,5529.0
11:54,117.36,117.37,117.29,117.3,10243.0
11:55,117.39,117.44,117.36,117.38,6630.0
11:56,117.52,117.53,117.36,117.38,6984.0
11:57,117.52,117.56,117.52,117.54,3437.0
11:58,117.52,117.54,117.48,117.54,3718.0
11:59,117.6,117.64,117.53,117.53,6249.0
12:00,117.72,117.73,117.62,117.62,4876.0
12:01,117.71,117.73,117.64,117.71,4031.0
12:02,117.63,117.69,117.63,117.69,3242.0
12:03,117.72,117.75,117.68,117.68,3415.0
12:04,117.52,117.74,117.52,117.73,5477.0
12:05,117.47,117.51,117.43,117.47,4095.0
12:06,117.41,117.44,117.39,117.44,2846.0
12:07,117.39,117.39,117.32,117.39,8560.0
12:08,117.43,117.43,117.33,117.36,10329.0
12:09,117.48,117.48,117.4,117.4,7075.0
12:10,117.45,117.5,117.45,117.48,5547.0
12:11,117.54,117.54,117.48,117.48,3028.0
12:12,117.48,117.52,117.46,117.52,3026.0
12:13,117.35,117.48,117.3,117.48,4018.0
12:14,117.35,117.35,117.35,117.35,2320.0
12:15,117.31,117.39,117.3,117.39,4194.0
12:16,117.32,117.35,117.32,117.34,2668.0
12:17,117.32,117.34,117.29,117.31,2108.0
12:18,117.41,117.41,117.21,117.29,5523.0
12:19,117.41,117.41,117.36,117.38,1869.0
12:20,117.48,117.5,117.4,117.41,5116.0
12:21,117.45,117.55,117.45,117.5,6534.0
12:22,117.47,117.47,117.39,117.39,2294.0
12:23,117.47,117.5,117.44,117.44,2478.0
12:24,117.5,117.5,117.43,117.46,3558.0
12:25,117.51,117.55,117.51,117.54,6364.0
12:26,117.49,117.55,117.46,117.51,4708.0
12:27,117.52,117.54,117.48,117.52,4848.0
12:28,117.51,117.55,117.51,117.54,6179.0
12:29,117.45,117.5,117.42,117.5,4469.0
12:30,117.54,117.55,117.48,117.48,4485.0
12:31,117.59,117.59,117.53,117.56,1771.0
12:32,117.6,117.6,117.51,117.58,3553.0
12:33,117.64,117.65,117.59,117.63,2895.0
12:34,117.8,117.82,117.65,117.65,9167.0
12:35,117.71,117.83,117.71,117.82,8868.0
12:36,117.62,117.67,117.61,117.67,4807.0
12:37,117.58,117.68,117.54,117.62,7676.0
12:38,117.64,117.65,117.62,117.65,3323.0
12:39,117.67,117.67,117.64,117.65,2595.0
12:40,117.63,117.65,117.61,117.65,2849.0
12:41,117.56,117.64,117.54,117.64,3779.0
12:42,117.58,117.66,117.56,117.57,10653.0
12:43,117.58,117.61,117.57,117.61,3013.0
12:44,117.51,117.6,117.51,117.6,3373.0
12:45,117.57,117.57,117.53,117.54,4740.0
12:46,117.5,117.58,117.5,117.58,4202.0
12:47,117.57,117.6,117.49,117.5,6319.0
12:48,117.61,117.61,117.53,117.57,2912.0
12:49,117.56,117.6,117.54,117.58,7126.0
12:50,117.67,117.67,117.5,117.56,15990.0
12:51,117.67,117.69,117.65,117.69,3230.0
12:52,117.67,117.72,117.67,117.7,4001.0
12:53,117.66,117.69,117.65,117.66,7592.0
12:54,117.63,117.65,117.59,117.65,4613.0
12:55,117.59,117.65,117.55,117.65,9755.0
12:56,117.62,117.64,117.6,117.6,3372.0
12:57,117.61,117.62,117.6,117.62,4048.0
12:58,117.61,117.63,117.59,117.59,4178.0
12:59,117.71,117.74,117.56,117.61,13526.0
13:00,117.65,117.82,117.65,117.74,13888.0
13:01,117.82,117.83,117.71,117.71,5137.0
13:02,117.79,117.82,117.75,117.8,4291.0
13:03,117.82,117.93,117.8,117.8,9074.0
13:04,117.8,117.82,117.8,117.82,2569.0
13:05,117.83,117.85,117.8,117.8,3615.0
13:06,117.75,117.82,117.75,117.81,6070.0
13:07,117.74,117.75,117.74,117.75,2261.0
13:08,117.76,117.8,117.69,117.76,24502.0
13:09,117.83,117.83,117.74,117.76,3920.0
13:10,117.85,117.88,117.83,117.83,6211.0
13:11,117.82,117.86,117.79,117.84,5690.0
13:12,117.92,117.93,117.84,117.84,8407.0
13:13,117.91,117.94,117.89,117.94,4761.0
13:14,117.93,117.93,117.88,117.91,3315.0
13:15,117.86,117.91,117.81,117.89,4362.0
13:16,117.83,117.88,117.82,117.85,3429.0
13:17,117.82,117.86,117.8,117.83,4199.0
13:18,117.83,117.84,117.8,117.8,5206.0
13:19,117.81,117.83,117.8,117.82,2484.0
13:20,117.82,117.82,117.78,117.82,5112.0
13:21,117.81,117.88,117.8,117.83,8071.0
13:22,117.82,117.83,117.8,117.81,2464.0
13:23,117.82,117.85,117.82,117.82,4361.0
13:24,117.85,117.91,117.78,117.82,21486.0
13:25,117.9,117.92,117.84,117.84,8918.0
13:26,117.92,117.96,117.92,117.92,11279.0
13:27,117.92,117.96,117.92,117.96,1652.0
13:28,117.92,117.93,117.89,117.92,5849.0
13:29,117.89,117.91,117.88,117.91,9911.0
13:30,117.79,117.91,117.77,117.91,15339.0
13:31,117.72,117.84,117.72,117.79,3034.0
13:32,117.71,117.75,117.69,117.69,5685.0
13:33,117.82,117.82,117.68,117.7,4360.0
13:34,117.78,117.82,117.7,117.82,30572.0
13:35,117.77,117.77,117.77,117.77,661.0
13:36,117.69,117.73,117.62,117.73,43995.0
13:37,117.63,117.72,117.63,117.69,4200.0
13:38,117.74,117.81,117.64,117.64,9097.0
13:39,117.82,117.83,117.8,117.8,2880.0
13:40,117.77,117.8,117.71,117.8,4165.0
13:41,117.79,117.81,117.77,117.81,1463.0
13:42,117.85,117.85,117.82,117.84,1557.0
13:43,117.76,117.85,117.72,117.83,17000.0
13:44,117.79,117.81,117.75,117.79,2320.0
13:45,117.82,117.85,117.77,117.77,3205.0
13:46,117.82,117.84,117.8,117.84,6205.0
13:47,117.86,117.86,117.83,117.83,2587.0
13:48,117.95,117.96,117.9,117.9,4481.0
13:49,117.91,117.94,117.89,117.93,4508.0
13:50,117.93,117.96,117.91,117.91,5349.0
13:51,117.89,117.94,117.88,117.93,4713.0
13:52,117.93,117.93,117.89,117.9,2728.0
13:53,117.96,117.99,117.93,117.93,5474.0
13:54,117.89,117.97,117.87,117.97,4827.0
13:55,117.94,117.94,117.83,117.87,5996.0
13:56,117.93,117.98,117.93,117.93,5284.0
13:57,117.96,117.99,117.91,117.93,5820.0
13:58,117.91,117.96,117.91,117.96,7611.0
13:59,117.87,117.91,117.85,117.91,9868.0
14:00,117.86,117.89,117.86,117.88,3484.0
14:01,117.98,117.98,117.8,117.84,968596.0
14:02,118.15,118.16,117.97,117.97,1.0
14:03,118.14,118.17,118.1,118.14,26099.0
14:04,118.16,118.2,118.11,118.14,28007.0
14:05,118.32,118.32,118.14,118.14,12008.0
14:06,118.33,118.44,118.24,118.35,32214.0
14:07,118.24,118.32,118.19,118.32,16360.0
14:08,118.19,118.25,118.19,118.25,6814.0
14:09,118.14,118.15,118.07,118.15,10776.0
14:10,118.24,118.24,118.13,118.14,7756.0
14:11,118.29,118.32,118.25,118.25,20160.0
14:12,118.27,118.28,118.18,118.28,10579.0
14:13,118.3,118.3,118.22,118.26,5682.0
14:14,118.36,118.44,118.29,118.29,17291.0
14:15,118.47,118.47,118.35,118.37,20511.0
14:16,118.44,118.47,118.4,118.47,14325.0
14:17,118.55,118.55,118.44,118.46,14708.0
14:18,118.52,118.6,118.49,118.55,10668.0
14:19,118.52,118.57,118.45,118.5,25903.0
14:20,118.43,118.52,118.41,118.52,5446.0
14:21,118.34,118.43,118.27,118.43,8462.0
14:22,118.23,118.36,118.23,118.34,6608.0
14:23,118.18,118.26,118.11,118.24,27349.0
14:24,118.08,118.17,118.08,118.16,13669.0
14:25,118.14,118.18,118.06,118.06,10040.0
14:26,118.17,118.18,118.11,118.14,4814.0
14:27,118.15,118.18,118.14,118.17,6707.0
14:28,118.27,118.27,118.15,118.17,8637.0
14:29,118.33,118.33,118.21,118.25,4702.0
14:30,118.32,118.32,118.26,118.31,7820.0
14:31,118.32,118.32,118.28,118.28,4694.0
14:32,118.39,118.39,118.31,118.32,7413.0
14:33,118.5,118.54,118.36,118.38,24935.0
14:34,118.52,118.53,118.49,118.5,6968.0
14:35,118.51,118.53,118.47,118.49,48145.0
14:36,118.53,118.55,118.48,118.5,12916.0
14:37,118.52,118.54,118.49,118.5,11469.0
14:38,118.64,118.64,118.49,118.5,10587.0
14:39,118.64,118.68,118.61,118.63,6928.0
14:40,118.69,118.69,118.62,118.62,6225.0
14:41,118.7,118.72,118.66,118.68,9449.0
14:42,118.7,118.71,118.65,118.68,4822.0
14:43,118.82,118.83,118.69,118.69,11899.0
14:44,118.85,118.85,118.8,118.81,12035.0
14:45,118.81,118.85,118.79,118.84,64621.0
14:46,118.74,118.81,118.69,118.8,44488.0
14:47,118.75,118.76,118.71,118.74,6323.0
14:48,118.75,118.78,118.72,118.77,1187084.0
14:49,118.79,118.8,118.75,118.75,1.0
14:50,118.76,118.79,118.74,118.78,1183302.0
14:51,118.81,118.81,118.76,118.76,1.0
14:52,118.79,118.81,118.76,118.81,6369.0
14:53,118.81,118.88,118.79,118.83,33615.0
14:54,118.61,118.81,118.59,118.81,22044.0
14:55,118.69,118.69,118.5,118.6,17495.0
14:56,118.74,118.74,118.68,118.7,5720.0
14:57,118.75,118.75,118.73,118.75,4295.0
14:58,118.79,118.8,118.74,118.75,7327.0
14:59,118.75,118.81,118.75,118.8,4509.0
15:00,118.76,118.79,118.75,118.75,7721.0
15:01,118.8,118.85,118.79,118.79,5019.0
15:02,118.84,118.91,118.8,118.81,16667.0
15:03,118.82,118.86,118.79,118.86,13881.0
15:04,118.8,118.86,118.78,118.82,18601.0
15:05,118.84,118.88,118.81,118.81,14389.0
15:06,118.97,118.97,118.81,118.83,19590.0
15:07,119.07,119.08,118.96,118.96,13899.0
15:08,118.96,119.13,118.93,119.07,28599.0
15:09,118.96,118.99,118.92,118.94,9593.0
15:10,118.96,118.97,118.91,118.94,7149.0
15:11,119.08,119.08,118.95,118.96,9994.0
15:12,119.07,119.1,119.04,119.08,12817.0
15:13,119.09,119.1,119.04,119.06,10642.0
15:14,119.11,119.15,119.1,119.1,8735.0
15:15,119.13,119.14,119.09,119.11,11932.0
15:16,119.07,119.21,119.06,119.14,21224.0
15:17,119.06,119.11,119.04,119.08,27669.0
15:18,119.08,119.2,119.01,119.07,25878.0
15:19,119.12,119.13,119.06,119.06,10464.0
15:20,119.1,119.11,119.08,119.11,10115.0
15:21,118.78,119.09,118.77,119.08,22497.0
15:22,118.9,118.9,118.77,118.79,13765.0
15:23,118.89,118.97,118.89,118.91,15474.0
15:24,118.94,118.96,118.92,118.92,8222.0
15:25,119.08,119.08,118.94,118.94,7623.0
15:26,119.09,119.13,119.06,119.07,37461.0
15:27,119.08,119.13,119.03,119.12,15688.0
15:28,119.05,119.11,119.03,119.08,10974.0
15:29,119.06,119.11,119.03,119.04,14853.0
15:30,119.22,119.23,119.08,119.08,10414.0
15:31,119.07,119.24,119.03,119.24,19284.0
15:32,118.96,119.07,118.96,119.07,22214.0
15:33,118.95,119.01,118.92,118.96,10247.0
15:34,118.96,119.0,118.93,118.94,8023.0
15:35,118.95,119.03,118.93,118.95,17836.0
15:36,119.0,119.01,118.94,118.95,18533.0
15:37,118.86,119.01,118.82,119.0,17867.0
15:38,118.89,118.89,118.82,118.87,14338.0
15:39,118.92,118.93,118.83,118.87,18786.0
15:40,118.72,118.92,118.72,118.91,35594.0
15:41,118.69,118.72,118.58,118.72,46101.0
15:42,118.63,118.69,118.53,118.69,33008.0
15:43,118.64,118.67,118.52,118.62,19250.0
15:44,118.57,118.64,118.52,118.64,13787.0
15:45,118.64,118.66,118.57,118.58,41135.0
15:46,118.6,118.63,118.49,118.63,28262.0
15:47,118.62,118.64,118.52,118.6,33265.0
15:48,118.69,118.71,118.62,118.62,9878.0
15:49,118.7,118.74,118.66,118.68,21846.0
15:50,118.78,118.79,118.62,118.74,19938.0
15:51,118.81,118.87,118.75,118.76,18519.0
15:52,118.54,118.82,118.52,118.81,49501.0
15:53,118.6,118.62,118.53,118.57,25875.0
15:54,118.73,118.73,118.52,118.6,38760.0
15:55,118.69,118.81,118.66,118.71,48386.0
15:56,118.63,118.7,118.62,118.7,52378.0
15:57,118.6,118.62,118.57,118.62,43403.0
15:58,118.59,118.61,118.56,118.61,64780.0
15:59,118.54,118.64,118.52,118.6,151720.0
