Time,Close,High,Low,Open,Volume
09:30,120.78,121.0,120.4,120.5,48184.0
09:31,121.08,121.18,120.79,120.79,4710.0
09:32,120.96,121.05,120.94,121.05,1024.0
09:33,121.05,121.16,120.95,120.95,3598.0
09:34,121.0,121.0,120.83,120.87,3986.0
09:35,121.15,121.35,121.04,121.05,5454.0
09:36,121.33,121.33,121.22,121.24,1912.0
09:37,121.39,121.42,121.31,121.33,2565.0
09:38,121.36,121.5,121.36,121.4,4470.0
09:39,121.72,121.72,121.36,121.38,5959.0
09:40,121.83,121.86,121.72,121.72,3921.0
09:41,121.87,122.0,121.78,121.86,10434.0
09:42,121.89,121.89,121.86,121.87,1115.0
09:43,122.03,122.08,121.83,121.89,5261.0
09:44,121.75,121.97,121.75,121.97,7328.0
09:45,121.74,121.75,121.71,121.75,4815.0
09:46,121.9,121.9,121.81,121.81,6634.0
09:47,122.01,122.06,121.94,121.97,2689.0
09:48,122.12,122.12,122.03,122.09,6957.0
09:49,122.16,122.18,122.06,122.1,5472.0
09:50,122.24,122.24,122.14,122.17,5624.0
09:51,122.35,122.38,122.19,122.25,6847.0
09:52,122.49,122.49,122.34,122.35,7035.0
09:53,122.44,122.51,122.44,122.47,3933.0
09:54,122.38,122.49,122.37,122.48,7053.0
09:55,122.7,122.72,122.43,122.44,13090.0
09:56,122.81,122.87,122.7,122.7,11012.0
09:57,122.92,122.92,122.73,122.81,15933.0
09:58,123.09,123.09,122.93,122.93,10379.0
09:59,123.02,123.15,123.01,123.06,11630.0
10:00,122.87,123.13,122.87,123.09,8615.0
10:01,122.85,122.87,122.77,122.81,7195.0
10:02,122.89,122.91,122.79,122.87,4168.0
10:03,122.97,122.97,122.88,122.91,3223.0
10:04,122.93,122.96,122.9,122.96,5434.0
10:05,123.0,123.0,122.93,122.93,6131.0
10:06,122.99,123.05,122.96,122.98,7252.0
10:07,123.0,123.0,122.94,122.96,5957.0
10:08,123.03,123.04,122.94,123.02,4972.0
10:09,123.09,123.09,122.96,123.01,5741.0
10:10,123.11,123.16,123.01,123.11,13677.0
10:11,123.14,123.17,123.11,123.12,7752.0
10:12,123.23,123.25,123.11,123.12,7850.0
10:13,123.2,123.32,123.2,123.25,7547.0
10:14,123.25,123.29,123.21,123.23,14888.0
10:15,123.11,123.29,123.11,123.26,8468.0
10:16,123.07,123.15,123.06,123.13,4193.0
10:17,122.99,123.11,122.98,123.1,6452.0
10:18,123.04,123.07,122.99,122.99,7081.0
10:19,123.07,123.1,123.01,123.07,6106.0
10:20,123.29,123.29,123.09,123.09,7454.0
10:21,123.36,123.38,123.29,123.29,25481.0
10:22,123.35,123.41,123.32,123.36,8782.0
10:23,123.44,123.44,123.33,123.36,5943.0
10:24,123.45,123.5,123.4,123.44,7980.0
10:25,123.46,123.47,123.43,123.43,9754.0
10:26,123.62,123.68,123.44,123.46,11044.0
10:27,123.56,123.61,123.54,123.54,3269.0
10:28,123.6,123.61,123.56,123.56,1469.0
10:29,123.64,123.68,123.58,123.62,5015.0
10:30,123.7,123.72,123.65,123.65,10929.0
10:31,123.76,123.76,123.67,123.68,21500.0
10:32,123.82,123.85,123.77,123.77,7637.0
10:33,123.71,123.82,123.71,123.82,15112.0
10:34,123.76,123.8,123.71,123.71,4933.0
10:35,123.81,123.84,123.79,123.83,4135.0
10:36,123.89,123.92,123.83,123.83,5158.0
10:37,123.9,123.93,123.86,123.92,8277.0
10:38,123.86,123.92,123.82,123.9,12585.0
10:39,123.61,123.87,123.54,123.87,16447.0
10:40,123.61,123.67,123.61,123.65,4518.0
10:41,123.63,123.73,123.63,123.64,12382.0
10:42,123.69,123.7,123.59,123.63,13512.0
10:43,123.49,123.67,123.49,123.67,5194.0
10:44,123.43,123.51,123.43,123.48,10082.0
10:45,123.46,123.46,123.39,123.42,7352.0
10:46,123.52,123.55,123.41,123.46,4591.0
10:47,123.61,123.64,123.53,123.53,7944.0
10:48,123.65,123.65,123.61,123.61,4150.0
10:49,123.63,123.64,123.62,123.63,2724.0
10:50,123.5,123.64,123.5,123.63,8803.0
10:51,123.6,123.6,123.43,123.5,12072.0
10:52,123.84,123.87,123.76,123.76,6044.0
10:53,123.84,123.86,123.79,123.81,2653.0
10:54,123.77,123.86,123.77,123.81,2990.0
10:55,123.85,123.87,123.75,123.79,6979.0
10:56,123.79,123.82,123.72,123.82,7259.0
10:57,123.68,123.8,123.68,123.76,3794.0
10:58,123.71,123.71,123.65,123.7,3323.0
10:59,123.73,123.78,123.71,123.74,6128.0
11:00,123.73,123.76,123.7,123.71,3070.0
11:01,123.6,123.74,123.59,123.71,5301.0
11:02,123.49,123.57,123.39,123.57,6520.0
11:03,123.56,123.57,123.49,123.49,4333.0
11:04,123.57,123.58,123.55,123.58,2300.0
11:05,123.54,123.59,123.49,123.57,3712.0
11:06,123.6,123.62,123.6,123.6,3367.0
11:07,123.58,123.61,123.53,123.61,4928.0
11:08,123.57,123.61,123.56,123.61,3388.0
11:09,123.63,123.64,123.57,123.57,15277.0
11:10,123.67,123.69,123.63,123.63,5228.0
11:11,123.84,123.86,123.66,123.67,9749.0
11:12,123.82,123.87,123.81,123.84,9868.0
11:13,123.84,123.85,123.78,123.81,2840.0
11:14,123.82,123.85,123.82,123.82,2858.0
11:15,123.77,123.86,123.77,123.86,3756.0
11:16,123.82,123.82,123.77,123.78,5863.0
11:17,123.74,123.83,123.74,123.82,8803.0
11:18,123.74,123.77,123.73,123.74,17838.0
11:19,123.64,123.78,123.57,123.73,8085.0
11:20,123.62,123.69,123.61,123.64,3407.0
11:21,123.66,123.66,123.6,123.62,3433.0
11:22,123.71,123.78,123.69,123.69,3174.0
11:23,123.73,123.78,123.73,123.74,2164.0
11:24,123.79,123.8,123.7,123.74,14562.0
11:25,123.83,123.88,123.83,123.84,19724.0
11:26,123.78,123.87,123.76,123.85,9531.0
11:27,123.75,123.76,123.72,123.74,2823.0
11:28,123.62,123.7,123.62,123.7,1638.0
11:29,123.61,123.64,123.54,123.64,2510.0
11:30,123.62,123.63,123.6,123.6,1829.0
11:31,123.5,123.62,123.5,123.62,3230.0
11:32,123.53,123.59,123.46,123.56,4905.0
11:33,123.66,123.71,123.53,123.56,19400.0
11:34,123.55,123.7,123.55,123.66,2071.0
11:35,123.56,123.64,123.55,123.55,3891.0
11:36,123.6,123.66,123.56,123.56,3978.0
11:37,123.64,123.68,123.61,123.64,5507.0
11:38,123.63,123.66,123.62,123.64,3763.0
11:39,123.7,123.72,123.67,123.67,4807.0
11:40,123.65,123.7,123.6,123.66,4259.0
11:41,123.64,123.72,123.6,123.65,5511.0
11:42,123.69,123.72,123.61,123.65,5287.0
11:43,123.57,123.71,123.57,123.69,6051.0
11:44,123.54,123.61,123.54,123.59,2739.0
11:45,123.61,123.64,123.54,123.54,4927.0
11:46,123.61,123.63,123.55,123.61,4430.0
11:47,123.37,123.62,123.37,123.62,3222.0
11:48,123.46,123.5,123.37,123.37,5530.0
11:49,123.61,123.61,123.43,123.46,5452.0
11:50,123.56,123.62,123.56,123.61,2171.0
11:51,123.53,123.57,123.48,123.57,3466.0
11:52,123.54,123.6,123.54,123.55,5065.0
11:53,123.45,123.58,123.45,123.58,3631.0
11:54,123.46,123.49,123.36,123.41,4674.0
11:55,123.47,123.5,123.44,123.44,2620.0
11:56,123.53,123.56,123.49,123.49,2372.0
11:57,123.49,123.5,123.49,123.5,1528.0
11:58,123.51,123.53,123.49,123.51,2623.0
11:59,123.52,123.53,123.47,123.51,3529.0
12:00,123.53,123.53,123.53,123.53,788.0
12:01,123.5,123.5,123.39,123.5,4478.0
12:02,123.49,123.5,123.48,123.48,1721.0
12:03,123.51,123.51,123.46,123.49,2778.0
12:04,123.49,123.52,123.45,123.49,3720.0
12:05,123.35,123.48,123.35,123.48,3696.0
12:06,123.45,123.46,123.44,123.44,1769.0
12:07,123.39,123.44,123.37,123.44,4444.0
12:08,123.37,123.38,123.35,123.38,1505.0
12:09,123.47,123.47,123.36,123.37,5792.0
12:10,123.49,123.5,123.43,123.46,3042.0
12:11,123.47,123.47,123.43,123.45,2464.0
12:12,123.49,123.5,123.47,123.47,2326.0
12:13,123.46,123.48,123.46,123.48,1204.0
12:14,123.47,123.49,123.38,123.49,4957.0
12:15,123.49,123.49,123.42,123.47,2143.0
12:16,123.51,123.52,123.49,123.52,2328.0
12:17,123.49,123.54,123.49,123.5,1920.0
12:18,123.4,123.49,123.37,123.49,4652.0
12:19,123.38,123.4,123.38,123.4,1153.0
12:20,123.48,123.5,123.41,123.43,4292.0
12:21,123.45,123.47,123.41,123.47,5722.0
12:22,123.45,123.47,123.43,123.46,2598.0
12:23,123.41,123.43,123.41,123.43,982.0
12:24,123.46,123.46,123.43,123.44,2167.0
12:25,123.52,123.55,123.46,123.46,5905.0
12:26,123.57,123.58,123.54,123.54,2187.0
12:27,123.56,123.57,123.5,123.53,4925.0
12:28,123.44,123.54,123.44,123.54,2159.0
12:29,123.4,123.47,123.4,123.47,1980.0
12:30,123.55,123.55,123.41,123.41,4729.0
12:31,123.56,123.56,123.5,123.53,6725.0
12:32,123.58,123.63,123.51,123.57,3025.0
12:33,123.54,123.6,123.54,123.58,3607.0
12:34,123.57,123.66,123.54,123.56,5669.0
12:35,123.51,123.51,123.48,123.51,2096.0
12:36,123.49,123.52,123.45,123.51,2090.0
12:37,123.59,123.59,123.5,123.5,2254.0
12:38,123.64,123.64,123.62,123.63,1522.0
12:39,123.65,123.66,123.62,123.65,3329.0
12:40,123.61,123.68,123.6,123.64,4101.0
12:41,123.6,123.63,123.6,123.61,2755.0
12:42,123.67,123.67,123.63,123.63,1934.0
12:43,123.64,123.65,123.64,123.65,1145.0
12:44,123.74,123.76,123.7,123.7,2513.0
12:45,123.72,123.72,123.72,123.72,1621.0
12:46,123.76,123.77,123.7,123.7,2558.0
12:47,123.86,123.86,123.77,123.77,3514.0
12:48,123.75,123.84,123.75,123.84,4429.0
12:49,123.76,123.77,123.76,123.76,1381.0
12:50,123.8,123.8,123.75,123.75,1926.0
12:51,123.74,123.8,123.7,123.78,4544.0
12:52,123.77,123.8,123.72,123.74,3970.0
12:53,123.76,123.78,123.75,123.75,2124.0
12:54,123.82,123.84,123.78,123.78,10537.0
12:55,123.79,123.82,123.77,123.82,2957.0
12:56,123.81,123.81,123.79,123.8,2274.0
12:57,123.78,123.81,123.78,123.81,1084.0
12:58,123.81,123.81,123.77,123.78,2401.0
12:59,123.8,123.81,123.79,123.81,3494.0
13:00,123.71,123.8,123.71,123.8,1970.0
13:01,123.72,123.72,123.69,123.71,3799.0
13:02,123.76,123.8,123.72,123.74,3223.0
13:03,123.73,123.76,123.73,123.76,1044.0
13:04,123.69,123.74,123.69,123.74,1986.0
13:05,123.7,123.73,123.66,123.73,4491.0
13:06,123.74,123.75,123.72,123.73,7851.0
13:07,123.68,123.73,123.67,123.73,2647.0
13:08,123.72,123.72,123.68,123.68,4649.0
13:09,123.69,123.74,123.69,123.73,3091.0
13:10,123.57,123.7,123.57,123.7,14712.0
13:11,123.62,123.65,123.58,123.6,4508.0
13:12,123.67,123.67,123.63,123.65,2166.0
13:13,123.69,123.69,123.64,123.64,2740.0
13:14,123.67,123.7,123.63,123.69,4118.0
13:15,123.62,123.67,123.62,123.67,6050.0
13:16,123.65,123.65,123.6,123.62,3170.0
13:17,123.66,123.66,123.62,123.64,2640.0
13:18,123.6,123.66,123.6,123.65,2473.0
13:19,123.61,123.62,123.61,123.61,1391.0
13:20,123.61,123.64,123.61,123.63,1527.0
13:21,123.61,123.62,123.58,123.6,5199.0
13:22,123.64,123.64,123.54,123.6,2521.0
13:23,123.69,123.69,123.64,123.65,5964.0
13:24,123.65,123.68,123.64,123.68,2031.0
13:25,123.71,123.71,123.62,123.64,3349.0
13:26,123.75,123.76,123.73,123.73,2615.0
13:27,123.75,123.75,123.74,123.75,1104.0
13:28,123.78,123.78,123.75,123.76,2177.0
13:29,123.78,123.8,123.78,123.78,3298.0
13:30,123.89,123.92,123.79,123.79,4001.0
13:31,123.89,123.91,123.87,123.89,2040.0
13:32,123.87,123.88,123.86,123.87,2434.0
13:33,123.89,123.89,123.85,123.86,1615.0
13:34,123.95,123.95,123.9,123.92,3026.0
13:35,123.89,123.93,123.89,123.93,1584.0
13:36,123.84,123.86,123.84,123.85,2688.0
13:37,123.85,123.85,123.85,123.85,390.0
13:38,123.86,123.86,123.81,123.83,3120.0
13:39,123.81,123.88,123.81,123.88,1368.0
13:40,123.77,123.84,123.77,123.84,2903.0
13:41,123.8,123.83,123.78,123.8,1744.0
13:42,123.84,123.86,123.83,123.86,1656.0
13:43,123.8,123.82,123.75,123.8,3594.0
13:44,123.81,123.84,123.74,123.74,1886.0
13:45,123.85,123.87,123.79,123.79,2839.0
13:46,123.88,123.88,123.79,123.86,5934.0
13:47,123.9,123.98,123.86,123.88,8237.0
13:48,123.95,123.95,123.86,123.9,3372.0
13:49,123.91,123.93,123.89,123.9,2253.0
13:50,123.89,123.93,123.89,123.9,2622.0
13:51,123.85,123.92,123.84,123.89,3243.0
13:52,123.89,123.89,123.87,123.87,1743.0
13:53,123.91,123.91,123.87,123.89,5472.0
13:54,123.79,123.88,123.79,123.88,1429.0
13:55,123.65,123.77,123.65,123.77,2248.0
13:56,123.71,123.72,123.66,123.66,2297.0
13:57,123.75,123.76,123.73,123.73,2406.0
13:58,123.75,123.75,123.74,123.75,923.0
13:59,123.68,123.75,123.68,123.74,2404.0
14:00,123.64,123.72,123.64,123.72,2047.0
14:01,123.67,123.69,123.66,123.66,1327.0
14:02,123.71,123.74,123.69,123.69,3081.0
14:03,123.7,123.75,123.63,123.74,5921.0
14:04,123.65,123.71,123.65,123.68,1365.0
14:05,123.64,123.66,123.63,123.64,1869.0
14:06,123.69,123.72,123.66,123.68,5554.0
14:07,123.68,123.69,123.68,123.68,1549.0
14:08,123.72,123.72,123.68,123.69,2388.0
14:09,123.7,123.71,123.69,123.7,1253.0
14:10,123.67,123.68,123.67,123.68,3183.0
14:11,123.67,123.69,123.65,123.66,1784.0
14:12,123.62,123.68,123.61,123.66,9475.0
14:13,123.63,123.63,123.58,123.62,1086.0
14:14,123.61,123.63,123.6,123.61,1936.0
14:15,123.54,123.61,123.54,123.6,2972.0
14:16,123.47,123.58,123.47,123.58,8511.0
14:17,123.5,123.51,123.46,123.46,2816.0
14:18,123.5,123.5,123.43,123.44,4616.0
14:19,123.54,123.57,123.46,123.5,13268.0
14:20,123.58,123.58,123.54,123.54,2215.0
14:21,123.59,123.64,123.58,123.59,8564.0
14:22,123.68,123.73,123.62,123.63,7788.0
14:23,123.66,123.72,123.66,123.71,5825.0
14:24,123.75,123.75,123.7,123.7,2801.0
14:25,123.75,123.77,123.75,123.76,2007.0
14:26,123.76,123.76,123.75,123.75,1499.0
14:27,123.76,123.77,123.76,123.77,567.0
14:28,123.74,123.77,123.67,123.75,9185.0
14:29,123.73,123.74,123.71,123.74,1878.0
14:30,123.75,123.75,123.72,123.73,2493.0
14:31,123.75,123.75,123.73,123.75,1683.0
14:32,123.75,123.76,123.71,123.75,2808.0
14:33,123.8,123.8,123.75,123.75,3856.0
14:34,123.79,123.8,123.78,123.8,6623.0
14:35,123.77,123.8,123.77,123.79,5816.0
14:36,123.76,123.78,123.76,123.78,1539.0
14:37,123.7,123.78,123.7,123.77,3542.0
14:38,123.76,123.76,123.72,123.73,2853.0
14:39,123.79,123.79,123.75,123.75,4729.0
14:40,123.79,123.79,123.79,123.79,1166.0
14:41,123.88,123.89,123.79,123.8,7749.0
14:42,123.87,123.91,123.87,123.9,3279.0
14:43,123.79,123.89,123.78,123.89,8815.0
14:44,123.82,123.82,123.76,123.79,3501.0
14:45,123.82,123.82,123.82,123.82,2187.0
14:46,123.8,123.81,123.8,123.81,1143.0
14:47,123.82,123.84,123.81,123.81,2615.0
14:48,123.84,123.84,123.81,123.82,1612.0
14:49,123.83,123.84,123.82,123.83,1967.0
14:50,123.87,123.87,123.82,123.82,4295.0
14:51,123.91,123.93,123.89,123.89,3359.0
14:52,123.95,123.96,123.91,123.92,3606.0
14:53,123.92,123.95,123.92,123.95,1689.0
14:54,123.95,123.97,123.9,123.91,2431.0
14:55,123.94,123.97,123.93,123.95,2545.0
14:56,123.98,123.98,123.9,123.96,2859.0
14:57,123.97,123.99,123.96,123.99,4535.0
14:58,123.95,123.97,123.95,123.97,1421.0
14:59,123.95,123.95,123.93,123.93,2379.0
15:00,123.95,123.95,123.95,123.95,1949.0
15:01,123.9,123.95,123.9,123.93,3484.0
15:02,123.88,123.88,123.84,123.87,3095.0
15:03,123.92,123.92,123.91,123.92,2075.0
15:04,123.9,123.92,123.9,123.92,2340.0
15:05,123.97,123.97,123.91,123.91,5861.0
15:06,124.04,124.07,123.98,123.98,7240.0
15:07,124.03,124.05,124.02,124.04,3182.0
15:08,124.06,124.07,124.03,124.03,2450.0
15:09,124.04,124.05,124.01,124.02,6533.0
15:10,123.98,124.07,123.98,124.03,6581.0
15:11,124.13,124.13,123.94,123.99,16445.0
15:12,124.15,124.18,124.13,124.13,3934.0
15:13,124.13,124.16,124.12,124.15,5208.0
15:14,124.19,124.19,124.14,124.14,2707.0
15:15,124.21,124.23,124.16,124.19,15869.0
15:16,124.33,124.33,124.2,124.21,6817.0
15:17,124.44,124.45,124.29,124.29,6494.0
15:18,124.52,124.53,124.44,124.45,4603.0
15:19,124.56,124.57,124.52,124.52,6616.0
15:20,124.58,124.58,124.56,124.56,3805.0
15:21,124.63,124.65,124.57,124.57,8714.0
15:22,124.6,124.63,124.58,124.63,3545.0
15:23,124.61,124.61,124.56,124.57,5573.0
15:24,124.5,124.6,124.5,124.6,6524.0
15:25,124.46,124.52,124.46,124.5,5757.0
15:26,124.48,124.48,124.41,124.43,4383.0
15:27,124.44,124.46,124.35,124.46,10856.0
15:28,124.56,124.56,124.45,124.47,6333.0
15:29,124.77,124.77,124.55,124.56,20007.0
15:30,124.78,124.79,124.75,124.75,10621.0
15:31,124.75,124.79,124.72,124.78,13101.0
15:32,124.75,124.81,124.73,124.79,6979.0
15:33,124.68,124.75,124.63,124.74,7635.0
15:34,124.68,124.69,124.63,124.66,8749.0
15:35,124.72,124.74,124.7,124.7,8604.0
15:36,124.66,124.71,124.64,124.71,11583.0
15:37,124.67,124.69,124.64,124.64,9395.0
15:38,124.68,124.71,124.67,124.69,13711.0
15:39,124.63,124.68,124.55,124.68,6815.0
15:40,124.61,124.63,124.55,124.6,17172.0
15:41,124.53,124.61,124.51,124.61,14180.0
15:42,124.56,124.56,124.5,124.53,11928.0
15:43,124.58,124.59,124.54,124.56,7822.0
15:44,124.62,124.64,124.55,124.58,12098.0
15:45,124.53,124.6,124.5,124.6,15300.0
15:46,124.51,124.54,124.49,124.53,9903.0
15:47,124.55,124.57,124.5,124.53,12405.0
15:48,124.67,124.67,124.51,124.55,11500.0
15:49,124.67,124.68,124.64,124.65,12872.0
15:50,124.64,124.71,124.61,124.69,28535.0
15:51,124.65,124.73,124.61,124.64,24989.0
15:52,124.56,124.7,124.56,124.65,29624.0
15:53,124.49,124.59,124.46,124.54,22651.0
15:54,124.37,124.53,124.28,124.49,30448.0
15:55,124.44,124.58,124.39,124.39,32104.0
15:56,124.39,124.46,124.38,124.44,22529.0
15:57,124.34,124.39,124.31,124.38,28869.0
15:58,124.3,124.36,124.3,124.35,32388.0
15:59,124.3,124.36,124.28,124.3,84107.0
