Time,Close,High,Low,Open,Volume
09:30,124.36,125.55,123.82,125.0,279618.0
09:31,122.86,124.73,122.11,124.52,57304.0
09:32,123.56,123.88,122.78,122.89,37881.0
09:33,123.18,123.78,122.29,123.71,44123.0
09:34,122.18,123.3,122.0,123.15,45157.0
09:35,119.89,122.04,119.89,122.02,53815.0
09:36,121.15,121.48,120.01,120.12,57146.0
09:37,121.58,121.85,121.23,121.35,49092.0
09:38,122.01,122.17,121.62,121.62,29822.0
09:39,122.03,122.36,121.92,122.16,25802.0
09:40,121.58,122.11,121.27,121.99,26964.0
09:41,120.81,121.67,120.6,121.51,37612.0
09:42,120.78,120.89,120.37,120.8,69710.0
09:43,121.39,121.39,120.64,120.92,54115.0
09:44,121.68,121.92,121.25,121.43,34297.0
09:45,120.81,121.87,120.79,121.87,19344.0
09:46,120.71,121.07,120.63,120.79,25331.0
09:47,120.74,121.07,120.58,120.84,15243.0
09:48,120.89,120.97,120.65,120.74,12996.0
09:49,120.53,120.87,120.39,120.87,26595.0
09:50,120.41,120.76,120.32,120.43,24223.0
09:51,120.51,120.59,120.35,120.42,22343.0
09:52,120.89,120.89,120.34,120.48,35713.0
09:53,120.93,121.41,120.89,120.89,524879.0
09:54,121.16,121.31,120.79,120.99,1.0
09:55,121.08,121.23,120.99,121.21,33744.0
09:56,120.96,121.15,120.83,121.06,36057.0
09:57,121.06,121.38,121.01,121.04,20576.0
09:58,121.2,121.41,121.04,121.05,11732.0
09:59,121.45,121.52,121.11,121.11,17861.0
10:00,121.64,121.81,121.22,121.4,51812.0
10:01,120.88,121.74,120.81,121.69,54329.0
10:02,120.32,121.04,120.2,120.9,21226.0
10:03,120.97,120.97,120.22,120.22,30382.0
10:04,120.62,121.01,120.62,120.97,37155.0
10:05,120.6,120.96,120.37,120.69,21439.0
10:06,120.88,120.91,120.19,120.61,40935.0
10:07,120.7,121.06,120.59,120.9,23988.0
10:08,120.99,121.04,120.63,120.76,19279.0
10:09,120.56,121.07,120.53,120.92,70574.0
10:10,120.3,120.6,120.3,120.6,23091.0
10:11,120.11,120.42,120.1,120.34,24122.0
10:12,120.02,120.26,119.98,120.11,43112.0
10:13,119.78,120.3,119.78,120.03,31063.0
10:14,119.63,119.89,119.56,119.81,37053.0
10:15,119.38,119.7,119.18,119.63,25924.0
10:16,119.14,119.34,118.92,119.32,26341.0
10:17,119.08,119.24,119.02,119.24,12683.0
10:18,118.86,119.09,118.82,119.06,38337.0
10:19,119.03,119.21,118.82,118.89,20524.0
10:20,118.63,119.14,118.63,119.05,27630.0
10:21,118.16,118.67,118.1,118.58,26529.0
10:22,118.24,118.29,117.92,118.16,49993.0
10:23,118.27,118.6,118.12,118.2,58976.0
10:24,118.1,118.6,118.1,118.21,36592.0
10:25,118.16,118.33,118.16,118.17,18091.0
10:26,118.01,118.2,117.94,118.16,32523.0
10:27,118.2,118.45,117.82,118.03,29633.0
10:28,118.01,118.35,117.95,118.33,18341.0
10:29,118.29,118.29,118.01,118.05,25113.0
10:30,118.42,118.57,118.21,118.29,20438.0
10:31,118.53,118.57,118.28,118.42,16786.0
10:32,118.59,118.6,118.33,118.57,34374.0
10:33,118.46,118.57,118.28,118.57,23143.0
10:34,118.34,118.54,118.3,118.47,17941.0
10:35,118.4,118.62,118.37,118.37,17253.0
10:36,118.43,118.56,118.35,118.39,18280.0
10:37,118.21,118.55,118.21,118.43,13319.0
10:38,118.26,118.29,118.06,118.26,23188.0
10:39,117.91,118.29,117.91,118.29,16035.0
10:40,118.04,118.12,117.91,117.96,11097.0
10:41,118.21,118.21,117.97,117.99,10243.0
10:42,118.18,118.42,118.18,118.22,11536.0
10:43,118.53,118.53,118.15,118.2,13799.0
10:44,119.07,119.1,118.49,118.49,26888.0
10:45,119.37,119.37,119.04,119.07,27218.0
10:46,119.03,119.58,119.03,119.4,24095.0
10:47,118.81,119.1,118.7,119.03,18295.0
10:48,118.67,118.81,118.51,118.72,14700.0
10:49,118.5,118.76,118.48,118.67,17665.0
10:50,118.66,118.81,118.48,118.48,14387.0
10:51,118.46,118.68,118.44,118.57,15833.0
10:52,118.47,118.59,118.4,118.47,10446.0
10:53,118.42,118.49,118.32,118.49,10588.0
10:54,118.32,118.46,118.31,118.44,7479.0
10:55,118.22,118.5,118.19,118.36,13118.0
10:56,117.79,118.26,117.74,118.26,18784.0
10:57,117.72,117.9,117.63,117.83,11248.0
10:58,117.74,117.78,117.6,117.63,12961.0
10:59,117.38,117.79,117.36,117.77,14847.0
11:00,117.19,117.44,117.19,117.29,12346.0
11:01,117.24,117.29,117.15,117.2,14829.0
11:02,117.56,117.6,117.26,117.28,23237.0
11:03,117.54,117.71,117.5,117.62,14643.0
11:04,117.67,117.67,117.54,117.58,20242.0
11:05,117.68,117.75,117.66,117.69,10917.0
11:06,117.82,117.86,117.67,117.67,20407.0
11:07,117.93,117.96,117.8,117.84,16682.0
11:08,117.74,117.94,117.7,117.9,17098.0
11:09,117.69,117.85,117.67,117.79,9871.0
11:10,117.6,117.83,117.54,117.72,17088.0
11:11,117.71,117.77,117.61,117.62,14835.0
11:12,117.71,117.86,117.66,117.7,11478.0
11:13,117.67,117.86,117.66,117.71,17316.0
11:14,117.88,117.9,117.68,117.68,10799.0
11:15,117.94,118.01,117.83,117.86,12980.0
11:16,117.89,117.95,117.8,117.95,10121.0
11:17,117.88,117.99,117.8,117.94,18807.0
11:18,117.87,117.93,117.83,117.92,9658.0
11:19,118.04,118.07,117.91,117.91,13630.0
11:20,117.92,118.21,117.87,118.07,15849.0
11:21,118.05,118.05,117.93,117.95,7672.0
11:22,118.05,118.27,118.0,118.07,12999.0
11:23,118.19,118.22,118.08,118.08,11003.0
11:24,118.01,118.2,117.99,118.2,13339.0
11:25,118.0,118.04,117.94,118.04,10075.0
11:26,117.99,118.03,117.83,117.96,15850.0
11:27,117.96,118.02,117.88,118.02,5197.0
11:28,118.11,118.2,117.94,117.95,11526.0
11:29,118.08,118.16,118.04,118.14,7068.0
11:30,117.86,118.08,117.85,118.0,9939.0
11:31,117.95,118.05,117.82,117.91,23332.0
11:32,117.97,118.02,117.91,117.95,7707.0
11:33,118.21,118.22,117.93,117.93,12405.0
11:34,118.37,118.42,118.16,118.21,11949.0
11:35,118.21,118.57,118.18,118.39,24864.0
11:36,117.86,118.17,117.76,118.17,16043.0
11:37,117.89,117.9,117.81,117.83,7390.0
11:38,118.02,118.08,117.93,117.93,9698.0
11:39,117.99,118.05,117.94,118.01,6913.0
11:40,117.72,117.99,117.67,117.99,9755.0
11:41,117.71,117.72,117.56,117.69,12230.0
11:42,117.67,117.69,117.53,117.67,6658.0
11:43,117.68,117.72,117.47,117.63,29612.0
11:44,117.69,117.72,117.61,117.62,12908.0
11:45,117.69,117.71,117.6,117.7,8668.0
11:46,117.67,117.68,117.62,117.64,8450.0
11:47,117.5,117.65,117.46,117.65,7470.0
11:48,117.72,117.72,117.51,117.52,8301.0
11:49,117.79,117.82,117.67,117.71,6361.0
11:50,117.87,117.96,117.75,117.79,13429.0
11:51,117.88,117.93,117.83,117.85,8582.0
11:52,118.01,118.01,117.88,117.91,5975.0
11:53,118.33,118.33,117.96,118.01,26572.0
11:54,118.13,118.33,118.1,118.31,8335.0
11:55,118.29,118.29,118.08,118.08,13555.0
11:56,118.65,118.69,118.25,118.28,14038.0
11:57,118.65,118.67,118.52,118.64,10965.0
11:58,118.58,118.69,118.57,118.65,9126.0
11:59,118.54,118.6,118.51,118.59,15223.0
12:00,118.54,118.58,118.51,118.54,7478.0
12:01,118.61,118.61,118.51,118.54,13353.0
12:02,118.59,118.69,118.39,118.61,17059.0
12:03,118.61,118.64,118.54,118.57,9072.0
12:04,118.71,118.72,118.6,118.61,10079.0
12:05,118.8,118.93,118.72,118.75,37438.0
12:06,118.47,118.78,118.43,118.74,16474.0
12:07,118.6,118.64,118.37,118.47,11568.0
12:08,118.64,118.65,118.53,118.57,9792.0
12:09,118.66,118.7,118.61,118.64,15182.0
12:10,118.73,118.73,118.51,118.67,16895.0
12:11,118.75,118.8,118.72,118.75,11002.0
12:12,118.94,118.98,118.76,118.78,9014.0
12:13,119.22,119.24,118.98,118.99,23654.0
12:14,119.01,119.26,119.01,119.2,13210.0
12:15,118.9,119.03,118.74,119.03,12024.0
12:16,118.91,118.99,118.85,118.87,11795.0
12:17,118.99,118.99,118.91,118.94,6137.0
12:18,119.03,119.04,118.96,118.96,10338.0
12:19,118.79,119.03,118.78,119.03,13127.0
12:20,118.62,118.79,118.56,118.77,7328.0
12:21,118.68,118.8,118.61,118.67,8782.0
12:22,118.69,118.76,118.63,118.68,7685.0
12:23,118.86,118.86,118.72,118.72,4378.0
12:24,118.75,118.83,118.74,118.83,15073.0
12:25,118.74,118.84,118.74,118.78,7955.0
12:26,118.77,118.79,118.75,118.79,7979.0
12:27,118.68,118.85,118.61,118.8,14057.0
12:28,118.43,118.74,118.43,118.69,12085.0
12:29,118.18,118.54,118.11,118.46,24141.0
12:30,118.12,118.19,117.92,118.17,12678.0
12:31,118.12,118.14,118.09,118.12,10071.0
12:32,118.03,118.2,118.03,118.11,15543.0
12:33,118.21,118.23,118.02,118.07,9617.0
12:34,118.32,118.33,118.22,118.22,7630.0
12:35,118.55,118.56,118.27,118.32,13974.0
12:36,118.14,118.61,118.08,118.59,14767.0
12:37,118.14,118.23,118.12,118.14,6523.0
12:38,118.14,118.23,118.14,118.17,7218.0
12:39,118.12,118.14,118.03,118.14,11767.0
12:40,118.21,118.25,118.08,118.12,10167.0
12:41,118.1,118.23,118.07,118.23,7746.0
12:42,118.05,118.14,118.0,118.12,7110.0
12:43,117.9,118.09,117.86,118.08,8559.0
12:44,117.92,118.0,117.89,117.92,7757.0
12:45,118.05,118.06,117.89,117.89,14684.0
12:46,118.18,118.19,117.99,118.05,27957.0
12:47,118.12,118.13,118.08,118.13,4812.0
12:48,117.99,118.13,117.99,118.1,7783.0
12:49,118.0,118.0,117.94,117.97,4250.0
12:50,117.92,118.04,117.89,118.01,14762.0
12:51,117.97,118.0,117.9,117.9,5440.0
12:52,118.09,118.1,117.97,117.97,8861.0
12:53,118.29,118.29,118.09,118.1,7827.0
12:54,118.33,118.38,118.23,118.28,10917.0
12:55,118.37,118.37,118.26,118.33,6486.0
12:56,118.41,118.41,118.34,118.36,7734.0
12:57,118.35,118.46,118.35,118.39,7994.0
12:58,118.46,118.54,118.37,118.37,8095.0
12:59,118.39,118.52,118.34,118.44,6374.0
13:00,118.28,118.44,118.28,118.41,7938.0
13:01,118.38,118.38,118.25,118.29,15369.0
13:02,118.44,118.48,118.39,118.41,8010.0
13:03,118.43,118.43,118.36,118.41,6920.0
13:04,118.35,118.45,118.33,118.45,12164.0
13:05,118.29,118.37,118.18,118.37,6223.0
13:06,118.23,118.34,118.23,118.33,10657.0
13:07,118.24,118.28,118.21,118.24,11897.0
13:08,118.47,118.47,118.25,118.26,12816.0
13:09,118.44,118.45,118.4,118.41,6873.0
13:10,118.32,118.48,118.31,118.44,9524.0
13:11,118.19,118.25,118.14,118.25,6579.0
13:12,118.1,118.21,118.08,118.19,11223.0
13:13,118.05,118.14,118.05,118.08,9322.0
13:14,118.02,118.07,117.98,118.06,11393.0
13:15,118.02,118.04,117.99,118.04,11079.0
13:16,117.91,118.02,117.85,118.01,7781.0
13:17,118.05,118.06,117.89,117.89,10601.0
13:18,118.12,118.18,118.12,118.14,8627.0
13:19,118.11,118.16,118.1,118.12,6988.0
13:20,118.09,118.17,118.09,118.12,7757.0
13:21,118.1,118.22,118.07,118.08,16517.0
13:22,118.11,118.16,118.1,118.13,6350.0
13:23,118.12,118.12,117.97,118.11,18878.0
13:24,118.05,118.12,118.03,118.1,8827.0
13:25,117.97,118.11,117.96,118.08,20996.0
13:26,117.85,118.08,117.83,117.97,14446.0
13:27,118.0,118.01,117.85,117.89,15254.0
13:28,118.01,118.02,117.97,117.99,7644.0
13:29,118.1,118.11,117.96,118.02,14765.0
13:30,118.08,118.14,118.06,118.11,12754.0
13:31,118.25,118.25,118.05,118.08,15961.0
13:32,118.18,118.36,118.18,118.26,7750.0
13:33,118.12,118.18,118.12,118.18,5075.0
13:34,118.07,118.24,118.07,118.14,10240.0
13:35,118.25,118.26,118.0,118.09,9788.0
13:36,118.3,118.33,118.2,118.26,8076.0
13:37,118.35,118.42,118.27,118.27,5485.0
13:38,118.25,118.35,118.21,118.35,6958.0
13:39,118.34,118.37,118.27,118.27,7280.0
13:40,118.44,118.48,118.36,118.36,11471.0
13:41,118.43,118.48,118.42,118.44,8434.0
13:42,118.59,118.63,118.37,118.42,16468.0
13:43,118.78,118.81,118.57,118.59,13945.0
13:44,118.66,118.77,118.63,118.73,7992.0
13:45,118.5,118.65,118.5,118.65,6478.0
13:46,118.51,118.54,118.48,118.52,8745.0
13:47,118.45,118.52,118.42,118.52,6168.0
13:48,118.4,118.45,118.4,118.44,7737.0
13:49,118.16,118.41,118.16,118.41,7085.0
13:50,118.18,118.22,118.09,118.16,16692.0
13:51,118.14,118.16,118.04,118.16,8962.0
13:52,118.19,118.21,118.15,118.15,8657.0
13:53,118.07,118.17,118.07,118.17,9736.0
13:54,118.04,118.07,118.0,118.05,9234.0
13:55,118.17,118.17,118.03,118.06,13823.0
13:56,118.22,118.26,118.14,118.15,10213.0
13:57,118.26,118.27,118.22,118.24,8375.0
13:58,118.27,118.29,118.22,118.24,8134.0
13:59,118.32,118.34,118.26,118.26,8077.0
14:00,118.37,118.37,118.28,118.34,10426.0
14:01,118.47,118.48,118.38,118.38,6940.0
14:02,118.92,118.94,118.47,118.47,72064.0
14:03,119.09,119.09,118.78,118.9,33007.0
14:04,119.04,119.08,118.96,119.08,13439.0
14:05,119.29,119.32,118.99,119.02,23011.0
14:06,119.33,119.41,119.28,119.29,23052.0
14:07,119.32,119.42,119.27,119.35,14240.0
14:08,119.39,119.49,119.28,119.32,21544.0
14:09,119.38,119.42,119.29,119.39,15792.0
14:10,119.42,119.43,119.33,119.35,9658.0
14:11,119.42,119.46,119.38,119.42,15594.0
14:12,119.46,119.47,119.39,119.45,15608.0
14:13,119.42,119.45,119.37,119.42,18335.0
14:14,119.29,119.43,119.24,119.42,27188.0
14:15,119.36,119.42,119.24,119.29,15432.0
14:16,119.15,119.36,119.15,119.36,9935.0
14:17,119.11,119.25,119.07,119.15,10217.0
14:18,119.23,119.26,119.11,119.11,4485.0
14:19,119.25,119.25,119.11,119.22,10526.0
14:20,119.37,119.37,119.25,119.26,6940.0
14:21,119.25,119.33,119.18,119.33,15286.0
14:22,119.36,119.38,119.22,119.29,7193.0
14:23,119.37,119.45,119.33,119.33,12395.0
14:24,119.43,119.43,119.29,119.37,12299.0
14:25,119.29,119.47,119.25,119.42,12124.0
14:26,119.37,119.43,119.3,119.3,12051.0
14:27,119.56,119.56,119.37,119.4,14276.0
14:28,119.64,119.65,119.52,119.54,13656.0
14:29,119.66,119.82,119.63,119.64,25792.0
14:30,119.66,119.69,119.56,119.68,14334.0
14:31,119.71,119.74,119.65,119.65,11794.0
14:32,119.69,119.73,119.68,119.73,6751.0
14:33,119.61,119.73,119.59,119.73,13392.0
14:34,119.55,119.64,119.5,119.62,14996.0
14:35,119.67,119.67,119.57,119.57,6043.0
14:36,119.64,119.72,119.58,119.66,30574.0
14:37,119.74,119.77,119.67,119.67,10980.0
14:38,120.17,120.21,119.73,119.78,41881.0
14:39,120.12,120.21,120.07,120.17,19391.0
14:40,120.44,120.46,120.15,120.15,16979.0
14:41,120.32,120.51,120.31,120.43,20767.0
14:42,120.33,120.43,120.31,120.35,14083.0
14:43,120.29,120.43,120.24,120.36,13643.0
14:44,120.51,120.52,120.29,120.29,27862.0
14:45,120.5,120.55,120.4,120.52,41516.0
14:46,120.67,120.71,120.49,120.49,20985.0
14:47,120.55,120.72,120.51,120.66,24948.0
14:48,120.6,120.62,120.56,120.61,14721.0
14:49,120.52,120.59,120.49,120.59,20689.0
14:50,120.61,120.64,120.49,120.52,20065.0
14:51,120.72,120.81,120.64,120.64,21314.0
14:52,120.7,120.85,120.68,120.75,16572.0
14:53,120.77,120.77,120.69,120.7,21065.0
14:54,120.84,121.0,120.72,120.72,13171.0
14:55,120.7,120.89,120.64,120.81,13349.0
14:56,120.84,120.88,120.74,120.74,9138.0
14:57,120.82,120.91,120.82,120.83,12348.0
14:58,120.93,120.93,120.83,120.83,14890.0
14:59,120.95,121.03,120.88,120.94,28077.0
15:00,120.92,120.96,120.9,120.95,12228.0
15:01,120.92,120.96,120.81,120.94,15269.0
15:02,120.93,120.99,120.91,120.95,6664.0
15:03,121.04,121.16,120.92,120.92,20866.0
15:04,120.87,121.1,120.86,121.04,15016.0
15:05,120.9,120.9,120.75,120.89,11908.0
15:06,120.79,120.88,120.79,120.87,15766.0
15:07,120.81,120.85,120.62,120.81,15818.0
15:08,120.6,120.84,120.6,120.84,2495689.0
15:09,120.53,120.58,120.44,120.58,1.0
15:10,120.46,120.52,120.35,120.47,17869.0
15:11,120.51,120.52,120.4,120.47,13151.0
15:12,120.38,120.5,120.36,120.49,9116.0
15:13,120.29,120.36,120.24,120.36,12377.0
15:14,120.26,120.37,120.2,120.31,18460.0
15:15,120.22,120.28,120.09,120.28,16602.0
15:16,120.12,120.24,120.11,120.23,11032.0
15:17,120.09,120.15,120.08,120.12,9478.0
15:18,120.08,120.16,120.01,120.06,15984.0
15:19,120.08,120.26,120.07,120.09,12702.0
15:20,120.07,120.17,120.05,120.13,9604.0
15:21,120.11,120.18,119.96,120.06,16895.0
15:22,120.13,120.14,120.06,120.14,8695.0
15:23,120.18,120.18,120.08,120.18,7122.0
15:24,120.16,120.19,120.07,120.19,11221.0
15:25,120.19,120.22,120.17,120.17,7921.0
15:26,120.14,120.21,120.12,120.18,10442.0
15:27,120.25,120.26,120.15,120.15,9436.0
15:28,120.04,120.24,120.04,120.24,13186.0
15:29,119.99,120.07,119.89,120.0,30574.0
15:30,119.98,120.1,119.96,119.97,16079.0
15:31,120.2,120.23,119.98,119.99,24958.0
15:32,120.37,120.37,120.2,120.2,16398.0
15:33,120.36,120.49,120.3,120.36,31020.0
15:34,120.33,120.41,120.31,120.36,14624.0
15:35,120.66,120.66,120.36,120.37,20194.0
15:36,120.6,120.71,120.59,120.66,18089.0
15:37,120.7,120.72,120.57,120.6,16224.0
15:38,120.87,120.9,120.68,120.68,11188.0
15:39,120.97,120.99,120.82,120.88,24604.0
15:40,121.03,121.16,121.0,121.0,21542.0
15:41,120.9,121.03,120.87,121.02,14455.0
15:42,121.07,121.12,120.91,120.91,17896.0
15:43,121.22,121.24,121.07,121.08,19377.0
15:44,121.3,121.38,121.22,121.22,21373.0
15:45,121.36,121.37,121.29,121.3,18089.0
15:46,121.36,121.43,121.3,121.36,27466.0
15:47,121.31,121.44,121.31,121.37,22156.0
15:48,121.36,121.42,121.31,121.31,23264.0
15:49,121.2,121.39,121.18,121.38,34740.0
15:50,121.31,121.37,121.2,121.21,24679.0
15:51,121.43,121.45,121.23,121.3,27538.0
15:52,121.37,121.45,121.33,121.42,41076.0
15:53,121.32,121.38,121.31,121.37,36589.0
15:54,120.97,121.39,120.89,121.32,63953.0
15:55,121.16,121.17,120.66,120.89,96913.0
15:56,121.03,121.18,121.01,121.14,80213.0
15:57,121.03,121.05,120.88,121.03,79230.0
15:58,120.9,121.02,120.89,121.02,84713.0
15:59,120.87,120.94,120.81,120.89,141997.0
