Time,Close,High,Low,Open,Volume
09:30,81.36,81.82,81.33,81.78,180632.0
09:31,81.19,81.57,81.19,81.39,24175.0
09:32,81.36,81.4,81.15,81.25,38851.0
09:33,81.32,81.34,81.09,81.29,12905.0
09:34,81.03,81.37,81.03,81.37,13848.0
09:35,80.83,81.16,80.83,81.08,20302.0
09:36,81.02,81.08,80.8,80.8,36002.0
09:37,81.13,81.16,80.85,81.01,17412.0
09:38,81.35,81.38,81.1,81.13,23133.0
09:39,81.56,81.68,81.28,81.28,11688.0
09:40,81.49,81.56,81.46,81.55,7616.0
09:41,81.52,81.54,81.44,81.47,8549.0
09:42,81.59,81.65,81.56,81.56,9533.0
09:43,81.62,81.64,81.54,81.6,8829.0
09:44,81.53,81.66,81.53,81.64,12290.0
09:45,81.62,81.66,81.51,81.54,11918.0
09:46,81.46,81.64,81.41,81.61,37980.0
09:47,81.47,81.53,81.43,81.46,24710.0
09:48,81.54,81.55,81.42,81.5,8575.0
09:49,81.62,81.66,81.52,81.55,8919.0
09:50,81.71,81.71,81.58,81.66,6187.0
09:51,81.75,81.85,81.71,81.71,30840.0
09:52,81.79,81.82,81.72,81.77,22994.0
09:53,81.79,81.87,81.74,81.79,18158.0
09:54,81.88,81.92,81.76,81.79,48963.0
09:55,81.83,81.95,81.82,81.89,12672.0
09:56,81.87,81.89,81.83,81.83,10098.0
09:57,81.88,81.9,81.8,81.85,39902.0
09:58,81.73,81.85,81.7,81.85,14602.0
09:59,81.62,81.73,81.61,81.71,19957.0
10:00,81.65,81.65,81.56,81.62,32164.0
10:01,81.84,81.86,81.64,81.64,11747.0
10:02,81.78,81.83,81.74,81.82,13455.0
10:03,81.71,81.82,81.71,81.78,5407.0
10:04,81.72,81.75,81.67,81.71,11552.0
10:05,81.66,81.74,81.64,81.72,19982.0
10:06,81.65,81.74,81.64,81.65,11249.0
10:07,81.72,81.75,81.66,81.67,11355.0
10:08,81.68,81.76,81.66,81.73,11711.0
10:09,81.58,81.68,81.55,81.68,21948.0
10:10,81.66,81.66,81.56,81.56,22475.0
10:11,81.57,81.66,81.53,81.65,17528.0
10:12,81.78,81.81,81.56,81.56,17558.0
10:13,81.7,81.82,81.69,81.81,7983.0
10:14,81.7,81.78,81.67,81.68,13928.0
10:15,81.68,81.73,81.68,81.7,8269.0
10:16,81.63,81.7,81.62,81.68,13844.0
10:17,81.67,81.69,81.62,81.65,20314.0
10:18,81.75,81.77,81.65,81.65,8613.0
10:19,81.81,81.82,81.75,81.76,9489.0
10:20,81.73,81.82,81.73,81.81,10680.0
10:21,81.71,81.75,81.67,81.74,15437.0
10:22,81.61,81.72,81.61,81.71,19144.0
10:23,81.6,81.63,81.6,81.61,9486.0
10:24,81.59,81.63,81.56,81.6,14062.0
10:25,81.68,81.69,81.58,81.6,7883.0
10:26,81.63,81.7,81.63,81.68,7379.0
10:27,81.69,81.69,81.65,81.67,6479.0
10:28,81.69,81.7,81.65,81.7,6103.0
10:29,81.68,81.69,81.65,81.67,8381.0
10:30,81.62,81.7,81.62,81.67,16347.0
10:31,81.6,81.64,81.59,81.6,6453.0
10:32,81.62,81.66,81.59,81.6,14327.0
10:33,81.61,81.66,81.6,81.64,21323.0
10:34,81.61,81.61,81.58,81.6,6975.0
10:35,81.58,81.59,81.55,81.59,10964.0
10:36,81.61,81.61,81.55,81.59,13890.0
10:37,81.62,81.64,81.6,81.6,8753.0
10:38,81.65,81.67,81.65,81.65,6302.0
10:39,81.69,81.69,81.62,81.66,25177.0
10:40,81.6,81.68,81.6,81.68,8053.0
10:41,81.59,81.65,81.59,81.6,14045.0
10:42,81.56,81.57,81.5,81.56,9458.0
10:43,81.6,81.6,81.54,81.54,5868.0
10:44,81.59,81.61,81.58,81.59,7374.0
10:45,81.56,81.6,81.56,81.6,8019.0
10:46,81.68,81.69,81.53,81.56,27515.0
10:47,81.61,81.68,81.57,81.68,12334.0
10:48,81.64,81.65,81.61,81.62,11433.0
10:49,81.71,81.73,81.65,81.66,3559.0
10:50,81.74,81.74,81.68,81.72,8666.0
10:51,81.78,81.79,81.69,81.73,13790.0
10:52,81.87,81.94,81.78,81.78,28293.0
10:53,81.86,81.92,81.85,81.87,20152.0
10:54,81.88,81.9,81.86,81.86,15808.0
10:55,81.92,81.92,81.88,81.89,9315.0
10:56,81.95,81.96,81.9,81.93,9721.0
10:57,82.01,82.01,81.93,81.95,14116.0
10:58,82.07,82.08,82.02,82.04,9683.0
10:59,82.05,82.13,82.02,82.08,20903.0
11:00,82.06,82.11,82.04,82.05,11128.0
11:01,82.07,82.09,82.04,82.04,7521.0
11:02,82.02,82.07,81.99,82.07,19151.0
11:03,82.21,82.21,82.03,82.03,25508.0
11:04,82.18,82.21,82.17,82.21,13879.0
11:05,82.04,82.15,82.04,82.14,8472.0
11:06,82.05,82.05,81.95,82.03,10956.0
11:07,82.0,82.07,82.0,82.07,23308.0
11:08,82.01,82.04,82.0,82.02,23435.0
11:09,82.02,82.02,82.01,82.01,3565.0
11:10,81.91,82.01,81.91,82.01,8542.0
11:11,81.83,81.95,81.83,81.93,51552.0
11:12,81.87,81.9,81.85,81.85,6119.0
11:13,81.86,81.9,81.84,81.86,12318.0
11:14,81.89,81.9,81.84,81.86,16771.0
11:15,81.92,81.93,81.89,81.89,12699.0
11:16,81.93,81.97,81.89,81.92,50180.0
11:17,81.92,81.95,81.85,81.94,47450.0
11:18,81.89,81.92,81.82,81.92,33230.0
11:19,81.91,81.93,81.89,81.9,6138.0
11:20,81.87,81.9,81.84,81.9,8856.0
11:21,81.95,81.95,81.85,81.85,10833.0
11:22,81.89,81.97,81.86,81.97,7286.0
11:23,81.86,81.91,81.86,81.89,4466.0
11:24,81.96,81.98,81.89,81.89,16468.0
11:25,81.8,81.95,81.8,81.95,6999.0
11:26,81.77,81.82,81.76,81.82,17603.0
11:27,81.75,81.79,81.75,81.78,7352.0
11:28,81.76,81.78,81.75,81.75,5546.0
11:29,81.64,81.75,81.64,81.74,11305.0
11:30,81.65,81.67,81.62,81.62,5716.0
11:31,81.72,81.75,81.66,81.66,7105.0
11:32,81.71,81.73,81.71,81.72,7787.0
11:33,81.67,81.71,81.67,81.71,6240.0
11:34,81.68,81.71,81.65,81.67,11434.0
11:35,81.75,81.75,81.67,81.68,2716.0
11:36,81.75,81.78,81.72,81.75,19385.0
11:37,81.74,81.76,81.74,81.76,6097.0
11:38,81.78,81.79,81.72,81.73,8194.0
11:39,81.8,81.8,81.76,81.78,3966.0
11:40,81.78,81.81,81.76,81.79,7936.0
11:41,81.72,81.76,81.71,81.76,6541.0
11:42,81.76,81.76,81.72,81.72,4891.0
11:43,81.84,81.84,81.72,81.74,11128.0
11:44,81.81,81.85,81.8,81.85,6632.0
11:45,81.84,81.85,81.82,81.82,4032.0
11:46,81.89,81.89,81.84,81.84,3327.0
11:47,81.8,81.89,81.8,81.88,9864.0
11:48,81.81,81.82,81.8,81.8,2853.0
11:49,81.8,81.81,81.79,81.81,4027.0
11:50,81.84,81.85,81.79,81.79,11879.0
11:51,81.89,81.89,81.83,81.85,5218.0
11:52,81.89,81.9,81.87,81.87,5140.0
11:53,81.91,81.97,81.89,81.89,22625.0
11:54,81.93,81.95,81.9,81.92,9675.0
11:55,81.93,81.93,81.91,81.93,4283.0
11:56,81.92,81.95,81.91,81.94,3077.0
11:57,81.92,81.93,81.9,81.91,5980.0
11:58,81.95,81.95,81.91,81.93,7568.0
11:59,81.92,81.95,81.92,81.95,6621.0
12:00,81.89,81.93,81.89,81.93,5377.0
12:01,81.91,81.92,81.89,81.89,5688.0
12:02,81.89,81.92,81.89,81.9,5708.0
12:03,81.89,81.9,81.89,81.9,3508.0
12:04,81.82,81.88,81.82,81.88,4882.0
12:05,81.85,81.85,81.81,81.83,4566.0
12:06,81.86,81.87,81.83,81.85,4827.0
12:07,81.88,81.9,81.86,81.86,4399.0
12:08,81.9,81.91,81.89,81.89,4265.0
12:09,81.89,81.89,81.88,81.89,1604.0
12:10,81.89,81.94,81.87,81.88,9411.0
12:11,81.89,81.91,81.89,81.9,13853.0
12:12,81.84,81.88,81.82,81.88,9792.0
12:13,81.8,81.86,81.79,81.85,6433.0
12:14,81.81,81.81,81.81,81.81,2187.0
12:15,81.82,81.84,81.81,81.82,6790.0
12:16,81.8,81.82,81.8,81.82,3277.0
12:17,81.77,81.79,81.77,81.79,2459.0
12:18,81.79,81.8,81.77,81.78,9780.0
12:19,81.79,81.8,81.76,81.79,6803.0
12:20,81.7,81.8,81.69,81.79,7647.0
12:21,81.75,81.75,81.66,81.69,13790.0
12:22,81.77,81.78,81.76,81.76,3861.0
12:23,81.87,81.87,81.78,81.78,12237.0
12:24,81.81,81.87,81.79,81.87,89961.0
12:25,81.84,81.86,81.8,81.8,6915.0
12:26,81.87,81.87,81.84,81.86,62959.0
12:27,81.85,81.87,81.85,81.87,2221.0
12:28,81.82,81.84,81.81,81.84,4599.0
12:29,81.87,81.87,81.82,81.82,5317.0
12:30,81.85,81.91,81.85,81.87,9098.0
12:31,81.84,81.86,81.82,81.85,10579.0
12:32,81.89,81.94,81.84,81.84,11183.0
12:33,81.84,81.9,81.84,81.9,6065.0
12:34,81.87,81.88,81.86,81.86,4001.0
12:35,81.82,81.88,81.82,81.88,4266.0
12:36,81.8,81.83,81.8,81.81,5221.0
12:37,81.79,81.81,81.79,81.81,5351.0
12:38,81.79,81.79,81.77,81.78,5228.0
12:39,81.75,81.79,81.75,81.79,3839.0
12:40,81.74,81.77,81.72,81.75,12912.0
12:41,81.71,81.73,81.69,81.73,9248.0
12:42,81.7,81.72,81.7,81.71,4137.0
12:43,81.75,81.75,81.67,81.69,7733.0
12:44,81.75,81.75,81.74,81.75,3724.0
12:45,81.74,81.75,81.73,81.75,4864.0
12:46,81.73,81.75,81.71,81.72,5322.0
12:47,81.73,81.75,81.72,81.74,2680.0
12:48,81.77,81.77,81.74,81.74,4583.0
12:49,81.76,81.78,81.76,81.78,4128.0
12:50,81.78,81.81,81.75,81.76,10659.0
12:51,81.77,81.79,81.77,81.79,2355.0
12:52,81.76,81.79,81.76,81.77,3726.0
12:53,81.71,81.77,81.71,81.77,3294.0
12:54,81.69,81.7,81.69,81.7,3151.0
12:55,81.68,81.7,81.67,81.7,2782.0
12:56,81.65,81.69,81.65,81.68,5574.0
12:57,81.64,81.66,81.64,81.64,3532.0
12:58,81.65,81.66,81.64,81.66,3704.0
12:59,81.59,81.66,81.59,81.65,8021.0
13:00,81.67,81.71,81.58,81.59,25919.0
13:01,81.64,81.68,81.64,81.68,6052.0
13:02,81.6,81.65,81.6,81.63,4271.0
13:03,81.55,81.64,81.55,81.59,12282.0
13:04,81.52,81.56,81.52,81.55,6446.0
13:05,81.52,81.52,81.47,81.52,10845.0
13:06,81.5,81.51,81.48,81.49,3114.0
13:07,81.51,81.53,81.5,81.5,8328.0
13:08,81.54,81.56,81.52,81.52,9223.0
13:09,81.52,81.54,81.52,81.54,2108.0
13:10,81.6,81.6,81.52,81.53,7847.0
13:11,81.63,81.63,81.58,81.58,3667.0
13:12,81.57,81.62,81.55,81.62,19661.0
13:13,81.59,81.6,81.58,81.58,5000.0
13:14,81.6,81.6,81.56,81.59,4729.0
13:15,81.62,81.62,81.59,81.59,4636.0
13:16,81.62,81.62,81.6,81.61,2332.0
13:17,81.61,81.62,81.56,81.62,9979.0
13:18,81.59,81.6,81.59,81.6,3772.0
13:19,81.62,81.62,81.6,81.6,10939.0
13:20,81.65,81.69,81.62,81.62,33761.0
13:21,81.7,81.7,81.65,81.65,4684.0
13:22,81.75,81.77,81.72,81.72,6490.0
13:23,81.72,81.75,81.7,81.74,5879.0
13:24,81.68,81.71,81.66,81.7,7868.0
13:25,81.65,81.68,81.65,81.68,5643.0
13:26,81.64,81.64,81.63,81.64,9943.0
13:27,81.65,81.66,81.64,81.64,3746.0
13:28,81.64,81.65,81.62,81.65,8382.0
13:29,81.61,81.64,81.61,81.63,5777.0
13:30,81.71,81.71,81.62,81.62,5418.0
13:31,81.64,81.71,81.64,81.7,5120.0
13:32,81.68,81.68,81.64,81.65,5948.0
13:33,81.63,81.68,81.63,81.68,7326.0
13:34,81.62,81.64,81.61,81.64,3508.0
13:35,81.64,81.64,81.62,81.62,5572.0
13:36,81.65,81.65,81.62,81.64,9187.0
13:37,81.69,81.69,81.65,81.65,9716.0
13:38,81.74,81.76,81.68,81.69,19246.0
13:39,81.69,81.74,81.69,81.74,5448.0
13:40,81.69,81.71,81.68,81.69,11090.0
13:41,81.72,81.72,81.69,81.69,6124.0
13:42,81.73,81.77,81.72,81.73,8283.0
13:43,81.71,81.74,81.71,81.73,5405.0
13:44,81.73,81.74,81.69,81.71,6002.0
13:45,81.72,81.73,81.71,81.72,3615.0
13:46,81.69,81.72,81.67,81.72,7164.0
13:47,81.64,81.7,81.64,81.69,8404.0
13:48,81.6,81.65,81.6,81.64,10208.0
13:49,81.59,81.61,81.57,81.6,5001.0
13:50,81.67,81.67,81.6,81.6,6227.0
13:51,81.62,81.67,81.61,81.67,7232.0
13:52,81.65,81.65,81.62,81.62,11801.0
13:53,81.6,81.66,81.6,81.66,6371.0
13:54,81.6,81.62,81.59,81.6,7117.0
13:55,81.58,81.61,81.58,81.6,5020.0
13:56,81.54,81.58,81.53,81.58,8992.0
13:57,81.57,81.57,81.54,81.55,17552.0
13:58,81.57,81.57,81.55,81.56,6103.0
13:59,81.55,81.56,81.54,81.56,5387.0
14:00,81.53,81.56,81.52,81.54,8150.0
14:01,81.54,81.54,81.53,81.53,6156.0
14:02,81.57,81.57,81.53,81.53,7045.0
14:03,81.55,81.56,81.55,81.55,8498.0
14:04,81.55,81.56,81.54,81.55,3882.0
14:05,81.47,81.54,81.47,81.53,6347.0
14:06,81.5,81.52,81.48,81.48,4685.0
14:07,81.56,81.58,81.5,81.51,26580.0
14:08,81.54,81.57,81.53,81.55,7697.0
14:09,81.51,81.57,81.5,81.53,15102.0
14:10,81.55,81.56,81.51,81.51,7878.0
14:11,81.53,81.56,81.51,81.55,5720.0
14:12,81.54,81.54,81.48,81.52,10481.0
14:13,81.59,81.59,81.54,81.54,19815.0
14:14,81.68,81.68,81.57,81.58,13374.0
14:15,81.71,81.72,81.68,81.68,11807.0
14:16,81.67,81.71,81.67,81.71,5390.0
14:17,81.64,81.7,81.64,81.68,10760.0
14:18,81.65,81.66,81.64,81.65,9232.0
14:19,81.61,81.65,81.58,81.65,8428.0
14:20,81.61,81.61,81.59,81.59,8501.0
14:21,81.56,81.61,81.56,81.61,5479.0
14:22,81.56,81.6,81.56,81.57,8193.0
14:23,81.57,81.57,81.53,81.57,5794.0
14:24,81.53,81.57,81.52,81.57,10912.0
14:25,81.54,81.55,81.53,81.53,5871.0
14:26,81.51,81.55,81.51,81.54,11619.0
14:27,81.51,81.53,81.5,81.52,11269.0
14:28,81.54,81.55,81.5,81.51,7491.0
14:29,81.54,81.55,81.53,81.54,7974.0
14:30,81.51,81.56,81.5,81.54,12477.0
14:31,81.49,81.51,81.48,81.5,8228.0
14:32,81.46,81.51,81.45,81.5,5613.0
14:33,81.46,81.46,81.44,81.46,5959.0
14:34,81.47,81.47,81.42,81.46,11252.0
14:35,81.44,81.46,81.42,81.46,8349.0
14:36,81.41,81.44,81.4,81.44,6190.0
14:37,81.41,81.43,81.4,81.4,6408.0
14:38,81.39,81.41,81.39,81.41,4028.0
14:39,81.39,81.41,81.39,81.39,9591.0
14:40,81.36,81.4,81.35,81.39,6312.0
14:41,81.34,81.37,81.34,81.35,6287.0
14:42,81.35,81.37,81.35,81.35,8768.0
14:43,81.32,81.36,81.32,81.35,6221.0
14:44,81.39,81.39,81.33,81.33,9346.0
14:45,81.45,81.45,81.4,81.4,18777.0
14:46,81.44,81.45,81.43,81.45,9195.0
14:47,81.46,81.46,81.44,81.44,6630.0
14:48,81.41,81.45,81.41,81.45,6592.0
14:49,81.43,81.45,81.41,81.41,8300.0
14:50,81.48,81.48,81.43,81.45,7422.0
14:51,81.48,81.49,81.46,81.46,7034.0
14:52,81.47,81.5,81.45,81.46,8589.0
14:53,81.49,81.49,81.47,81.48,4213.0
14:54,81.51,81.53,81.49,81.49,11404.0
14:55,81.53,81.54,81.49,81.51,6969.0
14:56,81.5,81.52,81.48,81.52,8285.0
14:57,81.5,81.51,81.48,81.5,6771.0
14:58,81.52,81.53,81.5,81.5,7526.0
14:59,81.53,81.56,81.52,81.52,13470.0
15:00,81.53,81.54,81.5,81.54,6741.0
15:01,81.56,81.57,81.52,81.53,11802.0
15:02,81.53,81.56,81.51,81.56,7173.0
15:03,81.53,81.55,81.52,81.53,8728.0
15:04,81.54,81.56,81.54,81.54,8403.0
15:05,81.54,81.54,81.52,81.54,11985.0
15:06,81.54,81.56,81.52,81.55,30338.0
15:07,81.53,81.53,81.51,81.53,6256.0
15:08,81.54,81.56,81.52,81.53,15484.0
15:09,81.5,81.54,81.5,81.54,8086.0
15:10,81.51,81.51,81.49,81.5,13458.0
15:11,81.53,81.53,81.52,81.52,5259.0
15:12,81.54,81.54,81.52,81.53,11042.0
15:13,81.57,81.57,81.54,81.54,36357.0
15:14,81.58,81.59,81.57,81.58,11950.0
15:15,81.61,81.61,81.58,81.59,21703.0
15:16,81.63,81.64,81.61,81.61,13777.0
15:17,81.62,81.63,81.58,81.63,9913.0
15:18,81.58,81.62,81.58,81.62,9377.0
15:19,81.6,81.61,81.58,81.59,7191.0
15:20,81.57,81.6,81.57,81.6,8277.0
15:21,81.55,81.57,81.55,81.57,7086.0
15:22,81.54,81.54,81.54,81.54,5435.0
15:23,81.57,81.57,81.53,81.54,10686.0
15:24,81.51,81.56,81.51,81.56,9779.0
15:25,81.51,81.54,81.51,81.51,11816.0
15:26,81.51,81.54,81.5,81.51,12392.0
15:27,81.54,81.55,81.52,81.52,9696.0
15:28,81.53,81.55,81.51,81.54,9211.0
15:29,81.53,81.53,81.51,81.52,10198.0
15:30,81.5,81.55,81.49,81.54,13256.0
15:31,81.44,81.5,81.44,81.5,13473.0
15:32,81.43,81.45,81.43,81.44,7901.0
15:33,81.41,81.45,81.41,81.45,5355.0
15:34,81.43,81.47,81.42,81.42,11827.0
15:35,81.47,81.47,81.44,81.44,7813.0
15:36,81.52,81.52,81.46,81.47,13230.0
15:37,81.52,81.52,81.51,81.51,11197.0
15:38,81.53,81.53,81.51,81.52,13789.0
15:39,81.53,81.55,81.53,81.53,21482.0
15:40,81.52,81.52,81.5,81.52,18282.0
15:41,81.53,81.54,81.52,81.53,14773.0
15:42,81.55,81.55,81.52,81.53,11845.0
15:43,81.53,81.56,81.53,81.55,15725.0
15:44,81.57,81.57,81.53,81.54,15850.0
15:45,81.64,81.64,81.56,81.56,13373.0
15:46,81.62,81.65,81.6,81.64,12964.0
15:47,81.57,81.64,81.57,81.64,16048.0
15:48,81.51,81.57,81.5,81.57,16739.0
15:49,81.48,81.54,81.46,81.52,20162.0
15:50,81.42,81.48,81.39,81.48,40768.0
15:51,81.4,81.44,81.4,81.43,14896.0
15:52,81.45,81.45,81.4,81.4,18948.0
15:53,81.54,81.54,81.46,81.46,22966.0
15:54,81.6,81.62,81.53,81.55,38327.0
15:55,81.56,81.64,81.53,81.61,29556.0
15:56,81.54,81.6,81.54,81.56,37221.0
15:57,81.58,81.61,81.54,81.55,44779.0
15:58,81.62,81.62,81.57,81.58,87273.0
15:59,81.7,81.7,81.62,81.62,147579.0
