Time,Close,High,Low,Open,Volume
09:30,81.39,81.53,81.26,81.42,149075.0
09:31,81.47,81.5,81.22,81.34,10844.0
09:32,81.44,81.71,81.38,81.47,28905.0
09:33,81.56,81.6,81.44,81.44,13270.0
09:34,81.36,81.62,81.29,81.61,12308.0
09:35,81.35,81.38,81.28,81.38,10247.0
09:36,81.41,81.53,81.24,81.36,17075.0
09:37,81.22,81.46,81.22,81.41,7463.0
09:38,81.26,81.35,81.16,81.22,13109.0
09:39,81.23,81.32,81.21,81.29,11774.0
09:40,81.36,81.44,81.22,81.22,24128.0
09:41,81.17,81.36,81.11,81.36,7410.0
09:42,81.38,81.41,81.18,81.19,8802.0
09:43,81.43,81.53,81.34,81.34,8900.0
09:44,81.47,81.49,81.42,81.46,3623.0
09:45,81.38,81.49,81.33,81.45,25948.0
09:46,81.38,81.41,81.36,81.36,6443.0
09:47,81.35,81.39,81.26,81.36,9401.0
09:48,81.52,81.52,81.35,81.35,10604.0
09:49,81.66,81.7,81.53,81.53,5255.0
09:50,81.6,81.69,81.56,81.66,14672.0
09:51,81.6,81.62,81.56,81.62,8604.0
09:52,81.5,81.55,81.49,81.54,11267.0
09:53,81.46,81.53,81.4,81.5,7349.0
09:54,81.65,81.65,81.5,81.5,4774.0
09:55,81.65,81.7,81.64,81.69,7423.0
09:56,81.53,81.66,81.53,81.64,4778.0
09:57,81.63,81.64,81.56,81.56,7336.0
09:58,81.51,81.66,81.51,81.64,3740.0
09:59,81.52,81.54,81.48,81.54,11845.0
10:00,81.49,81.53,81.45,81.51,7684.0
10:01,81.46,81.58,81.46,81.48,6230.0
10:02,81.39,81.5,81.35,81.43,8043.0
10:03,81.29,81.5,81.28,81.42,31470.0
10:04,81.44,81.45,81.22,81.27,10257.0
10:05,81.43,81.43,81.35,81.4,12921.0
10:06,81.49,81.51,81.43,81.43,5303.0
10:07,81.6,81.6,81.46,81.46,31233.0
10:08,81.55,81.65,81.54,81.61,5230.0
10:09,81.58,81.59,81.54,81.55,16936.0
10:10,81.62,81.64,81.55,81.57,6505.0
10:11,81.61,81.65,81.56,81.61,13935.0
10:12,81.63,81.69,81.61,81.62,10223.0
10:13,81.49,81.64,81.49,81.6,7290.0
10:14,81.53,81.57,81.49,81.49,12185.0
10:15,81.49,81.52,81.45,81.52,11379.0
10:16,81.38,81.51,81.36,81.47,7688.0
10:17,81.44,81.45,81.35,81.4,6504.0
10:18,81.47,81.5,81.46,81.46,5861.0
10:19,81.38,81.47,81.35,81.47,8879.0
10:20,81.48,81.49,81.39,81.4,10361.0
10:21,81.4,81.47,81.4,81.47,6557.0
10:22,81.46,81.5,81.42,81.43,10755.0
10:23,81.44,81.48,81.43,81.44,10381.0
10:24,81.5,81.5,81.43,81.43,8823.0
10:25,81.46,81.52,81.42,81.5,9311.0
10:26,81.58,81.58,81.44,81.46,16225.0
10:27,81.54,81.54,81.5,81.54,5792.0
10:28,81.54,81.58,81.5,81.51,9052.0
10:29,81.58,81.63,81.52,81.54,17491.0
10:30,81.6,81.61,81.56,81.6,18926.0
10:31,81.58,81.62,81.56,81.6,26183.0
10:32,81.59,81.67,81.54,81.56,9579.0
10:33,81.64,81.69,81.6,81.6,21185.0
10:34,81.69,81.72,81.63,81.64,16419.0
10:35,81.72,81.72,81.67,81.69,9969.0
10:36,81.71,81.73,81.66,81.71,18997.0
10:37,81.73,81.73,81.69,81.71,7994.0
10:38,81.77,81.81,81.73,81.73,30154.0
10:39,81.79,81.79,81.73,81.77,11894.0
10:40,81.8,81.81,81.77,81.81,5559.0
10:41,81.79,81.81,81.77,81.79,9514.0
10:42,81.79,81.8,81.76,81.78,10762.0
10:43,81.82,81.83,81.76,81.79,16285.0
10:44,81.81,81.82,81.76,81.8,9545.0
10:45,81.79,81.82,81.76,81.81,6722.0
10:46,81.78,81.84,81.75,81.79,9086.0
10:47,81.76,81.8,81.74,81.75,12091.0
10:48,81.68,81.81,81.67,81.75,20813.0
10:49,81.64,81.71,81.62,81.7,7837.0
10:50,81.64,81.64,81.56,81.64,9605.0
10:51,81.64,81.7,81.63,81.63,6696.0
10:52,81.69,81.71,81.62,81.65,9152.0
10:53,81.71,81.72,81.66,81.69,18322.0
10:54,81.68,81.71,81.65,81.69,8451.0
10:55,81.68,81.69,81.68,81.69,15184.0
10:56,81.7,81.72,81.64,81.68,22124.0
10:57,81.75,81.77,81.68,81.7,10315.0
10:58,81.85,81.85,81.73,81.77,10162.0
10:59,81.86,81.88,81.82,81.85,12204.0
11:00,81.98,82.02,81.87,81.88,39690.0
11:01,82.04,82.08,82.0,82.0,14179.0
11:02,82.09,82.11,82.03,82.04,9309.0
11:03,81.98,82.1,81.92,82.1,11003.0
11:04,82.06,82.08,81.98,81.98,17670.0
11:05,82.08,82.13,82.07,82.07,9484.0
11:06,82.01,82.09,82.01,82.08,11903.0
11:07,82.05,82.08,81.99,82.01,19099.0
11:08,82.02,82.07,82.02,82.05,14434.0
11:09,82.03,82.07,82.02,82.02,9387.0
11:10,81.89,82.03,81.89,82.02,7400.0
11:11,81.89,81.92,81.88,81.91,3587.0
11:12,81.89,81.9,81.87,81.89,3539.0
11:13,81.96,81.98,81.88,81.89,8765.0
11:14,82.03,82.03,81.94,81.94,14688.0
11:15,82.09,82.09,82.03,82.03,7851.0
11:16,82.09,82.11,82.06,82.08,13160.0
11:17,82.11,82.12,82.09,82.09,8709.0
11:18,82.24,82.25,82.13,82.14,15051.0
11:19,82.26,82.29,82.0,82.26,364361.0
11:20,82.14,82.26,82.1,82.26,15085.0
11:21,82.12,82.14,82.1,82.13,8764.0
11:22,82.03,82.14,82.01,82.11,14104.0
11:23,82.07,82.08,82.01,82.03,8123.0
11:24,82.1,82.11,82.04,82.11,19692.0
11:25,82.07,82.1,82.03,82.1,15487.0
11:26,82.08,82.09,82.04,82.06,7358.0
11:27,82.07,82.13,82.05,82.08,14356.0
11:28,82.06,82.1,82.03,82.09,16112.0
11:29,82.09,82.12,82.04,82.06,24619.0
11:30,82.11,82.14,82.09,82.09,7931.0
11:31,82.14,82.21,82.12,82.12,60450.0
11:32,82.18,82.24,82.15,82.16,5536.0
11:33,82.21,82.24,82.19,82.22,4516.0
11:34,82.23,82.28,82.23,82.26,8094.0
11:35,82.25,82.26,82.23,82.25,8760.0
11:36,82.33,82.35,82.23,82.25,17799.0
11:37,82.33,82.35,82.3,82.35,6598.0
11:38,82.35,82.36,82.28,82.33,7809.0
11:39,82.36,82.39,82.35,82.38,11340.0
11:40,82.36,82.41,82.34,82.36,13892.0
11:41,82.42,82.42,82.33,82.36,23610.0
11:42,82.39,82.44,82.39,82.42,18173.0
11:43,82.42,82.43,82.4,82.41,6163.0
11:44,82.4,82.45,82.4,82.4,10648.0
11:45,82.43,82.47,82.41,82.41,6663.0
11:46,82.54,82.55,82.39,82.43,14012.0
11:47,82.56,82.56,82.52,82.54,10111.0
11:48,82.56,82.58,82.54,82.54,8623.0
11:49,82.56,82.57,82.54,82.57,8961.0
11:50,82.57,82.58,82.54,82.54,10010.0
11:51,82.54,82.57,82.53,82.57,11096.0
11:52,82.55,82.58,82.51,82.54,16638.0
11:53,82.58,82.63,82.55,82.55,17095.0
11:54,82.59,82.59,82.54,82.59,19589.0
11:55,82.58,82.61,82.57,82.6,11331.0
11:56,82.6,82.61,82.56,82.58,10234.0
11:57,82.51,82.58,82.46,82.58,42024.0
11:58,82.5,82.54,82.49,82.51,9472.0
11:59,82.4,82.5,82.34,82.5,13666.0
12:00,82.32,82.39,82.27,82.39,16054.0
12:01,82.3,82.33,82.27,82.31,5318.0
12:02,82.32,82.36,82.3,82.32,9937.0
12:03,82.33,82.35,82.31,82.32,12177.0
12:04,82.33,82.38,82.33,82.34,12487.0
12:05,82.43,82.43,82.36,82.37,8040.0
12:06,82.4,82.44,82.37,82.43,8885.0
12:07,82.38,82.42,82.37,82.42,7863.0
12:08,82.27,82.38,82.27,82.37,8172.0
12:09,82.26,82.29,82.26,82.29,4584.0
12:10,82.25,82.29,82.2,82.27,10614.0
12:11,82.27,82.27,82.22,82.24,7721.0
12:12,82.24,82.28,82.24,82.28,4156.0
12:13,82.21,82.25,82.21,82.23,3651.0
12:14,82.12,82.2,82.09,82.2,7495.0
12:15,82.14,82.14,82.09,82.1,8788.0
12:16,82.08,82.16,82.0,82.13,33955.0
12:17,82.11,82.12,82.04,82.08,10254.0
12:18,82.17,82.17,82.12,82.12,5684.0
12:19,82.17,82.19,82.15,82.17,5643.0
12:20,82.23,82.23,82.16,82.17,9638.0
12:21,82.18,82.24,82.16,82.22,4997.0
12:22,82.22,82.22,82.16,82.16,3330.0
12:23,82.27,82.27,82.23,82.23,5787.0
12:24,82.27,82.3,82.26,82.28,7218.0
12:25,82.27,82.28,82.25,82.27,5049.0
12:26,82.27,82.29,82.26,82.28,6775.0
12:27,82.24,82.27,82.22,82.27,4209.0
12:28,82.25,82.27,82.24,82.24,5371.0
12:29,82.26,82.28,82.26,82.27,4363.0
12:30,82.28,82.29,82.25,82.28,5783.0
12:31,82.29,82.33,82.27,82.27,17180.0
12:32,82.27,82.29,82.26,82.29,4696.0
12:33,82.28,82.3,82.26,82.28,4992.0
12:34,82.32,82.34,82.25,82.26,8343.0
12:35,82.31,82.33,82.3,82.32,7808.0
12:36,82.25,82.35,82.25,82.32,11461.0
12:37,82.28,82.29,82.25,82.25,9835.0
12:38,82.31,82.35,82.29,82.3,10547.0
12:39,82.22,82.3,82.22,82.3,10468.0
12:40,82.18,82.24,82.18,82.22,8278.0
12:41,82.16,82.19,82.15,82.18,4730.0
12:42,82.14,82.19,82.13,82.17,8913.0
12:43,82.16,82.21,82.11,82.14,22190.0
12:44,82.12,82.14,82.08,82.14,6520.0
12:45,82.06,82.1,82.04,82.09,7228.0
12:46,82.03,82.05,82.0,82.05,9831.0
12:47,82.14,82.14,82.04,82.04,7615.0
12:48,82.14,82.17,82.14,82.14,2957.0
12:49,82.16,82.16,82.13,82.14,6587.0
12:50,82.17,82.18,82.13,82.14,5423.0
12:51,82.15,82.17,82.15,82.17,3166.0
12:52,82.2,82.2,82.15,82.15,13854.0
12:53,82.17,82.25,82.17,82.2,17454.0
12:54,82.17,82.19,82.15,82.17,5693.0
12:55,82.06,82.16,82.06,82.15,6654.0
12:56,82.03,82.09,82.02,82.07,14413.0
12:57,82.06,82.06,82.02,82.03,9254.0
12:58,82.1,82.1,82.06,82.06,6634.0
12:59,82.07,82.09,82.06,82.09,4929.0
13:00,82.09,82.11,82.06,82.06,7426.0
13:01,82.14,82.15,82.1,82.1,5213.0
13:02,82.11,82.15,82.09,82.14,7229.0
13:03,82.1,82.1,82.08,82.1,6056.0
13:04,82.07,82.1,82.07,82.1,5430.0
13:05,82.11,82.12,82.07,82.07,6964.0
13:06,82.12,82.12,82.11,82.11,4115.0
13:07,82.03,82.12,82.03,82.12,12662.0
13:08,82.01,82.03,82.01,82.03,6417.0
13:09,82.07,82.07,82.0,82.01,10705.0
13:10,82.06,82.09,82.05,82.07,10643.0
13:11,82.1,82.1,82.06,82.06,4741.0
13:12,82.11,82.11,82.08,82.09,5747.0
13:13,82.14,82.15,82.11,82.11,6730.0
13:14,82.17,82.18,82.12,82.13,11025.0
13:15,82.16,82.22,82.15,82.16,15124.0
13:16,82.16,82.18,82.16,82.17,6193.0
13:17,82.17,82.18,82.14,82.16,17473.0
13:18,82.15,82.18,82.15,82.17,15367.0
13:19,82.24,82.24,82.11,82.15,20455.0
13:20,82.26,82.28,82.24,82.25,17264.0
13:21,82.26,82.29,82.26,82.27,13341.0
13:22,82.27,82.27,82.23,82.26,9338.0
13:23,82.28,82.29,82.24,82.26,9763.0
13:24,82.33,82.33,82.27,82.28,11320.0
13:25,82.31,82.37,82.31,82.32,19847.0
13:26,82.28,82.3,82.27,82.28,6453.0
13:27,82.26,82.29,82.24,82.29,14685.0
13:28,82.29,82.3,82.26,82.26,6770.0
13:29,82.29,82.3,82.28,82.29,7787.0
13:30,82.27,82.29,82.26,82.28,11353.0
13:31,82.3,82.32,82.28,82.28,12009.0
13:32,82.35,82.36,82.29,82.31,15005.0
13:33,82.38,82.38,82.34,82.36,13305.0
13:34,82.42,82.44,82.39,82.39,21209.0
13:35,82.45,82.46,82.41,82.42,12650.0
13:36,82.51,82.51,82.42,82.44,10124.0
13:37,82.51,82.55,82.51,82.51,19220.0
13:38,82.43,82.51,82.39,82.51,16670.0
13:39,82.4,82.44,82.39,82.43,20706.0
13:40,82.42,82.43,82.4,82.41,8562.0
13:41,82.38,82.44,82.37,82.43,22411.0
13:42,82.39,82.43,82.37,82.37,21982.0
13:43,82.41,82.42,82.38,82.38,9370.0
13:44,82.39,82.41,82.34,82.4,19745.0
13:45,82.45,82.45,82.35,82.35,13828.0
13:46,82.44,82.46,82.41,82.45,9033.0
13:47,82.36,82.44,82.35,82.44,6471.0
13:48,82.31,82.36,82.31,82.36,3829.0
13:49,82.33,82.35,82.31,82.31,12407.0
13:50,82.3,82.35,82.3,82.33,7806.0
13:51,82.27,82.32,82.27,82.3,9000.0
13:52,82.29,82.3,82.27,82.27,3870.0
13:53,82.25,82.29,82.25,82.28,5129.0
13:54,82.27,82.29,82.24,82.25,12333.0
13:55,82.32,82.32,82.28,82.28,4678.0
13:56,82.32,82.35,82.31,82.33,5912.0
13:57,82.32,82.33,82.31,82.32,6035.0
13:58,82.34,82.36,82.32,82.32,6036.0
13:59,82.36,82.37,82.34,82.35,7851.0
14:00,82.35,82.38,82.33,82.36,8412.0
14:01,82.35,82.37,82.35,82.36,6122.0
14:02,82.41,82.42,82.35,82.35,14283.0
14:03,82.42,82.42,82.4,82.4,2817.0
14:04,82.37,82.42,82.37,82.42,5424.0
14:05,82.39,82.39,82.37,82.37,4867.0
14:06,82.38,82.39,82.36,82.39,9162.0
14:07,82.37,82.4,82.37,82.38,7519.0
14:08,82.37,82.39,82.35,82.38,6985.0
14:09,82.35,82.35,82.26,82.35,18303.0
14:10,82.24,82.35,82.24,82.33,11937.0
14:11,82.2,82.25,82.2,82.22,17814.0
14:12,82.22,82.24,82.19,82.21,7256.0
14:13,82.23,82.27,82.22,82.24,5440.0
14:14,82.24,82.25,82.23,82.23,9952.0
14:15,82.21,82.28,82.21,82.24,46108.0
14:16,82.25,82.26,82.21,82.21,9901.0
14:17,82.21,82.25,82.2,82.25,6684.0
14:18,82.22,82.22,82.18,82.19,7420.0
14:19,82.2,82.23,82.19,82.21,6759.0
14:20,82.18,82.21,82.18,82.21,8393.0
14:21,82.12,82.18,82.12,82.16,5115.0
14:22,82.11,82.14,82.1,82.13,4455.0
14:23,82.11,82.11,82.08,82.11,4955.0
14:24,82.14,82.14,82.12,82.12,6701.0
14:25,82.13,82.15,82.12,82.13,4620.0
14:26,82.11,82.14,82.1,82.13,7309.0
14:27,82.13,82.14,82.11,82.11,10210.0
14:28,82.12,82.13,82.1,82.12,4109.0
14:29,82.15,82.17,82.12,82.12,6009.0
14:30,82.17,82.18,82.14,82.15,6921.0
14:31,82.22,82.22,82.16,82.16,13581.0
14:32,82.3,82.3,82.22,82.22,11177.0
14:33,82.29,82.31,82.28,82.29,20663.0
14:34,82.26,82.29,82.25,82.29,8234.0
14:35,82.22,82.27,82.22,82.27,4413.0
14:36,82.23,82.23,82.21,82.21,4322.0
14:37,82.23,82.25,82.21,82.22,7663.0
14:38,82.26,82.27,82.22,82.22,7145.0
14:39,82.25,82.32,82.24,82.27,11777.0
14:40,82.23,82.26,82.23,82.26,7009.0
14:41,82.2,82.23,82.18,82.23,9622.0
14:42,82.24,82.26,82.19,82.19,5770.0
14:43,82.23,82.24,82.22,82.24,3142.0
14:44,82.23,82.24,82.22,82.24,4098.0
14:45,82.3,82.3,82.23,82.23,10718.0
14:46,82.35,82.36,82.3,82.3,17578.0
14:47,82.31,82.36,82.31,82.35,19256.0
14:48,82.3,82.31,82.29,82.31,2978.0
14:49,82.29,82.31,82.28,82.3,6128.0
14:50,82.29,82.29,82.28,82.29,4316.0
14:51,82.22,82.29,82.21,82.29,12998.0
14:52,82.25,82.25,82.2,82.22,11338.0
14:53,82.3,82.3,82.25,82.25,4580.0
14:54,82.31,82.31,82.26,82.29,9820.0
14:55,82.28,82.31,82.28,82.31,9942.0
14:56,82.27,82.28,82.26,82.28,5558.0
14:57,82.29,82.31,82.28,82.28,10149.0
14:58,82.26,82.3,82.26,82.29,9886.0
14:59,82.28,82.29,82.26,82.26,10450.0
15:00,82.31,82.31,82.28,82.29,12663.0
15:01,82.39,82.4,82.31,82.31,8764.0
15:02,82.38,82.38,82.36,82.38,5034.0
15:03,82.41,82.41,82.39,82.39,5861.0
15:04,82.41,82.43,82.4,82.4,8514.0
15:05,82.37,82.42,82.37,82.42,8354.0
15:06,82.32,82.35,82.32,82.35,8054.0
15:07,82.36,82.36,82.31,82.31,8352.0
15:08,82.34,82.38,82.34,82.37,9456.0
15:09,82.35,82.35,82.31,82.33,49799.0
15:10,82.29,82.35,82.28,82.35,20176.0
15:11,82.28,82.32,82.26,82.29,9889.0
15:12,82.25,82.29,82.25,82.29,7353.0
15:13,82.28,82.28,82.24,82.24,8436.0
15:14,82.25,82.28,82.24,82.28,10503.0
15:15,82.28,82.29,82.25,82.25,11272.0
15:16,82.28,82.29,82.26,82.28,11804.0
15:17,82.31,82.31,82.28,82.28,7251.0
15:18,82.33,82.33,82.3,82.31,7312.0
15:19,82.37,82.37,82.33,82.33,8551.0
15:20,82.36,82.37,82.33,82.36,14359.0
15:21,82.4,82.41,82.35,82.35,10523.0
15:22,82.43,82.43,82.39,82.39,7631.0
15:23,82.39,82.45,82.39,82.43,20871.0
15:24,82.34,82.39,82.34,82.38,7996.0
15:25,82.28,82.33,82.28,82.33,8972.0
15:26,82.27,82.3,82.27,82.28,8715.0
15:27,82.21,82.27,82.2,82.27,8489.0
15:28,82.24,82.25,82.21,82.21,13361.0
15:29,82.25,82.25,82.23,82.24,8381.0
15:30,82.24,82.29,82.23,82.25,16196.0
15:31,82.19,82.24,82.19,82.23,11556.0
15:32,82.15,82.19,82.1,82.19,26966.0
15:33,82.18,82.21,82.15,82.16,14303.0
15:34,82.18,82.26,82.18,82.18,56670.0
15:35,82.11,82.19,82.1,82.18,17801.0
15:36,82.18,82.2,82.12,82.12,21476.0
15:37,82.15,82.2,82.15,82.17,9927.0
15:38,82.14,82.18,82.12,82.15,28504.0
15:39,82.14,82.15,82.1,82.13,48381.0
15:40,82.06,82.14,82.06,82.14,24538.0
15:41,82.0,82.05,81.97,82.05,31347.0
15:42,82.08,82.09,81.99,82.0,37288.0
15:43,82.08,82.08,82.06,82.08,18586.0
15:44,82.13,82.13,82.07,82.08,24571.0
15:45,82.07,82.14,82.06,82.14,38340.0
15:46,82.11,82.11,82.07,82.07,20191.0
15:47,82.14,82.15,82.12,82.12,23494.0
15:48,82.1,82.14,82.08,82.14,29234.0
15:49,82.06,82.1,82.05,82.1,26729.0
15:50,82.13,82.13,81.99,82.06,59209.0
15:51,82.07,82.14,82.07,82.13,30161.0
15:52,82.12,82.16,82.08,82.08,28252.0
15:53,82.17,82.18,82.12,82.12,38055.0
15:54,82.26,82.27,82.16,82.17,62002.0
15:55,82.14,82.27,82.14,82.26,50310.0
15:56,82.15,82.18,82.13,82.14,55037.0
15:57,82.1,82.15,82.08,82.15,69393.0
15:58,82.11,82.12,82.08,82.11,130322.0
15:59,82.14,82.19,82.11,82.11,197093.0
