Time,Close,High,Low,Open,Volume
09:30,337.0,337.66,335.87,336.0,471651.0
09:31,336.9,337.01,335.58,336.77,103057.0
09:32,337.42,338.08,336.79,336.92,74668.0
09:33,337.96,338.28,337.33,337.51,47188.0
09:34,338.25,338.5,337.8,338.0,38288.0
09:35,338.86,339.5,338.18,338.36,94580.0
09:36,339.93,339.96,338.85,339.03,74802.0
09:37,340.54,340.99,339.83,339.83,150969.0
09:38,340.34,341.05,339.92,340.56,82331.0
09:39,340.06,340.97,340.06,340.45,59009.0
09:40,339.98,340.55,339.54,340.09,48749.0
09:41,339.48,340.51,339.45,340.11,46204.0
09:42,339.51,339.85,339.26,339.4,27163.0
09:43,338.66,339.69,338.66,339.48,44077.0
09:44,338.45,338.92,338.27,338.62,49183.0
09:45,338.08,338.58,338.0,338.49,41123.0
09:46,338.56,338.91,338.23,338.23,30651.0
09:47,338.46,339.03,338.4,338.6,42166.0
09:48,338.21,338.8,338.04,338.55,40145.0
09:49,338.5,338.5,337.64,338.05,34179.0
09:50,337.94,338.56,337.9,338.39,44811.0
09:51,337.83,338.13,337.67,337.8,29167.0
09:52,337.3,337.91,336.84,337.72,33289.0
09:53,337.84,338.0,337.39,337.39,27657.0
09:54,337.98,338.38,337.66,337.69,26333.0
09:55,337.24,338.28,337.02,337.95,53978.0
09:56,337.02,337.46,337.02,337.36,41387.0
09:57,337.03,337.18,336.71,337.05,51590.0
09:58,337.23,337.75,336.91,337.05,29436.0
09:59,337.48,337.67,337.17,337.34,36667.0
10:00,337.07,337.95,336.97,337.41,52067.0
10:01,337.47,337.52,336.91,337.1,34919.0
10:02,336.76,337.76,336.71,337.62,36377.0
10:03,336.32,336.91,336.3,336.87,30666.0
10:04,335.88,336.2,335.84,336.2,58597.0
10:05,335.47,335.96,335.15,335.88,42538.0
10:06,335.46,335.53,335.14,335.44,61283.0
10:07,335.72,336.02,335.4,335.4,33159.0
10:08,335.51,335.8,335.15,335.8,25526.0
10:09,335.58,336.26,335.52,335.62,47680.0
10:10,335.26,335.84,334.85,335.65,49471.0
10:11,335.12,335.39,334.99,335.2,31914.0
10:12,335.25,335.53,334.95,335.13,31335.0
10:13,335.29,335.4,335.03,335.24,33467.0
10:14,335.21,335.78,335.05,335.3,55388.0
10:15,335.42,335.42,335.01,335.22,38790.0
10:16,335.09,335.44,334.7,335.44,32859.0
10:17,335.48,335.56,334.96,335.09,19235.0
10:18,335.52,335.57,335.29,335.5,26102.0
10:19,335.66,335.86,335.41,335.55,41441.0
10:20,335.45,335.64,334.98,335.5,34386.0
10:21,336.41,336.44,335.25,335.43,41436.0
10:22,337.04,337.2,336.33,336.43,53636.0
10:23,337.5,337.5,337.01,337.07,33014.0
10:24,337.33,337.55,337.2,337.5,25564.0
10:25,337.33,337.56,337.16,337.33,24917.0
10:26,336.96,337.41,336.91,337.36,46851.0
10:27,337.17,337.25,336.92,336.92,24595.0
10:28,337.58,337.65,337.09,337.17,26253.0
10:29,337.39,337.57,337.01,337.5,21178.0
10:30,337.89,338.17,337.35,337.45,41199.0
10:31,337.8,338.02,337.72,337.89,25661.0
10:32,337.87,338.22,337.85,337.93,27961.0
10:33,337.18,337.91,337.11,337.8,31295.0
10:34,337.9,338.01,337.15,337.19,33174.0
10:35,338.18,338.42,337.84,337.93,31545.0
10:36,337.71,338.37,337.62,338.08,23461.0
10:37,337.04,337.8,336.98,337.58,19851.0
10:38,336.92,337.05,336.73,336.99,17482.0
10:39,337.08,337.16,336.6,336.99,16690.0
10:40,337.45,337.55,337.14,337.14,19117.0
10:41,337.58,337.71,337.31,337.41,19367.0
10:42,337.43,337.6,337.25,337.6,18060.0
10:43,337.27,337.53,337.2,337.42,17205.0
10:44,337.26,337.26,337.04,337.18,14557.0
10:45,337.07,337.49,337.0,337.28,16410.0
10:46,337.05,337.17,336.98,337.07,11109.0
10:47,337.08,337.36,337.08,337.17,11711.0
10:48,337.14,337.35,337.05,337.05,12336.0
10:49,337.28,337.4,337.09,337.09,11223.0
10:50,337.33,337.5,337.14,337.28,14118.0
10:51,337.39,337.55,337.3,337.35,8840.0
10:52,337.21,337.37,337.02,337.35,17350.0
10:53,336.97,337.28,336.94,337.26,15410.0
10:54,336.43,337.01,336.24,337.01,26610.0
10:55,336.29,336.49,336.22,336.49,13239.0
10:56,335.87,336.29,335.79,336.29,15513.0
10:57,335.73,336.0,335.6,335.92,23395.0
10:58,335.93,336.12,335.73,335.73,29714.0
10:59,335.84,336.04,335.71,335.93,15049.0
11:00,336.09,336.15,335.75,335.84,11910.0
11:01,335.71,336.09,335.69,336.05,11542.0
11:02,335.55,335.8,335.43,335.67,15979.0
11:03,335.82,335.93,335.54,335.54,18135.0
11:04,335.64,335.85,335.6,335.85,18665.0
11:05,335.57,335.76,335.5,335.6,9383.0
11:06,335.61,335.64,335.45,335.55,19099.0
11:07,335.21,335.54,335.17,335.53,64151.0
11:08,335.03,335.28,335.01,335.21,13583.0
11:09,334.95,335.08,334.89,335.08,18297.0
11:10,334.74,335.05,334.34,335.05,40858.0
11:11,334.67,334.95,334.67,334.79,14345.0
11:12,334.34,334.64,334.28,334.64,14350.0
11:13,334.65,334.65,334.27,334.42,13752.0
11:14,334.46,334.65,334.38,334.64,11116.0
11:15,334.43,334.63,334.28,334.44,15571.0
11:16,334.61,334.72,334.41,334.57,12006.0
11:17,333.96,334.7,333.9,334.61,47510.0
11:18,334.41,334.48,333.81,333.96,23537.0
11:19,334.88,335.05,334.33,334.33,25776.0
11:20,334.61,334.86,334.41,334.86,14988.0
11:21,334.02,334.67,334.0,334.63,22306.0
11:22,334.35,334.59,333.95,334.04,26769.0
11:23,334.36,334.54,334.36,334.49,11349.0
11:24,334.07,334.33,333.96,334.31,19945.0
11:25,334.08,334.53,333.99,334.17,17440.0
11:26,334.3,334.36,334.04,334.05,15129.0
11:27,334.28,334.45,334.25,334.27,17065.0
11:28,334.36,334.47,334.24,334.32,12874.0
11:29,334.32,334.41,334.24,334.39,14930.0
11:30,333.91,334.39,333.77,334.32,25932.0
11:31,333.96,334.09,333.91,333.95,9377.0
11:32,333.94,334.13,333.85,333.96,17533.0
11:33,334.07,334.22,333.8,333.89,19315.0
11:34,333.84,334.23,333.44,334.08,33504.0
11:35,333.66,333.99,333.64,333.87,15966.0
11:36,333.78,333.9,333.5,333.64,12656.0
11:37,334.0,334.09,333.82,333.89,17399.0
11:38,333.64,334.0,333.6,333.84,16979.0
11:39,333.77,333.87,333.67,333.68,8718.0
11:40,333.82,333.93,333.68,333.87,13311.0
11:41,333.75,333.88,333.6,333.79,10178.0
11:42,333.82,334.02,333.75,333.79,7584.0
11:43,333.88,333.92,333.73,333.82,13118.0
11:44,333.73,333.8,333.66,333.8,12953.0
11:45,333.32,333.77,333.23,333.73,23208.0
11:46,333.19,333.61,333.1,333.25,21959.0
11:47,333.24,333.41,333.11,333.15,12068.0
11:48,332.73,333.21,332.72,333.17,34035.0
11:49,332.75,332.93,332.65,332.73,25317.0
11:50,332.5,332.76,332.38,332.75,20675.0
11:51,332.56,332.77,332.5,332.54,19397.0
11:52,332.43,332.63,332.4,332.58,25819.0
11:53,332.92,333.0,332.38,332.45,18855.0
11:54,333.07,333.31,332.85,332.99,24746.0
11:55,332.98,333.28,332.84,333.11,13529.0
11:56,332.59,333.01,332.57,332.92,14206.0
11:57,332.84,332.96,332.76,332.76,9330.0
11:58,332.8,332.96,332.8,332.83,14414.0
11:59,332.89,333.03,332.78,332.83,10867.0
12:00,332.79,333.04,332.65,332.96,13860.0
12:01,332.35,332.79,332.32,332.79,21265.0
12:02,332.7,332.72,332.33,332.36,23547.0
12:03,332.41,332.75,332.27,332.64,15153.0
12:04,332.44,332.57,332.38,332.41,7140.0
12:05,332.55,332.71,332.4,332.46,7829.0
12:06,332.27,332.63,332.23,332.58,11449.0
12:07,332.18,332.35,332.15,332.33,10375.0
12:08,332.52,332.52,332.11,332.24,17843.0
12:09,332.75,332.75,332.56,332.58,14118.0
12:10,332.84,333.0,332.77,332.82,15465.0
12:11,332.65,332.79,332.62,332.74,9035.0
12:12,332.9,332.9,332.56,332.64,17872.0
12:13,332.75,332.83,332.65,332.8,18159.0
12:14,332.96,332.96,332.7,332.7,13049.0
12:15,332.8,332.9,332.67,332.89,21040.0
12:16,332.58,332.76,332.5,332.65,20590.0
12:17,331.9,332.57,331.8,332.54,32559.0
12:18,332.22,332.3,331.97,331.97,18959.0
12:19,332.21,332.37,332.14,332.28,19462.0
12:20,332.16,332.24,332.0,332.09,14162.0
12:21,331.84,332.19,331.74,332.11,21417.0
12:22,331.94,331.99,331.82,331.86,27926.0
12:23,332.09,332.12,331.95,332.02,9040.0
12:24,332.35,332.42,332.0,332.11,20269.0
12:25,332.0,332.26,332.0,332.19,14308.0
12:26,332.13,332.13,331.94,332.12,11304.0
12:27,332.24,332.24,332.05,332.11,7148.0
12:28,332.1,332.2,331.97,332.2,10346.0
12:29,332.14,332.3,332.05,332.1,11444.0
12:30,332.26,332.3,331.98,332.13,16122.0
12:31,332.15,332.35,332.12,332.26,11188.0
12:32,332.11,332.18,332.05,332.09,10273.0
12:33,332.14,332.3,332.05,332.11,10466.0
12:34,332.27,332.3,332.11,332.3,7574.0
12:35,332.11,332.3,331.91,332.3,13756.0
12:36,332.25,332.3,332.05,332.05,14713.0
12:37,332.24,332.33,332.0,332.2,16628.0
12:38,332.46,332.6,332.19,332.25,14555.0
12:39,332.34,332.55,332.34,332.47,24351.0
12:40,332.43,332.56,332.34,332.4,9139.0
12:41,332.71,332.73,332.38,332.42,10306.0
12:42,332.53,332.86,332.51,332.73,8699.0
12:43,332.11,332.55,332.11,332.51,11867.0
12:44,331.89,332.1,331.89,332.1,19449.0
12:45,331.73,331.99,331.7,331.93,15370.0
12:46,331.98,332.05,331.75,331.75,11686.0
12:47,331.89,332.06,331.85,331.98,15083.0
12:48,332.08,332.1,331.89,331.89,8692.0
12:49,332.07,332.11,331.96,332.01,6255.0
12:50,332.26,332.26,331.82,332.0,18061.0
12:51,332.42,332.69,332.37,332.39,13732.0
12:52,332.35,332.4,332.3,332.3,5514.0
12:53,332.13,332.35,332.02,332.35,6474.0
12:54,332.17,332.3,332.09,332.11,4507.0
12:55,332.35,332.4,332.13,332.19,10002.0
12:56,332.18,332.33,332.11,332.33,10926.0
12:57,331.86,332.17,331.86,332.17,6941.0
12:58,332.09,332.21,331.84,331.84,8515.0
12:59,332.3,332.35,332.1,332.15,8509.0
13:00,331.88,332.24,331.88,332.24,9242.0
13:01,331.82,331.96,331.77,331.87,8917.0
13:02,331.54,331.86,331.54,331.81,16557.0
13:03,331.39,331.55,331.33,331.5,14595.0
13:04,331.65,331.65,331.4,331.45,16252.0
13:05,331.48,331.72,331.46,331.6,12687.0
13:06,331.36,331.56,331.29,331.5,24412.0
13:07,331.1,331.55,331.08,331.36,31047.0
13:08,331.14,331.14,330.83,331.08,32804.0
13:09,331.34,331.35,331.06,331.16,15793.0
13:10,331.45,331.51,331.16,331.3,13260.0
13:11,331.32,331.65,331.31,331.48,13111.0
13:12,331.23,331.36,331.16,331.36,6268.0
13:13,331.15,331.36,331.07,331.36,9279.0
13:14,331.22,331.26,331.07,331.18,12023.0
13:15,331.19,331.31,331.14,331.27,11447.0
13:16,331.2,331.3,331.11,331.28,9072.0
13:17,331.43,331.48,331.2,331.21,9626.0
13:18,331.37,331.58,331.3,331.37,7368.0
13:19,331.44,331.5,331.39,331.43,7005.0
13:20,331.32,331.36,331.2,331.36,9004.0
13:21,331.2,331.51,331.2,331.34,19119.0
13:22,331.3,331.41,331.17,331.17,7142.0
13:23,331.35,331.38,331.24,331.3,8347.0
13:24,331.19,331.35,331.14,331.35,7950.0
13:25,331.15,331.34,331.11,331.24,8447.0
13:26,331.32,331.34,331.1,331.15,8288.0
13:27,331.1,331.28,331.02,331.28,13732.0
13:28,331.27,331.27,331.0,331.05,13071.0
13:29,331.32,331.35,331.2,331.24,21492.0
13:30,331.48,331.72,331.26,331.32,38379.0
13:31,331.35,331.45,331.15,331.45,11743.0
13:32,331.24,331.24,331.0,331.17,16174.0
13:33,331.57,331.58,331.21,331.24,17719.0
13:34,331.76,331.78,331.54,331.61,10956.0
13:35,331.4,331.72,331.4,331.7,13649.0
13:36,331.48,331.64,331.32,331.45,8740.0
13:37,331.5,331.65,331.49,331.49,12194.0
13:38,331.63,331.69,331.43,331.47,14678.0
13:39,331.76,331.76,331.59,331.63,10261.0
13:40,331.79,331.84,331.72,331.78,18416.0
13:41,331.73,331.82,331.64,331.75,7328.0
13:42,331.77,331.85,331.67,331.81,11049.0
13:43,331.62,331.77,331.4,331.77,14347.0
13:44,331.67,331.67,331.45,331.54,10764.0
13:45,331.62,331.71,331.58,331.65,5170.0
13:46,331.53,331.75,331.48,331.62,10548.0
13:47,331.48,331.67,331.4,331.58,11374.0
13:48,331.31,331.48,331.24,331.43,18116.0
13:49,331.36,331.4,331.21,331.36,19768.0
13:50,331.48,331.57,331.34,331.35,12117.0
13:51,331.58,331.72,331.5,331.57,15332.0
13:52,331.71,331.71,331.46,331.47,8223.0
13:53,331.66,331.73,331.58,331.73,11080.0
13:54,331.71,331.81,331.63,331.71,32645.0
13:55,331.69,331.71,331.55,331.67,8449.0
13:56,331.61,331.72,331.58,331.7,7423.0
13:57,331.57,331.7,331.5,331.53,9961.0
13:58,331.59,331.69,331.54,331.62,13300.0
13:59,331.6,331.68,331.52,331.68,9625.0
14:00,331.43,331.62,331.4,331.62,16093.0
14:01,331.34,331.42,331.3,331.42,12288.0
14:02,331.24,331.4,331.18,331.34,13181.0
14:03,331.16,331.28,331.1,331.2,15779.0
14:04,330.81,331.2,330.75,331.14,29630.0
14:05,330.45,330.84,330.41,330.84,29439.0
14:06,330.07,330.47,330.03,330.45,30621.0
14:07,329.78,330.08,329.69,330.08,76012.0
14:08,330.01,330.01,329.66,329.79,29696.0
14:09,330.08,330.27,329.93,329.98,29286.0
14:10,330.37,330.4,330.07,330.07,16379.0
14:11,330.59,330.59,330.36,330.41,23042.0
14:12,330.63,330.68,330.45,330.52,15105.0
14:13,330.53,330.75,330.52,330.58,32773.0
14:14,330.96,331.02,330.47,330.51,23114.0
14:15,331.12,331.2,330.92,330.94,19768.0
14:16,330.88,331.09,330.86,331.09,19924.0
14:17,330.81,330.91,330.69,330.88,15149.0
14:18,330.87,330.98,330.79,330.82,8871.0
14:19,330.76,330.85,330.71,330.74,9352.0
14:20,330.84,330.92,330.71,330.73,11164.0
14:21,330.87,331.0,330.83,330.84,11222.0
14:22,330.99,330.99,330.74,330.87,6179.0
14:23,330.75,330.95,330.73,330.94,12770.0
14:24,330.69,330.82,330.67,330.82,8699.0
14:25,330.7,330.75,330.63,330.7,11347.0
14:26,330.79,330.86,330.72,330.72,11341.0
14:27,330.72,330.86,330.71,330.85,9344.0
14:28,330.56,330.74,330.55,330.71,8291.0
14:29,330.3,330.58,330.3,330.5,17594.0
14:30,330.27,330.39,330.26,330.29,14925.0
14:31,330.28,330.28,330.17,330.27,9383.0
14:32,330.15,330.32,330.11,330.27,21446.0
14:33,330.34,330.34,330.17,330.21,10424.0
14:34,329.9,330.27,329.9,330.23,16699.0
14:35,329.57,329.94,329.51,329.94,47635.0
14:36,329.67,329.74,329.56,329.56,20259.0
14:37,329.68,329.88,329.65,329.65,24811.0
14:38,329.48,329.68,329.27,329.68,32356.0
14:39,329.54,329.65,329.4,329.48,14686.0
14:40,329.34,329.59,329.28,329.54,17961.0
14:41,329.46,329.5,329.2,329.31,20962.0
14:42,329.19,329.5,329.11,329.48,11696.0
14:43,329.14,329.23,329.06,329.19,12495.0
14:44,329.1,329.12,328.88,329.07,53051.0
14:45,329.11,329.27,329.08,329.1,30939.0
14:46,329.2,329.29,329.08,329.08,23849.0
14:47,329.3,329.34,329.12,329.2,22142.0
14:48,329.14,329.43,329.04,329.31,22469.0
14:49,329.15,329.18,329.06,329.13,21203.0
14:50,329.05,329.23,328.92,329.16,20593.0
14:51,328.95,329.2,328.89,329.1,16132.0
14:52,328.86,328.95,328.72,328.88,27312.0
14:53,328.99,329.06,328.89,328.94,11441.0
14:54,329.12,329.18,328.9,328.99,12849.0
14:55,329.35,329.36,329.12,329.17,14410.0
14:56,328.98,329.38,328.95,329.38,14411.0
14:57,328.88,328.99,328.81,328.96,18015.0
14:58,328.94,329.01,328.83,328.86,16574.0
14:59,328.9,329.01,328.83,328.91,15858.0
15:00,328.79,328.94,328.73,328.9,11712.0
15:01,328.64,328.8,328.3,328.77,52084.0
15:02,328.71,328.77,328.46,328.69,13710.0
15:03,328.66,328.78,328.62,328.71,17085.0
15:04,329.24,329.26,328.58,328.58,17806.0
15:05,329.34,329.45,329.1,329.2,25303.0
15:06,329.32,329.35,329.14,329.35,16331.0
15:07,328.72,329.29,328.67,329.29,19576.0
15:08,328.65,328.8,328.65,328.66,12151.0
15:09,328.79,328.84,328.53,328.67,17844.0
15:10,328.94,329.0,328.72,328.77,20646.0
15:11,328.81,328.97,328.74,328.95,21208.0
15:12,328.39,328.76,328.39,328.76,23099.0
15:13,328.6,328.69,328.35,328.39,31556.0
15:14,328.91,328.91,328.48,328.55,21610.0
15:15,328.61,328.91,328.4,328.89,27540.0
15:16,328.5,328.73,328.5,328.61,14852.0
15:17,328.56,328.71,328.42,328.58,13706.0
15:18,328.76,328.87,328.57,328.58,25394.0
15:19,328.56,328.75,328.3,328.73,39412.0
15:20,328.39,328.63,328.31,328.56,19641.0
15:21,328.45,328.45,328.25,328.37,19460.0
15:22,328.54,328.54,328.32,328.42,22515.0
15:23,328.7,328.75,328.49,328.6,34719.0
15:24,328.84,328.92,328.66,328.75,18279.0
15:25,329.03,329.14,328.8,328.84,49337.0
15:26,328.78,329.16,328.73,329.16,18701.0
15:27,328.7,328.77,328.58,328.77,14782.0
15:28,328.69,328.76,328.6,328.72,14006.0
15:29,328.45,328.88,328.4,328.73,23029.0
15:30,328.51,328.58,328.29,328.41,32925.0
15:31,328.33,328.7,328.31,328.55,15969.0
15:32,328.52,328.58,328.2,328.31,31823.0
15:33,328.57,328.69,328.42,328.61,25508.0
15:34,328.6,328.6,328.35,328.57,25387.0
15:35,328.62,328.66,328.53,328.6,14259.0
15:36,328.51,328.75,328.5,328.66,22657.0
15:37,328.58,328.63,328.46,328.5,13841.0
15:38,328.64,328.69,328.57,328.57,15296.0
15:39,328.64,328.85,328.63,328.64,33909.0
15:40,328.9,329.0,328.65,328.65,35413.0
15:41,328.9,329.08,328.74,328.9,53293.0
15:42,328.63,328.9,328.61,328.9,15315.0
15:43,328.96,328.98,328.6,328.69,17989.0
15:44,328.93,328.98,328.83,328.96,19818.0
15:45,328.98,329.01,328.85,328.95,36641.0
15:46,329.19,329.21,328.94,328.95,69629.0
15:47,329.36,329.38,329.14,329.19,23337.0
15:48,328.89,329.39,328.89,329.36,35399.0
15:49,329.1,329.18,328.88,328.88,28698.0
15:50,328.86,330.0,328.85,329.07,72262.0
15:51,328.85,329.04,328.83,328.9,51732.0
15:52,328.49,328.93,328.47,328.87,63789.0
15:53,328.25,328.59,328.23,328.52,56601.0
15:54,328.15,328.4,327.86,328.28,87889.0
15:55,327.98,328.29,327.91,328.11,85040.0
15:56,327.92,328.0,327.77,327.95,75275.0
15:57,327.85,327.97,327.59,327.93,130534.0
15:58,327.8,327.99,327.55,327.85,165475.0
15:59,327.84,327.99,327.74,327.81,318152.0
