Time,Close,High,Low,Open,Volume
09:30,333.34,334.62,332.02,332.99,2278297.0
09:31,333.84,335.06,333.34,333.63,68023.0
09:32,333.35,334.19,332.75,334.05,104250.0
09:33,332.72,334.0,332.21,333.51,105336.0
09:34,331.58,332.86,331.28,332.71,95432.0
09:35,329.33,332.06,329.01,331.58,254514.0
09:36,329.65,329.84,328.62,329.2,117187.0
09:37,329.58,330.08,329.35,329.63,60220.0
09:38,329.79,330.2,328.8,329.43,93123.0
09:39,329.17,330.1,328.76,329.63,97712.0
09:40,329.81,330.35,329.12,329.22,58398.0
09:41,329.36,329.95,329.2,329.7,69141.0
09:42,328.18,329.52,327.8,329.36,159963.0
09:43,328.23,328.65,327.69,328.16,77800.0
09:44,327.64,328.5,327.3,328.23,150205.0
09:45,328.18,328.93,327.66,327.66,133746.0
09:46,329.27,329.36,328.17,328.23,62956.0
09:47,329.26,329.32,328.38,329.26,56386.0
09:48,329.81,330.1,329.1,329.32,38037.0
09:49,329.34,329.77,329.12,329.76,45924.0
09:50,329.61,330.4,329.34,329.39,54632.0
09:51,328.95,330.02,328.8,329.71,66935.0
09:52,328.09,329.0,328.01,328.88,38840.0
09:53,328.41,328.83,328.08,328.08,56518.0
09:54,329.31,329.31,328.38,328.55,36976.0
09:55,329.47,329.96,329.0,329.42,34475.0
09:56,329.77,330.0,329.51,329.51,30374.0
09:57,329.03,329.86,328.91,329.86,33269.0
09:58,328.92,329.16,328.6,329.16,37673.0
09:59,329.3,329.47,328.92,329.0,50018.0
10:00,328.77,329.75,328.64,329.29,52853.0
10:01,329.84,329.84,328.72,328.77,49898.0
10:02,329.73,330.19,329.64,330.0,53885.0
10:03,330.6,330.6,329.63,329.85,43948.0
10:04,330.76,331.0,330.38,330.6,59360.0
10:05,330.96,331.22,330.62,330.86,36242.0
10:06,331.38,331.45,330.91,331.01,32587.0
10:07,330.85,331.57,330.85,331.45,32761.0
10:08,330.86,331.45,330.75,331.15,37264.0
10:09,330.8,331.29,330.52,330.89,35219.0
10:10,330.71,330.83,330.05,330.83,26468.0
10:11,330.56,330.91,330.43,330.65,24502.0
10:12,330.26,330.71,330.11,330.57,55661.0
10:13,330.59,330.59,330.19,330.27,24794.0
10:14,330.83,331.0,330.45,330.7,43143.0
10:15,332.06,332.22,330.85,331.0,51535.0
10:16,331.32,332.22,331.07,332.22,49084.0
10:17,331.13,331.91,330.96,331.35,120280.0
10:18,330.96,331.33,330.7,331.17,34833.0
10:19,331.36,331.55,330.99,331.13,28561.0
10:20,330.53,331.6,330.43,331.42,48767.0
10:21,331.17,331.34,330.54,330.66,45231.0
10:22,331.25,331.32,330.58,331.17,22476.0
10:23,331.39,331.43,331.02,331.26,31647.0
10:24,331.7,331.84,331.19,331.38,39903.0
10:25,331.72,332.0,331.43,331.64,56218.0
10:26,331.33,331.87,331.29,331.72,39392.0
10:27,331.36,332.22,331.2,331.3,66778.0
10:28,331.18,331.74,330.85,331.42,112299.0
10:29,331.69,332.18,331.19,331.28,35283.0
10:30,331.63,331.9,331.24,331.7,46391.0
10:31,331.45,331.86,331.2,331.67,47630.0
10:32,332.42,332.54,331.33,331.33,35140.0
10:33,332.54,332.82,332.33,332.42,25238.0
10:34,332.48,332.69,332.28,332.57,25827.0
10:35,332.2,332.62,332.15,332.58,17236.0
10:36,331.6,332.6,331.59,332.2,51929.0
10:37,332.08,332.11,331.53,331.6,26866.0
10:38,332.43,332.61,332.0,332.12,62208.0
10:39,332.41,332.73,332.17,332.52,52980.0
10:40,331.85,332.43,331.84,332.38,25438.0
10:41,332.27,332.29,331.82,331.9,29267.0
10:42,333.44,333.49,332.0,332.4,77434.0
10:43,333.15,333.55,333.12,333.41,38944.0
10:44,333.18,333.38,332.97,333.29,33197.0
10:45,332.72,333.24,332.62,333.1,16249.0
10:46,332.8,333.21,332.6,332.88,21155.0
10:47,333.35,333.36,332.53,332.68,20081.0
10:48,333.7,334.06,333.49,333.5,29561.0
10:49,333.16,333.65,333.01,333.57,33916.0
10:50,332.73,333.3,332.5,333.21,27737.0
10:51,333.39,333.47,332.82,332.83,21464.0
10:52,333.37,333.68,333.17,333.5,16025.0
10:53,333.09,333.57,332.8,333.43,14035.0
10:54,333.37,333.5,332.91,333.08,17310.0
10:55,333.98,334.06,333.46,333.57,23292.0
10:56,333.96,334.15,333.82,334.0,29822.0
10:57,333.82,334.14,333.6,333.98,18461.0
10:58,332.84,333.87,332.84,333.86,21375.0
10:59,332.64,332.89,332.5,332.73,16597.0
11:00,332.77,333.09,332.5,332.65,20131.0
11:01,333.16,333.49,332.83,332.83,16579.0
11:02,333.27,333.44,333.06,333.16,21192.0
11:03,333.22,333.65,333.14,333.27,24401.0
11:04,333.33,333.49,333.05,333.33,26494.0
11:05,333.57,333.64,333.3,333.45,16899.0
11:06,333.53,333.79,333.32,333.5,18128.0
11:07,333.28,333.64,333.21,333.46,24886.0
11:08,333.58,333.69,333.25,333.33,17521.0
11:09,333.86,333.88,333.33,333.46,16885.0
11:10,334.02,334.09,333.71,333.94,28119.0
11:11,335.02,335.1,334.12,334.12,34285.0
11:12,334.98,335.03,334.57,335.01,26378.0
11:13,335.14,335.18,334.81,334.98,26113.0
11:14,334.99,335.23,334.97,335.14,21437.0
11:15,334.48,335.08,334.47,335.0,32934.0
11:16,333.67,334.48,333.64,334.47,37458.0
11:17,334.01,334.18,333.54,333.54,23515.0
11:18,333.93,334.09,333.73,334.09,22870.0
11:19,334.04,334.06,333.74,333.91,16858.0
11:20,333.61,334.01,333.5,334.0,30152.0
11:21,333.78,333.9,333.5,333.61,16237.0
11:22,333.58,333.94,333.5,333.9,13744.0
11:23,333.56,333.7,333.5,333.7,12618.0
11:24,333.96,333.98,333.56,333.56,13523.0
11:25,333.66,333.86,333.4,333.86,29871.0
11:26,333.35,333.8,333.29,333.67,16399.0
11:27,333.56,333.56,333.34,333.34,7642.0
11:28,333.44,333.61,333.29,333.54,19095.0
11:29,333.38,333.52,333.29,333.37,23193.0
11:30,333.6,333.89,333.4,333.4,18900.0
11:31,333.44,333.66,333.3,333.59,10923.0
11:32,333.58,333.7,333.36,333.36,12427.0
11:33,334.1,334.13,333.56,333.73,45186.0
11:34,334.65,334.75,334.02,334.08,19114.0
11:35,334.64,334.75,334.39,334.56,15399.0
11:36,334.67,334.87,334.29,334.55,28318.0
11:37,334.7,334.88,334.59,334.7,11585.0
11:38,334.92,335.0,334.67,334.7,27233.0
11:39,335.24,335.4,334.74,334.92,31214.0
11:40,336.51,336.51,335.13,335.17,88450.0
11:41,336.84,336.93,336.14,336.47,42671.0
11:42,337.09,337.2,336.7,336.82,32534.0
11:43,336.68,337.18,336.51,337.18,26529.0
11:44,336.28,336.75,336.04,336.73,17737.0
11:45,336.5,336.71,336.23,336.3,16059.0
11:46,336.78,336.94,336.4,336.64,17980.0
11:47,336.86,337.09,336.58,336.67,19445.0
11:48,336.9,336.98,336.67,336.9,17177.0
11:49,336.7,337.06,336.64,336.92,16826.0
11:50,335.97,336.82,335.83,336.79,33527.0
11:51,335.93,336.1,335.68,335.98,12753.0
11:52,335.77,336.09,335.7,335.96,14497.0
11:53,335.37,335.82,335.23,335.7,19165.0
11:54,335.84,335.93,335.22,335.44,13056.0
11:55,335.77,335.9,335.68,335.83,11659.0
11:56,336.5,336.6,335.79,335.86,17771.0
11:57,336.7,336.7,336.44,336.59,18893.0
11:58,336.95,336.95,336.59,336.68,17097.0
11:59,337.02,337.06,336.71,336.92,16708.0
12:00,337.43,337.47,336.76,337.06,36717.0
12:01,337.43,337.51,337.13,337.42,15442.0
12:02,337.99,338.06,337.36,337.36,24532.0
12:03,336.93,337.99,336.93,337.91,20173.0
12:04,337.07,337.36,337.01,337.05,12113.0
12:05,337.17,337.45,337.0,337.01,20614.0
12:06,337.73,337.84,337.25,337.26,18550.0
12:07,337.49,337.77,337.26,337.73,20644.0
12:08,337.73,337.76,337.4,337.4,30953.0
12:09,337.44,337.91,337.3,337.7,35874.0
12:10,337.5,337.66,337.3,337.49,15422.0
12:11,337.71,337.93,337.3,337.3,20403.0
12:12,337.88,337.99,337.67,337.68,8769.0
12:13,337.68,337.87,337.57,337.76,13645.0
12:14,337.37,337.63,337.36,337.6,8663.0
12:15,337.15,337.59,336.94,337.52,11345.0
12:16,337.23,337.39,337.01,337.08,12522.0
12:17,337.14,337.34,336.92,337.2,15177.0
12:18,336.95,337.38,336.95,337.14,8781.0
12:19,337.21,337.38,336.85,337.0,18732.0
12:20,337.46,337.62,337.19,337.23,13032.0
12:21,337.29,337.55,337.12,337.46,12719.0
12:22,336.92,337.41,336.77,337.34,10927.0
12:23,336.85,337.09,336.7,336.89,11720.0
12:24,336.8,337.0,336.6,336.85,26224.0
12:25,336.72,336.96,336.53,336.96,17904.0
12:26,336.23,336.73,336.05,336.73,13998.0
12:27,336.03,336.32,335.85,336.24,16625.0
12:28,336.08,336.26,335.89,336.08,17033.0
12:29,335.71,336.3,335.7,335.89,23750.0
12:30,336.33,336.33,335.66,335.66,13026.0
12:31,336.7,336.8,336.24,336.24,13820.0
12:32,336.45,336.76,336.37,336.54,10496.0
12:33,336.14,336.62,336.09,336.45,5111.0
12:34,336.29,336.55,336.05,336.27,8768.0
12:35,336.23,336.48,336.14,336.48,8266.0
12:36,336.21,336.31,336.06,336.31,8673.0
12:37,335.67,336.07,335.67,336.07,10470.0
12:38,335.31,335.76,335.23,335.7,14787.0
12:39,335.31,335.57,335.22,335.3,12127.0
12:40,334.69,335.4,334.69,335.4,30956.0
12:41,334.99,335.16,334.72,334.75,13277.0
12:42,335.51,335.61,335.0,335.02,6676.0
12:43,335.27,335.44,335.18,335.37,8497.0
12:44,335.15,335.42,335.12,335.28,6163.0
12:45,335.38,335.4,334.92,335.21,7465.0
12:46,335.39,335.68,335.31,335.35,7824.0
12:47,335.26,335.7,335.09,335.64,9483.0
12:48,335.44,335.58,335.27,335.27,11214.0
12:49,335.33,335.65,335.26,335.52,9018.0
12:50,335.46,335.5,335.36,335.36,6555.0
12:51,335.64,335.69,335.43,335.43,5735.0
12:52,335.9,336.0,335.68,335.68,8854.0
12:53,335.49,335.94,335.47,335.9,12052.0
12:54,335.82,335.88,335.49,335.49,7977.0
12:55,335.96,336.06,335.8,335.83,14555.0
12:56,335.97,336.04,335.67,335.86,11454.0
12:57,335.69,336.13,335.67,336.01,15135.0
12:58,335.73,335.88,335.57,335.7,6959.0
12:59,335.75,335.87,335.62,335.73,8159.0
13:00,335.52,335.76,335.38,335.62,10203.0
13:01,335.46,335.52,335.23,335.52,8721.0
13:02,335.09,335.65,335.09,335.57,10583.0
13:03,335.23,335.28,335.1,335.15,13207.0
13:04,335.33,335.46,335.2,335.21,8598.0
13:05,335.22,335.47,335.22,335.31,8752.0
13:06,335.42,335.54,335.27,335.49,13850.0
13:07,335.41,335.52,335.33,335.51,5622.0
13:08,335.8,336.0,335.32,335.42,20669.0
13:09,335.52,336.1,335.33,335.86,29109.0
13:10,335.29,335.47,335.12,335.43,9836.0
13:11,335.11,335.25,335.03,335.22,13151.0
13:12,335.29,335.32,335.15,335.21,6433.0
13:13,335.36,335.43,335.22,335.37,7765.0
13:14,335.2,335.46,335.0,335.46,15696.0
13:15,334.81,335.09,334.77,335.0,9527.0
13:16,334.93,335.16,334.88,334.98,8169.0
13:17,334.9,335.12,334.9,334.99,6840.0
13:18,334.78,334.96,334.7,334.96,6688.0
13:19,334.46,334.68,334.39,334.68,10545.0
13:20,334.24,334.52,334.24,334.46,15080.0
13:21,334.11,334.28,334.0,334.24,27691.0
13:22,334.14,334.36,334.0,334.29,10393.0
13:23,333.98,334.39,333.97,334.17,18918.0
13:24,333.82,334.19,333.82,334.01,87253.0
13:25,334.26,334.48,333.92,333.92,13077.0
13:26,334.4,334.63,334.04,334.21,11738.0
13:27,334.34,334.56,334.23,334.36,12713.0
13:28,334.07,334.45,334.07,334.45,7959.0
13:29,334.09,334.21,334.0,334.19,9464.0
13:30,334.08,334.5,334.08,334.15,11607.0
13:31,333.55,334.11,333.49,334.1,24101.0
13:32,333.74,333.84,333.49,333.55,12201.0
13:33,333.77,333.82,333.54,333.72,18368.0
13:34,333.96,334.05,333.82,333.85,11931.0
13:35,333.91,334.21,333.91,334.07,5944.0
13:36,333.75,334.07,333.71,333.91,14732.0
13:37,333.95,334.05,333.73,333.73,8392.0
13:38,333.76,334.04,333.76,333.95,32751.0
13:39,333.99,334.31,333.73,333.9,13828.0
13:40,333.99,334.01,333.73,334.01,9705.0
13:41,333.88,334.02,333.64,334.02,6076.0
13:42,333.79,333.82,333.69,333.82,6205.0
13:43,333.73,333.74,333.39,333.54,13768.0
13:44,334.22,334.31,333.8,333.88,15424.0
13:45,334.1,334.32,334.03,334.3,7798.0
13:46,334.1,334.12,333.91,334.0,12488.0
13:47,334.2,334.32,334.03,334.14,10988.0
13:48,334.24,334.45,334.17,334.32,14990.0
13:49,334.41,334.5,334.17,334.24,27266.0
13:50,334.86,334.87,334.41,334.41,19801.0
13:51,334.49,334.83,334.39,334.83,11590.0
13:52,334.69,334.7,334.4,334.49,10279.0
13:53,334.82,334.82,334.47,334.47,12880.0
13:54,335.01,335.01,334.53,334.61,14785.0
13:55,334.92,335.09,334.82,335.02,21318.0
13:56,334.53,334.92,334.39,334.92,14175.0
13:57,334.23,334.5,334.15,334.5,34294.0
13:58,334.39,334.39,334.18,334.3,56731.0
13:59,334.6,334.69,334.26,334.37,16077.0
14:00,334.1,334.79,334.01,334.6,20387.0
14:01,333.93,334.46,333.83,334.1,45343.0
14:02,333.34,334.06,332.87,333.93,54481.0
14:03,333.17,333.42,333.09,333.26,14743.0
14:04,333.05,333.48,332.85,333.22,29407.0
14:05,333.58,333.72,332.99,333.12,27620.0
14:06,334.44,334.51,333.53,333.67,30633.0
14:07,334.17,334.66,334.12,334.46,28749.0
14:08,334.22,334.22,333.77,334.22,18436.0
14:09,334.44,334.6,334.2,334.2,10942.0
14:10,334.59,334.7,334.31,334.47,11554.0
14:11,334.9,335.1,334.52,334.6,16623.0
14:12,334.92,335.1,334.73,334.86,17225.0
14:13,334.81,335.08,334.75,335.06,14154.0
14:14,334.92,335.08,334.8,334.92,24372.0
14:15,334.98,335.09,334.79,334.93,10201.0
14:16,335.05,335.15,334.94,334.98,13250.0
14:17,335.12,335.46,334.98,335.05,62729.0
14:18,335.03,335.25,335.0,335.12,11095.0
14:19,335.49,335.5,335.02,335.14,10383.0
14:20,335.19,335.49,335.01,335.49,9912.0
14:21,335.18,335.39,335.16,335.37,7486.0
14:22,335.22,335.33,335.0,335.17,10077.0
14:23,335.09,335.15,334.8,335.14,8506.0
14:24,335.2,335.41,335.18,335.18,5119.0
14:25,335.37,335.37,335.01,335.18,10584.0
14:26,335.22,335.46,335.12,335.37,9132.0
14:27,335.37,335.47,335.13,335.2,7709.0
14:28,335.34,335.41,335.17,335.38,10306.0
14:29,335.27,335.44,335.27,335.34,6910.0
14:30,335.26,335.46,335.17,335.27,12565.0
14:31,335.15,335.41,335.15,335.17,3101274.0
14:32,334.88,335.32,334.88,335.15,1.0
14:33,334.66,334.94,334.6,334.94,10015.0
14:34,334.93,334.98,334.68,334.81,9265.0
14:35,334.92,335.03,334.73,334.8,9839.0
14:36,334.82,335.1,334.65,334.8,8433.0
14:37,335.27,335.27,334.84,334.9,13646.0
14:38,335.4,335.44,335.11,335.24,7489.0
14:39,335.51,335.51,335.37,335.42,9729.0
14:40,335.96,336.02,335.39,335.47,18267.0
14:41,336.08,336.16,335.95,335.95,14346.0
14:42,336.01,336.08,335.82,336.07,13081.0
14:43,336.01,336.1,335.89,336.02,14942.0
14:44,335.79,335.99,335.66,335.99,10311.0
14:45,335.53,335.87,335.49,335.75,9445.0
14:46,335.16,335.52,335.15,335.49,7910.0
14:47,335.08,335.37,335.01,335.19,10903.0
14:48,335.15,335.26,334.98,335.08,7848.0
14:49,335.44,335.44,334.95,335.06,7968.0
14:50,335.29,335.46,335.21,335.4,8490.0
14:51,335.07,335.27,335.0,335.26,11135.0
14:52,335.22,335.22,335.01,335.09,8119.0
14:53,335.36,335.41,335.21,335.25,8054.0
14:54,335.56,335.7,335.37,335.4,11480.0
14:55,335.81,335.81,335.55,335.62,10721.0
14:56,335.34,335.76,335.32,335.73,11208.0
14:57,335.0,335.33,334.92,335.33,13129.0
14:58,335.2,335.35,334.9,334.97,8047.0
14:59,335.22,335.38,335.16,335.28,9517.0
15:00,335.25,335.25,334.9,335.23,10335.0
15:01,334.95,335.33,334.86,335.24,12540.0
15:02,335.11,335.17,334.93,335.01,13041.0
15:03,335.2,335.25,335.04,335.11,7966.0
15:04,335.3,335.35,335.21,335.21,10911.0
15:05,335.72,335.72,335.32,335.32,14173.0
15:06,335.66,335.86,335.63,335.66,16411.0
15:07,335.42,335.67,335.41,335.63,16021.0
15:08,335.52,335.57,335.2,335.39,11940.0
15:09,335.42,335.55,335.33,335.48,10508.0
15:10,335.47,335.6,335.28,335.4,17553.0
15:11,335.72,335.72,335.36,335.43,14613.0
15:12,335.52,335.75,335.42,335.75,14486.0
15:13,335.14,335.52,335.14,335.52,11809.0
15:14,334.96,335.21,334.95,335.19,10603.0
15:15,335.37,335.37,335.02,335.02,26567.0
15:16,335.13,335.16,335.01,335.1,15536.0
15:17,335.29,335.29,334.97,335.11,8911.0
15:18,335.06,335.32,335.06,335.25,9168.0
15:19,335.09,335.15,334.99,335.06,12888.0
15:20,335.29,335.32,335.02,335.03,10420.0
15:21,334.82,335.26,334.8,335.26,17057.0
15:22,334.94,335.02,334.83,334.89,10616.0
15:23,334.79,334.92,334.66,334.89,16074.0
15:24,334.38,334.71,334.29,334.68,31042.0
15:25,334.71,334.78,334.42,334.42,19301.0
15:26,334.52,334.72,334.48,334.72,37292.0
15:27,334.49,334.59,334.41,334.52,13740.0
15:28,334.48,334.6,334.43,334.52,12948.0
15:29,334.35,334.51,334.23,334.51,15220.0
15:30,334.52,334.61,334.3,334.37,21491.0
15:31,334.21,334.57,334.2,334.54,24453.0
15:32,334.17,334.32,334.05,334.22,30839.0
15:33,333.92,334.23,333.92,334.17,29716.0
15:34,334.06,334.08,333.85,333.9,19954.0
15:35,334.01,334.17,333.85,334.07,17678.0
15:36,333.99,334.2,333.92,334.04,23662.0
15:37,333.82,334.11,333.81,334.0,33939.0
15:38,333.93,333.97,333.77,333.82,18391.0
15:39,333.62,333.98,333.62,333.95,21459.0
15:40,333.39,333.67,333.31,333.57,38657.0
15:41,333.12,333.36,332.94,333.36,45205.0
15:42,333.65,333.65,333.04,333.12,39706.0
15:43,333.53,333.68,333.41,333.65,24668.0
15:44,333.7,333.78,333.53,333.58,32279.0
15:45,333.4,333.71,333.24,333.71,49334.0
15:46,333.45,333.54,333.37,333.39,14966.0
15:47,333.45,333.51,333.25,333.45,29615.0
15:48,333.77,333.77,333.42,333.42,16775.0
15:49,333.76,333.84,333.68,333.78,22192.0
15:50,334.45,334.5,333.86,333.86,35966.0
15:51,334.57,334.71,334.38,334.47,37139.0
15:52,334.64,334.75,334.5,334.6,26412.0
15:53,334.83,334.83,334.57,334.64,45613.0
15:54,335.48,335.79,334.84,334.88,67903.0
15:55,335.79,335.96,335.33,335.37,113113.0
15:56,336.15,336.17,335.73,335.81,103340.0
15:57,336.27,336.37,336.02,336.17,110262.0
15:58,336.15,336.27,335.99,336.26,138021.0
15:59,336.11,336.54,336.01,336.14,4421010.0
