Time,Close,High,Low,Open,Volume
09:30,361.04,363.5,359.36,359.84,484779.0
09:31,360.18,361.47,359.99,361.12,73682.0
09:32,360.24,360.68,358.96,360.18,58136.0
09:33,360.77,361.27,360.03,360.4,92359.0
09:34,361.05,361.82,360.6,360.74,54839.0
09:35,360.17,361.1,359.21,360.94,59985.0
09:36,358.65,360.3,358.6,360.17,30004.0
09:37,359.49,359.57,357.87,358.56,54401.0
09:38,360.58,360.98,359.35,359.41,37468.0
09:39,359.94,361.11,359.94,360.58,21397.0
09:40,360.75,360.98,359.69,359.99,31071.0
09:41,359.83,360.85,359.34,360.85,21620.0
09:42,358.65,360.34,358.24,359.95,34381.0
09:43,358.48,359.22,358.37,358.74,29439.0
09:44,359.17,359.37,358.48,358.53,37981.0
09:45,360.08,360.08,359.08,359.21,22209.0
09:46,359.39,360.12,359.06,359.94,26305.0
09:47,360.63,360.82,359.25,359.36,30862.0
09:48,361.76,361.99,360.33,360.67,40487.0
09:49,360.87,361.82,360.75,361.82,34783.0
09:50,360.05,361.81,359.88,360.85,60826.0
09:51,359.89,360.46,359.62,360.1,28530.0
09:52,360.08,360.23,359.36,359.82,40823.0
09:53,359.71,360.86,359.71,359.97,67367.0
09:54,359.7,360.14,359.34,359.63,16714.0
09:55,359.39,359.85,358.88,359.69,23188.0
09:56,358.49,359.44,358.09,359.44,24197.0
09:57,356.91,358.49,356.9,358.49,39766.0
09:58,357.66,357.69,356.58,356.9,30690.0
09:59,357.3,357.72,356.94,357.49,28784.0
10:00,356.86,357.42,356.54,357.29,32987.0
10:01,356.18,357.05,356.02,356.86,34973.0
10:02,355.54,356.48,355.37,356.06,53702.0
10:03,356.12,356.59,355.47,355.61,30284.0
10:04,355.45,356.22,355.31,356.11,31710.0
10:05,356.94,357.07,355.37,355.37,29070.0
10:06,357.73,357.73,356.64,356.89,49263.0
10:07,357.3,357.82,356.86,357.72,37551.0
10:08,357.03,357.35,356.45,357.35,17147.0
10:09,357.07,357.67,356.82,357.15,28297.0
10:10,358.34,358.34,357.06,357.08,24434.0
10:11,358.32,358.55,358.1,358.34,21114.0
10:12,357.26,358.48,357.26,358.32,28297.0
10:13,358.03,358.29,357.24,357.29,21486.0
10:14,357.31,358.13,357.31,358.0,18002.0
10:15,357.61,357.64,356.78,357.36,18042.0
10:16,358.48,358.6,357.46,357.65,11645.0
10:17,358.62,359.27,358.34,358.59,22785.0
10:18,359.6,359.94,358.62,358.62,31145.0
10:19,359.73,359.79,359.27,359.66,24802.0
10:20,360.4,360.6,359.72,359.73,43197.0
10:21,359.25,360.48,359.16,360.41,42327.0
10:22,359.8,359.83,358.73,359.22,38227.0
10:23,360.26,360.28,359.58,359.85,24843.0
10:24,360.55,360.71,360.26,360.36,30206.0
10:25,360.89,361.0,360.0,360.55,44270.0
10:26,360.58,360.99,360.18,360.89,22820.0
10:27,360.7,360.94,360.21,360.58,23883.0
10:28,361.26,361.49,360.5,360.7,25667.0
10:29,360.09,361.49,360.09,361.31,14488.0
10:30,360.36,360.51,359.85,360.24,23042.0
10:31,360.89,361.2,360.23,360.36,13829.0
10:32,359.64,360.86,359.64,360.72,11274.0
10:33,359.05,359.93,359.05,359.71,24459.0
10:34,358.61,359.21,358.22,359.13,29727.0
10:35,358.71,358.73,357.95,358.61,25129.0
10:36,357.24,358.73,357.15,358.59,40553.0
10:37,355.99,357.37,355.81,357.2,34456.0
10:38,355.61,356.12,355.56,356.04,51644.0
10:39,355.58,355.98,355.3,355.59,28302.0
10:40,355.54,355.74,355.32,355.53,48042.0
10:41,356.02,356.23,355.5,355.63,34461.0
10:42,355.58,356.14,355.16,356.13,32437.0
10:43,355.65,356.58,355.53,355.58,19633.0
10:44,354.28,355.85,354.23,355.69,54812.0
10:45,355.77,355.88,354.42,354.51,33890.0
10:46,355.1,355.75,354.66,355.69,32421.0
10:47,354.2,355.05,354.0,355.05,33591.0
10:48,354.11,354.86,353.81,354.2,45896.0
10:49,354.63,354.64,353.65,354.23,49053.0
10:50,354.46,355.4,354.46,354.61,16758.0
10:51,354.63,355.34,354.27,354.6,21132.0
10:52,354.27,354.77,354.01,354.7,19015.0
10:53,353.51,354.43,353.33,354.19,27841.0
10:54,354.45,354.64,353.44,353.53,40202.0
10:55,355.23,355.5,354.35,354.43,29610.0
10:56,353.55,355.22,353.46,355.22,34693.0
10:57,353.05,353.77,352.94,353.75,24099.0
10:58,353.1,353.4,352.91,353.05,25029.0
10:59,353.0,353.51,352.71,353.11,46915.0
11:00,353.75,353.83,352.92,353.0,59082.0
11:01,354.12,354.72,353.76,353.83,19892.0
11:02,354.76,355.08,354.24,354.32,16355.0
11:03,355.07,355.08,354.46,354.77,16871.0
11:04,355.85,355.86,354.97,354.97,29921.0
11:05,356.02,356.43,355.5,355.84,32308.0
11:06,356.26,356.86,355.83,356.11,27780.0
11:07,356.0,356.62,355.64,356.26,13685.0
11:08,356.52,356.62,355.92,356.0,11532.0
11:09,355.85,356.66,355.72,356.53,20764.0
11:10,355.7,356.19,355.48,356.0,15173.0
11:11,356.61,356.61,355.53,355.69,21287.0
11:12,356.33,357.0,356.19,356.52,25928.0
11:13,356.74,357.0,356.22,356.39,18158.0
11:14,356.89,357.11,356.5,356.67,18602.0
11:15,357.1,357.48,356.85,357.01,24822.0
11:16,356.57,357.53,356.51,357.29,26539.0
11:17,356.83,357.17,356.61,356.7,13127.0
11:18,355.9,357.01,355.77,356.77,25328.0
11:19,356.27,356.31,355.79,355.9,17053.0
11:20,356.98,357.08,356.16,356.29,23188.0
11:21,356.56,357.04,356.46,357.02,18428.0
11:22,355.93,356.78,355.76,356.67,29487.0
11:23,356.34,356.54,355.87,355.98,12934.0
11:24,356.42,356.5,356.12,356.35,17878.0
11:25,356.59,356.75,356.26,356.52,17594.0
11:26,356.91,357.01,356.01,356.74,33457.0
11:27,356.52,356.96,356.19,356.96,24016.0
11:28,356.97,357.04,356.45,356.48,18876.0
11:29,357.82,357.91,356.83,356.94,33448.0
11:30,357.19,357.82,356.94,357.82,15895.0
11:31,357.01,357.62,356.99,357.18,40575.0
11:32,357.18,357.26,356.83,357.11,21194.0
11:33,357.61,357.62,357.16,357.18,18142.0
11:34,356.87,357.6,356.87,357.43,14161.0
11:35,355.81,357.21,355.62,356.92,67537.0
11:36,356.33,356.41,355.75,355.84,24502.0
11:37,356.38,356.66,356.23,356.34,27134.0
11:38,356.42,356.75,356.27,356.28,17083.0
11:39,356.41,356.44,355.95,356.28,28408.0
11:40,356.1,356.48,355.7,356.34,26996.0
11:41,355.99,356.39,355.93,356.27,17993.0
11:42,356.49,356.54,356.05,356.1,25623.0
11:43,356.39,356.45,355.6,356.42,25016.0
11:44,356.27,356.57,356.04,356.29,38053.0
11:45,355.99,356.4,355.78,356.12,35020.0
11:46,356.44,356.46,355.85,356.07,26585.0
11:47,355.78,356.42,355.66,356.38,19603.0
11:48,355.86,356.11,355.68,355.9,12469.0
11:49,355.59,356.0,355.29,355.9,14687.0
11:50,355.78,356.1,355.43,355.68,16373.0
11:51,355.99,356.34,355.77,355.77,19085.0
11:52,356.73,356.86,356.02,356.02,26761.0
11:53,355.86,356.88,355.86,356.71,17590.0
11:54,356.03,356.22,355.67,355.86,30663.0
11:55,355.23,356.07,355.05,355.99,35701.0
11:56,354.47,355.37,354.31,355.23,32256.0
11:57,355.16,355.16,354.47,354.47,16864.0
11:58,355.05,355.29,354.84,355.09,12205.0
11:59,355.27,355.37,354.8,355.06,19531.0
12:00,356.19,356.41,355.4,355.4,17737.0
12:01,356.06,356.61,356.03,356.26,31960.0
12:02,356.61,356.61,355.99,356.18,14418.0
12:03,356.12,356.61,355.9,356.61,16040.0
12:04,356.5,356.61,355.98,356.01,15307.0
12:05,356.62,356.9,356.34,356.46,20952.0
12:06,356.86,356.86,356.35,356.43,11626.0
12:07,356.14,357.08,356.12,357.0,16556.0
12:08,356.24,356.47,355.94,356.24,11123.0
12:09,356.76,356.95,356.34,356.34,10385.0
12:10,357.27,357.37,356.76,356.76,43039.0
12:11,357.51,357.68,357.15,357.18,26240.0
12:12,357.15,357.52,356.94,357.42,28442.0
12:13,357.1,357.42,356.95,357.13,27667.0
12:14,356.33,357.22,356.31,357.02,29239.0
12:15,356.06,356.37,355.97,356.32,17697.0
12:16,356.22,356.67,356.06,356.11,19498.0
12:17,356.37,356.58,356.24,356.24,10739.0
12:18,356.74,356.86,356.29,356.47,15521.0
12:19,356.38,356.75,356.1,356.65,9584.0
12:20,356.23,356.49,356.12,356.38,9965.0
12:21,355.58,356.19,355.47,356.19,13683.0
12:22,355.52,355.68,355.2,355.57,16009.0
12:23,355.63,356.16,355.46,355.54,36937.0
12:24,355.54,355.85,355.36,355.49,16486.0
12:25,355.46,355.62,355.27,355.57,14055.0
12:26,355.32,355.73,355.06,355.46,13987.0
12:27,355.77,355.9,355.33,355.33,16701.0
12:28,355.88,355.99,355.7,355.76,20724.0
12:29,356.22,356.29,355.74,355.82,13253.0
12:30,356.08,356.62,356.06,356.24,23035.0
12:31,355.88,356.09,355.8,356.08,16129.0
12:32,356.42,356.53,355.8,355.8,19124.0
12:33,356.46,356.83,356.27,356.38,20384.0
12:34,355.92,356.47,355.79,356.46,8188.0
12:35,356.34,356.51,355.96,356.02,27735.0
12:36,356.8,356.87,356.36,356.42,19941.0
12:37,356.58,357.07,356.58,356.8,9184.0
12:38,356.97,357.09,356.49,356.58,10621.0
12:39,356.17,357.13,356.12,357.08,20016.0
12:40,356.62,356.74,356.06,356.07,11565.0
12:41,356.55,356.91,356.42,356.65,5858.0
12:42,357.14,357.26,356.52,356.52,17342.0
12:43,357.79,357.82,357.12,357.21,11393.0
12:44,357.34,357.81,357.28,357.73,12162.0
12:45,357.75,357.75,357.36,357.36,17310.0
12:46,357.2,357.73,357.11,357.73,14577.0
12:47,357.6,357.71,357.0,357.31,15787.0
12:48,358.07,358.16,357.6,357.67,11704.0
12:49,358.09,358.29,357.93,358.04,18371.0
12:50,358.96,359.0,357.87,358.15,15729.0
12:51,358.31,358.95,358.29,358.95,11050.0
12:52,358.26,358.36,357.94,358.31,10722.0
12:53,357.86,358.23,357.78,358.1,9862.0
12:54,358.48,358.56,357.93,357.93,12320.0
12:55,358.36,358.52,358.09,358.46,6881.0
12:56,358.48,358.59,358.33,358.33,10333.0
12:57,357.76,358.56,357.69,358.56,13247.0
12:58,357.99,358.26,357.74,357.83,34805.0
12:59,357.89,357.99,357.69,357.99,8816.0
13:00,357.82,358.0,357.75,357.89,9011.0
13:01,358.39,358.44,357.72,357.89,17758.0
13:02,358.22,358.48,358.12,358.35,10250.0
13:03,357.71,358.19,357.65,358.18,15303.0
13:04,357.21,357.78,357.17,357.77,12618.0
13:05,356.8,357.29,356.7,357.29,15916.0
13:06,355.77,356.61,355.54,356.61,26403.0
13:07,355.86,356.33,355.68,355.68,14395.0
13:08,355.89,356.22,355.79,356.08,10244.0
13:09,355.56,355.95,355.37,355.95,9513.0
13:10,355.18,355.51,355.01,355.39,9918.0
13:11,354.7,355.34,354.68,355.18,12807.0
13:12,353.98,354.62,353.82,354.62,36493.0
13:13,354.52,354.74,353.96,353.96,19289.0
13:14,354.53,354.68,354.25,354.52,20355.0
13:15,354.78,355.09,354.53,354.55,21209.0
13:16,354.69,354.92,354.48,354.82,9977.0
13:17,354.6,354.63,354.16,354.57,15392.0
13:18,354.77,354.92,354.5,354.72,9045.0
13:19,354.65,354.77,354.25,354.77,10204.0
13:20,354.93,355.0,354.47,354.55,15661.0
13:21,354.73,354.93,354.47,354.79,11984.0
13:22,354.78,355.1,354.73,354.79,9823.0
13:23,355.54,355.54,354.76,354.82,11636.0
13:24,355.32,355.7,355.22,355.52,17410.0
13:25,356.19,356.44,355.28,355.28,12365.0
13:26,356.85,356.85,356.09,356.09,7316.0
13:27,356.46,356.88,356.37,356.86,9994.0
13:28,357.04,357.04,356.45,356.51,11727.0
13:29,356.96,357.31,356.87,357.12,15859.0
13:30,357.49,357.49,356.96,356.99,10507.0
13:31,357.31,357.66,357.17,357.49,17363.0
13:32,357.42,357.5,357.18,357.33,8219.0
13:33,357.07,357.78,357.0,357.5,26159.0
13:34,357.42,357.49,357.05,357.05,8844.0
13:35,357.76,357.78,357.33,357.42,10672.0
13:36,358.45,358.5,357.85,357.85,10022.0
13:37,358.06,358.61,358.06,358.43,16460.0
13:38,358.2,358.28,357.91,358.06,7685.0
13:39,358.36,358.56,358.16,358.3,12045.0
13:40,358.39,358.67,358.36,358.41,13246.0
13:41,358.32,358.53,358.08,358.34,16476.0
13:42,358.7,358.85,358.28,358.35,24134.0
13:43,358.32,358.76,358.27,358.66,14615.0
13:44,358.54,358.73,358.42,358.42,10325.0
13:45,358.47,358.59,358.3,358.58,7584.0
13:46,357.73,358.6,357.72,358.49,10783.0
13:47,358.1,358.34,357.83,357.84,7199.0
13:48,357.92,358.42,357.78,358.19,7740.0
13:49,358.15,358.27,357.73,357.86,9928.0
13:50,357.9,358.32,357.9,358.19,6472.0
13:51,357.92,358.12,357.66,357.87,8395.0
13:52,357.77,358.11,357.74,358.01,6741.0
13:53,357.38,357.95,357.25,357.77,10703.0
13:54,357.74,357.83,357.26,357.37,10723.0
13:55,356.95,357.68,356.73,357.64,10303.0
13:56,356.72,356.97,356.64,356.95,14342.0
13:57,356.77,356.95,356.35,356.78,15717.0
13:58,356.89,356.92,356.65,356.87,2372492.0
13:59,356.7,356.96,356.67,356.91,1.0
14:00,356.96,357.12,356.65,356.7,7917.0
14:01,357.17,357.29,356.86,356.96,10406.0
14:02,357.12,357.17,356.89,357.12,10333.0
14:03,358.08,358.16,357.17,357.17,14082.0
14:04,358.32,358.44,357.96,358.11,7763.0
14:05,358.82,358.85,358.27,358.27,10767.0
14:06,359.42,359.51,358.72,358.87,23404.0
14:07,359.43,359.54,359.2,359.34,21832.0
14:08,359.28,359.51,359.08,359.41,10802.0
14:09,359.07,359.36,358.92,359.23,10201.0
14:10,359.53,359.53,359.07,359.07,17450.0
14:11,359.33,359.54,359.23,359.5,17626.0
14:12,359.71,359.84,359.34,359.36,22360.0
14:13,359.62,359.75,359.31,359.65,16060.0
14:14,359.33,359.56,359.28,359.56,11179.0
14:15,359.17,359.5,359.08,359.38,12321.0
14:16,358.65,359.24,358.56,359.17,18978.0
14:17,358.25,358.79,358.06,358.67,21836.0
14:18,358.16,358.41,358.03,358.27,8506.0
14:19,358.65,358.88,358.19,358.21,28994.0
14:20,358.7,358.83,358.51,358.53,8463.0
14:21,358.9,359.03,358.67,358.76,18654.0
14:22,358.97,359.1,358.67,358.9,15369.0
14:23,358.78,359.17,358.78,358.93,15119.0
14:24,359.11,359.23,358.86,358.96,16262.0
14:25,359.54,359.58,359.11,359.11,12327.0
14:26,359.88,359.95,359.36,359.54,22124.0
14:27,359.47,360.0,359.45,359.96,30773.0
14:28,359.94,359.95,359.39,359.43,14143.0
14:29,359.74,360.19,359.63,359.89,30677.0
14:30,359.55,359.88,359.47,359.74,17754.0
14:31,359.31,359.47,359.01,359.45,18601.0
14:32,359.7,359.73,359.27,359.27,17043.0
14:33,359.45,359.65,359.33,359.65,12929.0
14:34,359.46,359.52,359.31,359.49,23018.0
14:35,360.39,360.39,359.44,359.46,77093.0
14:36,360.4,360.9,360.31,360.39,57573.0
14:37,360.4,360.56,360.24,360.44,14506.0
14:38,360.46,360.68,360.26,360.45,15836.0
14:39,360.14,360.57,360.11,360.42,17092.0
14:40,359.8,360.24,359.79,360.18,12624.0
14:41,359.39,359.85,359.21,359.78,19414.0
14:42,359.17,359.37,359.0,359.32,9896.0
14:43,359.52,359.56,359.0,359.11,13311.0
14:44,359.57,359.62,359.2,359.51,12581.0
14:45,359.49,359.57,359.37,359.57,7629.0
14:46,359.38,359.55,359.32,359.44,14307.0
14:47,359.32,359.49,359.07,359.44,11346.0
14:48,359.12,359.43,359.03,359.32,6669.0
14:49,359.21,359.32,359.0,359.19,7056.0
14:50,358.95,359.28,358.73,359.27,32889.0
14:51,358.79,359.11,358.68,359.04,11979.0
14:52,358.42,358.83,358.33,358.77,9506.0
14:53,358.82,358.83,358.18,358.33,10366.0
14:54,358.65,358.95,358.65,358.8,6633.0
14:55,358.83,358.83,358.58,358.72,10370.0
14:56,359.27,359.39,358.99,358.99,9654.0
14:57,359.75,359.76,359.1,359.33,9527.0
14:58,359.93,360.06,359.79,359.79,11534.0
14:59,359.48,359.95,359.35,359.94,10544.0
15:00,359.67,359.79,359.46,359.54,12609.0
15:01,359.48,359.8,359.26,359.65,7232.0
15:02,359.09,359.62,359.0,359.51,10211.0
15:03,359.26,359.43,359.09,359.09,10579.0
15:04,359.24,359.36,359.13,359.28,11183.0
15:05,359.23,359.42,359.13,359.32,10505.0
15:06,359.22,359.3,359.02,359.16,8709.0
15:07,359.13,359.27,359.09,359.14,14709.0
15:08,358.52,359.24,358.52,359.18,11771.0
15:09,358.95,358.98,358.55,358.67,10851.0
15:10,358.95,359.11,358.79,358.9,11682.0
15:11,358.98,359.05,358.82,359.0,12274.0
15:12,358.15,359.1,358.06,358.98,26012.0
15:13,358.38,358.5,357.92,358.15,20296.0
15:14,358.25,358.59,358.24,358.38,18639.0
15:15,357.82,358.38,357.73,358.33,15941.0
15:16,357.88,358.08,357.37,357.75,20199.0
15:17,358.15,358.23,357.89,357.9,14035.0
15:18,358.33,358.43,358.03,358.16,15871.0
15:19,358.52,358.72,358.36,358.37,14146.0
15:20,358.3,358.61,358.23,358.47,11359.0
15:21,358.17,358.37,358.02,358.26,12233.0
15:22,358.32,358.46,358.17,358.17,8490.0
15:23,358.22,358.34,358.08,358.26,15695.0
15:24,358.26,358.28,358.0,358.18,16460.0
15:25,358.5,358.5,358.18,358.26,15047.0
15:26,358.23,358.56,358.23,358.52,16844.0
15:27,357.95,358.2,357.67,358.2,16547.0
15:28,357.77,357.88,357.71,357.86,21149.0
15:29,357.19,357.86,357.03,357.8,29555.0
15:30,357.31,357.53,357.06,357.28,24922.0
15:31,356.77,357.33,356.7,357.29,23412.0
15:32,356.76,356.81,356.25,356.76,33428.0
15:33,356.89,357.1,356.68,356.76,30443.0
15:34,357.41,357.5,356.94,356.95,14346.0
15:35,357.58,357.69,357.3,357.35,16994.0
15:36,357.26,357.74,357.16,357.6,20930.0
15:37,357.13,357.52,357.05,357.29,17000.0
15:38,357.05,357.34,356.93,357.16,14028.0
15:39,356.76,357.16,356.62,357.06,18680.0
15:40,356.77,357.06,356.7,356.78,15194.0
15:41,356.61,356.75,356.46,356.7,15045.0
15:42,356.44,356.72,356.39,356.61,15898.0
15:43,356.2,356.5,355.93,356.42,21919.0
15:44,356.11,356.27,356.02,356.19,22438.0
15:45,356.16,356.24,355.65,356.19,32870.0
15:46,355.39,356.26,355.2,356.18,25705.0
15:47,355.47,355.72,355.24,355.33,20701.0
15:48,355.71,355.84,355.46,355.54,37364.0
15:49,355.46,355.75,355.42,355.65,20747.0
15:50,355.85,356.16,355.36,355.49,42959.0
15:51,355.93,356.18,355.63,355.93,33343.0
15:52,355.98,356.22,355.71,355.87,32922.0
15:53,355.98,356.39,355.64,355.93,83321.0
15:54,355.42,356.08,355.28,355.86,91471.0
15:55,355.76,355.92,354.17,355.46,128982.0
15:56,355.54,355.92,355.45,355.74,136588.0
15:57,355.63,355.68,355.24,355.48,119501.0
15:58,355.75,355.81,355.5,355.6,135441.0
15:59,355.76,355.88,355.18,355.74,487716.0
