Time,Close,High,Low,Open,Volume
09:30,335.68,338.1,335.45,335.81,1545563.0
09:31,336.22,337.09,335.74,335.85,48198.0
09:32,335.22,336.68,334.99,336.42,72462.0
09:33,336.52,336.77,334.97,335.45,44535.0
09:34,337.91,337.91,336.53,336.53,50969.0
09:35,338.0,338.29,337.0,337.94,50618.0
09:36,340.5,340.5,338.05,338.05,106160.0
09:37,342.98,343.0,340.74,340.74,82778.0
09:38,343.5,343.57,342.81,343.01,77401.0
09:39,342.9,344.11,342.17,343.54,123643.0
09:40,342.7,343.2,341.78,342.84,65819.0
09:41,341.32,342.77,341.2,342.56,83171.0
09:42,340.62,341.36,340.38,341.36,52869.0
09:43,339.44,340.59,339.44,340.59,37263.0
09:44,338.84,339.37,338.66,339.37,30653.0
09:45,338.98,344.12,335.65,338.63,1203071.0
09:46,339.78,340.2,338.7,339.12,72068.0
09:47,339.33,339.87,339.32,339.75,46053.0
09:48,338.98,339.36,338.62,339.33,42352.0
09:49,338.35,339.1,338.23,338.96,68501.0
09:50,337.85,338.36,337.5,338.36,96960.0
09:51,336.05,338.0,335.77,337.88,102033.0
09:52,334.83,336.25,334.6,336.19,138995.0
09:53,335.23,335.55,334.77,334.82,58044.0
09:54,335.08,335.34,334.84,335.21,51604.0
09:55,335.36,335.5,334.97,334.98,49263.0
09:56,335.17,335.48,334.7,335.36,66697.0
09:57,336.16,336.38,335.0,335.26,58835.0
09:58,337.35,337.41,335.98,336.14,42707.0
09:59,338.11,338.17,337.3,337.35,66561.0
10:00,337.91,338.29,337.51,338.13,79344.0
10:01,337.61,338.42,337.37,337.94,39781.0
10:02,340.01,340.36,337.73,337.73,50308.0
10:03,339.98,340.35,339.56,339.82,34423.0
10:04,339.95,340.45,339.57,339.98,46629.0
10:05,340.18,340.75,339.84,340.07,54890.0
10:06,340.24,340.33,339.65,340.25,24576.0
10:07,340.11,340.62,340.04,340.25,25194.0
10:08,340.6,340.7,340.11,340.3,32175.0
10:09,340.63,341.05,340.47,340.64,53118.0
10:10,340.57,340.89,340.38,340.62,72230.0
10:11,341.26,341.26,340.14,340.57,61331.0
10:12,341.23,341.87,341.13,341.34,56277.0
10:13,341.51,341.52,340.59,341.14,55470.0
10:14,341.67,342.04,341.27,341.51,77446.0
10:15,341.14,341.97,341.01,341.8,44495.0
10:16,341.06,341.33,340.96,341.2,29077.0
10:17,341.36,341.75,341.13,341.13,49708.0
10:18,341.71,342.0,341.39,341.43,46226.0
10:19,341.82,342.19,341.36,341.74,42815.0
10:20,341.99,342.11,341.53,341.86,34866.0
10:21,342.46,342.79,341.96,341.96,44573.0
10:22,342.67,343.0,342.41,342.52,84140.0
10:23,343.01,343.07,342.61,342.73,60316.0
10:24,342.51,343.05,342.39,343.05,31648.0
10:25,342.76,343.0,342.45,342.51,33875.0
10:26,342.81,343.07,342.53,342.8,51815.0
10:27,342.98,343.19,342.66,343.0,57346.0
10:28,341.82,343.29,341.54,343.1,57891.0
10:29,340.75,341.96,340.7,341.75,45446.0
10:30,341.34,341.67,340.71,340.78,34106.0
10:31,340.32,341.34,340.24,341.29,36526.0
10:32,340.22,340.37,339.91,340.36,33342.0
10:33,339.64,340.25,339.14,340.23,45111.0
10:34,340.09,340.1,339.44,339.64,28091.0
10:35,340.65,340.7,339.96,340.11,24264.0
10:36,339.8,340.69,339.72,340.69,41359.0
10:37,339.33,339.82,339.24,339.82,23100.0
10:38,339.53,339.77,339.32,339.32,26582.0
10:39,339.4,339.58,339.19,339.44,19182.0
10:40,338.96,339.46,338.89,339.46,32354.0
10:41,338.45,338.99,338.38,338.9,46109.0
10:42,338.61,338.86,338.25,338.45,46033.0
10:43,338.55,338.92,338.46,338.58,31357.0
10:44,338.37,338.7,338.12,338.61,17149.0
10:45,338.37,338.62,338.37,338.37,15336.0
10:46,338.14,338.45,338.0,338.24,34133.0
10:47,338.13,338.26,337.89,338.1,27548.0
10:48,338.87,338.87,338.14,338.23,33698.0
10:49,338.9,339.17,338.73,338.87,32825.0
10:50,338.23,338.9,337.76,338.85,38792.0
10:51,337.75,338.17,337.69,338.09,19803.0
10:52,337.97,338.08,337.71,337.83,17520.0
10:53,337.38,337.97,337.37,337.81,30465.0
10:54,337.81,338.13,337.38,337.42,36643.0
10:55,337.64,337.96,337.57,337.83,17541.0
10:56,337.66,337.85,337.45,337.7,31379.0
10:57,337.75,337.75,337.59,337.66,14448.0
10:58,338.02,338.09,337.76,337.76,16321.0
10:59,337.85,338.02,337.75,338.02,13496.0
11:00,337.82,338.06,337.74,337.83,18446.0
11:01,338.1,338.17,337.8,337.82,24457.0
11:02,338.05,338.26,337.92,338.17,27097.0
11:03,338.5,338.5,337.83,337.98,38523.0
11:04,339.62,339.62,338.51,338.51,61072.0
11:05,339.0,339.61,339.0,339.61,24911.0
11:06,338.87,339.24,338.84,338.99,34473.0
11:07,338.48,339.21,338.42,339.0,47362.0
11:08,338.65,338.8,338.34,338.45,18515.0
11:09,338.7,339.06,338.68,338.71,32405.0
11:10,338.78,338.8,338.5,338.79,20200.0
11:11,339.3,339.4,338.89,338.89,36838.0
11:12,339.3,339.46,339.11,339.11,19034.0
11:13,339.23,339.41,339.06,339.22,29929.0
11:14,339.23,339.4,339.1,339.2,26950.0
11:15,339.18,339.36,339.08,339.18,22034.0
11:16,339.48,339.7,339.3,339.3,22291.0
11:17,339.28,339.45,339.22,339.39,19343.0
11:18,338.94,339.3,338.91,339.27,32028.0
11:19,339.1,339.5,338.92,338.92,20020.0
11:20,338.64,339.1,338.59,339.09,17297.0
11:21,338.88,339.07,338.58,338.64,22682.0
11:22,339.11,339.17,338.92,338.95,17369.0
11:23,339.02,339.29,338.94,339.17,20651.0
11:24,338.99,339.13,338.81,339.03,25447.0
11:25,338.95,339.17,338.56,338.8,26773.0
11:26,338.82,339.0,338.67,338.95,20574.0
11:27,338.82,339.06,338.81,338.82,14708.0
11:28,338.77,338.94,338.48,338.82,34722.0
11:29,338.36,338.76,338.36,338.74,16534.0
11:30,338.2,338.51,338.19,338.39,11866.0
11:31,337.95,338.3,337.61,338.3,33845.0
11:32,338.26,338.36,337.95,338.0,38158.0
11:33,338.18,338.31,338.0,338.3,25921.0
11:34,337.99,338.18,337.81,338.12,17882.0
11:35,337.97,338.16,337.85,337.86,36775.0
11:36,338.17,338.24,337.99,338.04,14221.0
11:37,337.69,338.18,337.67,338.17,23313.0
11:38,337.75,337.82,337.5,337.6,27328.0
11:39,337.9,337.99,337.7,337.7,18985.0
11:40,337.72,337.99,337.67,337.9,9316.0
11:41,338.12,338.15,337.73,337.81,28933.0
11:42,338.14,338.43,338.01,338.13,22348.0
11:43,338.1,338.22,337.77,338.22,17476.0
11:44,338.16,338.17,338.01,338.09,17374.0
11:45,338.34,338.39,338.13,338.19,19364.0
11:46,338.5,338.64,338.33,338.36,19629.0
11:47,338.79,338.93,338.46,338.46,22345.0
11:48,338.69,339.02,338.65,338.8,31410.0
11:49,338.8,338.88,338.52,338.63,16377.0
11:50,338.8,338.86,338.55,338.8,37170.0
11:51,338.82,339.11,338.61,338.61,56183.0
11:52,338.2,338.79,338.2,338.79,19252.0
11:53,338.47,338.56,338.07,338.2,19595.0
11:54,338.4,338.46,338.24,338.41,12290.0
11:55,337.88,338.33,337.85,338.3,13342.0
11:56,338.02,338.25,337.78,337.78,16093.0
11:57,338.1,338.26,338.0,338.11,14385.0
11:58,338.31,338.55,338.02,338.15,20037.0
11:59,338.34,338.49,338.22,338.33,21124.0
12:00,338.02,338.43,337.9,338.34,24070.0
12:01,338.1,338.26,338.1,338.13,12532.0
12:02,338.12,338.18,338.0,338.08,8475.0
12:03,338.27,338.31,338.13,338.14,12148.0
12:04,338.33,338.47,338.16,338.21,24665.0
12:05,338.39,338.7,338.29,338.46,16375.0
12:06,338.37,338.58,338.36,338.4,14614.0
12:07,338.22,338.47,338.21,338.27,11656.0
12:08,338.83,339.13,338.01,338.31,50415.0
12:09,338.53,338.99,338.39,338.73,15429.0
12:10,338.17,338.51,338.1,338.5,12702.0
12:11,338.16,338.29,338.03,338.21,8837.0
12:12,338.1,338.34,338.04,338.14,8508.0
12:13,338.52,338.55,338.12,338.2,13567.0
12:14,338.4,338.52,338.3,338.48,8127.0
12:15,338.27,338.3,338.18,338.26,11407.0
12:16,338.36,338.44,338.18,338.3,12067.0
12:17,338.55,338.66,338.35,338.36,10117.0
12:18,338.6,338.64,338.3,338.54,17901.0
12:19,338.51,338.56,338.4,338.53,5468.0
12:20,338.4,338.51,338.36,338.51,16350.0
12:21,338.62,338.75,338.42,338.42,19106.0
12:22,338.61,338.67,338.55,338.65,15401.0
12:23,338.55,338.81,338.55,338.68,17205.0
12:24,338.73,338.76,338.52,338.52,14428.0
12:25,338.64,338.8,338.5,338.73,40585.0
12:26,338.59,338.73,338.51,338.65,18157.0
12:27,338.66,338.67,338.54,338.62,13810.0
12:28,338.86,338.92,338.62,338.69,20776.0
12:29,338.7,338.93,338.65,338.86,19618.0
12:30,338.4,338.68,338.31,338.65,16860.0
12:31,338.04,338.45,338.03,338.41,11922.0
12:32,338.37,338.44,338.07,338.08,34188.0
12:33,338.61,338.64,338.2,338.33,16383.0
12:34,338.41,338.62,338.24,338.62,14054.0
12:35,338.25,338.44,338.24,338.44,12907.0
12:36,338.3,338.32,338.1,338.2,15962.0
12:37,338.23,338.28,338.13,338.25,12898.0
12:38,338.38,338.41,338.14,338.15,12485.0
12:39,338.42,338.51,338.34,338.36,20503.0
12:40,338.32,338.45,338.29,338.44,9873.0
12:41,338.19,338.42,338.19,338.42,13756.0
12:42,338.4,338.46,338.27,338.27,7903.0
12:43,338.39,338.62,338.39,338.46,12763.0
12:44,338.39,338.59,338.28,338.39,23374.0
12:45,338.35,338.37,338.24,338.29,8130.0
12:46,338.11,338.35,338.04,338.32,16344.0
12:47,338.14,338.17,338.03,338.14,9337.0
12:48,338.12,338.23,338.02,338.15,17305.0
12:49,338.02,338.15,337.98,338.09,22449.0
12:50,338.36,338.66,337.93,338.0,34147.0
12:51,338.22,338.46,338.22,338.46,8866.0
12:52,338.24,338.28,338.11,338.18,9769.0
12:53,338.17,338.29,338.14,338.18,17073.0
12:54,338.41,338.44,338.1,338.11,15253.0
12:55,338.45,338.55,338.35,338.4,19636.0
12:56,338.33,338.43,338.33,338.4,12067.0
12:57,338.35,338.42,338.2,338.33,16232.0
12:58,338.65,338.69,338.35,338.35,19886.0
12:59,338.51,338.69,338.45,338.63,23288.0
13:00,338.82,338.87,338.5,338.51,18570.0
13:01,338.88,339.12,338.81,338.82,24514.0
13:02,338.77,339.03,338.68,338.81,20091.0
13:03,338.7,338.89,338.55,338.77,24927.0
13:04,338.76,338.8,338.65,338.74,25225.0
13:05,338.66,338.76,338.58,338.7,18200.0
13:06,338.77,339.0,338.66,338.66,21683.0
13:07,338.37,338.76,338.22,338.72,37149.0
13:08,338.27,338.5,338.23,338.26,23461.0
13:09,338.44,338.52,338.31,338.31,17400.0
13:10,338.2,338.56,338.1,338.44,27070.0
13:11,338.32,338.33,338.07,338.14,10905.0
13:12,338.23,338.33,338.18,338.33,6522.0
13:13,338.11,338.27,338.06,338.23,12354.0
13:14,338.29,338.29,338.05,338.1,16447.0
13:15,338.1,338.33,338.1,338.33,13309.0
13:16,338.18,338.28,338.13,338.18,11094.0
13:17,338.13,338.24,338.07,338.15,11608.0
13:18,338.18,338.21,338.08,338.19,6159.0
13:19,338.45,338.53,338.1,338.13,18028.0
13:20,338.57,338.68,338.32,338.34,19327.0
13:21,338.6,338.66,338.54,338.58,9487.0
13:22,338.45,338.7,338.36,338.51,22381.0
13:23,339.04,339.09,338.45,338.45,29728.0
13:24,339.1,339.19,338.99,339.07,16785.0
13:25,338.85,339.06,338.81,339.02,13585.0
13:26,338.57,338.91,338.57,338.86,17488.0
13:27,338.2,338.64,338.2,338.56,15708.0
13:28,338.16,338.24,338.09,338.23,10498.0
13:29,338.26,338.61,338.23,338.26,20080.0
13:30,337.9,338.31,337.9,338.26,22197.0
13:31,337.71,337.9,337.62,337.9,20174.0
13:32,337.22,337.77,337.12,337.74,30346.0
13:33,337.2,337.33,337.11,337.24,12481.0
13:34,337.36,337.51,337.15,337.15,11642.0
13:35,337.37,337.43,337.27,337.27,8494.0
13:36,337.62,337.62,337.37,337.42,13771.0
13:37,337.65,337.65,337.3,337.44,12962.0
13:38,337.34,337.65,337.31,337.65,12774.0
13:39,337.57,337.61,337.35,337.35,17276.0
13:40,337.6,337.74,337.34,337.58,18041.0
13:41,337.59,337.64,337.49,337.51,12653.0
13:42,337.64,337.7,337.36,337.5,17240.0
13:43,337.67,337.68,337.34,337.58,22084.0
13:44,337.58,337.72,337.41,337.69,16563.0
13:45,337.59,337.73,337.5,337.57,13477.0
13:46,337.69,337.71,337.51,337.64,11479.0
13:47,337.86,337.88,337.49,337.65,13254.0
13:48,337.64,337.91,337.46,337.88,15423.0
13:49,337.84,337.92,337.69,337.69,11721.0
13:50,337.89,337.89,337.79,337.79,6300.0
13:51,337.45,337.86,337.41,337.85,14236.0
13:52,337.29,337.37,337.21,337.37,18839.0
13:53,337.13,337.26,337.0,337.24,32719.0
13:54,337.18,337.3,337.06,337.16,27019.0
13:55,337.27,337.36,337.11,337.14,28206.0
13:56,337.34,337.43,337.1,337.2,15566.0
13:57,337.64,337.67,337.36,337.4,12808.0
13:58,337.79,337.82,337.61,337.7,16705.0
13:59,337.81,337.94,337.72,337.77,18750.0
14:00,337.59,337.81,337.52,337.77,14018.0
14:01,337.74,337.91,337.62,337.62,22998.0
14:02,337.66,337.78,337.59,337.73,27823.0
14:03,337.79,337.79,337.54,337.59,15567.0
14:04,337.52,337.92,337.52,337.75,24682.0
14:05,337.72,337.79,337.51,337.52,12309.0
14:06,337.71,337.73,337.54,337.62,10681.0
14:07,337.67,337.77,337.6,337.67,6543.0
14:08,337.79,337.92,337.67,337.67,15522.0
14:09,337.77,337.88,337.7,337.71,18445.0
14:10,337.66,337.84,337.59,337.8,12014.0
14:11,337.57,337.62,337.27,337.62,9451.0
14:12,337.69,337.69,337.59,337.61,7912.0
14:13,337.17,337.64,337.17,337.64,17217.0
14:14,337.44,337.44,337.14,337.14,11283.0
14:15,337.42,337.5,337.33,337.38,12244.0
14:16,337.52,337.57,337.39,337.39,6129.0
14:17,337.46,337.56,337.42,337.51,9132.0
14:18,337.46,337.5,337.39,337.49,11484.0
14:19,337.52,337.64,337.35,337.47,14604.0
14:20,337.54,337.63,337.45,337.51,12252.0
14:21,337.4,337.51,337.38,337.42,14210.0
14:22,337.51,337.53,337.35,337.35,20868.0
14:23,337.49,337.57,337.35,337.52,32682.0
14:24,337.42,337.48,337.34,337.45,10266.0
14:25,337.38,337.45,337.32,337.36,13040.0
14:26,337.32,337.52,337.32,337.4,16070.0
14:27,337.38,337.44,337.2,337.2,9815.0
14:28,337.51,337.56,337.4,337.4,7919.0
14:29,337.44,337.65,337.38,337.47,15596.0
14:30,337.43,337.52,337.39,337.39,6518.0
14:31,337.44,337.58,337.4,337.4,10481.0
14:32,337.47,337.51,337.41,337.45,8324.0
14:33,337.41,337.47,337.37,337.47,8135.0
14:34,337.42,337.51,337.35,337.36,9551.0
14:35,337.39,337.4,337.29,337.37,14564.0
14:36,337.45,337.5,337.39,337.44,7024.0
14:37,337.25,337.4,337.23,337.4,11593.0
14:38,337.23,337.38,337.21,337.25,16432.0
14:39,336.95,337.27,336.93,337.18,27738.0
14:40,336.52,337.0,336.5,336.96,34053.0
14:41,336.87,337.03,336.56,336.56,21381.0
14:42,336.99,337.22,336.81,336.94,21016.0
14:43,336.99,337.08,336.79,337.01,18368.0
14:44,336.86,337.06,336.86,336.99,30796.0
14:45,336.99,336.99,336.79,336.86,10211.0
14:46,336.94,337.04,336.83,336.96,11061.0
14:47,337.34,337.34,336.96,336.96,8052.0
14:48,337.32,337.37,337.21,337.36,14053.0
14:49,337.2,337.38,337.16,337.38,14580.0
14:50,337.32,337.44,337.26,337.27,14002.0
14:51,337.25,337.36,337.08,337.32,15397.0
14:52,337.23,337.36,337.07,337.21,37244.0
14:53,337.0,337.31,337.0,337.19,24958.0
14:54,337.1,337.29,337.0,337.05,15110.0
14:55,337.12,337.2,337.07,337.1,8566.0
14:56,336.95,337.15,336.9,337.11,18298.0
14:57,337.12,337.17,336.81,336.91,22275.0
14:58,337.14,337.2,337.09,337.17,9212.0
14:59,336.99,337.2,336.95,337.2,7998.0
15:00,336.89,337.02,336.87,336.96,17842.0
15:01,336.91,336.98,336.75,336.86,15994.0
15:02,336.89,337.0,336.85,336.89,16702.0
15:03,336.7,337.02,336.69,336.89,17362.0
15:04,336.59,336.76,336.55,336.73,19355.0
15:05,336.48,336.58,336.26,336.56,23884.0
15:06,336.94,336.94,336.49,336.53,27608.0
15:07,336.89,336.97,336.84,336.97,26686.0
15:08,336.8,337.04,336.74,336.86,19237.0
15:09,336.69,336.82,336.67,336.82,13673.0
15:10,336.62,336.71,336.55,336.69,29585.0
15:11,336.73,336.73,336.6,336.65,11999.0
15:12,336.97,337.0,336.71,336.73,26932.0
15:13,336.95,337.04,336.95,336.97,33170.0
15:14,336.88,336.98,336.78,336.95,14910.0
15:15,336.86,336.96,336.75,336.9,23743.0
15:16,336.79,336.92,336.68,336.86,12137.0
15:17,336.79,336.87,336.67,336.8,14228.0
15:18,336.69,336.77,336.61,336.77,24854.0
15:19,336.86,336.9,336.63,336.67,23199.0
15:20,336.82,336.91,336.8,336.91,15855.0
15:21,336.73,336.84,336.73,336.8,14929.0
15:22,336.78,336.9,336.67,336.77,15375.0
15:23,336.54,336.78,336.51,336.78,26735.0
15:24,336.69,336.75,336.54,336.54,16899.0
15:25,336.64,336.75,336.52,336.69,20555.0
15:26,336.65,336.7,336.57,336.68,16807.0
15:27,336.59,336.7,336.56,336.67,14296.0
15:28,336.67,336.76,336.57,336.57,25136.0
15:29,336.71,336.77,336.65,336.65,11818.0
15:30,336.14,336.7,336.08,336.7,27111.0
15:31,336.3,336.32,336.18,336.18,16311.0
15:32,336.11,336.31,336.07,336.31,24589.0
15:33,336.11,336.21,336.03,336.08,17762.0
15:34,336.25,336.25,336.07,336.13,22077.0
15:35,336.27,336.27,336.1,336.24,17127.0
15:36,336.28,336.29,336.2,336.27,19194.0
15:37,336.18,336.31,336.14,336.21,17221.0
15:38,336.31,336.42,336.11,336.15,20043.0
15:39,336.27,336.33,336.12,336.3,27235.0
15:40,336.42,336.42,336.23,336.26,18980.0
15:41,336.27,336.39,336.25,336.38,33423.0
15:42,336.37,336.42,336.15,336.27,52239.0
15:43,336.6,336.63,336.37,336.37,41714.0
15:44,336.66,336.66,336.45,336.6,29979.0
15:45,336.84,336.85,336.62,336.65,30702.0
15:46,336.66,336.85,336.65,336.84,35081.0
15:47,336.36,336.72,336.36,336.66,32819.0
15:48,336.57,336.63,336.3,336.36,30817.0
15:49,336.33,336.6,336.24,336.56,55338.0
15:50,336.17,336.74,336.14,336.33,68429.0
15:51,335.99,336.19,335.9,336.17,92678.0
15:52,335.64,336.02,335.62,335.96,70688.0
15:53,335.26,335.59,335.26,335.57,57966.0
15:54,335.18,335.3,334.98,335.24,98489.0
15:55,335.92,336.07,335.27,335.27,94600.0
15:56,335.81,335.97,335.67,335.95,79688.0
15:57,335.65,335.99,335.65,335.87,83069.0
15:58,335.9,335.94,335.65,335.67,110556.0
15:59,335.48,335.93,335.48,335.9,593371.0
