Time,Close,High,Low,Open,Volume
09:30,379.11,380.33,378.2,380.33,1114790.0
09:31,378.34,379.51,378.09,379.0,55443.0
09:32,379.15,379.15,377.26,378.27,52962.0
09:33,378.58,379.38,378.47,379.04,35391.0
09:34,376.89,378.75,376.57,378.62,50382.0
09:35,378.14,378.31,376.53,376.8,33311.0
09:36,379.19,379.23,377.99,378.14,35495.0
09:37,377.8,379.49,377.6,379.19,42517.0
09:38,377.82,377.95,377.0,377.92,49518.0
09:39,378.73,378.97,377.57,377.83,44973.0
09:40,379.95,380.08,378.6,378.83,38768.0
09:41,378.65,379.89,378.28,379.89,44401.0
09:42,378.3,379.09,377.78,378.65,55340.0
09:43,379.11,379.26,377.88,378.39,35464.0
09:44,378.92,379.25,378.62,379.11,28906.0
09:45,380.89,380.89,378.82,378.85,63865.0
09:46,381.68,381.82,380.74,380.8,60816.0
09:47,380.83,381.74,380.51,381.62,35008.0
09:48,381.74,382.08,380.74,380.89,43823.0
09:49,382.15,382.51,381.71,381.85,59837.0
09:50,382.69,382.95,382.0,382.1,70692.0
09:51,381.66,382.64,381.61,382.6,47668.0
09:52,381.84,382.46,381.17,381.61,43002.0
09:53,381.26,382.26,381.15,381.91,30034.0
09:54,380.68,381.15,380.15,381.15,25574.0
09:55,380.75,380.76,380.02,380.65,41082.0
09:56,380.34,381.68,380.29,380.7,24600.0
09:57,379.59,380.65,379.53,380.33,26884.0
09:58,379.51,380.14,379.16,379.66,25997.0
09:59,380.25,380.5,379.24,379.44,32831.0
10:00,380.56,380.82,379.77,380.17,30114.0
10:01,380.43,380.73,379.76,380.54,26011.0
10:02,380.33,380.51,380.13,380.38,19094.0
10:03,380.44,380.9,380.23,380.33,18062.0
10:04,379.92,380.45,379.86,380.45,23788.0
10:05,380.26,380.55,379.62,379.95,22465.0
10:06,380.33,380.39,379.9,380.21,21069.0
10:07,380.29,380.5,380.04,380.33,18365.0
10:08,380.49,380.7,379.89,380.36,21939.0
10:09,380.72,380.87,380.41,380.47,24976.0
10:10,380.52,380.9,380.45,380.64,18901.0
10:11,381.4,381.5,380.52,380.52,28485.0
10:12,381.59,381.85,381.35,381.47,39493.0
10:13,381.47,381.76,380.95,381.71,32384.0
10:14,381.16,381.8,381.11,381.49,15242.0
10:15,381.23,381.33,380.66,381.15,16392.0
10:16,381.58,381.7,380.95,381.21,14722.0
10:17,381.29,382.12,381.29,381.55,28953.0
10:18,381.84,381.94,381.13,381.27,17903.0
10:19,381.16,381.88,381.1,381.81,14231.0
10:20,382.15,382.2,380.9,381.1,17696.0
10:21,381.42,382.22,381.35,382.2,15072.0
10:22,381.63,381.68,381.31,381.42,11955.0
10:23,381.34,381.75,381.2,381.7,14942.0
10:24,381.19,381.78,381.07,381.24,21168.0
10:25,381.11,381.45,380.64,381.26,23877.0
10:26,381.61,381.95,381.1,381.1,34499.0
10:27,380.77,382.09,380.77,381.72,29233.0
10:28,380.97,381.45,380.76,380.8,24281.0
10:29,381.7,381.83,380.88,381.01,25970.0
10:30,381.88,381.88,381.11,381.67,24765.0
10:31,381.43,381.95,381.34,381.9,16608.0
10:32,380.43,381.47,380.36,381.4,26923.0
10:33,380.37,380.65,380.26,380.49,25810.0
10:34,380.65,380.87,380.39,380.39,20625.0
10:35,380.72,380.9,380.42,380.74,20152.0
10:36,380.82,380.9,380.56,380.73,22419.0
10:37,381.57,381.63,380.63,380.83,23352.0
10:38,381.65,381.67,381.19,381.61,17572.0
10:39,381.65,381.79,381.41,381.67,20085.0
10:40,381.58,381.72,381.51,381.66,15788.0
10:41,382.3,382.49,381.32,381.57,27582.0
10:42,382.12,382.62,382.12,382.29,23626.0
10:43,381.75,382.19,381.74,382.19,14284.0
10:44,382.28,382.28,381.57,381.75,12947.0
10:45,382.24,382.42,382.01,382.27,17460.0
10:46,382.37,382.4,382.15,382.17,10661.0
10:47,381.83,382.68,381.77,382.43,17474.0
10:48,381.5,382.12,381.5,381.93,14381.0
10:49,381.6,381.69,381.21,381.52,13443.0
10:50,381.6,381.79,381.45,381.6,14362.0
10:51,381.74,382.08,381.61,381.61,14426.0
10:52,381.88,381.94,381.34,381.72,13697.0
10:53,381.72,381.93,381.48,381.83,9153.0
10:54,382.1,382.26,381.94,381.94,20801.0
10:55,382.2,382.36,382.1,382.15,13509.0
10:56,381.78,382.18,381.6,382.1,15170.0
10:57,381.32,381.88,381.3,381.7,17710.0
10:58,381.34,381.59,381.2,381.37,26234.0
10:59,381.27,381.41,381.17,381.39,14549.0
11:00,381.09,381.64,380.91,381.27,30746.0
11:01,380.81,381.08,380.73,380.99,22204.0
11:02,380.89,381.05,380.8,380.88,14470.0
11:03,380.17,381.07,380.17,380.98,18132.0
11:04,379.79,380.16,379.5,380.13,27855.0
11:05,379.32,379.82,379.22,379.74,22636.0
11:06,379.83,380.01,379.04,379.27,24281.0
11:07,379.74,380.07,379.72,379.93,15489.0
11:08,379.86,379.98,379.66,379.69,11588.0
11:09,380.19,380.26,379.91,379.91,76873.0
11:10,380.46,380.66,380.23,380.23,18205.0
11:11,380.19,380.46,380.03,380.39,19921.0
11:12,380.8,380.91,380.09,380.18,18738.0
11:13,381.63,381.7,380.65,380.75,25361.0
11:14,381.61,382.22,381.38,381.61,23486.0
11:15,381.72,381.92,381.31,381.66,28070.0
11:16,382.12,382.12,381.65,381.7,15194.0
11:17,382.12,382.3,381.96,382.12,16469.0
11:18,382.23,382.34,381.92,382.16,15821.0
11:19,382.41,382.48,382.19,382.27,10428.0
11:20,382.24,382.43,381.87,382.39,22986.0
11:21,382.76,382.85,382.17,382.27,23002.0
11:22,383.09,383.22,382.77,382.82,31067.0
11:23,383.4,383.45,382.93,383.06,16509.0
11:24,383.61,383.76,383.4,383.4,21119.0
11:25,383.16,383.62,383.09,383.61,21444.0
11:26,382.48,383.17,382.45,383.17,17606.0
11:27,382.35,382.62,382.34,382.52,14779.0
11:28,382.28,382.37,382.18,382.32,13072.0
11:29,382.34,382.52,381.97,382.31,14337.0
11:30,382.22,382.31,382.0,382.31,8036.0
11:31,382.43,382.55,382.17,382.19,11245.0
11:32,382.36,382.59,382.28,382.47,30379.0
11:33,382.11,382.5,382.08,382.34,15141.0
11:34,381.8,382.08,381.67,382.08,19290.0
11:35,381.79,382.01,381.67,381.75,13103.0
11:36,382.02,382.08,381.64,381.77,13220.0
11:37,382.23,382.26,381.97,382.08,10533.0
11:38,381.92,382.23,381.75,382.23,25525.0
11:39,381.85,381.98,381.58,381.89,12100.0
11:40,381.26,381.87,381.23,381.85,25850.0
11:41,380.98,381.46,380.98,381.26,13756.0
11:42,380.96,381.1,380.85,381.03,11881.0
11:43,381.17,381.36,380.84,380.96,12959.0
11:44,380.95,381.32,380.95,381.24,11556.0
11:45,381.62,381.63,381.03,381.03,8999.0
11:46,382.03,382.08,381.33,381.54,9409.0
11:47,382.26,382.27,381.84,382.05,9753.0
11:48,382.59,382.59,382.1,382.19,15548.0
11:49,382.23,382.69,382.19,382.6,14420.0
11:50,382.35,382.35,381.95,382.34,16060.0
11:51,382.68,382.82,382.2,382.2,16397.0
11:52,382.95,382.95,382.6,382.68,14903.0
11:53,383.01,383.05,382.77,382.95,11540.0
11:54,383.15,383.15,382.61,382.96,21913.0
11:55,382.95,383.39,382.92,383.17,18400.0
11:56,382.97,383.02,382.8,382.91,12812.0
11:57,382.95,383.1,382.86,382.93,15318.0
11:58,382.9,383.11,382.65,382.86,14588.0
11:59,382.94,383.42,382.89,382.89,27944.0
12:00,383.14,383.14,382.69,382.94,21736.0
12:01,383.32,383.45,383.08,383.18,16426.0
12:02,383.73,383.83,383.29,383.32,27516.0
12:03,383.78,383.89,383.68,383.73,22795.0
12:04,383.71,383.89,383.61,383.74,21680.0
12:05,382.45,383.73,382.3,383.73,104412.0
12:06,382.11,382.51,382.09,382.45,68140.0
12:07,382.1,382.39,382.05,382.1,36414.0
12:08,381.93,382.2,381.93,382.03,21428.0
12:09,382.01,382.01,381.43,381.92,65072.0
12:10,381.75,382.15,381.7,382.06,16511.0
12:11,381.69,381.92,381.68,381.74,10648.0
12:12,382.61,382.67,381.49,381.67,13268.0
12:13,382.29,382.66,382.09,382.64,11919.0
12:14,382.36,382.45,382.2,382.27,7673.0
12:15,382.05,382.44,381.79,382.4,12820.0
12:16,381.92,382.14,381.89,382.05,14727.0
12:17,381.97,382.08,381.73,381.92,11113.0
12:18,381.96,382.04,381.88,381.96,8607.0
12:19,382.27,382.46,381.95,381.95,14946.0
12:20,381.76,382.27,381.76,382.27,11563.0
12:21,381.57,381.78,381.43,381.7,14554.0
12:22,381.56,381.62,381.34,381.57,8245.0
12:23,381.58,381.65,381.44,381.6,8315.0
12:24,381.12,381.77,380.97,381.69,20153.0
12:25,381.86,381.89,381.12,381.16,18341.0
12:26,381.78,382.09,381.73,381.86,5763.0
12:27,381.85,382.07,381.69,381.84,12013.0
12:28,381.64,381.86,381.63,381.86,4988.0
12:29,381.32,381.67,381.2,381.64,19794.0
12:30,381.37,381.5,381.28,381.37,9451.0
12:31,381.15,381.42,381.07,381.35,11627.0
12:32,381.15,381.53,381.15,381.21,11675.0
12:33,381.5,381.59,381.14,381.14,8959.0
12:34,381.51,381.69,381.5,381.51,8036.0
12:35,381.63,381.67,381.38,381.51,15288.0
12:36,381.99,382.21,381.49,381.63,19360.0
12:37,382.37,382.38,381.96,381.96,15073.0
12:38,382.15,382.47,382.15,382.36,10131.0
12:39,382.0,382.22,381.99,382.12,7318.0
12:40,382.0,382.26,381.91,381.95,6434.0
12:41,382.28,382.38,381.91,381.94,6959.0
12:42,382.15,382.45,382.12,382.27,8793.0
12:43,382.21,382.32,382.08,382.22,6058.0
12:44,382.61,382.75,382.29,382.29,23993.0
12:45,382.41,382.67,382.32,382.62,10160.0
12:46,382.11,382.32,382.05,382.31,7038.0
12:47,382.08,382.21,382.06,382.16,5642.0
12:48,381.86,382.14,381.85,382.13,6072.0
12:49,381.76,381.81,381.62,381.77,7516.0
12:50,381.86,381.87,381.65,381.81,6470.0
12:51,382.0,382.02,381.72,381.72,6217.0
12:52,381.89,382.02,381.84,381.93,5437.0
12:53,381.88,381.95,381.75,381.75,9396.0
12:54,381.98,382.0,381.74,381.88,7169.0
12:55,381.92,382.04,381.87,382.03,8120.0
12:56,381.88,381.95,381.66,381.91,7226.0
12:57,382.02,382.03,381.81,381.81,7792.0
12:58,382.04,382.16,381.91,382.04,8521.0
12:59,381.93,382.08,381.93,382.03,6480.0
13:00,381.9,382.07,381.85,382.0,6744.0
13:01,381.96,382.07,381.93,381.95,8989.0
13:02,382.02,382.22,381.89,381.89,6057.0
13:03,382.0,382.21,381.89,381.93,9572.0
13:04,382.22,382.22,381.98,382.0,6647.0
13:05,381.8,382.22,381.74,382.18,17448.0
13:06,381.48,381.86,381.39,381.82,12290.0
13:07,381.1,381.46,381.1,381.4,18506.0
13:08,381.6,381.69,381.15,381.15,12037.0
13:09,381.62,381.77,381.54,381.61,13869.0
13:10,381.68,381.88,381.58,381.71,10798.0
13:11,381.6,381.86,381.51,381.67,22924.0
13:12,381.56,381.74,381.41,381.58,11291.0
13:13,381.6,381.68,381.52,381.54,3967.0
13:14,381.67,381.8,381.51,381.6,5658.0
13:15,381.78,381.82,381.57,381.67,7382.0
13:16,381.71,381.88,381.56,381.87,5963.0
13:17,381.77,381.99,381.65,381.7,5212.0
13:18,381.61,381.89,381.55,381.75,8072.0
13:19,381.08,381.57,380.98,381.57,29437.0
13:20,381.14,381.26,381.05,381.07,12175.0
13:21,380.89,381.14,380.85,381.14,21026.0
13:22,380.69,381.0,380.64,380.86,18703.0
13:23,380.95,381.01,380.67,380.68,8946.0
13:24,381.14,381.16,380.88,380.91,8216.0
13:25,380.98,381.19,380.92,381.14,11084.0
13:26,380.92,381.14,380.92,381.03,12587.0
13:27,381.27,381.34,380.96,380.96,4182.0
13:28,381.31,381.33,381.05,381.27,12693.0
13:29,381.43,381.57,381.35,381.35,14934.0
13:30,381.36,381.48,381.3,381.41,4946.0
13:31,381.5,381.55,381.33,381.33,5956.0
13:32,381.67,381.75,381.47,381.54,9209.0
13:33,381.31,381.7,381.31,381.7,14487.0
13:34,381.42,381.56,381.3,381.4,6092.0
13:35,381.26,381.37,381.13,381.34,6311.0
13:36,381.29,381.4,381.23,381.29,7243.0
13:37,381.22,381.38,381.06,381.27,9379.0
13:38,381.17,381.26,381.04,381.25,3113.0
13:39,381.22,381.39,381.11,381.17,6436.0
13:40,381.03,381.28,380.91,381.22,8686.0
13:41,380.77,381.0,380.74,381.0,16589.0
13:42,380.76,380.87,380.69,380.79,6899.0
13:43,380.89,380.97,380.75,380.82,4895.0
13:44,380.8,381.0,380.76,380.84,5105.0
13:45,380.81,380.91,380.74,380.85,5917.0
13:46,380.82,380.92,380.57,380.82,6077.0
13:47,380.53,380.73,380.48,380.73,9002.0
13:48,380.56,380.63,380.42,380.52,11735.0
13:49,380.61,380.71,380.46,380.57,5269.0
13:50,380.56,380.67,380.54,380.54,4104.0
13:51,380.67,380.76,380.57,380.57,9027.0
13:52,380.72,380.76,380.6,380.67,13901.0
13:53,380.75,380.82,380.62,380.72,7215.0
13:54,380.75,380.81,380.66,380.79,4377.0
13:55,380.64,380.78,380.64,380.71,6690.0
13:56,380.8,380.8,380.56,380.66,4045.0
13:57,380.92,380.98,380.8,380.89,6439.0
13:58,380.85,381.02,380.8,380.98,7740.0
13:59,380.82,380.97,380.82,380.87,5539.0
14:00,380.68,380.83,380.68,380.83,5383.0
14:01,381.07,381.14,380.56,380.6,11518.0
14:02,381.06,381.25,380.95,381.05,9574.0
14:03,381.15,381.26,381.0,381.02,13679.0
14:04,381.15,381.17,380.93,381.17,5753.0
14:05,381.33,381.39,381.11,381.13,10960.0
14:06,381.27,381.4,381.27,381.3,4515.0
14:07,381.12,381.31,381.09,381.24,12661.0
14:08,381.32,381.45,381.0,381.12,7829.0
14:09,381.57,381.66,381.29,381.29,15241.0
14:10,381.81,381.93,381.47,381.64,29346.0
14:11,382.07,382.25,381.65,381.79,24053.0
14:12,381.58,382.14,381.51,382.03,9659.0
14:13,381.42,381.76,381.36,381.52,34196.0
14:14,381.76,381.85,381.47,381.47,9185.0
14:15,381.66,381.8,381.54,381.8,10038.0
14:16,381.56,381.74,381.52,381.68,9546.0
14:17,381.79,381.79,381.59,381.59,10156.0
14:18,381.44,381.7,381.44,381.67,6623.0
14:19,380.71,381.39,380.54,381.39,29593.0
14:20,380.03,380.71,379.68,380.66,36368.0
14:21,379.74,380.05,379.41,379.97,21459.0
14:22,379.42,379.98,379.33,379.71,18480.0
14:23,379.48,379.75,379.25,379.35,11372.0
14:24,379.53,379.75,379.25,379.39,8555.0
14:25,379.85,380.15,379.5,379.54,10253.0
14:26,380.12,380.24,379.85,379.85,9356.0
14:27,380.7,380.7,380.1,380.13,14609.0
14:28,380.88,380.88,380.58,380.67,6903.0
14:29,380.67,380.88,380.56,380.88,6962.0
14:30,380.77,380.84,380.55,380.61,10119.0
14:31,380.46,380.95,380.46,380.77,12438.0
14:32,380.6,380.66,380.16,380.49,48408.0
14:33,381.03,381.08,380.59,380.59,8675.0
14:34,381.2,381.23,381.08,381.08,6391.0
14:35,381.11,381.24,380.6,381.2,48493.0
14:36,381.24,381.29,381.05,381.23,4545.0
14:37,381.6,381.73,381.3,381.35,11742.0
14:38,381.07,381.64,381.01,381.6,9947.0
14:39,381.09,381.36,381.03,381.08,5885.0
14:40,381.24,381.3,381.01,381.01,4183.0
14:41,380.72,381.19,380.69,381.19,11210.0
14:42,381.15,381.19,380.68,380.68,7644.0
14:43,381.12,381.27,381.11,381.17,7051.0
14:44,381.33,381.39,381.03,381.12,7058.0
14:45,380.8,381.32,380.74,381.16,15345.0
14:46,380.72,380.8,380.55,380.72,13718.0
14:47,380.66,380.74,380.59,380.73,15105.0
14:48,380.59,380.79,380.46,380.71,36044.0
14:49,380.82,380.82,380.38,380.46,15919.0
14:50,380.68,380.95,380.47,380.84,9734.0
14:51,380.73,380.8,380.51,380.7,5910.0
14:52,380.92,380.92,380.6,380.68,4752.0
14:53,380.9,381.0,380.69,380.87,7093.0
14:54,380.98,381.12,380.92,380.96,5920.0
14:55,381.35,381.35,380.81,380.98,14895.0
14:56,381.06,381.4,381.06,381.35,12391.0
14:57,380.97,381.11,380.9,381.11,3472.0
14:58,380.86,381.09,380.86,381.07,8365.0
14:59,380.7,381.1,380.56,380.75,16746.0
15:00,380.76,380.99,380.48,380.66,34600.0
15:01,380.55,380.88,380.5,380.87,7292.0
15:02,380.61,380.68,380.51,380.54,3579.0
15:03,380.58,380.67,380.5,380.66,9867.0
15:04,380.15,380.59,380.0,380.57,45568.0
15:05,380.2,380.28,379.83,380.02,12021.0
15:06,379.76,380.28,379.76,380.17,10881.0
15:07,379.8,379.86,379.46,379.74,10131.0
15:08,379.92,379.94,379.54,379.87,10103.0
15:09,380.19,380.23,379.85,379.96,9193.0
15:10,380.27,380.3,380.01,380.22,19418.0
15:11,380.21,380.45,380.14,380.33,19694.0
15:12,380.13,380.22,379.83,380.22,28416.0
15:13,380.08,380.4,380.02,380.18,11602.0
15:14,379.95,380.26,379.85,380.14,10109.0
15:15,380.1,380.15,379.72,379.97,12579.0
15:16,379.8,380.1,379.74,380.06,16186.0
15:17,379.68,379.97,379.65,379.89,11323.0
15:18,379.52,379.72,379.47,379.66,14573.0
15:19,379.74,379.77,379.46,379.58,13527.0
15:20,379.57,379.81,379.57,379.79,12672.0
15:21,379.76,379.8,379.53,379.55,8916.0
15:22,379.93,380.01,379.76,379.8,13921.0
15:23,379.8,380.14,379.63,379.92,25962.0
15:24,379.97,380.25,379.8,379.88,14718.0
15:25,380.07,380.1,379.84,379.95,8927.0
15:26,380.34,380.41,379.92,380.03,16348.0
15:27,380.3,380.42,380.28,380.34,12201.0
15:28,380.23,380.47,380.18,380.31,8235.0
15:29,380.07,380.44,380.02,380.31,10477.0
15:30,380.12,380.36,380.02,380.07,11198.0
15:31,380.03,380.32,379.81,380.1,30508.0
15:32,380.46,380.5,380.04,380.08,13578.0
15:33,380.43,380.58,380.39,380.47,11474.0
15:34,380.23,380.62,380.18,380.42,19226.0
15:35,379.95,380.3,379.86,380.24,21581.0
15:36,379.94,380.0,379.76,379.95,26760.0
15:37,380.0,380.1,379.85,379.98,13518.0
15:38,379.85,380.03,379.76,379.99,14262.0
15:39,379.94,379.99,379.82,379.86,17897.0
15:40,379.81,380.0,379.67,379.92,20694.0
15:41,379.66,379.94,379.65,379.81,14393.0
15:42,379.68,379.88,379.61,379.67,15699.0
15:43,379.71,379.78,379.51,379.71,15544.0
15:44,379.8,379.93,379.64,379.73,16670.0
15:45,379.71,379.92,379.54,379.77,24489.0
15:46,380.01,380.11,379.73,379.73,18935.0
15:47,380.05,380.19,379.99,380.04,17928.0
15:48,380.07,380.2,379.98,380.09,13450.0
15:49,380.21,380.35,380.09,380.09,18907.0
15:50,381.01,381.06,380.29,380.29,35736.0
15:51,381.32,381.37,380.96,381.02,24800.0
15:52,381.34,381.61,381.3,381.34,40381.0
15:53,380.94,381.35,380.88,381.34,49980.0
15:54,380.92,381.59,380.88,380.93,50464.0
15:55,381.02,381.42,380.81,381.05,35932.0
15:56,380.8,381.16,380.75,381.04,39109.0
15:57,381.01,381.19,380.8,380.8,56128.0
15:58,380.73,381.06,380.69,381.0,73709.0
15:59,381.2,381.34,379.99,380.74,381965.0
