Time,Close,High,Low,Open,Volume
09:30,363.06,365.69,362.83,365.42,800905.0
09:31,363.8,364.09,361.31,363.12,165434.0
09:32,363.71,364.47,363.28,364.17,56890.0
09:33,362.5,363.6,362.28,362.98,185326.0
09:34,362.08,362.44,361.4,362.22,126713.0
09:35,361.59,362.48,361.54,362.26,79975.0
09:36,361.61,362.31,361.37,361.51,79927.0
09:37,361.41,362.73,361.36,361.49,76930.0
09:38,362.36,362.51,361.3,361.5,100641.0
09:39,362.65,362.76,362.17,362.2,103812.0
09:40,363.97,364.03,362.56,362.61,158567.0
09:41,364.0,364.02,363.3,363.9,79582.0
09:42,363.73,363.87,363.01,363.87,62597.0
09:43,364.51,364.6,363.61,363.73,111859.0
09:44,364.1,364.54,363.95,364.51,80898.0
09:45,362.6,364.26,362.11,364.09,1.0
09:46,362.96,363.13,362.5,362.74,837524.0
09:47,362.98,363.22,362.51,362.88,63308.0
09:48,362.3,363.46,362.23,363.04,61405.0
09:49,362.24,362.45,361.96,362.23,81824.0
09:50,362.01,363.42,362.01,362.15,102745.0
09:51,362.44,362.7,362.03,362.27,50785.0
09:52,362.7,362.78,362.36,362.52,43234.0
09:53,363.11,363.28,362.53,362.73,52345.0
09:54,362.97,363.46,362.97,363.15,66475.0
09:55,363.0,363.42,362.55,363.04,72024.0
09:56,362.04,363.03,361.69,363.03,73577.0
09:57,362.61,362.67,361.8,362.02,50891.0
09:58,363.11,363.17,362.25,362.61,39910.0
09:59,362.71,363.33,362.65,363.11,54117.0
10:00,362.24,362.91,362.24,362.7,90012.0
10:01,362.64,363.05,362.16,362.16,55226.0
10:02,361.82,362.95,361.8,362.65,55462.0
10:03,362.21,362.3,361.68,361.8,60128.0
10:04,362.07,362.19,361.83,362.17,35429.0
10:05,362.05,362.54,361.89,362.01,55753.0
10:06,361.84,362.1,361.7,361.97,45160.0
10:07,362.35,362.47,361.87,361.98,55792.0
10:08,362.27,362.8,361.99,362.35,81962.0
10:09,361.65,362.23,361.46,362.12,96158.0
10:10,361.43,361.74,361.25,361.55,63602.0
10:11,361.39,361.68,360.9,361.36,124918.0
10:12,360.86,361.59,360.8,361.39,109230.0
10:13,360.55,360.93,360.42,360.86,93767.0
10:14,359.98,360.63,359.95,360.43,135221.0
10:15,359.9,360.2,359.56,359.97,140925.0
10:16,359.61,359.91,359.26,359.89,119449.0
10:17,360.91,360.91,359.42,359.61,50736.0
10:18,361.31,361.4,360.76,360.84,48318.0
10:19,361.28,361.53,361.07,361.3,56383.0
10:20,361.3,361.5,360.88,361.22,52869.0
10:21,361.58,361.62,361.14,361.3,39559.0
10:22,361.73,361.95,361.52,361.58,63799.0
10:23,361.99,362.23,361.7,361.75,43739.0
10:24,361.22,362.05,361.0,361.99,69921.0
10:25,361.08,361.31,360.95,361.22,41368.0
10:26,360.67,361.18,360.67,361.09,36267.0
10:27,360.17,360.73,360.17,360.67,36998.0
10:28,360.35,360.8,360.1,360.1,48755.0
10:29,360.64,360.64,359.85,360.33,65628.0
10:30,360.19,360.67,360.13,360.61,38591.0
10:31,360.14,360.33,359.95,360.27,37853.0
10:32,360.17,360.23,359.8,360.07,56419.0
10:33,360.29,360.58,360.03,360.14,44214.0
10:34,360.52,360.76,360.11,360.27,46550.0
10:35,360.87,360.87,360.37,360.58,33620.0
10:36,360.75,361.02,360.69,360.87,44935.0
10:37,360.4,360.8,360.35,360.78,32103.0
10:38,359.46,360.47,359.37,360.42,55438.0
10:39,359.48,359.75,359.35,359.35,37183.0
10:40,359.8,359.9,359.51,359.56,34206.0
10:41,360.16,360.27,359.73,359.73,32987.0
10:42,360.3,360.47,360.03,360.22,40183.0
10:43,360.24,360.42,360.11,360.3,28470.0
10:44,360.29,360.45,360.1,360.22,28015.0
10:45,359.7,360.31,359.69,360.12,56683.0
10:46,360.21,360.25,359.76,359.77,27432.0
10:47,360.02,360.54,359.92,360.23,59083.0
10:48,360.08,360.3,359.7,360.08,45322.0
10:49,359.66,360.03,359.65,360.03,30467.0
10:50,359.57,359.79,359.33,359.79,65049.0
10:51,359.2,359.65,359.12,359.5,38462.0
10:52,359.56,359.58,359.15,359.2,36333.0
10:53,359.73,359.79,359.58,359.61,24680.0
10:54,360.07,360.23,359.73,359.73,56903.0
10:55,359.69,360.02,359.6,359.99,41107.0
10:56,359.88,359.92,359.72,359.83,29702.0
10:57,360.3,360.4,359.87,359.89,61201.0
10:58,360.58,360.72,360.2,360.2,56893.0
10:59,360.08,360.62,359.9,360.62,38922.0
11:00,359.73,360.13,359.61,360.13,49884.0
11:01,359.38,359.82,359.28,359.73,59175.0
11:02,359.59,359.6,359.27,359.35,43108.0
11:03,359.37,359.63,359.29,359.58,30407.0
11:04,359.37,359.67,359.31,359.43,33986.0
11:05,359.51,359.8,359.3,359.35,43505.0
11:06,359.68,359.89,359.52,359.52,23191.0
11:07,359.55,359.72,359.43,359.67,28586.0
11:08,359.17,359.62,359.09,359.54,51468.0
11:09,359.2,359.3,359.01,359.17,19917.0
11:10,358.81,359.18,358.75,359.11,62240.0
11:11,358.11,359.09,358.08,358.83,68490.0
11:12,358.24,358.31,358.0,358.12,76152.0
11:13,358.35,358.35,358.01,358.26,43850.0
11:14,358.8,358.87,358.2,358.28,37322.0
11:15,358.67,358.8,358.6,358.76,25867.0
11:16,358.85,358.91,358.65,358.68,26778.0
11:17,358.67,358.86,358.48,358.85,29993.0
11:18,358.52,358.66,358.26,358.6,37857.0
11:19,358.65,358.76,358.46,358.51,41288.0
11:20,358.96,359.06,358.77,358.79,30556.0
11:21,358.9,359.12,358.9,359.0,26841.0
11:22,358.87,359.0,358.71,358.91,21054.0
11:23,358.82,359.11,358.7,358.89,59493.0
11:24,358.94,359.24,358.67,358.73,136574.0
11:25,358.97,359.1,358.91,359.0,27329.0
11:26,359.15,359.49,358.74,358.95,46126.0
11:27,359.12,359.58,359.05,359.45,43538.0
11:28,358.67,359.07,358.57,359.06,32274.0
11:29,358.89,359.09,358.64,358.64,30678.0
11:30,359.28,359.32,358.94,358.95,24327.0
11:31,359.1,359.29,359.1,359.27,22388.0
11:32,359.04,359.17,358.99,359.05,24332.0
11:33,359.02,359.06,358.95,359.04,20618.0
11:34,359.21,359.41,358.96,358.98,34127.0
11:35,359.35,359.36,359.07,359.26,24894.0
11:36,359.3,359.4,359.23,359.35,35057.0
11:37,359.32,359.43,359.24,359.34,37732.0
11:38,359.31,359.5,359.24,359.39,32104.0
11:39,359.48,359.54,359.3,359.31,25991.0
11:40,359.33,359.52,359.19,359.48,40544.0
11:41,359.39,359.55,359.29,359.29,26509.0
11:42,359.56,359.6,359.19,359.39,76573.0
11:43,359.24,359.64,359.07,359.63,66126.0
11:44,359.57,359.63,359.12,359.24,28480.0
11:45,359.6,359.64,359.45,359.57,20231.0
11:46,359.12,359.67,358.93,359.6,34762.0
11:47,359.1,359.41,359.08,359.24,25341.0
11:48,358.55,359.1,358.5,359.08,52273.0
11:49,358.33,358.64,358.15,358.55,32244.0
11:50,358.4,358.57,358.19,358.33,33062.0
11:51,358.4,358.41,358.13,358.4,27924.0
11:52,358.29,358.38,358.24,358.3,22523.0
11:53,358.46,358.69,358.28,358.28,30358.0
11:54,358.31,358.52,358.31,358.46,17143.0
11:55,358.1,358.31,358.1,358.31,37040.0
11:56,357.43,358.06,357.42,358.06,53654.0
11:57,357.11,357.45,357.11,357.43,43220.0
11:58,357.32,357.47,356.99,357.07,77099.0
11:59,357.46,357.56,357.24,357.25,32064.0
12:00,357.64,357.67,357.23,357.44,30641.0
12:01,357.89,357.95,357.58,357.58,23994.0
12:02,357.95,358.11,357.86,357.86,23947.0
12:03,357.73,357.95,357.65,357.94,19945.0
12:04,357.6,357.85,357.58,357.68,19611.0
12:05,357.79,357.81,357.57,357.57,20901.0
12:06,357.67,357.91,357.63,357.77,19257.0
12:07,358.02,358.09,357.59,357.63,33223.0
12:08,357.94,358.09,357.72,357.99,23004.0
12:09,358.1,358.14,357.83,358.02,31457.0
12:10,357.97,358.17,357.94,358.1,25996.0
12:11,358.08,358.1,357.75,357.96,27186.0
12:12,358.07,358.07,357.83,357.96,11575.0
12:13,358.56,358.56,358.09,358.09,40815.0
12:14,358.58,358.6,358.35,358.54,43587.0
12:15,358.47,358.59,358.33,358.58,22184.0
12:16,358.5,358.59,358.48,358.5,25194.0
12:17,358.73,358.73,358.39,358.5,33734.0
12:18,358.61,358.73,358.47,358.67,34154.0
12:19,358.67,358.8,358.64,358.64,13600.0
12:20,358.5,358.87,358.5,358.67,40136.0
12:21,358.32,358.54,358.13,358.54,26126.0
12:22,358.41,358.53,358.34,358.39,18759.0
12:23,358.52,358.67,358.38,358.44,26488.0
12:24,358.78,358.78,358.42,358.52,23536.0
12:25,358.9,358.97,358.73,358.77,12640.0
12:26,358.68,358.91,358.62,358.86,19147.0
12:27,358.75,358.95,358.68,358.68,19769.0
12:28,358.89,358.95,358.72,358.76,20467.0
12:29,358.87,359.0,358.85,358.92,20299.0
12:30,358.83,358.91,358.62,358.83,27360.0
12:31,358.67,358.81,358.62,358.79,17362.0
12:32,358.68,358.84,358.67,358.73,14500.0
12:33,358.78,358.8,358.56,358.66,17615.0
12:34,358.74,358.77,358.63,358.77,23558.0
12:35,358.62,358.81,358.57,358.74,67606.0
12:36,358.39,358.58,358.22,358.56,30758.0
12:37,358.55,358.68,358.39,358.39,17150.0
12:38,358.65,358.71,358.5,358.58,16597.0
12:39,358.77,358.84,358.61,358.61,17792.0
12:40,358.62,358.86,358.62,358.8,17347.0
12:41,358.75,358.75,358.58,358.6,13747.0
12:42,358.68,358.95,358.68,358.74,25343.0
12:43,358.77,358.8,358.49,358.74,23820.0
12:44,358.68,358.8,358.65,358.77,21056.0
12:45,358.73,358.76,358.61,358.68,18664.0
12:46,358.68,358.82,358.63,358.73,20630.0
12:47,358.69,358.74,358.67,358.68,10304.0
12:48,358.48,358.77,358.45,358.7,38821.0
12:49,358.4,358.54,358.36,358.48,15967.0
12:50,358.52,358.68,358.41,358.41,22206.0
12:51,358.57,358.68,358.49,358.55,13445.0
12:52,358.74,358.76,358.45,358.55,17912.0
12:53,358.8,358.9,358.76,358.78,17520.0
12:54,358.84,358.93,358.79,358.8,24710.0
12:55,358.74,358.97,358.74,358.82,19714.0
12:56,358.76,359.3,358.71,358.8,68443.0
12:57,359.23,359.26,358.76,358.82,25766.0
12:58,359.04,359.33,359.04,359.23,27203.0
12:59,358.76,359.08,358.76,359.04,18521.0
13:00,358.43,359.01,358.32,358.83,78847.0
13:01,358.57,358.67,358.4,358.4,43706.0
13:02,358.6,358.64,358.43,358.57,30302.0
13:03,358.9,359.0,358.49,358.55,32907.0
13:04,359.38,359.42,358.9,358.9,36284.0
13:05,359.49,359.58,359.37,359.37,34166.0
13:06,359.92,359.95,359.46,359.46,30178.0
13:07,360.12,360.16,359.92,359.92,63665.0
13:08,360.25,360.26,360.05,360.1,32056.0
13:09,360.31,360.4,360.22,360.26,46060.0
13:10,360.21,360.29,360.12,360.29,21259.0
13:11,360.29,360.29,360.11,360.2,31721.0
13:12,360.4,360.47,360.26,360.3,24735.0
13:13,360.55,360.61,360.4,360.41,45137.0
13:14,360.64,360.67,360.27,360.5,31360.0
13:15,360.69,360.85,360.53,360.6,27954.0
13:16,360.65,360.74,360.6,360.69,17152.0
13:17,360.4,360.65,360.4,360.6,27783.0
13:18,360.66,360.7,360.35,360.4,33744.0
13:19,360.42,360.62,360.4,360.62,20922.0
13:20,360.83,360.97,360.4,360.41,39504.0
13:21,361.0,361.0,360.79,360.85,25436.0
13:22,361.27,361.33,360.98,361.03,30128.0
13:23,361.25,361.28,361.12,361.27,20395.0
13:24,361.33,361.4,361.2,361.2,32202.0
13:25,361.23,361.33,361.21,361.33,17111.0
13:26,361.25,361.4,361.11,361.27,38407.0
13:27,360.92,361.28,360.75,361.28,30820.0
13:28,360.81,361.05,360.77,360.99,25839.0
13:29,361.0,361.06,360.77,360.8,20803.0
13:30,360.89,361.06,360.85,361.03,27425.0
13:31,361.23,361.35,360.89,360.9,30414.0
13:32,361.35,361.45,361.17,361.28,22967.0
13:33,361.26,361.38,361.24,361.35,21392.0
13:34,361.3,361.4,361.2,361.24,22177.0
13:35,360.83,361.35,360.73,361.34,33564.0
13:36,360.54,360.9,360.54,360.9,35702.0
13:37,360.54,360.59,360.38,360.5,33811.0
13:38,360.29,360.61,360.27,360.54,49710.0
13:39,360.42,360.51,360.2,360.27,39228.0
13:40,360.6,360.62,360.39,360.42,18771.0
13:41,360.55,360.65,360.45,360.57,27717.0
13:42,360.57,360.7,360.54,360.54,23553.0
13:43,360.57,360.6,360.43,360.59,27528.0
13:44,360.84,360.87,360.54,360.57,17755.0
13:45,360.81,360.87,360.65,360.87,24289.0
13:46,361.1,361.17,360.81,360.81,31847.0
13:47,361.03,361.22,361.03,361.12,23891.0
13:48,361.08,361.19,361.0,361.0,20566.0
13:49,361.1,361.13,360.94,361.05,26397.0
13:50,360.84,361.07,360.75,361.07,28067.0
13:51,360.48,360.86,360.3,360.77,22918.0
13:52,360.62,360.62,360.3,360.48,17753.0
13:53,360.86,361.0,360.57,360.69,25576.0
13:54,360.87,361.07,360.82,360.82,19601.0
13:55,360.83,360.95,360.77,360.92,13338.0
13:56,360.76,360.87,360.67,360.87,21162.0
13:57,360.61,360.77,360.58,360.73,15451.0
13:58,360.62,360.68,360.56,360.62,16344.0
13:59,360.61,360.62,360.45,360.6,24460.0
14:00,360.4,360.62,360.12,360.62,32458.0
14:01,360.29,360.46,360.15,360.46,15516.0
14:02,360.32,360.34,360.13,360.29,29188.0
14:03,360.3,360.39,360.15,360.33,25598.0
14:04,360.36,360.52,360.32,360.33,29128.0
14:05,360.35,360.47,360.32,360.36,14088.0
14:06,360.75,360.75,360.35,360.36,27118.0
14:07,360.83,360.88,360.67,360.75,25466.0
14:08,360.88,360.88,360.67,360.81,19489.0
14:09,360.27,360.88,360.27,360.85,21901.0
14:10,360.19,360.53,360.17,360.26,32642.0
14:11,360.45,360.45,360.11,360.26,35930.0
14:12,360.39,360.61,360.33,360.43,22292.0
14:13,360.19,360.46,360.17,360.46,26367.0
14:14,360.37,360.39,360.13,360.17,25282.0
14:15,360.46,360.61,360.38,360.38,23232.0
14:16,360.35,360.5,360.28,360.46,19857.0
14:17,360.41,360.5,360.27,360.33,34596.0
14:18,360.43,360.57,360.41,360.44,31791.0
14:19,360.48,360.6,360.43,360.48,21060.0
14:20,360.5,360.54,360.2,360.5,32158.0
14:21,360.65,360.73,360.48,360.48,38553.0
14:22,360.48,360.71,360.47,360.62,18247.0
14:23,360.25,360.58,360.19,360.48,27551.0
14:24,360.2,360.38,360.14,360.26,32213.0
14:25,360.08,360.21,360.0,360.2,26163.0
14:26,359.93,360.04,359.78,360.04,52448.0
14:27,360.01,360.06,359.86,359.88,26383.0
14:28,360.1,360.1,359.77,360.02,36327.0
14:29,360.07,360.24,360.02,360.15,20216.0
14:30,359.84,360.27,359.82,360.07,40606.0
14:31,360.13,360.19,359.86,359.86,35677.0
14:32,359.69,360.18,359.69,360.14,30162.0
14:33,359.59,359.91,359.59,359.66,20394.0
14:34,359.8,359.85,359.59,359.6,27211.0
14:35,359.9,359.95,359.81,359.82,19944.0
14:36,359.95,359.96,359.73,359.89,20899.0
14:37,359.86,360.06,359.84,359.95,24320.0
14:38,360.02,360.1,359.8,359.86,27739.0
14:39,359.83,360.05,359.82,360.05,22574.0
14:40,359.69,359.86,359.55,359.78,26177.0
14:41,359.63,359.74,359.53,359.67,29653.0
14:42,359.68,359.68,359.48,359.65,32675.0
14:43,359.66,359.76,359.58,359.7,23270.0
14:44,359.67,359.78,359.62,359.71,17358.0
14:45,359.9,359.91,359.65,359.67,23401.0
14:46,359.85,359.92,359.77,359.88,20463.0
14:47,359.88,359.88,359.73,359.81,23068.0
14:48,359.55,359.92,359.51,359.89,36086.0
14:49,359.66,359.76,359.51,359.57,38738.0
14:50,359.76,359.78,359.62,359.65,26299.0
14:51,359.92,359.99,359.75,359.82,25174.0
14:52,359.86,359.89,359.8,359.84,20092.0
14:53,359.83,359.91,359.8,359.86,24273.0
14:54,359.76,359.86,359.68,359.82,33010.0
14:55,359.8,359.91,359.75,359.81,27798.0
14:56,360.0,360.02,359.79,359.8,26124.0
14:57,360.12,360.16,359.95,359.99,18337.0
14:58,359.98,360.12,359.85,360.12,35742.0
14:59,359.95,360.03,359.77,359.99,26295.0
15:00,360.4,360.4,359.76,359.91,29250.0
15:01,360.57,360.84,360.43,360.44,34119.0
15:02,360.55,360.62,360.52,360.56,14030.0
15:03,360.29,360.52,360.22,360.52,29654.0
15:04,360.28,360.38,360.21,360.29,29321.0
15:05,360.52,360.57,360.27,360.33,25179.0
15:06,360.44,360.53,360.35,360.51,35650.0
15:07,360.66,360.7,360.4,360.4,23866.0
15:08,360.55,360.75,360.52,360.68,53512.0
15:09,360.44,360.6,360.4,360.55,36157.0
15:10,360.39,360.52,360.27,360.44,26918.0
15:11,360.03,360.42,360.02,360.39,27767.0
15:12,360.29,360.3,360.05,360.05,33923.0
15:13,360.3,360.41,360.22,360.27,25016.0
15:14,360.38,360.43,360.14,360.3,29483.0
15:15,360.41,360.5,360.34,360.38,33345.0
15:16,360.18,360.41,360.17,360.41,22074.0
15:17,360.32,360.35,360.13,360.18,28860.0
15:18,360.39,360.48,360.32,360.32,35983.0
15:19,360.52,360.58,360.4,360.4,36694.0
15:20,360.48,360.54,360.22,360.5,31887.0
15:21,360.57,360.66,360.46,360.48,27132.0
15:22,360.52,360.75,360.49,360.5,49445.0
15:23,360.63,360.68,360.42,360.55,29739.0
15:24,360.7,360.76,360.58,360.63,34716.0
15:25,360.74,360.86,360.71,360.73,43165.0
15:26,360.59,360.73,360.43,360.73,40112.0
15:27,360.27,360.62,360.26,360.56,36269.0
15:28,360.24,360.29,360.05,360.24,29765.0
15:29,360.18,360.54,360.14,360.24,33555.0
15:30,360.35,360.38,360.09,360.09,30475.0
15:31,360.23,360.39,360.11,360.39,27921.0
15:32,360.39,360.47,360.23,360.23,26579.0
15:33,360.15,360.46,360.15,360.39,40799.0
15:34,360.3,360.35,360.12,360.17,29566.0
15:35,360.35,360.46,360.3,360.31,34960.0
15:36,360.49,360.53,360.35,360.35,46378.0
15:37,360.46,360.55,360.41,360.48,42288.0
15:38,360.42,360.55,360.29,360.48,46085.0
15:39,360.53,360.53,360.39,360.42,28644.0
15:40,360.51,360.73,360.51,360.53,46093.0
15:41,360.37,360.58,360.33,360.52,64453.0
15:42,360.8,360.8,360.34,360.37,34158.0
15:43,360.57,360.83,360.56,360.8,83385.0
15:44,360.33,360.56,360.29,360.54,52478.0
15:45,360.35,360.4,360.16,360.33,47175.0
15:46,360.4,360.47,360.25,360.35,30096.0
15:47,360.27,360.37,360.2,360.37,35614.0
15:48,359.93,360.26,359.92,360.23,37892.0
15:49,359.81,359.97,359.78,359.91,46997.0
15:50,360.06,360.73,359.8,359.84,120828.0
15:51,359.94,360.18,359.94,360.04,74811.0
15:52,359.71,360.03,359.68,359.96,52262.0
15:53,359.57,359.87,359.48,359.75,79363.0
15:54,359.5,359.78,359.32,359.56,117836.0
15:55,360.11,360.35,359.57,359.57,155539.0
15:56,360.25,360.4,360.03,360.1,137206.0
15:57,360.26,360.64,360.2,360.24,174864.0
15:58,360.22,360.38,360.13,360.32,180049.0
15:59,359.91,360.29,359.91,360.24,338753.0
