Time,Close,High,Low,Open,Volume
09:30,342.68,347.57,342.14,347.57,1701644.0
09:31,341.3,342.9,341.0,342.4,242352.0
09:32,342.35,342.36,341.34,341.34,36026.0
09:33,341.78,342.4,341.0,341.6,261932.0
09:34,341.36,342.5,341.25,342.17,113021.0
09:35,341.67,342.35,341.25,341.61,101783.0
09:36,341.37,341.97,341.16,341.81,109771.0
09:37,341.12,342.0,340.5,341.39,163038.0
09:38,341.4,341.98,340.88,341.07,106204.0
09:39,340.97,341.86,340.78,341.42,82760.0
09:40,338.73,341.23,338.73,340.93,192331.0
09:41,337.94,339.31,337.56,338.87,160274.0
09:42,338.34,338.57,337.99,338.0,94672.0
09:43,338.31,338.46,337.86,338.34,86833.0
09:44,338.11,338.8,338.1,338.53,74853.0
09:45,338.1,338.29,337.36,338.18,1.0
09:46,337.31,338.2,336.96,338.1,1319119.0
09:47,337.41,337.69,336.82,337.15,65060.0
09:48,336.8,337.67,336.8,337.31,103839.0
09:49,336.19,337.08,335.82,337.08,164361.0
09:50,336.42,337.02,336.01,336.21,71033.0
09:51,336.21,336.88,335.82,336.36,60796.0
09:52,335.82,336.51,335.33,336.27,81148.0
09:53,337.04,337.28,335.54,335.89,66546.0
09:54,337.24,337.5,336.66,337.02,58852.0
09:55,336.73,337.29,336.45,337.23,46394.0
09:56,336.15,336.78,335.95,336.67,47856.0
09:57,336.77,336.94,335.87,336.28,51927.0
09:58,337.18,337.31,336.78,336.86,59717.0
09:59,337.7,337.74,337.17,337.27,90199.0
10:00,337.62,337.72,336.87,337.66,60991.0
10:01,338.21,338.39,337.5,337.61,82185.0
10:02,338.24,338.68,338.11,338.11,68175.0
10:03,338.78,338.94,338.14,338.14,53039.0
10:04,339.13,339.39,338.78,338.78,66357.0
10:05,339.28,339.42,338.99,339.15,49391.0
10:06,339.54,339.69,339.11,339.27,82565.0
10:07,339.84,340.0,339.34,339.46,74035.0
10:08,339.82,339.98,339.67,339.86,52797.0
10:09,340.19,340.5,339.87,339.87,86344.0
10:10,340.29,340.52,339.9,340.21,86227.0
10:11,339.38,340.57,339.04,340.47,87208.0
10:12,340.28,340.39,339.36,339.36,54524.0
10:13,339.5,340.59,339.5,340.37,83511.0
10:14,339.8,340.11,339.55,339.67,41772.0
10:15,339.82,340.12,339.53,339.98,45340.0
10:16,340.09,340.15,339.52,339.8,36261.0
10:17,340.47,340.51,339.99,340.15,34140.0
10:18,339.77,340.47,339.55,340.47,39553.0
10:19,339.86,340.26,339.72,339.84,29573.0
10:20,339.73,340.35,339.51,339.82,31369.0
10:21,339.83,339.93,339.5,339.8,50064.0
10:22,340.94,341.0,339.9,339.98,68290.0
10:23,341.45,341.48,340.8,340.96,85199.0
10:24,341.63,341.86,341.32,341.39,57254.0
10:25,341.7,342.22,341.55,341.74,76274.0
10:26,341.73,342.0,341.52,341.69,62647.0
10:27,341.02,341.64,340.76,341.55,53166.0
10:28,340.55,341.17,340.55,341.08,33202.0
10:29,340.64,340.65,340.0,340.55,41171.0
10:30,341.34,341.41,340.6,340.6,35589.0
10:31,340.97,341.69,340.75,341.33,39782.0
10:32,341.09,341.43,341.02,341.05,32232.0
10:33,341.19,341.28,340.81,340.96,35660.0
10:34,341.57,341.57,341.17,341.17,43945.0
10:35,342.21,342.45,341.49,341.49,77816.0
10:36,341.6,342.24,341.6,342.19,49405.0
10:37,342.13,342.16,341.17,341.5,51043.0
10:38,341.63,342.17,341.44,342.13,45004.0
10:39,341.74,341.79,341.36,341.65,33755.0
10:40,341.41,341.76,341.29,341.76,24987.0
10:41,341.16,341.75,341.16,341.39,39014.0
10:42,340.83,341.23,340.49,341.15,52803.0
10:43,341.08,341.26,340.51,340.89,38749.0
10:44,340.97,341.12,340.9,341.07,28533.0
10:45,341.02,341.04,340.76,340.94,28335.0
10:46,340.32,341.01,340.2,341.01,56568.0
10:47,340.81,340.86,340.27,340.39,53219.0
10:48,341.06,341.06,340.64,340.86,44669.0
10:49,340.86,341.0,340.63,340.99,24982.0
10:50,340.17,340.89,340.13,340.87,45076.0
10:51,340.26,340.44,340.09,340.17,31226.0
10:52,340.43,340.43,340.2,340.23,16288.0
10:53,340.4,340.4,339.95,340.37,35408.0
10:54,339.62,340.35,339.5,340.32,52568.0
10:55,339.67,339.8,339.48,339.61,34043.0
10:56,339.36,339.84,339.08,339.72,32513.0
10:57,339.17,339.39,338.81,339.13,60813.0
10:58,339.12,339.42,339.08,339.3,31923.0
10:59,339.11,339.17,338.9,339.11,46192.0
11:00,338.85,339.12,338.55,339.12,58256.0
11:01,338.82,339.24,338.8,338.87,47431.0
11:02,338.49,338.91,338.3,338.83,35626.0
11:03,338.45,338.59,338.32,338.48,24877.0
11:04,338.16,338.54,338.06,338.49,50364.0
11:05,338.66,338.79,338.14,338.17,40333.0
11:06,338.42,338.79,338.23,338.66,36913.0
11:07,338.95,338.96,338.41,338.41,28239.0
11:08,338.84,338.95,338.53,338.95,26622.0
11:09,338.76,339.0,338.65,338.84,28347.0
11:10,339.05,339.05,338.61,338.66,30646.0
11:11,338.95,339.3,338.74,338.91,48479.0
11:12,338.92,339.09,338.76,338.93,18735.0
11:13,339.21,339.35,338.91,338.92,21876.0
11:14,339.11,339.49,338.95,339.3,40230.0
11:15,338.62,339.21,338.43,339.21,42281.0
11:16,338.55,338.65,338.09,338.62,32070.0
11:17,338.87,339.2,338.62,338.62,45419.0
11:18,339.04,339.12,338.75,338.93,17727.0
11:19,338.96,339.11,338.84,338.88,20918.0
11:20,339.22,339.24,338.82,338.9,39304.0
11:21,339.28,339.38,339.07,339.25,17732.0
11:22,339.29,339.33,339.08,339.29,16918.0
11:23,339.27,339.39,338.88,339.32,26275.0
11:24,339.66,339.75,339.08,339.38,24959.0
11:25,340.14,340.24,339.66,339.66,47142.0
11:26,340.23,340.26,339.82,340.13,44395.0
11:27,340.5,340.5,340.17,340.23,37333.0
11:28,340.32,340.52,340.28,340.49,29701.0
11:29,340.22,340.39,340.08,340.28,18186.0
11:30,340.53,340.53,339.98,340.08,28968.0
11:31,340.4,340.68,340.39,340.48,21625.0
11:32,340.39,340.55,340.31,340.42,15000.0
11:33,340.45,340.49,340.26,340.31,16982.0
11:34,340.49,340.67,340.42,340.45,23501.0
11:35,340.25,340.5,340.21,340.5,18864.0
11:36,340.0,340.39,339.89,340.38,20715.0
11:37,339.52,340.05,339.41,340.01,48516.0
11:38,339.77,339.77,339.43,339.67,25695.0
11:39,339.96,339.99,339.65,339.68,18099.0
11:40,340.21,340.37,339.86,339.86,27039.0
11:41,340.53,340.75,340.27,340.27,36653.0
11:42,339.9,340.65,339.76,340.65,20223.0
11:43,339.58,340.02,339.5,340.02,14326.0
11:44,339.42,339.64,339.33,339.64,19361.0
11:45,339.6,339.65,339.32,339.35,11337.0
11:46,340.13,340.25,339.44,339.44,24786.0
11:47,340.0,340.15,339.93,340.12,31092.0
11:48,340.15,340.25,339.88,339.98,16404.0
11:49,340.18,340.36,340.11,340.25,14787.0
11:50,339.99,340.24,339.79,340.14,16937.0
11:51,340.34,340.34,340.0,340.0,23999.0
11:52,340.33,340.41,340.12,340.34,10773.0
11:53,340.45,340.45,340.25,340.36,16576.0
11:54,340.6,340.6,340.4,340.49,9324.0
11:55,340.93,340.97,340.62,340.63,25432.0
11:56,340.71,340.95,340.61,340.86,31430.0
11:57,340.77,340.83,340.58,340.6,26050.0
11:58,340.75,340.94,340.56,340.71,23323.0
11:59,340.47,340.9,340.44,340.72,36775.0
12:00,340.76,340.77,340.13,340.46,45993.0
12:01,340.65,341.0,340.59,340.8,45411.0
12:02,340.68,340.87,340.57,340.7,25848.0
12:03,341.0,341.05,340.65,340.73,18597.0
12:04,340.78,341.09,340.66,341.03,38845.0
12:05,340.37,340.77,340.11,340.77,59766.0
12:06,339.89,340.37,339.87,340.37,22447.0
12:07,339.6,339.97,339.6,339.89,12838.0
12:08,339.43,339.77,339.37,339.6,18674.0
12:09,339.51,339.59,339.3,339.37,17142.0
12:10,339.32,339.51,339.14,339.51,16995.0
12:11,339.37,339.43,339.25,339.29,11189.0
12:12,339.71,339.73,339.32,339.32,32171.0
12:13,339.97,340.01,339.72,339.72,13391.0
12:14,340.0,340.0,339.7,339.93,14271.0
12:15,339.82,340.2,339.69,340.1,13604.0
12:16,340.29,340.36,339.6,339.69,24277.0
12:17,340.32,340.38,340.16,340.3,17053.0
12:18,340.41,340.42,340.15,340.29,16550.0
12:19,340.34,340.53,340.34,340.42,13867.0
12:20,340.18,340.42,340.01,340.4,33943.0
12:21,340.28,340.3,340.0,340.12,19847.0
12:22,340.64,340.68,340.16,340.16,18170.0
12:23,340.96,341.03,340.69,340.69,15949.0
12:24,341.34,341.39,340.89,340.96,50491.0
12:25,341.28,341.5,341.2,341.35,30918.0
12:26,341.69,341.72,341.26,341.26,34607.0
12:27,341.41,341.69,341.33,341.63,38885.0
12:28,341.1,341.41,341.1,341.38,31245.0
12:29,341.32,341.36,341.08,341.1,24219.0
12:30,341.01,341.33,340.91,341.25,29134.0
12:31,341.28,341.28,340.87,341.02,22554.0
12:32,341.13,341.17,340.92,341.17,22803.0
12:33,341.39,341.6,341.0,341.16,35971.0
12:34,341.23,341.6,341.19,341.43,17903.0
12:35,341.25,341.37,341.03,341.23,17832.0
12:36,341.2,341.25,341.05,341.22,12955.0
12:37,341.02,341.13,341.02,341.13,14356.0
12:38,341.28,341.33,341.05,341.2,11904.0
12:39,341.76,341.8,341.31,341.35,24695.0
12:40,341.79,341.88,341.67,341.76,37257.0
12:41,341.43,341.77,341.15,341.74,26566.0
12:42,341.68,341.74,341.36,341.47,18749.0
12:43,341.84,341.89,341.58,341.6,42080.0
12:44,341.56,341.86,341.39,341.82,33434.0
12:45,341.75,341.83,341.39,341.56,16493.0
12:46,341.72,341.83,341.64,341.73,17112.0
12:47,341.82,341.82,341.64,341.71,19851.0
12:48,341.61,341.92,341.6,341.89,19762.0
12:49,341.34,341.68,341.31,341.5,19387.0
12:50,341.76,341.84,341.32,341.32,21676.0
12:51,341.97,341.97,341.72,341.72,9484.0
12:52,341.86,342.0,341.78,341.89,22953.0
12:53,341.69,341.82,341.62,341.82,18189.0
12:54,341.86,342.01,341.73,341.89,50101.0
12:55,341.81,341.93,341.76,341.86,12484.0
12:56,341.7,341.88,341.69,341.79,11725.0
12:57,341.2,341.77,341.2,341.76,24966.0
12:58,341.3,341.36,341.2,341.28,14495.0
12:59,341.42,341.68,341.42,341.47,18086.0
13:00,341.04,341.45,340.88,341.45,21824.0
13:01,341.11,341.18,341.05,341.17,9835.0
13:02,341.27,341.41,341.08,341.08,17822.0
13:03,341.36,341.36,341.12,341.29,15058.0
13:04,341.2,341.29,341.11,341.29,6268.0
13:05,341.49,341.6,341.24,341.24,28197.0
13:06,341.58,341.8,341.5,341.59,25544.0
13:07,341.66,341.78,341.53,341.6,16160.0
13:08,341.62,341.67,341.53,341.53,22974.0
13:09,341.4,341.76,341.4,341.58,21559.0
13:10,341.34,341.5,341.3,341.41,15630.0
13:11,341.44,341.5,341.31,341.36,12998.0
13:12,341.62,341.64,341.43,341.45,18292.0
13:13,341.39,341.6,341.31,341.57,24850.0
13:14,341.45,341.56,341.38,341.4,15859.0
13:15,341.69,341.7,341.36,341.39,35250.0
13:16,341.7,341.82,341.61,341.61,17947.0
13:17,341.9,341.95,341.63,341.69,21900.0
13:18,341.61,341.95,341.52,341.86,21754.0
13:19,341.39,341.61,341.39,341.61,22440.0
13:20,341.11,341.4,341.09,341.39,16905.0
13:21,341.45,341.53,341.11,341.11,20865.0
13:22,341.58,341.58,341.35,341.41,12621.0
13:23,341.75,341.84,341.52,341.58,17131.0
13:24,341.92,341.96,341.68,341.72,17463.0
13:25,341.96,342.21,341.82,341.86,61465.0
13:26,341.84,342.03,341.82,341.96,12025.0
13:27,341.86,341.91,341.8,341.87,12294.0
13:28,341.73,341.87,341.59,341.84,22311.0
13:29,341.6,341.75,341.5,341.69,13871.0
13:30,341.38,341.66,341.34,341.57,22135.0
13:31,341.51,341.9,341.35,341.41,56082.0
13:32,341.55,341.73,341.49,341.51,22562.0
13:33,341.6,341.76,341.52,341.63,19787.0
13:34,341.09,341.7,341.09,341.6,26704.0
13:35,341.44,341.52,341.01,341.1,17978.0
13:36,341.28,341.51,341.14,341.44,21571.0
13:37,341.39,341.46,341.23,341.29,16425.0
13:38,341.49,341.54,341.29,341.45,16658.0
13:39,341.14,341.51,340.95,341.46,38629.0
13:40,341.24,341.42,341.08,341.09,19926.0
13:41,341.52,341.64,341.3,341.37,13845.0
13:42,341.61,341.67,341.43,341.52,18855.0
13:43,341.14,341.57,341.05,341.57,21868.0
13:44,341.22,341.29,341.11,341.18,12786.0
13:45,341.45,341.52,341.19,341.19,22042.0
13:46,341.58,341.58,341.41,341.45,24488.0
13:47,341.75,341.83,341.56,341.6,29540.0
13:48,341.64,341.88,341.52,341.77,23795.0
13:49,341.12,341.72,341.05,341.59,20120.0
13:50,341.32,341.34,341.05,341.08,10377.0
13:51,341.33,341.5,341.31,341.35,13835.0
13:52,341.18,341.42,341.07,341.38,26902.0
13:53,341.39,341.44,341.16,341.16,9073.0
13:54,340.85,341.37,340.81,341.37,32418.0
13:55,340.68,340.97,340.41,340.85,43624.0
13:56,340.75,340.87,340.64,340.68,10427.0
13:57,340.84,340.84,340.64,340.74,25564.0
13:58,340.8,340.9,340.74,340.85,10122.0
13:59,340.34,340.73,340.24,340.71,30195.0
14:00,340.32,340.36,340.0,340.34,40905.0
14:01,340.43,340.59,340.31,340.32,32748.0
14:02,340.13,340.48,340.1,340.45,20613.0
14:03,340.27,340.34,340.08,340.14,21595.0
14:04,340.39,340.39,340.1,340.24,24037.0
14:05,340.39,340.64,340.28,340.33,24056.0
14:06,340.18,340.44,340.1,340.39,31746.0
14:07,340.2,340.46,340.1,340.1,19218.0
14:08,340.04,340.33,339.95,340.2,27411.0
14:09,340.3,340.35,339.83,340.01,31619.0
14:10,340.65,340.65,340.32,340.32,25098.0
14:11,340.73,340.82,340.65,340.65,27831.0
14:12,341.07,341.08,340.76,340.82,18572.0
14:13,340.88,341.03,340.85,341.02,34715.0
14:14,340.91,340.95,340.74,340.94,20424.0
14:15,341.08,341.18,340.79,340.79,38934.0
14:16,341.13,341.17,340.89,341.03,24199.0
14:17,341.15,341.15,341.0,341.1,27285.0
14:18,340.98,341.15,340.98,341.15,18893.0
14:19,340.86,341.12,340.74,341.04,18011.0
14:20,341.13,341.17,340.86,340.86,20110.0
14:21,340.99,341.26,340.88,341.11,31566.0
14:22,341.27,341.33,340.96,340.96,12137.0
14:23,340.99,341.25,340.99,341.25,12226.0
14:24,340.87,341.06,340.83,341.01,10023.0
14:25,340.83,340.95,340.82,340.87,11133.0
14:26,340.71,340.8,340.65,340.8,10284.0
14:27,340.49,340.68,340.37,340.63,12642.0
14:28,340.42,340.51,340.25,340.51,12097.0
14:29,340.24,340.42,340.11,340.41,21501.0
14:30,340.27,340.37,340.09,340.19,21418.0
14:31,340.61,340.89,340.37,340.38,24683.0
14:32,340.7,340.78,340.59,340.71,12436.0
14:33,340.67,340.8,340.65,340.79,7071.0
14:34,340.58,340.86,340.53,340.67,21758.0
14:35,340.57,340.71,340.5,340.58,12332.0
14:36,340.3,340.51,340.19,340.51,11389.0
14:37,340.33,340.38,340.27,340.35,12330.0
14:38,340.05,340.33,340.04,340.33,13753.0
14:39,340.22,340.28,340.1,340.1,13441.0
14:40,340.3,340.47,340.22,340.27,9928.0
14:41,340.52,340.56,340.29,340.31,26496.0
14:42,340.66,340.72,340.43,340.5,19587.0
14:43,340.54,340.73,340.45,340.7,17313.0
14:44,340.48,340.57,340.48,340.57,8312.0
14:45,340.54,340.59,340.48,340.52,13598.0
14:46,340.58,340.61,340.52,340.52,12008.0
14:47,340.57,340.62,340.51,340.58,10899.0
14:48,340.57,340.64,340.53,340.55,17923.0
14:49,340.45,340.56,340.45,340.56,40264.0
14:50,340.38,340.55,340.37,340.5,8711.0
14:51,340.22,340.45,340.18,340.44,15296.0
14:52,340.31,340.42,340.23,340.23,13935.0
14:53,340.42,340.45,340.21,340.42,18735.0
14:54,340.44,340.47,340.28,340.41,17299.0
14:55,340.02,340.45,340.0,340.39,34752.0
14:56,339.94,340.17,339.94,340.0,8606.0
14:57,340.02,340.04,339.93,340.0,18752.0
14:58,339.84,340.04,339.76,340.04,17243.0
14:59,339.76,339.91,339.75,339.9,9716.0
15:00,339.69,339.77,339.56,339.77,18944.0
15:01,339.67,339.76,339.62,339.69,22337.0
15:02,339.78,339.89,339.7,339.73,23393.0
15:03,339.89,339.89,339.77,339.78,14212.0
15:04,339.62,339.87,339.6,339.83,17358.0
15:05,339.51,339.67,339.42,339.6,30623.0
15:06,339.64,339.83,339.58,339.58,14803.0
15:07,339.79,339.94,339.63,339.68,20753.0
15:08,339.79,339.88,339.69,339.73,15304.0
15:09,339.97,340.02,339.73,339.8,20630.0
15:10,339.84,340.02,339.84,339.92,13455.0
15:11,339.91,339.93,339.74,339.82,16063.0
15:12,339.78,339.92,339.77,339.88,9375.0
15:13,339.77,339.82,339.64,339.76,19945.0
15:14,339.6,339.81,339.56,339.81,13722.0
15:15,339.63,339.74,339.5,339.57,20161.0
15:16,339.65,339.72,339.58,339.6,16233.0
15:17,339.5,339.72,339.48,339.65,20809.0
15:18,339.56,339.61,339.51,339.53,19715.0
15:19,339.53,339.6,339.5,339.51,22238.0
15:20,339.19,339.56,339.19,339.54,35973.0
15:21,339.21,339.24,339.15,339.2,18194.0
15:22,339.12,339.23,339.1,339.18,15773.0
15:23,339.21,339.26,339.11,339.11,17559.0
15:24,339.49,339.52,339.16,339.18,30878.0
15:25,339.6,339.67,339.36,339.51,36832.0
15:26,339.92,340.03,339.59,339.63,35518.0
15:27,340.05,340.08,339.8,339.91,27725.0
15:28,340.02,340.16,339.98,340.03,24144.0
15:29,339.96,340.15,339.96,340.02,36911.0
15:30,339.97,340.09,339.92,339.99,30027.0
15:31,340.0,340.15,339.92,340.0,35406.0
15:32,340.19,340.19,339.93,340.03,31993.0
15:33,340.2,340.32,340.04,340.13,39087.0
15:34,339.77,340.29,339.67,340.13,37222.0
15:35,339.9,340.01,339.81,339.81,26659.0
15:36,339.6,339.91,339.57,339.88,27815.0
15:37,339.12,339.57,339.12,339.57,21896.0
15:38,339.26,339.34,339.14,339.19,30780.0
15:39,339.24,339.36,339.17,339.32,36538.0
15:40,339.04,339.2,338.83,339.2,57345.0
15:41,339.15,339.31,339.09,339.09,35232.0
15:42,339.33,339.35,339.12,339.13,34484.0
15:43,339.26,339.33,339.14,339.33,13027.0
15:44,339.25,339.34,339.17,339.31,22977.0
15:45,339.16,339.28,339.1,339.28,25089.0
15:46,338.98,339.17,338.93,339.17,21446.0
15:47,338.92,338.99,338.82,338.97,37103.0
15:48,338.89,339.03,338.78,338.91,58911.0
15:49,338.99,339.13,338.92,338.92,41584.0
15:50,338.65,339.03,338.62,339.03,49038.0
15:51,339.26,339.44,338.63,338.63,70597.0
15:52,339.26,339.35,339.11,339.27,35601.0
15:53,339.04,339.25,339.0,339.21,44112.0
15:54,338.64,339.16,338.39,339.01,80682.0
15:55,338.2,338.75,338.13,338.75,138224.0
15:56,338.14,338.26,338.0,338.26,145005.0
15:57,338.11,338.29,338.03,338.13,133499.0
15:58,338.16,338.18,338.03,338.1,160886.0
15:59,338.2,338.32,338.13,338.18,336175.0
