Time,Close,High,Low,Open,Volume
09:30,354.97,356.59,353.8,353.8,765148.0
09:31,354.39,355.33,354.02,354.96,77103.0
09:32,355.71,355.8,354.37,354.39,24423.0
09:33,355.3,355.67,354.93,355.4,111763.0
09:34,355.46,356.02,355.25,355.5,48551.0
09:35,355.05,355.63,354.43,355.46,47484.0
09:36,355.52,355.52,354.51,355.07,47635.0
09:37,356.0,356.18,355.01,355.47,71033.0
09:38,355.78,356.15,355.51,356.0,41985.0
09:39,355.73,356.08,355.47,355.77,35539.0
09:40,354.62,355.8,354.35,355.69,51988.0
09:41,355.12,355.12,354.01,354.67,32981.0
09:42,354.66,355.22,354.3,355.14,27262.0
09:43,353.86,354.8,353.72,354.67,27229.0
09:44,353.5,354.02,353.25,353.63,32729.0
09:45,352.9,353.71,352.65,353.71,1.0
09:46,352.55,353.0,352.53,352.99,427422.0
09:47,352.54,352.75,352.31,352.69,37177.0
09:48,353.24,353.43,352.52,352.54,61538.0
09:49,353.04,353.26,352.42,353.24,33985.0
09:50,352.84,353.03,352.5,352.92,27565.0
09:51,353.76,354.0,352.89,352.89,56782.0
09:52,353.58,354.19,353.5,354.0,51657.0
09:53,353.72,353.78,353.21,353.56,28842.0
09:54,353.58,353.83,353.02,353.73,33597.0
09:55,352.99,353.78,352.96,353.66,22313.0
09:56,352.77,353.36,352.67,352.93,25280.0
09:57,352.67,352.98,352.31,352.77,27484.0
09:58,353.71,353.71,353.11,353.11,27097.0
09:59,353.18,353.68,353.18,353.67,40726.0
10:00,353.3,353.94,353.05,353.3,25885.0
10:01,353.71,354.0,353.32,353.39,21073.0
10:02,353.88,354.03,353.64,353.72,53922.0
10:03,354.94,354.94,353.89,353.89,71107.0
10:04,354.51,355.0,354.29,354.88,66974.0
10:05,354.63,354.94,354.38,354.62,45352.0
10:06,354.38,354.79,354.38,354.7,18739.0
10:07,354.78,354.79,354.3,354.31,23363.0
10:08,355.25,355.63,354.77,354.78,52136.0
10:09,355.0,355.26,354.54,355.23,24055.0
10:10,354.61,355.28,354.61,354.99,36049.0
10:11,353.79,354.81,353.69,354.75,37629.0
10:12,354.4,354.47,353.56,353.92,23353.0
10:13,354.35,354.84,354.12,354.35,34497.0
10:14,353.2,354.11,353.0,354.11,33244.0
10:15,352.95,353.33,352.6,353.2,35940.0
10:16,352.99,353.12,352.65,352.87,14856.0
10:17,353.05,353.14,352.79,352.95,26594.0
10:18,353.42,353.42,353.02,353.02,22291.0
10:19,353.19,353.54,353.02,353.5,29467.0
10:20,353.61,353.86,353.1,353.1,30991.0
10:21,353.62,353.74,353.52,353.66,24453.0
10:22,354.12,354.19,353.5,353.65,26276.0
10:23,353.36,354.2,353.33,354.11,23722.0
10:24,353.29,353.51,353.23,353.51,23380.0
10:25,353.22,353.52,353.09,353.1,19181.0
10:26,353.12,353.27,352.91,353.27,21995.0
10:27,353.26,353.28,353.0,353.17,15786.0
10:28,352.87,353.55,352.87,353.38,27690.0
10:29,353.01,353.23,352.71,352.94,24867.0
10:30,353.2,353.41,352.87,353.14,34870.0
10:31,353.13,353.37,352.8,353.25,37929.0
10:32,353.12,353.45,352.82,353.28,18011.0
10:33,353.11,353.34,353.01,353.12,15500.0
10:34,353.03,353.21,352.91,353.21,20733.0
10:35,352.98,353.05,352.75,353.0,23987.0
10:36,352.54,353.05,352.36,352.98,36375.0
10:37,352.45,352.68,352.41,352.6,25868.0
10:38,352.53,352.62,352.4,352.53,19915.0
10:39,352.49,352.61,352.17,352.48,26487.0
10:40,352.92,353.08,352.61,352.61,28640.0
10:41,352.77,352.9,352.62,352.9,17771.0
10:42,352.24,352.73,352.13,352.6,20399.0
10:43,352.42,352.5,352.11,352.14,20977.0
10:44,352.64,352.74,352.44,352.44,19799.0
10:45,353.33,353.33,352.45,352.58,29383.0
10:46,353.23,353.51,353.0,353.27,42775.0
10:47,352.9,353.31,352.85,353.26,19101.0
10:48,352.48,353.08,352.48,352.92,23992.0
10:49,352.87,352.98,352.47,352.47,24128.0
10:50,352.95,353.07,352.75,352.77,25386.0
10:51,353.35,353.49,352.83,352.95,18382.0
10:52,353.54,353.7,353.25,353.38,26394.0
10:53,353.82,353.93,353.3,353.54,24831.0
10:54,354.12,354.32,353.86,353.94,35927.0
10:55,353.65,354.12,353.6,354.12,26313.0
10:56,353.33,353.57,353.15,353.51,17278.0
10:57,353.05,353.43,353.01,353.43,14010.0
10:58,352.98,353.04,352.84,353.04,14688.0
10:59,352.37,353.06,352.37,352.98,17719.0
11:00,351.82,352.62,351.81,352.49,39065.0
11:01,352.66,352.66,351.81,351.9,17804.0
11:02,352.4,352.79,352.29,352.79,14762.0
11:03,352.45,352.55,352.36,352.41,7031.0
11:04,352.29,352.58,352.19,352.52,15123.0
11:05,352.3,352.52,352.18,352.46,9855.0
11:06,352.99,352.99,352.2,352.31,23868.0
11:07,353.21,353.28,352.86,352.9,224472.0
11:08,353.23,353.29,353.06,353.17,24934.0
11:09,352.94,353.32,352.76,353.28,30264.0
11:10,353.15,353.15,352.75,353.0,12585.0
11:11,353.08,353.25,352.98,353.05,94574.0
11:12,352.99,353.05,352.63,353.04,15844.0
11:13,352.82,353.0,352.82,352.91,17232.0
11:14,352.83,352.91,352.76,352.87,10101.0
11:15,353.22,353.27,352.64,352.83,20511.0
11:16,353.3,353.59,353.26,353.26,26300.0
11:17,353.73,353.79,353.3,353.39,22954.0
11:18,354.3,354.3,353.62,353.7,50316.0
11:19,354.16,354.48,354.03,354.3,55534.0
11:20,354.18,354.59,354.08,354.08,34124.0
11:21,354.49,354.67,354.14,354.19,47462.0
11:22,354.06,354.49,353.81,354.49,18819.0
11:23,353.48,354.01,353.48,354.01,10586.0
11:24,353.51,353.73,353.3,353.51,15669.0
11:25,353.09,353.51,352.96,353.51,34984.0
11:26,352.9,353.08,352.65,352.97,17882.0
11:27,353.04,353.04,352.71,352.82,12490.0
11:28,353.08,353.18,352.85,353.0,32055.0
11:29,353.27,353.39,353.03,353.08,18379.0
11:30,353.08,353.33,353.04,353.3,11621.0
11:31,352.7,353.03,352.7,353.03,17016.0
11:32,352.63,352.87,352.6,352.74,27239.0
11:33,352.44,352.86,352.36,352.66,20980.0
11:34,352.2,352.52,352.04,352.44,41827.0
11:35,352.11,352.19,351.82,352.19,18211.0
11:36,351.79,352.35,351.61,352.17,30428.0
11:37,351.7,351.86,351.62,351.8,30133.0
11:38,351.37,351.7,351.2,351.65,34086.0
11:39,351.44,351.5,351.21,351.38,18940.0
11:40,351.59,351.66,351.32,351.44,10835.0
11:41,351.46,351.64,351.35,351.48,25616.0
11:42,351.37,351.57,351.05,351.46,22637.0
11:43,351.18,351.85,351.15,351.52,43403.0
11:44,351.37,351.45,351.2,351.29,13526.0
11:45,351.28,351.43,351.16,351.26,14703.0
11:46,351.15,351.3,351.0,351.27,42225.0
11:47,351.62,351.71,351.0,351.15,20797.0
11:48,351.76,351.85,351.55,351.62,24212.0
11:49,351.9,352.0,351.75,351.76,32670.0
11:50,352.08,352.25,351.88,351.9,29554.0
11:51,352.06,352.2,351.97,352.07,25072.0
11:52,351.93,352.26,351.3,352.08,89904.0
11:53,351.89,352.06,351.77,351.85,17001.0
11:54,351.97,352.09,351.83,351.91,18167.0
11:55,351.01,351.96,351.01,351.96,25738.0
11:56,351.35,351.61,351.19,351.31,19676.0
11:57,351.48,351.48,351.05,351.35,13834.0
11:58,351.51,351.63,351.34,351.34,15891.0
11:59,351.24,351.54,351.05,351.51,16221.0
12:00,351.22,351.37,351.09,351.09,5103.0
12:01,350.99,351.36,350.8,351.36,23298.0
12:02,350.93,351.03,350.83,350.99,15041.0
12:03,350.69,351.07,350.57,351.05,18686.0
12:04,350.5,350.72,350.45,350.69,20845.0
12:05,350.23,350.52,350.22,350.49,59230.0
12:06,349.98,350.3,349.9,350.29,92915.0
12:07,349.89,350.1,349.78,349.99,34896.0
12:08,349.75,349.98,349.51,349.98,37771.0
12:09,349.6,349.81,349.55,349.61,19503.0
12:10,349.4,349.69,349.33,349.6,32777.0
12:11,349.02,349.45,348.97,349.42,47253.0
12:12,349.2,349.28,348.82,348.97,38976.0
12:13,349.26,349.28,348.96,348.98,28143.0
12:14,349.26,349.32,349.04,349.2,19543.0
12:15,349.67,349.83,349.26,349.26,48392.0
12:16,349.32,349.93,349.3,349.69,35142.0
12:17,349.2,349.63,349.16,349.4,16723.0
12:18,349.26,349.27,349.06,349.22,21259.0
12:19,349.16,349.34,348.82,349.24,185320.0
12:20,349.05,349.32,349.0,349.14,16241.0
12:21,349.23,349.59,349.05,349.05,56390.0
12:22,349.0,349.32,349.0,349.21,515794.0
12:23,349.27,349.27,348.95,348.97,12177.0
12:24,349.02,349.15,348.98,349.15,9660.0
12:25,349.4,349.57,348.98,348.98,34126.0
12:26,349.39,349.53,349.28,349.4,9440.0
12:27,349.62,349.64,349.25,349.36,11197.0
12:28,349.36,349.71,349.25,349.62,19270.0
12:29,349.17,349.28,349.11,349.21,6439.0
12:30,349.02,349.25,348.96,349.2,20449.0
12:31,349.04,349.15,348.91,348.96,26043.0
12:32,349.02,349.19,348.8,349.1,18723.0
12:33,348.7,349.02,348.7,348.96,26399.0
12:34,348.84,348.98,348.6,348.7,19058.0
12:35,348.73,348.9,348.6,348.82,8947.0
12:36,348.42,348.83,348.22,348.83,59071.0
12:37,348.11,348.51,348.11,348.43,26048.0
12:38,348.35,348.41,348.0,348.02,68970.0
12:39,348.62,348.68,348.3,348.43,11324.0
12:40,348.76,348.79,348.49,348.6,12380.0
12:41,348.75,348.95,348.74,348.92,24816.0
12:42,348.76,348.91,348.63,348.75,18098.0
12:43,348.71,348.83,348.59,348.73,8308.0
12:44,348.57,348.66,348.46,348.59,10610.0
12:45,348.35,348.79,348.13,348.58,19649.0
12:46,348.51,348.58,348.33,348.58,10351.0
12:47,348.42,348.58,348.4,348.42,14421.0
12:48,348.47,348.71,348.47,348.49,23767.0
12:49,348.58,348.62,348.42,348.53,28233.0
12:50,348.65,348.98,348.65,348.7,16913.0
12:51,348.87,348.88,348.75,348.76,9406.0
12:52,348.85,349.0,348.68,348.85,33525.0
12:53,349.2,349.2,348.78,348.82,27921.0
12:54,348.95,349.18,348.88,349.05,15866.0
12:55,349.05,349.07,348.95,348.98,8392.0
12:56,348.97,349.0,348.9,349.0,8072.0
12:57,348.96,349.0,348.89,348.97,11292.0
12:58,348.87,349.17,348.87,349.02,19928.0
12:59,348.91,349.07,348.88,349.01,14116.0
13:00,348.92,349.01,348.8,348.87,10926.0
13:01,348.65,349.0,348.65,349.0,21788.0
13:02,348.77,348.77,348.6,348.77,11033.0
13:03,349.79,349.8,348.8,348.8,22842.0
13:04,349.89,349.96,349.7,349.8,22412.0
13:05,349.86,350.0,349.77,349.96,13576.0
13:06,349.67,349.88,349.61,349.85,30723.0
13:07,349.84,349.89,349.69,349.75,9014.0
13:08,349.58,349.89,349.5,349.89,10788.0
13:09,349.6,349.72,349.6,349.65,10947.0
13:10,349.15,349.64,349.11,349.63,13031.0
13:11,349.45,349.47,349.08,349.08,13925.0
13:12,349.71,349.77,349.45,349.45,15989.0
13:13,349.97,350.06,349.76,349.76,22723.0
13:14,349.94,350.0,349.83,349.89,20930.0
13:15,349.99,350.18,349.9,349.95,42856.0
13:16,350.3,350.34,350.07,350.09,12809.0
13:17,350.3,350.42,350.26,350.3,25637.0
13:18,350.7,350.85,350.38,350.38,64257.0
13:19,350.43,350.76,350.41,350.66,16722.0
13:20,350.35,350.41,350.09,350.3,41586.0
13:21,350.22,350.39,350.17,350.3,8993.0
13:22,350.31,350.36,350.12,350.23,9501.0
13:23,350.4,350.45,350.32,350.39,7809.0
13:24,350.49,350.64,350.34,350.35,15936.0
13:25,350.49,350.52,350.33,350.52,10159.0
13:26,350.26,350.47,350.26,350.41,5540.0
13:27,350.42,350.43,350.21,350.22,13506.0
13:28,350.59,350.59,350.37,350.37,6613.0
13:29,350.59,350.68,350.56,350.59,14159.0
13:30,350.6,350.62,350.51,350.52,4172.0
13:31,350.48,350.65,349.98,350.65,49092.0
13:32,350.67,350.75,350.01,350.49,35248.0
13:33,350.68,350.71,350.49,350.67,13488.0
13:34,350.71,350.74,350.62,350.7,6841.0
13:35,350.68,350.74,350.63,350.7,5189.0
13:36,351.0,351.19,350.61,350.68,31723.0
13:37,350.84,351.08,350.75,351.03,7161.0
13:38,350.67,350.89,350.44,350.83,11866.0
13:39,350.72,350.78,350.64,350.77,8703.0
13:40,350.99,351.17,350.81,350.81,13047.0
13:41,351.07,351.18,350.88,350.88,4177.0
13:42,351.41,351.42,351.04,351.09,14866.0
13:43,351.27,351.56,351.24,351.35,15348.0
13:44,351.27,351.38,351.11,351.19,15371.0
13:45,351.18,351.34,351.04,351.34,12330.0
13:46,351.15,351.22,351.06,351.06,6710.0
13:47,350.96,351.15,350.9,351.12,17706.0
13:48,351.0,351.11,350.9,350.95,12508.0
13:49,350.68,351.11,350.65,351.02,10798.0
13:50,350.75,350.81,350.58,350.68,12984.0
13:51,350.66,350.88,350.56,350.85,10487.0
13:52,350.35,350.8,350.35,350.73,20215.0
13:53,350.25,350.44,350.19,350.33,24606.0
13:54,350.15,350.23,350.14,350.17,5104.0
13:55,350.17,350.25,350.1,350.1,20976.0
13:56,350.14,350.23,350.04,350.23,11665.0
13:57,350.12,350.22,350.05,350.05,9293.0
13:58,349.98,350.26,349.9,350.16,26553.0
13:59,349.93,350.06,349.79,350.06,9949.0
14:00,349.89,350.02,349.86,349.94,10231.0
14:01,349.75,349.96,349.6,349.85,17037.0
14:02,349.72,349.8,349.56,349.62,6129.0
14:03,349.7,349.8,349.62,349.67,10783.0
14:04,349.68,349.8,349.61,349.78,8106.0
14:05,349.68,349.8,349.65,349.65,8972.0
14:06,349.65,349.73,349.6,349.68,8983.0
14:07,349.99,350.0,349.64,349.65,26158.0
14:08,349.94,350.12,349.8,349.94,15116.0
14:09,349.88,350.03,349.73,349.98,17216.0
14:10,349.77,349.94,349.73,349.92,8894.0
14:11,349.77,349.91,349.69,349.73,14071.0
14:12,349.79,349.89,349.68,349.7,12147.0
14:13,350.23,350.23,349.92,349.92,18756.0
14:14,350.48,350.55,350.14,350.18,14029.0
14:15,350.47,350.65,350.42,350.52,22399.0
14:16,350.24,350.4,350.16,350.4,11025.0
14:17,349.98,350.19,349.98,350.13,16522.0
14:18,350.11,350.17,349.98,350.1,29554.0
14:19,350.1,350.15,350.04,350.15,9154.0
14:20,349.98,350.19,349.92,350.18,15425.0
14:21,349.96,350.1,349.94,350.03,10569.0
14:22,349.93,349.99,349.77,349.91,7812.0
14:23,349.98,350.04,349.9,349.9,8127.0
14:24,349.85,350.0,349.85,349.95,6489.0
14:25,349.88,349.98,349.85,349.9,8145.0
14:26,349.89,350.0,349.83,349.92,49803.0
14:27,349.9,349.94,349.81,349.87,5664.0
14:28,350.01,350.03,349.86,349.96,16699.0
14:29,349.82,350.0,349.8,350.0,11858.0
14:30,349.83,350.03,349.82,349.9,15289.0
14:31,350.02,350.09,349.81,349.85,24517.0
14:32,350.24,350.28,350.02,350.08,14667.0
14:33,350.36,350.39,350.22,350.22,10441.0
14:34,350.3,350.4,350.26,350.36,13770.0
14:35,350.06,350.34,349.96,350.3,19267.0
14:36,350.27,350.31,350.02,350.11,37251.0
14:37,350.1,350.26,350.1,350.16,4832.0
14:38,350.07,350.29,350.04,350.2,21223.0
14:39,349.9,350.16,349.9,350.15,24950.0
14:40,349.72,349.89,349.67,349.83,18062.0
14:41,349.47,349.72,349.46,349.66,21937.0
14:42,349.1,349.82,349.0,349.47,58838.0
14:43,349.27,349.36,349.12,349.12,23459.0
14:44,349.36,349.5,349.26,349.27,76507.0
14:45,349.07,349.38,349.0,349.36,11862.0
14:46,349.01,349.21,349.0,349.06,14457.0
14:47,349.05,349.17,349.01,349.11,19461.0
14:48,348.97,349.18,348.91,349.05,16898.0
14:49,349.01,349.05,348.86,348.93,7459.0
14:50,348.91,349.13,348.8,349.06,20751.0
14:51,349.09,349.19,348.9,348.98,19246.0
14:52,349.11,349.2,349.09,349.2,6522.0
14:53,349.08,349.16,349.0,349.12,11828.0
14:54,349.11,349.14,349.0,349.08,11269.0
14:55,349.1,349.22,349.08,349.11,17122.0
14:56,349.47,349.53,349.1,349.1,29594.0
14:57,349.52,349.52,349.39,349.51,14743.0
14:58,349.62,349.65,349.33,349.51,19552.0
14:59,349.33,349.57,349.24,349.5,15570.0
15:00,349.08,349.39,349.0,349.33,22267.0
15:01,349.23,349.36,348.85,349.08,21904.0
15:02,349.33,349.49,349.11,349.12,15124.0
15:03,349.22,349.4,349.21,349.34,13066.0
15:04,349.17,349.32,349.08,349.26,20617.0
15:05,349.35,349.38,349.07,349.21,12928.0
15:06,349.35,349.41,349.24,349.37,19538.0
15:07,349.36,349.45,349.2,349.31,16729.0
15:08,349.15,349.4,349.1,349.4,10911.0
15:09,349.21,349.32,349.1,349.13,14331.0
15:10,349.09,349.26,349.09,349.22,14152.0
15:11,349.01,349.12,348.98,349.11,15160.0
15:12,348.94,349.05,348.94,349.04,12232.0
15:13,348.89,348.98,348.77,348.97,23857.0
15:14,348.96,348.97,348.86,348.92,15423.0
15:15,348.84,348.96,348.77,348.96,19711.0
15:16,348.54,348.9,348.5,348.8,23103.0
15:17,348.7,348.75,348.52,348.67,13560.0
15:18,348.38,348.75,348.38,348.75,14342.0
15:19,348.61,348.62,348.41,348.42,17197.0
15:20,348.3,348.63,348.3,348.6,18602.0
15:21,348.32,348.39,348.25,348.32,14635.0
15:22,348.0,348.32,348.0,348.32,24230.0
15:23,348.04,348.18,348.0,348.05,23735.0
15:24,348.05,348.16,348.02,348.03,21501.0
15:25,348.26,348.37,347.97,348.11,45727.0
15:26,348.21,348.36,348.17,348.36,16601.0
15:27,348.58,348.58,348.23,348.27,20206.0
15:28,348.55,348.6,348.4,348.54,13768.0
15:29,348.55,348.62,348.47,348.52,15808.0
15:30,348.23,348.52,348.17,348.5,21022.0
15:31,348.51,348.56,348.15,348.23,54574.0
15:32,348.36,348.48,348.15,348.48,31637.0
15:33,348.0,348.33,347.99,348.31,31160.0
15:34,348.1,348.13,347.88,347.97,37159.0
15:35,347.99,348.2,347.97,348.2,20517.0
15:36,348.24,348.27,347.99,348.02,34369.0
15:37,348.17,348.23,348.07,348.23,19806.0
15:38,348.27,348.34,348.11,348.14,40901.0
15:39,348.46,348.49,348.23,348.31,32223.0
15:40,348.28,348.51,348.25,348.5,22497.0
15:41,348.13,348.29,348.11,348.28,12717.0
15:42,348.1,348.2,348.07,348.14,18688.0
15:43,347.96,348.1,347.9,348.08,24339.0
15:44,347.89,348.06,347.84,347.89,18925.0
15:45,348.02,348.07,347.88,347.9,36642.0
15:46,348.04,348.09,347.96,347.98,25953.0
15:47,348.02,348.08,347.97,348.03,18003.0
15:48,348.17,348.29,348.02,348.02,30396.0
15:49,348.38,348.42,348.13,348.14,30929.0
15:50,348.56,348.72,348.4,348.46,68731.0
15:51,348.81,348.94,348.59,348.59,45400.0
15:52,348.99,349.11,348.68,348.74,45521.0
15:53,349.14,349.15,348.75,348.9,58036.0
15:54,349.36,349.4,348.92,349.17,85884.0
15:55,349.68,349.74,349.19,349.32,93875.0
15:56,349.61,349.8,349.55,349.67,82183.0
15:57,349.15,349.57,349.15,349.55,83348.0
15:58,349.41,349.52,349.17,349.17,112556.0
15:59,349.16,349.5,349.12,349.41,294960.0
