Time,Close,High,Low,Open,Volume
09:30,383.61,385.95,380.11,385.95,779109.0
09:31,382.04,383.55,381.03,383.55,80698.0
09:32,379.11,382.18,379.06,382.04,107416.0
09:33,378.62,380.0,376.45,379.29,125972.0
09:34,375.9,378.79,375.38,378.51,141446.0
09:35,375.38,376.57,375.01,375.4,117498.0
09:36,374.88,377.03,374.55,375.56,140832.0
09:37,374.89,375.8,374.55,374.86,93132.0
09:38,375.53,375.83,374.1,374.8,83578.0
09:39,374.23,375.69,373.77,375.53,109680.0
09:40,373.27,374.43,372.57,374.26,99045.0
09:41,371.88,373.64,371.7,373.34,101993.0
09:42,373.61,373.8,371.7,371.98,75752.0
09:43,373.35,374.1,373.25,373.33,71365.0
09:44,374.4,374.79,373.41,373.48,59180.0
09:45,374.8,375.33,374.05,374.14,132432.0
09:46,375.99,376.01,374.67,374.82,80869.0
09:47,374.73,376.0,374.61,375.8,94890.0
09:48,375.62,376.0,374.75,374.8,74359.0
09:49,376.58,377.36,375.67,375.73,103513.0
09:50,378.01,378.64,376.61,376.61,60626.0
09:51,377.8,378.23,377.18,378.01,59447.0
09:52,377.26,378.2,377.26,377.91,91645.0
09:53,378.17,378.35,377.18,377.42,63183.0
09:54,379.14,379.4,378.1,378.17,58571.0
09:55,379.15,379.98,379.1,379.29,66310.0
09:56,378.78,379.27,378.45,379.27,45737.0
09:57,379.35,379.35,378.61,378.61,58458.0
09:58,379.23,379.58,378.89,379.27,68282.0
09:59,379.9,380.01,379.1,379.11,37352.0
10:00,381.11,381.8,379.9,379.9,64179.0
10:01,379.07,381.31,378.89,381.11,109574.0
10:02,379.5,379.9,378.65,378.96,46168.0
10:03,379.94,380.0,379.29,379.61,84821.0
10:04,379.09,380.01,378.7,379.84,56423.0
10:05,379.76,379.97,378.43,378.94,35073.0
10:06,377.78,379.97,377.5,379.58,76250.0
10:07,378.1,378.99,378.0,378.02,21353.0
10:08,377.33,378.8,377.27,378.23,52278.0
10:09,377.02,377.5,376.65,377.5,30687.0
10:10,377.08,377.53,376.83,377.18,34059.0
10:11,377.48,377.91,376.94,377.06,46337.0
10:12,377.05,377.99,376.86,377.5,53368.0
10:13,378.21,378.4,376.72,376.86,67989.0
10:14,378.0,378.28,377.62,378.2,48390.0
10:15,376.7,378.12,376.03,377.98,60512.0
10:16,374.98,376.87,374.91,376.86,46012.0
10:17,375.14,375.49,374.65,375.06,90467.0
10:18,376.8,376.8,374.83,375.12,31779.0
10:19,375.87,376.62,375.63,376.5,32492.0
10:20,375.91,376.4,375.71,375.87,30144.0
10:21,376.8,377.17,375.9,375.9,30307.0
10:22,375.65,376.84,375.65,376.77,23239.0
10:23,374.36,375.56,374.01,375.56,32026.0
10:24,374.9,375.08,373.92,374.28,42146.0
10:25,375.21,375.24,374.71,374.76,21639.0
10:26,375.32,375.7,374.81,375.4,23228.0
10:27,375.16,376.2,375.04,375.24,26851.0
10:28,375.7,376.18,375.12,375.14,20113.0
10:29,375.7,376.06,375.38,375.59,20555.0
10:30,376.75,376.88,375.99,376.03,27163.0
10:31,376.87,376.95,376.31,376.43,23605.0
10:32,376.38,377.19,376.38,376.83,28384.0
10:33,375.26,376.6,375.26,376.26,37401.0
10:34,375.6,375.98,375.27,375.28,16831.0
10:35,374.95,376.49,374.95,375.51,31506.0
10:36,375.37,375.58,374.86,374.96,23124.0
10:37,375.41,375.43,374.81,375.37,25570.0
10:38,374.84,375.69,374.67,375.43,23744.0
10:39,375.1,375.27,374.8,374.84,15883.0
10:40,375.12,375.34,374.78,375.3,17468.0
10:41,375.33,375.68,374.94,375.0,23195.0
10:42,375.33,375.93,375.29,375.52,40238.0
10:43,375.55,375.89,375.23,375.33,33023.0
10:44,376.07,376.27,375.43,375.54,57647.0
10:45,375.07,376.21,375.0,375.98,48570.0
10:46,375.13,375.6,374.78,375.17,38034.0
10:47,374.58,374.93,374.17,374.92,29752.0
10:48,374.52,374.83,374.43,374.49,16915.0
10:49,374.83,374.83,374.33,374.53,12944.0
10:50,374.36,375.13,373.98,375.13,25155.0
10:51,373.24,374.3,373.1,374.14,42696.0
10:52,373.22,373.52,373.08,373.32,31087.0
10:53,373.03,373.54,372.89,373.21,26799.0
10:54,372.48,373.22,372.46,373.03,29770.0
10:55,372.42,372.83,372.33,372.52,41049.0
10:56,372.24,372.44,372.03,372.36,39481.0
10:57,372.76,373.16,372.2,372.38,41186.0
10:58,373.03,373.33,372.59,372.83,79842.0
10:59,372.87,373.23,372.58,373.06,66828.0
11:00,373.55,373.6,372.74,372.87,46527.0
11:01,373.68,373.99,373.23,373.46,22283.0
11:02,373.74,374.58,373.73,373.86,34499.0
11:03,373.65,373.93,372.85,373.64,35829.0
11:04,374.14,374.28,373.49,373.49,17980.0
11:05,373.24,374.0,373.18,373.82,19902.0
11:06,373.15,373.56,373.05,373.31,16219.0
11:07,374.07,374.19,373.18,373.2,22712.0
11:08,374.03,374.6,373.88,374.07,17742.0
11:09,374.19,374.5,374.0,374.03,28452.0
11:10,373.77,374.38,373.64,374.37,29691.0
11:11,373.73,374.07,373.5,373.93,19114.0
11:12,373.33,374.04,373.33,373.89,25340.0
11:13,373.57,373.73,373.23,373.27,18420.0
11:14,373.83,373.86,373.56,373.75,23273.0
11:15,373.75,374.25,373.71,373.71,20539.0
11:16,373.64,373.82,373.27,373.82,30846.0
11:17,373.81,374.0,373.37,373.67,21063.0
11:18,374.49,374.55,373.8,373.85,23933.0
11:19,374.01,374.5,373.9,374.5,17231.0
11:20,374.51,375.0,373.9,374.05,34492.0
11:21,374.42,374.65,374.23,374.4,21255.0
11:22,374.69,374.83,374.13,374.55,26404.0
11:23,374.63,375.09,374.43,374.64,19867.0
11:24,374.54,374.75,374.46,374.7,21618.0
11:25,374.45,374.78,374.22,374.54,27246.0
11:26,374.69,374.89,374.34,374.37,39059.0
11:27,374.37,374.86,374.37,374.55,15184.0
11:28,374.55,374.73,374.1,374.46,32512.0
11:29,375.2,375.2,374.6,374.6,15330.0
11:30,374.32,375.41,374.32,375.14,25680.0
11:31,374.16,374.56,374.08,374.3,19384.0
11:32,373.58,374.21,373.41,374.21,22079.0
11:33,372.83,373.72,372.65,373.61,24877.0
11:34,372.74,372.96,372.54,372.83,20037.0
11:35,372.8,373.22,372.51,372.67,18195.0
11:36,371.78,372.97,371.78,372.92,32803.0
11:37,371.17,372.1,371.14,371.8,34749.0
11:38,371.18,371.32,370.58,371.32,40465.0
11:39,371.43,371.6,371.08,371.28,19612.0
11:40,371.15,371.51,370.89,371.35,21670.0
11:41,371.27,371.33,370.79,371.09,29963.0
11:42,371.58,371.83,371.07,371.21,30510.0
11:43,372.07,372.16,371.37,371.64,17039.0
11:44,371.95,372.25,371.82,372.01,18962.0
11:45,371.7,372.53,371.57,371.95,32715.0
11:46,371.38,371.7,371.2,371.62,26097.0
11:47,371.04,371.44,370.88,371.35,31106.0
11:48,371.1,371.22,370.7,371.04,46072.0
11:49,370.51,371.22,370.51,371.11,31265.0
11:50,370.99,371.08,370.4,370.55,21055.0
11:51,371.17,371.56,370.93,371.04,25268.0
11:52,371.14,371.23,370.98,371.17,16594.0
11:53,371.05,371.3,371.0,371.1,20758.0
11:54,371.09,371.2,371.03,371.05,22473.0
11:55,371.38,371.55,371.07,371.08,34393.0
11:56,370.75,371.53,370.75,371.31,16611.0
11:57,371.17,371.17,370.52,370.72,16464.0
11:58,370.5,371.12,370.41,371.1,25192.0
11:59,370.54,370.66,370.36,370.44,20240.0
12:00,370.48,370.67,370.12,370.49,33055.0
12:01,370.5,371.12,370.42,370.62,20750.0
12:02,370.69,370.69,370.06,370.49,25131.0
12:03,371.0,371.27,370.59,370.59,25003.0
12:04,371.33,371.42,370.98,371.03,21432.0
12:05,371.77,372.15,371.26,371.5,26437.0
12:06,372.42,372.48,371.75,371.88,19491.0
12:07,372.94,373.26,372.45,372.48,41836.0
12:08,373.24,373.33,372.75,373.16,27302.0
12:09,373.4,373.5,373.01,373.2,22392.0
12:10,373.47,373.75,373.27,373.49,27445.0
12:11,373.55,373.82,373.25,373.39,19746.0
12:12,373.75,373.79,373.38,373.61,12337.0
12:13,373.92,373.99,373.72,373.84,15412.0
12:14,373.85,374.08,373.74,373.9,15180.0
12:15,373.66,373.97,373.56,373.95,19188.0
12:16,374.05,374.1,373.52,373.61,19354.0
12:17,373.77,374.2,373.73,374.09,11722.0
12:18,374.01,374.02,373.68,373.79,16141.0
12:19,373.81,374.15,373.76,373.9,16303.0
12:20,374.11,374.3,373.83,373.88,21616.0
12:21,374.29,374.44,374.12,374.24,18264.0
12:22,374.19,374.73,374.18,374.39,38767.0
12:23,373.45,374.22,373.43,374.22,19044.0
12:24,374.33,374.37,373.55,373.66,8352.0
12:25,374.64,374.8,374.09,374.35,44181.0
12:26,374.67,374.87,374.56,374.71,20709.0
12:27,375.0,375.0,374.64,374.64,48595.0
12:28,374.87,375.0,374.82,374.91,21880.0
12:29,374.76,375.2,374.65,374.87,17287.0
12:30,374.73,374.94,374.63,374.94,18287.0
12:31,374.49,374.85,374.37,374.65,19022.0
12:32,374.29,374.67,374.15,374.64,24321.0
12:33,374.5,374.5,374.13,374.22,9583.0
12:34,374.52,374.93,374.49,374.5,15953.0
12:35,374.87,375.35,374.65,374.65,12848.0
12:36,374.74,375.07,374.65,375.03,16500.0
12:37,374.99,375.19,374.89,374.92,18865.0
12:38,375.37,375.5,374.75,375.1,14652.0
12:39,375.49,375.58,375.17,375.45,18630.0
12:40,375.59,375.59,375.31,375.5,12130.0
12:41,375.79,375.87,375.36,375.59,23971.0
12:42,375.46,376.1,375.42,375.96,14211.0
12:43,375.36,375.61,375.3,375.46,11814.0
12:44,375.61,375.69,375.38,375.49,13306.0
12:45,376.02,376.1,375.62,375.74,23178.0
12:46,376.22,376.41,375.94,376.07,19528.0
12:47,376.08,376.18,376.0,376.18,12165.0
12:48,375.89,376.08,375.73,376.08,9231.0
12:49,375.86,376.01,375.77,375.99,17730.0
12:50,376.3,376.43,375.85,376.0,31592.0
12:51,376.04,376.23,375.89,376.15,20402.0
12:52,375.51,376.04,375.21,376.04,19544.0
12:53,375.86,375.86,375.58,375.58,6419.0
12:54,376.3,376.33,375.8,375.97,30325.0
12:55,376.58,376.63,376.31,376.33,22596.0
12:56,377.17,377.27,376.52,376.58,24542.0
12:57,377.2,377.42,377.03,377.22,24275.0
12:58,377.18,377.52,377.15,377.2,26297.0
12:59,376.83,377.3,376.83,377.17,17278.0
13:00,376.92,377.08,376.74,376.87,19804.0
13:01,377.02,377.14,376.7,376.91,18499.0
13:02,376.6,376.95,376.6,376.91,17765.0
13:03,376.78,376.89,376.47,376.57,17559.0
13:04,376.81,377.0,376.61,376.78,18406.0
13:05,376.26,376.8,376.09,376.68,29550.0
13:06,376.24,376.39,376.07,376.33,14618.0
13:07,376.6,376.7,375.97,376.3,90442.0
13:08,376.89,377.17,376.64,376.64,20992.0
13:09,377.12,377.16,376.81,376.89,24645.0
13:10,377.35,377.71,376.93,376.93,36067.0
13:11,376.89,377.28,376.55,377.28,21790.0
13:12,376.57,377.05,376.57,376.89,25633.0
13:13,376.18,376.58,376.18,376.49,24322.0
13:14,376.1,376.33,375.83,376.08,16384.0
13:15,376.21,376.38,375.84,375.99,17532.0
13:16,375.81,376.17,375.57,376.16,25280.0
13:17,375.58,376.12,375.54,375.94,8836.0
13:18,375.64,375.85,375.5,375.6,23057.0
13:19,375.52,375.77,375.42,375.64,19893.0
13:20,375.66,375.83,375.42,375.5,12467.0
13:21,376.06,376.11,375.7,375.7,22488.0
13:22,376.29,376.49,376.14,376.31,16641.0
13:23,376.34,376.69,376.31,376.39,11832.0
13:24,376.54,376.62,376.25,376.34,24063.0
13:25,376.95,376.95,376.62,376.64,21818.0
13:26,377.23,377.26,376.8,376.8,29595.0
13:27,376.87,377.42,376.36,377.23,92002.0
13:28,376.07,376.83,375.88,376.83,31080.0
13:29,375.75,376.13,375.51,376.07,27021.0
13:30,375.33,375.7,375.18,375.66,16589.0
13:31,375.39,375.9,375.03,375.2,43845.0
13:32,375.83,376.11,375.31,375.51,39885.0
13:33,376.06,376.43,375.55,375.9,42152.0
13:34,375.88,376.44,375.87,376.07,20604.0
13:35,376.03,376.16,375.75,375.88,25354.0
13:36,376.83,376.84,376.06,376.06,17895.0
13:37,377.11,377.26,376.67,376.91,17068.0
13:38,377.08,377.42,376.95,377.12,18977.0
13:39,377.2,377.4,376.79,376.89,24256.0
13:40,377.13,377.13,376.98,377.02,20762.0
13:41,377.41,377.49,377.08,377.08,14434.0
13:42,377.77,377.83,377.28,377.45,4597152.0
13:43,378.4,378.49,377.77,377.83,1.0
13:44,378.86,378.98,378.32,378.45,48411.0
13:45,378.84,379.23,378.84,378.91,35573.0
13:46,379.39,379.39,378.97,378.97,10869.0
13:47,379.05,379.48,378.88,379.4,48757.0
13:48,379.54,379.54,379.11,379.11,27176.0
13:49,379.4,379.46,379.08,379.46,15747.0
13:50,378.29,379.54,378.18,379.5,47092.0
13:51,378.54,378.7,378.18,378.23,14408.0
13:52,378.77,378.98,378.35,378.42,23894.0
13:53,379.07,379.29,378.78,378.78,19009.0
13:54,378.93,379.13,378.68,379.13,18061.0
13:55,378.82,378.97,378.77,378.92,16220.0
13:56,378.43,378.75,378.37,378.75,16981.0
13:57,378.42,378.59,378.37,378.43,26673.0
13:58,378.35,378.55,378.29,378.54,25899.0
13:59,378.51,378.58,378.35,378.39,12019.0
14:00,378.59,378.75,378.46,378.61,13990.0
14:01,378.69,378.82,378.45,378.62,12754.0
14:02,378.69,379.0,378.64,378.77,20963.0
14:03,378.83,378.94,378.69,378.71,18380.0
14:04,378.62,378.89,378.51,378.83,19494.0
14:05,378.55,378.75,378.51,378.59,15200.0
14:06,377.43,378.68,377.43,378.5,27807.0
14:07,377.33,377.59,377.28,377.55,17992.0
14:08,377.57,377.77,377.12,377.31,29925.0
14:09,378.04,378.05,377.58,377.64,17508.0
14:10,377.96,378.09,377.85,378.01,23602.0
14:11,377.95,378.24,377.9,377.9,23340.0
14:12,378.08,378.18,377.87,378.01,14195.0
14:13,378.07,378.25,377.92,378.11,21081.0
14:14,377.83,378.15,377.75,378.15,27354.0
14:15,377.95,378.06,377.74,377.94,21391.0
14:16,377.85,378.08,377.63,378.08,31501.0
14:17,377.86,378.14,377.74,377.89,21436.0
14:18,377.53,377.9,377.53,377.87,22410.0
14:19,377.16,377.56,377.16,377.53,13688.0
14:20,377.3,377.44,377.16,377.23,20409.0
14:21,377.25,377.4,377.13,377.33,20255.0
14:22,377.75,377.75,377.25,377.25,15331.0
14:23,377.64,378.1,377.64,377.77,10995.0
14:24,377.56,378.0,377.54,377.88,11032.0
14:25,377.24,377.53,377.03,377.51,7871.0
14:26,377.1,377.48,377.09,377.33,14126.0
14:27,376.83,377.3,376.71,377.2,22698.0
14:28,376.46,376.91,376.24,376.9,15854.0
14:29,376.29,376.43,376.14,376.31,10655.0
14:30,376.86,376.92,376.38,376.44,13455.0
14:31,376.68,376.87,376.49,376.86,11668.0
14:32,376.48,376.7,376.35,376.64,9516.0
14:33,376.77,376.9,376.34,376.48,10939.0
14:34,377.17,377.49,376.9,376.9,33330.0
14:35,377.68,377.77,377.16,377.16,44712.0
14:36,378.09,378.52,377.68,377.68,28323.0
14:37,377.62,378.09,377.45,378.09,52826.0
14:38,377.6,378.0,377.43,377.53,45448.0
14:39,377.2,377.74,377.2,377.58,39164.0
14:40,377.86,377.95,377.12,377.61,29171.0
14:41,377.12,378.16,377.02,378.16,19450.0
14:42,377.32,377.51,377.2,377.25,10439.0
14:43,377.32,377.57,377.17,377.22,18916.0
14:44,377.09,377.32,376.81,377.29,21035.0
14:45,376.96,377.18,376.87,376.96,13118.0
14:46,377.25,377.25,376.96,377.08,12861.0
14:47,377.57,377.77,377.2,377.2,17970.0
14:48,377.64,378.0,377.56,377.61,13383.0
14:49,377.67,377.79,377.46,377.78,18114.0
14:50,377.52,377.68,377.44,377.58,12176.0
14:51,377.52,377.57,377.26,377.52,18429.0
14:52,377.42,377.47,377.0,377.38,14553.0
14:53,377.42,377.51,377.24,377.51,13976.0
14:54,377.45,377.62,377.35,377.35,11295.0
14:55,377.51,377.74,377.33,377.46,18437.0
14:56,377.57,377.65,377.48,377.48,10008.0
14:57,377.19,377.57,377.07,377.52,27590.0
14:58,377.14,377.22,376.96,377.13,13775.0
14:59,377.45,377.66,377.0,377.09,23919.0
15:00,377.15,377.44,376.93,377.39,16487.0
15:01,376.7,377.01,376.7,377.01,18730.0
15:02,376.88,377.02,376.4,376.81,21929.0
15:03,376.89,377.0,376.8,376.96,8480.0
15:04,376.86,377.08,376.77,376.89,15262.0
15:05,376.64,376.86,376.53,376.86,10441.0
15:06,376.53,376.69,376.33,376.67,23062.0
15:07,376.45,376.66,376.21,376.53,18550.0
15:08,376.37,376.47,376.19,376.32,35016.0
15:09,376.34,376.46,376.22,376.41,10477.0
15:10,375.98,376.32,375.84,376.32,24061.0
15:11,375.7,376.08,375.62,376.04,18744.0
15:12,375.9,376.01,375.54,375.73,15250.0
15:13,375.95,376.08,375.67,375.9,12117.0
15:14,375.77,376.06,375.67,375.95,12138.0
15:15,375.79,375.96,375.64,375.77,18655.0
15:16,375.84,375.92,375.61,375.78,24572.0
15:17,375.54,375.92,375.21,375.92,20447.0
15:18,375.74,375.84,375.55,375.55,18027.0
15:19,375.86,375.9,375.51,375.72,22703.0
15:20,375.32,375.8,375.2,375.79,26963.0
15:21,374.92,375.32,374.8,375.32,27473.0
15:22,374.87,374.87,374.45,374.81,22533.0
15:23,375.08,375.3,374.81,374.84,26501.0
15:24,375.36,375.36,375.04,375.18,33579.0
15:25,375.69,375.9,375.3,375.43,29291.0
15:26,375.31,376.03,375.31,375.76,37525.0
15:27,375.72,375.74,375.07,375.45,25837.0
15:28,375.62,375.72,375.53,375.59,14501.0
15:29,375.62,375.87,375.6,375.7,23270.0
15:30,376.03,376.16,375.44,375.65,26401.0
15:31,376.36,376.57,376.08,376.1,23193.0
15:32,376.74,376.83,376.24,376.34,20084.0
15:33,376.87,377.16,376.8,376.85,22585.0
15:34,376.57,376.81,376.3,376.81,16507.0
15:35,376.33,376.61,376.23,376.61,19752.0
15:36,375.98,376.45,375.82,376.45,14111.0
15:37,375.26,375.98,375.12,375.98,20382.0
15:38,375.0,375.3,374.74,375.22,32318.0
15:39,374.77,375.12,374.53,374.97,28633.0
15:40,374.9,375.04,374.67,374.77,35659.0
15:41,375.4,375.63,374.97,375.0,23289.0
15:42,374.88,375.35,374.7,375.35,38292.0
15:43,374.76,374.93,374.54,374.85,20765.0
15:44,375.15,375.18,374.73,374.76,24814.0
15:45,375.02,375.39,374.92,375.14,25864.0
15:46,374.98,375.17,374.88,375.01,31220.0
15:47,375.31,375.5,374.81,374.97,31499.0
15:48,376.13,376.13,375.29,375.3,26212.0
15:49,376.27,376.39,375.92,376.1,30466.0
15:50,377.48,377.66,376.24,376.24,58486.0
15:51,377.55,377.66,376.98,377.54,55761.0
15:52,377.46,377.88,377.41,377.63,72373.0
15:53,377.3,377.58,377.29,377.48,30566.0
15:54,376.96,377.23,376.62,377.23,54123.0
15:55,377.32,377.57,376.28,376.7,103844.0
15:56,377.09,377.46,377.01,377.42,95228.0
15:57,376.6,377.16,376.56,377.14,131961.0
15:58,376.69,376.76,376.51,376.66,204613.0
15:59,376.41,376.74,376.4,376.67,352371.0
