Time,Close,High,Low,Open,Volume
09:30,257.75,258.0,257.03,257.9,1288798.0
09:31,257.08,257.53,257.0,257.02,815760.0
09:32,256.83,257.12,256.66,257.1,236293.0
09:33,256.79,257.07,256.47,256.83,266565.0
09:34,256.57,256.8,256.33,256.79,133902.0
09:35,256.88,256.9,256.52,256.57,137675.0
09:36,256.68,256.89,256.62,256.82,99654.0
09:37,256.64,256.75,256.51,256.68,116958.0
09:38,256.68,256.7,256.51,256.64,67712.0
09:39,256.99,257.02,256.65,256.65,117787.0
09:40,256.62,257.05,256.41,256.99,148576.0
09:41,256.05,256.77,256.0,256.62,256490.0
09:42,255.89,256.06,255.83,256.01,251813.0
09:43,255.6,255.96,255.51,255.9,302795.0
09:44,255.7,255.75,255.5,255.58,147376.0
09:45,255.37,255.73,255.37,255.7,182189.0
09:46,255.54,255.64,255.35,255.37,139073.0
09:47,255.95,255.98,255.51,255.55,124133.0
09:48,255.76,255.97,255.61,255.96,86497.0
09:49,256.03,256.13,255.78,255.8,100757.0
09:50,255.76,256.09,255.61,256.04,113383.0
09:51,255.64,255.83,255.38,255.8,125436.0
09:52,255.36,255.62,255.33,255.48,119427.0
09:53,255.21,255.49,255.11,255.33,121687.0
09:54,254.83,255.26,254.8,255.24,190218.0
09:55,254.85,255.0,254.77,254.86,114335.0
09:56,254.98,255.09,254.79,254.82,117659.0
09:57,255.14,255.19,254.93,254.96,107720.0
09:58,255.21,255.28,255.11,255.14,82561.0
09:59,255.14,255.33,255.14,255.21,151022.0
10:00,255.44,255.45,255.12,255.16,156140.0
10:01,255.38,255.47,255.18,255.46,102895.0
10:02,255.48,255.54,255.36,255.38,124048.0
10:03,255.5,255.55,255.42,255.49,77110.0
10:04,255.54,255.55,255.45,255.49,68655.0
10:05,255.51,255.62,255.5,255.54,76797.0
10:06,255.3,255.55,255.18,255.55,148496.0
10:07,255.19,255.37,255.19,255.29,94956.0
10:08,255.22,255.26,255.09,255.2,68776.0
10:09,255.38,255.42,255.23,255.23,131991.0
10:10,255.21,255.43,255.2,255.38,85403.0
10:11,255.37,255.38,255.16,255.21,68075.0
10:12,255.38,255.38,255.26,255.37,80942.0
10:13,255.48,255.48,255.38,255.4,85370.0
10:14,255.54,255.63,255.43,255.48,93987.0
10:15,255.62,255.65,255.55,255.55,124898.0
10:16,255.62,255.72,255.43,255.62,103046.0
10:17,255.73,255.83,255.55,255.6,179140.0
10:18,255.44,255.74,255.37,255.7,179767.0
10:19,255.38,255.63,255.28,255.43,82023.0
10:20,255.38,255.42,255.3,255.37,80195.0
10:21,255.53,255.56,255.3,255.35,61263.0
10:22,255.28,255.53,255.2,255.53,62016.0
10:23,255.23,255.32,255.1,255.29,89833.0
10:24,255.05,255.23,255.01,255.23,125084.0
10:25,255.1,255.19,255.01,255.05,88304.0
10:26,254.98,255.12,254.81,255.1,168305.0
10:27,254.95,255.04,254.9,254.9,73961.0
10:28,254.95,255.03,254.93,254.94,88376.0
10:29,254.92,255.01,254.9,254.96,68400.0
10:30,254.76,254.92,254.65,254.91,332102.0
10:31,254.61,254.84,254.61,254.76,116543.0
10:32,255.07,255.1,254.57,254.6,144209.0
10:33,255.0,255.14,254.9,255.08,93109.0
10:34,254.9,255.01,254.85,255.0,47465.0
10:35,254.93,254.97,254.82,254.9,76509.0
10:36,254.85,254.92,254.85,254.9,53418.0
10:37,254.86,254.9,254.76,254.84,61972.0
10:38,254.81,254.96,254.71,254.87,64745.0
10:39,255.0,255.02,254.73,254.8,80790.0
10:40,255.06,255.12,254.99,255.0,101642.0
10:41,254.99,255.1,254.97,255.05,59601.0
10:42,254.88,255.02,254.81,255.01,68760.0
10:43,254.88,254.98,254.88,254.88,45647.0
10:44,254.88,254.97,254.87,254.88,72590.0
10:45,254.85,254.9,254.81,254.88,66632.0
10:46,254.77,254.9,254.75,254.85,45261.0
10:47,254.77,254.87,254.75,254.75,52139.0
10:48,254.95,254.95,254.76,254.76,42161.0
10:49,255.03,255.08,254.9,254.95,60933.0
10:50,255.16,255.19,255.03,255.05,57639.0
10:51,255.05,255.18,255.05,255.15,58262.0
10:52,255.07,255.17,255.04,255.05,42944.0
10:53,255.02,255.07,254.98,255.07,39759.0
10:54,255.02,255.08,254.98,255.01,31353.0
10:55,255.1,255.21,255.03,255.04,49800.0
10:56,254.99,255.11,254.92,255.08,43129.0
10:57,255.1,255.1,254.98,255.0,39392.0
10:58,254.96,255.12,254.89,255.11,67773.0
10:59,254.94,255.0,254.91,254.94,40042.0
11:00,255.11,255.14,254.96,254.96,36418.0
11:01,255.2,255.22,255.1,255.11,48007.0
11:02,255.07,255.22,255.04,255.21,50546.0
11:03,255.18,255.19,255.09,255.1,67503.0
11:04,255.06,255.19,255.04,255.19,39673.0
11:05,255.13,255.13,255.05,255.06,41769.0
11:06,254.95,255.12,254.85,255.11,86478.0
11:07,254.86,254.97,254.72,254.97,98221.0
11:08,254.91,254.92,254.83,254.87,46729.0
11:09,254.95,254.96,254.9,254.9,58324.0
11:10,255.03,255.06,254.91,254.93,39145.0
11:11,255.08,255.09,254.98,255.02,30006.0
11:12,255.1,255.17,255.07,255.07,43721.0
11:13,255.07,255.16,255.07,255.12,43695.0
11:14,255.07,255.08,254.98,255.08,41180.0
11:15,255.05,255.12,255.04,255.07,54495.0
11:16,254.87,255.1,254.86,255.05,49699.0
11:17,254.85,254.92,254.81,254.87,50920.0
11:18,254.93,254.95,254.79,254.85,49207.0
11:19,254.91,255.01,254.91,254.95,116186.0
11:20,254.93,254.94,254.82,254.9,70173.0
11:21,254.91,254.96,254.87,254.93,89489.0
11:22,255.03,255.06,254.91,254.91,36362.0
11:23,254.98,255.12,254.93,255.03,80831.0
11:24,254.83,255.01,254.75,254.98,104079.0
11:25,254.75,254.87,254.73,254.82,96129.0
11:26,254.73,254.79,254.66,254.75,82442.0
11:27,254.72,254.78,254.65,254.74,124092.0
11:28,254.76,254.76,254.68,254.73,33226.0
11:29,254.64,254.81,254.63,254.75,75372.0
11:30,254.5,254.66,254.33,254.62,186318.0
11:31,254.43,254.51,254.36,254.5,100875.0
11:32,254.46,254.46,254.36,254.42,43096.0
11:33,254.54,254.55,254.44,254.46,69929.0
11:34,254.45,254.56,254.35,254.55,105987.0
11:35,254.43,254.47,254.32,254.44,42361.0
11:36,254.41,254.43,254.36,254.43,27230.0
11:37,254.4,254.45,254.39,254.4,33308.0
11:38,254.32,254.42,254.3,254.4,666082.0
11:39,254.26,254.4,254.23,254.31,59368.0
11:40,254.0,254.24,253.95,254.24,206798.0
11:41,253.82,254.03,253.82,254.01,119586.0
11:42,253.99,254.0,253.81,253.81,92194.0
11:43,254.16,254.16,253.93,253.99,101138.0
11:44,254.16,254.23,254.11,254.15,64127.0
11:45,254.29,254.33,254.16,254.17,54933.0
11:46,254.27,254.3,254.23,254.29,38380.0
11:47,254.24,254.26,254.16,254.25,92473.0
11:48,254.21,254.31,254.19,254.23,84444.0
11:49,254.36,254.38,254.21,254.21,55632.0
11:50,254.21,254.38,254.2,254.34,70737.0
11:51,254.17,254.26,254.03,254.23,174437.0
11:52,254.07,254.23,254.05,254.16,43324.0
11:53,254.1,254.17,254.05,254.08,51204.0
11:54,254.29,254.32,254.08,254.1,51332.0
11:55,254.31,254.35,254.28,254.3,61964.0
11:56,254.19,254.29,254.17,254.29,51959.0
11:57,254.21,254.23,254.09,254.19,51467.0
11:58,254.14,254.26,254.07,254.24,48493.0
11:59,254.1,254.15,254.08,254.13,38136.0
12:00,254.31,254.35,254.1,254.1,43695.0
12:01,254.32,254.44,254.28,254.32,61202.0
12:02,254.33,254.39,254.3,254.31,41305.0
12:03,254.34,254.37,254.26,254.32,38599.0
12:04,254.37,254.39,254.26,254.34,66048.0
12:05,254.49,254.54,254.35,254.35,157475.0
12:06,254.74,254.74,254.49,254.49,80996.0
12:07,254.61,254.76,254.56,254.74,64223.0
12:08,254.66,254.73,254.6,254.6,54176.0
12:09,254.61,254.66,254.58,254.65,42997.0
12:10,254.5,254.65,254.44,254.62,71916.0
12:11,254.52,254.52,254.44,254.5,27803.0
12:12,254.54,254.57,254.46,254.49,49601.0
12:13,254.43,254.55,254.4,254.55,43064.0
12:14,254.37,254.44,254.33,254.42,47688.0
12:15,254.33,254.36,254.27,254.34,37041.0
12:16,254.32,254.45,254.32,254.33,47971.0
12:17,254.34,254.4,254.29,254.32,60717.0
12:18,254.27,254.34,254.24,254.33,44751.0
12:19,254.34,254.35,254.26,254.27,48283.0
12:20,254.21,254.35,254.2,254.34,46279.0
12:21,254.02,254.2,254.01,254.2,51503.0
12:22,253.79,254.06,253.77,254.02,145618.0
12:23,253.86,253.89,253.79,253.8,41519.0
12:24,253.97,253.99,253.87,253.87,40257.0
12:25,253.83,253.99,253.75,253.97,103564.0
12:26,253.82,253.89,253.77,253.83,66556.0
12:27,253.94,253.94,253.82,253.82,37379.0
12:28,253.86,254.0,253.86,253.96,42914.0
12:29,253.99,254.0,253.86,253.86,34745.0
12:30,253.89,254.01,253.87,254.0,41591.0
12:31,253.9,253.96,253.88,253.94,36180.0
12:32,253.9,253.95,253.85,253.9,35608.0
12:33,253.85,253.92,253.85,253.9,33772.0
12:34,253.96,253.96,253.84,253.85,34102.0
12:35,253.92,253.99,253.91,253.95,43915.0
12:36,253.94,254.0,253.88,253.92,49667.0
12:37,253.97,253.99,253.91,253.93,35405.0
12:38,253.93,254.02,253.93,253.97,34762.0
12:39,253.95,253.96,253.91,253.93,31074.0
12:40,253.77,253.94,253.75,253.94,53365.0
12:41,253.59,253.78,253.52,253.76,89776.0
12:42,253.74,253.74,253.56,253.58,62766.0
12:43,253.84,253.88,253.71,253.73,40927.0
12:44,253.78,253.88,253.76,253.81,37599.0
12:45,253.7,253.83,253.69,253.77,54538.0
12:46,253.66,253.72,253.61,253.71,31137.0
12:47,253.83,253.84,253.66,253.66,47025.0
12:48,253.92,253.94,253.78,253.81,36392.0
12:49,253.99,254.0,253.91,253.92,28476.0
12:50,254.03,254.05,253.97,253.99,38655.0
12:51,253.98,254.04,253.9,254.03,50517.0
12:52,253.99,254.02,253.94,253.98,60538.0
12:53,253.98,254.02,253.93,254.01,27947.0
12:54,253.86,254.01,253.84,253.98,64231.0
12:55,253.77,253.86,253.77,253.85,41082.0
12:56,253.79,253.86,253.76,253.76,36210.0
12:57,253.75,253.83,253.74,253.78,30621.0
12:58,253.6,253.74,253.57,253.73,71965.0
12:59,253.79,253.82,253.59,253.59,47848.0
13:00,253.79,253.81,253.72,253.77,27068.0
13:01,253.8,253.83,253.77,253.81,30024.0
13:02,253.67,253.81,253.67,253.81,23707.0
13:03,253.66,253.73,253.6,253.68,55599.0
13:04,253.6,253.66,253.53,253.66,51208.0
13:05,253.64,253.68,253.55,253.62,46048.0
13:06,253.74,253.75,253.63,253.64,25714.0
13:07,253.79,253.8,253.7,253.76,34904.0
13:08,253.82,253.86,253.74,253.78,38623.0
13:09,253.8,253.9,253.8,253.83,27457.0
13:10,253.67,253.83,253.67,253.81,23601.0
13:11,253.63,253.66,253.57,253.66,29189.0
13:12,253.46,253.63,253.41,253.63,81778.0
13:13,253.33,253.48,253.28,253.45,168277.0
13:14,253.28,253.34,253.23,253.34,76108.0
13:15,253.2,253.37,253.18,253.29,46506.0
13:16,253.24,253.31,253.2,253.2,56930.0
13:17,253.21,253.29,253.21,253.25,38275.0
13:18,253.38,253.38,253.18,253.2,50836.0
13:19,253.31,253.38,253.23,253.35,47855.0
13:20,253.41,253.45,253.28,253.29,46263.0
13:21,253.33,253.44,253.31,253.41,37684.0
13:22,253.37,253.38,253.28,253.35,28405.0
13:23,253.46,253.51,253.37,253.37,39773.0
13:24,253.39,253.51,253.36,253.47,44634.0
13:25,253.33,253.4,253.31,253.38,31493.0
13:26,253.21,253.32,253.2,253.32,46821.0
13:27,253.34,253.34,253.2,253.22,38721.0
13:28,253.46,253.49,253.36,253.36,38161.0
13:29,253.4,253.48,253.37,253.46,26249.0
13:30,253.35,253.4,253.19,253.4,43292.0
13:31,253.41,253.46,253.36,253.37,54154.0
13:32,253.26,253.42,253.24,253.41,43345.0
13:33,253.21,253.28,253.14,253.27,64469.0
13:34,253.32,253.37,253.19,253.21,58771.0
13:35,253.36,253.37,253.28,253.32,30728.0
13:36,253.41,253.42,253.34,253.34,30386.0
13:37,253.51,253.51,253.32,253.4,58068.0
13:38,253.64,253.7,253.49,253.5,60951.0
13:39,253.69,253.74,253.65,253.66,53024.0
13:40,253.71,253.74,253.65,253.69,37302.0
13:41,253.59,253.71,253.56,253.71,49864.0
13:42,253.43,253.58,253.41,253.58,46067.0
13:43,253.38,253.46,253.35,253.43,55856.0
13:44,253.47,253.47,253.36,253.37,37554.0
13:45,253.43,253.5,253.39,253.45,35976.0
13:46,253.4,253.44,253.36,253.42,30142.0
13:47,253.44,253.46,253.37,253.43,36775.0
13:48,253.45,253.45,253.39,253.43,20756.0
13:49,253.55,253.58,253.45,253.45,40396.0
13:50,253.65,253.69,253.51,253.54,29078.0
13:51,253.54,253.67,253.52,253.65,24082.0
13:52,253.57,253.61,253.55,253.55,26378.0
13:53,253.48,253.58,253.44,253.57,40523.0
13:54,253.42,253.5,253.42,253.49,23513.0
13:55,253.49,253.54,253.43,253.43,34489.0
13:56,253.56,253.58,253.5,253.5,26361.0
13:57,253.6,253.6,253.51,253.54,20320.0
13:58,253.55,253.61,253.54,253.59,24010.0
13:59,253.63,253.72,253.54,253.54,48024.0
14:00,253.66,253.69,253.62,253.62,57829.0
14:01,253.73,253.78,253.65,253.66,52848.0
14:02,253.77,253.8,253.62,253.74,56247.0
14:03,253.7,253.82,253.64,253.76,63731.0
14:04,253.64,253.73,253.61,253.71,41901.0
14:05,253.49,253.68,253.49,253.65,75798.0
14:06,253.53,253.64,253.5,253.5,48825.0
14:07,253.52,253.56,253.47,253.54,31865.0
14:08,253.58,253.58,253.49,253.51,21377.0
14:09,253.53,253.59,253.51,253.56,36859.0
14:10,253.52,253.62,253.52,253.54,28870.0
14:11,253.59,253.59,253.47,253.53,44669.0
14:12,253.63,253.64,253.54,253.6,31808.0
14:13,253.73,253.75,253.64,253.65,36696.0
14:14,253.71,253.75,253.7,253.73,34830.0
14:15,253.72,253.74,253.69,253.72,35000.0
14:16,253.8,253.8,253.68,253.7,32621.0
14:17,253.82,253.85,253.78,253.79,33318.0
14:18,253.74,253.86,253.72,253.82,43055.0
14:19,253.7,253.74,253.64,253.74,35782.0
14:20,253.71,253.78,253.68,253.71,26869.0
14:21,253.61,253.72,253.59,253.72,33696.0
14:22,253.65,253.66,253.6,253.61,23607.0
14:23,253.58,253.63,253.54,253.63,25678.0
14:24,253.56,253.59,253.54,253.58,30866.0
14:25,253.61,253.62,253.54,253.57,25120.0
14:26,253.6,253.67,253.58,253.63,35734.0
14:27,253.54,253.66,253.5,253.6,106834.0
14:28,253.46,253.57,253.46,253.55,56314.0
14:29,253.43,253.46,253.42,253.46,34397.0
14:30,253.43,253.44,253.39,253.42,41096.0
14:31,253.45,253.47,253.41,253.43,35005.0
14:32,253.43,253.45,253.41,253.45,19452.0
14:33,253.51,253.51,253.4,253.44,41627.0
14:34,253.57,253.57,253.49,253.49,20831.0
14:35,253.57,253.61,253.52,253.58,45904.0
14:36,253.51,253.58,253.51,253.56,19674.0
14:37,253.63,253.64,253.51,253.51,40368.0
14:38,253.6,253.64,253.58,253.62,63632.0
14:39,253.61,253.66,253.6,253.6,25691.0
14:40,253.65,253.65,253.6,253.62,26355.0
14:41,253.54,253.65,253.48,253.65,33803.0
14:42,253.5,253.56,253.48,253.54,22982.0
14:43,253.45,253.52,253.45,253.51,42699.0
14:44,253.41,253.46,253.4,253.45,827917.0
14:45,253.39,253.41,253.32,253.41,50069.0
14:46,253.39,253.43,253.36,253.39,233515.0
14:47,253.43,253.46,253.4,253.4,24139.0
14:48,253.44,253.47,253.43,253.43,25357.0
14:49,253.51,253.51,253.44,253.45,31841.0
14:50,253.67,253.67,253.48,253.51,48065.0
14:51,253.62,253.73,253.6,253.67,60742.0
14:52,253.58,253.66,253.56,253.63,40657.0
14:53,253.58,253.61,253.5,253.58,36370.0
14:54,253.64,253.64,253.55,253.55,44894.0
14:55,253.67,253.72,253.63,253.65,41006.0
14:56,253.75,253.77,253.67,253.67,41982.0
14:57,253.74,253.77,253.71,253.74,51419.0
14:58,253.77,253.8,253.74,253.74,43264.0
14:59,253.81,253.81,253.75,253.78,29618.0
15:00,253.76,253.81,253.71,253.8,43871.0
15:01,253.89,253.89,253.74,253.77,38482.0
15:02,253.87,253.9,253.81,253.88,30037.0
15:03,253.87,253.9,253.84,253.87,29146.0
15:04,253.76,253.89,253.76,253.87,38740.0
15:05,253.65,253.8,253.64,253.75,63784.0
15:06,253.74,253.79,253.64,253.64,43761.0
15:07,253.79,253.83,253.77,253.77,35302.0
15:08,253.92,253.94,253.79,253.79,33902.0
15:09,254.02,254.03,253.91,253.94,55810.0
15:10,253.97,254.12,253.96,254.01,71473.0
15:11,254.05,254.05,253.93,253.95,29522.0
15:12,254.07,254.09,254.03,254.05,29315.0
15:13,253.94,254.09,253.93,254.05,47083.0
15:14,254.01,254.01,253.94,253.95,35871.0
15:15,253.93,254.06,253.91,253.99,83608.0
15:16,253.98,254.02,253.94,253.95,34313.0
15:17,253.94,254.01,253.92,253.96,54975.0
15:18,253.94,253.99,253.93,253.93,45110.0
15:19,253.88,253.99,253.87,253.94,73500.0
15:20,253.81,253.87,253.79,253.86,76070.0
15:21,253.9,253.96,253.82,253.82,53142.0
15:22,253.85,253.93,253.84,253.91,42168.0
15:23,253.98,254.0,253.84,253.85,43598.0
15:24,254.0,254.1,253.99,253.99,58199.0
15:25,253.92,254.0,253.9,253.99,50929.0
15:26,253.81,253.93,253.72,253.92,324066.0
15:27,253.88,253.88,253.81,253.81,40631.0
15:28,253.87,253.9,253.84,253.88,50254.0
15:29,253.78,253.88,253.78,253.88,70747.0
15:30,253.7,253.82,253.65,253.77,77355.0
15:31,253.68,253.73,253.65,253.7,54721.0
15:32,253.7,253.72,253.67,253.68,52497.0
15:33,253.68,253.7,253.64,253.7,68726.0
15:34,253.65,253.71,253.64,253.67,51825.0
15:35,253.62,253.66,253.59,253.65,80798.0
15:36,253.62,253.63,253.56,253.62,58361.0
15:37,253.6,253.65,253.57,253.63,62867.0
15:38,253.71,253.74,253.6,253.6,53723.0
15:39,253.71,253.77,253.68,253.71,36961.0
15:40,253.68,253.73,253.65,253.71,58789.0
15:41,253.68,253.71,253.62,253.68,51863.0
15:42,253.74,253.74,253.68,253.68,72353.0
15:43,253.68,253.74,253.68,253.72,57547.0
15:44,253.69,253.73,253.68,253.69,60036.0
15:45,253.67,253.69,253.59,253.68,52926.0
15:46,253.72,253.74,253.62,253.66,49088.0
15:47,253.63,253.72,253.62,253.72,43677.0
15:48,253.65,253.69,253.59,253.63,47526.0
15:49,253.65,253.69,253.64,253.68,49722.0
15:50,253.97,254.47,253.63,253.64,479491.0
15:51,254.08,254.12,253.93,253.98,137040.0
15:52,254.18,254.21,254.09,254.1,179036.0
15:53,254.18,254.22,254.1,254.18,191815.0
15:54,254.25,254.3,254.02,254.19,196522.0
15:55,254.21,254.38,254.15,254.24,368452.0
15:56,254.1,254.23,254.08,254.22,193037.0
15:57,253.91,254.16,253.88,254.1,483190.0
15:58,253.99,254.04,253.91,253.91,359224.0
15:59,254.03,254.07,253.91,253.99,790628.0
