Time,Close,High,Low,Open,Volume
09:30,257.03,257.4,256.82,256.82,1161703.0
09:31,256.98,257.25,256.89,257.05,128400.0
09:32,257.3,257.4,256.99,257.02,138433.0
09:33,257.13,257.36,256.87,257.35,127295.0
09:34,257.01,257.26,256.95,257.12,105883.0
09:35,256.91,257.08,256.8,257.02,118377.0
09:36,256.9,257.12,256.87,256.9,85956.0
09:37,256.85,256.93,256.67,256.88,69028.0
09:38,256.91,257.03,256.67,256.89,86599.0
09:39,257.15,257.35,256.91,256.95,105030.0
09:40,257.05,257.23,257.04,257.16,80164.0
09:41,257.19,257.25,257.05,257.07,83774.0
09:42,257.25,257.39,257.14,257.19,74192.0
09:43,256.49,257.24,256.43,257.24,127958.0
09:44,256.54,256.56,256.28,256.46,137295.0
09:45,256.54,256.7,256.41,256.55,147366.0
09:46,256.75,256.92,256.46,256.52,134670.0
09:47,256.84,256.95,256.69,256.76,62351.0
09:48,256.91,256.91,256.69,256.86,105551.0
09:49,257.28,257.3,256.91,256.93,98262.0
09:50,257.13,257.36,257.13,257.29,143489.0
09:51,257.14,257.21,256.99,257.11,61670.0
09:52,256.98,257.29,256.97,257.15,73981.0
09:53,257.09,257.27,256.98,256.98,94395.0
09:54,257.24,257.28,257.07,257.07,60386.0
09:55,257.24,257.4,257.1,257.25,115576.0
09:56,257.23,257.3,257.18,257.25,50043.0
09:57,257.15,257.21,257.05,257.21,66373.0
09:58,257.17,257.23,257.11,257.17,62511.0
09:59,257.16,257.22,257.07,257.19,76943.0
10:00,257.15,257.2,257.02,257.15,90873.0
10:01,257.21,257.24,257.07,257.14,90986.0
10:02,256.85,257.2,256.85,257.2,104501.0
10:03,256.78,256.98,256.68,256.88,174667.0
10:04,256.73,256.88,256.7,256.78,87924.0
10:05,256.99,257.01,256.69,256.73,90892.0
10:06,256.89,256.95,256.79,256.93,102788.0
10:07,256.78,256.92,256.72,256.88,65586.0
10:08,256.82,256.87,256.72,256.79,74085.0
10:09,256.73,256.88,256.66,256.81,68072.0
10:10,256.69,256.88,256.66,256.74,71394.0
10:11,256.73,256.83,256.65,256.68,55961.0
10:12,256.74,256.83,256.68,256.73,50016.0
10:13,256.85,256.88,256.73,256.75,55971.0
10:14,257.17,257.2,256.83,256.83,142327.0
10:15,257.05,257.22,257.03,257.18,76034.0
10:16,256.88,257.08,256.75,257.07,76410.0
10:17,256.77,256.88,256.72,256.88,40935.0
10:18,256.72,256.8,256.67,256.8,50839.0
10:19,256.9,257.02,256.66,256.73,76892.0
10:20,256.76,256.93,256.73,256.93,77891.0
10:21,256.77,256.87,256.75,256.78,36205.0
10:22,256.71,256.77,256.66,256.76,58040.0
10:23,256.57,256.82,256.53,256.71,139274.0
10:24,256.58,256.62,256.52,256.55,53608.0
10:25,256.68,256.75,256.58,256.58,88408.0
10:26,256.68,256.74,256.61,256.67,82957.0
10:27,256.6,256.72,256.57,256.68,44931.0
10:28,256.47,256.78,256.47,256.61,111936.0
10:29,256.68,256.73,256.47,256.49,101300.0
10:30,256.67,256.71,256.62,256.67,73788.0
10:31,256.62,256.79,256.53,256.64,75820.0
10:32,256.49,256.64,256.42,256.63,71811.0
10:33,256.49,256.52,256.33,256.47,91820.0
10:34,256.56,256.57,256.51,256.52,26036.0
10:35,256.55,256.73,256.54,256.54,110143.0
10:36,256.54,256.57,256.49,256.5,12138.0
10:37,256.63,256.64,256.52,256.55,89565.0
10:38,256.51,256.65,256.51,256.64,27332.0
10:39,256.35,256.52,256.32,256.52,62293.0
10:40,256.24,256.32,256.23,256.32,78718.0
10:41,256.08,256.27,256.07,256.26,64383.0
10:42,256.12,256.19,256.04,256.08,71676.0
10:43,255.96,256.14,255.96,256.13,109358.0
10:44,255.96,256.07,255.96,255.97,73232.0
10:45,255.86,255.96,255.82,255.95,170717.0
10:46,255.67,255.77,255.66,255.69,71393.0
10:47,255.68,255.69,255.6,255.66,113339.0
10:48,256.05,256.08,255.63,255.68,219035.0
10:49,255.99,256.12,255.99,256.05,73580.0
10:50,256.01,256.02,255.91,255.99,52810.0
10:51,255.87,256.01,255.87,256.0,94625.0
10:52,255.8,255.91,255.69,255.88,81270.0
10:53,255.88,255.94,255.72,255.78,68587.0
10:54,255.88,255.92,255.84,255.87,96531.0
10:55,255.88,255.88,255.83,255.85,21785.0
10:56,255.87,255.88,255.77,255.88,45223.0
10:57,255.97,255.97,255.81,255.88,91582.0
10:58,255.98,256.11,255.94,255.97,51460.0
10:59,255.91,255.99,255.87,255.97,71411.0
11:00,256.17,256.22,255.89,255.89,66636.0
11:01,256.08,256.22,256.04,256.18,52228.0
11:02,256.08,256.12,255.99,256.07,49099.0
11:03,255.95,256.1,255.91,256.09,97508.0
11:04,256.26,256.3,255.92,255.95,58782.0
11:05,256.33,256.39,256.21,256.27,87625.0
11:06,256.22,256.34,256.1,256.34,66855.0
11:07,256.51,256.54,256.2,256.2,196716.0
11:08,256.33,256.58,256.3,256.49,108088.0
11:09,256.39,256.39,256.22,256.32,107684.0
11:10,256.46,256.61,256.27,256.38,154435.0
11:11,256.73,256.74,256.47,256.48,127536.0
11:12,256.62,256.73,256.52,256.73,54143.0
11:13,256.93,257.11,256.62,256.64,158120.0
11:14,256.94,257.07,256.88,256.9,69705.0
11:15,256.46,256.93,256.39,256.92,61964.0
11:16,256.62,256.73,256.46,256.46,51362.0
11:17,256.61,256.69,256.58,256.61,36245.0
11:18,256.72,256.72,256.52,256.58,40130.0
11:19,256.49,256.7,256.43,256.7,47708.0
11:20,256.56,256.61,256.44,256.51,49272.0
11:21,256.51,256.58,256.44,256.56,50516.0
11:22,256.54,256.61,256.48,256.54,68880.0
11:23,256.57,256.65,256.52,256.52,87245.0
11:24,256.53,256.58,256.47,256.58,29500.0
11:25,256.51,256.58,256.49,256.52,31006.0
11:26,256.48,256.58,256.42,256.52,80868.0
11:27,256.38,256.48,256.31,256.48,57431.0
11:28,256.41,256.41,256.29,256.4,49980.0
11:29,256.38,256.43,256.35,256.4,42006.0
11:30,256.4,256.51,256.33,256.39,46193.0
11:31,256.41,256.45,256.33,256.41,79008.0
11:32,256.33,256.44,256.31,256.42,77556.0
11:33,256.39,256.51,256.33,256.33,48204.0
11:34,256.55,256.62,256.39,256.41,52640.0
11:35,256.38,256.59,256.38,256.54,53930.0
11:36,256.26,256.43,256.25,256.39,55070.0
11:37,256.24,256.36,256.2,256.24,63366.0
11:38,256.37,256.4,256.19,256.25,57247.0
11:39,256.46,256.51,256.28,256.39,85005.0
11:40,256.5,256.58,256.43,256.47,65603.0
11:41,256.55,256.61,256.47,256.52,58715.0
11:42,256.83,256.83,256.48,256.51,72786.0
11:43,256.8,256.85,256.73,256.82,47683.0
11:44,256.7,256.82,256.66,256.8,50579.0
11:45,256.6,256.71,256.57,256.71,29541.0
11:46,256.42,256.6,256.41,256.59,35580.0
11:47,256.45,256.56,256.44,256.47,44100.0
11:48,256.4,256.49,256.39,256.48,58872.0
11:49,256.57,256.57,256.37,256.4,68790.0
11:50,256.51,256.68,256.48,256.57,56009.0
11:51,256.36,256.55,256.28,256.53,85010.0
11:52,256.32,256.42,256.24,256.36,82007.0
11:53,256.33,256.41,256.19,256.33,98086.0
11:54,256.34,256.34,256.19,256.32,73116.0
11:55,256.26,256.36,256.24,256.35,35325.0
11:56,256.29,256.34,256.2,256.26,48208.0
11:57,256.34,256.39,256.23,256.3,43113.0
11:58,256.39,256.39,256.3,256.35,30170.0
11:59,256.3,256.4,256.3,256.37,42952.0
12:00,256.27,256.34,256.27,256.29,35349.0
12:01,256.3,256.34,256.24,256.29,28162.0
12:02,256.33,256.39,256.27,256.33,491811.0
12:03,256.44,256.45,256.32,256.34,39092.0
12:04,256.52,256.57,256.4,256.42,38714.0
12:05,256.36,256.51,256.36,256.51,38458.0
12:06,256.34,256.65,256.33,256.37,99311.0
12:07,256.48,256.49,256.35,256.35,64305.0
12:08,256.43,256.55,256.42,256.48,40996.0
12:09,256.46,256.5,256.36,256.42,29557.0
12:10,256.2,256.46,256.18,256.44,78117.0
12:11,256.1,256.2,256.04,256.2,47953.0
12:12,256.05,256.12,255.98,256.1,76730.0
12:13,255.99,256.08,255.98,256.08,68827.0
12:14,256.03,256.09,255.94,255.98,54312.0
12:15,256.08,256.08,255.98,256.01,54524.0
12:16,256.03,256.09,256.01,256.06,41081.0
12:17,256.01,256.06,255.97,256.05,50518.0
12:18,256.02,256.07,255.89,256.02,89815.0
12:19,256.01,256.02,255.94,256.01,34086.0
12:20,256.1,256.18,256.0,256.02,55886.0
12:21,256.36,256.4,256.08,256.09,50948.0
12:22,256.26,256.41,256.26,256.36,49370.0
12:23,256.35,256.36,256.23,256.25,32065.0
12:24,256.31,256.4,256.3,256.35,28173.0
12:25,256.36,256.49,256.32,256.32,43272.0
12:26,256.3,256.39,256.29,256.36,39589.0
12:27,256.17,256.32,256.17,256.3,43787.0
12:28,256.36,256.37,256.15,256.18,53293.0
12:29,256.34,256.42,256.3,256.39,51207.0
12:30,256.51,256.53,256.33,256.33,54487.0
12:31,256.44,256.58,256.43,256.49,64172.0
12:32,256.4,256.51,256.39,256.44,42356.0
12:33,256.43,256.46,256.38,256.41,32260.0
12:34,256.44,256.49,256.38,256.42,41367.0
12:35,256.57,256.57,256.42,256.46,43961.0
12:36,256.54,256.58,256.49,256.56,37912.0
12:37,256.59,256.64,256.54,256.54,46171.0
12:38,256.51,256.62,256.49,256.58,36965.0
12:39,256.45,256.52,256.43,256.5,54267.0
12:40,256.51,256.59,256.45,256.45,37248.0
12:41,256.53,256.55,256.49,256.52,52641.0
12:42,256.49,256.56,256.41,256.51,82064.0
12:43,256.64,256.64,256.46,256.51,83287.0
12:44,256.61,256.66,256.54,256.66,50956.0
12:45,256.59,256.65,256.55,256.59,32910.0
12:46,256.61,256.64,256.56,256.58,32987.0
12:47,256.56,256.62,256.55,256.61,20655.0
12:48,256.43,256.57,256.39,256.57,25010.0
12:49,256.31,256.48,256.3,256.43,31270.0
12:50,256.33,256.37,256.29,256.31,32365.0
12:51,256.28,256.38,256.25,256.33,41264.0
12:52,256.25,256.34,256.24,256.27,29279.0
12:53,256.21,256.28,256.2,256.25,31481.0
12:54,256.18,256.24,256.14,256.21,93330.0
12:55,256.15,256.26,256.14,256.19,48750.0
12:56,256.07,256.14,256.0,256.14,38608.0
12:57,256.05,256.07,255.98,256.05,27651.0
12:58,255.97,256.06,255.9,256.06,29794.0
12:59,256.08,256.09,255.96,255.99,20304.0
13:00,255.92,256.08,255.92,256.08,31009.0
13:01,255.96,256.05,255.89,255.91,51808.0
13:02,256.0,256.08,255.94,255.94,21030.0
13:03,256.05,256.08,255.93,256.0,28732.0
13:04,256.01,256.04,255.99,256.04,51700.0
13:05,256.06,256.12,255.98,256.0,49392.0
13:06,256.0,256.12,255.98,256.06,28685.0
13:07,256.02,256.04,255.93,256.01,18430.0
13:08,256.05,256.08,255.95,256.02,26446.0
13:09,256.1,256.13,256.02,256.04,27821.0
13:10,256.17,256.19,256.09,256.11,30085.0
13:11,256.11,256.22,256.08,256.17,28313.0
13:12,256.01,256.1,256.0,256.1,32611.0
13:13,256.01,256.02,255.96,256.0,26125.0
13:14,256.01,256.05,255.97,255.99,30919.0
13:15,256.07,256.18,256.02,256.02,24389.0
13:16,256.11,256.12,256.06,256.08,26860.0
13:17,255.98,256.11,255.95,256.11,31796.0
13:18,255.93,256.05,255.93,255.99,34818.0
13:19,255.88,255.93,255.82,255.92,34357.0
13:20,255.95,255.99,255.86,255.87,37140.0
13:21,255.97,256.03,255.96,255.96,53762.0
13:22,255.98,256.01,255.93,255.96,27888.0
13:23,255.96,256.01,255.95,255.98,37676.0
13:24,255.9,256.01,255.87,255.99,46806.0
13:25,255.82,255.94,255.77,255.89,51316.0
13:26,255.79,255.84,255.75,255.83,36106.0
13:27,255.85,255.93,255.79,255.79,41438.0
13:28,255.83,255.89,255.78,255.85,34668.0
13:29,255.89,255.89,255.82,255.83,37795.0
13:30,255.83,255.88,255.83,255.86,27988.0
13:31,255.85,255.87,255.8,255.83,34288.0
13:32,256.02,256.06,255.81,255.85,76100.0
13:33,255.91,256.03,255.9,256.0,32805.0
13:34,256.02,256.03,255.89,255.91,29394.0
13:35,256.03,256.05,255.96,256.02,25997.0
13:36,255.93,256.03,255.93,256.03,21373.0
13:37,255.91,255.98,255.87,255.9,38200.0
13:38,255.88,255.94,255.86,255.91,19925.0
13:39,255.95,255.96,255.83,255.89,23306.0
13:40,255.88,255.96,255.86,255.93,33843.0
13:41,255.9,255.91,255.86,255.89,29518.0
13:42,255.87,255.92,255.85,255.92,17073.0
13:43,255.88,255.92,255.84,255.88,30925.0
13:44,255.92,255.94,255.85,255.9,29377.0
13:45,255.92,255.93,255.85,255.93,19164.0
13:46,255.95,255.96,255.88,255.92,20052.0
13:47,256.02,256.04,255.94,255.94,23331.0
13:48,256.03,256.03,255.97,256.02,26930.0
13:49,256.03,256.05,256.0,256.04,23659.0
13:50,255.84,256.05,255.82,256.02,33080.0
13:51,255.76,255.85,255.71,255.84,45567.0
13:52,255.64,255.76,255.63,255.74,40487.0
13:53,255.67,255.67,255.56,255.63,46343.0
13:54,255.57,255.66,255.54,255.66,36675.0
13:55,255.53,255.58,255.43,255.58,53942.0
13:56,255.71,255.76,255.52,255.54,68035.0
13:57,255.87,255.88,255.73,255.73,37600.0
13:58,255.87,255.96,255.85,255.88,39284.0
13:59,255.84,255.9,255.84,255.86,35936.0
14:00,255.73,255.85,255.73,255.84,36156.0
14:01,255.74,255.83,255.71,255.74,40779.0
14:02,255.64,255.74,255.6,255.74,38927.0
14:03,255.64,255.66,255.57,255.64,45703.0
14:04,255.76,255.78,255.62,255.62,88910.0
14:05,255.82,255.86,255.73,255.76,33670.0
14:06,255.94,255.94,255.81,255.82,39445.0
14:07,256.0,256.01,255.93,255.95,28840.0
14:08,256.0,256.01,255.97,256.0,35932.0
14:09,255.97,256.03,255.97,256.0,42750.0
14:10,256.02,256.05,255.97,255.98,35160.0
14:11,256.07,256.07,255.98,256.02,47272.0
14:12,256.08,256.08,256.01,256.04,26416.0
14:13,256.12,256.12,256.01,256.07,27536.0
14:14,256.04,256.13,256.02,256.12,50529.0
14:15,256.08,256.08,256.0,256.02,32827.0
14:16,256.04,256.1,256.01,256.08,41330.0
14:17,256.01,256.05,255.99,256.05,45227.0
14:18,256.01,256.04,255.97,256.02,35271.0
14:19,256.05,256.07,256.0,256.0,38974.0
14:20,256.05,256.1,256.03,256.03,30705.0
14:21,256.08,256.08,256.04,256.05,32447.0
14:22,256.08,256.1,256.02,256.08,45767.0
14:23,256.05,256.11,256.03,256.08,31251.0
14:24,256.03,256.06,256.02,256.06,25556.0
14:25,256.08,256.11,256.01,256.04,101167.0
14:26,256.14,256.15,256.05,256.07,52628.0
14:27,256.08,256.14,256.07,256.14,24684.0
14:28,256.01,256.08,255.96,256.08,86614.0
14:29,256.07,256.08,255.99,255.99,31763.0
14:30,256.05,256.1,256.03,256.07,36426.0
14:31,256.03,256.06,256.01,256.06,28470.0
14:32,256.08,256.09,256.03,256.03,42859.0
14:33,256.07,256.11,256.05,256.08,25036.0
14:34,256.05,256.09,256.04,256.08,28360.0
14:35,256.11,256.12,256.05,256.05,31070.0
14:36,256.2,256.21,256.11,256.12,50977.0
14:37,256.13,256.18,256.12,256.18,24370.0
14:38,256.13,256.15,256.12,256.14,23081.0
14:39,256.15,256.2,256.14,256.14,31862.0
14:40,256.11,256.17,256.1,256.15,27006.0
14:41,256.09,256.12,256.08,256.11,27101.0
14:42,256.08,256.13,256.08,256.09,22553.0
14:43,256.07,256.08,256.05,256.07,31449.0
14:44,256.14,256.14,256.05,256.07,24379.0
14:45,256.13,256.2,256.13,256.14,40644.0
14:46,256.13,256.15,256.11,256.13,24499.0
14:47,256.08,256.14,256.04,256.12,48892.0
14:48,256.1,256.11,256.05,256.07,27047.0
14:49,256.08,256.11,256.07,256.11,19508.0
14:50,256.04,256.08,256.0,256.07,39123.0
14:51,256.03,256.08,256.03,256.05,25035.0
14:52,256.07,256.07,256.04,256.04,25800.0
14:53,256.1,256.14,256.05,256.05,35244.0
14:54,256.12,256.18,256.1,256.1,41582.0
14:55,256.07,256.13,256.04,256.12,52887.0
14:56,256.11,256.14,256.06,256.07,35590.0
14:57,256.11,256.15,256.1,256.13,43905.0
14:58,256.13,256.13,256.07,256.11,39477.0
14:59,256.15,256.16,256.11,256.12,28258.0
15:00,256.2,256.22,256.13,256.16,71301.0
15:01,256.24,256.3,256.2,256.2,66275.0
15:02,256.22,256.25,256.21,256.23,27552.0
15:03,256.2,256.25,256.19,256.21,33797.0
15:04,256.17,256.2,256.16,256.2,42481.0
15:05,256.18,256.2,256.14,256.18,43775.0
15:06,256.15,256.23,256.15,256.16,29309.0
15:07,256.16,256.17,256.07,256.15,44510.0
15:08,256.24,256.25,256.15,256.16,41576.0
15:09,256.21,256.26,256.21,256.24,39387.0
15:10,256.25,256.27,256.2,256.21,39980.0
15:11,256.22,256.25,256.22,256.24,35694.0
15:12,256.25,256.29,256.21,256.23,44956.0
15:13,256.25,256.3,256.23,256.24,43565.0
15:14,256.27,256.3,256.21,256.23,44929.0
15:15,256.26,256.29,256.25,256.28,30318.0
15:16,256.18,256.26,256.16,256.26,48863.0
15:17,256.07,256.18,256.06,256.18,54571.0
15:18,256.05,256.1,255.99,256.07,99534.0
15:19,256.02,256.08,255.99,256.04,45880.0
15:20,256.03,256.09,255.98,256.01,38085.0
15:21,256.01,256.05,256.01,256.02,33216.0
15:22,256.05,256.08,256.0,256.0,30244.0
15:23,256.01,256.08,256.01,256.04,30077.0
15:24,255.96,256.02,255.91,256.01,69714.0
15:25,255.97,255.99,255.94,255.96,30738.0
15:26,256.06,256.07,255.95,255.97,126857.0
15:27,256.0,256.07,255.99,256.07,29073.0
15:28,255.99,256.02,255.96,256.01,35630.0
15:29,256.02,256.04,255.98,255.99,27097.0
15:30,255.95,256.02,255.92,256.02,71433.0
15:31,255.98,256.04,255.93,255.94,81685.0
15:32,255.99,255.99,255.94,255.98,45408.0
15:33,256.05,256.07,255.96,255.99,52056.0
15:34,256.02,256.08,255.99,256.06,41816.0
15:35,256.06,256.09,255.98,256.02,69500.0
15:36,256.06,256.12,256.05,256.07,59350.0
15:37,256.1,256.12,256.05,256.05,73815.0
15:38,256.1,256.12,256.09,256.11,40045.0
15:39,256.08,256.1,256.07,256.1,52138.0
15:40,256.26,256.27,256.07,256.08,99396.0
15:41,256.3,256.31,256.25,256.27,59214.0
15:42,256.31,256.34,256.27,256.3,72418.0
15:43,256.52,256.52,256.32,256.32,204815.0
15:44,256.54,256.58,256.49,256.52,75169.0
15:45,256.52,256.61,256.52,256.54,91946.0
15:46,256.51,256.57,256.48,256.52,64351.0
15:47,256.54,256.55,256.51,256.52,54605.0
15:48,256.48,256.54,256.48,256.54,77653.0
15:49,256.44,256.48,256.41,256.48,90196.0
15:50,256.47,256.49,256.41,256.45,127653.0
15:51,256.51,256.55,256.45,256.46,137490.0
15:52,256.51,256.54,256.45,256.51,107059.0
15:53,256.4,256.59,256.39,256.5,124339.0
15:54,256.54,256.55,256.35,256.39,292391.0
15:55,256.35,256.62,256.35,256.55,158909.0
15:56,256.5,256.52,256.28,256.35,159112.0
15:57,256.29,256.52,256.27,256.51,213452.0
15:58,256.35,256.47,256.24,256.29,441764.0
15:59,256.49,256.51,256.32,256.34,739338.0
