Time,Close,High,Low,Open,Volume
09:30,273.32,273.44,270.81,270.81,1301096.0
09:31,273.38,273.64,272.85,273.35,322089.0
09:32,272.39,273.5,272.01,273.39,278804.0
09:33,272.64,273.19,272.35,272.35,178926.0
09:34,272.55,272.76,272.36,272.64,145848.0
09:35,273.11,273.37,272.55,272.55,168099.0
09:36,272.92,273.36,272.8,273.2,165779.0
09:37,272.25,273.05,272.19,272.91,98052.0
09:38,273.23,273.3,272.23,272.24,194710.0
09:39,273.42,273.58,273.11,273.36,223646.0
09:40,273.91,273.99,273.49,273.49,338485.0
09:41,273.85,274.37,273.54,273.95,299059.0
09:42,273.61,274.18,273.57,273.84,114001.0
09:43,274.24,274.29,273.5,273.59,175972.0
09:44,274.86,274.9,274.04,274.23,218032.0
09:45,274.9,275.08,274.7,274.85,297712.0
09:46,274.93,275.0,274.66,274.89,162116.0
09:47,275.28,275.28,274.76,274.86,152048.0
09:48,275.39,275.43,274.93,275.29,148466.0
09:49,275.05,275.39,274.9,275.37,94649.0
09:50,275.05,275.35,274.99,275.05,118493.0
09:51,275.01,275.42,274.95,275.01,88106.0
09:52,274.9,275.26,274.82,274.99,106755.0
09:53,274.95,275.16,274.9,274.92,95379.0
09:54,274.82,275.13,274.74,274.91,134799.0
09:55,274.47,274.79,274.38,274.77,125797.0
09:56,274.47,274.63,274.26,274.46,115182.0
09:57,274.33,274.43,274.17,274.43,67522.0
09:58,274.48,274.55,274.3,274.34,45899.0
09:59,274.94,275.0,274.41,274.41,115299.0
10:00,274.62,275.1,274.62,274.95,92764.0
10:01,274.78,274.84,274.62,274.62,51517.0
10:02,274.44,274.8,274.42,274.77,55857.0
10:03,274.5,274.68,274.17,274.43,60550.0
10:04,274.35,274.51,274.26,274.51,50602.0
10:05,274.24,274.45,274.14,274.36,78817.0
10:06,274.05,274.24,273.95,274.24,61487.0
10:07,273.79,274.04,273.7,274.03,60216.0
10:08,273.83,273.86,273.57,273.79,71446.0
10:09,273.89,273.92,273.67,273.82,49500.0
10:10,274.16,274.2,273.82,273.89,53139.0
10:11,273.92,274.2,273.88,274.15,46949.0
10:12,274.18,274.24,273.95,273.95,54677.0
10:13,274.12,274.25,274.11,274.19,58601.0
10:14,273.74,274.14,273.6,274.12,50657.0
10:15,273.48,273.75,273.35,273.74,105692.0
10:16,273.28,273.66,273.24,273.47,53313.0
10:17,273.35,273.4,273.16,273.28,67129.0
10:18,273.57,273.61,273.32,273.35,53044.0
10:19,273.45,273.72,273.42,273.52,41230.0
10:20,273.47,273.55,273.1,273.45,56668.0
10:21,273.55,273.58,273.4,273.47,71655.0
10:22,273.83,273.92,273.55,273.55,50746.0
10:23,274.09,274.09,273.72,273.78,49483.0
10:24,273.89,274.23,273.89,274.02,70059.0
10:25,273.96,273.96,273.75,273.87,73299.0
10:26,273.81,274.06,273.8,273.97,59371.0
10:27,273.9,274.04,273.77,273.81,39354.0
10:28,273.87,273.96,273.67,273.96,46672.0
10:29,273.9,273.95,273.7,273.9,44573.0
10:30,273.83,274.09,273.81,273.91,50779.0
10:31,274.25,274.34,273.76,273.85,98435.0
10:32,274.33,274.42,274.2,274.24,39747.0
10:33,274.27,274.32,274.09,274.32,84230.0
10:34,274.32,274.42,274.2,274.27,73190.0
10:35,274.45,274.48,274.23,274.3,40962.0
10:36,274.44,274.5,274.36,274.45,39429.0
10:37,274.6,274.73,274.36,274.45,72212.0
10:38,274.48,274.65,274.43,274.58,38685.0
10:39,274.44,274.59,274.37,274.49,34972.0
10:40,274.59,274.64,274.43,274.46,44482.0
10:41,274.24,274.59,274.22,274.59,51888.0
10:42,274.09,274.27,274.02,274.26,42339.0
10:43,274.07,274.13,273.97,274.07,31325.0
10:44,274.12,274.18,273.95,274.04,33857.0
10:45,274.27,274.32,274.06,274.16,30971.0
10:46,273.63,274.3,273.55,274.3,39830.0
10:47,273.75,273.82,273.55,273.64,35729.0
10:48,273.51,273.77,273.41,273.77,67445.0
10:49,273.58,273.69,273.45,273.52,37470.0
10:50,273.53,273.75,273.52,273.6,47430.0
10:51,273.37,273.54,273.35,273.54,39673.0
10:52,273.53,273.54,273.27,273.38,54726.0
10:53,273.41,273.65,273.41,273.51,38703.0
10:54,273.35,273.51,273.35,273.4,26495.0
10:55,273.4,273.51,273.19,273.37,46043.0
10:56,273.38,273.46,273.19,273.46,51902.0
10:57,273.61,273.64,273.37,273.37,50513.0
10:58,273.47,273.58,273.4,273.58,28857.0
10:59,273.54,273.55,273.25,273.46,45696.0
11:00,273.3,273.6,273.19,273.6,37029.0
11:01,273.15,273.32,273.08,273.32,36352.0
11:02,273.39,273.43,273.16,273.18,31387.0
11:03,273.18,273.41,273.16,273.36,56459.0
11:04,272.99,273.19,272.95,273.19,61243.0
11:05,272.98,273.02,272.83,272.98,48373.0
11:06,273.06,273.17,272.9,272.96,36892.0
11:07,272.85,273.05,272.85,273.03,40611.0
11:08,272.75,272.93,272.74,272.84,36523.0
11:09,272.79,272.81,272.7,272.74,34570.0
11:10,272.83,272.93,272.69,272.79,53371.0
11:11,272.92,272.96,272.68,272.78,24056.0
11:12,272.59,272.94,272.55,272.94,33609.0
11:13,272.67,272.67,272.51,272.58,39935.0
11:14,272.47,272.7,272.45,272.68,38656.0
11:15,272.34,272.47,272.17,272.47,62424.0
11:16,272.27,272.46,272.03,272.35,70937.0
11:17,272.31,272.32,272.06,272.27,47395.0
11:18,272.1,272.49,272.07,272.35,48459.0
11:19,272.11,272.16,271.88,272.14,54587.0
11:20,272.07,272.3,272.04,272.09,36400.0
11:21,272.14,272.3,272.02,272.08,40621.0
11:22,272.0,272.2,271.9,272.1,56742.0
11:23,271.9,272.03,271.68,272.0,44612.0
11:24,271.94,272.07,271.79,271.95,44624.0
11:25,272.34,272.38,271.62,271.93,105601.0
11:26,272.19,272.42,272.13,272.31,58013.0
11:27,272.38,272.4,272.12,272.18,45529.0
11:28,272.17,272.5,272.17,272.32,52872.0
11:29,271.78,272.2,271.71,272.2,61028.0
11:30,271.71,271.78,271.5,271.78,52624.0
11:31,271.33,271.71,271.17,271.69,57172.0
11:32,271.37,271.44,271.23,271.37,54288.0
11:33,271.46,271.53,271.33,271.36,34722.0
11:34,271.25,271.55,271.11,271.46,51614.0
11:35,271.08,271.38,270.97,271.22,71993.0
11:36,271.19,271.25,270.96,271.08,62558.0
11:37,271.16,271.27,271.06,271.17,41633.0
11:38,271.02,271.21,270.9,271.15,64219.0
11:39,271.33,271.48,271.04,271.05,54186.0
11:40,271.01,271.34,270.89,271.34,50353.0
11:41,271.0,271.2,270.81,271.04,46464.0
11:42,270.86,271.09,270.8,271.01,48828.0
11:43,271.19,271.26,270.91,270.91,58828.0
11:44,270.8,271.28,270.69,271.18,45060.0
11:45,270.86,270.99,270.55,270.8,38172.0
11:46,270.65,270.84,270.43,270.84,41203.0
11:47,270.61,270.66,270.39,270.61,108333.0
11:48,270.81,270.83,270.48,270.55,34343.0
11:49,270.61,270.92,270.38,270.78,39388.0
11:50,270.68,270.75,270.53,270.59,30798.0
11:51,271.09,271.1,270.46,270.66,66315.0
11:52,270.75,271.09,270.75,271.07,61094.0
11:53,270.66,271.0,270.65,270.75,35266.0
11:54,270.23,270.69,270.04,270.64,55654.0
11:55,269.85,270.28,269.8,270.28,79588.0
11:56,269.67,269.93,269.63,269.84,73663.0
11:57,269.67,269.82,269.53,269.64,77730.0
11:58,269.51,269.65,269.09,269.65,126614.0
11:59,269.35,269.5,269.0,269.5,83736.0
12:00,269.31,269.86,269.07,269.32,92537.0
12:01,269.76,269.76,269.04,269.29,47269.0
12:02,269.5,269.8,269.43,269.72,53656.0
12:03,269.27,269.94,269.2,269.53,59546.0
12:04,269.53,269.62,269.29,269.33,67799.0
12:05,269.18,269.58,269.14,269.51,48779.0
12:06,269.01,269.29,268.99,269.17,47721.0
12:07,269.0,269.11,268.51,269.05,130970.0
12:08,269.7,270.0,268.82,268.96,148114.0
12:09,269.33,269.67,269.21,269.67,46741.0
12:10,269.1,269.28,268.94,269.23,96265.0
12:11,268.64,269.18,268.55,269.11,61511.0
12:12,268.92,269.01,268.44,268.7,83900.0
12:13,268.64,269.02,268.59,268.95,75995.0
12:14,269.03,269.35,268.6,268.6,118143.0
12:15,268.52,269.02,268.35,269.02,59791.0
12:16,268.15,268.56,268.07,268.53,57676.0
12:17,268.27,268.51,268.05,268.17,96615.0
12:18,268.48,268.6,268.21,268.27,85708.0
12:19,268.77,269.06,268.48,268.48,78830.0
12:20,268.49,268.81,268.21,268.71,85371.0
12:21,268.98,268.98,268.41,268.49,96979.0
12:22,268.81,269.14,268.6,268.92,59436.0
12:23,268.98,269.07,268.76,268.76,43326.0
12:24,268.69,269.12,268.64,268.98,135019.0
12:25,268.72,268.72,268.4,268.67,54888.0
12:26,269.25,269.37,268.67,268.72,94411.0
12:27,269.03,269.44,268.82,269.22,85293.0
12:28,269.02,269.19,268.91,269.07,39253.0
12:29,268.94,269.1,268.79,268.99,58125.0
12:30,269.06,269.25,268.83,268.87,50864.0
12:31,268.64,269.09,268.6,269.05,38810.0
12:32,268.64,269.0,268.57,268.72,39586.0
12:33,268.7,268.91,268.47,268.64,33368.0
12:34,268.64,268.76,268.54,268.69,45021.0
12:35,268.32,268.7,268.18,268.67,58030.0
12:36,268.5,268.57,268.13,268.33,78104.0
12:37,268.54,268.78,268.34,268.51,90265.0
12:38,269.0,269.05,268.45,268.5,72038.0
12:39,268.87,269.06,268.87,268.98,55200.0
12:40,268.74,268.93,268.52,268.85,51318.0
12:41,268.63,268.89,268.57,268.75,30666.0
12:42,268.55,268.73,268.49,268.65,32492.0
12:43,268.28,268.57,268.26,268.51,37028.0
12:44,268.16,268.35,268.14,268.28,33325.0
12:45,268.21,268.39,268.03,268.14,41361.0
12:46,268.47,268.5,268.07,268.2,46575.0
12:47,268.46,268.69,268.35,268.47,45958.0
12:48,268.27,268.66,268.08,268.5,37510.0
12:49,268.08,268.46,268.05,268.29,39674.0
12:50,268.27,268.41,267.93,268.06,71971.0
12:51,268.29,268.41,268.1,268.24,30521.0
12:52,267.87,268.43,267.86,268.29,55635.0
12:53,267.52,267.99,267.52,267.85,45143.0
12:54,267.42,267.64,267.34,267.55,52324.0
12:55,267.37,267.43,267.14,267.42,87025.0
12:56,267.17,267.47,267.06,267.39,61652.0
12:57,267.14,267.36,267.02,267.2,93089.0
12:58,267.43,267.49,267.13,267.14,45791.0
12:59,267.52,267.67,267.34,267.43,71530.0
13:00,267.68,267.75,267.31,267.51,72548.0
13:01,267.45,267.79,267.35,267.66,63509.0
13:02,267.67,267.8,267.42,267.42,37388.0
13:03,267.67,267.93,267.5,267.64,50995.0
13:04,267.63,267.84,267.61,267.7,52623.0
13:05,267.76,267.91,267.58,267.66,54074.0
13:06,267.88,267.92,267.72,267.76,55309.0
13:07,267.76,267.92,267.74,267.87,38620.0
13:08,267.93,268.05,267.79,267.79,43898.0
13:09,268.27,268.31,267.92,267.92,54045.0
13:10,268.44,268.44,268.15,268.28,70521.0
13:11,268.62,268.63,268.37,268.45,46198.0
13:12,268.75,268.84,268.6,268.6,60598.0
13:13,268.89,269.04,268.74,268.77,72280.0
13:14,269.16,269.17,268.91,268.94,53880.0
13:15,268.86,269.21,268.81,269.18,56664.0
13:16,268.31,268.98,268.22,268.87,57980.0
13:17,268.2,268.5,268.2,268.33,49757.0
13:18,268.17,268.24,268.05,268.22,61659.0
13:19,268.61,268.69,268.17,268.2,46523.0
13:20,268.72,268.82,268.56,268.62,37200.0
13:21,268.33,268.9,268.32,268.73,40237.0
13:22,268.53,268.57,268.25,268.32,30343.0
13:23,268.59,268.64,268.41,268.61,38800.0
13:24,268.38,268.69,268.28,268.6,35833.0
13:25,268.6,268.6,268.28,268.35,27194.0
13:26,268.47,268.67,268.46,268.56,22117.0
13:27,268.5,268.61,268.34,268.51,22339.0
13:28,268.68,268.82,268.35,268.45,21317.0
13:29,268.81,268.96,268.63,268.67,35614.0
13:30,268.74,268.85,268.62,268.79,22037.0
13:31,268.82,268.86,268.66,268.86,21265.0
13:32,268.31,268.93,268.31,268.82,38724.0
13:33,268.25,268.42,268.13,268.36,32771.0
13:34,268.59,268.61,268.14,268.23,31137.0
13:35,268.39,268.59,268.36,268.56,33935.0
13:36,268.21,268.41,268.15,268.39,26290.0
13:37,268.08,268.3,268.06,268.18,18325.0
13:38,267.73,268.2,267.62,268.08,40664.0
13:39,267.8,267.81,267.57,267.75,29536.0
13:40,267.7,267.82,267.68,267.76,22331.0
13:41,267.79,267.82,267.59,267.7,43506.0
13:42,267.64,267.88,267.6,267.86,21975.0
13:43,267.59,267.65,267.45,267.59,34055.0
13:44,267.46,267.63,267.44,267.63,27952.0
13:45,267.41,267.56,267.35,267.45,30945.0
13:46,267.05,267.49,267.05,267.37,42947.0
13:47,267.27,267.4,267.05,267.05,45988.0
13:48,267.2,267.26,267.08,267.25,28161.0
13:49,267.11,267.33,267.1,267.2,29083.0
13:50,266.69,267.12,266.59,267.12,54150.0
13:51,266.86,266.97,266.68,266.7,32658.0
13:52,266.88,266.94,266.75,266.87,34145.0
13:53,266.86,267.08,266.83,266.87,45603.0
13:54,266.98,267.05,266.84,266.87,23665.0
13:55,267.03,267.06,266.86,266.96,48405.0
13:56,267.01,267.18,266.97,267.04,60951.0
13:57,266.56,267.05,266.52,267.02,146907.0
13:58,267.13,267.19,266.54,266.54,86403.0
13:59,266.94,267.28,266.91,267.12,76736.0
14:00,266.86,267.02,266.86,266.98,41511.0
14:01,266.83,266.93,266.73,266.86,35443.0
14:02,266.84,267.07,266.77,266.83,20833.0
14:03,266.73,266.86,266.69,266.83,35873.0
14:04,266.73,266.91,266.66,266.73,51840.0
14:05,266.88,266.91,266.57,266.76,40166.0
14:06,266.67,266.92,266.65,266.92,22591.0
14:07,266.57,266.74,266.48,266.7,32615.0
14:08,266.61,266.73,266.36,266.58,40371.0
14:09,266.96,266.98,266.53,266.6,44063.0
14:10,266.94,267.14,266.74,267.01,46797.0
14:11,267.04,267.1,266.89,266.97,48583.0
14:12,266.73,267.08,266.6,267.05,33938.0
14:13,266.85,266.95,266.71,266.74,25749.0
14:14,266.9,267.0,266.75,266.81,60444.0
14:15,266.93,266.96,266.74,266.89,22408.0
14:16,266.83,267.0,266.83,266.92,36167.0
14:17,267.41,267.42,266.76,266.81,48518.0
14:18,267.3,267.52,267.23,267.41,34861.0
14:19,267.05,267.4,266.98,267.34,57333.0
14:20,267.4,267.5,267.08,267.08,55881.0
14:21,267.49,267.51,267.25,267.39,33552.0
14:22,267.26,267.49,267.26,267.48,30765.0
14:23,267.32,267.47,267.24,267.3,36847.0
14:24,266.99,267.32,266.95,267.31,21626.0
14:25,267.58,267.58,266.98,266.98,29685.0
14:26,267.43,267.59,267.35,267.56,43330.0
14:27,267.69,267.73,267.44,267.46,38661.0
14:28,267.85,267.93,267.67,267.7,38333.0
14:29,267.8,268.07,267.79,267.83,52355.0
14:30,267.39,267.78,267.32,267.78,43092.0
14:31,267.26,267.46,267.12,267.41,39962.0
14:32,267.13,267.29,267.02,267.26,24047.0
14:33,267.19,267.36,267.12,267.13,28840.0
14:34,267.3,267.3,267.04,267.22,21565.0
14:35,267.34,267.5,267.21,267.3,27206.0
14:36,267.26,267.52,267.23,267.33,18032.0
14:37,267.3,267.52,267.26,267.28,27131.0
14:38,267.05,267.34,267.03,267.28,27165.0
14:39,267.07,267.15,267.05,267.07,15098.0
14:40,267.11,267.2,267.02,267.06,40854.0
14:41,267.25,267.31,267.06,267.14,26035.0
14:42,267.69,267.73,267.18,267.27,36074.0
14:43,267.28,267.8,267.28,267.73,32886.0
14:44,267.54,267.59,267.25,267.29,32633.0
14:45,267.38,267.59,267.31,267.55,18474.0
14:46,267.18,267.44,267.14,267.39,25372.0
14:47,267.36,267.43,267.16,267.2,19029.0
14:48,267.38,267.46,267.3,267.38,18698.0
14:49,267.33,267.37,267.22,267.36,19175.0
14:50,267.52,267.59,267.36,267.36,22448.0
14:51,267.53,267.55,267.32,267.55,17845.0
14:52,267.55,267.58,267.35,267.48,26081.0
14:53,267.55,267.63,267.44,267.57,20005.0
14:54,267.69,267.81,267.6,267.61,32537.0
14:55,267.86,267.9,267.66,267.69,42851.0
14:56,267.55,267.82,267.47,267.82,31341.0
14:57,267.85,267.88,267.55,267.55,37780.0
14:58,267.8,267.91,267.78,267.81,47568.0
14:59,267.8,267.89,267.75,267.79,39645.0
15:00,267.68,267.88,267.5,267.81,67978.0
15:01,267.28,267.7,267.22,267.7,35664.0
15:02,267.09,267.26,267.08,267.2,27721.0
15:03,267.2,267.29,267.05,267.08,35051.0
15:04,267.15,267.44,267.1,267.21,36700.0
15:05,267.32,267.4,267.07,267.09,33462.0
15:06,267.51,267.6,267.29,267.33,35786.0
15:07,267.49,267.53,267.38,267.5,37607.0
15:08,267.52,267.63,267.45,267.51,23854.0
15:09,267.46,267.53,267.42,267.52,37353.0
15:10,267.42,267.49,267.26,267.48,38229.0
15:11,267.2,267.42,267.14,267.42,30223.0
15:12,267.28,267.39,267.19,267.19,37450.0
15:13,267.23,267.38,267.22,267.29,42275.0
15:14,267.42,267.45,267.25,267.26,35698.0
15:15,267.66,267.69,267.34,267.41,46707.0
15:16,267.63,267.77,267.54,267.67,23439.0
15:17,267.57,267.69,267.5,267.65,49433.0
15:18,267.51,267.71,267.45,267.56,64453.0
15:19,267.49,267.59,267.43,267.5,42576.0
15:20,267.67,267.68,267.48,267.48,49327.0
15:21,267.69,267.81,267.66,267.68,55979.0
15:22,267.61,267.7,267.45,267.66,47002.0
15:23,267.28,267.62,267.26,267.62,28268.0
15:24,267.23,267.31,267.17,267.27,41442.0
15:25,267.26,267.34,267.16,267.24,48531.0
15:26,267.01,267.26,267.0,267.26,43359.0
15:27,267.26,267.3,267.01,267.02,52744.0
15:28,267.43,267.46,267.22,267.27,51653.0
15:29,267.32,267.43,267.29,267.41,35015.0
15:30,267.35,267.47,267.28,267.32,50323.0
15:31,267.35,267.58,267.31,267.37,46598.0
15:32,267.21,267.33,267.1,267.33,44127.0
15:33,267.2,267.4,267.11,267.21,44942.0
15:34,267.13,267.25,267.05,267.18,34618.0
15:35,266.96,267.19,266.85,267.13,51956.0
15:36,267.16,267.19,266.89,266.96,75630.0
15:37,267.14,267.25,267.06,267.16,61888.0
15:38,266.84,267.13,266.83,267.13,46713.0
15:39,266.68,266.88,266.63,266.84,74262.0
15:40,266.66,267.0,266.66,266.67,114035.0
15:41,266.54,266.64,266.38,266.64,70198.0
15:42,266.56,266.73,266.42,266.5,95463.0
15:43,266.57,266.6,266.48,266.57,67442.0
15:44,266.6,266.71,266.53,266.56,74309.0
15:45,266.78,266.83,266.55,266.6,75401.0
15:46,266.4,266.77,266.36,266.77,55100.0
15:47,266.41,266.51,266.39,266.4,66054.0
15:48,266.51,266.57,266.38,266.41,56785.0
15:49,266.41,266.63,266.39,266.51,79966.0
15:50,266.55,266.78,266.44,266.44,113806.0
15:51,266.34,266.55,266.15,266.55,113224.0
15:52,265.99,266.34,265.93,266.34,212511.0
15:53,266.24,266.32,265.92,265.99,161936.0
15:54,266.26,266.33,266.07,266.24,142714.0
15:55,266.38,266.84,266.05,266.23,173764.0
15:56,266.23,266.45,266.22,266.38,144492.0
15:57,266.45,266.71,266.21,266.25,169285.0
15:58,266.24,266.51,266.16,266.48,307883.0
15:59,266.38,266.41,265.99,266.25,664161.0
