Time,Close,High,Low,Open,Volume
09:30,273.21,273.55,271.8,271.99,1967497.0
09:31,273.45,273.85,273.0,273.27,366325.0
09:32,273.61,274.14,273.41,273.44,372975.0
09:33,272.53,273.7,272.32,273.62,338709.0
09:34,271.36,272.58,271.24,272.54,244499.0
09:35,271.13,271.4,270.65,271.4,276736.0
09:36,271.11,271.38,270.98,271.13,124862.0
09:37,271.06,271.32,270.87,271.05,122329.0
09:38,271.04,271.41,270.94,271.05,95969.0
09:39,271.24,271.4,271.0,271.0,87660.0
09:40,271.41,271.55,271.09,271.22,99919.0
09:41,271.18,271.73,271.14,271.41,108150.0
09:42,271.21,271.4,271.15,271.22,91815.0
09:43,270.93,271.28,270.77,271.15,140183.0
09:44,271.21,271.34,270.61,270.87,186328.0
09:45,270.98,271.23,270.85,271.22,93915.0
09:46,270.92,271.14,270.83,271.01,79686.0
09:47,271.46,271.5,270.89,270.92,90865.0
09:48,271.33,271.71,271.32,271.5,120369.0
09:49,271.32,271.49,271.26,271.4,69244.0
09:50,271.76,271.87,271.29,271.3,133374.0
09:51,271.52,271.86,271.51,271.76,88505.0
09:52,271.35,271.66,271.35,271.52,105592.0
09:53,271.31,271.38,271.04,271.36,89287.0
09:54,271.4,271.57,271.12,271.32,81293.0
09:55,271.26,271.43,271.23,271.4,76010.0
09:56,271.55,271.62,271.23,271.27,80463.0
09:57,271.3,271.6,271.27,271.56,102895.0
09:58,271.17,271.41,271.05,271.3,61745.0
09:59,271.06,271.33,270.99,271.22,62821.0
10:00,270.97,271.38,270.88,271.11,122119.0
10:01,270.8,271.04,270.7,271.0,72842.0
10:02,270.6,270.9,270.57,270.81,94734.0
10:03,270.67,270.81,270.61,270.62,127650.0
10:04,270.32,270.81,270.3,270.66,88716.0
10:05,270.74,270.8,270.23,270.27,68580.0
10:06,270.75,270.83,270.52,270.73,71260.0
10:07,270.62,270.79,270.61,270.77,56929.0
10:08,270.3,270.71,270.21,270.66,86564.0
10:09,270.17,270.38,270.14,270.3,80703.0
10:10,270.35,270.38,270.13,270.21,67421.0
10:11,270.26,270.54,270.24,270.36,102049.0
10:12,270.47,270.54,270.25,270.25,68661.0
10:13,270.32,270.42,270.01,270.42,93979.0
10:14,270.29,270.4,270.24,270.32,55000.0
10:15,270.13,270.39,269.96,270.31,131587.0
10:16,270.24,270.24,270.1,270.13,49462.0
10:17,270.28,270.44,270.22,270.23,65704.0
10:18,270.38,270.51,270.22,270.25,63409.0
10:19,270.23,270.44,270.18,270.39,47854.0
10:20,269.9,270.26,269.86,270.23,93799.0
10:21,270.2,270.31,269.88,269.88,91272.0
10:22,270.15,270.42,270.14,270.22,46740.0
10:23,269.68,270.12,269.68,270.12,77883.0
10:24,269.45,269.68,269.39,269.67,91492.0
10:25,269.28,269.48,269.13,269.43,134284.0
10:26,269.47,269.49,269.27,269.28,69856.0
10:27,269.58,269.64,269.42,269.43,90137.0
10:28,269.3,269.58,269.27,269.55,41539.0
10:29,269.09,269.33,268.99,269.33,75595.0
10:30,269.32,269.47,269.03,269.09,100963.0
10:31,269.48,269.5,269.16,269.3,58011.0
10:32,269.61,269.62,269.44,269.51,82452.0
10:33,269.52,269.71,269.51,269.61,52296.0
10:34,269.42,269.63,269.36,269.52,76292.0
10:35,269.42,269.52,269.37,269.46,56035.0
10:36,269.49,269.62,269.4,269.43,46946.0
10:37,269.43,269.54,269.23,269.52,61568.0
10:38,269.2,269.43,269.18,269.41,35398.0
10:39,269.1,269.23,269.08,269.19,30256.0
10:40,269.42,269.46,269.11,269.11,41062.0
10:41,269.59,269.75,269.35,269.39,65695.0
10:42,269.52,269.75,269.39,269.59,74935.0
10:43,269.62,269.68,269.5,269.53,73074.0
10:44,269.57,269.64,269.52,269.63,49761.0
10:45,269.3,269.62,269.3,269.55,56795.0
10:46,269.27,269.51,269.17,269.36,50759.0
10:47,269.13,269.37,269.12,269.27,54070.0
10:48,269.11,269.19,269.05,269.12,50473.0
10:49,269.31,269.37,269.09,269.12,41567.0
10:50,269.13,269.38,269.08,269.33,35912.0
10:51,269.0,269.23,269.0,269.14,57970.0
10:52,268.91,269.1,268.83,269.04,75385.0
10:53,268.58,268.95,268.55,268.93,80191.0
10:54,268.91,268.96,268.48,268.57,85714.0
10:55,268.97,269.06,268.8,268.92,92477.0
10:56,268.75,268.93,268.75,268.93,34050.0
10:57,268.83,268.99,268.74,268.79,57942.0
10:58,268.86,268.91,268.82,268.84,28331.0
10:59,268.9,268.94,268.73,268.86,39302.0
11:00,268.95,269.11,268.89,268.9,55083.0
11:01,269.18,269.21,268.93,268.97,61256.0
11:02,269.39,269.41,269.18,269.2,77506.0
11:03,269.75,269.76,269.38,269.43,93986.0
11:04,269.7,269.79,269.63,269.75,67399.0
11:05,269.79,269.79,269.56,269.69,61615.0
11:06,269.64,269.83,269.61,269.8,89123.0
11:07,269.89,269.97,269.59,269.65,88583.0
11:08,270.11,270.12,269.85,269.91,79180.0
11:09,270.4,270.4,270.1,270.12,75738.0
11:10,270.42,270.46,270.36,270.42,55834.0
11:11,270.4,270.51,270.36,270.42,66068.0
11:12,270.49,270.51,270.26,270.41,58577.0
11:13,270.68,270.68,270.45,270.49,83003.0
11:14,270.92,270.93,270.55,270.67,95337.0
11:15,270.61,270.95,270.59,270.9,102450.0
11:16,270.83,270.89,270.58,270.61,98958.0
11:17,270.78,270.93,270.77,270.8,69529.0
11:18,270.97,270.97,270.76,270.76,67636.0
11:19,270.96,270.98,270.82,270.95,64871.0
11:20,271.12,271.13,270.88,270.98,95828.0
11:21,270.96,271.17,270.95,271.13,86725.0
11:22,270.98,271.06,270.82,270.97,68757.0
11:23,270.87,271.04,270.87,270.98,87071.0
11:24,270.64,270.91,270.54,270.9,94755.0
11:25,270.76,270.8,270.58,270.64,50035.0
11:26,270.72,270.89,270.67,270.72,43180.0
11:27,270.75,270.8,270.65,270.71,31162.0
11:28,270.74,270.77,270.67,270.75,31474.0
11:29,270.79,270.8,270.7,270.73,40343.0
11:30,270.72,270.84,270.66,270.78,48000.0
11:31,270.66,270.77,270.64,270.73,65151.0
11:32,270.49,270.73,270.45,270.66,41544.0
11:33,270.5,270.57,270.48,270.51,32627.0
11:34,270.54,270.57,270.48,270.5,27650.0
11:35,270.79,270.9,270.54,270.55,61396.0
11:36,270.74,270.92,270.73,270.79,67484.0
11:37,270.72,270.79,270.67,270.7,26929.0
11:38,270.49,270.7,270.43,270.69,146361.0
11:39,270.55,270.55,270.43,270.49,32467.0
11:40,270.46,270.56,270.35,270.56,39750.0
11:41,270.43,270.46,270.26,270.46,34481.0
11:42,270.67,270.7,270.41,270.45,53837.0
11:43,270.64,270.72,270.6,270.68,37682.0
11:44,270.75,270.76,270.58,270.63,42315.0
11:45,270.9,270.95,270.71,270.75,53287.0
11:46,270.71,270.94,270.63,270.9,49799.0
11:47,270.7,270.75,270.58,270.69,88986.0
11:48,270.91,270.95,270.67,270.68,38083.0
11:49,270.92,271.04,270.85,270.9,61332.0
11:50,271.07,271.07,270.88,270.89,36315.0
11:51,271.14,271.19,271.05,271.08,97137.0
11:52,271.22,271.22,271.14,271.14,37835.0
11:53,271.4,271.42,271.23,271.23,81964.0
11:54,271.49,271.55,271.38,271.39,98633.0
11:55,271.63,271.64,271.46,271.5,56088.0
11:56,271.64,271.75,271.57,271.62,124790.0
11:57,271.38,271.65,271.38,271.63,83628.0
11:58,271.37,271.43,271.31,271.38,59822.0
11:59,271.17,271.42,271.14,271.38,75398.0
12:00,271.34,271.38,271.17,271.17,53810.0
12:01,271.55,271.55,271.32,271.32,96311.0
12:02,271.48,271.56,271.43,271.54,65673.0
12:03,271.44,271.51,271.34,271.47,56698.0
12:04,271.62,271.8,271.45,271.45,86035.0
12:05,271.74,271.79,271.59,271.63,49787.0
12:06,271.57,271.75,271.52,271.73,59239.0
12:07,271.82,271.84,271.59,271.59,76117.0
12:08,271.67,271.91,271.59,271.83,74250.0
12:09,271.56,271.7,271.53,271.69,45937.0
12:10,271.79,271.79,271.57,271.57,39198.0
12:11,271.74,271.88,271.7,271.8,90644.0
12:12,271.59,271.79,271.57,271.75,68679.0
12:13,271.92,271.92,271.56,271.6,65104.0
12:14,271.96,271.97,271.8,271.91,93384.0
12:15,271.88,271.97,271.82,271.96,57286.0
12:16,271.93,271.94,271.81,271.87,52486.0
12:17,271.93,271.96,271.89,271.93,44927.0
12:18,271.92,271.99,271.83,271.93,99990.0
12:19,272.02,272.11,271.9,271.94,144891.0
12:20,272.13,272.2,271.99,272.02,90471.0
12:21,272.05,272.17,272.0,272.11,74714.0
12:22,272.04,272.07,271.98,272.07,57855.0
12:23,272.09,272.1,271.94,272.05,44656.0
12:24,272.27,272.28,272.09,272.1,82683.0
12:25,272.21,272.28,272.18,272.26,47998.0
12:26,272.24,272.28,272.12,272.22,55916.0
12:27,272.23,272.31,272.2,272.23,55633.0
12:28,272.3,272.39,272.26,272.26,76796.0
12:29,272.01,272.32,272.01,272.3,61847.0
12:30,271.86,272.07,271.86,272.0,50404.0
12:31,271.82,271.91,271.76,271.86,75704.0
12:32,271.85,271.88,271.7,271.83,60999.0
12:33,271.75,271.85,271.67,271.85,44437.0
12:34,271.7,271.78,271.65,271.75,59435.0
12:35,271.62,271.71,271.56,271.68,47688.0
12:36,271.62,271.72,271.57,271.61,54228.0
12:37,271.51,271.68,271.46,271.64,51742.0
12:38,271.67,271.67,271.44,271.48,51660.0
12:39,271.73,271.74,271.62,271.65,50314.0
12:40,271.71,271.84,271.71,271.74,54731.0
12:41,271.82,271.86,271.68,271.72,36060.0
12:42,271.83,271.87,271.8,271.82,31172.0
12:43,271.79,271.86,271.72,271.81,33177.0
12:44,271.82,271.82,271.72,271.8,48313.0
12:45,271.86,271.92,271.76,271.82,39241.0
12:46,271.76,271.87,271.73,271.86,54665.0
12:47,271.39,271.76,271.35,271.75,112073.0
12:48,271.33,271.42,271.31,271.39,30512.0
12:49,271.43,271.48,271.33,271.33,35873.0
12:50,271.46,271.5,271.41,271.44,52609.0
12:51,271.41,271.46,271.34,271.46,30260.0
12:52,271.43,271.48,271.38,271.39,28167.0
12:53,271.42,271.44,271.32,271.43,26031.0
12:54,271.45,271.51,271.39,271.44,27053.0
12:55,271.48,271.54,271.43,271.44,32516.0
12:56,271.53,271.57,271.48,271.48,27174.0
12:57,271.34,271.52,271.31,271.52,36601.0
12:58,271.29,271.38,271.25,271.32,33738.0
12:59,271.3,271.3,271.26,271.29,23915.0
13:00,271.2,271.34,271.16,271.31,34103.0
13:01,271.27,271.3,271.21,271.22,23048.0
13:02,271.36,271.37,271.25,271.28,45247.0
13:03,271.31,271.35,271.27,271.34,20403.0
13:04,271.36,271.44,271.3,271.31,35734.0
13:05,271.21,271.38,271.2,271.38,37101.0
13:06,271.14,271.24,271.08,271.2,41398.0
13:07,271.23,271.24,271.15,271.15,24724.0
13:08,271.3,271.33,271.18,271.21,25695.0
13:09,271.27,271.43,271.25,271.31,40828.0
13:10,271.13,271.27,271.12,271.27,39165.0
13:11,271.13,271.17,271.05,271.12,36665.0
13:12,271.17,271.18,271.04,271.12,32858.0
13:13,271.4,271.41,271.17,271.18,39478.0
13:14,271.39,271.44,271.36,271.38,31239.0
13:15,271.36,271.43,271.36,271.39,24813.0
13:16,271.35,271.37,271.3,271.36,33218.0
13:17,271.41,271.45,271.34,271.36,26677.0
13:18,271.38,271.5,271.37,271.44,32906.0
13:19,271.42,271.45,271.34,271.38,29150.0
13:20,271.31,271.49,271.29,271.43,47208.0
13:21,271.32,271.35,271.19,271.3,48169.0
13:22,271.33,271.41,271.28,271.35,27039.0
13:23,271.41,271.41,271.26,271.32,22607.0
13:24,271.47,271.55,271.38,271.42,32375.0
13:25,271.66,271.67,271.47,271.48,46880.0
13:26,271.67,271.71,271.61,271.66,41109.0
13:27,271.83,271.83,271.67,271.67,56641.0
13:28,271.96,271.97,271.79,271.84,38106.0
13:29,271.95,271.98,271.89,271.95,54472.0
13:30,271.79,271.99,271.74,271.95,90529.0
13:31,271.61,271.8,271.57,271.79,58683.0
13:32,271.73,271.75,271.57,271.61,22529.0
13:33,271.64,271.76,271.63,271.74,34048.0
13:34,271.67,271.69,271.57,271.64,27142.0
13:35,271.45,271.68,271.43,271.65,35780.0
13:36,271.43,271.53,271.36,271.46,36316.0
13:37,271.33,271.47,271.3,271.43,27123.0
13:38,271.35,271.39,271.31,271.36,30251.0
13:39,271.39,271.4,271.34,271.36,30177.0
13:40,271.37,271.41,271.36,271.4,39126.0
13:41,271.38,271.42,271.36,271.38,22728.0
13:42,271.35,271.37,271.28,271.36,32568.0
13:43,271.38,271.43,271.31,271.35,38219.0
13:44,271.42,271.45,271.38,271.39,29631.0
13:45,271.57,271.57,271.4,271.41,71141.0
13:46,271.7,271.71,271.52,271.55,50880.0
13:47,271.62,271.75,271.61,271.7,49199.0
13:48,271.65,271.74,271.62,271.64,66235.0
13:49,271.67,271.68,271.63,271.66,31727.0
13:50,271.71,271.73,271.61,271.67,81147.0
13:51,271.65,271.77,271.65,271.71,60974.0
13:52,271.7,271.73,271.64,271.64,28089.0
13:53,271.77,271.8,271.69,271.71,50438.0
13:54,271.83,271.88,271.68,271.77,46413.0
13:55,271.85,271.93,271.82,271.85,46926.0
13:56,271.97,271.98,271.83,271.84,40478.0
13:57,271.99,272.07,271.97,271.98,105301.0
13:58,271.98,272.06,271.96,271.99,67147.0
13:59,272.0,272.03,271.92,271.98,76985.0
14:00,272.02,272.03,271.96,272.0,80314.0
14:01,272.09,272.11,271.99,272.03,78389.0
14:02,271.98,272.11,271.96,272.1,72906.0
14:03,271.99,272.03,271.95,271.99,49298.0
14:04,272.11,272.15,271.95,271.98,77143.0
14:05,272.13,272.2,272.05,272.11,75141.0
14:06,271.87,272.11,271.86,272.1,67290.0
14:07,271.88,271.96,271.84,271.9,43602.0
14:08,271.75,271.86,271.68,271.84,46750.0
14:09,271.92,271.97,271.74,271.75,64821.0
14:10,271.93,271.96,271.88,271.92,54744.0
14:11,272.08,272.09,271.84,271.93,73704.0
14:12,272.3,272.3,272.07,272.09,97641.0
14:13,272.26,272.3,272.05,272.29,91626.0
14:14,272.18,272.25,272.06,272.24,68411.0
14:15,271.92,272.18,271.91,272.17,77972.0
14:16,271.93,272.01,271.82,271.92,77129.0
14:17,271.98,272.04,271.88,271.94,97514.0
14:18,271.93,272.01,271.91,272.0,36999.0
14:19,271.77,271.95,271.71,271.95,55493.0
14:20,271.57,271.77,271.51,271.76,72002.0
14:21,271.51,271.63,271.49,271.57,94783.0
14:22,271.55,271.6,271.47,271.51,72219.0
14:23,271.55,271.57,271.48,271.56,51565.0
14:24,271.68,271.73,271.53,271.53,79283.0
14:25,271.58,271.7,271.53,271.7,52477.0
14:26,271.72,271.8,271.56,271.57,47404.0
14:27,271.77,271.82,271.72,271.72,54425.0
14:28,271.73,271.87,271.7,271.76,40728.0
14:29,271.75,271.77,271.68,271.7,55352.0
14:30,271.98,272.0,271.76,271.76,67083.0
14:31,271.88,272.01,271.88,271.98,39107.0
14:32,271.71,271.89,271.67,271.89,39415.0
14:33,271.77,271.78,271.65,271.69,46902.0
14:34,271.63,271.82,271.61,271.74,43388.0
14:35,271.48,271.65,271.45,271.64,55318.0
14:36,271.42,271.5,271.35,271.49,53097.0
14:37,271.43,271.54,271.28,271.43,69470.0
14:38,271.36,271.46,271.36,271.43,38907.0
14:39,271.4,271.45,271.35,271.37,44324.0
14:40,271.47,271.47,271.34,271.41,54227.0
14:41,271.44,271.5,271.38,271.48,58388.0
14:42,271.58,271.6,271.44,271.46,55814.0
14:43,271.63,271.72,271.58,271.59,55889.0
14:44,271.76,271.76,271.59,271.64,46442.0
14:45,271.65,271.78,271.61,271.76,53334.0
14:46,271.51,271.66,271.51,271.65,59535.0
14:47,271.64,271.67,271.44,271.51,61356.0
14:48,271.61,271.69,271.53,271.64,45937.0
14:49,271.43,271.64,271.43,271.62,32951.0
14:50,271.38,271.46,271.29,271.42,80099.0
14:51,271.29,271.43,271.28,271.38,53576.0
14:52,271.33,271.35,271.23,271.28,56910.0
14:53,271.19,271.34,271.18,271.34,37871.0
14:54,271.36,271.42,271.19,271.19,59823.0
14:55,271.42,271.46,271.31,271.36,49936.0
14:56,271.39,271.43,271.34,271.42,44745.0
14:57,271.25,271.41,271.22,271.4,44419.0
14:58,271.38,271.42,271.22,271.24,47555.0
14:59,271.36,271.44,271.33,271.37,57229.0
15:00,271.33,271.37,271.29,271.34,48193.0
15:01,271.32,271.35,271.22,271.34,35789.0
15:02,271.47,271.48,271.31,271.33,69544.0
15:03,271.57,271.6,271.36,271.47,91082.0
15:04,271.49,271.63,271.49,271.57,60036.0
15:05,271.38,271.55,271.37,271.48,52251.0
15:06,271.35,271.37,271.27,271.37,48031.0
15:07,271.37,271.42,271.33,271.35,64876.0
15:08,271.45,271.51,271.34,271.38,62945.0
15:09,271.43,271.48,271.39,271.45,71040.0
15:10,271.35,271.44,271.32,271.43,55757.0
15:11,271.28,271.4,271.26,271.36,76270.0
15:12,271.37,271.38,271.21,271.27,57718.0
15:13,271.34,271.48,271.33,271.38,69723.0
15:14,271.36,271.38,271.33,271.34,31414.0
15:15,271.32,271.37,271.24,271.36,62294.0
15:16,271.24,271.32,271.21,271.32,47052.0
15:17,271.32,271.35,271.19,271.23,97422.0
15:18,271.44,271.46,271.26,271.32,92376.0
15:19,271.59,271.6,271.38,271.45,80122.0
15:20,271.35,271.59,271.34,271.58,78022.0
15:21,271.21,271.41,271.19,271.35,82732.0
15:22,271.08,271.23,271.05,271.22,85182.0
15:23,271.1,271.14,271.0,271.09,167165.0
15:24,271.06,271.26,270.99,271.08,119629.0
15:25,271.28,271.28,271.02,271.06,98512.0
15:26,271.23,271.33,271.2,271.29,85426.0
15:27,271.19,271.26,271.15,271.23,176879.0
15:28,271.32,271.33,271.2,271.2,46413.0
15:29,271.34,271.41,271.3,271.32,64407.0
15:30,271.4,271.45,271.31,271.34,133960.0
15:31,271.3,271.48,271.3,271.4,83426.0
15:32,271.31,271.39,271.23,271.31,66766.0
15:33,271.41,271.42,271.3,271.31,64913.0
15:34,271.1,271.4,271.05,271.39,82168.0
15:35,271.24,271.28,271.1,271.11,70135.0
15:36,271.34,271.37,271.25,271.25,68042.0
15:37,271.42,271.46,271.3,271.33,126324.0
15:38,271.33,271.45,271.28,271.43,84319.0
15:39,271.39,271.4,271.3,271.32,65209.0
15:40,271.24,271.4,271.22,271.39,97655.0
15:41,271.28,271.45,271.25,271.25,94964.0
15:42,271.16,271.31,271.16,271.29,108923.0
15:43,271.35,271.41,271.15,271.16,75190.0
15:44,271.38,271.42,271.31,271.34,72766.0
15:45,271.41,271.45,271.37,271.37,78520.0
15:46,271.38,271.45,271.37,271.41,92038.0
15:47,271.17,271.4,271.13,271.38,108075.0
15:48,271.3,271.32,271.16,271.18,130304.0
15:49,271.27,271.37,271.21,271.31,140146.0
15:50,271.34,271.63,271.16,271.26,246909.0
15:51,271.31,271.39,271.2,271.33,154417.0
15:52,271.53,271.57,271.22,271.32,207320.0
15:53,271.47,271.67,271.33,271.53,181245.0
15:54,271.6,271.63,271.2,271.47,232663.0
15:55,271.42,271.59,271.09,271.59,317186.0
15:56,271.47,271.61,271.43,271.43,251120.0
15:57,271.45,271.61,271.38,271.48,343382.0
15:58,271.44,271.51,271.38,271.45,464677.0
15:59,271.26,271.61,271.23,271.45,932857.0
