Time,Close,High,Low,Open,Volume
09:30,256.46,256.83,256.22,256.59,3712703.0
09:31,256.37,256.85,256.35,256.48,183696.0
09:32,256.52,256.6,256.26,256.36,53772.0
09:33,256.75,257.23,256.64,257.23,567897.0
09:34,255.9,257.05,255.84,256.74,224527.0
09:35,255.4,256.14,255.31,255.89,324626.0
09:36,255.21,255.62,255.1,255.39,176102.0
09:37,255.15,255.37,255.09,255.2,217268.0
09:38,254.86,255.3,254.83,255.16,285239.0
09:39,254.55,254.94,254.5,254.87,192944.0
09:40,254.22,254.56,254.15,254.53,262174.0
09:41,254.36,254.54,254.21,254.22,186407.0
09:42,254.4,254.57,254.26,254.34,200408.0
09:43,254.81,254.84,254.42,254.42,130405.0
09:44,254.76,254.96,254.71,254.79,185433.0
09:45,255.11,255.13,254.52,254.76,165583.0
09:46,255.16,255.42,255.06,255.09,137485.0
09:47,254.96,255.21,254.8,255.15,129140.0
09:48,255.12,255.18,254.92,254.96,137730.0
09:49,255.14,255.31,255.08,255.12,127633.0
09:50,255.17,255.22,254.93,255.13,118157.0
09:51,255.39,255.52,255.07,255.14,195041.0
09:52,255.36,255.74,255.31,255.37,125401.0
09:53,255.74,255.77,255.37,255.4,152007.0
09:54,255.68,255.98,255.66,255.74,142127.0
09:55,255.79,255.93,255.67,255.67,106861.0
09:56,255.74,255.84,255.69,255.81,67546.0
09:57,255.57,255.76,255.53,255.73,84559.0
09:58,255.95,255.97,255.55,255.59,132464.0
09:59,256.04,256.08,255.87,255.96,204542.0
10:00,255.8,256.12,255.69,256.02,108867.0
10:01,255.89,256.04,255.75,255.82,130049.0
10:02,255.83,255.96,255.82,255.87,60153.0
10:03,255.87,255.92,255.73,255.85,84760.0
10:04,256.1,256.15,255.84,255.94,144775.0
10:05,256.09,256.11,255.92,256.08,74493.0
10:06,255.76,256.08,255.65,256.08,119970.0
10:07,255.98,256.05,255.76,255.76,70637.0
10:08,255.95,256.05,255.85,255.97,89935.0
10:09,256.04,256.08,255.91,255.97,76004.0
10:10,255.96,256.08,255.9,256.02,111616.0
10:11,255.91,256.12,255.88,255.96,120816.0
10:12,256.18,256.26,255.91,255.91,98661.0
10:13,256.13,256.24,256.06,256.15,70758.0
10:14,256.23,256.25,256.06,256.12,56203.0
10:15,256.27,256.32,256.13,256.23,112237.0
10:16,256.06,256.27,256.06,256.25,60796.0
10:17,256.2,256.26,255.99,256.1,78849.0
10:18,256.42,256.43,256.11,256.2,82622.0
10:19,256.4,256.68,256.4,256.41,143137.0
10:20,256.52,256.6,256.41,256.41,75811.0
10:21,256.48,256.57,256.38,256.5,67213.0
10:22,256.43,256.52,256.27,256.51,65758.0
10:23,256.42,256.58,256.42,256.43,110652.0
10:24,256.51,256.55,256.4,256.4,55101.0
10:25,256.37,256.65,256.36,256.51,89816.0
10:26,256.32,256.37,256.25,256.3,77597.0
10:27,256.33,256.46,256.31,256.32,61249.0
10:28,256.09,256.41,256.07,256.35,65326.0
10:29,256.22,256.22,256.09,256.12,76431.0
10:30,256.4,256.47,256.23,256.23,99989.0
10:31,256.09,256.42,256.09,256.42,56951.0
10:32,256.1,256.26,256.1,256.11,79129.0
10:33,256.19,256.26,256.09,256.1,48168.0
10:34,256.38,256.44,256.2,256.2,65204.0
10:35,256.47,256.47,256.32,256.38,66523.0
10:36,256.42,256.51,256.38,256.47,110004.0
10:37,256.42,256.44,256.31,256.43,55054.0
10:38,256.48,256.48,256.36,256.4,69449.0
10:39,256.55,256.58,256.45,256.5,70954.0
10:40,256.43,256.58,256.38,256.57,67690.0
10:41,256.54,256.56,256.39,256.45,87544.0
10:42,256.58,256.62,256.45,256.55,71435.0
10:43,256.52,256.59,256.45,256.56,49951.0
10:44,256.61,256.67,256.45,256.51,54237.0
10:45,256.66,256.74,256.58,256.63,88385.0
10:46,256.56,256.79,256.56,256.67,80172.0
10:47,256.58,256.73,256.57,256.59,72664.0
10:48,256.42,256.68,256.4,256.57,69888.0
10:49,256.28,256.45,256.26,256.41,65581.0
10:50,256.14,256.3,256.12,256.27,68355.0
10:51,256.05,256.2,255.98,256.15,110604.0
10:52,256.13,256.14,256.0,256.04,87550.0
10:53,256.06,256.14,256.0,256.12,59123.0
10:54,256.24,256.29,256.05,256.05,65631.0
10:55,256.28,256.3,256.2,256.24,51856.0
10:56,256.45,256.51,256.27,256.28,105310.0
10:57,256.5,256.54,256.35,256.46,77651.0
10:58,256.4,256.5,256.39,256.46,42947.0
10:59,256.26,256.41,256.26,256.4,83502.0
11:00,256.08,256.27,256.08,256.25,59550.0
11:01,256.1,256.12,256.02,256.11,63853.0
11:02,256.24,256.24,256.08,256.11,66433.0
11:03,256.14,256.29,256.13,256.25,49612.0
11:04,256.08,256.27,256.08,256.14,52345.0
11:05,256.08,256.16,256.06,256.11,63241.0
11:06,256.2,256.2,256.06,256.09,63642.0
11:07,256.15,256.28,256.03,256.19,73085.0
11:08,256.07,256.15,255.97,256.14,78789.0
11:09,256.0,256.13,256.0,256.08,49532.0
11:10,256.24,256.28,255.99,256.0,72746.0
11:11,256.44,256.45,256.2,256.24,107257.0
11:12,256.32,256.44,256.29,256.44,84653.0
11:13,256.56,256.61,256.31,256.33,103460.0
11:14,256.58,256.62,256.52,256.56,59122.0
11:15,256.48,256.59,256.41,256.58,52242.0
11:16,256.57,256.63,256.44,256.47,49473.0
11:17,256.5,256.57,256.43,256.57,44012.0
11:18,256.33,256.48,256.32,256.48,47613.0
11:19,256.23,256.3,256.22,256.3,35105.0
11:20,256.14,256.23,256.1,256.21,49557.0
11:21,256.15,256.22,256.13,256.17,38241.0
11:22,256.22,256.23,256.11,256.15,25856.0
11:23,256.3,256.32,256.23,256.23,58543.0
11:24,256.37,256.4,256.27,256.3,36077.0
11:25,256.58,256.62,256.35,256.37,93052.0
11:26,256.98,257.0,256.6,256.6,199321.0
11:27,257.2,257.34,256.98,256.98,227879.0
11:28,257.52,257.64,257.19,257.2,407177.0
11:29,257.17,257.55,257.12,257.52,207336.0
11:30,257.08,257.22,257.02,257.15,87912.0
11:31,256.76,257.09,256.75,257.09,90663.0
11:32,256.79,256.86,256.72,256.75,80341.0
11:33,257.02,257.04,256.77,256.79,63188.0
11:34,257.08,257.13,256.98,257.02,57336.0
11:35,257.5,257.51,257.05,257.09,154956.0
11:36,257.62,257.64,257.44,257.52,143556.0
11:37,257.55,257.67,257.35,257.64,243127.0
11:38,257.27,257.59,257.25,257.58,102013.0
11:39,257.41,257.45,257.17,257.25,93155.0
11:40,257.36,257.42,257.24,257.42,62469.0
11:41,257.26,257.55,257.26,257.36,112325.0
11:42,257.36,257.38,257.2,257.27,63137.0
11:43,257.49,257.49,257.21,257.37,84252.0
11:44,257.48,257.61,257.45,257.49,63597.0
11:45,257.59,257.74,257.34,257.45,179126.0
11:46,257.37,257.61,257.31,257.6,67830.0
11:47,257.13,257.39,257.11,257.38,62004.0
11:48,256.92,257.13,256.89,257.1,74951.0
11:49,256.96,257.15,256.85,256.88,57439.0
11:50,257.15,257.18,256.93,256.95,42190.0
11:51,256.95,257.18,256.94,257.14,28651.0
11:52,257.16,257.17,256.94,256.95,42091.0
11:53,257.24,257.25,257.12,257.19,33549.0
11:54,257.26,257.29,257.22,257.25,36491.0
11:55,257.27,257.39,257.25,257.26,39845.0
11:56,257.42,257.42,257.28,257.28,23630.0
11:57,257.58,257.58,257.41,257.42,60911.0
11:58,257.92,257.92,257.58,257.58,120301.0
11:59,257.77,257.99,257.67,257.92,179834.0
12:00,257.76,257.86,257.69,257.77,81616.0
12:01,257.8,257.82,257.7,257.76,58291.0
12:02,257.94,258.04,257.8,257.8,265549.0
12:03,258.07,258.09,257.95,257.95,79082.0
12:04,257.99,258.18,257.98,258.08,91744.0
12:05,257.8,258.04,257.72,258.02,64361.0
12:06,257.94,258.08,257.8,257.8,101340.0
12:07,258.03,258.1,257.91,257.94,105005.0
12:08,257.92,258.03,257.89,258.03,41647.0
12:09,258.1,258.11,257.9,257.91,66506.0
12:10,257.8,258.1,257.8,258.07,63128.0
12:11,257.86,257.91,257.73,257.78,58527.0
12:12,257.83,257.88,257.75,257.86,44735.0
12:13,257.77,257.83,257.7,257.83,43894.0
12:14,257.79,257.87,257.75,257.75,51157.0
12:15,257.68,257.81,257.67,257.79,44689.0
12:16,257.6,257.68,257.55,257.67,44010.0
12:17,257.54,257.59,257.52,257.59,51203.0
12:18,257.76,257.77,257.52,257.53,49895.0
12:19,257.82,257.88,257.73,257.73,48837.0
12:20,257.64,257.83,257.62,257.82,47523.0
12:21,257.52,257.67,257.47,257.65,41782.0
12:22,257.61,257.62,257.49,257.5,35709.0
12:23,257.6,257.65,257.58,257.62,42528.0
12:24,257.53,257.59,257.45,257.59,35979.0
12:25,257.39,257.51,257.36,257.5,33116.0
12:26,257.53,257.55,257.38,257.38,34166.0
12:27,257.37,257.55,257.35,257.53,37852.0
12:28,257.38,257.44,257.34,257.39,48279.0
12:29,257.35,257.44,257.31,257.39,25386.0
12:30,257.32,257.36,257.25,257.35,57295.0
12:31,257.29,257.39,257.28,257.32,52110.0
12:32,257.3,257.32,257.23,257.28,33194.0
12:33,257.17,257.3,257.17,257.28,46975.0
12:34,257.32,257.33,257.19,257.2,33146.0
12:35,257.52,257.57,257.3,257.31,69473.0
12:36,257.45,257.53,257.41,257.52,76391.0
12:37,257.36,257.46,257.34,257.45,25174.0
12:38,257.46,257.46,257.36,257.36,23370.0
12:39,257.4,257.48,257.36,257.45,22780.0
12:40,257.24,257.42,257.23,257.4,42382.0
12:41,257.13,257.24,257.13,257.23,36117.0
12:42,257.15,257.21,257.12,257.14,26846.0
12:43,257.17,257.2,257.12,257.14,24210.0
12:44,257.21,257.21,257.14,257.16,22609.0
12:45,257.35,257.39,257.24,257.24,38966.0
12:46,257.25,257.38,257.25,257.36,23496.0
12:47,257.19,257.28,257.11,257.27,21788.0
12:48,257.15,257.2,257.13,257.2,32303.0
12:49,257.25,257.26,257.12,257.14,29254.0
12:50,257.29,257.32,257.25,257.25,43290.0
12:51,257.2,257.32,257.17,257.28,30033.0
12:52,257.26,257.28,257.16,257.21,29645.0
12:53,257.36,257.39,257.25,257.26,34957.0
12:54,257.36,257.38,257.34,257.37,14947.0
12:55,257.31,257.4,257.28,257.39,29345.0
12:56,257.33,257.33,257.25,257.31,19601.0
12:57,257.31,257.36,257.31,257.35,27545.0
12:58,257.4,257.46,257.33,257.33,34694.0
12:59,257.52,257.57,257.41,257.41,70092.0
13:00,257.43,257.49,257.4,257.49,39245.0
13:01,257.4,257.5,257.36,257.43,25685.0
13:02,257.41,257.49,257.39,257.39,33641.0
13:03,257.48,257.48,257.35,257.4,25523.0
13:04,257.51,257.53,257.41,257.5,36088.0
13:05,257.52,257.52,257.43,257.5,28147.0
13:06,257.52,257.57,257.5,257.51,27020.0
13:07,257.39,257.54,257.37,257.53,21675.0
13:08,257.39,257.44,257.38,257.39,23042.0
13:09,257.39,257.47,257.39,257.42,28638.0
13:10,257.39,257.43,257.34,257.38,25706.0
13:11,257.61,257.61,257.37,257.39,196148.0
13:12,257.74,257.78,257.59,257.61,48546.0
13:13,257.76,257.82,257.73,257.75,38377.0
13:14,257.77,257.79,257.72,257.76,29713.0
13:15,257.72,257.82,257.68,257.79,48973.0
13:16,257.77,257.79,257.67,257.72,25098.0
13:17,257.68,257.76,257.66,257.76,18094.0
13:18,257.57,257.77,257.55,257.68,70525.0
13:19,257.36,257.57,257.34,257.56,77665.0
13:20,257.29,257.41,257.27,257.36,26182.0
13:21,257.23,257.35,257.21,257.3,24890.0
13:22,257.42,257.42,257.23,257.23,25537.0
13:23,257.4,257.45,257.38,257.42,37122.0
13:24,257.34,257.41,257.28,257.38,36743.0
13:25,257.33,257.39,257.3,257.36,77592.0
13:26,257.39,257.4,257.35,257.35,22819.0
13:27,257.48,257.48,257.41,257.42,35083.0
13:28,257.44,257.53,257.43,257.48,31360.0
13:29,257.41,257.44,257.34,257.44,33414.0
13:30,257.36,257.42,257.33,257.39,36108.0
13:31,257.44,257.45,257.33,257.33,32024.0
13:32,257.46,257.56,257.42,257.47,42155.0
13:33,257.44,257.48,257.41,257.48,23826.0
13:34,257.52,257.53,257.39,257.45,27564.0
13:35,257.43,257.6,257.43,257.52,55019.0
13:36,257.32,257.45,257.31,257.43,48712.0
13:37,257.42,257.42,257.32,257.33,33684.0
13:38,257.47,257.48,257.36,257.42,19729.0
13:39,257.52,257.53,257.49,257.49,20961.0
13:40,257.64,257.71,257.51,257.52,39030.0
13:41,257.59,257.75,257.59,257.67,45142.0
13:42,257.67,257.7,257.58,257.58,29294.0
13:43,257.55,257.67,257.53,257.67,21097.0
13:44,257.42,257.55,257.42,257.55,47192.0
13:45,257.43,257.5,257.39,257.42,37022.0
13:46,257.44,257.45,257.35,257.43,30431.0
13:47,257.37,257.44,257.36,257.44,33058.0
13:48,257.42,257.42,257.37,257.38,17173.0
13:49,257.35,257.5,257.35,257.42,48809.0
13:50,257.31,257.36,257.29,257.34,26605.0
13:51,257.32,257.36,257.29,257.3,35668.0
13:52,257.25,257.32,257.21,257.32,43940.0
13:53,257.14,257.27,257.13,257.25,43072.0
13:54,257.12,257.18,257.11,257.11,38208.0
13:55,257.13,257.15,257.06,257.12,33098.0
13:56,257.25,257.26,257.07,257.11,40283.0
13:57,257.2,257.28,257.2,257.24,38447.0
13:58,257.2,257.28,257.18,257.2,32675.0
13:59,257.12,257.21,257.12,257.19,25393.0
14:00,257.15,257.19,257.1,257.12,53867.0
14:01,257.05,257.18,257.05,257.16,37055.0
14:02,257.2,257.24,257.03,257.06,52577.0
14:03,257.44,257.46,257.17,257.17,123118.0
14:04,257.33,257.45,257.3,257.44,49502.0
14:05,257.47,257.48,257.31,257.33,46216.0
14:06,257.43,257.57,257.43,257.47,72023.0
14:07,257.49,257.55,257.43,257.43,44933.0
14:08,257.46,257.53,257.41,257.49,48210.0
14:09,257.36,257.45,257.33,257.45,69756.0
14:10,257.33,257.45,257.27,257.34,35727.0
14:11,257.32,257.34,257.24,257.33,33087.0
14:12,257.39,257.39,257.29,257.32,26712.0
14:13,257.43,257.47,257.37,257.39,41376.0
14:14,257.39,257.51,257.39,257.42,41777.0
14:15,257.47,257.47,257.34,257.39,27303.0
14:16,257.45,257.49,257.43,257.44,36525.0
14:17,257.5,257.5,257.42,257.45,26278.0
14:18,257.49,257.52,257.43,257.49,32833.0
14:19,257.5,257.52,257.46,257.49,43490.0
14:20,257.52,257.53,257.48,257.5,53225.0
14:21,257.57,257.61,257.52,257.52,45716.0
14:22,257.62,257.7,257.53,257.56,71513.0
14:23,257.62,257.67,257.6,257.62,42543.0
14:24,257.62,257.67,257.58,257.62,49385.0
14:25,257.75,257.75,257.57,257.61,45610.0
14:26,257.71,257.77,257.68,257.75,33490.0
14:27,257.68,257.73,257.68,257.71,30998.0
14:28,257.88,257.91,257.65,257.68,72881.0
14:29,257.88,257.9,257.85,257.89,43487.0
14:30,257.78,257.88,257.77,257.87,61947.0
14:31,257.86,257.87,257.79,257.79,33298.0
14:32,257.85,257.87,257.82,257.86,52109.0
14:33,257.91,257.92,257.74,257.84,31081.0
14:34,257.94,258.01,257.92,257.92,124114.0
14:35,258.0,258.05,257.88,257.94,100140.0
14:36,258.02,258.04,257.98,258.0,57563.0
14:37,258.03,258.05,257.99,258.01,52368.0
14:38,258.0,258.05,257.92,258.04,47788.0
14:39,258.15,258.16,258.0,258.01,70649.0
14:40,257.99,258.14,257.99,258.14,1289398.0
14:41,258.03,258.06,257.91,257.98,61346.0
14:42,257.92,258.03,257.92,258.03,45113.0
14:43,257.8,257.93,257.79,257.93,58638.0
14:44,257.98,257.99,257.71,257.8,137054.0
14:45,257.97,258.01,257.94,257.97,64195.0
14:46,258.0,258.03,257.93,257.96,52912.0
14:47,257.95,258.04,257.95,257.99,35137.0
14:48,258.05,258.07,257.94,257.95,37192.0
14:49,257.98,258.08,257.95,258.05,87632.0
14:50,257.81,257.99,257.79,257.98,56789.0
14:51,257.76,257.83,257.74,257.8,36747.0
14:52,257.83,257.87,257.76,257.77,57309.0
14:53,257.95,257.95,257.84,257.87,32600.0
14:54,257.86,257.98,257.86,257.95,36656.0
14:55,257.91,257.91,257.78,257.87,57152.0
14:56,257.93,257.97,257.84,257.89,34858.0
14:57,257.97,258.01,257.91,257.92,43620.0
14:58,257.96,258.0,257.94,257.97,33381.0
14:59,257.93,257.99,257.91,257.97,29795.0
15:00,257.83,257.94,257.82,257.93,36568.0
15:01,257.87,257.93,257.82,257.82,39156.0
15:02,257.82,257.88,257.8,257.88,39801.0
15:03,257.91,257.91,257.81,257.82,32639.0
15:04,257.93,257.95,257.88,257.9,31614.0
15:05,257.89,257.95,257.85,257.92,41280.0
15:06,257.88,257.94,257.88,257.89,67836.0
15:07,257.77,257.88,257.77,257.87,29792.0
15:08,257.82,257.82,257.75,257.79,31505.0
15:09,257.68,257.83,257.68,257.83,53038.0
15:10,257.58,257.68,257.57,257.67,97099.0
15:11,257.56,257.59,257.53,257.59,54049.0
15:12,257.6,257.64,257.56,257.56,60610.0
15:13,257.51,257.62,257.5,257.61,66612.0
15:14,257.6,257.63,257.52,257.52,56692.0
15:15,257.49,257.6,257.47,257.6,57004.0
15:16,257.49,257.51,257.45,257.49,56210.0
15:17,257.44,257.56,257.41,257.5,49862.0
15:18,257.43,257.48,257.42,257.45,47245.0
15:19,257.51,257.54,257.38,257.43,128041.0
15:20,257.53,257.56,257.48,257.52,46226.0
15:21,257.59,257.6,257.51,257.51,65046.0
15:22,257.57,257.65,257.52,257.6,64244.0
15:23,257.61,257.65,257.55,257.57,62408.0
15:24,257.64,257.66,257.58,257.6,51024.0
15:25,257.66,257.67,257.57,257.64,74776.0
15:26,257.61,257.68,257.6,257.66,81830.0
15:27,257.6,257.65,257.57,257.6,54038.0
15:28,257.61,257.64,257.56,257.6,49280.0
15:29,257.51,257.64,257.51,257.62,68596.0
15:30,257.64,257.67,257.51,257.51,323585.0
15:31,257.63,257.68,257.55,257.64,65210.0
15:32,257.78,257.78,257.6,257.63,96859.0
15:33,257.84,257.84,257.73,257.78,71488.0
15:34,257.82,257.88,257.79,257.85,44811.0
15:35,257.71,257.84,257.71,257.82,50619.0
15:36,257.64,257.72,257.64,257.7,51265.0
15:37,257.58,257.65,257.55,257.64,62501.0
15:38,257.62,257.64,257.58,257.58,42805.0
15:39,257.56,257.64,257.5,257.63,53571.0
15:40,257.58,257.61,257.53,257.55,65264.0
15:41,257.41,257.61,257.4,257.6,67270.0
15:42,257.35,257.46,257.34,257.42,68836.0
15:43,257.4,257.41,257.33,257.36,60162.0
15:44,257.37,257.4,257.35,257.39,59282.0
15:45,257.45,257.49,257.37,257.37,58825.0
15:46,257.41,257.46,257.39,257.45,61561.0
15:47,257.27,257.41,257.22,257.41,64697.0
15:48,257.32,257.39,257.12,257.27,239991.0
15:49,257.44,257.47,257.26,257.32,105904.0
15:50,257.1,257.47,257.1,257.43,264557.0
15:51,257.45,257.46,257.1,257.11,193370.0
15:52,257.36,257.5,257.24,257.45,142756.0
15:53,257.37,257.47,257.36,257.36,169922.0
15:54,257.21,257.6,257.1,257.41,305187.0
15:55,257.02,257.28,256.88,257.24,422749.0
15:56,257.09,257.11,256.98,257.02,282114.0
15:57,257.14,257.25,257.08,257.09,318307.0
15:58,257.21,257.27,257.11,257.14,317925.0
15:59,257.14,257.45,257.13,257.21,969598.0
