Time,Close,High,Low,Open,Volume
09:30,248.17,249.49,247.83,249.38,1930792.0
09:31,247.94,248.6,247.49,248.19,231608.0
09:32,247.29,248.03,246.92,247.99,342290.0
09:33,247.73,247.8,247.17,247.31,262609.0
09:34,246.78,247.88,246.64,247.73,252378.0
09:35,245.6,246.81,245.56,246.78,328010.0
09:36,246.38,246.46,245.6,245.6,217099.0
09:37,246.94,247.16,246.19,246.4,210867.0
09:38,247.04,247.23,246.73,246.99,169963.0
09:39,247.14,247.23,246.79,247.04,135859.0
09:40,247.1,247.32,246.86,247.16,213399.0
09:41,246.75,247.15,246.67,247.09,235452.0
09:42,246.86,246.99,246.69,246.86,117640.0
09:43,247.14,247.33,246.88,246.88,109961.0
09:44,246.8,247.17,246.74,247.12,121576.0
09:45,246.31,246.82,246.19,246.8,190798.0
09:46,246.32,246.46,246.1,246.28,99748.0
09:47,246.64,246.64,246.27,246.3,114483.0
09:48,246.75,246.75,246.47,246.64,126564.0
09:49,246.91,247.07,246.7,246.74,169510.0
09:50,247.06,247.11,246.53,246.93,131310.0
09:51,247.3,247.59,247.04,247.04,125046.0
09:52,246.95,247.31,246.93,247.27,69688.0
09:53,246.95,247.01,246.81,246.96,76629.0
09:54,246.59,246.94,246.51,246.93,102801.0
09:55,246.84,246.96,246.57,246.62,80606.0
09:56,246.96,247.01,246.78,246.84,92148.0
09:57,247.04,247.1,246.9,246.98,90075.0
09:58,246.85,247.1,246.69,247.07,89222.0
09:59,246.62,246.95,246.57,246.84,107170.0
10:00,246.71,247.04,246.53,246.63,186803.0
10:01,246.65,246.86,246.52,246.72,215872.0
10:02,246.72,246.78,246.62,246.65,111608.0
10:03,246.76,246.85,246.66,246.73,98032.0
10:04,247.21,247.29,246.74,246.74,108665.0
10:05,247.26,247.42,247.11,247.25,88639.0
10:06,247.45,247.46,247.21,247.24,92140.0
10:07,247.25,247.47,247.19,247.45,112674.0
10:08,247.16,247.47,247.15,247.27,117804.0
10:09,247.55,247.63,247.18,247.19,110879.0
10:10,247.2,247.55,247.2,247.54,80449.0
10:11,247.39,247.45,247.08,247.19,89148.0
10:12,247.52,247.6,247.3,247.39,86563.0
10:13,247.42,247.55,247.21,247.51,113791.0
10:14,247.36,247.46,247.28,247.43,67411.0
10:15,247.5,247.5,247.2,247.39,89955.0
10:16,247.09,247.52,247.06,247.52,54602.0
10:17,246.96,247.18,246.91,247.09,107938.0
10:18,247.04,247.13,246.95,246.97,68021.0
10:19,246.7,247.1,246.65,247.05,79479.0
10:20,246.66,246.82,246.56,246.68,74731.0
10:21,246.43,246.68,246.37,246.65,110809.0
10:22,246.43,246.51,246.1,246.43,109703.0
10:23,246.67,246.69,246.33,246.42,55797.0
10:24,246.72,246.82,246.67,246.67,61004.0
10:25,246.37,246.76,246.35,246.72,70803.0
10:26,246.4,246.53,246.34,246.4,65254.0
10:27,246.3,246.43,246.26,246.37,56063.0
10:28,246.51,246.66,246.3,246.32,67961.0
10:29,246.38,246.55,246.33,246.5,61483.0
10:30,246.37,246.45,246.23,246.37,81892.0
10:31,246.46,246.58,246.36,246.36,74489.0
10:32,246.53,246.66,246.39,246.5,101878.0
10:33,246.59,246.63,246.42,246.52,69109.0
10:34,246.68,246.72,246.57,246.59,50765.0
10:35,247.09,247.09,246.66,246.67,85727.0
10:36,247.17,247.26,247.08,247.11,73895.0
10:37,247.19,247.19,247.07,247.15,54041.0
10:38,247.24,247.27,247.13,247.17,49210.0
10:39,247.36,247.41,247.2,247.22,74774.0
10:40,247.36,247.45,247.23,247.35,100225.0
10:41,247.14,247.41,247.11,247.36,82297.0
10:42,247.15,247.18,247.05,247.15,51544.0
10:43,247.08,247.24,247.04,247.18,55794.0
10:44,246.99,247.09,246.98,247.06,48827.0
10:45,247.21,247.23,246.98,246.99,61710.0
10:46,247.24,247.29,247.07,247.21,68384.0
10:47,247.57,247.59,247.19,247.22,85881.0
10:48,247.21,247.59,247.16,247.59,72484.0
10:49,247.3,247.34,247.22,247.22,53037.0
10:50,247.36,247.43,247.23,247.32,41216.0
10:51,247.2,247.48,247.2,247.39,52155.0
10:52,247.21,247.26,247.05,247.2,60271.0
10:53,247.48,247.51,247.22,247.25,76993.0
10:54,247.29,247.47,247.23,247.47,45798.0
10:55,247.01,247.29,246.95,247.29,67847.0
10:56,247.01,247.13,246.98,247.01,35779.0
10:57,246.98,247.04,246.82,247.02,63663.0
10:58,246.95,246.96,246.75,246.96,59207.0
10:59,246.94,246.95,246.81,246.93,38373.0
11:00,247.18,247.18,246.89,246.94,74037.0
11:01,246.99,247.25,246.97,247.18,69002.0
11:02,246.8,246.99,246.74,246.99,61322.0
11:03,246.77,246.92,246.66,246.79,51559.0
11:04,247.07,247.07,246.76,246.77,67178.0
11:05,247.07,247.16,246.96,247.04,59936.0
11:06,247.11,247.17,247.04,247.05,56858.0
11:07,247.18,247.2,247.0,247.09,49499.0
11:08,247.26,247.3,247.16,247.18,60759.0
11:09,247.43,247.51,247.25,247.27,107821.0
11:10,247.63,247.63,247.36,247.43,70441.0
11:11,247.75,247.79,247.61,247.62,94525.0
11:12,247.76,247.85,247.67,247.72,86318.0
11:13,247.77,247.84,247.73,247.75,486513.0
11:14,247.53,247.79,247.52,247.77,61798.0
11:15,247.54,247.6,247.49,247.53,1399385.0
11:16,247.51,247.55,247.38,247.54,52770.0
11:17,247.46,247.54,247.4,247.51,83549.0
11:18,247.6,247.62,247.21,247.45,68782.0
11:19,247.69,247.7,247.58,247.6,51109.0
11:20,247.93,247.97,247.69,247.69,89965.0
11:21,247.89,247.94,247.78,247.92,66993.0
11:22,247.79,247.9,247.7,247.9,49467.0
11:23,247.95,247.95,247.78,247.78,47906.0
11:24,247.85,247.97,247.83,247.95,48261.0
11:25,247.93,248.05,247.82,247.86,84214.0
11:26,248.1,248.12,247.93,247.93,57415.0
11:27,248.28,248.37,248.08,248.1,93105.0
11:28,248.33,248.39,248.17,248.3,74867.0
11:29,248.59,248.66,248.32,248.37,154171.0
11:30,248.46,248.63,248.41,248.62,85110.0
11:31,248.66,248.68,248.36,248.47,87957.0
11:32,248.57,248.7,248.51,248.65,64143.0
11:33,248.58,248.6,248.44,248.52,57411.0
11:34,248.6,248.6,248.52,248.56,69921.0
11:35,248.81,248.81,248.6,248.62,84365.0
11:36,248.79,248.85,248.72,248.8,57517.0
11:37,248.88,248.92,248.72,248.78,54772.0
11:38,248.82,248.92,248.78,248.89,78996.0
11:39,248.74,248.84,248.71,248.82,65456.0
11:40,248.87,248.88,248.67,248.71,38833.0
11:41,248.92,248.92,248.78,248.87,72906.0
11:42,248.88,248.97,248.82,248.93,68930.0
11:43,248.55,248.99,248.52,248.89,66749.0
11:44,248.55,248.66,248.47,248.58,63528.0
11:45,248.66,248.71,248.52,248.55,54077.0
11:46,248.8,248.8,248.59,248.68,33349.0
11:47,248.83,248.88,248.74,248.78,37042.0
11:48,248.68,248.85,248.53,248.85,58211.0
11:49,248.85,248.85,248.69,248.69,41897.0
11:50,248.71,248.87,248.69,248.85,37469.0
11:51,248.9,248.91,248.71,248.71,37097.0
11:52,248.74,248.94,248.74,248.91,40044.0
11:53,248.87,248.89,248.73,248.76,24408.0
11:54,248.75,248.9,248.66,248.88,45215.0
11:55,248.69,248.79,248.67,248.79,24799.0
11:56,248.69,248.83,248.69,248.72,41758.0
11:57,248.77,248.79,248.7,248.7,21055.0
11:58,248.84,248.86,248.72,248.76,63984.0
11:59,248.78,248.87,248.78,248.82,37236.0
12:00,248.78,248.93,248.74,248.79,113837.0
12:01,248.89,248.93,248.76,248.76,21774.0
12:02,248.98,249.02,248.89,248.9,75347.0
12:03,249.1,249.14,248.96,249.0,63216.0
12:04,249.09,249.2,249.08,249.09,63930.0
12:05,249.02,249.12,249.02,249.12,36376.0
12:06,248.94,249.18,248.93,249.02,52188.0
12:07,248.79,248.98,248.76,248.93,32813.0
12:08,248.99,249.04,248.8,248.81,44749.0
12:09,248.9,249.05,248.87,249.02,36978.0
12:10,248.93,249.01,248.89,248.91,23886.0
12:11,248.95,248.95,248.83,248.91,47004.0
12:12,248.95,249.0,248.91,248.93,32653.0
12:13,249.03,249.03,248.93,248.96,28722.0
12:14,249.12,249.15,249.05,249.05,40043.0
12:15,249.08,249.16,249.04,249.14,64660.0
12:16,249.2,249.21,249.07,249.07,61612.0
12:17,249.1,249.19,249.05,249.19,33548.0
12:18,249.24,249.25,249.07,249.09,46527.0
12:19,249.29,249.37,249.22,249.22,43858.0
12:20,249.18,249.3,249.15,249.3,33136.0
12:21,249.12,249.29,249.11,249.16,85593.0
12:22,249.23,249.25,248.98,249.12,69980.0
12:23,249.3,249.33,249.24,249.25,31921.0
12:24,249.26,249.62,249.23,249.31,115728.0
12:25,249.15,249.3,249.12,249.29,37434.0
12:26,249.18,249.2,249.1,249.14,30647.0
12:27,249.27,249.29,249.05,249.19,18889.0
12:28,249.18,249.3,249.12,249.27,81848.0
12:29,249.18,249.21,249.11,249.19,32455.0
12:30,249.07,249.17,249.04,249.17,29168.0
12:31,249.09,249.12,249.05,249.06,39164.0
12:32,249.16,249.18,249.04,249.08,30823.0
12:33,249.14,249.2,249.06,249.18,62623.0
12:34,249.1,249.22,249.01,249.12,75213.0
12:35,249.19,249.19,249.1,249.1,35198.0
12:36,249.1,249.19,249.06,249.17,42721.0
12:37,249.0,249.09,248.97,249.09,32178.0
12:38,248.9,249.03,248.85,249.01,40880.0
12:39,248.9,248.97,248.9,248.91,31734.0
12:40,248.87,248.91,248.82,248.91,37754.0
12:41,248.85,248.88,248.78,248.86,37562.0
12:42,248.8,248.88,248.76,248.85,39809.0
12:43,248.71,248.83,248.65,248.82,52215.0
12:44,248.67,248.69,248.62,248.65,54224.0
12:45,248.6,248.68,248.55,248.68,42212.0
12:46,248.63,248.76,248.58,248.62,91194.0
12:47,248.71,248.72,248.6,248.63,29105.0
12:48,248.78,248.81,248.68,248.7,47783.0
12:49,248.95,249.0,248.78,248.79,101188.0
12:50,248.95,249.0,248.85,248.95,44826.0
12:51,249.04,249.09,248.96,248.96,41942.0
12:52,249.2,249.27,248.98,249.05,50805.0
12:53,249.12,249.25,249.12,249.2,24035.0
12:54,249.24,249.28,249.14,249.14,31974.0
12:55,249.26,249.26,249.2,249.24,34315.0
12:56,249.41,249.42,249.24,249.26,35141.0
12:57,249.42,249.46,249.41,249.43,29704.0
12:58,249.52,249.54,249.4,249.43,46735.0
12:59,249.55,249.6,249.48,249.53,45135.0
13:00,249.51,249.61,249.49,249.56,38525.0
13:01,249.56,249.61,249.47,249.51,27023.0
13:02,249.61,249.61,249.55,249.57,22855.0
13:03,249.6,249.69,249.58,249.58,39254.0
13:04,249.52,249.63,249.5,249.61,27872.0
13:05,249.58,249.65,249.48,249.52,38508.0
13:06,249.6,249.64,249.55,249.6,27356.0
13:07,249.6,249.62,249.55,249.61,119721.0
13:08,249.6,249.64,249.55,249.6,22620.0
13:09,249.52,249.62,249.48,249.6,23279.0
13:10,249.28,249.56,249.26,249.52,42076.0
13:11,249.29,249.41,249.29,249.29,35145.0
13:12,249.18,249.29,249.16,249.28,42975.0
13:13,249.05,249.2,249.04,249.16,34972.0
13:14,249.05,249.14,248.99,249.05,39146.0
13:15,249.0,249.09,249.0,249.05,22955.0
13:16,248.96,249.02,248.89,248.99,24608.0
13:17,248.93,249.01,248.91,248.96,28764.0
13:18,248.93,249.04,248.92,248.92,33090.0
13:19,249.01,249.02,248.92,248.97,17822.0
13:20,249.01,249.04,248.98,249.0,27100.0
13:21,249.17,249.17,249.0,249.02,26380.0
13:22,249.25,249.27,249.17,249.17,24590.0
13:23,249.29,249.29,249.2,249.25,28672.0
13:24,249.16,249.3,249.16,249.29,36694.0
13:25,249.04,249.14,249.04,249.14,22250.0
13:26,249.02,249.04,248.97,249.04,24643.0
13:27,249.09,249.09,248.99,248.99,20423.0
13:28,249.06,249.07,248.97,249.07,21710.0
13:29,249.1,249.11,249.04,249.07,19876.0
13:30,249.13,249.13,249.08,249.09,26470.0
13:31,249.11,249.15,249.04,249.13,22061.0
13:32,249.07,249.14,249.02,249.11,24353.0
13:33,249.09,249.12,249.07,249.07,16698.0
13:34,249.14,249.15,249.11,249.11,20929.0
13:35,249.12,249.18,249.12,249.14,21460.0
13:36,249.17,249.17,249.05,249.12,33873.0
13:37,248.97,249.17,248.96,249.17,33347.0
13:38,249.04,249.06,248.99,248.99,22483.0
13:39,249.05,249.07,248.98,249.05,24919.0
13:40,249.07,249.07,248.99,249.05,42881.0
13:41,249.04,249.12,249.0,249.07,34001.0
13:42,248.99,249.05,248.92,249.03,45138.0
13:43,248.93,249.02,248.93,248.99,53461.0
13:44,248.9,248.96,248.89,248.92,39715.0
13:45,248.92,248.99,248.84,248.87,31941.0
13:46,249.0,249.07,248.93,248.93,22112.0
13:47,248.96,249.06,248.95,249.01,25379.0
13:48,248.97,249.06,248.95,248.96,34044.0
13:49,248.99,249.03,248.96,248.96,18812.0
13:50,248.78,248.98,248.78,248.98,32895.0
13:51,248.91,248.91,248.79,248.79,18186.0
13:52,248.89,248.95,248.85,248.89,20956.0
13:53,248.84,248.94,248.82,248.89,21688.0
13:54,248.93,248.94,248.79,248.8,45557.0
13:55,248.7,248.93,248.69,248.91,34218.0
13:56,248.75,248.78,248.71,248.71,24446.0
13:57,248.94,248.96,248.78,248.78,20354.0
13:58,249.04,249.06,248.93,248.96,30376.0
13:59,249.04,249.05,248.97,249.04,20629.0
14:00,249.11,249.11,249.0,249.04,36408.0
14:01,248.99,249.12,248.99,249.11,33394.0
14:02,249.04,249.04,248.98,249.0,20989.0
14:03,249.04,249.08,249.01,249.04,19138.0
14:04,248.91,249.04,248.84,249.04,249571.0
14:05,248.99,249.02,248.9,248.92,45241.0
14:06,248.93,249.02,248.91,249.0,28590.0
14:07,248.9,248.95,248.89,248.93,33226.0
14:08,248.99,248.99,248.89,248.9,30378.0
14:09,248.97,249.02,248.94,248.99,23166.0
14:10,249.01,249.01,248.94,248.96,17749.0
14:11,248.98,249.02,248.97,249.02,23886.0
14:12,248.93,248.97,248.92,248.97,25356.0
14:13,248.91,248.96,248.9,248.93,31318.0
14:14,248.82,248.92,248.81,248.9,33081.0
14:15,248.89,248.93,248.83,248.83,39411.0
14:16,248.88,248.89,248.83,248.88,18470.0
14:17,248.9,248.91,248.87,248.88,27451.0
14:18,248.93,248.96,248.9,248.9,37725.0
14:19,248.88,248.98,248.87,248.94,40970.0
14:20,248.94,248.94,248.87,248.88,30623.0
14:21,248.95,248.98,248.89,248.94,39270.0
14:22,249.04,249.08,248.92,248.95,83404.0
14:23,249.22,249.23,249.04,249.04,54421.0
14:24,249.27,249.3,249.21,249.21,39909.0
14:25,249.3,249.3,249.23,249.26,46466.0
14:26,249.18,249.32,249.14,249.3,71651.0
14:27,249.17,249.22,249.14,249.18,57336.0
14:28,249.15,249.24,249.13,249.18,41318.0
14:29,249.15,249.18,249.11,249.16,32450.0
14:30,249.12,249.19,249.12,249.14,35202.0
14:31,249.12,249.16,249.1,249.13,46629.0
14:32,249.13,249.24,249.13,249.13,31549.0
14:33,248.99,249.16,248.98,249.13,38752.0
14:34,249.04,249.06,248.92,248.99,33432.0
14:35,249.02,249.08,249.02,249.04,33271.0
14:36,249.07,249.09,249.02,249.03,35942.0
14:37,249.1,249.16,249.08,249.08,39300.0
14:38,248.9,249.12,248.88,249.1,53706.0
14:39,248.72,248.9,248.71,248.89,42118.0
14:40,248.82,248.83,248.72,248.72,29885.0
14:41,248.85,248.9,248.81,248.83,41373.0
14:42,248.58,248.84,248.57,248.84,49588.0
14:43,248.57,248.59,248.46,248.58,80040.0
14:44,248.61,248.69,248.58,248.59,35730.0
14:45,248.67,248.67,248.59,248.65,25242.0
14:46,248.55,248.69,248.55,248.67,35550.0
14:47,248.59,248.61,248.54,248.54,29632.0
14:48,248.57,248.58,248.48,248.57,35480.0
14:49,248.58,248.59,248.48,248.57,29565.0
14:50,248.65,248.71,248.57,248.57,30708.0
14:51,248.61,248.68,248.61,248.65,21722.0
14:52,248.54,248.66,248.54,248.61,29925.0
14:53,248.55,248.55,248.46,248.53,34165.0
14:54,248.48,248.53,248.45,248.53,34148.0
14:55,248.56,248.59,248.48,248.49,26628.0
14:56,248.38,248.58,248.36,248.57,44268.0
14:57,248.41,248.43,248.32,248.36,33230.0
14:58,248.49,248.49,248.4,248.4,31197.0
14:59,248.46,248.49,248.44,248.48,25615.0
15:00,248.41,248.53,248.41,248.46,35495.0
15:01,248.25,248.41,248.25,248.41,41801.0
15:02,248.34,248.34,248.21,248.24,37973.0
15:03,248.23,248.35,248.18,248.35,30438.0
15:04,248.18,248.23,248.16,248.23,29212.0
15:05,248.23,248.23,248.13,248.18,34049.0
15:06,248.43,248.43,248.2,248.22,45051.0
15:07,248.36,248.42,248.26,248.42,49853.0
15:08,248.54,248.55,248.34,248.38,52479.0
15:09,248.52,248.54,248.49,248.54,41005.0
15:10,248.59,248.64,248.52,248.52,38437.0
15:11,248.45,248.6,248.39,248.6,34663.0
15:12,248.43,248.44,248.34,248.44,30465.0
15:13,248.38,248.43,248.35,248.43,42045.0
15:14,248.41,248.45,248.35,248.37,35719.0
15:15,248.48,248.52,248.38,248.43,30922.0
15:16,248.4,248.54,248.39,248.49,60780.0
15:17,248.48,248.49,248.34,248.4,33034.0
15:18,248.57,248.59,248.48,248.48,35473.0
15:19,248.53,248.65,248.52,248.57,36291.0
15:20,248.59,248.71,248.53,248.53,54145.0
15:21,248.53,248.6,248.52,248.59,37503.0
15:22,248.56,248.58,248.47,248.52,50853.0
15:23,248.57,248.6,248.52,248.57,43511.0
15:24,248.55,248.57,248.53,248.55,34243.0
15:25,248.4,248.55,248.36,248.55,43479.0
15:26,248.42,248.43,248.32,248.39,37500.0
15:27,248.38,248.43,248.35,248.4,37858.0
15:28,248.34,248.39,248.27,248.35,48135.0
15:29,248.32,248.36,248.25,248.32,54705.0
15:30,248.16,248.32,248.16,248.32,57403.0
15:31,248.23,248.26,248.15,248.15,51681.0
15:32,248.24,248.28,248.21,248.23,51543.0
15:33,248.28,248.3,248.19,248.23,39790.0
15:34,248.35,248.38,248.26,248.28,51365.0
15:35,248.23,248.39,248.23,248.36,48635.0
15:36,248.29,248.3,248.2,248.23,45145.0
15:37,248.28,248.31,248.24,248.28,43184.0
15:38,248.31,248.32,248.21,248.27,39607.0
15:39,248.37,248.39,248.25,248.32,49656.0
15:40,248.47,248.5,248.37,248.38,50909.0
15:41,248.54,248.56,248.45,248.46,44163.0
15:42,248.5,248.56,248.46,248.55,45253.0
15:43,248.55,248.57,248.49,248.5,51133.0
15:44,248.52,248.59,248.51,248.55,71423.0
15:45,248.33,248.54,248.32,248.53,66604.0
15:46,248.31,248.4,248.28,248.35,63801.0
15:47,248.31,248.35,248.28,248.31,58525.0
15:48,248.08,248.35,248.08,248.32,69272.0
15:49,248.2,248.22,248.05,248.09,71734.0
15:50,248.31,248.38,248.11,248.19,124931.0
15:51,248.29,248.37,248.17,248.32,104976.0
15:52,248.35,248.36,248.24,248.27,75419.0
15:53,248.25,248.4,248.23,248.33,117530.0
15:54,248.03,248.41,248.01,248.27,203125.0
15:55,247.65,248.03,247.65,248.01,232707.0
15:56,247.38,247.71,247.38,247.65,217520.0
15:57,247.56,247.68,247.33,247.42,319258.0
15:58,247.66,247.7,247.55,247.56,371973.0
15:59,247.59,247.65,247.48,247.65,948457.0
