Time,Close,High,Low,Open,Volume
09:30,108.06,108.2,107.33,107.56,1790306.0
09:31,107.26,108.29,107.26,108.04,167761.0
09:32,108.43,108.55,107.25,107.34,117289.0
09:33,107.8,108.49,107.78,108.44,177271.0
09:34,107.64,108.23,107.52,107.88,134059.0
09:35,108.32,108.32,107.37,107.64,131470.0
09:36,109.24,109.24,108.3,108.34,151989.0
09:37,108.82,109.78,108.72,109.21,178876.0
09:38,107.87,109.04,107.87,108.88,117921.0
09:39,107.82,108.19,107.71,107.87,70892.0
09:40,108.16,108.28,107.57,107.71,118232.0
09:41,108.92,109.0,108.11,108.21,186684.0
09:42,108.25,109.05,107.78,108.95,110511.0
09:43,107.69,108.16,107.3,108.09,77916.0
09:44,107.54,107.96,107.42,107.67,73961.0
09:45,106.73,107.88,106.68,107.57,107649.0
09:46,106.48,106.92,106.34,106.74,103990.0
09:47,107.11,107.4,106.49,106.49,97048.0
09:48,107.7,107.77,107.11,107.13,87390.0
09:49,107.48,107.76,107.1,107.72,81143.0
09:50,107.93,108.06,107.4,107.43,95555.0
09:51,107.8,108.01,107.25,108.0,101982.0
09:52,108.29,108.3,107.51,107.75,87349.0
09:53,108.08,108.3,107.8,108.27,82109.0
09:54,108.5,108.6,108.07,108.11,77080.0
09:55,108.12,108.53,107.87,108.5,97711.0
09:56,107.29,108.14,106.95,108.09,74399.0
09:57,107.67,107.69,107.15,107.28,53287.0
09:58,107.52,107.79,107.17,107.67,42762.0
09:59,107.0,107.53,106.88,107.53,54878.0
10:00,107.23,107.91,107.08,107.08,102492.0
10:01,106.49,107.18,106.37,107.17,96874.0
10:02,106.08,106.54,105.9,106.53,134219.0
10:03,106.18,106.25,105.62,106.08,127650.0
10:04,106.4,106.49,106.04,106.19,85273.0
10:05,107.01,107.2,106.36,106.36,98680.0
10:06,107.54,107.65,106.8,106.99,88891.0
10:07,106.97,107.59,106.84,107.49,118756.0
10:08,106.94,107.07,106.45,107.04,75738.0
10:09,106.76,107.1,106.5,107.01,78012.0
10:10,106.29,106.74,105.86,106.74,81783.0
10:11,106.11,106.21,105.75,106.21,101244.0
10:12,106.21,106.48,105.89,106.15,50426.0
10:13,105.75,106.18,105.36,106.18,64290.0
10:14,105.78,106.1,105.54,105.69,42730.0
10:15,106.03,106.31,105.75,105.83,85277.0
10:16,105.87,106.15,105.77,106.08,36773.0
10:17,105.18,105.73,104.79,105.73,167461.0
10:18,105.82,105.89,105.13,105.19,61718.0
10:19,106.24,106.27,105.71,105.87,92639.0
10:20,105.39,106.33,105.01,106.25,105378.0
10:21,104.37,105.34,104.33,105.34,178802.0
10:22,105.3,105.3,104.1,104.37,138102.0
10:23,105.46,105.67,104.91,105.35,101022.0
10:24,105.74,105.87,104.81,105.38,118824.0
10:25,105.87,106.32,105.67,105.75,106202.0
10:26,105.44,105.9,105.0,105.9,85982.0
10:27,104.71,105.61,104.62,105.44,52155.0
10:28,104.01,104.77,103.93,104.68,106793.0
10:29,103.8,104.0,103.37,104.0,137132.0
10:30,104.0,104.14,103.37,103.79,90874.0
10:31,103.86,103.92,103.36,103.92,105974.0
10:32,104.02,104.2,103.81,103.85,126387.0
10:33,103.86,104.33,103.82,104.01,65592.0
10:34,103.4,104.01,103.37,103.84,76799.0
10:35,102.75,103.51,102.57,103.47,169057.0
10:36,102.79,103.09,102.51,102.8,195829.0
10:37,102.71,102.83,102.43,102.79,153257.0
10:38,103.2,103.64,102.69,102.71,88652.0
10:39,102.65,103.22,102.6,103.14,82603.0
10:40,102.38,102.75,102.13,102.68,189630.0
10:41,102.85,103.22,102.38,102.38,170510.0
10:42,103.44,103.53,102.82,102.86,118087.0
10:43,104.03,104.03,103.35,103.44,77755.0
10:44,104.27,104.5,103.97,103.97,92117.0
10:45,104.64,104.67,103.65,104.27,113689.0
10:46,104.8,104.87,103.94,104.59,167458.0
10:47,104.79,104.96,104.55,104.79,56879.0
10:48,104.57,104.9,104.33,104.88,115836.0
10:49,104.7,104.9,104.26,104.52,62056.0
10:50,104.54,104.68,104.18,104.68,58662.0
10:51,104.09,104.59,103.8,104.56,87960.0
10:52,103.44,104.11,103.31,104.1,81491.0
10:53,103.38,103.45,102.97,103.39,84011.0
10:54,103.94,104.0,103.3,103.39,67187.0
10:55,103.91,104.28,103.63,103.94,62140.0
10:56,103.94,104.07,103.34,103.94,45909.0
10:57,103.03,103.9,103.03,103.9,61348.0
10:58,103.35,103.58,102.97,103.12,110681.0
10:59,103.02,103.29,102.82,103.29,101088.0
11:00,103.37,103.44,103.1,103.11,33890.0
11:01,103.27,103.48,103.05,103.3,53265.0
11:02,103.08,103.35,102.89,103.29,39798.0
11:03,103.0,103.29,102.93,103.1,45420.0
11:04,102.53,102.97,102.36,102.96,77419.0
11:05,102.55,102.69,102.1,102.52,99680.0
11:06,103.06,103.12,102.48,102.5,180456.0
11:07,103.47,103.64,103.03,103.06,80554.0
11:08,103.9,103.97,103.3,103.45,98402.0
11:09,103.98,104.02,103.57,103.94,50376.0
11:10,104.28,104.35,103.91,103.91,54820.0
11:11,104.43,104.49,104.08,104.32,60848.0
11:12,104.45,104.66,104.13,104.41,57525.0
11:13,104.57,104.8,104.44,104.44,51625.0
11:14,104.16,104.57,104.08,104.57,45238.0
11:15,104.18,104.34,103.9,104.13,29497.0
11:16,104.21,104.27,103.91,104.27,32444.0
11:17,104.18,104.38,103.96,104.21,77567.0
11:18,103.47,104.24,103.36,104.21,104590.0
11:19,103.63,103.74,103.4,103.43,59575.0
11:20,104.46,104.54,103.55,103.59,38438.0
11:21,104.75,104.81,104.1,104.39,55670.0
11:22,104.81,105.0,104.66,104.75,77168.0
11:23,104.93,105.1,104.76,104.8,71061.0
11:24,105.73,105.74,104.92,104.92,148821.0
11:25,105.49,105.7,105.34,105.7,73594.0
11:26,105.54,105.69,105.41,105.45,60245.0
11:27,105.36,105.72,105.36,105.55,46453.0
11:28,105.43,105.48,105.18,105.34,50232.0
11:29,105.5,105.5,105.27,105.43,38151.0
11:30,105.73,105.82,105.49,105.49,73545.0
11:31,105.3,105.83,105.26,105.75,55663.0
11:32,105.63,105.69,105.07,105.3,106802.0
11:33,105.75,105.8,105.52,105.59,61727.0
11:34,105.76,105.92,105.6,105.78,61657.0
11:35,105.77,105.83,105.6,105.79,89187.0
11:36,106.0,106.16,105.77,105.77,156189.0
11:37,106.15,106.31,105.93,105.99,57299.0
11:38,106.17,106.3,105.96,106.15,43420.0
11:39,106.12,106.24,105.82,106.19,74219.0
11:40,106.41,106.55,106.06,106.11,111606.0
11:41,106.31,106.55,106.25,106.43,49625.0
11:42,106.34,106.43,106.15,106.26,30989.0
11:43,106.72,106.82,106.31,106.31,67809.0
11:44,106.58,106.69,106.36,106.69,48083.0
11:45,106.04,106.63,106.0,106.63,41871.0
11:46,106.33,106.5,106.16,106.16,38946.0
11:47,106.44,106.44,106.12,106.28,49620.0
11:48,106.74,106.8,106.45,106.45,52972.0
11:49,106.68,106.85,106.64,106.75,30288.0
11:50,106.77,106.84,106.39,106.67,55374.0
11:51,106.85,106.97,106.71,106.8,78042.0
11:52,107.31,107.4,106.84,106.86,107167.0
11:53,107.39,107.51,107.1,107.32,114762.0
11:54,107.15,107.43,107.1,107.41,66719.0
11:55,107.18,107.41,107.15,107.2,32800.0
11:56,107.46,107.49,107.18,107.23,81128.0
11:57,107.7,107.8,107.36,107.49,69545.0
11:58,107.91,108.07,107.66,107.66,70664.0
11:59,108.01,108.08,107.91,107.91,59904.0
12:00,107.59,108.1,107.5,108.07,115948.0
12:01,107.26,107.58,107.12,107.58,60232.0
12:02,107.21,107.55,107.06,107.3,74773.0
12:03,107.24,107.33,106.85,107.15,158936.0
12:04,107.5,107.5,107.2,107.27,58932.0
12:05,107.41,107.7,107.25,107.5,48434.0
12:06,107.35,107.46,107.27,107.4,34394.0
12:07,107.8,107.81,107.33,107.34,80218.0
12:08,107.83,107.92,107.25,107.79,217727.0
12:09,107.99,108.1,107.72,107.82,142858.0
12:10,107.84,108.06,107.65,107.99,45242.0
12:11,107.78,107.94,107.64,107.91,63471.0
12:12,107.8,107.91,107.38,107.88,42636.0
12:13,107.7,108.0,107.54,107.83,70600.0
12:14,107.8,107.98,107.64,107.65,30321.0
12:15,107.73,107.86,107.63,107.84,29082.0
12:16,107.56,107.76,107.42,107.76,30526.0
12:17,107.6,107.73,107.55,107.6,20854.0
12:18,107.83,107.94,107.63,107.64,23463.0
12:19,107.44,107.91,107.4,107.89,30376.0
12:20,107.31,107.43,107.1,107.43,43813.0
12:21,107.51,107.63,107.32,107.34,28332.0
12:22,107.61,107.8,107.53,107.53,53618.0
12:23,107.74,107.9,107.54,107.74,28460.0
12:24,107.75,107.88,107.71,107.75,23225.0
12:25,107.66,107.83,107.4,107.74,27732.0
12:26,107.72,107.84,107.61,107.62,15621.0
12:27,107.48,107.8,107.27,107.76,37767.0
12:28,107.19,107.48,107.11,107.44,22865.0
12:29,107.4,107.6,107.14,107.22,128226.0
12:30,107.67,107.71,107.4,107.5,20547.0
12:31,107.67,107.74,107.57,107.68,21318.0
12:32,107.83,107.89,107.6,107.72,20320.0
12:33,107.91,107.96,107.79,107.89,22591.0
12:34,107.77,107.97,107.7,107.9,27424.0
12:35,107.72,107.85,107.58,107.71,17972.0
12:36,107.65,107.83,107.6,107.74,12074.0
12:37,107.57,107.77,107.49,107.71,25180.0
12:38,107.17,107.6,107.06,107.52,43576.0
12:39,107.32,107.47,107.14,107.2,29190.0
12:40,107.28,107.5,107.28,107.3,16337.0
12:41,107.24,107.31,107.02,107.3,27636.0
12:42,107.25,107.32,107.01,107.25,53111.0
12:43,107.36,107.49,107.28,107.28,18513.0
12:44,107.28,107.44,107.21,107.36,10600.0
12:45,107.21,107.44,107.13,107.3,16887.0
12:46,107.11,107.23,106.89,107.23,54230.0
12:47,107.17,107.32,107.0,107.17,71258.0
12:48,107.45,107.49,107.04,107.18,35782.0
12:49,107.4,107.61,107.33,107.46,28780.0
12:50,106.93,107.36,106.9,107.36,27289.0
12:51,106.94,107.05,106.81,106.91,23444.0
12:52,106.75,106.94,106.65,106.94,27212.0
12:53,106.94,106.96,106.69,106.77,28644.0
12:54,107.17,107.18,106.71,106.93,30808.0
12:55,107.42,107.52,107.19,107.25,21975.0
12:56,107.18,107.42,107.03,107.37,29302.0
12:57,107.15,107.24,106.99,107.21,18863.0
12:58,107.1,107.33,107.07,107.15,25106.0
12:59,107.21,107.3,107.07,107.11,11153.0
13:00,107.26,107.45,107.18,107.26,19325.0
13:01,107.25,107.25,107.01,107.18,20989.0
13:02,107.11,107.24,107.04,107.24,14396.0
13:03,106.95,107.06,106.81,107.06,28502.0
13:04,106.42,106.95,106.38,106.95,53943.0
13:05,106.19,106.57,106.17,106.41,52126.0
13:06,106.44,106.63,106.15,106.18,45203.0
13:07,106.12,106.49,106.06,106.49,35020.0
13:08,106.11,106.28,106.03,106.19,36267.0
13:09,106.35,106.5,106.09,106.11,65850.0
13:10,106.15,106.4,106.05,106.4,27159.0
13:11,106.03,106.18,105.91,106.18,53631.0
13:12,106.07,106.2,105.91,106.03,28214.0
13:13,106.09,106.26,106.08,106.08,28646.0
13:14,105.93,106.11,105.88,106.08,24251.0
13:15,105.81,105.93,105.63,105.93,35167.0
13:16,105.97,106.0,105.65,105.83,33251.0
13:17,105.7,105.96,105.67,105.96,24833.0
13:18,105.68,105.71,105.55,105.67,30830.0
13:19,105.86,106.02,105.66,105.68,73266.0
13:20,106.12,106.16,105.56,105.86,122890.0
13:21,106.44,106.52,106.14,106.15,31931.0
13:22,106.31,106.45,106.07,106.45,47406.0
13:23,106.11,106.35,106.07,106.3,7142778.0
13:24,106.07,106.12,105.95,106.11,1.0
13:25,106.5,106.6,105.9,106.07,48509.0
13:26,106.35,106.59,106.2,106.5,20874.0
13:27,106.34,106.43,106.19,106.39,23137.0
13:28,106.31,106.48,106.3,106.33,20087.0
13:29,106.57,106.59,106.24,106.35,18123.0
13:30,106.82,106.86,106.38,106.54,37246.0
13:31,107.11,107.11,106.77,106.78,38260.0
13:32,107.43,107.43,107.03,107.12,65490.0
13:33,107.2,107.55,107.05,107.43,55897.0
13:34,107.13,107.29,107.03,107.18,36919.0
13:35,107.14,107.28,107.04,107.19,27423.0
13:36,107.32,107.36,107.14,107.22,23600.0
13:37,107.37,107.47,107.25,107.34,22353.0
13:38,107.4,107.45,107.25,107.38,15481.0
13:39,107.43,107.5,107.36,107.43,17150.0
13:40,107.25,107.44,107.16,107.39,19883.0
13:41,106.99,107.25,106.8,107.25,40622.0
13:42,106.96,107.02,106.82,107.0,23778.0
13:43,107.14,107.15,106.9,106.97,22582.0
13:44,107.22,107.31,107.07,107.07,19133.0
13:45,107.19,107.34,107.16,107.34,16010.0
13:46,107.18,107.26,107.08,107.2,14135.0
13:47,107.25,107.34,107.06,107.22,16743.0
13:48,108.21,108.39,107.06,107.32,170165.0
13:49,108.39,108.65,108.12,108.24,76716.0
13:50,108.76,108.97,108.42,108.44,87086.0
13:51,108.76,108.8,108.46,108.74,42094.0
13:52,108.27,108.77,108.19,108.75,31754.0
13:53,108.39,108.5,108.3,108.31,22581.0
13:54,108.0,108.34,107.83,108.34,41178.0
13:55,108.44,108.47,107.93,107.96,36948.0
13:56,108.26,108.57,108.2,108.43,66842.0
13:57,108.1,108.3,107.85,108.23,57991.0
13:58,108.25,108.3,107.95,108.07,44117.0
13:59,108.05,108.31,108.01,108.26,21555.0
14:00,108.37,108.4,108.0,108.0,21912.0
14:01,108.2,108.44,108.16,108.37,34700.0
14:02,108.3,108.33,108.1,108.22,35096.0
14:03,108.22,108.37,108.16,108.25,18060.0
14:04,108.54,108.62,108.25,108.25,34155.0
14:05,108.59,108.68,108.5,108.53,20388.0
14:06,108.77,108.77,108.39,108.56,25569.0
14:07,108.79,108.9,108.64,108.78,57153.0
14:08,108.67,108.88,108.53,108.79,32792.0
14:09,108.76,108.95,108.68,108.69,25841.0
14:10,108.83,109.03,108.7,108.75,50197.0
14:11,108.57,108.83,108.55,108.83,43422.0
14:12,108.68,108.72,108.55,108.59,21228.0
14:13,108.51,108.73,108.47,108.67,34110.0
14:14,108.75,108.86,108.5,108.53,27477.0
14:15,108.79,108.83,108.65,108.78,31961.0
14:16,109.09,109.14,108.82,108.83,37235.0
14:17,109.18,109.2,109.0,109.1,62889.0
14:18,109.15,109.17,108.89,109.16,33542.0
14:19,109.28,109.34,109.09,109.12,50243.0
14:20,109.44,109.46,109.1,109.25,53189.0
14:21,109.84,109.87,109.39,109.44,106590.0
14:22,109.83,109.91,109.71,109.85,112688.0
14:23,109.84,109.86,109.63,109.85,57231.0
14:24,109.68,109.84,109.52,109.79,66683.0
14:25,109.63,109.96,109.63,109.66,105985.0
14:26,109.9,109.9,109.64,109.64,88184.0
14:27,109.54,109.98,109.53,109.9,76609.0
14:28,109.51,109.59,109.27,109.53,57392.0
14:29,109.61,109.67,109.48,109.5,24031.0
14:30,109.51,109.8,109.5,109.61,33526.0
14:31,109.44,109.6,109.34,109.57,30879.0
14:32,109.29,109.43,109.21,109.43,35797.0
14:33,109.15,109.32,109.0,109.31,21351.0
14:34,109.11,109.2,109.0,109.12,32806.0
14:35,109.39,109.42,109.15,109.18,15858.0
14:36,109.68,109.73,109.39,109.39,57896.0
14:37,109.67,109.79,109.52,109.68,47348.0
14:38,109.61,109.71,109.55,109.63,65699.0
14:39,109.61,109.75,109.47,109.59,69788.0
14:40,109.28,109.8,109.28,109.62,65490.0
14:41,109.38,109.39,109.0,109.29,47122.0
14:42,109.17,109.43,109.06,109.43,31336.0
14:43,108.94,109.3,108.9,109.16,68318.0
14:44,108.69,109.01,108.66,108.91,37452.0
14:45,108.61,108.78,108.46,108.78,49805.0
14:46,108.61,108.65,108.42,108.61,29477.0
14:47,108.64,108.73,108.41,108.64,31401.0
14:48,108.82,108.98,108.65,108.69,42190.0
14:49,108.82,108.99,108.6,108.79,41049.0
14:50,108.76,108.9,108.68,108.87,33565.0
14:51,108.7,108.79,108.6,108.75,21296.0
14:52,108.63,108.87,108.5,108.69,29743.0
14:53,108.19,108.59,108.13,108.59,42962.0
14:54,108.35,108.38,108.0,108.15,40677.0
14:55,108.69,108.69,108.34,108.34,9599748.0
14:56,108.52,108.73,108.45,108.69,1.0
14:57,108.32,108.52,108.17,108.52,23680.0
14:58,108.36,108.53,108.36,108.42,18796.0
14:59,108.58,108.6,108.33,108.34,39942.0
15:00,108.74,108.78,108.55,108.58,48767.0
15:01,108.96,108.98,108.53,108.74,41465.0
15:02,108.8,108.96,108.63,108.96,32761.0
15:03,108.89,108.95,108.76,108.76,36949.0
15:04,108.61,108.91,108.59,108.89,48521.0
15:05,108.48,108.61,108.3,108.61,39022.0
15:06,108.46,108.66,108.46,108.53,28048.0
15:07,108.28,108.6,108.26,108.46,9793604.0
15:08,108.34,108.35,108.05,108.28,1.0
15:09,108.46,108.53,108.3,108.32,31396.0
15:10,108.45,108.55,108.39,108.49,32342.0
15:11,108.54,108.57,108.45,108.45,23208.0
15:12,108.73,108.84,108.53,108.54,34865.0
15:13,108.56,108.71,108.47,108.71,30164.0
15:14,108.67,108.71,108.51,108.56,26938.0
15:15,108.54,108.67,108.45,108.67,30956.0
15:16,108.5,108.54,108.32,108.54,54496.0
15:17,108.5,108.55,108.35,108.51,28182.0
15:18,108.52,108.57,108.42,108.48,45784.0
15:19,108.6,108.69,108.51,108.52,35688.0
15:20,108.46,108.64,108.33,108.59,20117.0
15:21,108.45,108.54,108.41,108.45,36510.0
15:22,108.45,108.57,108.35,108.43,31497.0
15:23,108.04,108.48,108.03,108.45,40294.0
15:24,107.73,108.03,107.62,108.03,122399.0
15:25,107.92,107.96,107.73,107.73,61012.0
15:26,107.93,107.94,107.73,107.88,43525.0
15:27,107.68,107.96,107.64,107.94,63584.0
15:28,107.51,107.68,107.4,107.67,84252.0
15:29,107.37,107.5,107.32,107.5,55453.0
15:30,107.32,107.48,107.2,107.37,80943.0
15:31,107.39,107.4,107.12,107.32,90810.0
15:32,107.0,107.38,107.0,107.37,48797.0
15:33,107.36,107.48,106.96,107.0,112212.0
15:34,107.4,107.51,107.17,107.35,70150.0
15:35,107.72,107.86,107.36,107.36,74323.0
15:36,107.79,107.83,107.64,107.67,41134.0
15:37,107.61,107.8,107.49,107.8,62069.0
15:38,107.81,107.81,107.61,107.61,36211.0
15:39,107.71,107.9,107.71,107.81,11058615.0
15:40,107.4,107.76,107.25,107.71,274776.0
15:41,107.14,107.47,107.11,107.38,1.0
15:42,107.03,107.23,107.0,107.14,49852.0
15:43,107.12,107.17,106.91,107.0,78780.0
15:44,107.06,107.16,107.03,107.1,81038.0
15:45,107.36,107.4,107.03,107.06,92670.0
15:46,107.3,107.46,107.27,107.36,100546.0
15:47,107.25,107.48,107.21,107.31,94604.0
15:48,107.05,107.29,106.9,107.24,95858.0
15:49,107.02,107.19,107.0,107.03,61357.0
15:50,106.96,107.03,106.8,107.0,141604.0
15:51,107.24,107.38,106.87,106.97,103051.0
15:52,107.31,107.45,107.13,107.25,83705.0
15:53,107.24,107.45,107.19,107.32,74886.0
15:54,107.27,107.36,107.16,107.22,120415.0
15:55,107.26,107.3,106.92,107.28,140452.0
15:56,107.27,107.32,106.97,107.26,142096.0
15:57,107.28,107.31,107.1,107.29,164953.0
15:58,107.22,107.3,107.19,107.28,12122351.0
15:59,107.31,107.31,107.15,107.22,1.0
