Time,Close,High,Low,Open,Volume
09:30,124.77,126.22,124.58,126.1,570282.0
09:31,125.27,125.53,124.4,124.84,96823.0
09:32,125.95,126.1,125.19,125.3,423201.0
09:33,125.62,126.42,125.47,125.93,1.0
09:34,125.18,126.0,125.1,125.66,62148.0
09:35,125.82,125.97,125.08,125.15,46578.0
09:36,125.99,126.05,125.54,125.85,64829.0
09:37,125.52,126.1,125.39,126.03,52830.0
09:38,125.93,126.08,125.39,125.54,41360.0
09:39,125.68,126.0,125.49,125.89,68172.0
09:40,126.47,126.62,125.59,125.59,98029.0
09:41,127.32,127.5,126.61,126.61,194011.0
09:42,127.46,127.49,127.01,127.39,147887.0
09:43,127.51,127.74,127.36,127.43,144428.0
09:44,126.27,127.53,126.1,127.51,126115.0
09:45,125.55,126.37,125.53,126.18,82027.0
09:46,126.25,126.34,125.55,125.55,100386.0
09:47,126.29,126.61,126.0,126.28,82553.0
09:48,126.24,126.47,126.11,126.25,40122.0
09:49,126.8,126.96,126.1,126.24,57325.0
09:50,127.06,127.06,126.62,126.81,47017.0
09:51,126.89,127.09,126.5,127.02,44708.0
09:52,126.73,127.1,126.61,126.87,44237.0
09:53,126.91,127.0,126.61,126.71,50980.0
09:54,127.64,127.69,127.0,127.0,57485.0
09:55,128.0,128.06,127.46,127.57,80001.0
09:56,128.65,128.65,127.82,127.99,109722.0
09:57,128.59,128.71,128.34,128.65,101879.0
09:58,128.43,128.81,128.31,128.61,89073.0
09:59,128.44,128.5,128.18,128.36,66865.0
10:00,128.79,128.8,128.36,128.47,97667.0
10:01,129.53,129.55,128.71,128.8,178610.0
10:02,129.91,129.98,129.29,129.45,165353.0
10:03,130.39,130.45,129.89,129.93,228925.0
10:04,130.64,130.67,130.35,130.36,173783.0
10:05,130.18,130.68,130.05,130.62,120750.0
10:06,130.0,130.2,129.8,130.17,118131.0
10:07,130.06,130.37,129.85,129.98,73825.0
10:08,129.98,130.09,129.75,130.05,79918.0
10:09,129.66,130.04,129.51,129.96,77339.0
10:10,130.25,130.25,129.6,129.61,76139.0
10:11,130.41,130.71,130.08,130.21,138069.0
10:12,130.1,130.46,129.91,130.38,89035.0
10:13,129.74,130.13,129.67,130.13,59995.0
10:14,129.29,129.93,129.2,129.67,87628.0
10:15,129.31,129.53,129.03,129.37,76289.0
10:16,129.56,129.62,129.18,129.31,52036.0
10:17,129.75,129.92,129.58,129.58,56946.0
10:18,129.87,129.96,129.7,129.79,30916.0
10:19,129.56,129.9,129.36,129.84,31128.0
10:20,129.87,129.94,129.5,129.5,28874.0
10:21,129.42,129.95,129.38,129.8,37247.0
10:22,129.42,129.48,129.01,129.31,47860.0
10:23,129.49,129.56,129.25,129.38,43807.0
10:24,129.48,129.57,129.43,129.46,28457.0
10:25,129.43,129.57,129.12,129.51,33734.0
10:26,129.68,129.69,129.39,129.44,24199.0
10:27,129.69,129.74,129.3,129.68,45425.0
10:28,129.71,129.82,129.55,129.66,28225.0
10:29,129.47,129.77,129.42,129.77,32518.0
10:30,129.22,129.59,129.17,129.46,42102.0
10:31,129.29,129.34,129.06,129.21,29388.0
10:32,129.32,129.34,129.13,129.2,42713.0
10:33,129.75,129.89,129.31,129.33,77615.0
10:34,129.9,129.95,129.68,129.78,52374.0
10:35,130.23,130.44,129.89,129.89,123086.0
10:36,130.38,130.4,130.05,130.25,55200.0
10:37,130.5,130.57,130.27,130.39,2009248.0
10:38,130.11,130.62,130.09,130.5,1.0
10:39,130.54,130.59,130.13,130.15,41950.0
10:40,130.49,130.7,130.4,130.58,46759.0
10:41,130.37,130.53,130.31,130.47,46183.0
10:42,130.47,130.47,130.14,130.33,35450.0
10:43,130.49,130.72,130.38,130.4,61655.0
10:44,130.37,130.56,130.35,130.5,28389.0
10:45,130.28,130.5,130.25,130.38,36284.0
10:46,130.77,130.79,130.37,130.43,60277.0
10:47,130.91,130.98,130.6,130.74,52535.0
10:48,131.19,131.25,130.81,130.88,100168.0
10:49,130.89,131.27,130.89,131.21,60089.0
10:50,130.69,130.9,130.59,130.85,68287.0
10:51,130.45,130.8,130.41,130.65,51125.0
10:52,130.39,130.5,130.23,130.44,52222.0
10:53,130.43,130.5,130.3,130.4,31072.0
10:54,130.13,130.5,130.1,130.5,38578.0
10:55,130.35,130.38,130.1,130.15,61557.0
10:56,130.01,130.45,129.97,130.4,38066.0
10:57,130.21,130.24,129.98,130.05,24201.0
10:58,130.15,130.3,130.02,130.23,19683.0
10:59,130.22,130.25,130.07,130.13,18312.0
11:00,130.41,130.46,130.18,130.25,25418.0
11:01,130.68,130.73,130.34,130.43,50249.0
11:02,130.65,130.7,130.51,130.7,22785.0
11:03,130.57,130.79,130.56,130.67,25816.0
11:04,130.84,130.87,130.47,130.6,31272.0
11:05,130.72,130.84,130.52,130.83,29325.0
11:06,130.57,130.78,130.57,130.78,21688.0
11:07,130.62,130.7,130.47,130.5,46879.0
11:08,130.6,130.74,130.51,130.63,32796.0
11:09,130.3,130.6,130.26,130.57,35680.0
11:10,130.08,130.37,129.97,130.31,64941.0
11:11,129.99,130.21,129.91,130.08,43045.0
11:12,129.99,130.12,129.84,129.98,25937.0
11:13,130.23,130.26,129.96,129.98,30058.0
11:14,130.48,130.49,130.2,130.22,22663.0
11:15,130.55,130.64,130.44,130.48,23776.0
11:16,130.86,130.88,130.5,130.55,34395.0
11:17,130.87,131.05,130.79,130.82,62374.0
11:18,131.05,131.08,130.69,130.77,40110.0
11:19,131.17,131.27,131.04,131.05,85273.0
11:20,131.06,131.21,131.02,131.2,34865.0
11:21,131.18,131.35,131.09,131.09,56734.0
11:22,131.25,131.34,131.12,131.18,27735.0
11:23,131.11,131.26,131.09,131.26,53219.0
11:24,131.06,131.11,130.83,131.09,41627.0
11:25,131.21,131.23,130.99,131.09,21991.0
11:26,131.01,131.28,130.98,131.21,20456.0
11:27,131.0,131.21,131.0,131.04,31917.0
11:28,131.12,131.14,130.93,131.03,20546.0
11:29,131.3,131.36,131.14,131.14,26832.0
11:30,131.35,131.37,131.18,131.31,30132.0
11:31,131.53,131.57,131.27,131.34,57696.0
11:32,131.32,131.55,131.29,131.53,43484.0
11:33,131.42,131.44,131.17,131.32,36016.0
11:34,131.43,131.5,131.32,131.4,42343.0
11:35,131.43,131.49,131.28,131.45,38568.0
11:36,131.46,131.5,131.27,131.46,31960.0
11:37,131.46,131.56,131.41,131.46,29319.0
11:38,131.61,131.68,131.45,131.45,39430.0
11:39,131.46,131.68,131.41,131.63,27988.0
11:40,131.48,131.53,131.27,131.39,55981.0
11:41,131.46,131.53,131.44,131.49,13165.0
11:42,131.53,131.56,131.46,131.5,20932.0
11:43,131.58,131.59,131.44,131.5,16674.0
11:44,131.52,131.62,131.48,131.56,24227.0
11:45,131.46,131.57,131.44,131.5,13719.0
11:46,131.59,131.69,131.33,131.42,25250.0
11:47,131.68,131.8,131.57,131.58,31000.0
11:48,131.44,131.69,131.44,131.69,21992.0
11:49,131.31,131.48,131.29,131.46,22235.0
11:50,131.35,131.35,131.09,131.33,35881.0
11:51,131.57,131.6,131.32,131.32,27588.0
11:52,131.7,131.8,131.54,131.57,44484.0
11:53,131.65,131.75,131.55,131.71,24098.0
11:54,131.58,131.71,131.56,131.66,27757.0
11:55,131.2,131.63,131.16,131.59,39013.0
11:56,131.23,131.36,131.15,131.2,25833.0
11:57,130.97,131.17,130.92,131.17,58102.0
11:58,130.89,131.11,130.8,130.93,57237.0
11:59,130.84,131.09,130.81,130.92,42130.0
12:00,131.1,131.16,130.8,130.87,50755.0
12:01,131.16,131.26,131.02,131.1,56418.0
12:02,131.25,131.32,131.09,131.2,22073.0
12:03,131.2,131.26,131.15,131.26,21002.0
12:04,131.16,131.27,131.1,131.2,18948.0
12:05,131.09,131.23,131.06,131.15,14965.0
12:06,130.84,131.05,130.84,131.05,26792.0
12:07,130.93,130.96,130.58,130.84,57367.0
12:08,130.9,131.03,130.85,130.96,17433.0
12:09,130.93,130.97,130.84,130.91,9851.0
12:10,130.77,130.98,130.76,130.95,16244.0
12:11,130.82,130.9,130.62,130.82,29854.0
12:12,131.19,131.19,130.81,130.83,38573.0
12:13,131.26,131.29,131.17,131.2,22598.0
12:14,131.46,131.5,131.14,131.26,24108.0
12:15,131.49,131.51,131.35,131.46,23056.0
12:16,131.59,131.62,131.48,131.48,22036.0
12:17,131.55,131.6,131.42,131.52,18158.0
12:18,131.52,131.6,131.47,131.53,18096.0
12:19,131.65,131.66,131.43,131.47,21594.0
12:20,131.87,131.9,131.6,131.65,31099.0
12:21,131.96,132.04,131.84,131.84,84115.0
12:22,131.99,132.06,131.87,131.95,26565.0
12:23,132.1,132.2,131.98,131.98,61436.0
12:24,132.14,132.18,132.02,132.1,39072.0
12:25,132.1,132.21,132.01,132.18,23663.0
12:26,132.14,132.2,131.98,132.11,24492.0
12:27,132.16,132.28,132.11,132.14,38527.0
12:28,132.11,132.27,132.06,132.16,38980.0
12:29,132.04,132.15,132.02,132.08,16593.0
12:30,132.03,132.14,132.0,132.07,25175.0
12:31,132.09,132.1,131.92,132.04,33008.0
12:32,132.2,132.23,132.04,132.07,28984.0
12:33,132.37,132.42,132.19,132.23,38701.0
12:34,132.19,132.38,132.19,132.38,36628.0
12:35,132.26,132.28,132.06,132.18,24178.0
12:36,132.28,132.34,132.18,132.26,23911.0
12:37,132.28,132.29,132.15,132.29,12896.0
12:38,132.33,132.36,132.25,132.29,17351.0
12:39,132.53,132.55,132.31,132.31,30586.0
12:40,132.42,132.54,132.4,132.52,26189.0
12:41,132.55,132.58,132.43,132.43,30587.0
12:42,132.49,132.58,132.45,132.57,39320.0
12:43,132.26,132.49,132.23,132.47,95281.0
12:44,132.09,132.35,132.04,132.27,92077.0
12:45,132.22,132.22,131.99,132.08,42019.0
12:46,132.3,132.4,132.13,132.13,23583.0
12:47,132.45,132.47,132.32,132.34,25560.0
12:48,132.71,132.79,132.46,132.47,60043.0
12:49,132.81,132.84,132.68,132.71,66914.0
12:50,132.6,132.82,132.6,132.82,31135.0
12:51,132.8,132.87,132.57,132.6,41915.0
12:52,132.76,132.88,132.68,132.81,31503.0
12:53,132.77,132.83,132.71,132.79,17871.0
12:54,132.89,132.94,132.74,132.74,34052.0
12:55,132.67,132.85,132.64,132.85,22029.0
12:56,132.92,132.92,132.6,132.69,24369.0
12:57,132.85,132.95,132.82,132.91,23099.0
12:58,132.72,132.9,132.7,132.87,38472.0
12:59,132.75,132.87,132.69,132.74,18219.0
13:00,132.68,132.76,132.65,132.74,14179.0
13:01,132.87,132.95,132.66,132.68,29920.0
13:02,132.9,132.98,132.78,132.91,56048.0
13:03,132.86,132.96,132.82,132.91,21585.0
13:04,132.85,132.93,132.8,132.88,18525.0
13:05,132.85,132.88,132.77,132.85,13267.0
13:06,132.79,132.9,132.63,132.87,21342.0
13:07,132.75,132.78,132.66,132.7,24666.0
13:08,132.76,132.8,132.67,132.67,13614.0
13:09,132.92,133.0,132.74,132.77,25017.0
13:10,132.91,133.04,132.85,132.88,46537.0
13:11,133.0,133.0,132.88,132.91,19002.0
13:12,133.08,133.24,132.96,133.01,45338.0
13:13,133.28,133.29,133.04,133.05,45153.0
13:14,133.36,133.38,133.19,133.28,41076.0
13:15,133.44,133.5,133.33,133.36,85324.0
13:16,133.38,133.57,133.38,133.45,80708.0
13:17,133.33,133.42,133.3,133.41,45687.0
13:18,133.16,133.33,133.13,133.31,37803.0
13:19,133.09,133.16,133.02,133.16,25681.0
13:20,133.2,133.23,133.03,133.09,39626.0
13:21,133.1,133.21,132.96,133.21,40436.0
13:22,133.13,133.2,133.08,133.12,16328.0
13:23,132.92,133.13,132.9,133.13,32209.0
13:24,132.92,133.0,132.82,132.93,33988.0
13:25,133.06,133.08,132.82,132.91,25857.0
13:26,132.81,133.05,132.81,133.05,19121.0
13:27,132.85,132.95,132.81,132.88,16326.0
13:28,132.88,132.96,132.82,132.87,17861.0
13:29,132.95,133.0,132.83,132.86,39403.0
13:30,133.05,133.1,132.96,132.96,26471.0
13:31,133.04,133.09,132.93,133.07,20664.0
13:32,133.1,133.14,132.95,133.05,30878.0
13:33,133.07,133.14,133.02,133.11,21119.0
13:34,132.93,133.07,132.93,133.06,18269.0
13:35,132.96,133.0,132.83,132.93,19073.0
13:36,132.92,133.01,132.9,132.99,21248.0
13:37,132.69,132.95,132.65,132.91,42319.0
13:38,132.61,132.76,132.59,132.66,24996.0
13:39,132.67,132.67,132.5,132.64,51389.0
13:40,132.79,132.85,132.66,132.69,42342.0
13:41,132.92,133.01,132.83,132.83,39052.0
13:42,132.9,132.96,132.81,132.92,21553.0
13:43,133.01,133.01,132.88,132.89,24025.0
13:44,132.79,133.02,132.79,133.0,15824.0
13:45,132.76,132.85,132.72,132.84,20262.0
13:46,132.82,132.85,132.71,132.76,18466.0
13:47,132.82,132.91,132.79,132.82,14886.0
13:48,132.81,132.85,132.77,132.84,11407.0
13:49,132.7,132.82,132.65,132.8,12299.0
13:50,132.56,132.71,132.54,132.69,21624.0
13:51,132.49,132.6,132.42,132.57,21168.0
13:52,132.49,132.52,132.45,132.5,13098.0
13:53,132.49,132.57,132.46,132.49,12120.0
13:54,132.23,132.47,132.22,132.47,23945.0
13:55,132.34,132.35,132.25,132.25,23149.0
13:56,132.15,132.34,132.07,132.3,28451.0
13:57,132.15,132.25,132.11,132.14,22299.0
13:58,131.97,132.15,131.93,132.13,31582.0
13:59,132.12,132.13,131.96,131.98,16040.0
14:00,132.04,132.13,131.93,132.06,28797.0
14:01,132.23,132.24,132.1,132.1,26706.0
14:02,132.25,132.31,132.16,132.22,25537.0
14:03,132.33,132.36,132.17,132.25,15265.0
14:04,132.44,132.46,132.32,132.36,25349.0
14:05,132.26,132.48,132.22,132.41,28223.0
14:06,132.59,132.63,132.29,132.29,33833.0
14:07,132.75,132.75,132.59,132.59,28588.0
14:08,132.65,132.88,132.62,132.77,28292.0
14:09,132.71,132.73,132.59,132.63,17675.0
14:10,132.71,132.73,132.64,132.68,13458.0
14:11,132.63,132.73,132.6,132.71,18074.0
14:12,132.68,132.78,132.62,132.65,14169.0
14:13,132.91,132.97,132.68,132.7,28132.0
14:14,132.87,132.94,132.85,132.9,27544.0
14:15,132.76,132.94,132.73,132.89,21696.0
14:16,132.67,132.85,132.66,132.76,11229.0
14:17,132.73,132.73,132.56,132.61,24306.0
14:18,132.74,132.76,132.69,132.73,25714.0
14:19,132.79,132.82,132.73,132.76,11293.0
14:20,132.76,132.83,132.75,132.79,16462.0
14:21,132.8,132.8,132.72,132.76,12834.0
14:22,132.71,132.8,132.69,132.8,10665.0
14:23,132.88,132.88,132.68,132.74,14834.0
14:24,132.88,132.9,132.82,132.86,15118.0
14:25,132.68,132.9,132.68,132.9,21514.0
14:26,132.81,132.87,132.68,132.68,4629310.0
14:27,132.77,132.91,132.75,132.84,1.0
14:28,132.77,132.83,132.75,132.77,7274.0
14:29,132.74,132.85,132.72,132.76,10863.0
14:30,132.86,132.86,132.7,132.71,18990.0
14:31,132.84,132.9,132.81,132.86,17319.0
14:32,132.99,133.0,132.86,132.87,19580.0
14:33,132.96,133.03,132.91,132.98,24772.0
14:34,132.93,132.98,132.82,132.94,23878.0
14:35,132.93,132.93,132.8,132.9,13992.0
14:36,133.06,133.06,132.93,132.94,31986.0
14:37,132.95,133.03,132.88,133.02,13818.0
14:38,132.94,132.99,132.89,132.98,13710.0
14:39,132.96,133.01,132.94,132.96,6855.0
14:40,132.92,133.0,132.34,132.98,73835.0
14:41,132.78,132.95,132.78,132.88,17433.0
14:42,132.92,132.95,132.81,132.82,16226.0
14:43,132.98,133.02,132.88,132.92,26223.0
14:44,132.98,133.01,132.94,132.97,12840.0
14:45,132.89,132.95,132.89,132.92,9326.0
14:46,132.99,133.0,132.86,132.92,19352.0
14:47,132.99,133.03,132.92,132.97,23515.0
14:48,133.04,133.05,132.97,133.0,28945.0
14:49,133.05,133.1,133.02,133.05,20740.0
14:50,133.15,133.16,133.01,133.04,22174.0
14:51,133.3,133.33,133.1,133.16,31524.0
14:52,133.4,133.44,133.29,133.3,45050.0
14:53,133.43,133.43,133.35,133.4,26461.0
14:54,133.38,133.44,133.3,133.43,28249.0
14:55,133.32,133.38,133.28,133.38,32505.0
14:56,133.34,133.43,133.33,133.33,16466.0
14:57,133.36,133.41,133.33,133.33,13201.0
14:58,133.39,133.39,133.32,133.36,13031.0
14:59,133.51,133.55,133.36,133.38,33876.0
15:00,133.63,133.65,133.39,133.5,36921.0
15:01,133.49,133.65,133.49,133.65,33853.0
15:02,133.4,133.49,133.3,133.49,36314.0
15:03,133.37,133.55,133.35,133.39,44584.0
15:04,133.23,133.37,133.21,133.35,31337.0
15:05,133.1,133.25,133.04,133.23,28592.0
15:06,133.24,133.25,133.04,133.08,26989.0
15:07,133.33,133.34,133.22,133.23,18948.0
15:08,133.43,133.47,133.32,133.33,23694.0
15:09,133.4,133.44,133.31,133.42,26917.0
15:10,133.53,133.61,133.39,133.39,42786.0
15:11,133.65,133.66,133.38,133.52,43047.0
15:12,133.69,133.72,133.58,133.63,38742.0
15:13,133.71,133.73,133.61,133.69,28091.0
15:14,133.79,133.84,133.68,133.7,42120.0
15:15,133.94,133.94,133.78,133.78,57652.0
15:16,133.88,133.95,133.83,133.93,38739.0
15:17,133.93,133.95,133.88,133.88,29348.0
15:18,133.89,133.94,133.81,133.92,27374.0
15:19,133.88,133.96,133.76,133.9,39989.0
15:20,133.91,134.03,133.85,133.85,86577.0
15:21,133.85,134.0,133.82,133.87,24309.0
15:22,134.01,134.03,133.82,133.86,26355.0
15:23,133.99,134.03,133.92,134.0,19002.0
15:24,134.07,134.11,133.97,133.97,35382.0
15:25,134.11,134.18,134.02,134.1,41997.0
15:26,134.04,134.13,133.96,134.13,50540.0
15:27,134.06,134.12,133.96,134.03,43152.0
15:28,134.04,134.12,133.98,134.06,35304.0
15:29,134.04,134.05,133.99,134.03,14952.0
15:30,133.85,134.08,133.8,134.0,48680.0
15:31,133.97,134.02,133.82,133.85,37692.0
15:32,133.93,134.12,133.91,133.99,42725.0
15:33,134.0,134.1,133.92,133.92,37876.0
15:34,134.03,134.07,133.98,134.01,26158.0
15:35,134.07,134.12,133.95,134.04,39230.0
15:36,134.03,134.08,134.0,134.07,27536.0
15:37,133.99,134.04,133.98,134.01,34938.0
15:38,134.04,134.1,133.92,134.0,37913.0
15:39,134.01,134.02,133.93,134.01,19462.0
15:40,134.06,134.08,133.88,133.96,52417.0
15:41,134.04,134.08,133.95,134.07,24901.0
15:42,134.07,134.08,134.02,134.04,31837.0
15:43,134.07,134.13,134.05,134.05,40260.0
15:44,134.18,134.19,134.07,134.07,52233.0
15:45,134.27,134.3,134.17,134.17,72978.0
15:46,134.12,134.26,134.09,134.25,45034.0
15:47,134.04,134.12,133.95,134.1,56335.0
15:48,134.2,134.25,134.05,134.08,83803.0
15:49,134.19,134.28,134.17,134.21,39908.0
15:50,134.07,134.22,134.0,134.2,51504.0
15:51,134.18,134.28,134.09,134.09,56101.0
15:52,134.24,134.27,134.17,134.19,49784.0
15:53,134.18,134.33,134.16,134.24,65378.0
15:54,134.01,134.26,133.97,134.15,63071.0
15:55,133.84,134.0,133.71,133.99,99056.0
15:56,133.75,133.92,133.71,133.84,88602.0
15:57,133.58,133.79,133.57,133.73,107791.0
15:58,133.65,133.66,133.55,133.59,138135.0
15:59,133.65,133.77,133.57,133.64,5975181.0
