Time,Close,High,Low,Open,Volume
09:30,133.52,133.99,132.33,133.99,499237.0
09:31,133.72,133.92,133.21,133.55,66539.0
09:32,134.11,134.25,133.5,133.69,96488.0
09:33,134.15,134.39,133.45,134.04,131635.0
09:34,133.65,134.44,133.38,134.2,66698.0
09:35,133.97,134.3,133.61,133.71,50034.0
09:36,134.19,134.23,133.75,133.97,67855.0
09:37,134.38,134.67,134.12,134.19,69212.0
09:38,134.15,134.63,134.14,134.44,52840.0
09:39,133.76,134.3,133.63,134.24,42921.0
09:40,133.46,133.79,133.0,133.79,70614.0
09:41,133.24,133.53,133.09,133.29,52646.0
09:42,133.13,133.37,132.96,133.25,34922.0
09:43,133.35,133.5,133.11,133.12,26391.0
09:44,133.06,133.52,133.01,133.4,38598.0
09:45,133.28,133.56,133.01,133.14,76526.0
09:46,133.4,133.45,132.97,133.28,44464.0
09:47,133.23,133.43,133.16,133.4,36347.0
09:48,132.89,133.4,132.78,133.15,42597.0
09:49,132.53,132.97,132.15,132.83,98060.0
09:50,132.45,132.78,132.39,132.49,79275.0
09:51,132.15,132.42,131.89,132.36,114150.0
09:52,131.68,132.23,131.35,132.2,111690.0
09:53,131.82,131.98,131.58,131.64,74548.0
09:54,131.89,132.05,131.62,131.82,46854.0
09:55,132.39,132.39,131.85,131.86,63094.0
09:56,132.93,133.16,132.3,132.38,122524.0
09:57,133.64,133.68,132.91,132.91,84576.0
09:58,133.71,133.9,133.62,133.66,79954.0
09:59,133.69,133.84,133.57,133.71,59483.0
10:00,133.58,133.78,133.53,133.65,50822.0
10:01,133.73,133.78,133.4,133.59,41199.0
10:02,134.05,134.2,133.62,133.68,52017.0
10:03,134.19,134.36,134.04,134.12,36184.0
10:04,133.66,134.22,133.63,134.18,51221.0
10:05,133.73,133.83,133.5,133.64,36557.0
10:06,133.16,133.8,133.11,133.71,56430.0
10:07,133.28,133.32,132.96,133.2,57818.0
10:08,133.39,133.49,133.12,133.26,32046.0
10:09,132.98,133.43,132.89,133.43,34853.0
10:10,133.15,133.23,132.98,132.98,32350.0
10:11,133.0,133.27,132.88,133.15,27208.0
10:12,132.82,133.05,132.53,132.96,54465.0
10:13,132.8,132.88,132.61,132.85,46517.0
10:14,132.78,132.95,132.53,132.83,36974.0
10:15,132.45,132.96,132.45,132.88,37840.0
10:16,132.62,132.8,132.37,132.5,25038.0
10:17,132.68,132.73,132.46,132.7,18056.0
10:18,132.81,133.02,132.65,132.73,43288.0
10:19,132.65,132.92,132.4,132.87,41856.0
10:20,132.69,132.91,132.51,132.65,25873.0
10:21,132.82,132.89,132.6,132.67,31537.0
10:22,132.76,132.95,132.68,132.8,44768.0
10:23,132.82,132.93,132.67,132.79,28558.0
10:24,132.82,132.97,132.76,132.85,24134.0
10:25,132.77,132.9,132.66,132.76,16815.0
10:26,132.01,132.77,131.86,132.72,48843.0
10:27,132.2,132.35,132.01,132.02,52820.0
10:28,132.12,132.41,131.8,132.24,41842.0
10:29,132.12,132.36,132.04,132.16,28984.0
10:30,132.06,132.16,131.81,132.07,40350.0
10:31,132.24,132.29,132.12,132.13,22419.0
10:32,131.99,132.4,131.99,132.27,30160.0
10:33,131.85,132.04,131.8,131.96,21139.0
10:34,131.71,131.87,131.45,131.87,65614.0
10:35,131.85,131.93,131.71,131.71,26764.0
10:36,131.77,131.92,131.66,131.91,31230.0
10:37,131.84,131.96,131.71,131.79,30195.0
10:38,132.04,132.25,131.86,131.91,54146.0
10:39,132.24,132.29,131.9,132.04,28917.0
10:40,132.53,132.53,132.17,132.23,24833.0
10:41,133.04,133.04,132.37,132.51,38198.0
10:42,132.53,133.07,132.45,133.07,42737.0
10:43,132.36,132.66,132.31,132.55,43024.0
10:44,132.65,132.75,132.43,132.43,20219.0
10:45,132.47,132.9,132.35,132.7,26415.0
10:46,132.21,132.65,132.04,132.53,35991.0
10:47,131.72,132.37,131.72,132.21,50749.0
10:48,131.96,132.09,131.78,131.78,26375.0
10:49,131.9,132.01,131.69,131.95,19709.0
10:50,131.64,131.91,131.6,131.91,15330.0
10:51,131.52,131.69,131.2,131.63,61741.0
10:52,131.48,131.73,131.44,131.52,31383.0
10:53,131.71,131.78,131.5,131.5,23945.0
10:54,131.46,131.78,131.41,131.76,32190.0
10:55,131.43,131.59,131.35,131.45,19802.0
10:56,131.35,131.49,131.23,131.35,33640.0
10:57,131.6,131.6,131.31,131.42,17642.0
10:58,131.72,131.8,131.48,131.48,35619.0
10:59,131.78,132.0,131.75,131.75,47716.0
11:00,132.14,132.25,131.82,131.82,48143.0
11:01,131.62,132.15,131.52,132.15,53443.0
11:02,131.97,132.04,131.62,131.65,29993.0
11:03,131.92,132.13,131.9,131.96,37918.0
11:04,131.73,131.97,131.54,131.97,22431.0
11:05,131.83,132.0,131.72,131.73,30036.0
11:06,131.49,131.84,131.43,131.82,52159.0
11:07,131.34,131.58,131.22,131.48,47478.0
11:08,131.41,131.45,131.15,131.35,51270.0
11:09,131.3,131.45,131.25,131.44,11090.0
11:10,131.45,131.54,131.3,131.3,24803.0
11:11,131.97,132.0,131.44,131.45,34043.0
11:12,131.79,132.0,131.65,132.0,46315.0
11:13,131.8,132.12,131.75,131.85,35914.0
11:14,131.7,131.86,131.7,131.8,11335.0
11:15,131.83,131.83,131.39,131.71,34268.0
11:16,131.6,131.85,131.43,131.79,20241.0
11:17,131.46,131.52,131.3,131.52,19248.0
11:18,131.49,131.63,131.33,131.46,25768.0
11:19,131.84,131.88,131.48,131.48,32505.0
11:20,131.76,131.94,131.7,131.78,23209.0
11:21,132.07,132.11,131.74,131.78,33368.0
11:22,132.06,132.21,132.06,132.07,23045.0
11:23,132.35,132.39,132.1,132.1,61111.0
11:24,131.96,132.37,131.93,132.35,43085.0
11:25,131.7,132.0,131.64,131.96,38149.0
11:26,131.63,131.88,131.5,131.66,21214.0
11:27,131.1,131.63,130.9,131.63,64423.0
11:28,131.23,131.43,131.09,131.09,31785.0
11:29,131.1,131.36,131.1,131.2,35996.0
11:30,131.07,131.23,130.98,131.17,32413.0
11:31,131.26,131.32,131.07,131.12,17637.0
11:32,131.29,131.43,131.25,131.28,17122.0
11:33,131.41,131.59,131.22,131.3,21844.0
11:34,131.51,131.61,131.4,131.57,16974.0
11:35,131.38,131.65,131.33,131.46,20450.0
11:36,131.65,131.78,131.39,131.39,26358.0
11:37,131.6,131.64,131.47,131.62,19880.0
11:38,131.51,131.6,131.4,131.6,27579.0
11:39,131.52,131.79,131.5,131.51,22011.0
11:40,131.41,131.67,131.36,131.58,15281.0
11:41,131.79,131.86,131.49,131.5,13044.0
11:42,132.11,132.12,131.72,131.82,31427.0
11:43,131.86,132.13,131.86,132.09,24679.0
11:44,131.87,131.97,131.8,131.92,10742.0
11:45,131.82,131.98,131.66,131.87,15258.0
11:46,131.99,132.02,131.8,131.8,13861.0
11:47,132.18,132.24,131.93,131.99,14212.0
11:48,132.08,132.22,131.92,132.21,18852.0
11:49,132.37,132.37,132.11,132.11,19247.0
11:50,132.24,132.44,132.09,132.33,57672.0
11:51,132.37,132.48,132.22,132.22,26138.0
11:52,132.36,132.45,132.26,132.33,20732.0
11:53,132.48,132.55,132.4,132.43,18110.0
11:54,132.27,132.48,132.24,132.48,30089.0
11:55,132.07,132.34,132.02,132.27,18192.0
11:56,132.0,132.23,131.97,132.05,31009.0
11:57,131.99,132.15,131.85,132.0,9298.0
11:58,131.77,132.0,131.64,131.99,20682.0
11:59,131.4,131.78,131.35,131.74,27475.0
12:00,131.52,131.56,131.28,131.45,28764.0
12:01,131.8,131.8,131.49,131.5,47885.0
12:02,131.62,131.85,131.57,131.8,18552.0
12:03,131.6,131.71,131.57,131.57,11543.0
12:04,131.64,131.75,131.54,131.59,14858.0
12:05,131.91,132.0,131.67,131.67,17387.0
12:06,131.94,132.11,131.89,132.0,17043.0
12:07,132.01,132.01,131.86,131.93,12772.0
12:08,131.94,132.02,131.75,132.02,22624.0
12:09,131.9,132.0,131.87,131.94,13472.0
12:10,131.88,132.0,131.87,131.92,8638.0
12:11,131.73,131.88,131.51,131.88,29970.0
12:12,131.85,131.88,131.73,131.73,7191.0
12:13,131.9,131.96,131.71,131.79,14843.0
12:14,131.96,131.97,131.87,131.89,7651.0
12:15,132.07,132.12,131.92,131.95,11263.0
12:16,132.09,132.09,131.88,132.05,11895.0
12:17,132.08,132.08,131.99,132.04,7582.0
12:18,132.05,132.1,131.99,132.1,16706.0
12:19,132.25,132.25,132.02,132.05,16000.0
12:20,132.2,132.29,132.12,132.25,13430.0
12:21,131.84,132.21,131.8,132.17,13253.0
12:22,131.95,132.1,131.88,131.88,11178.0
12:23,131.83,131.95,131.79,131.95,14609.0
12:24,131.88,131.93,131.72,131.84,9465.0
12:25,131.41,131.88,131.39,131.88,49388.0
12:26,131.6,131.61,131.44,131.5,27355.0
12:27,131.45,131.67,131.39,131.54,14413.0
12:28,131.54,131.61,131.41,131.42,15931.0
12:29,131.54,131.55,131.43,131.52,6245.0
12:30,131.68,131.73,131.53,131.57,12068.0
12:31,131.85,131.9,131.68,131.73,16098.0
12:32,131.81,131.91,131.76,131.85,10186.0
12:33,131.72,131.81,131.57,131.81,17100.0
12:34,131.75,131.85,131.72,131.73,14605.0
12:35,131.74,131.88,131.68,131.85,15029.0
12:36,131.74,131.97,131.68,131.81,15911.0
12:37,131.74,131.79,131.7,131.71,7565.0
12:38,131.81,131.89,131.71,131.71,7831.0
12:39,131.85,131.89,131.79,131.8,8888.0
12:40,131.62,131.85,131.6,131.81,9419.0
12:41,131.73,131.77,131.63,131.64,18015.0
12:42,131.65,131.73,131.6,131.73,6445.0
12:43,131.62,131.73,131.6,131.65,10460.0
12:44,131.74,131.79,131.65,131.65,7229.0
12:45,131.66,131.86,131.58,131.75,13536.0
12:46,131.68,131.76,131.62,131.75,8771.0
12:47,131.73,131.76,131.66,131.69,9075.0
12:48,131.8,131.83,131.73,131.73,7077.0
12:49,131.91,131.95,131.77,131.8,14535.0
12:50,131.88,132.09,131.85,131.89,30385.0
12:51,131.97,132.09,131.88,131.89,16219.0
12:52,132.14,132.2,131.99,132.0,14367.0
12:53,132.3,132.3,132.04,132.07,17298.0
12:54,132.21,132.35,132.1,132.3,12742.0
12:55,132.2,132.25,132.1,132.12,12351.0
12:56,132.3,132.34,132.15,132.23,13489.0
12:57,132.29,132.33,132.23,132.28,17567.0
12:58,132.32,132.35,132.24,132.29,7877.0
12:59,132.35,132.42,132.27,132.29,29639.0
13:00,132.28,132.38,132.24,132.33,12135.0
13:01,132.54,132.63,132.34,132.34,25765.0
13:02,132.43,132.53,132.33,132.48,15960.0
13:03,132.38,132.43,132.25,132.41,22171.0
13:04,132.31,132.39,132.26,132.34,20587.0
13:05,132.37,132.41,132.31,132.35,16169.0
13:06,132.4,132.51,132.37,132.37,17837.0
13:07,132.35,132.46,132.23,132.4,10915.0
13:08,132.3,132.33,132.23,132.33,10427.0
13:09,131.96,132.31,131.91,132.3,20106.0
13:10,132.2,132.26,131.83,131.98,23965.0
13:11,131.95,132.27,131.95,132.27,8446.0
13:12,132.12,132.12,131.9,131.93,11139.0
13:13,132.07,132.13,132.04,132.1,7794.0
13:14,132.02,132.13,131.9,132.07,9198.0
13:15,131.9,132.08,131.85,132.04,24844.0
13:16,132.01,132.02,131.89,131.96,6392.0
13:17,132.02,132.07,131.96,131.98,8636.0
13:18,132.15,132.19,132.05,132.07,8317.0
13:19,132.24,132.25,132.05,132.1,16845.0
13:20,132.37,132.37,132.12,132.12,6248.0
13:21,132.26,132.44,132.16,132.4,11327.0
13:22,132.1,132.24,132.0,132.23,7375.0
13:23,131.97,132.11,131.91,132.08,7516.0
13:24,131.73,131.93,131.57,131.92,35064.0
13:25,131.8,131.98,131.68,131.76,24359.0
13:26,131.87,131.88,131.73,131.86,12244.0
13:27,131.77,131.85,131.6,131.8,11964.0
13:28,131.94,131.95,131.72,131.79,13433.0
13:29,131.91,132.04,131.91,131.92,10772.0
13:30,132.05,132.08,131.91,131.92,6257.0
13:31,132.0,132.22,132.0,132.09,13843.0
13:32,131.99,132.05,131.88,132.0,8474.0
13:33,131.95,132.05,131.91,131.91,3653.0
13:34,131.88,131.93,131.81,131.89,5587.0
13:35,131.77,131.9,131.7,131.88,13572.0
13:36,131.59,131.7,131.4,131.68,32196.0
13:37,131.66,131.86,131.56,131.6,14390.0
13:38,131.74,131.86,131.68,131.74,11043.0
13:39,131.81,131.84,131.67,131.69,24629.0
13:40,131.92,132.04,131.81,131.81,13148.0
13:41,132.29,132.33,131.96,131.96,26757.0
13:42,132.12,132.28,132.05,132.24,11000.0
13:43,132.13,132.15,132.04,132.07,8189.0
13:44,132.18,132.25,132.09,132.1,19721.0
13:45,132.26,132.3,132.12,132.17,11534.0
13:46,132.39,132.39,132.26,132.27,15018.0
13:47,132.3,132.4,132.24,132.37,12319.0
13:48,132.43,132.45,132.32,132.32,18806.0
13:49,132.65,132.66,132.44,132.46,18007.0
13:50,132.48,132.67,132.34,132.64,25588.0
13:51,132.74,132.74,132.51,132.51,17453.0
13:52,132.86,132.94,132.72,132.72,31513.0
13:53,132.88,132.92,132.74,132.87,21986.0
13:54,132.87,132.95,132.8,132.83,15556.0
13:55,132.98,133.02,132.86,132.86,21296.0
13:56,132.94,132.98,132.91,132.97,9679.0
13:57,133.07,133.16,132.94,132.94,16895.0
13:58,133.43,133.48,133.03,133.14,42031.0
13:59,133.26,133.45,133.24,133.43,18867.0
14:00,133.08,133.26,133.06,133.26,23025.0
14:01,132.88,133.08,132.56,133.08,53280.0
14:02,133.06,133.18,132.88,132.93,31631.0
14:03,132.96,133.1,132.89,133.05,10611.0
14:04,133.01,133.05,132.87,132.93,8320.0
14:05,132.95,133.11,132.89,133.01,14017.0
14:06,132.74,132.99,132.68,132.96,21528.0
14:07,132.81,132.9,132.61,132.76,15884.0
14:08,132.8,132.96,132.77,132.82,11639.0
14:09,132.77,132.84,132.68,132.76,10141.0
14:10,132.83,132.9,132.69,132.73,11378.0
14:11,132.75,132.83,132.65,132.83,8597.0
14:12,132.93,132.98,132.75,132.79,17131.0
14:13,132.81,132.93,132.76,132.91,15355.0
14:14,132.8,132.95,132.74,132.79,10591.0
14:15,132.92,132.95,132.74,132.74,14711.0
14:16,133.03,133.08,132.86,132.97,27571.0
14:17,133.02,133.1,132.95,133.0,8681.0
14:18,132.91,133.01,132.9,133.01,7002.0
14:19,132.72,132.9,132.65,132.9,26740.0
14:20,132.93,132.96,132.76,132.76,12572.0
14:21,132.86,132.94,132.77,132.93,9059.0
14:22,132.82,132.88,132.73,132.82,5715.0
14:23,132.78,132.85,132.76,132.84,6527.0
14:24,132.78,132.83,132.72,132.72,8112.0
14:25,132.75,132.77,132.66,132.75,11459.0
14:26,132.6,132.85,132.6,132.75,17727.0
14:27,132.66,132.79,132.63,132.66,20393.0
14:28,132.29,132.66,132.12,132.66,51570.0
14:29,132.41,132.52,132.28,132.28,46982.0
14:30,132.52,132.65,132.4,132.46,21435.0
14:31,132.04,132.56,132.04,132.5,54827.0
14:32,131.7,132.14,131.7,132.07,82462.0
14:33,131.95,132.06,131.59,131.72,53564.0
14:34,131.72,132.05,131.65,131.99,37401.0
14:35,131.64,131.79,131.58,131.71,24738.0
14:36,131.8,131.87,131.68,131.68,17287.0
14:37,131.87,131.87,131.76,131.8,15952.0
14:38,131.75,131.87,131.65,131.87,14936.0
14:39,131.9,131.9,131.72,131.72,9962.0
14:40,131.91,132.09,131.76,131.89,20607.0
14:41,131.85,131.96,131.85,131.92,10384.0
14:42,131.87,131.87,131.74,131.79,9455.0
14:43,131.85,131.89,131.81,131.86,15962.0
14:44,131.83,131.89,131.79,131.82,152333.0
14:45,131.63,131.82,131.51,131.82,24659.0
14:46,131.77,131.81,131.56,131.64,32544.0
14:47,131.85,131.9,131.72,131.81,17862.0
14:48,131.9,131.96,131.86,131.86,14746.0
14:49,131.8,131.97,131.74,131.92,9581.0
14:50,131.77,131.85,131.67,131.8,11387.0
14:51,131.91,131.94,131.7,131.77,11186.0
14:52,131.95,131.98,131.85,131.94,16050.0
14:53,132.14,132.14,131.94,131.99,21768.0
14:54,132.18,132.2,132.05,132.12,25509.0
14:55,132.18,132.3,132.16,132.17,17491.0
14:56,132.04,132.12,131.99,132.12,14839.0
14:57,132.11,132.12,131.8,132.01,21598.0
14:58,132.0,132.14,131.95,132.07,9668.0
14:59,131.96,132.06,131.94,131.98,13126.0
15:00,131.94,132.03,131.87,131.98,11166.0
15:01,132.05,132.05,131.94,131.94,7469.0
15:02,132.02,132.15,131.99,132.0,16919.0
15:03,132.08,132.21,132.02,132.04,11668.0
15:04,132.16,132.21,132.04,132.07,19981.0
15:05,132.07,132.18,132.0,132.14,9168.0
15:06,131.99,132.1,131.95,132.04,11145.0
15:07,131.9,132.04,131.88,131.95,16828.0
15:08,131.68,132.03,131.67,131.9,27457.0
15:09,131.64,131.77,131.6,131.67,22185.0
15:10,131.74,131.79,131.64,131.64,14484.0
15:11,131.74,131.77,131.59,131.74,16445.0
15:12,131.83,131.89,131.74,131.78,15855.0
15:13,131.9,131.94,131.81,131.92,16613.0
15:14,132.08,132.12,131.92,131.93,18107.0
15:15,132.33,132.35,132.09,132.09,33712.0
15:16,132.04,132.35,131.96,132.34,27013.0
15:17,131.89,132.1,131.89,132.03,29606.0
15:18,131.99,132.08,131.82,131.86,16929.0
15:19,132.03,132.09,131.99,131.99,12103.0
15:20,131.95,132.26,131.87,132.09,20291.0
15:21,131.83,131.96,131.79,131.95,12165.0
15:22,131.78,131.91,131.68,131.84,12299.0
15:23,131.9,131.92,131.74,131.79,19201.0
15:24,131.91,131.98,131.88,131.88,13212.0
15:25,131.88,131.97,131.85,131.97,12040.0
15:26,131.69,131.88,131.66,131.88,18637.0
15:27,131.79,131.8,131.64,131.7,14269.0
15:28,131.71,131.8,131.65,131.76,17168.0
15:29,131.65,131.79,131.62,131.77,15197.0
15:30,131.62,131.65,131.54,131.6,20450.0
15:31,131.62,131.69,131.52,131.67,18251.0
15:32,131.46,131.65,131.45,131.65,29405.0
15:33,131.52,131.63,131.4,131.45,23717.0
15:34,131.34,131.48,131.31,131.46,19027.0
15:35,131.46,131.51,131.37,131.37,22218.0
15:36,131.49,131.52,131.39,131.46,26094.0
15:37,131.57,131.71,131.49,131.51,22594.0
15:38,131.48,131.64,131.48,131.62,13410.0
15:39,131.46,131.59,131.46,131.49,29042.0
15:40,131.7,131.74,131.34,131.46,25179.0
15:41,131.53,131.68,131.49,131.67,11011.0
15:42,131.45,131.56,131.3,131.5,24677.0
15:43,131.54,131.54,131.4,131.42,16070.0
15:44,131.64,131.66,131.54,131.56,25874.0
15:45,131.72,131.8,131.59,131.66,28716.0
15:46,131.52,131.7,131.51,131.7,21514.0
15:47,131.72,131.75,131.51,131.54,23739.0
15:48,131.69,131.8,131.63,131.74,16543.0
15:49,131.57,131.64,131.52,131.64,15876.0
15:50,131.63,131.68,131.24,131.52,53040.0
15:51,131.59,131.74,131.54,131.63,36763.0
15:52,131.76,131.84,131.59,131.61,23073.0
15:53,131.68,131.79,131.63,131.76,32781.0
15:54,131.82,131.87,131.5,131.69,67360.0
15:55,131.9,132.11,131.77,131.82,61774.0
15:56,131.73,131.96,131.68,131.9,49157.0
15:57,131.73,131.8,131.65,131.75,54532.0
15:58,131.83,131.85,131.71,131.73,64118.0
15:59,131.91,131.99,131.82,131.83,162195.0
