Time,Close,High,Low,Open,Volume
09:30,129.87,130.15,129.24,129.87,430017.0
09:31,129.96,130.04,129.33,129.85,69713.0
09:32,129.92,130.0,129.24,129.89,50725.0
09:33,129.53,130.01,129.21,129.96,45813.0
09:34,129.18,129.73,129.05,129.49,53915.0
09:35,127.9,129.29,127.78,129.12,230349.0
09:36,127.14,127.98,127.01,127.81,191539.0
09:37,127.0,127.46,126.76,127.16,169436.0
09:38,127.61,127.74,126.86,127.0,147628.0
09:39,127.71,128.03,127.4,127.61,77053.0
09:40,127.54,127.9,127.35,127.73,80068.0
09:41,127.02,127.67,126.95,127.55,102313.0
09:42,127.06,127.1,126.3,127.02,237412.0
09:43,126.53,127.25,126.35,127.07,105122.0
09:44,126.43,126.57,126.0,126.5,159718.0
09:45,127.19,127.37,126.45,126.45,129054.0
09:46,127.88,127.9,127.07,127.07,125768.0
09:47,127.89,128.02,127.6,127.83,79465.0
09:48,127.7,128.06,127.54,127.87,76388.0
09:49,127.24,127.82,127.08,127.73,70550.0
09:50,127.3,127.59,127.15,127.23,93501.0
09:51,127.33,127.65,127.01,127.41,94902.0
09:52,127.73,127.86,127.36,127.43,85721.0
09:53,127.69,127.94,127.47,127.73,107536.0
09:54,126.79,127.78,126.42,127.64,125235.0
09:55,127.0,127.17,126.5,126.8,126907.0
09:56,127.28,127.32,126.87,126.98,81133.0
09:57,127.03,127.5,126.88,127.28,66083.0
09:58,126.81,127.09,126.61,127.03,59403.0
09:59,126.46,126.88,126.37,126.83,82899.0
10:00,126.79,126.83,126.34,126.45,80867.0
10:01,126.77,126.92,126.5,126.76,53121.0
10:02,126.24,127.03,126.1,126.74,82046.0
10:03,126.13,126.5,125.91,126.26,81828.0
10:04,125.65,126.12,125.41,126.08,82852.0
10:05,126.14,126.19,125.62,125.75,75071.0
10:06,126.37,126.61,126.04,126.15,57179.0
10:07,126.71,126.74,126.27,126.4,61071.0
10:08,127.2,127.34,126.51,126.64,63417.0
10:09,127.33,127.5,127.1,127.22,80899.0
10:10,126.4,127.3,126.37,127.24,76420.0
10:11,126.78,126.89,126.41,126.41,59208.0
10:12,126.98,127.21,126.78,126.79,49689.0
10:13,127.14,127.16,126.79,127.0,36738.0
10:14,127.96,128.0,127.18,127.18,80487.0
10:15,128.06,128.15,127.83,127.94,87410.0
10:16,127.88,128.17,127.76,128.05,82343.0
10:17,127.41,127.9,127.35,127.88,62175.0
10:18,127.6,127.76,127.43,127.43,55685.0
10:19,127.17,127.57,126.96,127.57,44496.0
10:20,127.07,127.28,126.84,127.12,47229.0
10:21,126.65,127.14,126.53,127.05,55075.0
10:22,126.52,126.8,126.36,126.69,46025.0
10:23,126.37,126.61,126.22,126.54,60338.0
10:24,126.65,126.8,126.29,126.35,62180.0
10:25,126.51,126.63,126.36,126.63,52311.0
10:26,126.41,126.68,126.19,126.55,56274.0
10:27,126.34,126.49,126.21,126.41,35607.0
10:28,126.21,126.32,126.07,126.29,41728.0
10:29,126.22,126.36,126.21,126.22,41406.0
10:30,125.72,126.32,125.63,126.3,100178.0
10:31,125.72,125.82,125.42,125.72,65694.0
10:32,125.44,125.75,125.41,125.71,101193.0
10:33,125.31,125.43,125.2,125.43,59056.0
10:34,125.13,125.35,125.02,125.3,77322.0
10:35,125.34,125.4,125.08,125.14,63416.0
10:36,125.45,125.56,125.29,125.32,66743.0
10:37,124.85,125.52,124.85,125.49,128717.0
10:38,125.03,125.21,124.87,124.89,63842.0
10:39,125.33,125.46,125.04,125.11,34409.0
10:40,125.44,125.51,125.18,125.3,45532.0
10:41,125.32,125.5,125.11,125.5,39428.0
10:42,125.06,125.32,124.88,125.32,44089.0
10:43,124.71,125.12,124.66,125.07,66032.0
10:44,124.3,124.8,124.23,124.76,96588.0
10:45,124.07,124.38,124.06,124.31,79689.0
10:46,123.96,124.22,123.83,124.08,121722.0
10:47,123.52,124.01,123.52,123.96,115130.0
10:48,123.84,123.93,123.41,123.57,133145.0
10:49,124.07,124.11,123.81,123.89,86564.0
10:50,123.94,124.1,123.74,124.09,78844.0
10:51,124.05,124.13,123.65,123.94,55313.0
10:52,123.88,124.12,123.76,124.04,48907.0
10:53,123.64,123.93,123.55,123.89,207640.0
10:54,123.36,123.6,123.19,123.6,84321.0
10:55,123.25,123.36,123.11,123.36,69341.0
10:56,123.36,123.5,123.26,123.3,66987.0
10:57,123.52,123.59,123.24,123.36,85663.0
10:58,123.79,123.85,123.26,123.52,73888.0
10:59,124.3,124.38,123.75,123.75,85813.0
11:00,124.7,124.8,124.1,124.29,3532452.0
11:01,124.17,124.81,124.03,124.71,1.0
11:02,123.96,124.31,123.94,124.17,59447.0
11:03,123.9,124.11,123.51,124.03,78468.0
11:04,123.43,123.85,123.36,123.85,55572.0
11:05,123.74,123.74,123.34,123.43,44708.0
11:06,123.44,123.78,123.36,123.74,71789.0
11:07,123.46,123.68,123.32,123.43,30253.0
11:08,123.49,123.54,123.31,123.46,33385.0
11:09,123.74,123.87,123.49,123.49,45789.0
11:10,123.65,123.76,123.52,123.74,33818.0
11:11,123.81,123.83,123.56,123.65,22237.0
11:12,123.45,123.84,123.43,123.83,39906.0
11:13,123.48,123.64,123.28,123.5,33954.0
11:14,123.57,123.64,123.38,123.49,21340.0
11:15,123.51,123.96,123.5,123.67,52607.0
11:16,123.09,123.54,122.94,123.53,87137.0
11:17,122.7,123.13,122.52,123.1,121531.0
11:18,122.44,122.8,122.37,122.74,83394.0
11:19,122.44,122.49,122.22,122.41,90343.0
11:20,122.83,122.89,122.39,122.41,87235.0
11:21,122.78,122.87,122.5,122.81,90314.0
11:22,122.96,123.04,122.7,122.8,55789.0
11:23,123.17,123.36,123.0,123.0,54343.0
11:24,122.81,123.22,122.75,123.22,42549.0
11:25,122.81,123.06,122.72,123.0,35155.0
11:26,123.14,123.14,122.79,122.85,32642.0
11:27,123.07,123.25,123.02,123.12,34183.0
11:28,123.17,123.34,123.02,123.07,59870.0
11:29,123.59,123.76,123.27,123.32,51300.0
11:30,123.6,123.72,123.41,123.57,71417.0
11:31,123.88,123.92,123.57,123.63,49764.0
11:32,123.67,123.95,123.63,123.87,70645.0
11:33,123.68,123.82,123.52,123.67,45369.0
11:34,124.12,124.17,123.69,123.7,47255.0
11:35,123.75,124.24,123.75,124.12,63240.0
11:36,123.33,123.8,123.2,123.76,60190.0
11:37,123.43,123.49,123.25,123.25,38261.0
11:38,123.38,123.48,123.28,123.48,47033.0
11:39,123.01,123.43,122.95,123.43,52640.0
11:40,123.11,123.28,122.9,123.07,36751.0
11:41,122.79,123.14,122.75,123.11,36896.0
11:42,122.76,122.92,122.65,122.79,63844.0
11:43,122.58,122.79,122.54,122.72,49526.0
11:44,122.53,122.57,122.37,122.57,89340.0
11:45,122.5,122.67,122.43,122.54,55172.0
11:46,122.62,122.79,122.46,122.5,120280.0
11:47,122.81,123.07,122.54,122.64,66893.0
11:48,122.65,122.94,122.57,122.94,47699.0
11:49,123.1,123.12,122.67,122.68,27127.0
11:50,122.94,123.15,122.86,123.15,36121.0
11:51,123.44,123.59,123.03,123.03,50233.0
11:52,123.18,123.45,122.97,123.45,36619.0
11:53,123.01,123.2,122.89,123.2,44141.0
11:54,123.1,123.3,123.04,123.04,18895.0
11:55,122.75,123.15,122.7,123.08,35978.0
11:56,123.04,123.08,122.8,122.81,21697.0
11:57,123.0,123.07,122.83,123.04,31227.0
11:58,123.07,123.07,122.8,123.01,16367.0
11:59,123.31,123.39,123.06,123.11,26453.0
12:00,123.24,123.44,123.14,123.27,35740.0
12:01,123.15,123.33,123.02,123.22,27334.0
12:02,122.97,123.32,122.93,123.1,21434.0
12:03,123.22,123.27,122.98,123.01,30100.0
12:04,123.27,123.28,123.01,123.23,20896.0
12:05,123.05,123.27,122.86,123.27,35305.0
12:06,123.18,123.31,123.05,123.05,17214.0
12:07,123.26,123.45,123.2,123.24,38003.0
12:08,123.37,123.44,123.25,123.26,30047.0
12:09,122.96,123.39,122.79,123.33,52162.0
12:10,122.97,123.19,122.92,122.95,19459.0
12:11,123.12,123.16,122.76,122.96,30774.0
12:12,123.18,123.4,123.15,123.15,15385.0
12:13,123.19,123.29,123.04,123.23,15490.0
12:14,122.86,123.17,122.75,123.17,28671.0
12:15,123.14,123.3,122.79,122.86,29555.0
12:16,123.18,123.21,123.0,123.14,34394.0
12:17,123.4,123.41,123.03,123.19,28329.0
12:18,123.08,123.4,122.89,123.4,56092.0
12:19,122.97,123.12,122.94,123.06,54738.0
12:20,123.04,123.1,122.94,122.97,37048.0
12:21,123.09,123.32,123.07,123.07,27798.0
12:22,123.4,123.47,123.12,123.14,40916.0
12:23,123.68,123.69,123.33,123.41,36721.0
12:24,123.75,123.91,123.64,123.64,40297.0
12:25,123.71,123.78,123.54,123.75,40690.0
12:26,123.32,123.78,123.16,123.78,43119.0
12:27,123.55,123.66,123.29,123.29,26839.0
12:28,123.74,123.78,123.51,123.51,22478.0
12:29,123.55,123.77,123.49,123.74,40633.0
12:30,123.76,123.88,123.54,123.55,75790.0
12:31,123.44,123.79,123.36,123.76,62006.0
12:32,123.54,123.6,123.32,123.41,118794.0
12:33,123.85,123.85,123.53,123.55,49300.0
12:34,123.83,124.07,123.77,123.8,38883.0
12:35,123.55,123.87,123.32,123.87,48346.0
12:36,123.41,123.52,123.32,123.49,28407.0
12:37,123.36,123.58,123.2,123.4,28812.0
12:38,123.49,123.53,123.19,123.36,22322.0
12:39,123.69,123.74,123.42,123.47,36838.0
12:40,123.59,123.78,123.5,123.65,27210.0
12:41,123.42,123.65,123.23,123.61,64326.0
12:42,123.45,123.56,123.39,123.42,22887.0
12:43,123.42,123.61,123.35,123.46,25318.0
12:44,123.29,123.51,123.26,123.45,37206.0
12:45,123.17,123.29,123.1,123.28,52030.0
12:46,123.24,123.29,123.06,123.19,29113.0
12:47,122.83,123.25,122.83,123.24,88280.0
12:48,123.29,123.4,122.85,122.87,50808.0
12:49,123.22,123.35,123.06,123.28,29297.0
12:50,123.22,123.26,123.05,123.26,26270.0
12:51,123.24,123.42,123.15,123.25,40761.0
12:52,123.2,123.3,123.11,123.29,28418.0
12:53,123.22,123.28,123.12,123.2,33574.0
12:54,123.31,123.45,123.21,123.22,21204.0
12:55,123.15,123.31,123.04,123.31,14863.0
12:56,123.19,123.25,123.01,123.17,18073.0
12:57,122.83,123.18,122.76,123.17,49677.0
12:58,122.8,123.0,122.64,122.83,48749.0
12:59,122.85,122.85,122.69,122.82,31920.0
13:00,122.93,122.99,122.72,122.85,35608.0
13:01,122.89,122.98,122.81,122.93,19057.0
13:02,123.03,123.07,122.85,122.92,27545.0
13:03,122.89,123.1,122.81,123.06,23547.0
13:04,122.71,122.89,122.65,122.86,30743.0
13:05,122.53,122.82,122.4,122.71,52918.0
13:06,122.8,122.85,122.55,122.59,33286.0
13:07,122.83,122.92,122.61,122.8,28229.0
13:08,122.61,122.84,122.57,122.83,28254.0
13:09,122.56,122.65,122.46,122.6,20098.0
13:10,122.63,122.7,122.43,122.56,20733.0
13:11,122.5,122.63,122.37,122.61,18902.0
13:12,122.75,122.77,122.47,122.49,31048.0
13:13,122.44,122.74,122.44,122.72,21557.0
13:14,122.68,122.74,122.42,122.49,29437.0
13:15,122.47,122.75,122.47,122.71,22234.0
13:16,122.32,122.56,122.2,122.49,39755.0
13:17,122.1,122.34,122.1,122.31,41498.0
13:18,122.39,122.46,122.13,122.13,40479.0
13:19,122.04,122.38,121.97,122.38,107177.0
13:20,121.89,122.08,121.77,122.04,69265.0
13:21,121.72,121.91,121.66,121.91,64868.0
13:22,121.9,121.95,121.68,121.68,54469.0
13:23,121.8,122.07,121.8,121.9,40671.0
13:24,121.86,121.93,121.7,121.81,61099.0
13:25,121.47,121.82,121.45,121.82,64033.0
13:26,121.43,121.6,121.31,121.48,53318.0
13:27,121.55,121.58,121.37,121.43,33987.0
13:28,121.45,121.69,121.42,121.53,33185.0
13:29,121.53,121.65,121.36,121.48,51610.0
13:30,121.5,121.64,121.5,121.59,18736.0
13:31,121.3,121.6,121.3,121.49,39433.0
13:32,121.37,121.43,121.27,121.32,48685.0
13:33,120.95,121.42,120.91,121.36,111319.0
13:34,120.81,121.1,120.78,120.95,129988.0
13:35,120.58,120.95,120.55,120.84,140572.0
13:36,120.19,120.58,120.13,120.58,176670.0
13:37,120.15,120.29,119.8,120.18,265368.0
13:38,120.07,120.25,120.0,120.12,97310.0
13:39,120.0,120.12,119.84,120.05,89097.0
13:40,119.83,120.15,119.67,119.98,126033.0
13:41,119.91,120.0,119.71,119.83,115110.0
13:42,119.49,119.91,119.47,119.89,94353.0
13:43,120.18,120.23,119.49,119.49,118228.0
13:44,120.64,120.69,120.09,120.25,100241.0
13:45,120.6,120.81,120.57,120.59,118868.0
13:46,120.21,120.66,120.14,120.61,59735.0
13:47,120.4,120.46,120.2,120.2,47384.0
13:48,120.47,120.71,120.41,120.43,65891.0
13:49,120.33,120.5,120.27,120.5,50941.0
13:50,120.34,120.5,120.24,120.33,72408.0
13:51,120.3,120.5,120.14,120.32,48490.0
13:52,120.11,120.32,120.01,120.31,45515.0
13:53,120.28,120.44,120.02,120.13,70079.0
13:54,120.08,120.28,120.0,120.27,53486.0
13:55,120.39,120.4,120.1,120.1,47327.0
13:56,120.66,120.74,120.36,120.39,84115.0
13:57,120.25,120.66,120.2,120.64,43871.0
13:58,120.61,120.7,120.24,120.25,58855.0
13:59,120.76,120.82,120.47,120.61,58783.0
14:00,120.69,120.89,120.65,120.76,50488.0
14:01,120.5,120.72,120.38,120.7,32171.0
14:02,120.21,120.47,120.01,120.47,88474.0
14:03,120.27,120.31,120.02,120.2,35695.0
14:04,120.35,120.38,120.12,120.23,31896.0
14:05,120.5,120.65,120.3,120.35,44924.0
14:06,120.73,120.87,120.5,120.51,48043.0
14:07,120.35,120.77,120.34,120.72,32627.0
14:08,120.21,120.48,120.16,120.36,31323.0
14:09,120.52,120.52,120.15,120.18,38538.0
14:10,120.53,120.74,120.5,120.52,36019.0
14:11,120.61,120.7,120.48,120.5,54165.0
14:12,120.23,120.68,120.22,120.6,42502.0
14:13,120.36,120.39,120.15,120.25,28352.0
14:14,120.33,120.48,120.26,120.36,22954.0
14:15,120.42,120.46,120.26,120.32,26955.0
14:16,120.15,120.4,120.07,120.39,51658.0
14:17,120.4,120.46,120.08,120.15,31571.0
14:18,120.69,120.8,120.38,120.38,40728.0
14:19,120.39,120.74,120.38,120.69,32122.0
14:20,120.3,120.46,120.24,120.42,29070.0
14:21,120.37,120.44,120.24,120.29,23960.0
14:22,120.57,120.63,120.41,120.44,49719.0
14:23,120.84,120.89,120.53,120.57,35160.0
14:24,120.99,121.05,120.76,120.83,67869.0
14:25,121.78,121.82,120.98,120.99,110325.0
14:26,121.85,121.87,121.55,121.78,48687.0
14:27,121.62,122.04,121.59,121.84,88415.0
14:28,121.65,121.78,121.58,121.63,71850.0
14:29,121.93,121.96,121.64,121.65,70817.0
14:30,121.53,121.92,121.32,121.92,103920.0
14:31,121.5,121.75,121.42,121.52,42386.0
14:32,121.39,121.64,121.35,121.51,25271.0
14:33,121.29,121.42,121.22,121.39,37123.0
14:34,121.36,121.38,121.12,121.29,40200.0
14:35,121.46,121.5,121.24,121.39,46120.0
14:36,121.52,121.56,121.43,121.45,54146.0
14:37,121.42,121.7,121.34,121.51,45694.0
14:38,121.11,121.43,120.95,121.42,55251.0
14:39,121.18,121.33,121.05,121.06,56874.0
14:40,120.81,121.16,120.68,121.15,50804.0
14:41,120.88,120.94,120.74,120.78,54531.0
14:42,120.94,121.0,120.77,120.92,31155.0
14:43,121.26,121.26,120.93,120.93,36911.0
14:44,120.96,121.24,120.89,121.23,33336.0
14:45,120.91,121.22,120.91,120.96,27884.0
14:46,120.85,120.96,120.79,120.91,40384.0
14:47,120.73,121.04,120.63,120.83,39646.0
14:48,120.6,120.85,120.54,120.75,34211.0
14:49,120.67,120.7,120.54,120.6,40221.0
14:50,120.6,120.93,120.59,120.66,45983.0
14:51,120.34,120.78,120.3,120.6,54149.0
14:52,120.5,120.53,120.25,120.34,45710.0
14:53,120.13,120.5,120.06,120.5,39170.0
14:54,120.14,120.41,120.14,120.14,30982.0
14:55,119.77,120.14,119.73,120.14,75147.0
14:56,120.03,120.1,119.71,119.73,45776.0
14:57,120.35,120.35,120.0,120.0,45869.0
14:58,120.58,120.64,120.25,120.31,42337.0
14:59,120.79,120.93,120.45,120.62,41096.0
15:00,120.95,120.95,120.48,120.74,37984.0
15:01,121.1,121.32,120.94,120.95,50366.0
15:02,120.85,121.07,120.83,121.04,36076.0
15:03,121.13,121.24,120.82,120.89,34164.0
15:04,120.93,121.11,120.9,121.11,38075.0
15:05,120.78,120.97,120.69,120.92,54140.0
15:06,121.1,121.16,120.71,120.79,58496.0
15:07,121.02,121.25,121.0,121.11,77452.0
15:08,121.54,121.6,121.02,121.03,62631.0
15:09,121.47,121.53,121.34,121.53,37128.0
15:10,121.16,121.55,121.08,121.49,58127.0
15:11,121.39,121.41,121.18,121.18,29971.0
15:12,121.38,121.55,121.3,121.39,48288.0
15:13,121.18,121.45,121.11,121.4,36181.0
15:14,120.9,121.16,120.9,121.16,35837.0
15:15,120.78,121.01,120.72,120.9,34114.0
15:16,121.03,121.12,120.77,120.79,30756.0
15:17,120.72,121.04,120.7,121.01,26819.0
15:18,120.83,120.97,120.6,120.72,38496.0
15:19,120.66,120.85,120.59,120.82,38646.0
15:20,120.26,120.64,120.23,120.64,40160.0
15:21,120.51,120.51,120.09,120.27,62528.0
15:22,120.66,120.69,120.49,120.52,29069.0
15:23,120.5,120.64,120.35,120.64,29806.0
15:24,120.83,120.85,120.5,120.5,29826.0
15:25,120.61,120.89,120.53,120.88,37705.0
15:26,120.53,120.66,120.5,120.61,34926.0
15:27,120.73,120.91,120.45,120.51,36214.0
15:28,120.61,120.82,120.6,120.72,30328.0
15:29,120.6,120.78,120.53,120.65,50329.0
15:30,120.56,120.9,120.54,120.6,44329.0
15:31,120.3,120.58,120.3,120.54,42751.0
15:32,120.32,120.39,120.21,120.3,59593.0
15:33,120.33,120.36,120.13,120.32,47201.0
15:34,120.53,120.55,120.31,120.34,37694.0
15:35,120.86,120.89,120.5,120.51,56343.0
15:36,120.8,120.89,120.64,120.87,48577.0
15:37,120.68,120.91,120.6,120.78,51163.0
15:38,121.32,121.36,120.65,120.66,87763.0
15:39,121.55,121.58,121.18,121.3,84122.0
15:40,121.65,121.82,121.52,121.54,61663.0
15:41,121.58,121.76,121.53,121.63,42330.0
15:42,121.53,121.67,121.39,121.56,44806.0
15:43,121.45,121.69,121.44,121.55,49947.0
15:44,121.61,121.75,121.49,121.49,46680.0
15:45,121.34,121.69,121.21,121.62,110476.0
15:46,121.24,121.46,121.15,121.31,77154.0
15:47,121.27,121.54,121.22,121.29,72599.0
15:48,121.41,121.44,121.26,121.26,75366.0
15:49,120.95,121.43,120.93,121.42,81600.0
15:50,120.29,121.01,120.29,120.95,151828.0
15:51,120.58,120.58,120.25,120.3,109479.0
15:52,120.38,120.58,120.21,120.58,79093.0
15:53,120.25,120.48,120.2,120.4,86524.0
15:54,120.56,120.94,120.2,120.25,134573.0
15:55,120.92,121.24,120.55,120.55,269023.0
15:56,120.96,121.07,120.76,120.92,98595.0
15:57,121.38,121.38,120.94,120.99,166653.0
15:58,121.51,121.54,121.37,121.38,173609.0
15:59,121.52,121.54,121.25,121.53,361126.0
