Time,Close,High,Low,Open,Volume
09:30,52.58,52.69,52.55,52.66,413209.0
09:31,52.71,52.74,52.54,52.58,84949.0
09:32,52.55,52.71,52.53,52.71,65406.0
09:33,52.47,52.56,52.46,52.56,66479.0
09:34,52.5,52.52,52.39,52.48,119057.0
09:35,52.52,52.58,52.47,52.51,57280.0
09:36,52.63,52.66,52.51,52.51,51908.0
09:37,52.67,52.71,52.62,52.62,37915.0
09:38,52.61,52.68,52.6,52.68,36476.0
09:39,52.62,52.62,52.59,52.61,23404.0
09:40,52.66,52.67,52.6,52.62,73551.0
09:41,52.71,52.71,52.65,52.65,46698.0
09:42,52.8,52.8,52.69,52.7,45938.0
09:43,52.76,52.81,52.76,52.81,32527.0
09:44,52.84,52.85,52.76,52.77,35873.0
09:45,52.77,52.83,52.76,52.83,29494.0
09:46,52.8,52.83,52.74,52.77,66802.0
09:47,52.74,52.8,52.72,52.79,54591.0
09:48,52.76,52.79,52.73,52.73,42267.0
09:49,52.75,52.79,52.74,52.76,66876.0
09:50,52.74,52.77,52.72,52.76,38670.0
09:51,52.78,52.78,52.74,52.75,43531.0
09:52,52.78,52.83,52.76,52.78,46325.0
09:53,52.81,52.81,52.77,52.78,30240.0
09:54,52.83,52.86,52.81,52.81,51618.0
09:55,52.82,52.83,52.78,52.83,37885.0
09:56,52.88,52.9,52.82,52.82,47333.0
09:57,52.84,52.89,52.83,52.88,57481.0
09:58,52.9,52.9,52.84,52.85,73286.0
09:59,52.88,52.9,52.87,52.9,93833.0
10:00,52.85,52.88,52.84,52.87,74512.0
10:01,52.84,52.9,52.83,52.85,74522.0
10:02,52.85,52.87,52.81,52.83,56008.0
10:03,52.84,52.87,52.84,52.86,32605.0
10:04,52.83,52.86,52.82,52.84,51412.0
10:05,52.83,52.87,52.79,52.83,80215.0
10:06,52.8,52.83,52.78,52.83,102480.0
10:07,52.79,52.84,52.76,52.8,127578.0
10:08,52.79,52.79,52.75,52.79,34201.0
10:09,52.79,52.81,52.78,52.79,19640.0
10:10,52.81,52.81,52.76,52.79,34905.0
10:11,52.76,52.81,52.76,52.8,44408.0
10:12,52.72,52.76,52.7,52.75,45482.0
10:13,52.71,52.74,52.7,52.72,29953.0
10:14,52.73,52.74,52.7,52.7,43284.0
10:15,52.72,52.74,52.71,52.72,24587.0
10:16,52.74,52.74,52.71,52.72,31794.0
10:17,52.73,52.74,52.72,52.74,32387.0
10:18,52.71,52.74,52.69,52.73,50471.0
10:19,52.7,52.71,52.69,52.7,23000.0
10:20,52.72,52.72,52.67,52.7,43570.0
10:21,52.72,52.73,52.72,52.72,22570.0
10:22,52.74,52.76,52.72,52.72,27337.0
10:23,52.74,52.74,52.72,52.74,20898.0
10:24,52.74,52.76,52.74,52.74,20566.0
10:25,52.72,52.74,52.7,52.74,38563.0
10:26,52.72,52.74,52.72,52.73,15348.0
10:27,52.72,52.73,52.71,52.72,20479.0
10:28,52.65,52.72,52.65,52.72,42106.0
10:29,52.67,52.67,52.64,52.65,39076.0
10:30,52.65,52.67,52.64,52.67,27657.0
10:31,52.62,52.66,52.62,52.64,38273.0
10:32,52.58,52.63,52.56,52.62,58731.0
10:33,52.53,52.58,52.53,52.58,54564.0
10:34,52.53,52.54,52.51,52.53,44626.0
10:35,52.53,52.53,52.48,52.53,44705.0
10:36,52.51,52.53,52.51,52.53,46924.0
10:37,52.49,52.51,52.48,52.51,27516.0
10:38,52.41,52.51,52.4,52.49,63993.0
10:39,52.47,52.47,52.41,52.42,34247.0
10:40,52.45,52.47,52.43,52.47,47369.0
10:41,52.47,52.49,52.44,52.45,27048.0
10:42,52.48,52.49,52.45,52.47,78844.0
10:43,52.54,52.55,52.49,52.49,77478.0
10:44,52.53,52.54,52.51,52.54,73228.0
10:45,52.53,52.57,52.53,52.53,61049.0
10:46,52.55,52.56,52.53,52.53,25943.0
10:47,52.62,52.62,52.56,52.56,51643.0
10:48,52.6,52.62,52.59,52.61,14945.0
10:49,52.58,52.6,52.58,52.6,27277.0
10:50,52.61,52.62,52.58,52.59,41734.0
10:51,52.67,52.67,52.62,52.62,44258.0
10:52,52.65,52.69,52.65,52.67,28735.0
10:53,52.66,52.67,52.65,52.65,16945.0
10:54,52.67,52.67,52.65,52.65,22345.0
10:55,52.66,52.67,52.65,52.67,29438.0
10:56,52.67,52.68,52.65,52.67,15660.0
10:57,52.69,52.69,52.67,52.67,25447.0
10:58,52.72,52.72,52.69,52.69,16173.0
10:59,52.74,52.74,52.71,52.71,29068.0
11:00,52.74,52.75,52.73,52.74,37964.0
11:01,52.76,52.76,52.74,52.75,41870.0
11:02,52.78,52.78,52.75,52.76,30918.0
11:03,52.79,52.79,52.77,52.78,28154.0
11:04,52.78,52.8,52.77,52.79,60691.0
11:05,52.78,52.8,52.77,52.78,68993.0
11:06,52.78,52.79,52.77,52.78,78867.0
11:07,52.79,52.79,52.78,52.78,62338.0
11:08,52.83,52.83,52.79,52.8,59187.0
11:09,52.85,52.85,52.83,52.83,14360.0
11:10,52.89,52.9,52.84,52.85,30382.0
11:11,52.89,52.9,52.88,52.9,30063.0
11:12,52.9,52.9,52.88,52.88,41157.0
11:13,52.9,52.91,52.88,52.9,31424.0
11:14,52.88,52.9,52.88,52.89,40443.0
11:15,52.9,52.9,52.87,52.88,37475.0
11:16,52.9,52.9,52.9,52.9,25727.0
11:17,52.9,52.92,52.89,52.9,37538.0
11:18,52.92,52.92,52.9,52.9,14553.0
11:19,52.9,52.93,52.9,52.92,23610.0
11:20,52.88,52.91,52.88,52.9,31502.0
11:21,52.88,52.9,52.88,52.88,27832.0
11:22,52.9,52.92,52.88,52.88,22533.0
11:23,52.9,52.91,52.9,52.9,39537.0
11:24,52.92,52.92,52.9,52.9,21685.0
11:25,52.91,52.93,52.9,52.92,34503.0
11:26,52.92,52.92,52.9,52.9,20094.0
11:27,52.92,52.92,52.9,52.92,22470.0
11:28,52.92,52.92,52.91,52.91,46054.0
11:29,52.91,52.92,52.89,52.92,30699.0
11:30,52.9,52.91,52.89,52.91,18315.0
11:31,52.9,52.92,52.89,52.91,19887.0
11:32,52.9,52.91,52.89,52.89,15122.0
11:33,52.92,52.92,52.89,52.9,28583.0
11:34,52.88,52.92,52.88,52.92,48511.0
11:35,52.9,52.9,52.87,52.88,29070.0
11:36,52.94,52.97,52.91,52.91,111207.0
11:37,52.94,52.94,52.92,52.94,39524.0
11:38,52.94,52.95,52.93,52.94,45015.0
11:39,52.96,52.96,52.94,52.94,18711.0
11:40,52.99,52.99,52.96,52.96,93571.0
11:41,52.99,52.99,52.97,52.99,37927.0
11:42,52.99,52.99,52.98,52.99,68178.0
11:43,52.99,53.01,52.98,52.99,151583.0
11:44,52.97,52.99,52.97,52.99,29011.0
11:45,53.01,53.01,52.97,52.97,42201.0
11:46,52.99,53.01,52.99,53.01,20975.0
11:47,52.94,53.0,52.94,52.99,61791.0
11:48,52.97,52.97,52.94,52.94,27834.0
11:49,52.97,52.98,52.96,52.97,13740.0
11:50,52.97,52.99,52.96,52.98,27975.0
11:51,52.97,52.98,52.96,52.97,20783.0
11:52,52.97,52.97,52.97,52.97,13027.0
11:53,52.96,52.97,52.96,52.97,9175.0
11:54,52.97,52.98,52.97,52.97,15276.0
11:55,52.96,52.97,52.95,52.97,27159.0
11:56,52.9,52.96,52.9,52.96,37612.0
11:57,52.9,52.92,52.9,52.9,18950.0
11:58,52.91,52.92,52.9,52.9,25666.0
11:59,52.9,52.92,52.89,52.92,19541.0
12:00,52.88,52.9,52.85,52.9,52133.0
12:01,52.88,52.88,52.86,52.87,15482.0
12:02,52.86,52.88,52.86,52.88,22654.0
12:03,52.87,52.89,52.86,52.87,23655.0
12:04,52.83,52.87,52.83,52.86,16060.0
12:05,52.85,52.85,52.83,52.84,36866.0
12:06,52.83,52.86,52.83,52.85,28230.0
12:07,52.86,52.87,52.84,52.84,34501.0
12:08,52.88,52.88,52.85,52.85,14248.0
12:09,52.9,52.9,52.87,52.87,14763.0
12:10,52.88,52.9,52.87,52.89,32720.0
12:11,52.87,52.88,52.85,52.88,59138.0
12:12,52.85,52.87,52.85,52.86,24828.0
12:13,52.83,52.85,52.83,52.85,28308.0
12:14,52.81,52.83,52.8,52.83,24288.0
12:15,52.78,52.82,52.78,52.81,29556.0
12:16,52.78,52.79,52.77,52.78,25195.0
12:17,52.76,52.79,52.76,52.79,24048.0
12:18,52.76,52.78,52.74,52.76,27813.0
12:19,52.76,52.77,52.76,52.77,14430.0
12:20,52.76,52.77,52.75,52.76,13541.0
12:21,52.78,52.78,52.76,52.76,40642.0
12:22,52.79,52.8,52.76,52.77,42557.0
12:23,52.78,52.79,52.78,52.79,22339.0
12:24,52.78,52.78,52.76,52.78,17654.0
12:25,52.78,52.79,52.78,52.78,16904.0
12:26,52.78,52.79,52.78,52.78,16255.0
12:27,52.83,52.83,52.79,52.79,33422.0
12:28,52.81,52.84,52.8,52.83,76047.0
12:29,52.83,52.83,52.81,52.81,21433.0
12:30,52.84,52.84,52.81,52.83,65494.0
12:31,52.85,52.87,52.83,52.83,155047.0
12:32,52.85,52.87,52.85,52.86,13134.0
12:33,52.86,52.87,52.85,52.85,23310.0
12:34,52.85,52.87,52.85,52.87,13322.0
12:35,52.85,52.86,52.85,52.85,40663.0
12:36,52.84,52.85,52.84,52.85,28969.0
12:37,52.81,52.85,52.81,52.84,28054.0
12:38,52.81,52.82,52.81,52.81,6557.0
12:39,52.8,52.81,52.8,52.81,17122.0
12:40,52.81,52.81,52.8,52.81,10370.0
12:41,52.81,52.82,52.81,52.81,6868.0
12:42,52.82,52.83,52.81,52.81,10749.0
12:43,52.81,52.83,52.81,52.83,43124.0
12:44,52.79,52.82,52.79,52.82,26001.0
12:45,52.81,52.81,52.79,52.79,13779.0
12:46,52.78,52.82,52.78,52.81,19248.0
12:47,52.78,52.8,52.78,52.78,31363.0
12:48,52.76,52.78,52.76,52.78,23483.0
12:49,52.76,52.77,52.76,52.76,13055.0
12:50,52.76,52.77,52.75,52.76,33273.0
12:51,52.76,52.76,52.74,52.76,110023.0
12:52,52.78,52.78,52.76,52.76,16412.0
12:53,52.8,52.81,52.78,52.78,10854.0
12:54,52.79,52.81,52.79,52.8,14633.0
12:55,52.8,52.8,52.78,52.8,9173.0
12:56,52.79,52.8,52.79,52.8,8708.0
12:57,52.79,52.81,52.79,52.79,27345.0
12:58,52.78,52.79,52.78,52.79,53619.0
12:59,52.78,52.79,52.77,52.78,23725.0
13:00,52.78,52.78,52.77,52.78,23785.0
13:01,52.74,52.78,52.74,52.78,43229.0
13:02,52.69,52.75,52.69,52.74,54369.0
13:03,52.7,52.71,52.68,52.69,20833.0
13:04,52.72,52.73,52.71,52.71,35905.0
13:05,52.69,52.72,52.69,52.72,33259.0
13:06,52.69,52.7,52.69,52.69,22990.0
13:07,52.68,52.69,52.67,52.69,18072.0
13:08,52.69,52.69,52.67,52.68,11383.0
13:09,52.72,52.72,52.69,52.69,17097.0
13:10,52.72,52.72,52.71,52.72,36075.0
13:11,52.73,52.73,52.72,52.72,17429.0
13:12,52.77,52.77,52.73,52.73,8574.0
13:13,52.79,52.79,52.76,52.77,16957.0
13:14,52.8,52.81,52.79,52.79,19376.0
13:15,52.8,52.8,52.79,52.79,26588.0
13:16,52.81,52.82,52.8,52.81,20412.0
13:17,52.8,52.81,52.79,52.81,233098.0
13:18,52.81,52.81,52.8,52.81,6163.0
13:19,52.81,52.83,52.79,52.8,40538.0
13:20,52.81,52.82,52.8,52.81,14380.0
13:21,52.81,52.82,52.81,52.81,11071.0
13:22,52.81,52.82,52.8,52.81,24338.0
13:23,52.81,52.81,52.81,52.81,21577.0
13:24,52.79,52.81,52.79,52.81,20266.0
13:25,52.79,52.8,52.79,52.79,21592.0
13:26,52.79,52.79,52.78,52.79,30441.0
13:27,52.79,52.81,52.78,52.79,41335.0
13:28,52.78,52.8,52.78,52.79,25972.0
13:29,52.78,52.78,52.78,52.78,10851.0
13:30,52.75,52.78,52.74,52.78,76947.0
13:31,52.76,52.76,52.75,52.75,50824.0
13:32,52.76,52.77,52.75,52.76,14573.0
13:33,52.76,52.77,52.76,52.76,15470.0
13:34,52.76,52.78,52.76,52.76,28734.0
13:35,52.77,52.78,52.76,52.77,41249.0
13:36,52.78,52.78,52.77,52.78,28681.0
13:37,52.76,52.78,52.76,52.78,12852.0
13:38,52.77,52.78,52.76,52.76,17228.0
13:39,52.79,52.81,52.77,52.77,24617.0
13:40,52.81,52.81,52.78,52.79,21601.0
13:41,52.79,52.81,52.79,52.81,37658.0
13:42,52.79,52.79,52.77,52.79,20555.0
13:43,52.79,52.8,52.79,52.79,21218.0
13:44,52.79,52.79,52.79,52.79,10277.0
13:45,52.79,52.8,52.79,52.79,27649.0
13:46,52.85,52.85,52.79,52.79,390378.0
13:47,52.84,52.87,52.84,52.85,52894.0
13:48,52.87,52.87,52.83,52.83,91108.0
13:49,52.88,52.88,52.86,52.86,46399.0
13:50,52.87,52.88,52.87,52.88,21763.0
13:51,52.87,52.88,52.87,52.88,20330.0
13:52,52.87,52.88,52.86,52.87,80521.0
13:53,52.85,52.87,52.84,52.87,31811.0
13:54,52.83,52.85,52.83,52.84,20046.0
13:55,52.81,52.83,52.81,52.82,18795.0
13:56,52.76,52.8,52.76,52.8,42647.0
13:57,52.76,52.77,52.76,52.76,25057.0
13:58,52.76,52.78,52.76,52.76,47050.0
13:59,52.76,52.76,52.74,52.76,64568.0
14:00,52.85,52.87,52.77,52.77,73346.0
14:01,52.85,52.89,52.84,52.86,93849.0
14:02,52.78,52.85,52.77,52.85,43769.0
14:03,52.73,52.78,52.73,52.77,37497.0
14:04,52.77,52.77,52.73,52.74,35983.0
14:05,52.72,52.77,52.7,52.77,61920.0
14:06,52.73,52.75,52.69,52.72,61220.0
14:07,52.76,52.76,52.73,52.73,25070.0
14:08,52.78,52.8,52.76,52.76,37803.0
14:09,52.81,52.81,52.77,52.77,17339.0
14:10,52.79,52.81,52.78,52.81,36049.0
14:11,52.81,52.81,52.78,52.79,10563.0
14:12,52.79,52.82,52.79,52.81,31601.0
14:13,52.79,52.82,52.78,52.79,21016.0
14:14,52.78,52.81,52.78,52.79,24705.0
14:15,52.81,52.81,52.77,52.78,27032.0
14:16,52.85,52.85,52.79,52.81,57604.0
14:17,52.83,52.85,52.82,52.85,22358.0
14:18,52.9,52.9,52.83,52.83,19886.0
14:19,52.88,52.89,52.87,52.89,41342.0
14:20,52.84,52.88,52.84,52.87,44105.0
14:21,52.81,52.85,52.81,52.84,39879.0
14:22,52.81,52.82,52.78,52.81,41662.0
14:23,52.8,52.82,52.78,52.82,106289.0
14:24,52.81,52.81,52.79,52.81,19678.0
14:25,52.84,52.85,52.81,52.81,44649.0
14:26,52.83,52.85,52.81,52.84,80788.0
14:27,52.85,52.85,52.82,52.83,19875.0
14:28,52.81,52.85,52.81,52.85,39758.0
14:29,52.85,52.85,52.8,52.81,31793.0
14:30,52.79,52.85,52.79,52.85,56348.0
14:31,52.83,52.83,52.8,52.8,35918.0
14:32,52.86,52.87,52.83,52.83,87099.0
14:33,52.87,52.89,52.86,52.86,41951.0
14:34,52.88,52.89,52.85,52.87,45676.0
14:35,52.66,52.88,52.63,52.88,253642.0
14:36,52.65,52.7,52.57,52.65,257617.0
14:37,52.6,52.67,52.57,52.64,128886.0
14:38,52.57,52.61,52.5,52.6,199236.0
14:39,52.5,52.56,52.49,52.56,762915.0
14:40,52.55,52.61,52.49,52.51,252195.0
14:41,52.49,52.57,52.44,52.55,190854.0
14:42,52.47,52.5,52.44,52.49,131003.0
14:43,52.57,52.65,52.43,52.47,137463.0
14:44,52.49,52.58,52.47,52.56,116878.0
14:45,52.55,52.63,52.48,52.49,134182.0
14:46,52.62,52.62,52.51,52.55,102377.0
14:47,52.53,52.62,52.5,52.62,116269.0
14:48,52.61,52.63,52.52,52.52,143871.0
14:49,52.63,52.66,52.57,52.6,76486.0
14:50,52.71,52.77,52.63,52.63,200315.0
14:51,52.75,52.79,52.69,52.7,110087.0
14:52,52.72,52.79,52.7,52.76,51299.0
14:53,52.76,52.76,52.72,52.72,45528.0
14:54,52.83,52.87,52.74,52.76,133043.0
14:55,52.88,52.92,52.82,52.82,136012.0
14:56,52.8,52.87,52.8,52.87,76628.0
14:57,52.88,52.92,52.8,52.81,74576.0
14:58,52.85,52.89,52.81,52.89,103719.0
14:59,52.85,52.87,52.81,52.85,50893.0
15:00,52.88,52.91,52.85,52.85,31692.0
15:01,52.88,52.9,52.85,52.89,57194.0
15:02,52.92,52.92,52.85,52.88,50621.0
15:03,52.84,52.94,52.83,52.92,77449.0
15:04,52.81,52.86,52.8,52.83,29702.0
15:05,52.86,52.88,52.8,52.81,35407.0
15:06,52.87,52.91,52.85,52.86,48878.0
15:07,52.9,52.94,52.86,52.88,64987.0
15:08,52.86,52.92,52.84,52.91,62123.0
15:09,52.85,52.89,52.83,52.87,31115.0
15:10,52.88,52.9,52.83,52.86,44286.0
15:11,52.9,52.91,52.84,52.88,87050.0
15:12,52.88,52.94,52.88,52.9,105984.0
15:13,52.84,52.88,52.83,52.87,53288.0
15:14,52.83,52.86,52.81,52.85,58051.0
15:15,52.81,52.84,52.81,52.83,65299.0
15:16,52.73,52.81,52.72,52.81,48387.0
15:17,52.69,52.74,52.66,52.74,58477.0
15:18,52.72,52.72,52.64,52.69,65066.0
15:19,52.74,52.74,52.69,52.71,95742.0
15:20,52.69,52.73,52.67,52.73,165299.0
15:21,52.63,52.69,52.6,52.69,34222.0
15:22,52.67,52.69,52.63,52.64,37819.0
15:23,52.64,52.67,52.62,52.66,67229.0
15:24,52.62,52.63,52.61,52.63,29775.0
15:25,52.67,52.69,52.61,52.62,60050.0
15:26,52.62,52.69,52.62,52.67,42552.0
15:27,52.58,52.62,52.58,52.62,51129.0
15:28,52.53,52.6,52.53,52.59,74890.0
15:29,52.53,52.54,52.51,52.53,42072.0
15:30,52.53,52.57,52.5,52.52,69774.0
15:31,52.54,52.55,52.51,52.54,67869.0
15:32,52.51,52.55,52.51,52.55,41499.0
15:33,52.48,52.53,52.47,52.51,118842.0
15:34,52.47,52.48,52.45,52.48,64644.0
15:35,52.4,52.47,52.4,52.47,90309.0
15:36,52.36,52.41,52.32,52.4,107661.0
15:37,52.4,52.42,52.35,52.35,82067.0
15:38,52.42,52.47,52.4,52.4,72357.0
15:39,52.44,52.45,52.42,52.43,47333.0
15:40,52.4,52.44,52.39,52.44,98712.0
15:41,52.4,52.42,52.38,52.4,128048.0
15:42,52.42,52.44,52.38,52.39,95714.0
15:43,52.49,52.5,52.42,52.43,111140.0
15:44,52.47,52.49,52.44,52.49,79941.0
15:45,52.49,52.51,52.46,52.47,74111.0
15:46,52.44,52.5,52.43,52.49,85905.0
15:47,52.49,52.51,52.43,52.44,132377.0
15:48,52.58,52.58,52.49,52.49,89591.0
15:49,52.54,52.6,52.54,52.57,87519.0
15:50,52.58,52.61,52.54,52.54,206686.0
15:51,52.56,52.6,52.55,52.58,95423.0
15:52,52.56,52.57,52.53,52.55,109719.0
15:53,52.56,52.6,52.56,52.57,104686.0
15:54,52.58,52.6,52.55,52.56,129975.0
15:55,52.62,52.66,52.59,52.59,206332.0
15:56,52.65,52.66,52.6,52.62,200500.0
15:57,52.6,52.66,52.6,52.65,251950.0
15:58,52.56,52.62,52.55,52.6,619394.0
15:59,52.63,52.63,52.53,52.56,739972.0
