Time,Close,High,Low,Open,Volume
09:30,52.06,52.08,51.95,52.0,439743.0
09:31,52.12,52.15,52.06,52.08,77771.0
09:32,52.24,52.26,52.12,52.12,111260.0
09:33,52.25,52.28,52.23,52.24,80156.0
09:34,52.26,52.33,52.24,52.24,86847.0
09:35,52.33,52.33,52.25,52.27,53171.0
09:36,52.39,52.41,52.33,52.33,76337.0
09:37,52.46,52.47,52.38,52.39,56243.0
09:38,52.46,52.47,52.44,52.46,81956.0
09:39,52.48,52.51,52.46,52.46,72448.0
09:40,52.48,52.51,52.47,52.48,51721.0
09:41,52.56,52.56,52.47,52.47,46536.0
09:42,52.56,52.58,52.53,52.56,54835.0
09:43,52.56,52.6,52.55,52.56,45537.0
09:44,52.66,52.67,52.56,52.56,106385.0
09:45,52.61,52.71,52.61,52.67,63940.0
09:46,52.6,52.65,52.6,52.62,41249.0
09:47,52.69,52.69,52.6,52.6,71492.0
09:48,52.69,52.7,52.67,52.69,51314.0
09:49,52.71,52.72,52.67,52.69,69634.0
09:50,52.76,52.76,52.71,52.71,53735.0
09:51,52.77,52.79,52.76,52.76,116994.0
09:52,52.8,52.81,52.77,52.78,52979.0
09:53,52.79,52.82,52.79,52.8,57838.0
09:54,52.82,52.84,52.78,52.79,68809.0
09:55,52.81,52.83,52.79,52.83,87591.0
09:56,52.83,52.83,52.8,52.82,26470.0
09:57,52.88,52.88,52.82,52.83,90464.0
09:58,52.83,52.88,52.81,52.88,82980.0
09:59,52.84,52.84,52.81,52.83,45896.0
10:00,52.85,52.88,52.85,52.85,68254.0
10:01,52.87,52.88,52.84,52.85,98292.0
10:02,52.78,52.88,52.78,52.87,147495.0
10:03,52.72,52.78,52.72,52.78,83759.0
10:04,52.75,52.79,52.72,52.72,120528.0
10:05,52.76,52.81,52.74,52.74,75068.0
10:06,52.77,52.79,52.76,52.76,24507.0
10:07,52.77,52.79,52.75,52.77,27163.0
10:08,52.76,52.78,52.73,52.77,46370.0
10:09,52.76,52.82,52.76,52.76,69156.0
10:10,52.76,52.79,52.76,52.76,75379.0
10:11,52.7,52.76,52.7,52.76,65481.0
10:12,52.65,52.71,52.65,52.71,346220.0
10:13,52.58,52.65,52.57,52.65,71221.0
10:14,52.62,52.64,52.59,52.59,45378.0
10:15,52.62,52.64,52.6,52.63,75917.0
10:16,52.62,52.63,52.6,52.6,56503.0
10:17,52.67,52.68,52.62,52.62,118604.0
10:18,52.67,52.68,52.65,52.67,46687.0
10:19,52.72,52.72,52.67,52.67,69658.0
10:20,52.74,52.77,52.72,52.72,53648.0
10:21,52.71,52.76,52.69,52.74,82294.0
10:22,52.72,52.74,52.69,52.69,109048.0
10:23,52.72,52.74,52.72,52.73,82769.0
10:24,52.71,52.71,52.69,52.71,27994.0
10:25,52.7,52.72,52.69,52.71,95233.0
10:26,52.69,52.72,52.69,52.71,59826.0
10:27,52.67,52.69,52.65,52.69,103339.0
10:28,52.65,52.68,52.65,52.67,51381.0
10:29,52.65,52.67,52.63,52.65,58707.0
10:30,52.6,52.65,52.59,52.65,99549.0
10:31,52.58,52.6,52.58,52.6,22601.0
10:32,52.6,52.61,52.58,52.59,26785.0
10:33,52.54,52.6,52.54,52.6,173653.0
10:34,52.54,52.56,52.53,52.54,85202.0
10:35,52.52,52.54,52.51,52.54,36105.0
10:36,52.53,52.53,52.51,52.53,30252.0
10:37,52.57,52.57,52.53,52.53,30304.0
10:38,52.53,52.58,52.53,52.56,47607.0
10:39,52.53,52.54,52.51,52.53,31155.0
10:40,52.51,52.56,52.51,52.53,33675.0
10:41,52.54,52.54,52.52,52.52,22862.0
10:42,52.55,52.55,52.53,52.53,16563.0
10:43,52.58,52.58,52.54,52.54,23029.0
10:44,52.57,52.59,52.57,52.58,27598.0
10:45,52.58,52.58,52.55,52.57,55194.0
10:46,52.6,52.61,52.58,52.58,33473.0
10:47,52.62,52.64,52.61,52.61,20458.0
10:48,52.62,52.63,52.61,52.61,30482.0
10:49,52.65,52.66,52.63,52.63,39538.0
10:50,52.63,52.65,52.59,52.65,349866.0
10:51,52.62,52.64,52.61,52.62,28494.0
10:52,52.6,52.63,52.6,52.62,31905.0
10:53,52.6,52.6,52.58,52.59,50810.0
10:54,52.62,52.63,52.59,52.6,41150.0
10:55,52.62,52.63,52.6,52.62,29077.0
10:56,52.62,52.63,52.6,52.62,28002.0
10:57,52.63,52.64,52.62,52.62,24613.0
10:58,52.6,52.62,52.59,52.62,29955.0
10:59,52.6,52.61,52.59,52.61,43266.0
11:00,52.58,52.6,52.57,52.6,98880.0
11:01,52.59,52.59,52.56,52.58,60538.0
11:02,52.58,52.61,52.58,52.59,51563.0
11:03,52.56,52.58,52.55,52.58,33373.0
11:04,52.58,52.58,52.56,52.56,24956.0
11:05,52.6,52.6,52.58,52.58,31786.0
11:06,52.57,52.6,52.57,52.6,30570.0
11:07,52.58,52.58,52.56,52.57,35869.0
11:08,52.58,52.58,52.56,52.58,21005.0
11:09,52.56,52.57,52.55,52.57,15034.0
11:10,52.54,52.56,52.54,52.55,27231.0
11:11,52.53,52.54,52.52,52.54,26693.0
11:12,52.51,52.54,52.51,52.53,31097.0
11:13,52.48,52.51,52.47,52.51,70929.0
11:14,52.47,52.48,52.45,52.48,44756.0
11:15,52.46,52.47,52.46,52.47,22906.0
11:16,52.44,52.47,52.43,52.46,37526.0
11:17,52.45,52.45,52.42,52.44,55797.0
11:18,52.45,52.46,52.44,52.44,24829.0
11:19,52.44,52.45,52.43,52.45,14692.0
11:20,52.46,52.47,52.42,52.44,54095.0
11:21,52.45,52.46,52.45,52.46,28152.0
11:22,52.42,52.46,52.42,52.46,43326.0
11:23,52.4,52.43,52.4,52.43,59707.0
11:24,52.39,52.42,52.39,52.41,65934.0
11:25,52.37,52.4,52.36,52.39,23073.0
11:26,52.33,52.37,52.33,52.37,22730.0
11:27,52.33,52.35,52.32,52.33,70944.0
11:28,52.31,52.33,52.29,52.33,67020.0
11:29,52.28,52.31,52.27,52.31,81561.0
11:30,52.31,52.32,52.29,52.29,73873.0
11:31,52.29,52.33,52.29,52.31,45171.0
11:32,52.3,52.31,52.29,52.29,43055.0
11:33,52.31,52.33,52.31,52.31,46716.0
11:34,52.3,52.32,52.29,52.32,50619.0
11:35,52.3,52.31,52.29,52.3,41722.0
11:36,52.31,52.32,52.29,52.31,45067.0
11:37,52.31,52.32,52.29,52.31,26682.0
11:38,52.35,52.35,52.31,52.31,56701.0
11:39,52.36,52.36,52.34,52.34,33770.0
11:40,52.32,52.35,52.31,52.35,49261.0
11:41,52.3,52.33,52.3,52.32,33931.0
11:42,52.31,52.33,52.3,52.3,36999.0
11:43,52.28,52.32,52.28,52.32,36460.0
11:44,52.29,52.3,52.28,52.29,18067.0
11:45,52.28,52.3,52.28,52.29,25671.0
11:46,52.28,52.3,52.27,52.28,31435.0
11:47,52.28,52.28,52.26,52.28,13173.0
11:48,52.28,52.29,52.26,52.27,24532.0
11:49,52.26,52.28,52.25,52.28,20441.0
11:50,52.25,52.26,52.24,52.26,24916.0
11:51,52.24,52.26,52.23,52.25,16388.0
11:52,52.23,52.24,52.21,52.23,29777.0
11:53,52.22,52.23,52.22,52.22,13662.0
11:54,52.23,52.24,52.22,52.22,29007.0
11:55,52.26,52.26,52.22,52.22,12486.0
11:56,52.24,52.26,52.22,52.26,27158.0
11:57,52.22,52.24,52.22,52.24,22202.0
11:58,52.19,52.22,52.19,52.22,51204.0
11:59,52.19,52.19,52.17,52.19,61295.0
12:00,52.18,52.21,52.17,52.19,26354.0
12:01,52.19,52.21,52.16,52.17,48428.0
12:02,52.16,52.19,52.16,52.19,18598.0
12:03,52.17,52.19,52.16,52.17,18853.0
12:04,52.2,52.2,52.17,52.17,16970.0
12:05,52.17,52.2,52.17,52.2,18397.0
12:06,52.21,52.21,52.17,52.17,46364.0
12:07,52.19,52.22,52.19,52.2,19347.0
12:08,52.19,52.21,52.19,52.2,16223.0
12:09,52.19,52.19,52.17,52.18,12898.0
12:10,52.15,52.21,52.15,52.19,55077.0
12:11,52.19,52.21,52.15,52.15,24672.0
12:12,52.17,52.2,52.16,52.19,51818.0
12:13,52.17,52.17,52.15,52.17,26015.0
12:14,52.18,52.19,52.15,52.16,15496.0
12:15,52.17,52.19,52.17,52.18,25942.0
12:16,52.17,52.18,52.15,52.18,17609.0
12:17,52.19,52.19,52.15,52.17,18994.0
12:18,52.17,52.19,52.16,52.18,33572.0
12:19,52.19,52.19,52.15,52.15,27118.0
12:20,52.19,52.2,52.19,52.19,21188.0
12:21,52.21,52.21,52.19,52.19,22790.0
12:22,52.22,52.24,52.21,52.21,57085.0
12:23,52.22,52.22,52.19,52.21,19239.0
12:24,52.22,52.23,52.21,52.22,24821.0
12:25,52.17,52.22,52.17,52.22,30449.0
12:26,52.19,52.19,52.18,52.18,9711.0
12:27,52.19,52.21,52.19,52.2,34743.0
12:28,52.17,52.19,52.15,52.19,29315.0
12:29,52.17,52.18,52.16,52.17,6195.0
12:30,52.16,52.17,52.15,52.17,18062.0
12:31,52.13,52.16,52.12,52.15,26840.0
12:32,52.15,52.15,52.13,52.13,8677.0
12:33,52.17,52.17,52.14,52.15,16310.0
12:34,52.15,52.17,52.15,52.16,13241.0
12:35,52.13,52.17,52.11,52.15,68041.0
12:36,52.12,52.13,52.11,52.12,26348.0
12:37,52.17,52.17,52.13,52.13,19473.0
12:38,52.21,52.21,52.18,52.18,12967.0
12:39,52.21,52.22,52.2,52.21,21539.0
12:40,52.17,52.21,52.17,52.21,32163.0
12:41,52.19,52.2,52.17,52.17,12967.0
12:42,52.2,52.21,52.19,52.19,19624.0
12:43,52.19,52.2,52.19,52.2,14442.0
12:44,52.21,52.21,52.18,52.19,10717.0
12:45,52.22,52.23,52.21,52.21,15926.0
12:46,52.22,52.23,52.21,52.21,11251.0
12:47,52.24,52.24,52.23,52.23,13180.0
12:48,52.24,52.25,52.24,52.24,19315.0
12:49,52.25,52.26,52.24,52.25,10716.0
12:50,52.22,52.25,52.22,52.24,17556.0
12:51,52.24,52.24,52.22,52.22,4720.0
12:52,52.22,52.24,52.22,52.24,7438.0
12:53,52.21,52.24,52.21,52.22,16048.0
12:54,52.22,52.23,52.22,52.22,9109.0
12:55,52.19,52.22,52.19,52.22,12766.0
12:56,52.19,52.19,52.17,52.18,21681.0
12:57,52.19,52.19,52.19,52.19,5453.0
12:58,52.19,52.22,52.19,52.19,19479.0
12:59,52.19,52.2,52.18,52.19,12049.0
13:00,52.17,52.2,52.17,52.18,21099.0
13:01,52.17,52.18,52.16,52.17,11847.0
13:02,52.14,52.17,52.12,52.16,40870.0
13:03,52.12,52.15,52.12,52.14,14538.0
13:04,52.12,52.13,52.12,52.12,19114.0
13:05,52.11,52.14,52.11,52.12,22218.0
13:06,52.12,52.12,52.1,52.12,13699.0
13:07,52.12,52.12,52.11,52.12,9115.0
13:08,52.12,52.13,52.12,52.12,40837.0
13:09,52.14,52.15,52.11,52.12,12282.0
13:10,52.13,52.14,52.12,52.14,7011.0
13:11,52.1,52.12,52.1,52.12,15763.0
13:12,52.15,52.15,52.09,52.1,26461.0
13:13,52.14,52.16,52.13,52.15,14543.0
13:14,52.14,52.14,52.13,52.14,30041.0
13:15,52.13,52.15,52.12,52.13,23054.0
13:16,52.12,52.14,52.12,52.14,9306.0
13:17,52.12,52.13,52.12,52.12,18386.0
13:18,52.1,52.13,52.1,52.12,16013.0
13:19,52.1,52.12,52.1,52.11,37509.0
13:20,52.04,52.11,52.04,52.11,37152.0
13:21,52.06,52.07,52.04,52.05,26398.0
13:22,52.08,52.08,52.06,52.06,18098.0
13:23,52.08,52.08,52.06,52.08,15843.0
13:24,52.06,52.08,52.04,52.07,93074.0
13:25,52.01,52.06,52.01,52.06,73217.0
13:26,51.99,52.01,51.99,52.01,119225.0
13:27,51.9,51.99,51.9,51.99,62928.0
13:28,51.88,51.9,51.87,51.9,50212.0
13:29,51.84,51.9,51.84,51.88,43602.0
13:30,51.84,51.85,51.83,51.83,86459.0
13:31,51.72,51.84,51.7,51.84,189259.0
13:32,51.78,51.83,51.72,51.72,65361.0
13:33,51.77,51.78,51.76,51.78,32147.0
13:34,51.74,51.77,51.74,51.77,46612.0
13:35,51.67,51.74,51.65,51.74,94088.0
13:36,51.72,51.72,51.67,51.68,50322.0
13:37,51.69,51.72,51.68,51.71,110559.0
13:38,51.67,51.72,51.67,51.68,39868.0
13:39,51.6,51.69,51.59,51.66,86474.0
13:40,51.61,51.64,51.6,51.6,66572.0
13:41,51.55,51.62,51.54,51.61,82442.0
13:42,51.65,51.66,51.54,51.54,75637.0
13:43,51.7,51.71,51.63,51.66,66718.0
13:44,51.66,51.71,51.65,51.7,189669.0
13:45,51.62,51.67,51.57,51.65,246599.0
13:46,51.62,51.69,51.6,51.62,52260.0
13:47,51.64,51.65,51.61,51.62,38307.0
13:48,51.65,51.67,51.63,51.63,30461.0
13:49,51.65,51.69,51.65,51.66,75717.0
13:50,51.65,51.66,51.63,51.65,41309.0
13:51,51.65,51.66,51.63,51.64,28448.0
13:52,51.63,51.66,51.62,51.66,60569.0
13:53,51.6,51.64,51.58,51.63,68494.0
13:54,51.6,51.61,51.58,51.61,31679.0
13:55,51.6,51.62,51.59,51.6,27693.0
13:56,51.57,51.6,51.54,51.59,37023.0
13:57,51.59,51.59,51.55,51.56,35447.0
13:58,51.59,51.62,51.58,51.59,49084.0
13:59,51.57,51.59,51.56,51.58,25108.0
14:00,51.56,51.58,51.55,51.58,39349.0
14:01,51.56,51.58,51.54,51.56,144643.0
14:02,51.62,51.63,51.56,51.56,77967.0
14:03,51.61,51.62,51.6,51.62,57320.0
14:04,51.6,51.62,51.59,51.61,19712.0
14:05,51.6,51.61,51.58,51.6,25104.0
14:06,51.59,51.62,51.58,51.59,36685.0
14:07,51.62,51.62,51.58,51.59,31868.0
14:08,51.6,51.63,51.6,51.62,16963.0
14:09,51.63,51.64,51.61,51.61,15944.0
14:10,51.62,51.68,51.62,51.63,132031.0
14:11,51.65,51.69,51.62,51.62,168445.0
14:12,51.65,51.69,51.63,51.65,65234.0
14:13,51.64,51.65,51.63,51.65,30217.0
14:14,51.65,51.67,51.63,51.65,41566.0
14:15,51.63,51.67,51.63,51.66,27992.0
14:16,51.61,51.65,51.61,51.63,28730.0
14:17,51.62,51.62,51.61,51.61,30103.0
14:18,51.62,51.63,51.61,51.63,49139.0
14:19,51.63,51.63,51.61,51.63,52893.0
14:20,51.63,51.65,51.63,51.63,40453.0
14:21,51.61,51.63,51.61,51.63,16254.0
14:22,51.63,51.64,51.61,51.61,35611.0
14:23,51.61,51.63,51.6,51.63,23463.0
14:24,51.58,51.62,51.58,51.61,35907.0
14:25,51.62,51.62,51.58,51.58,32072.0
14:26,51.59,51.62,51.56,51.61,42199.0
14:27,51.6,51.61,51.58,51.58,30911.0
14:28,51.58,51.6,51.58,51.6,13529.0
14:29,51.59,51.6,51.58,51.58,28995.0
14:30,51.6,51.61,51.59,51.6,50965.0
14:31,51.63,51.64,51.59,51.6,52995.0
14:32,51.63,51.64,51.63,51.64,50655.0
14:33,51.62,51.65,51.61,51.63,26002.0
14:34,51.63,51.63,51.62,51.62,21265.0
14:35,51.63,51.64,51.61,51.63,30680.0
14:36,51.65,51.66,51.63,51.64,23905.0
14:37,51.6,51.65,51.6,51.65,28059.0
14:38,51.64,51.64,51.59,51.6,38674.0
14:39,51.59,51.64,51.59,51.64,40483.0
14:40,51.62,51.63,51.59,51.6,55945.0
14:41,51.62,51.62,51.6,51.61,46033.0
14:42,51.62,51.63,51.62,51.62,24481.0
14:43,51.62,51.64,51.61,51.61,36285.0
14:44,51.6,51.62,51.59,51.62,34850.0
14:45,51.6,51.6,51.58,51.59,33740.0
14:46,51.62,51.63,51.6,51.6,39457.0
14:47,51.62,51.65,51.62,51.62,46109.0
14:48,51.62,51.63,51.61,51.62,20634.0
14:49,51.58,51.62,51.58,51.62,49982.0
14:50,51.56,51.6,51.56,51.59,30699.0
14:51,51.56,51.58,51.56,51.57,30555.0
14:52,51.58,51.58,51.55,51.56,26716.0
14:53,51.58,51.58,51.56,51.58,38305.0
14:54,51.57,51.6,51.57,51.58,30518.0
14:55,51.6,51.6,51.56,51.58,63194.0
14:56,51.58,51.6,51.58,51.6,58058.0
14:57,51.56,51.58,51.55,51.58,30351.0
14:58,51.56,51.56,51.54,51.56,40834.0
14:59,51.56,51.57,51.54,51.56,41480.0
15:00,51.59,51.59,51.56,51.56,58062.0
15:01,51.6,51.61,51.58,51.59,65075.0
15:02,51.6,51.62,51.6,51.6,25787.0
15:03,51.6,51.61,51.59,51.6,25525.0
15:04,51.6,51.62,51.6,51.6,47296.0
15:05,51.58,51.63,51.58,51.61,38018.0
15:06,51.61,51.61,51.57,51.58,35717.0
15:07,51.6,51.61,51.6,51.6,22651.0
15:08,51.6,51.62,51.6,51.6,48812.0
15:09,51.6,51.6,51.59,51.6,17634.0
15:10,51.6,51.62,51.6,51.6,28477.0
15:11,51.6,51.61,51.58,51.6,45275.0
15:12,51.6,51.61,51.6,51.6,34345.0
15:13,51.58,51.61,51.58,51.6,42386.0
15:14,51.58,51.59,51.57,51.59,27060.0
15:15,51.58,51.6,51.57,51.58,38301.0
15:16,51.59,51.6,51.58,51.58,22701.0
15:17,51.6,51.61,51.6,51.6,33738.0
15:18,51.59,51.61,51.59,51.6,39027.0
15:19,51.61,51.62,51.59,51.6,103367.0
15:20,51.61,51.62,51.6,51.61,45411.0
15:21,51.58,51.61,51.57,51.61,30443.0
15:22,51.59,51.59,51.57,51.57,25531.0
15:23,51.55,51.59,51.55,51.59,43892.0
15:24,51.53,51.56,51.51,51.56,59583.0
15:25,51.53,51.54,51.52,51.52,73025.0
15:26,51.53,51.56,51.53,51.53,45302.0
15:27,51.53,51.54,51.53,51.53,52109.0
15:28,51.54,51.55,51.53,51.53,32673.0
15:29,51.54,51.55,51.53,51.54,25407.0
15:30,51.54,51.56,51.52,51.55,82405.0
15:31,51.54,51.54,51.52,51.53,57810.0
15:32,51.56,51.56,51.53,51.54,64691.0
15:33,51.56,51.57,51.55,51.56,38999.0
15:34,51.54,51.57,51.54,51.56,67565.0
15:35,51.54,51.56,51.54,51.54,85014.0
15:36,51.6,51.6,51.54,51.54,83779.0
15:37,51.58,51.6,51.58,51.6,34405.0
15:38,51.56,51.59,51.56,51.59,38147.0
15:39,51.62,51.62,51.56,51.56,142091.0
15:40,51.6,51.63,51.58,51.62,72753.0
15:41,51.61,51.63,51.6,51.6,54817.0
15:42,51.63,51.63,51.6,51.6,50052.0
15:43,51.59,51.63,51.59,51.62,41228.0
15:44,51.6,51.6,51.59,51.59,48859.0
15:45,51.62,51.63,51.6,51.6,56846.0
15:46,51.58,51.63,51.58,51.62,152584.0
15:47,51.58,51.6,51.56,51.58,82675.0
15:48,51.59,51.6,51.56,51.58,113269.0
15:49,51.57,51.61,51.57,51.6,113616.0
15:50,51.58,51.6,51.55,51.57,167001.0
15:51,51.62,51.64,51.58,51.58,173617.0
15:52,51.66,51.67,51.62,51.62,125572.0
15:53,51.65,51.69,51.65,51.66,191388.0
15:54,51.7,51.7,51.64,51.65,114931.0
15:55,51.67,51.69,51.65,51.69,143942.0
15:56,51.7,51.7,51.66,51.67,139622.0
15:57,51.7,51.71,51.69,51.7,161858.0
15:58,51.67,51.71,51.65,51.7,332757.0
15:59,51.71,51.71,51.67,51.68,455597.0
