Time,Close,High,Low,Open,Volume
09:30,51.04,51.06,50.79,50.95,2596840.0
09:31,51.01,51.12,50.99,51.04,227111.0
09:32,50.83,50.99,50.78,50.99,298212.0
09:33,50.6,50.83,50.54,50.83,151125.0
09:34,50.58,50.62,50.47,50.6,144661.0
09:35,50.73,50.75,50.45,50.58,108628.0
09:36,50.74,50.77,50.62,50.73,121683.0
09:37,50.73,50.79,50.66,50.74,119460.0
09:38,50.61,50.82,50.6,50.73,153686.0
09:39,50.62,50.66,50.53,50.61,138998.0
09:40,50.69,50.69,50.54,50.62,154962.0
09:41,50.74,50.74,50.66,50.68,132784.0
09:42,50.66,50.76,50.65,50.73,88232.0
09:43,50.49,50.71,50.48,50.66,109687.0
09:44,50.46,50.5,50.44,50.49,126044.0
09:45,50.49,50.5,50.33,50.46,182325.0
09:46,50.53,50.59,50.44,50.49,116181.0
09:47,50.74,50.76,50.49,50.53,146424.0
09:48,50.98,50.98,50.75,50.75,130601.0
09:49,51.01,51.04,50.97,50.98,250319.0
09:50,51.02,51.03,50.94,51.01,154127.0
09:51,50.96,51.02,50.95,51.01,83625.0
09:52,50.94,50.99,50.91,50.97,93927.0
09:53,50.99,51.04,50.92,50.94,111571.0
09:54,51.03,51.05,50.96,50.99,52234.0
09:55,51.04,51.09,51.01,51.03,167603.0
09:56,51.08,51.09,50.99,51.05,95277.0
09:57,51.04,51.08,50.97,51.08,140095.0
09:58,50.99,51.04,50.99,51.04,125171.0
09:59,50.9,51.03,50.89,50.99,87536.0
10:00,50.84,50.9,50.78,50.89,145012.0
10:01,50.94,50.94,50.8,50.84,87134.0
10:02,51.0,51.02,50.85,50.94,128076.0
10:03,50.88,51.03,50.87,51.0,195243.0
10:04,50.92,50.94,50.85,50.88,112531.0
10:05,50.91,50.92,50.86,50.91,123534.0
10:06,50.94,51.01,50.91,50.92,121124.0
10:07,50.97,50.99,50.92,50.94,47563.0
10:08,50.99,51.01,50.93,50.97,53973.0
10:09,50.99,51.02,50.98,51.0,76652.0
10:10,51.0,51.01,50.95,51.0,62365.0
10:11,51.09,51.1,50.99,50.99,115171.0
10:12,51.1,51.1,51.06,51.08,63730.0
10:13,51.07,51.1,51.06,51.1,61147.0
10:14,51.06,51.09,51.05,51.07,63628.0
10:15,51.11,51.11,51.01,51.05,80977.0
10:16,51.04,51.13,51.04,51.1,118939.0
10:17,51.01,51.04,50.98,51.04,89404.0
10:18,50.98,51.02,50.94,51.01,47075.0
10:19,50.99,50.99,50.96,50.98,55729.0
10:20,51.03,51.03,50.97,50.99,71672.0
10:21,50.87,51.05,50.86,51.03,82161.0
10:22,50.94,50.94,50.87,50.87,54679.0
10:23,51.01,51.03,50.91,50.94,81387.0
10:24,51.02,51.04,50.99,51.01,63829.0
10:25,51.01,51.05,50.99,51.01,81892.0
10:26,51.1,51.11,51.01,51.01,105491.0
10:27,51.04,51.12,51.03,51.09,316214.0
10:28,51.06,51.08,51.02,51.04,72947.0
10:29,50.97,51.07,50.97,51.05,54348.0
10:30,50.94,50.99,50.92,50.97,66180.0
10:31,50.94,50.97,50.92,50.94,49487.0
10:32,50.94,50.97,50.88,50.94,58828.0
10:33,50.9,50.94,50.87,50.93,49283.0
10:34,50.85,50.9,50.83,50.9,131095.0
10:35,50.9,50.91,50.83,50.85,192705.0
10:36,50.94,50.94,50.85,50.9,177576.0
10:37,51.02,51.03,50.91,50.94,144161.0
10:38,51.05,51.1,50.99,51.02,141703.0
10:39,51.04,51.06,51.0,51.05,103472.0
10:40,51.04,51.08,51.03,51.04,104456.0
10:41,51.06,51.08,51.03,51.04,87510.0
10:42,51.1,51.18,51.08,51.08,131853.0
10:43,51.06,51.12,51.05,51.11,93578.0
10:44,51.01,51.07,50.97,51.07,384193.0
10:45,51.1,51.12,51.0,51.01,112644.0
10:46,51.08,51.12,51.06,51.09,84093.0
10:47,51.12,51.14,51.08,51.08,86203.0
10:48,51.08,51.13,51.05,51.12,87649.0
10:49,51.08,51.15,51.06,51.08,81838.0
10:50,51.12,51.15,51.06,51.08,125898.0
10:51,51.08,51.13,51.05,51.13,84959.0
10:52,51.04,51.1,51.04,51.08,86456.0
10:53,51.06,51.08,51.03,51.05,178987.0
10:54,51.06,51.08,51.03,51.07,93352.0
10:55,51.03,51.07,51.01,51.06,221445.0
10:56,50.99,51.05,50.97,51.04,287305.0
10:57,50.97,51.0,50.95,50.99,207676.0
10:58,51.01,51.03,50.97,50.97,155101.0
10:59,51.03,51.04,51.01,51.01,119277.0
11:00,51.15,51.15,50.99,51.03,292772.0
11:01,51.19,51.23,51.15,51.15,378634.0
11:02,51.3,51.31,51.19,51.19,143664.0
11:03,51.28,51.31,51.27,51.29,172254.0
11:04,51.36,51.36,51.28,51.28,130687.0
11:05,51.32,51.39,51.31,51.36,298070.0
11:06,51.44,51.48,51.28,51.32,384581.0
11:07,51.44,51.47,51.38,51.44,201204.0
11:08,51.46,51.47,51.41,51.44,106570.0
11:09,51.46,51.47,51.41,51.47,114396.0
11:10,51.56,51.56,51.46,51.46,210487.0
11:11,51.53,51.56,51.51,51.56,171156.0
11:12,51.49,51.54,51.47,51.53,419567.0
11:13,51.47,51.52,51.46,51.49,204560.0
11:14,51.45,51.49,51.44,51.47,205380.0
11:15,51.44,51.48,51.42,51.46,283351.0
11:16,51.48,51.49,51.41,51.43,215672.0
11:17,51.56,51.56,51.46,51.48,158464.0
11:18,51.49,51.58,51.49,51.57,136443.0
11:19,51.47,51.5,51.43,51.49,265411.0
11:20,51.44,51.49,51.44,51.47,146673.0
11:21,51.45,51.46,51.41,51.44,164481.0
11:22,51.44,51.45,51.41,51.45,179685.0
11:23,51.42,51.45,51.41,51.44,188109.0
11:24,51.33,51.46,51.32,51.42,351815.0
11:25,51.24,51.33,51.21,51.33,215323.0
11:26,51.3,51.32,51.22,51.24,114809.0
11:27,51.33,51.34,51.29,51.3,125881.0
11:28,51.29,51.33,51.28,51.32,130212.0
11:29,51.28,51.38,51.27,51.3,86008.0
11:30,51.3,51.34,51.29,51.29,84289.0
11:31,51.24,51.33,51.24,51.3,80321.0
11:32,51.28,51.32,51.23,51.24,124197.0
11:33,51.16,51.27,51.15,51.27,83007.0
11:34,51.17,51.23,51.15,51.17,84992.0
11:35,51.2,51.22,51.17,51.17,78688.0
11:36,51.24,51.29,51.2,51.21,106233.0
11:37,51.31,51.35,51.22,51.24,159222.0
11:38,51.31,51.33,51.25,51.31,99677.0
11:39,51.38,51.42,51.29,51.31,141629.0
11:40,51.39,51.42,51.37,51.38,238386.0
11:41,51.38,51.42,51.36,51.39,102551.0
11:42,51.4,51.42,51.37,51.38,75397.0
11:43,51.35,51.4,51.35,51.4,99271.0
11:44,51.38,51.38,51.34,51.35,114642.0
11:45,51.37,51.38,51.33,51.38,117680.0
11:46,51.42,51.42,51.37,51.37,95274.0
11:47,51.42,51.44,51.38,51.42,68068.0
11:48,51.53,51.53,51.42,51.42,111448.0
11:49,51.54,51.54,51.51,51.52,87567.0
11:50,51.49,51.58,51.49,51.54,112244.0
11:51,51.52,51.56,51.51,51.51,219834.0
11:52,51.53,51.56,51.48,51.53,145740.0
11:53,51.53,51.56,51.51,51.53,117678.0
11:54,51.47,51.52,51.47,51.52,99577.0
11:55,51.54,51.56,51.46,51.47,106598.0
11:56,51.56,51.58,51.52,51.54,78647.0
11:57,51.59,51.59,51.56,51.57,60280.0
11:58,51.58,51.6,51.56,51.59,61984.0
11:59,51.61,51.62,51.58,51.58,90997.0
12:00,51.74,51.74,51.61,51.62,137882.0
12:01,51.72,51.73,51.69,51.73,95181.0
12:02,51.76,51.76,51.71,51.72,111751.0
12:03,51.74,51.76,51.72,51.76,114204.0
12:04,51.71,51.76,51.71,51.75,307038.0
12:05,51.72,51.75,51.69,51.71,121901.0
12:06,51.67,51.72,51.67,51.72,189231.0
12:07,51.69,51.71,51.65,51.67,159696.0
12:08,51.68,51.74,51.67,51.68,211992.0
12:09,51.72,51.76,51.69,51.69,113676.0
12:10,51.76,51.77,51.72,51.72,107607.0
12:11,51.68,51.77,51.68,51.76,118253.0
12:12,51.64,51.7,51.62,51.69,168796.0
12:13,51.56,51.65,51.56,51.64,129781.0
12:14,51.58,51.59,51.54,51.56,133998.0
12:15,51.65,51.67,51.57,51.58,113552.0
12:16,51.67,51.71,51.66,51.66,59595.0
12:17,51.69,51.69,51.65,51.68,59514.0
12:18,51.58,51.7,51.58,51.69,87117.0
12:19,51.63,51.64,51.55,51.59,74527.0
12:20,51.67,51.67,51.62,51.64,77350.0
12:21,51.71,51.71,51.63,51.67,83380.0
12:22,51.63,51.71,51.63,51.71,81013.0
12:23,51.66,51.67,51.63,51.64,43907.0
12:24,51.65,51.65,51.63,51.65,29920.0
12:25,51.7,51.7,51.65,51.65,53937.0
12:26,51.57,51.71,51.56,51.71,110465.0
12:27,51.57,51.6,51.54,51.58,61012.0
12:28,51.56,51.59,51.56,51.57,40404.0
12:29,51.56,51.58,51.54,51.56,33843.0
12:30,51.6,51.6,51.55,51.56,50097.0
12:31,51.57,51.6,51.56,51.6,52156.0
12:32,51.52,51.57,51.51,51.56,66943.0
12:33,51.44,51.53,51.44,51.53,75265.0
12:34,51.45,51.47,51.44,51.44,71612.0
12:35,51.39,51.46,51.37,51.45,40348.0
12:36,51.42,51.42,51.37,51.39,50374.0
12:37,51.44,51.46,51.41,51.42,46455.0
12:38,51.4,51.45,51.4,51.43,38848.0
12:39,51.41,51.44,51.38,51.4,64474.0
12:40,51.4,51.42,51.36,51.42,31948.0
12:41,51.33,51.4,51.33,51.4,47437.0
12:42,51.33,51.37,51.32,51.33,33260.0
12:43,51.33,51.35,51.31,51.33,35709.0
12:44,51.31,51.34,51.29,51.34,40807.0
12:45,51.24,51.31,51.23,51.31,70594.0
12:46,51.28,51.28,51.23,51.24,53531.0
12:47,51.27,51.28,51.26,51.28,59049.0
12:48,51.35,51.35,51.28,51.28,44894.0
12:49,51.31,51.35,51.31,51.35,34552.0
12:50,51.35,51.37,51.31,51.31,35647.0
12:51,51.28,51.36,51.28,51.35,44560.0
12:52,51.24,51.28,51.22,51.28,63569.0
12:53,51.26,51.29,51.24,51.24,32924.0
12:54,51.22,51.26,51.2,51.26,31664.0
12:55,51.19,51.24,51.17,51.22,34574.0
12:56,51.17,51.19,51.14,51.19,45994.0
12:57,51.23,51.26,51.17,51.18,53581.0
12:58,51.19,51.26,51.17,51.23,154899.0
12:59,51.18,51.2,51.15,51.19,85430.0
13:00,51.15,51.19,51.14,51.19,68678.0
13:01,51.19,51.19,51.14,51.15,55033.0
13:02,51.19,51.2,51.15,51.19,49576.0
13:03,51.2,51.21,51.17,51.19,28535.0
13:04,51.22,51.22,51.19,51.21,15920.0
13:05,51.19,51.22,51.19,51.22,59871.0
13:06,51.19,51.24,51.19,51.19,57731.0
13:07,51.15,51.19,51.15,51.19,34808.0
13:08,51.11,51.15,51.1,51.14,63336.0
13:09,51.1,51.12,51.09,51.1,44812.0
13:10,51.13,51.15,51.1,51.1,47110.0
13:11,51.1,51.15,51.07,51.13,43957.0
13:12,51.12,51.12,51.1,51.1,24100.0
13:13,51.14,51.17,51.12,51.12,63694.0
13:14,51.13,51.15,51.12,51.14,24052.0
13:15,51.12,51.15,51.11,51.14,24036.0
13:16,51.15,51.15,51.12,51.12,30399.0
13:17,51.15,51.16,51.14,51.14,26692.0
13:18,51.09,51.15,51.08,51.15,189882.0
13:19,51.1,51.11,51.06,51.09,55997.0
13:20,51.15,51.15,51.08,51.1,52802.0
13:21,51.15,51.17,51.13,51.15,64751.0
13:22,51.22,51.23,51.15,51.15,62286.0
13:23,51.24,51.27,51.21,51.22,98997.0
13:24,51.22,51.25,51.19,51.24,94737.0
13:25,51.19,51.23,51.19,51.22,38723.0
13:26,51.21,51.22,51.19,51.19,41327.0
13:27,51.22,51.23,51.2,51.21,34134.0
13:28,51.21,51.23,51.19,51.22,59458.0
13:29,51.24,51.24,51.21,51.21,19679.0
13:30,51.26,51.27,51.22,51.23,45358.0
13:31,51.26,51.28,51.25,51.26,50301.0
13:32,51.28,51.29,51.26,51.26,45200.0
13:33,51.28,51.31,51.28,51.28,96812.0
13:34,51.3,51.3,51.28,51.28,53870.0
13:35,51.29,51.34,51.29,51.29,70327.0
13:36,51.32,51.33,51.28,51.29,33557.0
13:37,51.32,51.37,51.31,51.33,45163.0
13:38,51.31,51.33,51.29,51.32,61704.0
13:39,51.3,51.31,51.28,51.31,44175.0
13:40,51.26,51.3,51.26,51.29,49256.0
13:41,51.24,51.26,51.23,51.25,74025.0
13:42,51.25,51.26,51.21,51.24,92143.0
13:43,51.26,51.27,51.24,51.24,59355.0
13:44,51.26,51.28,51.25,51.26,55843.0
13:45,51.23,51.26,51.22,51.25,90850.0
13:46,51.21,51.24,51.2,51.24,72779.0
13:47,51.19,51.23,51.19,51.21,82951.0
13:48,51.22,51.25,51.2,51.2,74788.0
13:49,51.22,51.24,51.2,51.22,35430.0
13:50,51.24,51.25,51.21,51.22,89206.0
13:51,51.25,51.25,51.17,51.24,151452.0
13:52,51.24,51.28,51.22,51.24,167028.0
13:53,51.27,51.28,51.24,51.24,68813.0
13:54,51.3,51.31,51.27,51.28,96323.0
13:55,51.28,51.31,51.26,51.29,84402.0
13:56,51.29,51.3,51.24,51.27,61964.0
13:57,51.26,51.29,51.25,51.29,34046.0
13:58,51.27,51.28,51.24,51.25,37708.0
13:59,51.27,51.29,51.27,51.28,39467.0
14:00,51.31,51.32,51.27,51.28,90143.0
14:01,51.33,51.34,51.29,51.31,44329.0
14:02,51.38,51.39,51.33,51.33,41556.0
14:03,51.4,51.41,51.38,51.38,51588.0
14:04,51.39,51.41,51.38,51.4,52767.0
14:05,51.47,51.47,51.37,51.38,91955.0
14:06,51.48,51.48,51.46,51.46,47250.0
14:07,51.46,51.49,51.45,51.47,52182.0
14:08,51.48,51.48,51.46,51.47,32070.0
14:09,51.46,51.48,51.46,51.47,55405.0
14:10,51.46,51.47,51.44,51.46,47524.0
14:11,51.49,51.49,51.46,51.47,62049.0
14:12,51.49,51.49,51.47,51.49,28236.0
14:13,51.43,51.49,51.43,51.48,109492.0
14:14,51.49,51.49,51.42,51.44,50966.0
14:15,51.49,51.52,51.48,51.49,77786.0
14:16,51.49,51.51,51.49,51.49,30408.0
14:17,51.49,51.5,51.49,51.49,45703.0
14:18,51.5,51.5,51.48,51.49,41278.0
14:19,51.53,51.54,51.49,51.5,22855.0
14:20,51.58,51.58,51.54,51.54,50749.0
14:21,51.57,51.59,51.56,51.59,50554.0
14:22,51.58,51.58,51.57,51.58,50673.0
14:23,51.54,51.58,51.54,51.58,55811.0
14:24,51.51,51.55,51.51,51.54,51766.0
14:25,51.51,51.51,51.49,51.51,36408.0
14:26,51.5,51.52,51.49,51.51,54779.0
14:27,51.5,51.51,51.5,51.51,25363.0
14:28,51.5,51.52,51.48,51.51,52377.0
14:29,51.49,51.51,51.48,51.5,40213.0
14:30,51.53,51.53,51.49,51.49,55421.0
14:31,51.52,51.53,51.49,51.53,77873.0
14:32,51.53,51.53,51.51,51.53,44477.0
14:33,51.49,51.53,51.49,51.52,65199.0
14:34,51.49,51.49,51.46,51.49,48152.0
14:35,51.5,51.51,51.48,51.49,55051.0
14:36,51.49,51.5,51.45,51.5,70834.0
14:37,51.51,51.54,51.48,51.48,121620.0
14:38,51.5,51.53,51.49,51.51,32800.0
14:39,51.51,51.51,51.49,51.51,59568.0
14:40,51.51,51.51,51.49,51.51,36234.0
14:41,51.44,51.51,51.44,51.51,42869.0
14:42,51.47,51.48,51.44,51.44,37288.0
14:43,51.47,51.47,51.46,51.47,25106.0
14:44,51.47,51.48,51.45,51.47,33355.0
14:45,51.51,51.51,51.47,51.47,41399.0
14:46,51.51,51.52,51.51,51.51,63459.0
14:47,51.49,51.52,51.49,51.51,51055.0
14:48,51.5,51.5,51.47,51.49,30146.0
14:49,51.49,51.51,51.49,51.49,32569.0
14:50,51.49,51.51,51.49,51.5,48653.0
14:51,51.5,51.5,51.49,51.49,17046.0
14:52,51.51,51.51,51.48,51.49,44622.0
14:53,51.51,51.53,51.49,51.5,38523.0
14:54,51.51,51.52,51.5,51.51,16547.0
14:55,51.5,51.51,51.49,51.51,37753.0
14:56,51.5,51.51,51.49,51.5,43428.0
14:57,51.52,51.53,51.49,51.5,68170.0
14:58,51.51,51.52,51.51,51.51,35448.0
14:59,51.51,51.52,51.49,51.51,60721.0
15:00,51.53,51.56,51.51,51.52,56697.0
15:01,51.55,51.55,51.51,51.52,25530.0
15:02,51.53,51.58,51.53,51.54,101691.0
15:03,51.54,51.56,51.53,51.54,28727.0
15:04,51.58,51.58,51.54,51.54,21771.0
15:05,51.6,51.6,51.57,51.58,101424.0
15:06,51.56,51.59,51.56,51.59,25005.0
15:07,51.57,51.57,51.55,51.56,34521.0
15:08,51.54,51.56,51.54,51.56,42459.0
15:09,51.58,51.59,51.54,51.55,47698.0
15:10,51.58,51.6,51.57,51.58,46231.0
15:11,51.62,51.62,51.57,51.58,42498.0
15:12,51.63,51.63,51.61,51.62,65362.0
15:13,51.58,51.64,51.58,51.63,87418.0
15:14,51.58,51.58,51.57,51.57,38168.0
15:15,51.6,51.62,51.59,51.59,91105.0
15:16,51.63,51.65,51.6,51.6,56424.0
15:17,51.62,51.63,51.61,51.63,45582.0
15:18,51.62,51.62,51.61,51.62,97401.0
15:19,51.58,51.62,51.55,51.62,114210.0
15:20,51.61,51.61,51.57,51.58,65195.0
15:21,51.67,51.67,51.6,51.6,41371.0
15:22,51.67,51.7,51.66,51.67,87783.0
15:23,51.56,51.67,51.56,51.67,90765.0
15:24,51.55,51.58,51.55,51.56,47019.0
15:25,51.53,51.56,51.53,51.56,32451.0
15:26,51.49,51.54,51.49,51.53,51707.0
15:27,51.48,51.5,51.47,51.49,65527.0
15:28,51.49,51.49,51.47,51.47,45802.0
15:29,51.47,51.5,51.47,51.49,62415.0
15:30,51.4,51.47,51.4,51.47,160220.0
15:31,51.4,51.41,51.38,51.4,135674.0
15:32,51.42,51.43,51.4,51.4,121764.0
15:33,51.42,51.43,51.4,51.42,37215.0
15:34,51.44,51.44,51.42,51.42,63780.0
15:35,51.43,51.47,51.42,51.44,107520.0
15:36,51.45,51.46,51.42,51.42,90140.0
15:37,51.44,51.45,51.43,51.44,65749.0
15:38,51.47,51.47,51.44,51.44,48683.0
15:39,51.48,51.48,51.45,51.47,212732.0
15:40,51.46,51.49,51.45,51.47,50676.0
15:41,51.47,51.47,51.44,51.46,58516.0
15:42,51.42,51.47,51.41,51.47,92662.0
15:43,51.42,51.44,51.42,51.42,99733.0
15:44,51.42,51.44,51.42,51.42,95262.0
15:45,51.4,51.44,51.39,51.42,99882.0
15:46,51.33,51.4,51.33,51.39,65330.0
15:47,51.38,51.38,51.33,51.33,78195.0
15:48,51.4,51.4,51.37,51.38,69169.0
15:49,51.37,51.41,51.37,51.4,82849.0
15:50,51.34,51.37,51.32,51.37,189326.0
15:51,51.31,51.34,51.31,51.33,104897.0
15:52,51.33,51.34,51.31,51.32,98693.0
15:53,51.37,51.39,51.33,51.33,207998.0
15:54,51.41,51.41,51.35,51.36,136188.0
15:55,51.33,51.41,51.32,51.4,209537.0
15:56,51.31,51.34,51.3,51.33,163276.0
15:57,51.32,51.33,51.28,51.31,268810.0
15:58,51.28,51.32,51.27,51.32,511112.0
15:59,51.3,51.31,51.25,51.28,874274.0
