Time,Close,High,Low,Open,Volume
09:30,52.33,52.58,52.28,52.58,393240.0
09:31,52.33,52.58,52.28,52.58,393240.0
09:32,52.33,52.58,52.28,52.58,393240.0
09:33,52.33,52.58,52.28,52.58,393240.0
09:34,52.33,52.58,52.28,52.58,393240.0
09:35,52.33,52.58,52.28,52.58,393240.0
09:36,52.33,52.58,52.28,52.58,393240.0
09:37,52.33,52.58,52.28,52.58,393240.0
09:38,52.33,52.58,52.28,52.58,393240.0
09:39,52.33,52.58,52.28,52.58,393240.0
09:40,52.33,52.58,52.28,52.58,393240.0
09:41,52.33,52.58,52.28,52.58,393240.0
09:42,52.33,52.58,52.28,52.58,393240.0
09:43,52.33,52.58,52.28,52.58,393240.0
09:44,52.33,52.58,52.28,52.58,393240.0
09:45,52.33,52.58,52.28,52.58,393240.0
09:46,52.33,52.58,52.28,52.58,393240.0
09:47,52.33,52.58,52.28,52.58,393240.0
09:48,52.33,52.58,52.28,52.58,393240.0
09:49,52.33,52.58,52.28,52.58,393240.0
09:50,52.33,52.58,52.28,52.58,393240.0
09:51,52.33,52.58,52.28,52.58,393240.0
09:52,52.33,52.58,52.28,52.58,393240.0
09:53,52.33,52.58,52.28,52.58,393240.0
09:54,52.33,52.58,52.28,52.58,393240.0
09:55,52.33,52.58,52.28,52.58,393240.0
09:56,52.33,52.58,52.28,52.58,393240.0
09:57,52.33,52.58,52.28,52.58,393240.0
09:58,52.33,52.58,52.28,52.58,393240.0
09:59,52.33,52.58,52.28,52.58,393240.0
10:00,52.33,52.58,52.28,52.58,393240.0
10:01,52.33,52.58,52.28,52.58,393240.0
10:02,52.33,52.58,52.28,52.58,393240.0
10:03,52.33,52.58,52.28,52.58,393240.0
10:04,52.33,52.58,52.28,52.58,393240.0
10:05,52.33,52.58,52.28,52.58,393240.0
10:06,52.33,52.58,52.28,52.58,393240.0
10:07,52.33,52.58,52.28,52.58,393240.0
10:08,52.33,52.58,52.28,52.58,393240.0
10:09,52.33,52.58,52.28,52.58,393240.0
10:10,52.33,52.58,52.28,52.58,393240.0
10:11,52.33,52.58,52.28,52.58,393240.0
10:12,52.33,52.58,52.28,52.58,393240.0
10:13,52.33,52.58,52.28,52.58,393240.0
10:14,52.33,52.58,52.28,52.58,393240.0
10:15,52.33,52.58,52.28,52.58,393240.0
10:16,52.33,52.58,52.28,52.58,393240.0
10:17,52.33,52.58,52.28,52.58,393240.0
10:18,52.33,52.58,52.28,52.58,393240.0
10:19,52.33,52.58,52.28,52.58,393240.0
10:20,52.33,52.58,52.28,52.58,393240.0
10:21,52.33,52.58,52.28,52.58,393240.0
10:22,52.33,52.58,52.28,52.58,393240.0
10:23,52.33,52.58,52.28,52.58,393240.0
10:24,52.33,52.58,52.28,52.58,393240.0
10:25,52.33,52.58,52.28,52.58,393240.0
10:26,52.33,52.58,52.28,52.58,393240.0
10:27,52.33,52.58,52.28,52.58,393240.0
10:28,52.33,52.58,52.28,52.58,393240.0
10:29,52.33,52.58,52.28,52.58,393240.0
10:30,52.33,52.58,52.28,52.58,393240.0
10:31,52.36,52.48,52.32,52.34,211422.0
10:32,52.42,52.48,52.29,52.36,169882.0
10:33,52.36,52.39,52.26,52.39,102257.0
10:34,52.42,52.43,52.36,52.38,51333.0
10:35,52.44,52.47,52.38,52.43,71048.0
10:36,52.36,52.48,52.35,52.44,117119.0
10:37,52.41,52.44,52.34,52.35,105461.0
10:38,52.37,52.41,52.34,52.41,100807.0
10:39,52.31,52.38,52.29,52.38,52311.0
10:40,52.33,52.36,52.26,52.32,87746.0
10:41,52.22,52.35,52.22,52.33,104693.0
10:42,52.17,52.22,52.13,52.22,65181.0
10:43,52.23,52.24,52.15,52.17,71531.0
10:44,52.19,52.29,52.19,52.23,50080.0
10:45,52.22,52.24,52.17,52.19,84358.0
10:46,52.28,52.3,52.21,52.22,53771.0
10:47,52.28,52.32,52.27,52.28,43251.0
10:48,52.25,52.33,52.24,52.27,55872.0
10:49,52.23,52.26,52.22,52.25,42256.0
10:50,52.24,52.28,52.2,52.22,74402.0
10:51,52.31,52.31,52.22,52.24,44075.0
10:52,52.29,52.32,52.26,52.31,62085.0
10:53,52.26,52.3,52.24,52.28,39282.0
10:54,52.29,52.3,52.25,52.26,21817.0
10:55,52.33,52.33,52.25,52.29,75752.0
10:56,52.27,52.33,52.26,52.33,35950.0
10:57,52.22,52.3,52.19,52.28,52381.0
10:58,52.21,52.23,52.19,52.22,72492.0
10:59,52.23,52.26,52.2,52.22,66553.0
11:00,52.31,52.33,52.22,52.23,72209.0
11:01,52.33,52.34,52.29,52.31,29206.0
11:02,52.35,52.36,52.32,52.33,43476.0
11:03,52.33,52.37,52.32,52.35,40261.0
11:04,52.31,52.35,52.29,52.33,70097.0
11:05,52.26,52.33,52.25,52.3,62698.0
11:06,52.28,52.28,52.24,52.26,41883.0
11:07,52.23,52.27,52.21,52.27,77035.0
11:08,52.23,52.24,52.19,52.24,83023.0
11:09,52.23,52.23,52.19,52.22,50526.0
11:10,52.24,52.24,52.22,52.23,46977.0
11:11,52.38,52.39,52.24,52.24,191902.0
11:12,52.44,52.47,52.35,52.38,71903.0
11:13,52.48,52.48,52.42,52.44,55636.0
11:14,52.46,52.49,52.44,52.48,55584.0
11:15,52.5,52.51,52.45,52.46,124958.0
11:16,52.51,52.54,52.49,52.51,97357.0
11:17,52.48,52.51,52.46,52.51,156775.0
11:18,52.47,52.51,52.46,52.47,63985.0
11:19,52.42,52.48,52.42,52.47,85226.0
11:20,52.47,52.47,52.39,52.41,120142.0
11:21,52.41,52.46,52.38,52.46,61607.0
11:22,52.46,52.47,52.4,52.42,94320.0
11:23,52.47,52.49,52.44,52.45,78193.0
11:24,52.43,52.49,52.41,52.46,74220.0
11:25,52.42,52.44,52.38,52.44,82864.0
11:26,52.42,52.44,52.41,52.42,45283.0
11:27,52.4,52.42,52.39,52.41,30608.0
11:28,52.45,52.46,52.4,52.4,40289.0
11:29,52.47,52.48,52.44,52.45,41066.0
11:30,52.44,52.48,52.42,52.47,67049.0
11:31,52.44,52.46,52.44,52.44,28402.0
11:32,52.41,52.45,52.4,52.44,88912.0
11:33,52.35,52.4,52.33,52.4,59917.0
11:34,52.37,52.4,52.33,52.34,73184.0
11:35,52.4,52.4,52.38,52.38,24828.0
11:36,52.42,52.42,52.39,52.4,43789.0
11:37,52.41,52.42,52.38,52.42,43778.0
11:38,52.38,52.4,52.37,52.4,40297.0
11:39,52.35,52.38,52.34,52.38,52734.0
11:40,52.31,52.35,52.3,52.35,69230.0
11:41,52.31,52.33,52.29,52.31,46909.0
11:42,52.33,52.33,52.31,52.31,40922.0
11:43,52.37,52.38,52.31,52.33,38969.0
11:44,52.41,52.41,52.35,52.37,64096.0
11:45,52.4,52.42,52.38,52.41,44282.0
11:46,52.44,52.45,52.41,52.41,59483.0
11:47,52.44,52.47,52.42,52.44,54041.0
11:48,52.42,52.44,52.42,52.44,38449.0
11:49,52.38,52.43,52.36,52.43,46109.0
11:50,52.39,52.4,52.38,52.38,62756.0
11:51,52.41,52.45,52.4,52.4,37002.0
11:52,52.42,52.42,52.4,52.42,42943.0
11:53,52.43,52.46,52.42,52.43,63979.0
11:54,52.44,52.46,52.44,52.44,49580.0
11:55,52.44,52.47,52.42,52.44,62119.0
11:56,52.41,52.44,52.4,52.43,74538.0
11:57,52.4,52.42,52.39,52.42,58576.0
11:58,52.42,52.46,52.4,52.4,71542.0
11:59,52.42,52.43,52.4,52.42,43559.0
12:00,52.42,52.44,52.4,52.42,50794.0
12:01,52.38,52.43,52.36,52.43,40833.0
12:02,52.35,52.39,52.34,52.39,40796.0
12:03,52.33,52.35,52.31,52.35,56484.0
12:04,52.34,52.36,52.33,52.33,58737.0
12:05,52.34,52.37,52.33,52.35,57778.0
12:06,52.26,52.34,52.26,52.34,59676.0
12:07,52.24,52.28,52.24,52.26,74556.0
12:08,52.19,52.23,52.19,52.23,95415.0
12:09,52.18,52.19,52.13,52.19,90248.0
12:10,52.17,52.22,52.17,52.19,55231.0
12:11,52.15,52.18,52.15,52.17,45658.0
12:12,52.12,52.17,52.12,52.15,37499.0
12:13,52.13,52.15,52.13,52.13,35147.0
12:14,52.12,52.14,52.1,52.13,55334.0
12:15,52.07,52.11,52.06,52.11,53994.0
12:16,52.05,52.08,52.03,52.08,123059.0
12:17,52.05,52.06,52.03,52.06,68814.0
12:18,52.06,52.07,52.03,52.05,65582.0
12:19,52.03,52.07,52.02,52.05,95197.0
12:20,52.0,52.03,51.99,52.02,188143.0
12:21,51.99,52.01,51.98,52.0,41557.0
12:22,52.03,52.03,51.99,51.99,42382.0
12:23,52.03,52.06,52.03,52.03,78764.0
12:24,52.03,52.05,52.03,52.03,47129.0
12:25,52.03,52.06,52.01,52.03,54750.0
12:26,52.1,52.1,52.03,52.03,70561.0
12:27,52.15,52.17,52.1,52.11,74299.0
12:28,52.15,52.17,52.14,52.15,73728.0
12:29,52.2,52.21,52.15,52.15,33933.0
12:30,52.19,52.21,52.19,52.2,74153.0
12:31,52.22,52.22,52.19,52.2,47403.0
12:32,52.21,52.22,52.19,52.22,27252.0
12:33,52.19,52.22,52.18,52.21,73085.0
12:34,52.19,52.22,52.19,52.19,52978.0
12:35,52.19,52.19,52.17,52.19,67936.0
12:36,52.2,52.21,52.18,52.19,27675.0
12:37,52.2,52.21,52.19,52.21,58712.0
12:38,52.17,52.21,52.17,52.2,36884.0
12:39,52.21,52.21,52.18,52.18,27433.0
12:40,52.24,52.24,52.21,52.21,71310.0
12:41,52.26,52.27,52.24,52.24,76746.0
12:42,52.25,52.27,52.24,52.26,34857.0
12:43,52.24,52.26,52.24,52.25,20963.0
12:44,52.22,52.25,52.22,52.24,34836.0
12:45,52.23,52.24,52.21,52.22,52031.0
12:46,52.24,52.26,52.23,52.23,30278.0
12:47,52.24,52.26,52.22,52.24,26248.0
12:48,52.25,52.26,52.24,52.24,65551.0
12:49,52.26,52.26,52.23,52.24,25570.0
12:50,52.28,52.29,52.26,52.26,38670.0
12:51,52.29,52.3,52.28,52.28,31180.0
12:52,52.31,52.32,52.28,52.29,28263.0
12:53,52.29,52.31,52.29,52.31,40874.0
12:54,52.26,52.28,52.25,52.28,23468.0
12:55,52.25,52.26,52.22,52.25,43413.0
12:56,52.29,52.29,52.24,52.25,27225.0
12:57,52.31,52.32,52.28,52.28,38085.0
12:58,52.31,52.31,52.29,52.3,16083.0
12:59,52.3,52.32,52.29,52.31,34378.0
13:00,52.31,52.31,52.3,52.31,26122.0
13:01,52.29,52.32,52.29,52.31,50381.0
13:02,52.34,52.35,52.29,52.29,38275.0
13:03,52.33,52.35,52.33,52.34,52251.0
13:04,52.31,52.34,52.29,52.34,46043.0
13:05,52.31,52.32,52.3,52.31,23693.0
13:06,52.28,52.31,52.28,52.3,46663.0
13:07,52.3,52.33,52.28,52.28,40365.0
13:08,52.3,52.31,52.29,52.31,35896.0
13:09,52.3,52.31,52.29,52.31,46973.0
13:10,52.28,52.3,52.27,52.29,53252.0
13:11,52.31,52.33,52.28,52.28,57317.0
13:12,52.27,52.31,52.26,52.3,72944.0
13:13,52.33,52.33,52.27,52.27,21228.0
13:14,52.35,52.35,52.33,52.33,26202.0
13:15,52.35,52.36,52.33,52.35,42900.0
13:16,52.35,52.37,52.35,52.35,28731.0
13:17,52.31,52.35,52.31,52.35,28208.0
13:18,52.3,52.31,52.29,52.31,45986.0
13:19,52.31,52.31,52.27,52.3,28807.0
13:20,52.34,52.35,52.31,52.32,23382.0
13:21,52.33,52.33,52.31,52.33,26515.0
13:22,52.35,52.38,52.33,52.34,30287.0
13:23,52.36,52.36,52.33,52.35,42130.0
13:24,52.35,52.37,52.35,52.35,25222.0
13:25,52.35,52.35,52.33,52.35,22817.0
13:26,52.38,52.39,52.34,52.35,29175.0
13:27,52.39,52.4,52.38,52.38,26028.0
13:28,52.37,52.39,52.37,52.38,39517.0
13:29,52.42,52.43,52.38,52.38,56302.0
13:30,52.44,52.44,52.42,52.43,48737.0
13:31,52.43,52.44,52.4,52.43,76544.0
13:32,52.44,52.45,52.43,52.43,29499.0
13:33,52.43,52.44,52.42,52.44,31774.0
13:34,52.42,52.45,52.42,52.44,60776.0
13:35,52.44,52.44,52.42,52.42,30854.0
13:36,52.38,52.43,52.38,52.43,45656.0
13:37,52.38,52.4,52.37,52.4,18761.0
13:38,52.35,52.38,52.35,52.37,27112.0
13:39,52.34,52.36,52.33,52.35,28238.0
13:40,52.33,52.35,52.32,52.35,19495.0
13:41,52.32,52.32,52.29,52.32,40460.0
13:42,52.36,52.38,52.33,52.33,46826.0
13:43,52.35,52.37,52.35,52.36,42039.0
13:44,52.31,52.35,52.31,52.35,31622.0
13:45,52.26,52.31,52.25,52.31,25572.0
13:46,52.29,52.3,52.26,52.26,26705.0
13:47,52.29,52.29,52.26,52.29,17932.0
13:48,52.28,52.29,52.27,52.29,28343.0
13:49,52.31,52.32,52.28,52.28,28806.0
13:50,52.29,52.31,52.28,52.31,28654.0
13:51,52.26,52.29,52.25,52.29,33049.0
13:52,52.24,52.26,52.24,52.26,17159.0
13:53,52.26,52.28,52.24,52.24,17536.0
13:54,52.24,52.26,52.24,52.26,31293.0
13:55,52.22,52.25,52.21,52.24,30293.0
13:56,52.26,52.26,52.22,52.23,21317.0
13:57,52.22,52.25,52.22,52.25,33145.0
13:58,52.22,52.24,52.22,52.22,41175.0
13:59,52.2,52.22,52.2,52.22,15627.0
14:00,52.19,52.22,52.19,52.2,38411.0
14:01,52.17,52.19,52.17,52.19,21505.0
14:02,52.18,52.19,52.14,52.17,44380.0
14:03,52.19,52.2,52.18,52.18,40638.0
14:04,52.17,52.19,52.17,52.19,29333.0
14:05,52.19,52.21,52.17,52.17,36532.0
14:06,52.15,52.2,52.15,52.19,55823.0
14:07,52.12,52.15,52.11,52.15,36873.0
14:08,52.09,52.13,52.08,52.13,39702.0
14:09,52.09,52.1,52.08,52.09,35712.0
14:10,52.15,52.18,52.1,52.1,44588.0
14:11,52.1,52.15,52.1,52.15,29576.0
14:12,52.11,52.11,52.08,52.1,24809.0
14:13,52.11,52.12,52.1,52.11,50528.0
14:14,52.12,52.12,52.11,52.11,41579.0
14:15,52.07,52.12,52.07,52.11,27852.0
14:16,52.08,52.09,52.06,52.06,29463.0
14:17,52.09,52.1,52.06,52.08,24575.0
14:18,52.07,52.1,52.05,52.1,36178.0
14:19,52.07,52.08,52.06,52.07,27598.0
14:20,52.08,52.08,52.06,52.07,20957.0
14:21,52.09,52.1,52.08,52.08,28089.0
14:22,52.09,52.1,52.08,52.08,21550.0
14:23,52.06,52.08,52.04,52.08,40834.0
14:24,52.06,52.06,52.04,52.06,16963.0
14:25,52.03,52.07,52.03,52.06,24505.0
14:26,52.03,52.04,52.01,52.03,26444.0
14:27,52.06,52.06,52.03,52.04,27469.0
14:28,52.06,52.06,52.04,52.05,40049.0
14:29,52.07,52.09,52.06,52.06,47183.0
14:30,52.06,52.06,52.04,52.06,62567.0
14:31,52.06,52.06,52.01,52.06,82597.0
14:32,52.09,52.1,52.04,52.06,49067.0
14:33,52.08,52.1,52.07,52.08,28977.0
14:34,52.08,52.09,52.07,52.09,43574.0
14:35,52.07,52.08,52.06,52.08,44580.0
14:36,52.06,52.08,52.04,52.07,31901.0
14:37,52.06,52.06,52.04,52.05,30172.0
14:38,52.06,52.08,52.05,52.06,47714.0
14:39,52.06,52.06,52.04,52.06,22057.0
14:40,52.04,52.07,52.04,52.06,31686.0
14:41,52.07,52.08,52.04,52.05,29789.0
14:42,52.09,52.1,52.07,52.08,47712.0
14:43,52.08,52.1,52.06,52.09,35723.0
14:44,52.12,52.12,52.07,52.08,22218.0
14:45,52.12,52.13,52.1,52.11,60873.0
14:46,52.13,52.13,52.11,52.12,55614.0
14:47,52.15,52.17,52.12,52.13,56454.0
14:48,52.13,52.16,52.13,52.15,45359.0
14:49,52.11,52.13,52.09,52.13,54383.0
14:50,52.12,52.14,52.11,52.11,52265.0
14:51,52.07,52.11,52.06,52.11,28958.0
14:52,52.06,52.08,52.05,52.08,18945.0
14:53,52.05,52.06,52.05,52.06,13520.0
14:54,52.05,52.06,52.04,52.06,50635.0
14:55,52.01,52.05,52.0,52.05,127678.0
14:56,52.04,52.04,52.01,52.01,76447.0
14:57,52.01,52.06,52.01,52.03,148353.0
14:58,51.91,52.02,51.9,52.01,126145.0
14:59,51.9,51.94,51.9,51.92,102745.0
15:00,51.92,51.93,51.89,51.91,100164.0
15:01,51.92,51.94,51.91,51.92,47528.0
15:02,51.85,51.91,51.85,51.91,75564.0
15:03,51.83,51.85,51.83,51.85,51290.0
15:04,51.87,51.88,51.82,51.83,122094.0
15:05,51.85,51.87,51.84,51.86,60877.0
15:06,51.85,51.89,51.83,51.84,89428.0
15:07,51.84,51.85,51.82,51.84,101220.0
15:08,51.85,51.86,51.84,51.85,111372.0
15:09,51.83,51.85,51.81,51.85,73524.0
15:10,51.81,51.83,51.78,51.83,118736.0
15:11,51.78,51.83,51.77,51.82,76394.0
15:12,51.76,51.83,51.76,51.78,119182.0
15:13,51.77,51.77,51.74,51.76,63363.0
15:14,51.76,51.76,51.74,51.76,82637.0
15:15,51.79,51.81,51.76,51.76,74277.0
15:16,51.81,51.81,51.78,51.79,48767.0
15:17,51.79,51.83,51.78,51.81,64611.0
15:18,51.77,51.79,51.75,51.79,50434.0
15:19,51.79,51.8,51.76,51.77,41881.0
15:20,51.78,51.8,51.78,51.8,46546.0
15:21,51.78,51.79,51.76,51.78,48101.0
15:22,51.78,51.79,51.76,51.78,63114.0
15:23,51.78,51.81,51.77,51.79,59813.0
15:24,51.79,51.79,51.77,51.78,55876.0
15:25,51.74,51.8,51.74,51.78,68036.0
15:26,51.78,51.79,51.74,51.74,48473.0
15:27,51.78,51.8,51.76,51.79,62100.0
15:28,51.78,51.78,51.76,51.78,59445.0
15:29,51.84,51.84,51.78,51.78,67087.0
15:30,51.79,51.83,51.79,51.83,52468.0
15:31,51.78,51.8,51.78,51.79,48996.0
15:32,51.78,51.78,51.77,51.78,37196.0
15:33,51.79,51.79,51.77,51.78,53419.0
15:34,51.78,51.79,51.74,51.79,99483.0
15:35,51.78,51.79,51.77,51.78,79075.0
15:36,51.79,51.82,51.78,51.79,41723.0
15:37,51.76,51.78,51.74,51.78,48476.0
15:38,51.72,51.76,51.7,51.76,166546.0
15:39,51.69,51.72,51.68,51.71,101835.0
15:40,51.69,51.69,51.66,51.68,100289.0
15:41,51.69,51.7,51.68,51.69,59060.0
15:42,51.72,51.72,51.69,51.69,81485.0
15:43,51.76,51.76,51.71,51.72,45795.0
15:44,51.75,51.79,51.74,51.77,48773.0
15:45,51.7,51.76,51.69,51.75,70915.0
15:46,51.7,51.72,51.69,51.71,68957.0
15:47,51.71,51.71,51.67,51.69,59309.0
15:48,51.72,51.72,51.69,51.71,58797.0
15:49,51.72,51.72,51.7,51.72,82099.0
15:50,51.7,51.72,51.68,51.72,105746.0
15:51,51.65,51.69,51.62,51.69,56866.0
15:52,51.66,51.69,51.64,51.65,50661.0
15:53,51.67,51.68,51.65,51.65,33419.0
15:54,51.65,51.69,51.64,51.67,139028.0
15:55,51.63,51.66,51.62,51.65,80104.0
15:56,51.64,51.64,51.59,51.63,96163.0
15:57,51.63,51.65,51.62,51.63,62939.0
15:58,51.65,51.68,51.62,51.63,99684.0
15:59,51.6,51.65,51.6,51.65,76748.0
16:00,51.6,51.6,51.57,51.6,83152.0
16:01,51.57,51.62,51.57,51.59,93960.0
16:02,51.55,51.59,51.55,51.56,65051.0
16:03,51.56,51.58,51.55,51.55,106031.0
16:04,51.61,51.62,51.56,51.56,78213.0
16:05,51.62,51.65,51.6,51.6,81495.0
16:06,51.6,51.64,51.59,51.62,77582.0
16:07,51.62,51.63,51.58,51.6,42752.0
16:08,51.62,51.64,51.6,51.62,93626.0
16:09,51.57,51.62,51.54,51.62,75153.0
16:10,51.6,51.61,51.58,51.58,59864.0
16:11,51.59,51.6,51.58,51.6,57048.0
16:12,51.55,51.6,51.55,51.59,56318.0
16:13,51.53,51.58,51.53,51.56,63848.0
16:14,51.51,51.54,51.49,51.53,152938.0
16:15,51.53,51.54,51.48,51.51,109387.0
16:16,51.58,51.59,51.53,51.53,73192.0
16:17,51.56,51.59,51.56,51.58,68556.0
16:18,51.61,51.61,51.55,51.55,70337.0
16:19,51.54,51.61,51.54,51.6,87268.0
16:20,51.54,51.57,51.53,51.54,73381.0
16:21,51.52,51.56,51.51,51.54,83165.0
16:22,51.53,51.53,51.51,51.52,55509.0
16:23,51.54,51.55,51.53,51.53,57314.0
16:24,51.51,51.56,51.5,51.54,136195.0
16:25,51.51,51.54,51.49,51.52,66482.0
16:26,51.53,51.56,51.51,51.51,94994.0
16:27,51.56,51.56,51.51,51.54,90639.0
16:28,51.52,51.57,51.51,51.56,117936.0
16:29,51.53,51.54,51.49,51.51,83193.0
16:30,51.58,51.6,51.53,51.54,126423.0
16:31,51.53,51.59,51.53,51.58,134038.0
16:32,51.51,51.55,51.5,51.53,94092.0
16:33,51.49,51.52,51.47,51.51,110051.0
16:34,51.46,51.49,51.45,51.48,100936.0
16:35,51.49,51.51,51.44,51.45,136085.0
16:36,51.51,51.51,51.49,51.49,126092.0
16:37,51.49,51.51,51.49,51.51,86096.0
16:38,51.44,51.49,51.44,51.49,70148.0
16:39,51.44,51.47,51.43,51.44,71528.0
16:40,51.44,51.47,51.42,51.43,86994.0
16:41,51.4,51.44,51.39,51.44,117966.0
16:42,51.48,51.49,51.41,51.41,95927.0
16:43,51.49,51.49,51.46,51.47,141305.0
16:44,51.54,51.55,51.49,51.49,78072.0
16:45,51.55,51.56,51.53,51.54,112666.0
16:46,51.6,51.61,51.54,51.55,156905.0
16:47,51.62,51.65,51.6,51.6,134967.0
16:48,51.62,51.64,51.61,51.62,110567.0
16:49,51.53,51.63,51.53,51.62,197416.0
16:50,51.57,51.61,51.53,51.53,280627.0
16:51,51.51,51.59,51.49,51.57,233765.0
16:52,51.51,51.52,51.49,51.51,307850.0
16:53,51.46,51.51,51.45,51.51,256107.0
16:54,51.52,51.53,51.46,51.46,300166.0
16:55,51.49,51.53,51.46,51.52,440053.0
16:56,51.47,51.51,51.47,51.49,572862.0
16:57,51.44,51.48,51.44,51.47,476467.0
16:58,51.49,51.5,51.44,51.44,660355.0
16:59,51.49,51.5,51.44,51.49,973835.0
