Time,Close,High,Low,Open,Volume
09:30,53.87,53.95,53.79,53.79,723029.0
09:31,53.97,54.0,53.86,53.87,129731.0
09:32,54.04,54.05,53.94,53.95,83314.0
09:33,54.12,54.14,54.0,54.04,113008.0
09:34,54.06,54.15,54.04,54.12,115939.0
09:35,54.09,54.14,54.01,54.06,80237.0
09:36,54.19,54.21,54.08,54.09,66471.0
09:37,54.09,54.19,54.06,54.19,96366.0
09:38,54.05,54.09,54.04,54.08,88497.0
09:39,53.99,54.08,53.95,54.05,142297.0
09:40,53.87,54.0,53.87,53.98,138894.0
09:41,53.85,53.9,53.77,53.87,160951.0
09:42,53.85,53.89,53.83,53.84,88747.0
09:43,53.85,53.88,53.83,53.85,53361.0
09:44,53.79,53.86,53.77,53.86,85051.0
09:45,53.82,53.85,53.74,53.78,108270.0
09:46,53.85,53.87,53.81,53.81,47768.0
09:47,53.87,53.88,53.85,53.85,51210.0
09:48,53.83,53.87,53.83,53.87,31679.0
09:49,53.81,53.89,53.8,53.83,59122.0
09:50,53.81,53.83,53.8,53.81,45210.0
09:51,53.83,53.87,53.79,53.81,112394.0
09:52,53.79,53.86,53.78,53.84,79549.0
09:53,53.76,53.79,53.73,53.79,58988.0
09:54,53.72,53.78,53.71,53.76,78153.0
09:55,53.72,53.74,53.7,53.72,54606.0
09:56,53.72,53.74,53.67,53.72,76291.0
09:57,53.71,53.73,53.69,53.72,72685.0
09:58,53.74,53.74,53.71,53.72,33223.0
09:59,53.69,53.76,53.69,53.74,56998.0
10:00,53.73,53.77,53.69,53.69,84946.0
10:01,53.72,53.74,53.7,53.73,75403.0
10:02,53.68,53.72,53.67,53.72,41084.0
10:03,53.68,53.69,53.66,53.69,52962.0
10:04,53.6,53.67,53.59,53.67,182745.0
10:05,53.65,53.65,53.56,53.6,133699.0
10:06,53.81,53.82,53.65,53.65,168458.0
10:07,53.89,54.1,53.81,53.81,259909.0
10:08,53.81,53.9,53.8,53.89,66329.0
10:09,53.85,53.86,53.81,53.81,50906.0
10:10,53.88,53.9,53.83,53.85,47317.0
10:11,53.92,53.94,53.89,53.89,45251.0
10:12,53.99,54.0,53.92,53.92,65784.0
10:13,53.92,53.99,53.89,53.98,64508.0
10:14,53.94,53.96,53.91,53.92,42710.0
10:15,53.94,53.96,53.94,53.94,40969.0
10:16,53.94,53.96,53.94,53.94,33270.0
10:17,53.93,53.94,53.92,53.94,51188.0
10:18,53.96,53.97,53.92,53.94,76625.0
10:19,53.94,53.98,53.93,53.96,104989.0
10:20,53.99,53.99,53.94,53.94,38876.0
10:21,53.98,53.99,53.96,53.99,30385.0
10:22,53.97,53.99,53.96,53.97,31717.0
10:23,53.96,53.97,53.94,53.97,35107.0
10:24,53.97,54.01,53.96,53.96,38227.0
10:25,53.94,53.97,53.93,53.97,35374.0
10:26,53.9,53.96,53.9,53.94,31689.0
10:27,53.9,53.92,53.9,53.91,25609.0
10:28,53.92,53.92,53.9,53.91,41587.0
10:29,53.92,53.94,53.9,53.92,74819.0
10:30,53.9,53.93,53.89,53.92,48910.0
10:31,53.93,53.94,53.9,53.9,40100.0
10:32,53.9,53.93,53.9,53.92,31634.0
10:33,53.9,53.92,53.9,53.9,17789.0
10:34,53.88,53.89,53.87,53.89,44405.0
10:35,53.83,53.9,53.83,53.88,74446.0
10:36,53.91,53.92,53.83,53.83,37737.0
10:37,53.85,53.92,53.85,53.92,71872.0
10:38,53.81,53.85,53.81,53.85,34452.0
10:39,53.85,53.87,53.82,53.82,38807.0
10:40,53.84,53.85,53.81,53.85,45353.0
10:41,53.83,53.84,53.79,53.84,42513.0
10:42,53.84,53.85,53.82,53.83,32738.0
10:43,53.83,53.86,53.83,53.84,40545.0
10:44,53.78,53.82,53.76,53.82,52913.0
10:45,53.74,53.79,53.74,53.79,46127.0
10:46,53.72,53.76,53.71,53.74,54198.0
10:47,53.69,53.72,53.67,53.72,23439.0
10:48,53.7,53.7,53.66,53.68,35031.0
10:49,53.67,53.71,53.66,53.7,54873.0
10:50,53.69,53.71,53.66,53.67,32138.0
10:51,53.69,53.71,53.67,53.69,32069.0
10:52,53.69,53.72,53.69,53.69,76289.0
10:53,53.69,53.7,53.67,53.69,17063.0
10:54,53.66,53.69,53.65,53.69,40091.0
10:55,53.67,53.69,53.65,53.65,36750.0
10:56,53.68,53.7,53.68,53.68,35806.0
10:57,53.69,53.71,53.67,53.68,54225.0
10:58,53.72,53.74,53.69,53.69,36822.0
10:59,53.72,53.73,53.71,53.72,34115.0
11:00,53.71,53.73,53.7,53.71,52926.0
11:01,53.69,53.73,53.69,53.72,38189.0
11:02,53.72,53.74,53.69,53.69,38349.0
11:03,53.67,53.73,53.67,53.72,30423.0
11:04,53.65,53.67,53.65,53.67,11301.0
11:05,53.67,53.67,53.65,53.65,48942.0
11:06,53.65,53.67,53.64,53.67,59848.0
11:07,53.61,53.65,53.6,53.65,64356.0
11:08,53.6,53.62,53.6,53.6,55042.0
11:09,53.65,53.66,53.58,53.59,40543.0
11:10,53.64,53.68,53.64,53.66,41415.0
11:11,53.65,53.67,53.63,53.63,23160.0
11:12,53.64,53.65,53.62,53.65,42550.0
11:13,53.63,53.66,53.62,53.63,25003.0
11:14,53.64,53.64,53.62,53.63,30947.0
11:15,53.64,53.67,53.64,53.64,22684.0
11:16,53.62,53.64,53.61,53.64,66288.0
11:17,53.6,53.62,53.59,53.62,26101.0
11:18,53.6,53.63,53.59,53.6,46274.0
11:19,53.62,53.62,53.58,53.6,38144.0
11:20,53.66,53.68,53.62,53.62,37259.0
11:21,53.62,53.66,53.62,53.66,21235.0
11:22,53.67,53.68,53.62,53.62,38460.0
11:23,53.67,53.69,53.66,53.68,43574.0
11:24,53.65,53.68,53.64,53.67,28364.0
11:25,53.58,53.64,53.58,53.64,45684.0
11:26,53.6,53.61,53.58,53.58,41049.0
11:27,53.59,53.62,53.58,53.61,34801.0
11:28,53.61,53.64,53.59,53.59,21333.0
11:29,53.6,53.62,53.6,53.62,38411.0
11:30,53.58,53.6,53.58,53.6,47184.0
11:31,53.61,53.63,53.59,53.59,26020.0
11:32,53.6,53.62,53.6,53.61,23535.0
11:33,53.61,53.61,53.58,53.6,30039.0
11:34,53.65,53.65,53.61,53.61,42972.0
11:35,53.62,53.66,53.61,53.65,55958.0
11:36,53.54,53.62,53.54,53.62,40742.0
11:37,53.58,53.58,53.54,53.55,41531.0
11:38,53.56,53.59,53.56,53.58,34931.0
11:39,53.53,53.57,53.53,53.56,22604.0
11:40,53.51,53.55,53.49,53.54,110006.0
11:41,53.46,53.52,53.46,53.52,23929.0
11:42,53.46,53.48,53.44,53.46,62301.0
11:43,53.42,53.46,53.42,53.46,30863.0
11:44,53.42,53.43,53.4,53.43,71680.0
11:45,53.37,53.42,53.35,53.42,77977.0
11:46,53.36,53.38,53.34,53.37,32850.0
11:47,53.38,53.4,53.35,53.35,54571.0
11:48,53.35,53.39,53.34,53.38,59348.0
11:49,53.37,53.38,53.34,53.36,71170.0
11:50,53.35,53.38,53.35,53.37,69663.0
11:51,53.38,53.4,53.36,53.36,137822.0
11:52,53.36,53.38,53.34,53.38,51557.0
11:53,53.37,53.38,53.33,53.37,71930.0
11:54,53.36,53.38,53.35,53.37,40635.0
11:55,53.33,53.35,53.29,53.35,58919.0
11:56,53.32,53.34,53.31,53.33,45302.0
11:57,53.35,53.35,53.3,53.33,48601.0
11:58,53.38,53.38,53.31,53.35,62938.0
11:59,53.44,53.45,53.39,53.39,43279.0
12:00,53.46,53.46,53.42,53.44,81889.0
12:01,53.37,53.45,53.37,53.45,87603.0
12:02,53.34,53.38,53.34,53.36,68233.0
12:03,53.4,53.41,53.34,53.34,57213.0
12:04,53.4,53.41,53.37,53.4,50451.0
12:05,53.42,53.43,53.4,53.4,49870.0
12:06,53.44,53.47,53.42,53.42,50360.0
12:07,53.43,53.47,53.43,53.45,34538.0
12:08,53.42,53.44,53.42,53.42,38424.0
12:09,53.38,53.42,53.37,53.42,78334.0
12:10,53.38,53.4,53.37,53.38,68285.0
12:11,53.38,53.4,53.35,53.39,89772.0
12:12,53.35,53.4,53.35,53.38,72320.0
12:13,53.35,53.36,53.33,53.35,81338.0
12:14,53.31,53.36,53.3,53.36,84687.0
12:15,53.37,53.38,53.31,53.31,89669.0
12:16,53.38,53.4,53.35,53.37,115277.0
12:17,53.4,53.43,53.38,53.38,120512.0
12:18,53.4,53.42,53.38,53.41,64721.0
12:19,53.4,53.43,53.39,53.4,73977.0
12:20,53.39,53.41,53.38,53.4,61550.0
12:21,53.4,53.42,53.38,53.39,61230.0
12:22,53.4,53.41,53.38,53.4,42659.0
12:23,53.46,53.46,53.4,53.4,54468.0
12:24,53.43,53.46,53.42,53.46,68617.0
12:25,53.44,53.44,53.42,53.44,54581.0
12:26,53.42,53.45,53.41,53.44,58395.0
12:27,53.43,53.44,53.41,53.42,54688.0
12:28,53.44,53.46,53.42,53.42,52001.0
12:29,53.44,53.44,53.42,53.44,49921.0
12:30,53.47,53.48,53.44,53.44,73010.0
12:31,53.49,53.5,53.46,53.48,67873.0
12:32,53.49,53.49,53.48,53.49,52607.0
12:33,53.49,53.49,53.47,53.49,72796.0
12:34,53.51,53.52,53.48,53.49,77242.0
12:35,53.44,53.51,53.44,53.51,64155.0
12:36,53.44,53.45,53.43,53.45,51893.0
12:37,53.43,53.46,53.42,53.44,66443.0
12:38,53.47,53.47,53.44,53.44,20230.0
12:39,53.53,53.53,53.47,53.47,25649.0
12:40,53.49,53.53,53.49,53.53,27157.0
12:41,53.44,53.51,53.43,53.5,46430.0
12:42,53.42,53.45,53.4,53.44,64580.0
12:43,53.42,53.44,53.42,53.42,44515.0
12:44,53.42,53.43,53.4,53.42,58849.0
12:45,53.37,53.42,53.35,53.42,125540.0
12:46,53.4,53.4,53.36,53.37,99666.0
12:47,53.34,53.4,53.33,53.4,73151.0
12:48,53.38,53.39,53.33,53.33,76672.0
12:49,53.39,53.4,53.37,53.38,72968.0
12:50,53.36,53.39,53.33,53.38,83031.0
12:51,53.38,53.38,53.36,53.37,59881.0
12:52,53.37,53.39,53.35,53.37,80979.0
12:53,53.37,53.37,53.35,53.37,47098.0
12:54,53.38,53.4,53.37,53.37,67436.0
12:55,53.38,53.38,53.36,53.38,68879.0
12:56,53.4,53.4,53.37,53.38,46152.0
12:57,53.37,53.39,53.35,53.39,68081.0
12:58,53.37,53.4,53.37,53.37,56648.0
12:59,53.39,53.4,53.36,53.37,56761.0
13:00,53.43,53.43,53.4,53.4,73166.0
13:01,53.41,53.44,53.4,53.42,31189.0
13:02,53.44,53.44,53.41,53.42,34174.0
13:03,53.42,53.46,53.42,53.44,42675.0
13:04,53.42,53.44,53.41,53.42,69004.0
13:05,53.43,53.45,53.41,53.43,56003.0
13:06,53.45,53.46,53.43,53.43,65173.0
13:07,53.45,53.46,53.44,53.45,61041.0
13:08,53.42,53.47,53.41,53.45,41418.0
13:09,53.42,53.45,53.42,53.42,62268.0
13:10,53.44,53.45,53.4,53.42,75292.0
13:11,53.43,53.46,53.42,53.44,123986.0
13:12,53.44,53.46,53.42,53.43,65554.0
13:13,53.41,53.43,53.4,53.43,35604.0
13:14,53.47,53.48,53.42,53.42,23756.0
13:15,53.44,53.47,53.44,53.47,48881.0
13:16,53.43,53.46,53.43,53.45,77140.0
13:17,53.4,53.44,53.4,53.43,60547.0
13:18,53.43,53.44,53.41,53.41,37287.0
13:19,53.43,53.43,53.42,53.42,44614.0
13:20,53.42,53.44,53.41,53.42,67451.0
13:21,53.38,53.43,53.38,53.42,60027.0
13:22,53.43,53.43,53.38,53.38,80689.0
13:23,53.42,53.45,53.42,53.43,48732.0
13:24,53.4,53.42,53.4,53.42,30439.0
13:25,53.36,53.4,53.35,53.4,84128.0
13:26,53.33,53.37,53.32,53.37,79137.0
13:27,53.38,53.38,53.32,53.33,61362.0
13:28,53.35,53.39,53.35,53.38,91241.0
13:29,53.35,53.35,53.33,53.35,98793.0
13:30,53.33,53.36,53.31,53.36,83732.0
13:31,53.35,53.36,53.33,53.33,58998.0
13:32,53.37,53.4,53.35,53.35,71095.0
13:33,53.37,53.4,53.36,53.37,101861.0
13:34,53.35,53.38,53.33,53.37,116737.0
13:35,53.35,53.38,53.34,53.35,90092.0
13:36,53.35,53.35,53.34,53.35,44693.0
13:37,53.28,53.34,53.26,53.34,72710.0
13:38,53.29,53.31,53.27,53.29,99360.0
13:39,53.25,53.29,53.24,53.29,71869.0
13:40,53.28,53.29,53.23,53.24,88366.0
13:41,53.24,53.27,53.22,53.27,107906.0
13:42,53.24,53.27,53.23,53.24,54544.0
13:43,53.21,53.24,53.2,53.24,46890.0
13:44,53.24,53.24,53.21,53.21,73284.0
13:45,53.21,53.26,53.21,53.25,91500.0
13:46,53.18,53.21,53.17,53.2,93669.0
13:47,53.25,53.25,53.19,53.19,75148.0
13:48,53.24,53.27,53.23,53.24,77405.0
13:49,53.26,53.27,53.23,53.24,63934.0
13:50,53.29,53.3,53.26,53.26,77000.0
13:51,53.29,53.31,53.26,53.28,70722.0
13:52,53.28,53.29,53.25,53.28,64593.0
13:53,53.26,53.29,53.24,53.28,77267.0
13:54,53.24,53.28,53.24,53.27,56725.0
13:55,53.24,53.26,53.23,53.24,36077.0
13:56,53.26,53.28,53.24,53.24,103847.0
13:57,53.21,53.26,53.21,53.25,62286.0
13:58,53.22,53.24,53.21,53.21,39192.0
13:59,53.23,53.23,53.21,53.22,38125.0
14:00,53.25,53.25,53.24,53.24,48344.0
14:01,53.24,53.26,53.24,53.24,39841.0
14:02,53.24,53.24,53.21,53.24,129723.0
14:03,53.23,53.24,53.21,53.23,51336.0
14:04,53.22,53.26,53.21,53.23,44704.0
14:05,53.24,53.24,53.21,53.22,41915.0
14:06,53.22,53.25,53.22,53.23,51183.0
14:07,53.22,53.23,53.18,53.22,50307.0
14:08,53.19,53.22,53.18,53.22,49689.0
14:09,53.24,53.24,53.18,53.19,96113.0
14:10,53.22,53.24,53.22,53.24,68491.0
14:11,53.24,53.26,53.22,53.22,33598.0
14:12,53.22,53.24,53.22,53.23,31581.0
14:13,53.19,53.24,53.19,53.22,68719.0
14:14,53.2,53.21,53.17,53.19,60302.0
14:15,53.22,53.24,53.18,53.19,68891.0
14:16,53.23,53.26,53.22,53.22,44754.0
14:17,53.25,53.26,53.23,53.24,42175.0
14:18,53.29,53.29,53.24,53.24,56009.0
14:19,53.26,53.29,53.24,53.28,54814.0
14:20,53.23,53.26,53.22,53.26,94179.0
14:21,53.26,53.26,53.23,53.24,65908.0
14:22,53.3,53.3,53.26,53.26,68660.0
14:23,53.31,53.34,53.29,53.3,111301.0
14:24,53.3,53.31,53.26,53.31,66809.0
14:25,53.33,53.33,53.29,53.29,93844.0
14:26,53.33,53.34,53.31,53.33,81567.0
14:27,53.31,53.36,53.31,53.33,64578.0
14:28,53.34,53.34,53.31,53.31,80331.0
14:29,53.39,53.39,53.33,53.33,107222.0
14:30,53.35,53.4,53.34,53.39,114065.0
14:31,53.37,53.38,53.34,53.35,103351.0
14:32,53.36,53.38,53.35,53.37,36433.0
14:33,53.38,53.4,53.36,53.36,57188.0
14:34,53.38,53.4,53.36,53.39,62479.0
14:35,53.4,53.42,53.37,53.38,51083.0
14:36,53.4,53.44,53.4,53.41,57218.0
14:37,53.4,53.4,53.38,53.4,65825.0
14:38,53.31,53.4,53.29,53.4,82069.0
14:39,53.34,53.35,53.31,53.31,83476.0
14:40,53.28,53.34,53.27,53.34,80193.0
14:41,53.29,53.3,53.26,53.28,68349.0
14:42,53.26,53.29,53.25,53.29,78547.0
14:43,53.26,53.27,53.23,53.26,49585.0
14:44,53.25,53.28,53.24,53.26,82800.0
14:45,53.26,53.28,53.24,53.26,96358.0
14:46,53.24,53.27,53.24,53.26,57642.0
14:47,53.25,53.26,53.24,53.24,64067.0
14:48,53.24,53.25,53.22,53.25,52174.0
14:49,53.24,53.26,53.23,53.24,58150.0
14:50,53.26,53.29,53.24,53.25,79649.0
14:51,53.24,53.26,53.23,53.26,59344.0
14:52,53.24,53.26,53.22,53.24,95528.0
14:53,53.19,53.24,53.18,53.24,60238.0
14:54,53.15,53.19,53.14,53.18,82620.0
14:55,53.08,53.15,53.05,53.15,89113.0
14:56,53.12,53.13,53.08,53.08,52548.0
14:57,53.11,53.12,53.1,53.12,63030.0
14:58,53.15,53.16,53.12,53.12,68139.0
14:59,53.14,53.16,53.12,53.15,91645.0
15:00,53.14,53.15,53.12,53.14,77199.0
15:01,53.13,53.17,53.12,53.15,116426.0
15:02,53.06,53.12,53.06,53.12,114089.0
15:03,53.0,53.07,53.0,53.06,198470.0
15:04,52.98,53.01,52.97,53.01,83592.0
15:05,53.03,53.04,52.99,52.99,211855.0
15:06,53.1,53.1,53.02,53.03,78309.0
15:07,53.07,53.12,53.07,53.1,127907.0
15:08,53.14,53.15,53.07,53.08,136422.0
15:09,53.12,53.16,53.12,53.13,77854.0
15:10,53.08,53.14,53.08,53.13,76686.0
15:11,53.06,53.12,53.06,53.08,69514.0
15:12,53.08,53.09,53.05,53.06,67198.0
15:13,53.08,53.09,53.06,53.08,159628.0
15:14,53.06,53.07,53.04,53.07,51636.0
15:15,53.03,53.08,53.02,53.06,75930.0
15:16,53.01,53.06,53.0,53.03,98563.0
15:17,53.0,53.02,52.99,53.01,117031.0
15:18,53.0,53.02,52.99,53.0,104363.0
15:19,52.99,53.01,52.98,53.0,103053.0
15:20,52.97,53.02,52.97,52.99,141880.0
15:21,52.99,52.99,52.93,52.97,92156.0
15:22,53.0,53.01,52.97,52.99,107184.0
15:23,52.97,52.99,52.96,52.99,73064.0
15:24,52.99,53.01,52.97,52.97,73810.0
15:25,52.92,52.99,52.9,52.99,221979.0
15:26,52.93,52.94,52.91,52.92,69690.0
15:27,52.97,52.98,52.92,52.92,98481.0
15:28,52.97,52.98,52.94,52.96,101730.0
15:29,53.01,53.01,52.96,52.97,92410.0
15:30,52.96,53.03,52.94,53.0,115246.0
15:31,52.94,52.96,52.92,52.95,96776.0
15:32,52.97,52.99,52.94,52.94,70407.0
15:33,52.93,52.97,52.91,52.97,77819.0
15:34,52.97,52.97,52.93,52.93,91350.0
15:35,52.99,53.0,52.94,52.97,143807.0
15:36,52.99,52.99,52.97,52.98,153451.0
15:37,52.97,52.99,52.95,52.99,82535.0
15:38,52.97,53.01,52.95,52.98,329698.0
15:39,52.97,53.01,52.96,52.97,355792.0
15:40,52.97,52.98,52.94,52.97,103036.0
15:41,52.94,52.97,52.92,52.97,131279.0
15:42,52.91,52.96,52.91,52.93,83536.0
15:43,52.85,52.93,52.85,52.92,106535.0
15:44,52.85,52.89,52.85,52.86,69900.0
15:45,52.86,52.87,52.82,52.85,187907.0
15:46,52.87,52.88,52.83,52.85,179883.0
15:47,52.88,52.9,52.87,52.88,108242.0
15:48,52.87,52.9,52.85,52.88,143067.0
15:49,52.79,52.87,52.78,52.87,211016.0
15:50,52.84,52.85,52.77,52.79,230386.0
15:51,52.93,52.93,52.83,52.85,128461.0
15:52,52.9,52.94,52.89,52.94,200658.0
15:53,52.9,52.94,52.89,52.91,256453.0
15:54,52.92,52.94,52.9,52.9,323174.0
15:55,52.94,52.96,52.86,52.92,222410.0
15:56,52.94,53.01,52.93,52.94,295924.0
15:57,52.94,52.96,52.92,52.94,299978.0
15:58,52.92,52.95,52.9,52.94,482599.0
15:59,52.89,52.93,52.87,52.92,767819.0
