Time,Close,High,Low,Open,Volume
09:30,53.5,53.61,53.38,53.43,5263710.0
09:31,53.49,53.67,53.49,53.51,446007.0
09:32,53.51,53.54,53.4,53.49,253229.0
09:33,53.53,53.56,53.45,53.51,212605.0
09:34,53.48,53.6,53.39,53.52,283640.0
09:35,53.44,53.51,53.36,53.47,357140.0
09:36,53.44,53.48,53.4,53.44,188756.0
09:37,53.53,53.64,53.42,53.42,250399.0
09:38,53.56,53.65,53.53,53.53,295533.0
09:39,53.63,53.65,53.56,53.56,160107.0
09:40,53.74,53.75,53.6,53.63,467551.0
09:41,53.74,53.75,53.7,53.75,280817.0
09:42,53.67,53.75,53.66,53.74,210350.0
09:43,53.65,53.67,53.59,53.67,143673.0
09:44,53.66,53.73,53.63,53.65,98981.0
09:45,53.62,53.69,53.59,53.67,150353.0
09:46,53.58,53.67,53.56,53.62,122156.0
09:47,53.62,53.67,53.56,53.58,194243.0
09:48,53.58,53.62,53.54,53.62,152820.0
09:49,53.51,53.58,53.51,53.58,193336.0
09:50,53.38,53.53,53.38,53.51,379352.0
09:51,53.47,53.51,53.37,53.38,190405.0
09:52,53.43,53.49,53.42,53.47,193057.0
09:53,53.36,53.43,53.28,53.43,136350.0
09:54,53.22,53.38,53.19,53.36,200891.0
09:55,53.24,53.24,53.15,53.22,138378.0
09:56,53.15,53.24,53.14,53.24,183170.0
09:57,53.03,53.17,53.02,53.16,161189.0
09:58,53.01,53.06,52.99,53.03,181092.0
09:59,52.97,53.03,52.97,53.01,164965.0
10:00,53.01,53.02,52.92,52.97,126736.0
10:01,53.06,53.06,52.97,53.01,99076.0
10:02,53.13,53.14,53.06,53.07,158030.0
10:03,53.19,53.22,53.12,53.13,140937.0
10:04,53.1,53.17,53.08,53.16,142680.0
10:05,53.14,53.17,53.03,53.09,132554.0
10:06,53.3,53.31,53.13,53.14,147741.0
10:07,53.28,53.31,53.25,53.3,121382.0
10:08,53.28,53.29,53.26,53.28,70409.0
10:09,53.28,53.29,53.26,53.28,53848.0
10:10,53.4,53.4,53.24,53.28,158821.0
10:11,53.41,53.43,53.38,53.4,85819.0
10:12,53.42,53.44,53.39,53.42,159459.0
10:13,53.43,53.44,53.41,53.42,87214.0
10:14,53.44,53.45,53.42,53.43,103116.0
10:15,53.42,53.44,53.38,53.43,199060.0
10:16,53.44,53.47,53.42,53.42,179730.0
10:17,53.37,53.46,53.36,53.44,183280.0
10:18,53.36,53.41,53.35,53.38,130719.0
10:19,53.37,53.37,53.34,53.35,62328.0
10:20,53.42,53.43,53.31,53.36,110830.0
10:21,53.47,53.49,53.42,53.42,98415.0
10:22,53.48,53.51,53.47,53.47,140463.0
10:23,53.49,53.5,53.47,53.48,79258.0
10:24,53.5,53.52,53.47,53.5,266735.0
10:25,53.49,53.5,53.47,53.49,83575.0
10:26,53.49,53.5,53.46,53.49,87426.0
10:27,53.46,53.51,53.46,53.49,140546.0
10:28,53.47,53.48,53.46,53.46,57445.0
10:29,53.46,53.49,53.46,53.47,76169.0
10:30,53.47,53.49,53.44,53.46,137293.0
10:31,53.46,53.49,53.44,53.47,101354.0
10:32,53.42,53.47,53.42,53.47,81986.0
10:33,53.44,53.45,53.42,53.42,97722.0
10:34,53.42,53.44,53.38,53.44,98838.0
10:35,53.24,53.41,53.24,53.41,107649.0
10:36,53.22,53.26,53.19,53.25,86794.0
10:37,53.19,53.22,53.17,53.22,97316.0
10:38,53.15,53.21,53.14,53.19,205512.0
10:39,53.1,53.15,53.09,53.15,77356.0
10:40,53.14,53.16,53.05,53.1,147804.0
10:41,53.11,53.15,53.1,53.15,105717.0
10:42,53.12,53.13,53.1,53.1,131210.0
10:43,52.98,53.12,52.97,53.12,155661.0
10:44,52.97,52.97,52.92,52.97,94330.0
10:45,52.98,53.01,52.96,52.97,86794.0
10:46,53.12,53.12,52.97,52.98,100711.0
10:47,53.15,53.17,53.09,53.12,91537.0
10:48,53.12,53.15,53.08,53.14,80242.0
10:49,53.04,53.15,53.02,53.13,63264.0
10:50,53.08,53.1,53.02,53.03,68155.0
10:51,53.1,53.11,53.07,53.08,69060.0
10:52,53.12,53.13,53.08,53.1,85075.0
10:53,53.1,53.12,53.08,53.12,75703.0
10:54,53.1,53.11,53.08,53.1,50819.0
10:55,53.08,53.1,53.04,53.1,69758.0
10:56,53.1,53.11,53.08,53.08,60844.0
10:57,53.1,53.12,53.09,53.11,93723.0
10:58,53.08,53.12,53.06,53.1,106582.0
10:59,53.07,53.1,53.05,53.08,111722.0
11:00,53.1,53.1,53.05,53.06,142364.0
11:01,53.13,53.15,53.09,53.1,123358.0
11:02,53.12,53.17,53.11,53.13,72817.0
11:03,53.12,53.12,53.09,53.12,61674.0
11:04,53.15,53.18,53.11,53.12,55447.0
11:05,53.19,53.2,53.15,53.15,66158.0
11:06,53.19,53.2,53.18,53.18,60833.0
11:07,53.12,53.21,53.12,53.2,92026.0
11:08,53.13,53.14,53.1,53.11,51913.0
11:09,53.11,53.15,53.11,53.13,76994.0
11:10,53.01,53.11,53.01,53.11,179791.0
11:11,52.96,53.01,52.95,53.01,104529.0
11:12,52.97,52.98,52.95,52.96,94376.0
11:13,52.96,52.99,52.94,52.97,68642.0
11:14,52.97,52.99,52.96,52.97,37903.0
11:15,53.03,53.03,52.95,52.97,118042.0
11:16,53.01,53.03,52.99,53.03,106280.0
11:17,52.99,53.01,52.99,53.01,95078.0
11:18,53.02,53.02,52.99,53.0,133675.0
11:19,53.04,53.04,53.01,53.01,51018.0
11:20,53.08,53.08,53.04,53.04,74286.0
11:21,53.08,53.12,53.04,53.08,58488.0
11:22,53.06,53.09,53.03,53.09,58781.0
11:23,53.03,53.1,53.02,53.06,53421.0
11:24,53.03,53.04,53.01,53.03,111502.0
11:25,53.03,53.03,52.98,53.02,102386.0
11:26,53.03,53.04,53.0,53.03,87473.0
11:27,53.02,53.03,53.01,53.03,98359.0
11:28,53.03,53.04,53.01,53.01,115176.0
11:29,53.04,53.05,53.02,53.02,115837.0
11:30,53.01,53.04,53.0,53.04,85855.0
11:31,53.03,53.03,53.0,53.01,71029.0
11:32,53.03,53.04,53.01,53.03,74658.0
11:33,53.02,53.03,53.01,53.03,100818.0
11:34,53.03,53.03,53.01,53.01,51654.0
11:35,53.01,53.03,52.99,53.03,108213.0
11:36,53.03,53.06,53.0,53.01,75998.0
11:37,53.03,53.08,53.03,53.03,87786.0
11:38,53.03,53.04,53.01,53.03,63837.0
11:39,52.99,53.03,52.99,53.03,52865.0
11:40,52.97,53.0,52.95,52.99,84826.0
11:41,52.97,52.99,52.96,52.98,48094.0
11:42,52.93,52.97,52.91,52.97,50704.0
11:43,52.9,52.94,52.9,52.92,58113.0
11:44,52.94,52.96,52.9,52.91,51612.0
11:45,52.9,52.94,52.88,52.94,66463.0
11:46,52.92,52.92,52.89,52.9,25352.0
11:47,52.94,52.94,52.9,52.92,57674.0
11:48,52.96,52.96,52.93,52.94,41462.0
11:49,52.97,52.97,52.92,52.96,37914.0
11:50,52.98,52.98,52.94,52.97,47928.0
11:51,52.97,53.01,52.97,52.97,79042.0
11:52,52.99,52.99,52.97,52.98,39767.0
11:53,53.01,53.03,52.99,52.99,162044.0
11:54,53.03,53.04,53.01,53.01,69191.0
11:55,53.0,53.03,52.99,53.02,95097.0
11:56,52.99,53.0,52.97,52.99,65929.0
11:57,53.01,53.03,52.99,52.99,60270.0
11:58,52.96,53.02,52.96,53.01,71309.0
11:59,52.92,52.97,52.92,52.96,60725.0
12:00,52.94,52.97,52.92,52.92,59430.0
12:01,52.97,52.99,52.95,52.95,26782.0
12:02,53.01,53.01,52.97,52.97,79312.0
12:03,52.97,53.01,52.97,53.01,83738.0
12:04,53.01,53.01,52.97,52.97,37095.0
12:05,52.99,53.02,52.97,53.01,61819.0
12:06,52.96,52.99,52.95,52.99,34285.0
12:07,52.92,52.96,52.91,52.95,41059.0
12:08,52.92,52.94,52.9,52.92,39489.0
12:09,52.97,52.98,52.91,52.92,31257.0
12:10,53.01,53.01,52.97,52.98,62693.0
12:11,53.02,53.03,52.99,53.01,130319.0
12:12,52.98,53.02,52.98,53.01,27707.0
12:13,52.97,52.99,52.96,52.98,48075.0
12:14,52.96,52.97,52.96,52.97,29506.0
12:15,52.92,52.95,52.92,52.95,51019.0
12:16,52.88,52.9,52.88,52.9,68384.0
12:17,52.9,52.91,52.88,52.88,55593.0
12:18,52.92,52.94,52.9,52.91,42074.0
12:19,52.94,52.94,52.92,52.92,26434.0
12:20,52.94,52.94,52.92,52.93,24027.0
12:21,52.92,52.94,52.9,52.94,72080.0
12:22,52.92,52.92,52.91,52.92,34083.0
12:23,52.9,52.92,52.89,52.92,90894.0
12:24,52.9,52.9,52.88,52.9,54508.0
12:25,52.82,52.89,52.81,52.89,89940.0
12:26,52.83,52.86,52.82,52.82,46536.0
12:27,52.83,52.83,52.77,52.83,105976.0
12:28,52.83,52.85,52.82,52.83,87406.0
12:29,52.83,52.86,52.81,52.83,83050.0
12:30,52.83,52.83,52.78,52.82,173572.0
12:31,52.83,52.83,52.81,52.81,40418.0
12:32,52.87,52.88,52.84,52.84,55157.0
12:33,52.92,52.92,52.88,52.88,61357.0
12:34,52.94,52.96,52.92,52.92,42299.0
12:35,52.99,52.99,52.93,52.94,45847.0
12:36,53.0,53.0,52.98,52.99,85397.0
12:37,53.01,53.03,52.99,52.99,52073.0
12:38,53.01,53.02,52.99,53.0,42140.0
12:39,53.01,53.04,53.01,53.01,41803.0
12:40,53.03,53.03,53.01,53.01,39509.0
12:41,53.04,53.08,53.03,53.03,54999.0
12:42,53.08,53.08,53.03,53.04,64578.0
12:43,53.24,53.24,53.08,53.08,127832.0
12:44,53.29,53.29,53.23,53.24,245281.0
12:45,53.35,53.37,53.28,53.28,379493.0
12:46,53.38,53.39,53.33,53.35,378980.0
12:47,53.41,53.42,53.37,53.39,289580.0
12:48,53.41,53.42,53.39,53.4,139528.0
12:49,53.42,53.45,53.39,53.41,215330.0
12:50,53.42,53.44,53.4,53.43,124139.0
12:51,53.44,53.46,53.4,53.42,155277.0
12:52,53.44,53.45,53.43,53.44,35260.0
12:53,53.38,53.44,53.33,53.44,185303.0
12:54,53.4,53.4,53.38,53.39,89654.0
12:55,53.4,53.42,53.38,53.4,76481.0
12:56,53.37,53.4,53.35,53.4,43965.0
12:57,53.31,53.37,53.31,53.37,69775.0
12:58,53.31,53.33,53.29,53.32,52920.0
12:59,53.3,53.32,53.29,53.31,35146.0
13:00,53.28,53.31,53.26,53.3,50579.0
13:01,53.33,53.35,53.28,53.28,53131.0
13:02,53.37,53.39,53.34,53.34,54893.0
13:03,53.33,53.36,53.32,53.36,54387.0
13:04,53.33,53.34,53.33,53.33,20573.0
13:05,53.29,53.33,53.29,53.33,105890.0
13:06,53.23,53.29,53.23,53.29,79048.0
13:07,53.24,53.26,53.23,53.24,45081.0
13:08,53.26,53.26,53.22,53.24,55069.0
13:09,53.28,53.28,53.26,53.26,58485.0
13:10,53.28,53.29,53.26,53.28,38083.0
13:11,53.28,53.3,53.28,53.28,69524.0
13:12,53.29,53.29,53.28,53.28,37273.0
13:13,53.28,53.33,53.28,53.29,62834.0
13:14,53.29,53.29,53.26,53.28,34469.0
13:15,53.26,53.29,53.26,53.28,23118.0
13:16,53.29,53.29,53.26,53.26,29125.0
13:17,53.31,53.32,53.28,53.29,67014.0
13:18,53.28,53.32,53.28,53.31,108410.0
13:19,53.3,53.3,53.26,53.28,78183.0
13:20,53.36,53.36,53.28,53.3,65939.0
13:21,53.33,53.36,53.32,53.36,62925.0
13:22,53.32,53.33,53.32,53.33,35422.0
13:23,53.31,53.33,53.29,53.31,51464.0
13:24,53.35,53.35,53.31,53.31,23073.0
13:25,53.32,53.35,53.31,53.35,109996.0
13:26,53.33,53.35,53.32,53.32,76398.0
13:27,53.31,53.33,53.31,53.33,47023.0
13:28,53.33,53.33,53.31,53.31,39520.0
13:29,53.29,53.33,53.29,53.33,35030.0
13:30,53.33,53.33,53.28,53.29,66500.0
13:31,53.35,53.35,53.33,53.33,118694.0
13:32,53.35,53.35,53.34,53.35,47378.0
13:33,53.34,53.36,53.33,53.35,58529.0
13:34,53.38,53.38,53.33,53.33,45794.0
13:35,53.4,53.4,53.36,53.38,79007.0
13:36,53.42,53.42,53.39,53.4,55956.0
13:37,53.4,53.42,53.39,53.42,48727.0
13:38,53.39,53.42,53.38,53.41,30116.0
13:39,53.4,53.4,53.38,53.38,50284.0
13:40,53.42,53.42,53.4,53.4,59478.0
13:41,53.42,53.44,53.41,53.42,42677.0
13:42,53.44,53.44,53.42,53.42,36966.0
13:43,53.44,53.45,53.43,53.44,41052.0
13:44,53.44,53.45,53.43,53.44,40569.0
13:45,53.42,53.44,53.42,53.44,48478.0
13:46,53.42,53.44,53.42,53.42,51007.0
13:47,53.44,53.44,53.41,53.42,32332.0
13:48,53.46,53.47,53.44,53.44,56653.0
13:49,53.46,53.47,53.46,53.46,47969.0
13:50,53.47,53.48,53.44,53.47,61028.0
13:51,53.48,53.48,53.47,53.47,17126.0
13:52,53.49,53.49,53.47,53.47,41712.0
13:53,53.48,53.49,53.46,53.49,48992.0
13:54,53.49,53.5,53.48,53.49,46996.0
13:55,53.49,53.5,53.49,53.49,39069.0
13:56,53.44,53.49,53.44,53.49,81811.0
13:57,53.4,53.44,53.4,53.44,43405.0
13:58,53.4,53.42,53.4,53.4,62515.0
13:59,53.42,53.44,53.4,53.4,51578.0
14:00,53.39,53.42,53.38,53.42,60016.0
14:01,53.4,53.42,53.38,53.4,78117.0
14:02,53.41,53.42,53.37,53.4,65542.0
14:03,53.44,53.44,53.41,53.41,89018.0
14:04,53.46,53.47,53.42,53.44,73489.0
14:05,53.49,53.49,53.46,53.46,89861.0
14:06,53.48,53.5,53.48,53.49,34437.0
14:07,53.46,53.49,53.46,53.48,56106.0
14:08,53.46,53.47,53.45,53.47,55482.0
14:09,53.47,53.48,53.46,53.46,51912.0
14:10,53.49,53.51,53.47,53.47,140269.0
14:11,53.49,53.5,53.48,53.49,53119.0
14:12,53.5,53.5,53.48,53.49,39827.0
14:13,53.5,53.5,53.49,53.49,35585.0
14:14,53.51,53.52,53.49,53.49,54144.0
14:15,53.49,53.53,53.48,53.51,91289.0
14:16,53.51,53.51,53.48,53.5,81060.0
14:17,53.51,53.55,53.51,53.52,70551.0
14:18,53.51,53.53,53.51,53.51,77276.0
14:19,53.53,53.53,53.51,53.51,57732.0
14:20,53.51,53.53,53.49,53.52,190088.0
14:21,53.53,53.54,53.51,53.51,68259.0
14:22,53.53,53.53,53.51,53.53,72266.0
14:23,53.53,53.54,53.53,53.53,24476.0
14:24,53.53,53.54,53.51,53.53,88507.0
14:25,53.53,53.53,53.52,53.53,54474.0
14:26,53.53,53.53,53.5,53.53,82009.0
14:27,53.54,53.56,53.53,53.53,60221.0
14:28,53.54,53.56,53.54,53.54,35807.0
14:29,53.55,53.55,53.54,53.55,14951.0
14:30,53.51,53.55,53.51,53.54,143792.0
14:31,53.54,53.56,53.5,53.51,102757.0
14:32,53.56,53.58,53.55,53.55,99716.0
14:33,53.58,53.58,53.56,53.56,75632.0
14:34,53.57,53.58,53.56,53.58,42583.0
14:35,53.56,53.57,53.56,53.57,46461.0
14:36,53.59,53.59,53.56,53.56,65088.0
14:37,53.6,53.61,53.58,53.59,128001.0
14:38,53.61,53.61,53.59,53.6,51577.0
14:39,53.6,53.61,53.6,53.61,35973.0
14:40,53.57,53.61,53.57,53.6,112348.0
14:41,53.54,53.58,53.53,53.58,74473.0
14:42,53.49,53.55,53.49,53.54,80033.0
14:43,53.49,53.49,53.44,53.49,53774.0
14:44,53.51,53.51,53.48,53.49,28578.0
14:45,53.51,53.51,53.49,53.51,45800.0
14:46,53.49,53.51,53.47,53.51,48723.0
14:47,53.47,53.49,53.46,53.49,142855.0
14:48,53.47,53.49,53.46,53.47,60594.0
14:49,53.47,53.47,53.45,53.47,46819.0
14:50,53.49,53.49,53.46,53.47,44375.0
14:51,53.51,53.51,53.49,53.49,55240.0
14:52,53.51,53.52,53.5,53.51,34043.0
14:53,53.53,53.53,53.5,53.5,65716.0
14:54,53.53,53.54,53.51,53.53,46943.0
14:55,53.55,53.56,53.53,53.53,80007.0
14:56,53.55,53.56,53.54,53.55,38196.0
14:57,53.58,53.58,53.54,53.54,43086.0
14:58,53.58,53.59,53.57,53.58,24573.0
14:59,53.56,53.58,53.56,53.58,158606.0
15:00,53.58,53.58,53.54,53.57,86420.0
15:01,53.56,53.58,53.54,53.58,71250.0
15:02,53.58,53.58,53.56,53.56,42048.0
15:03,53.58,53.59,53.57,53.59,40922.0
15:04,53.58,53.59,53.58,53.58,27385.0
15:05,53.6,53.62,53.57,53.58,56232.0
15:06,53.63,53.63,53.6,53.6,46115.0
15:07,53.71,53.71,53.63,53.63,65211.0
15:08,53.67,53.71,53.67,53.71,93879.0
15:09,53.69,53.69,53.67,53.68,104732.0
15:10,53.69,53.69,53.67,53.69,63738.0
15:11,53.7,53.71,53.69,53.7,59104.0
15:12,53.69,53.71,53.68,53.7,79960.0
15:13,53.69,53.72,53.69,53.69,101964.0
15:14,53.69,53.69,53.67,53.69,54943.0
15:15,53.69,53.71,53.68,53.69,62015.0
15:16,53.71,53.71,53.68,53.69,47834.0
15:17,53.71,53.71,53.69,53.7,50052.0
15:18,53.7,53.72,53.69,53.71,82382.0
15:19,53.69,53.72,53.68,53.71,76340.0
15:20,53.69,53.69,53.67,53.69,103367.0
15:21,53.69,53.7,53.67,53.69,67491.0
15:22,53.7,53.7,53.68,53.69,39647.0
15:23,53.74,53.75,53.69,53.69,76082.0
15:24,53.74,53.75,53.73,53.75,64395.0
15:25,53.71,53.74,53.71,53.73,106284.0
15:26,53.69,53.73,53.69,53.72,71823.0
15:27,53.69,53.71,53.68,53.69,68335.0
15:28,53.67,53.69,53.65,53.69,105078.0
15:29,53.6,53.67,53.59,53.67,115634.0
15:30,53.62,53.63,53.58,53.59,141716.0
15:31,53.58,53.62,53.58,53.62,94992.0
15:32,53.6,53.6,53.58,53.58,93941.0
15:33,53.58,53.6,53.58,53.6,56162.0
15:34,53.62,53.63,53.58,53.58,58660.0
15:35,53.62,53.64,53.6,53.62,141292.0
15:36,53.65,53.67,53.61,53.61,87730.0
15:37,53.67,53.69,53.65,53.65,148459.0
15:38,53.65,53.67,53.65,53.67,147190.0
15:39,53.67,53.67,53.65,53.65,115423.0
15:40,53.67,53.68,53.65,53.67,87397.0
15:41,53.63,53.67,53.63,53.66,201534.0
15:42,53.62,53.68,53.6,53.63,150559.0
15:43,53.58,53.62,53.56,53.61,147257.0
15:44,53.58,53.58,53.56,53.58,175391.0
15:45,53.59,53.61,53.56,53.58,163903.0
15:46,53.49,53.6,53.49,53.59,190077.0
15:47,53.45,53.49,53.43,53.49,264545.0
15:48,53.47,53.48,53.44,53.45,179644.0
15:49,53.49,53.51,53.47,53.47,170206.0
15:50,53.5,53.51,53.44,53.47,327889.0
15:51,53.51,53.51,53.49,53.51,276668.0
15:52,53.56,53.56,53.5,53.51,255656.0
15:53,53.53,53.56,53.48,53.56,289802.0
15:54,53.58,53.62,53.54,53.54,321240.0
15:55,53.47,53.59,53.47,53.59,395952.0
15:56,53.43,53.5,53.43,53.47,432442.0
15:57,53.4,53.44,53.39,53.43,619916.0
15:58,53.38,53.4,53.38,53.4,724154.0
15:59,53.33,53.4,53.3,53.39,1449291.0
