Time,Close,High,Low,Open,Volume
09:30,52.69,52.74,52.56,52.67,522859.0
09:31,52.69,52.78,52.65,52.67,127158.0
09:32,52.68,52.78,52.64,52.7,102031.0
09:33,52.78,52.78,52.65,52.67,82159.0
09:34,52.88,52.91,52.75,52.78,121101.0
09:35,52.82,52.97,52.82,52.9,152728.0
09:36,52.72,52.83,52.7,52.83,92862.0
09:37,52.79,52.79,52.68,52.72,81275.0
09:38,52.76,52.82,52.74,52.79,95048.0
09:39,52.79,52.8,52.73,52.78,67212.0
09:40,52.75,52.79,52.72,52.79,109374.0
09:41,52.74,52.76,52.72,52.76,71560.0
09:42,52.79,52.81,52.74,52.74,185042.0
09:43,52.78,52.85,52.77,52.79,82006.0
09:44,52.82,52.86,52.77,52.77,53237.0
09:45,52.9,52.91,52.81,52.83,233937.0
09:46,52.99,52.99,52.89,52.9,120272.0
09:47,53.01,53.04,52.97,52.99,164915.0
09:48,53.1,53.1,53.03,53.03,94493.0
09:49,53.08,53.1,53.03,53.1,106499.0
09:50,53.26,53.27,53.03,53.07,221518.0
09:51,53.28,53.35,53.26,53.26,208048.0
09:52,53.28,53.37,53.27,53.28,209913.0
09:53,53.29,53.31,53.22,53.28,87690.0
09:54,53.28,53.32,53.25,53.29,58235.0
09:55,53.23,53.29,53.22,53.28,30495.0
09:56,53.29,53.31,53.23,53.23,105667.0
09:57,53.19,53.3,53.17,53.29,80268.0
09:58,53.13,53.19,53.12,53.19,76242.0
09:59,53.13,53.14,53.09,53.13,105463.0
10:00,53.12,53.19,53.11,53.13,130129.0
10:01,53.08,53.11,53.08,53.11,141443.0
10:02,53.1,53.13,53.08,53.08,97881.0
10:03,53.11,53.12,53.06,53.1,116913.0
10:04,53.04,53.11,53.03,53.1,76657.0
10:05,53.07,53.09,53.03,53.04,117742.0
10:06,53.04,53.08,53.03,53.07,70730.0
10:07,53.01,53.09,53.01,53.03,76088.0
10:08,53.04,53.1,53.02,53.02,62716.0
10:09,52.97,53.05,52.94,53.04,117349.0
10:10,52.98,52.99,52.89,52.96,117135.0
10:11,53.01,53.01,52.96,52.98,97747.0
10:12,52.99,53.02,52.97,53.01,111111.0
10:13,53.01,53.01,52.94,52.99,83925.0
10:14,53.01,53.02,52.97,53.0,38315.0
10:15,52.97,53.01,52.96,53.01,57725.0
10:16,52.98,53.01,52.96,52.97,44942.0
10:17,53.01,53.04,52.96,52.97,59320.0
10:18,53.05,53.06,53.0,53.01,78453.0
10:19,53.01,53.07,53.01,53.06,137921.0
10:20,53.04,53.05,52.97,53.02,85856.0
10:21,53.06,53.08,53.03,53.04,109841.0
10:22,53.08,53.08,53.05,53.06,62343.0
10:23,53.0,53.08,53.0,53.08,51610.0
10:24,53.03,53.03,52.97,53.01,93657.0
10:25,53.03,53.04,53.01,53.03,36726.0
10:26,53.08,53.08,53.02,53.03,79448.0
10:27,53.03,53.08,53.01,53.07,52905.0
10:28,53.06,53.07,53.0,53.02,82624.0
10:29,53.03,53.05,53.0,53.05,65207.0
10:30,53.08,53.09,53.02,53.02,152876.0
10:31,53.09,53.11,53.05,53.09,294296.0
10:32,53.06,53.09,53.05,53.09,54936.0
10:33,53.05,53.07,53.04,53.05,62084.0
10:34,53.1,53.11,53.05,53.05,93617.0
10:35,53.1,53.11,53.08,53.1,81558.0
10:36,53.15,53.15,53.1,53.1,204696.0
10:37,53.17,53.19,53.12,53.14,89676.0
10:38,53.22,53.22,53.15,53.18,231455.0
10:39,53.23,53.23,53.19,53.21,228909.0
10:40,53.27,53.27,53.23,53.23,110977.0
10:41,53.26,53.29,53.25,53.26,45239.0
10:42,53.29,53.31,53.26,53.27,84173.0
10:43,53.28,53.31,53.28,53.3,74256.0
10:44,53.22,53.3,53.22,53.29,86399.0
10:45,53.2,53.24,53.19,53.22,45517.0
10:46,53.19,53.24,53.19,53.21,59255.0
10:47,53.19,53.19,53.13,53.19,94697.0
10:48,53.18,53.19,53.17,53.19,38624.0
10:49,53.17,53.19,53.17,53.18,49742.0
10:50,53.17,53.18,53.15,53.17,38878.0
10:51,53.19,53.19,53.16,53.17,108786.0
10:52,53.2,53.21,53.17,53.19,60452.0
10:53,53.22,53.24,53.2,53.21,39110.0
10:54,53.26,53.27,53.22,53.22,36356.0
10:55,53.29,53.31,53.24,53.27,67058.0
10:56,53.29,53.3,53.27,53.29,38655.0
10:57,53.33,53.34,53.29,53.29,71564.0
10:58,53.29,53.35,53.28,53.33,59068.0
10:59,53.34,53.34,53.29,53.29,43860.0
11:00,53.4,53.44,53.35,53.35,234822.0
11:01,53.41,53.44,53.4,53.4,78009.0
11:02,53.41,53.42,53.38,53.41,51769.0
11:03,53.36,53.42,53.36,53.41,36861.0
11:04,53.38,53.39,53.36,53.37,57988.0
11:05,53.4,53.4,53.37,53.38,68743.0
11:06,53.37,53.41,53.36,53.4,58776.0
11:07,53.37,53.4,53.35,53.37,27766.0
11:08,53.38,53.4,53.36,53.37,49097.0
11:09,53.37,53.4,53.37,53.39,28864.0
11:10,53.39,53.39,53.37,53.37,22858.0
11:11,53.38,53.4,53.37,53.38,42893.0
11:12,53.37,53.38,53.35,53.38,35849.0
11:13,53.4,53.4,53.37,53.37,40415.0
11:14,53.39,53.41,53.39,53.4,41638.0
11:15,53.38,53.39,53.36,53.39,37122.0
11:16,53.4,53.4,53.37,53.38,36098.0
11:17,53.38,53.4,53.38,53.39,45697.0
11:18,53.38,53.39,53.38,53.38,22344.0
11:19,53.38,53.38,53.36,53.38,24103.0
11:20,53.38,53.39,53.37,53.38,43079.0
11:21,53.35,53.38,53.33,53.38,59664.0
11:22,53.32,53.37,53.32,53.35,63785.0
11:23,53.31,53.33,53.29,53.32,39518.0
11:24,53.31,53.32,53.3,53.31,17598.0
11:25,53.28,53.3,53.28,53.3,27960.0
11:26,53.21,53.28,53.2,53.28,92326.0
11:27,53.2,53.22,53.19,53.21,80310.0
11:28,53.16,53.21,53.15,53.21,112779.0
11:29,53.17,53.19,53.15,53.16,129684.0
11:30,53.15,53.17,53.12,53.17,123430.0
11:31,53.15,53.16,53.13,53.14,74189.0
11:32,53.15,53.15,53.13,53.15,94936.0
11:33,53.17,53.17,53.15,53.15,46718.0
11:34,53.19,53.19,53.16,53.17,34702.0
11:35,53.19,53.19,53.17,53.19,94742.0
11:36,53.19,53.21,53.17,53.19,86893.0
11:37,53.18,53.19,53.17,53.19,26774.0
11:38,53.17,53.17,53.15,53.17,45080.0
11:39,53.21,53.21,53.16,53.17,71590.0
11:40,53.17,53.22,53.17,53.22,45788.0
11:41,53.17,53.17,53.15,53.17,52868.0
11:42,53.19,53.19,53.17,53.17,44560.0
11:43,53.21,53.22,53.17,53.18,116982.0
11:44,53.17,53.2,53.16,53.2,27866.0
11:45,53.19,53.19,53.15,53.17,35223.0
11:46,53.17,53.2,53.17,53.2,30410.0
11:47,53.17,53.19,53.16,53.17,50084.0
11:48,53.19,53.2,53.16,53.17,46218.0
11:49,53.18,53.21,53.18,53.19,98495.0
11:50,53.22,53.22,53.18,53.19,74699.0
11:51,53.22,53.26,53.22,53.22,104807.0
11:52,53.19,53.22,53.17,53.22,81904.0
11:53,53.21,53.22,53.17,53.19,34781.0
11:54,53.24,53.24,53.21,53.21,26180.0
11:55,53.26,53.28,53.23,53.23,71036.0
11:56,53.29,53.31,53.25,53.27,198634.0
11:57,53.24,53.29,53.24,53.29,33843.0
11:58,53.22,53.26,53.21,53.24,36990.0
11:59,53.25,53.26,53.21,53.22,37166.0
12:00,53.26,53.26,53.22,53.26,88450.0
12:01,53.21,53.26,53.21,53.26,46046.0
12:02,53.21,53.22,53.2,53.21,18581.0
12:03,53.21,53.23,53.19,53.2,46091.0
12:04,53.25,53.26,53.22,53.22,18809.0
12:05,53.25,53.28,53.24,53.26,34145.0
12:06,53.26,53.27,53.25,53.26,49608.0
12:07,53.25,53.26,53.24,53.26,35425.0
12:08,53.24,53.26,53.24,53.24,21761.0
12:09,53.24,53.25,53.24,53.24,20715.0
12:10,53.26,53.28,53.24,53.25,61947.0
12:11,53.22,53.26,53.21,53.26,56340.0
12:12,53.19,53.23,53.19,53.22,45647.0
12:13,53.19,53.22,53.19,53.19,78566.0
12:14,53.2,53.21,53.19,53.2,28087.0
12:15,53.18,53.21,53.18,53.2,47804.0
12:16,53.19,53.21,53.19,53.19,59737.0
12:17,53.16,53.2,53.15,53.19,94940.0
12:18,53.08,53.17,53.08,53.17,81654.0
12:19,53.03,53.09,53.02,53.09,139958.0
12:20,53.04,53.05,53.02,53.03,32356.0
12:21,53.02,53.04,53.01,53.04,74845.0
12:22,53.06,53.06,53.01,53.01,34914.0
12:23,53.06,53.06,53.04,53.05,55175.0
12:24,53.12,53.12,53.06,53.06,65823.0
12:25,53.12,53.13,53.09,53.12,113976.0
12:26,53.15,53.15,53.12,53.13,30220.0
12:27,53.16,53.16,53.14,53.15,15102.0
12:28,53.16,53.17,53.14,53.16,36154.0
12:29,53.15,53.17,53.14,53.17,25391.0
12:30,53.12,53.15,53.12,53.14,55693.0
12:31,53.13,53.13,53.12,53.12,23293.0
12:32,53.14,53.16,53.13,53.13,64070.0
12:33,53.13,53.15,53.11,53.15,43592.0
12:34,53.12,53.14,53.12,53.12,49187.0
12:35,53.12,53.13,53.12,53.12,29942.0
12:36,53.15,53.19,53.12,53.12,74071.0
12:37,53.17,53.17,53.15,53.15,46974.0
12:38,53.14,53.17,53.14,53.17,23561.0
12:39,53.15,53.15,53.13,53.15,27511.0
12:40,53.15,53.15,53.13,53.15,34790.0
12:41,53.15,53.15,53.13,53.15,14569.0
12:42,53.16,53.18,53.15,53.15,85858.0
12:43,53.17,53.17,53.15,53.15,57694.0
12:44,53.16,53.17,53.15,53.17,25832.0
12:45,53.17,53.19,53.15,53.16,105221.0
12:46,53.18,53.18,53.15,53.17,20056.0
12:47,53.21,53.21,53.18,53.19,42646.0
12:48,53.22,53.22,53.2,53.21,32032.0
12:49,53.21,53.22,53.2,53.22,23235.0
12:50,53.19,53.22,53.18,53.22,69772.0
12:51,53.2,53.21,53.19,53.19,85692.0
12:52,53.22,53.23,53.2,53.2,40755.0
12:53,53.24,53.24,53.22,53.22,34963.0
12:54,53.24,53.24,53.22,53.24,70701.0
12:55,53.24,53.26,53.24,53.24,41118.0
12:56,53.22,53.26,53.22,53.25,41838.0
12:57,53.21,53.22,53.19,53.22,36322.0
12:58,53.21,53.21,53.21,53.21,23143.0
12:59,53.21,53.22,53.19,53.21,29189.0
13:00,53.19,53.2,53.17,53.2,65792.0
13:01,53.22,53.22,53.19,53.19,56145.0
13:02,53.15,53.22,53.15,53.22,137453.0
13:03,53.12,53.15,53.12,53.15,147535.0
13:04,53.1,53.12,53.1,53.12,41768.0
13:05,53.08,53.13,53.08,53.1,102334.0
13:06,53.07,53.09,53.06,53.08,51190.0
13:07,53.1,53.11,53.07,53.08,107689.0
13:08,53.12,53.13,53.1,53.1,26133.0
13:09,53.15,53.16,53.12,53.13,34268.0
13:10,53.15,53.16,53.15,53.15,52686.0
13:11,53.15,53.16,53.12,53.16,38941.0
13:12,53.15,53.16,53.13,53.14,39148.0
13:13,53.17,53.17,53.13,53.14,38084.0
13:14,53.19,53.21,53.17,53.17,55365.0
13:15,53.19,53.21,53.19,53.2,24300.0
13:16,53.19,53.19,53.17,53.19,60252.0
13:17,53.22,53.22,53.19,53.19,8743.0
13:18,53.22,53.23,53.21,53.22,11128.0
13:19,53.19,53.22,53.19,53.22,47394.0
13:20,53.17,53.21,53.15,53.19,53973.0
13:21,53.13,53.17,53.12,53.16,31162.0
13:22,53.17,53.18,53.13,53.13,72810.0
13:23,53.16,53.18,53.15,53.17,37312.0
13:24,53.19,53.19,53.16,53.16,22504.0
13:25,53.19,53.19,53.18,53.19,60325.0
13:26,53.2,53.2,53.19,53.19,49778.0
13:27,53.21,53.22,53.2,53.2,42050.0
13:28,53.22,53.22,53.21,53.21,20992.0
13:29,53.21,53.22,53.21,53.22,44184.0
13:30,53.21,53.21,53.2,53.21,18148.0
13:31,53.19,53.21,53.19,53.2,26288.0
13:32,53.2,53.21,53.18,53.19,32221.0
13:33,53.21,53.22,53.2,53.2,30436.0
13:34,53.21,53.22,53.21,53.21,30937.0
13:35,53.17,53.21,53.17,53.21,53268.0
13:36,53.17,53.19,53.17,53.18,27666.0
13:37,53.19,53.19,53.17,53.18,28365.0
13:38,53.21,53.21,53.19,53.19,16516.0
13:39,53.22,53.22,53.2,53.21,32238.0
13:40,53.19,53.23,53.19,53.22,166315.0
13:41,53.21,53.21,53.19,53.19,39201.0
13:42,53.21,53.21,53.21,53.21,4870.0
13:43,53.24,53.24,53.21,53.21,61497.0
13:44,53.26,53.27,53.23,53.23,112006.0
13:45,53.27,53.27,53.26,53.26,58359.0
13:46,53.28,53.28,53.26,53.27,54171.0
13:47,53.31,53.32,53.28,53.29,119347.0
13:48,53.3,53.31,53.3,53.31,16486.0
13:49,53.29,53.31,53.28,53.3,36039.0
13:50,53.26,53.3,53.26,53.29,55078.0
13:51,53.28,53.29,53.25,53.26,80955.0
13:52,53.29,53.3,53.28,53.28,23798.0
13:53,53.31,53.31,53.28,53.29,38116.0
13:54,53.31,53.31,53.29,53.3,31235.0
13:55,53.26,53.31,53.24,53.31,70647.0
13:56,53.24,53.25,53.22,53.25,30922.0
13:57,53.24,53.26,53.24,53.25,18077.0
13:58,53.22,53.25,53.22,53.25,26687.0
13:59,53.24,53.24,53.22,53.22,26662.0
14:00,53.26,53.27,53.23,53.23,43577.0
14:01,53.26,53.28,53.26,53.26,35995.0
14:02,53.26,53.27,53.24,53.27,119143.0
14:03,53.26,53.26,53.24,53.26,92709.0
14:04,53.23,53.26,53.22,53.26,82625.0
14:05,53.26,53.26,53.23,53.23,76804.0
14:06,53.24,53.26,53.23,53.26,103155.0
14:07,53.19,53.24,53.19,53.24,82938.0
14:08,53.2,53.21,53.17,53.19,29565.0
14:09,53.2,53.22,53.2,53.21,76773.0
14:10,53.18,53.2,53.18,53.2,59681.0
14:11,53.19,53.21,53.17,53.18,119411.0
14:12,53.2,53.2,53.18,53.18,39854.0
14:13,53.15,53.19,53.15,53.19,28636.0
14:14,53.12,53.16,53.12,53.16,42820.0
14:15,53.12,53.12,53.06,53.12,66071.0
14:16,53.13,53.16,53.12,53.12,71303.0
14:17,53.16,53.17,53.13,53.14,24170.0
14:18,53.17,53.17,53.15,53.17,28418.0
14:19,53.17,53.18,53.15,53.17,51664.0
14:20,53.19,53.2,53.17,53.17,66146.0
14:21,53.19,53.19,53.17,53.19,52733.0
14:22,53.21,53.21,53.19,53.19,38593.0
14:23,53.19,53.2,53.19,53.2,39586.0
14:24,53.19,53.2,53.19,53.19,17598.0
14:25,53.21,53.21,53.19,53.19,28567.0
14:26,53.21,53.23,53.2,53.21,77603.0
14:27,53.24,53.24,53.22,53.22,44017.0
14:28,53.24,53.24,53.22,53.24,28524.0
14:29,53.22,53.24,53.22,53.24,47412.0
14:30,53.26,53.26,53.22,53.22,28329.0
14:31,53.22,53.25,53.22,53.25,51566.0
14:32,53.19,53.23,53.19,53.23,40838.0
14:33,53.2,53.2,53.17,53.19,28105.0
14:34,53.18,53.21,53.17,53.19,54232.0
14:35,53.19,53.2,53.17,53.17,29574.0
14:36,53.19,53.19,53.18,53.19,48381.0
14:37,53.15,53.19,53.14,53.18,38711.0
14:38,53.15,53.15,53.13,53.15,33784.0
14:39,53.13,53.15,53.12,53.14,35902.0
14:40,53.14,53.15,53.13,53.13,99998.0
14:41,53.15,53.16,53.13,53.13,55394.0
14:42,53.16,53.18,53.15,53.16,69157.0
14:43,53.16,53.19,53.16,53.17,105788.0
14:44,53.15,53.16,53.15,53.16,26732.0
14:45,53.17,53.19,53.15,53.15,71391.0
14:46,53.17,53.17,53.15,53.17,52393.0
14:47,53.18,53.18,53.17,53.17,23519.0
14:48,53.15,53.19,53.15,53.18,109928.0
14:49,53.13,53.15,53.09,53.14,247390.0
14:50,53.09,53.14,53.08,53.14,76466.0
14:51,53.1,53.1,53.08,53.1,94285.0
14:52,53.1,53.1,53.08,53.1,46071.0
14:53,53.08,53.1,53.08,53.1,25583.0
14:54,53.12,53.13,53.08,53.08,39893.0
14:55,53.12,53.13,53.11,53.12,58184.0
14:56,53.08,53.12,53.08,53.12,97311.0
14:57,53.04,53.08,53.04,53.08,73082.0
14:58,53.07,53.07,53.03,53.04,51482.0
14:59,53.08,53.08,53.07,53.08,9980.0
15:00,53.06,53.08,53.06,53.07,55074.0
15:01,53.06,53.06,53.03,53.06,98855.0
15:02,53.12,53.12,53.07,53.07,69641.0
15:03,53.15,53.16,53.12,53.13,43532.0
15:04,53.15,53.16,53.15,53.15,59230.0
15:05,53.1,53.15,53.1,53.15,78928.0
15:06,53.12,53.12,53.1,53.1,69160.0
15:07,53.15,53.15,53.11,53.11,44259.0
15:08,53.14,53.16,53.14,53.15,94377.0
15:09,53.15,53.17,53.15,53.15,36892.0
15:10,53.15,53.15,53.14,53.15,57451.0
15:11,53.13,53.15,53.12,53.15,69541.0
15:12,53.16,53.16,53.13,53.13,42807.0
15:13,53.14,53.17,53.14,53.16,123198.0
15:14,53.13,53.14,53.13,53.14,22657.0
15:15,53.12,53.14,53.12,53.13,32738.0
15:16,53.13,53.15,53.12,53.12,84662.0
15:17,53.13,53.15,53.13,53.13,96990.0
15:18,53.15,53.15,53.13,53.13,57407.0
15:19,53.15,53.16,53.14,53.15,102842.0
15:20,53.12,53.15,53.12,53.15,110081.0
15:21,53.09,53.15,53.08,53.12,163153.0
15:22,53.06,53.09,53.06,53.09,47169.0
15:23,53.1,53.12,53.07,53.07,92725.0
15:24,53.1,53.12,53.1,53.11,51721.0
15:25,53.1,53.12,53.09,53.1,74815.0
15:26,53.09,53.13,53.09,53.1,78423.0
15:27,53.07,53.1,53.06,53.1,82679.0
15:28,53.03,53.09,53.03,53.07,83509.0
15:29,53.0,53.04,53.0,53.04,143059.0
15:30,53.06,53.07,53.01,53.01,89265.0
15:31,53.04,53.08,53.03,53.07,106303.0
15:32,53.03,53.05,53.02,53.05,71610.0
15:33,53.03,53.05,53.02,53.04,54827.0
15:34,53.01,53.03,53.0,53.03,69180.0
15:35,52.98,53.01,52.98,53.01,87438.0
15:36,52.99,53.0,52.98,52.99,56473.0
15:37,52.99,53.0,52.98,52.99,96060.0
15:38,52.99,53.0,52.98,52.99,65115.0
15:39,52.98,53.0,52.98,52.99,84584.0
15:40,52.99,52.99,52.97,52.98,67259.0
15:41,52.99,53.01,52.99,52.99,83171.0
15:42,52.99,53.0,52.99,52.99,16520.0
15:43,52.99,53.0,52.98,52.99,99075.0
15:44,52.97,52.99,52.97,52.99,80482.0
15:45,53.0,53.01,52.97,52.97,101787.0
15:46,52.97,53.01,52.97,53.01,132196.0
15:47,52.94,52.97,52.94,52.97,108748.0
15:48,52.98,52.98,52.94,52.94,77135.0
15:49,52.94,52.98,52.93,52.97,120912.0
15:50,52.95,52.96,52.87,52.94,211908.0
15:51,53.01,53.01,52.96,52.96,322781.0
15:52,52.99,53.02,52.98,53.01,350089.0
15:53,52.99,52.99,52.96,52.99,186978.0
15:54,52.97,52.99,52.95,52.98,220182.0
15:55,52.94,52.99,52.94,52.97,379529.0
15:56,53.01,53.02,52.94,52.94,373784.0
15:57,53.0,53.02,52.99,53.01,532015.0
15:58,52.97,53.01,52.97,53.0,421766.0
15:59,53.03,53.07,52.94,52.97,1417691.0
