Time,Close,High,Low,Open,Volume
09:30,50.09,50.15,49.99,50.14,1187689.0
09:31,50.15,50.18,50.06,50.08,75228.0
09:32,50.19,50.2,50.07,50.13,48545.0
09:33,50.27,50.33,50.19,50.2,97125.0
09:34,50.22,50.28,50.22,50.28,54636.0
09:35,50.26,50.28,50.22,50.22,31239.0
09:36,50.35,50.35,50.26,50.26,39531.0
09:37,50.29,50.35,50.28,50.35,79310.0
09:38,50.34,50.35,50.3,50.3,87839.0
09:39,50.31,50.35,50.27,50.34,81889.0
09:40,50.35,50.37,50.31,50.32,141555.0
09:41,50.34,50.38,50.33,50.35,75003.0
09:42,50.31,50.36,50.28,50.34,40016.0
09:43,50.36,50.37,50.31,50.31,50624.0
09:44,50.39,50.4,50.35,50.35,94071.0
09:45,50.36,50.4,50.28,50.38,150933.0
09:46,50.46,50.47,50.36,50.36,62389.0
09:47,50.41,50.44,50.41,50.44,52232.0
09:48,50.47,50.48,50.4,50.42,83606.0
09:49,50.48,50.51,50.46,50.47,131586.0
09:50,50.45,50.5,50.45,50.49,87499.0
09:51,50.5,50.51,50.46,50.46,55968.0
09:52,50.52,50.52,50.47,50.51,72915.0
09:53,50.51,50.53,50.49,50.51,59823.0
09:54,50.49,50.52,50.49,50.5,36156.0
09:55,50.47,50.49,50.45,50.49,48374.0
09:56,50.52,50.53,50.47,50.47,54751.0
09:57,50.56,50.58,50.51,50.52,107490.0
09:58,50.56,50.58,50.55,50.56,69849.0
09:59,50.54,50.57,50.54,50.56,101146.0
10:00,50.53,50.57,50.5,50.54,123307.0
10:01,50.57,50.58,50.51,50.53,55480.0
10:02,50.58,50.6,50.56,50.57,48464.0
10:03,50.59,50.62,50.55,50.58,123183.0
10:04,50.56,50.6,50.56,50.59,47010.0
10:05,50.6,50.6,50.56,50.56,70972.0
10:06,50.6,50.6,50.56,50.59,63330.0
10:07,50.58,50.6,50.56,50.6,80916.0
10:08,50.62,50.62,50.57,50.58,41461.0
10:09,50.62,50.63,50.61,50.62,251869.0
10:10,50.63,50.64,50.61,50.62,81575.0
10:11,50.64,50.65,50.62,50.62,42027.0
10:12,50.64,50.66,50.62,50.63,47740.0
10:13,50.63,50.65,50.62,50.65,19151.0
10:14,50.58,50.63,50.58,50.63,39962.0
10:15,50.61,50.62,50.56,50.58,47760.0
10:16,50.61,50.62,50.58,50.61,52020.0
10:17,50.6,50.64,50.6,50.62,66944.0
10:18,50.57,50.62,50.56,50.6,261442.0
10:19,50.6,50.6,50.57,50.57,34862.0
10:20,50.58,50.62,50.58,50.6,48993.0
10:21,50.58,50.61,50.58,50.58,21047.0
10:22,50.56,50.6,50.56,50.58,32817.0
10:23,50.56,50.6,50.56,50.57,58769.0
10:24,50.61,50.62,50.56,50.56,42662.0
10:25,50.64,50.65,50.61,50.62,36002.0
10:26,50.62,50.65,50.62,50.63,27565.0
10:27,50.64,50.64,50.6,50.62,23819.0
10:28,50.64,50.65,50.62,50.63,41926.0
10:29,50.65,50.65,50.62,50.64,26389.0
10:30,50.65,50.66,50.65,50.65,34448.0
10:31,50.66,50.67,50.65,50.65,22769.0
10:32,50.65,50.67,50.65,50.66,36493.0
10:33,50.67,50.69,50.66,50.67,108296.0
10:34,50.68,50.72,50.68,50.68,180098.0
10:35,50.7,50.7,50.67,50.68,107892.0
10:36,50.71,50.71,50.69,50.69,68154.0
10:37,50.72,50.73,50.7,50.71,30220.0
10:38,50.72,50.74,50.72,50.73,101894.0
10:39,50.72,50.76,50.72,50.72,74802.0
10:40,50.74,50.75,50.72,50.72,39733.0
10:41,50.76,50.76,50.73,50.74,50693.0
10:42,50.79,50.79,50.76,50.76,110888.0
10:43,50.83,50.83,50.78,50.79,85772.0
10:44,50.85,50.86,50.82,50.82,101994.0
10:45,50.83,50.86,50.82,50.85,156596.0
10:46,50.83,50.84,50.82,50.83,200796.0
10:47,50.87,50.87,50.83,50.83,119410.0
10:48,50.86,50.87,50.83,50.86,82205.0
10:49,50.87,50.88,50.85,50.85,147121.0
10:50,50.85,50.88,50.85,50.87,147227.0
10:51,50.88,50.89,50.85,50.85,122317.0
10:52,50.9,50.9,50.88,50.88,90704.0
10:53,50.92,50.93,50.88,50.9,150674.0
10:54,50.95,50.95,50.92,50.92,47533.0
10:55,50.96,50.96,50.94,50.94,91443.0
10:56,50.93,50.96,50.92,50.96,138497.0
10:57,50.9,50.95,50.9,50.94,193547.0
10:58,50.85,50.89,50.84,50.89,247594.0
10:59,50.85,50.85,50.83,50.85,67101.0
11:00,50.86,50.88,50.83,50.85,145298.0
11:01,50.84,50.88,50.83,50.87,88134.0
11:02,50.83,50.86,50.79,50.84,122313.0
11:03,50.83,50.85,50.83,50.84,30253.0
11:04,50.83,50.83,50.81,50.83,87460.0
11:05,50.78,50.85,50.78,50.83,67201.0
11:06,50.79,50.82,50.76,50.78,58333.0
11:07,50.78,50.8,50.76,50.79,75995.0
11:08,50.76,50.79,50.74,50.78,63025.0
11:09,50.76,50.78,50.75,50.76,43566.0
11:10,50.76,50.77,50.76,50.76,119275.0
11:11,50.78,50.78,50.73,50.75,80362.0
11:12,50.78,50.8,50.77,50.78,61254.0
11:13,50.75,50.78,50.74,50.78,47273.0
11:14,50.75,50.78,50.75,50.75,44423.0
11:15,50.76,50.78,50.75,50.76,40641.0
11:16,50.76,50.79,50.76,50.76,73848.0
11:17,50.8,50.8,50.76,50.77,41615.0
11:18,50.83,50.84,50.8,50.8,55040.0
11:19,50.79,50.83,50.79,50.83,116842.0
11:20,50.83,50.83,50.79,50.8,32740.0
11:21,50.81,50.83,50.79,50.82,60343.0
11:22,50.8,50.82,50.8,50.81,40125.0
11:23,50.8,50.81,50.79,50.8,52356.0
11:24,50.8,50.81,50.79,50.8,40374.0
11:25,50.82,50.83,50.8,50.8,28697.0
11:26,50.83,50.84,50.82,50.82,55835.0
11:27,50.81,50.85,50.81,50.84,78371.0
11:28,50.79,50.82,50.79,50.81,39921.0
11:29,50.81,50.81,50.78,50.79,57202.0
11:30,50.82,50.83,50.79,50.81,101322.0
11:31,50.8,50.82,50.8,50.81,45528.0
11:32,50.77,50.8,50.75,50.8,74362.0
11:33,50.77,50.79,50.76,50.77,37554.0
11:34,50.77,50.78,50.77,50.78,26600.0
11:35,50.75,50.78,50.74,50.78,79841.0
11:36,50.72,50.76,50.72,50.74,57994.0
11:37,50.73,50.75,50.72,50.73,19920.0
11:38,50.72,50.74,50.71,50.74,47579.0
11:39,50.72,50.72,50.7,50.72,66010.0
11:40,50.7,50.72,50.69,50.72,47159.0
11:41,50.7,50.72,50.7,50.71,33404.0
11:42,50.71,50.72,50.69,50.71,34991.0
11:43,50.7,50.72,50.69,50.71,43875.0
11:44,50.7,50.72,50.7,50.71,18928.0
11:45,50.72,50.72,50.7,50.7,16934.0
11:46,50.69,50.73,50.69,50.72,39146.0
11:47,50.68,50.7,50.67,50.7,29657.0
11:48,50.69,50.69,50.66,50.68,22648.0
11:49,50.69,50.69,50.67,50.68,30167.0
11:50,50.67,50.7,50.67,50.69,27794.0
11:51,50.65,50.7,50.65,50.68,36971.0
11:52,50.7,50.7,50.65,50.65,35339.0
11:53,50.69,50.69,50.67,50.69,34002.0
11:54,50.72,50.72,50.69,50.69,29784.0
11:55,50.72,50.73,50.72,50.72,15055.0
11:56,50.72,50.74,50.72,50.72,35789.0
11:57,50.72,50.74,50.71,50.73,21859.0
11:58,50.72,50.72,50.72,50.72,24387.0
11:59,50.72,50.74,50.71,50.72,34943.0
12:00,50.74,50.74,50.72,50.72,28353.0
12:01,50.74,50.75,50.73,50.74,35754.0
12:02,50.74,50.75,50.72,50.74,39068.0
12:03,50.75,50.76,50.72,50.74,110945.0
12:04,50.76,50.77,50.75,50.75,59310.0
12:05,50.75,50.76,50.74,50.76,51318.0
12:06,50.72,50.75,50.72,50.74,53460.0
12:07,50.74,50.75,50.72,50.72,45929.0
12:08,50.72,50.74,50.72,50.74,32590.0
12:09,50.74,50.75,50.72,50.73,48312.0
12:10,50.74,50.76,50.73,50.74,33809.0
12:11,50.72,50.74,50.71,50.74,38642.0
12:12,50.74,50.74,50.72,50.72,32592.0
12:13,50.73,50.74,50.73,50.73,9763.0
12:14,50.67,50.73,50.67,50.73,82027.0
12:15,50.71,50.72,50.66,50.67,129295.0
12:16,50.72,50.72,50.71,50.72,17697.0
12:17,50.72,50.72,50.71,50.72,12567.0
12:18,50.72,50.73,50.71,50.72,20264.0
12:19,50.72,50.74,50.72,50.72,43157.0
12:20,50.74,50.74,50.72,50.72,61254.0
12:21,50.74,50.75,50.72,50.73,25380.0
12:22,50.75,50.76,50.74,50.74,27944.0
12:23,50.76,50.76,50.73,50.74,30158.0
12:24,50.76,50.77,50.74,50.76,46458.0
12:25,50.74,50.76,50.74,50.76,37148.0
12:26,50.74,50.76,50.74,50.74,21135.0
12:27,50.76,50.76,50.74,50.74,12987.0
12:28,50.76,50.76,50.76,50.76,16655.0
12:29,50.74,50.76,50.74,50.76,50908.0
12:30,50.72,50.74,50.72,50.74,14298.0
12:31,50.72,50.73,50.72,50.72,26542.0
12:32,50.74,50.74,50.73,50.73,23870.0
12:33,50.72,50.74,50.72,50.74,19093.0
12:34,50.72,50.73,50.72,50.72,46325.0
12:35,50.7,50.72,50.69,50.71,18200.0
12:36,50.71,50.71,50.69,50.69,17166.0
12:37,50.73,50.74,50.71,50.71,31659.0
12:38,50.76,50.76,50.73,50.73,49871.0
12:39,50.75,50.76,50.74,50.76,54165.0
12:40,50.72,50.76,50.72,50.74,52184.0
12:41,50.72,50.73,50.7,50.72,23948.0
12:42,50.74,50.74,50.72,50.72,37818.0
12:43,50.76,50.76,50.74,50.74,29137.0
12:44,50.74,50.75,50.74,50.75,24024.0
12:45,50.74,50.76,50.74,50.74,45511.0
12:46,50.73,50.74,50.73,50.74,28021.0
12:47,50.72,50.74,50.72,50.73,34495.0
12:48,50.72,50.73,50.72,50.72,20536.0
12:49,50.74,50.75,50.72,50.72,27488.0
12:50,50.74,50.74,50.73,50.74,14195.0
12:51,50.73,50.74,50.73,50.74,13257.0
12:52,50.72,50.72,50.71,50.72,33265.0
12:53,50.69,50.73,50.69,50.72,32024.0
12:54,50.71,50.72,50.69,50.7,19438.0
12:55,50.69,50.71,50.68,50.71,33896.0
12:56,50.69,50.7,50.69,50.69,24261.0
12:57,50.69,50.69,50.67,50.68,25635.0
12:58,50.69,50.7,50.68,50.69,28741.0
12:59,50.69,50.7,50.67,50.69,34429.0
13:00,50.65,50.68,50.65,50.68,68548.0
13:01,50.67,50.67,50.65,50.65,21752.0
13:02,50.67,50.68,50.66,50.67,42152.0
13:03,50.69,50.69,50.67,50.68,38020.0
13:04,50.68,50.68,50.67,50.68,21033.0
13:05,50.68,50.69,50.67,50.68,30364.0
13:06,50.67,50.69,50.66,50.68,16899.0
13:07,50.67,50.68,50.66,50.67,73123.0
13:08,50.67,50.68,50.67,50.67,14886.0
13:09,50.69,50.71,50.67,50.68,28791.0
13:10,50.72,50.72,50.69,50.69,43755.0
13:11,50.72,50.73,50.71,50.72,20857.0
13:12,50.74,50.74,50.72,50.72,37015.0
13:13,50.73,50.74,50.72,50.74,26100.0
13:14,50.72,50.72,50.71,50.72,10643.0
13:15,50.71,50.72,50.7,50.72,11878.0
13:16,50.73,50.73,50.71,50.71,27646.0
13:17,50.73,50.74,50.72,50.73,16794.0
13:18,50.72,50.74,50.72,50.73,32716.0
13:19,50.72,50.74,50.72,50.73,18359.0
13:20,50.72,50.72,50.71,50.72,32680.0
13:21,50.74,50.75,50.72,50.72,29538.0
13:22,50.74,50.75,50.74,50.74,62795.0
13:23,50.75,50.76,50.74,50.74,94007.0
13:24,50.75,50.76,50.74,50.74,30866.0
13:25,50.75,50.77,50.75,50.76,32456.0
13:26,50.76,50.76,50.75,50.76,25822.0
13:27,50.73,50.76,50.73,50.76,28435.0
13:28,50.71,50.73,50.71,50.73,19303.0
13:29,50.71,50.71,50.69,50.71,34191.0
13:30,50.74,50.74,50.71,50.71,50349.0
13:31,50.74,50.74,50.72,50.74,22896.0
13:32,50.74,50.74,50.73,50.74,15625.0
13:33,50.75,50.75,50.73,50.73,13779.0
13:34,50.74,50.74,50.73,50.74,65972.0
13:35,50.76,50.76,50.74,50.74,30607.0
13:36,50.76,50.76,50.75,50.76,4768.0
13:37,50.75,50.76,50.75,50.76,6096.0
13:38,50.74,50.76,50.74,50.75,38418.0
13:39,50.74,50.75,50.73,50.73,33550.0
13:40,50.75,50.76,50.74,50.74,49770.0
13:41,50.74,50.76,50.74,50.76,19084.0
13:42,50.74,50.75,50.74,50.74,25657.0
13:43,50.74,50.75,50.74,50.74,4367.0
13:44,50.74,50.75,50.74,50.74,7145.0
13:45,50.74,50.76,50.73,50.74,42684.0
13:46,50.73,50.74,50.73,50.73,18739.0
13:47,50.74,50.74,50.72,50.74,23788.0
13:48,50.73,50.73,50.72,50.72,52309.0
13:49,50.74,50.74,50.72,50.72,21114.0
13:50,50.74,50.75,50.74,50.74,13004.0
13:51,50.72,50.74,50.72,50.74,27089.0
13:52,50.72,50.74,50.72,50.73,25115.0
13:53,50.73,50.73,50.72,50.72,26199.0
13:54,50.72,50.73,50.71,50.72,15511.0
13:55,50.71,50.73,50.71,50.72,15892.0
13:56,50.72,50.73,50.72,50.72,20815.0
13:57,50.72,50.73,50.72,50.72,7113.0
13:58,50.72,50.72,50.71,50.72,43566.0
13:59,50.74,50.74,50.72,50.72,15793.0
14:00,50.74,50.75,50.73,50.74,53009.0
14:01,50.74,50.74,50.72,50.73,26726.0
14:02,50.74,50.74,50.72,50.73,37324.0
14:03,50.74,50.74,50.72,50.73,24820.0
14:04,50.72,50.74,50.72,50.74,29326.0
14:05,50.69,50.72,50.68,50.72,33916.0
14:06,50.67,50.68,50.65,50.68,58181.0
14:07,50.65,50.67,50.65,50.67,31107.0
14:08,50.65,50.67,50.65,50.66,31307.0
14:09,50.65,50.65,50.63,50.65,48034.0
14:10,50.65,50.66,50.63,50.65,31771.0
14:11,50.65,50.67,50.64,50.65,26064.0
14:12,50.67,50.67,50.65,50.66,29393.0
14:13,50.67,50.67,50.65,50.66,32324.0
14:14,50.66,50.67,50.65,50.67,44414.0
14:15,50.65,50.67,50.65,50.65,51651.0
14:16,50.64,50.66,50.63,50.65,19713.0
14:17,50.62,50.64,50.62,50.64,23179.0
14:18,50.63,50.65,50.62,50.62,27413.0
14:19,50.62,50.64,50.62,50.63,29805.0
14:20,50.6,50.62,50.6,50.62,28120.0
14:21,50.6,50.6,50.59,50.6,30920.0
14:22,50.62,50.62,50.6,50.6,33306.0
14:23,50.62,50.63,50.61,50.62,40717.0
14:24,50.65,50.66,50.62,50.62,89100.0
14:25,50.67,50.68,50.65,50.65,51332.0
14:26,50.65,50.67,50.65,50.67,28219.0
14:27,50.64,50.66,50.63,50.65,50401.0
14:28,50.62,50.65,50.62,50.63,21665.0
14:29,50.62,50.63,50.62,50.62,20105.0
14:30,50.62,50.63,50.62,50.62,20973.0
14:31,50.62,50.63,50.62,50.62,40710.0
14:32,50.61,50.62,50.61,50.62,24900.0
14:33,50.61,50.62,50.6,50.61,29783.0
14:34,50.6,50.61,50.59,50.61,34226.0
14:35,50.6,50.61,50.59,50.59,38685.0
14:36,50.63,50.63,50.59,50.6,33840.0
14:37,50.62,50.64,50.62,50.62,40502.0
14:38,50.63,50.63,50.62,50.62,22308.0
14:39,50.63,50.64,50.62,50.62,25379.0
14:40,50.64,50.65,50.63,50.63,28628.0
14:41,50.63,50.65,50.62,50.65,31509.0
14:42,50.62,50.64,50.61,50.63,81023.0
14:43,50.61,50.62,50.61,50.62,40016.0
14:44,50.59,50.61,50.58,50.61,38654.0
14:45,50.61,50.61,50.58,50.58,56438.0
14:46,50.62,50.63,50.61,50.61,93405.0
14:47,50.62,50.63,50.62,50.62,38432.0
14:48,50.62,50.63,50.61,50.62,20600.0
14:49,50.61,50.62,50.61,50.62,29094.0
14:50,50.6,50.62,50.6,50.62,40454.0
14:51,50.58,50.62,50.58,50.6,83395.0
14:52,50.6,50.61,50.58,50.58,29118.0
14:53,50.6,50.61,50.6,50.6,20755.0
14:54,50.62,50.62,50.6,50.6,35177.0
14:55,50.63,50.64,50.61,50.62,25249.0
14:56,50.65,50.66,50.63,50.63,26213.0
14:57,50.65,50.67,50.65,50.65,52140.0
14:58,50.63,50.65,50.63,50.65,22840.0
14:59,50.62,50.65,50.61,50.63,49574.0
15:00,50.62,50.62,50.61,50.62,41932.0
15:01,50.62,50.63,50.61,50.62,35935.0
15:02,50.63,50.63,50.62,50.62,32704.0
15:03,50.64,50.65,50.63,50.63,58821.0
15:04,50.62,50.63,50.62,50.63,19408.0
15:05,50.65,50.65,50.62,50.62,58026.0
15:06,50.67,50.67,50.65,50.65,12797.0
15:07,50.67,50.67,50.65,50.67,34009.0
15:08,50.67,50.67,50.66,50.67,17702.0
15:09,50.65,50.67,50.65,50.67,24769.0
15:10,50.65,50.66,50.64,50.65,65775.0
15:11,50.65,50.66,50.64,50.66,33677.0
15:12,50.64,50.65,50.62,50.64,50196.0
15:13,50.64,50.64,50.63,50.63,16060.0
15:14,50.63,50.65,50.63,50.64,58868.0
15:15,50.65,50.65,50.63,50.64,71896.0
15:16,50.68,50.68,50.65,50.65,137830.0
15:17,50.68,50.7,50.67,50.68,100541.0
15:18,50.69,50.7,50.69,50.69,56333.0
15:19,50.68,50.69,50.68,50.69,40221.0
15:20,50.68,50.69,50.67,50.69,29344.0
15:21,50.67,50.69,50.67,50.68,36976.0
15:22,50.66,50.67,50.65,50.67,34725.0
15:23,50.67,50.67,50.65,50.65,41038.0
15:24,50.65,50.67,50.64,50.67,30336.0
15:25,50.65,50.66,50.64,50.65,39128.0
15:26,50.65,50.66,50.64,50.65,41611.0
15:27,50.64,50.66,50.64,50.65,29927.0
15:28,50.64,50.65,50.64,50.64,31607.0
15:29,50.67,50.67,50.63,50.65,63378.0
15:30,50.69,50.69,50.66,50.66,41781.0
15:31,50.71,50.71,50.68,50.69,41187.0
15:32,50.72,50.72,50.69,50.7,50152.0
15:33,50.74,50.74,50.71,50.72,77296.0
15:34,50.74,50.75,50.72,50.73,52348.0
15:35,50.74,50.75,50.74,50.74,31900.0
15:36,50.74,50.75,50.73,50.73,47090.0
15:37,50.75,50.76,50.75,50.76,105853.0
15:38,50.76,50.77,50.75,50.76,37400.0
15:39,50.74,50.76,50.74,50.75,55482.0
15:40,50.74,50.74,50.73,50.74,34749.0
15:41,50.74,50.74,50.73,50.73,73670.0
15:42,50.71,50.74,50.71,50.74,34796.0
15:43,50.71,50.72,50.71,50.72,51084.0
15:44,50.71,50.72,50.7,50.71,51863.0
15:45,50.72,50.73,50.7,50.71,74047.0
15:46,50.72,50.72,50.71,50.72,26380.0
15:47,50.72,50.72,50.71,50.72,36389.0
15:48,50.72,50.72,50.7,50.71,63678.0
15:49,50.72,50.73,50.71,50.72,51709.0
15:50,50.72,50.73,50.69,50.72,231041.0
15:51,50.72,50.72,50.7,50.72,79160.0
15:52,50.7,50.72,50.68,50.72,115413.0
15:53,50.73,50.73,50.7,50.7,111536.0
15:54,50.74,50.74,50.72,50.73,135495.0
15:55,50.74,50.75,50.71,50.74,241509.0
15:56,50.72,50.74,50.72,50.74,148545.0
15:57,50.74,50.76,50.72,50.73,428361.0
15:58,50.72,50.75,50.72,50.75,346670.0
15:59,50.73,50.75,50.72,50.73,732616.0
