Time,Close,High,Low,Open,Volume
09:30,52.95,53.07,52.93,53.0,459457.0
09:31,53.04,53.05,52.94,52.95,85647.0
09:32,52.91,53.06,52.9,53.04,70132.0
09:33,52.99,53.02,52.89,52.9,78985.0
09:34,53.03,53.03,52.94,52.99,35378.0
09:35,53.02,53.05,52.99,53.03,73503.0
09:36,53.21,53.22,53.01,53.02,119111.0
09:37,53.22,53.28,53.21,53.21,126307.0
09:38,53.07,53.24,53.06,53.22,132120.0
09:39,53.07,53.1,53.04,53.06,66128.0
09:40,53.03,53.08,52.99,53.06,103627.0
09:41,52.97,53.03,52.97,53.03,76474.0
09:42,52.97,52.98,52.94,52.97,82210.0
09:43,52.91,52.99,52.9,52.98,174467.0
09:44,52.89,52.95,52.88,52.91,69056.0
09:45,52.95,52.97,52.87,52.88,127865.0
09:46,52.94,52.95,52.91,52.95,91461.0
09:47,52.9,52.96,52.9,52.93,364999.0
09:48,52.9,52.92,52.88,52.9,154587.0
09:49,52.92,52.94,52.89,52.9,46118.0
09:50,52.88,52.92,52.84,52.92,63839.0
09:51,52.88,52.88,52.83,52.88,54792.0
09:52,52.85,52.9,52.85,52.88,36128.0
09:53,52.88,52.89,52.8,52.85,113003.0
09:54,52.89,52.9,52.85,52.88,40312.0
09:55,52.88,52.91,52.87,52.89,44535.0
09:56,52.9,52.94,52.87,52.88,273175.0
09:57,52.88,52.95,52.87,52.9,78815.0
09:58,52.88,52.9,52.88,52.88,19677.0
09:59,52.9,52.9,52.85,52.88,41717.0
10:00,52.91,52.92,52.88,52.89,153540.0
10:01,52.88,52.9,52.88,52.9,33251.0
10:02,52.9,52.91,52.87,52.88,57468.0
10:03,52.92,52.94,52.9,52.9,53941.0
10:04,52.91,52.92,52.9,52.92,24377.0
10:05,52.88,52.92,52.87,52.91,32837.0
10:06,52.89,52.92,52.88,52.88,48214.0
10:07,52.84,52.92,52.83,52.9,85363.0
10:08,52.85,52.91,52.83,52.83,89517.0
10:09,52.92,52.92,52.84,52.85,509831.0
10:10,52.92,52.94,52.91,52.92,47616.0
10:11,52.93,52.95,52.92,52.92,62199.0
10:12,52.87,52.92,52.86,52.92,61644.0
10:13,52.89,52.92,52.86,52.87,36522.0
10:14,52.88,52.91,52.88,52.9,38074.0
10:15,52.91,52.92,52.88,52.89,27067.0
10:16,52.97,52.97,52.9,52.91,34414.0
10:17,52.97,52.98,52.96,52.97,49510.0
10:18,52.97,52.99,52.95,52.97,58447.0
10:19,53.0,53.0,52.97,52.97,49841.0
10:20,53.01,53.01,52.99,53.0,26774.0
10:21,53.03,53.04,53.01,53.01,41456.0
10:22,53.04,53.06,53.02,53.03,34631.0
10:23,53.04,53.06,53.03,53.04,36233.0
10:24,53.05,53.06,53.04,53.04,20494.0
10:25,53.05,53.07,53.04,53.04,33697.0
10:26,53.02,53.06,53.01,53.05,37335.0
10:27,53.03,53.03,53.01,53.03,23173.0
10:28,53.05,53.05,53.01,53.03,30254.0
10:29,53.03,53.06,53.03,53.05,36152.0
10:30,53.05,53.06,53.04,53.04,29876.0
10:31,53.05,53.07,53.04,53.05,57013.0
10:32,53.02,53.05,53.02,53.05,33354.0
10:33,53.03,53.03,53.01,53.02,41109.0
10:34,53.01,53.03,53.01,53.02,94764.0
10:35,53.01,53.02,53.0,53.01,54123.0
10:36,53.01,53.02,53.0,53.01,142509.0
10:37,52.99,53.02,52.99,53.01,65381.0
10:38,52.99,53.0,52.97,52.99,161092.0
10:39,52.97,52.99,52.97,52.99,106586.0
10:40,52.97,52.97,52.96,52.97,95918.0
10:41,52.95,52.97,52.94,52.97,115137.0
10:42,52.95,52.96,52.93,52.96,63462.0
10:43,52.94,52.96,52.94,52.94,69798.0
10:44,52.93,52.95,52.92,52.94,76894.0
10:45,52.92,52.94,52.91,52.92,592749.0
10:46,52.9,52.91,52.89,52.91,69633.0
10:47,52.9,52.92,52.89,52.9,104262.0
10:48,52.9,52.91,52.88,52.9,68037.0
10:49,52.92,52.92,52.9,52.9,147700.0
10:50,52.9,52.93,52.9,52.91,184071.0
10:51,52.88,52.92,52.87,52.9,84575.0
10:52,52.88,52.9,52.88,52.88,105713.0
10:53,52.87,52.9,52.87,52.88,69075.0
10:54,52.88,52.88,52.86,52.86,130975.0
10:55,52.85,52.88,52.85,52.88,90736.0
10:56,52.81,52.87,52.81,52.85,231516.0
10:57,52.85,52.85,52.81,52.81,153120.0
10:58,52.79,52.85,52.79,52.85,91139.0
10:59,52.81,52.82,52.77,52.79,97169.0
11:00,52.83,52.83,52.8,52.81,102409.0
11:01,52.85,52.85,52.82,52.83,81207.0
11:02,52.86,52.86,52.84,52.85,71364.0
11:03,52.84,52.86,52.83,52.85,43108.0
11:04,52.82,52.84,52.81,52.84,68384.0
11:05,52.84,52.84,52.82,52.82,32653.0
11:06,52.85,52.86,52.83,52.83,69413.0
11:07,52.85,52.86,52.85,52.85,50249.0
11:08,52.83,52.87,52.82,52.85,74263.0
11:09,52.83,52.83,52.82,52.83,37782.0
11:10,52.81,52.84,52.81,52.83,56339.0
11:11,52.84,52.84,52.81,52.82,79969.0
11:12,52.85,52.85,52.83,52.84,38780.0
11:13,52.83,52.85,52.83,52.85,86334.0
11:14,52.83,52.85,52.82,52.84,23930.0
11:15,52.86,52.87,52.83,52.83,49928.0
11:16,52.85,52.86,52.85,52.85,33689.0
11:17,52.87,52.87,52.85,52.85,34132.0
11:18,52.85,52.88,52.85,52.87,60003.0
11:19,52.85,52.86,52.85,52.85,20463.0
11:20,52.81,52.85,52.81,52.85,41799.0
11:21,52.81,52.83,52.81,52.81,23853.0
11:22,52.79,52.81,52.78,52.81,32327.0
11:23,52.78,52.79,52.78,52.79,52364.0
11:24,52.74,52.78,52.73,52.78,200759.0
11:25,52.76,52.77,52.73,52.74,105536.0
11:26,52.78,52.78,52.76,52.76,20293.0
11:27,52.78,52.78,52.74,52.78,26850.0
11:28,52.8,52.8,52.77,52.78,13640.0
11:29,52.76,52.81,52.76,52.79,61868.0
11:30,52.75,52.77,52.75,52.76,23992.0
11:31,52.72,52.76,52.72,52.74,34426.0
11:32,52.72,52.74,52.72,52.73,19404.0
11:33,52.71,52.72,52.71,52.72,40985.0
11:34,52.69,52.72,52.69,52.71,26327.0
11:35,52.68,52.71,52.67,52.69,63476.0
11:36,52.67,52.69,52.67,52.68,38903.0
11:37,52.71,52.71,52.67,52.67,66545.0
11:38,52.62,52.71,52.61,52.7,42989.0
11:39,52.63,52.65,52.62,52.63,44158.0
11:40,52.61,52.64,52.61,52.63,27996.0
11:41,52.6,52.62,52.6,52.62,41279.0
11:42,52.65,52.66,52.6,52.6,57563.0
11:43,52.61,52.65,52.61,52.65,45266.0
11:44,52.58,52.61,52.56,52.61,90926.0
11:45,52.47,52.58,52.42,52.58,198889.0
11:46,52.37,52.49,52.37,52.47,241371.0
11:47,52.44,52.48,52.37,52.37,152451.0
11:48,52.46,52.47,52.42,52.44,139294.0
11:49,52.47,52.48,52.44,52.46,67281.0
11:50,52.44,52.46,52.42,52.45,129655.0
11:51,52.47,52.47,52.42,52.44,73067.0
11:52,52.47,52.49,52.45,52.47,77184.0
11:53,52.44,52.47,52.44,52.47,60082.0
11:54,52.44,52.44,52.42,52.44,53779.0
11:55,52.43,52.44,52.43,52.44,37845.0
11:56,52.42,52.43,52.41,52.43,103386.0
11:57,52.42,52.44,52.41,52.42,77238.0
11:58,52.43,52.44,52.41,52.42,88944.0
11:59,52.43,52.47,52.41,52.44,80906.0
12:00,52.44,52.46,52.43,52.43,38296.0
12:01,52.42,52.45,52.42,52.45,28468.0
12:02,52.44,52.45,52.43,52.43,19739.0
12:03,52.47,52.47,52.44,52.44,24547.0
12:04,52.47,52.48,52.44,52.47,39688.0
12:05,52.49,52.49,52.46,52.47,45526.0
12:06,52.53,52.54,52.49,52.49,35446.0
12:07,52.52,52.54,52.51,52.53,22628.0
12:08,52.51,52.53,52.51,52.52,77463.0
12:09,52.51,52.53,52.5,52.51,66336.0
12:10,52.47,52.5,52.46,52.5,53438.0
12:11,52.5,52.51,52.47,52.47,30018.0
12:12,52.51,52.51,52.49,52.49,19076.0
12:13,52.51,52.51,52.49,52.51,13947.0
12:14,52.52,52.52,52.49,52.5,28247.0
12:15,52.51,52.54,52.51,52.52,28499.0
12:16,52.49,52.51,52.49,52.51,27998.0
12:17,52.47,52.49,52.46,52.49,24061.0
12:18,52.44,52.47,52.44,52.47,40685.0
12:19,52.45,52.46,52.44,52.44,48064.0
12:20,52.44,52.46,52.44,52.45,70176.0
12:21,52.44,52.45,52.42,52.44,83079.0
12:22,52.38,52.44,52.38,52.43,64709.0
12:23,52.38,52.39,52.37,52.38,63544.0
12:24,52.36,52.37,52.34,52.37,60328.0
12:25,52.4,52.4,52.36,52.36,44187.0
12:26,52.42,52.43,52.39,52.4,51269.0
12:27,52.42,52.43,52.4,52.42,50339.0
12:28,52.42,52.43,52.41,52.42,24875.0
12:29,52.41,52.42,52.41,52.41,19791.0
12:30,52.47,52.55,52.39,52.42,205455.0
12:31,52.46,52.52,52.46,52.47,63028.0
12:32,52.52,52.53,52.46,52.46,33490.0
12:33,52.46,52.53,52.45,52.53,32414.0
12:34,52.47,52.48,52.46,52.46,12200.0
12:35,52.49,52.5,52.48,52.48,28641.0
12:36,52.47,52.5,52.47,52.49,20652.0
12:37,52.49,52.5,52.47,52.47,31278.0
12:38,52.47,52.5,52.47,52.48,24720.0
12:39,52.47,52.49,52.47,52.47,25335.0
12:40,52.47,52.47,52.46,52.46,22310.0
12:41,52.5,52.51,52.47,52.47,38833.0
12:42,52.5,52.5,52.49,52.5,23433.0
12:43,52.51,52.51,52.48,52.49,11641.0
12:44,52.51,52.53,52.51,52.51,27216.0
12:45,52.54,52.55,52.51,52.51,40977.0
12:46,52.56,52.56,52.54,52.54,45844.0
12:47,52.58,52.58,52.56,52.56,23057.0
12:48,52.56,52.59,52.56,52.58,42175.0
12:49,52.56,52.57,52.55,52.56,21287.0
12:50,52.55,52.56,52.55,52.56,30419.0
12:51,52.58,52.58,52.55,52.55,13428.0
12:52,52.58,52.6,52.58,52.58,21080.0
12:53,52.59,52.6,52.58,52.58,16020.0
12:54,52.59,52.6,52.58,52.59,23378.0
12:55,52.58,52.59,52.58,52.59,11479.0
12:56,52.62,52.62,52.59,52.59,16244.0
12:57,52.61,52.62,52.61,52.62,22125.0
12:58,52.6,52.62,52.6,52.62,26504.0
12:59,52.6,52.61,52.59,52.6,32910.0
13:00,52.6,52.61,52.59,52.6,35713.0
13:01,52.65,52.66,52.61,52.61,105469.0
13:02,52.64,52.65,52.64,52.65,20440.0
13:03,52.65,52.65,52.64,52.65,11852.0
13:04,52.65,52.65,52.64,52.64,23713.0
13:05,52.65,52.66,52.65,52.65,23230.0
13:06,52.66,52.66,52.65,52.66,13127.0
13:07,52.65,52.67,52.65,52.67,35582.0
13:08,52.66,52.67,52.66,52.66,16333.0
13:09,52.67,52.67,52.66,52.67,18860.0
13:10,52.67,52.67,52.65,52.67,43989.0
13:11,52.63,52.67,52.63,52.67,61702.0
13:12,52.64,52.65,52.62,52.63,32103.0
13:13,52.63,52.65,52.63,52.64,33058.0
13:14,52.6,52.63,52.6,52.63,28023.0
13:15,52.6,52.62,52.6,52.6,51021.0
13:16,52.6,52.61,52.6,52.6,22849.0
13:17,52.6,52.61,52.6,52.6,19479.0
13:18,52.58,52.61,52.58,52.61,18200.0
13:19,52.58,52.59,52.56,52.57,49317.0
13:20,52.59,52.59,52.56,52.58,12939.0
13:21,52.6,52.62,52.59,52.59,28686.0
13:22,52.6,52.61,52.59,52.6,25222.0
13:23,52.6,52.6,52.6,52.6,19379.0
13:24,52.6,52.63,52.6,52.6,26833.0
13:25,52.61,52.62,52.6,52.6,36912.0
13:26,52.62,52.62,52.6,52.6,11880.0
13:27,52.6,52.62,52.6,52.61,24545.0
13:28,52.6,52.61,52.6,52.6,16653.0
13:29,52.6,52.6,52.58,52.6,39816.0
13:30,52.61,52.61,52.59,52.6,14754.0
13:31,52.6,52.6,52.59,52.6,27064.0
13:32,52.6,52.61,52.58,52.6,23690.0
13:33,52.6,52.6,52.59,52.6,27033.0
13:34,52.6,52.61,52.59,52.6,33831.0
13:35,52.62,52.63,52.59,52.6,31971.0
13:36,52.63,52.63,52.61,52.62,32915.0
13:37,52.63,52.63,52.62,52.63,11816.0
13:38,52.62,52.63,52.62,52.63,18680.0
13:39,52.64,52.64,52.61,52.62,19600.0
13:40,52.63,52.64,52.62,52.64,27983.0
13:41,52.6,52.63,52.6,52.63,28262.0
13:42,52.61,52.62,52.6,52.6,25674.0
13:43,52.62,52.62,52.6,52.6,12697.0
13:44,52.65,52.65,52.62,52.62,21698.0
13:45,52.65,52.67,52.64,52.64,57198.0
13:46,52.65,52.67,52.65,52.66,31819.0
13:47,52.67,52.67,52.65,52.65,17295.0
13:48,52.69,52.7,52.67,52.67,21283.0
13:49,52.68,52.69,52.67,52.69,39666.0
13:50,52.71,52.71,52.67,52.67,27149.0
13:51,52.72,52.72,52.7,52.71,63768.0
13:52,52.7,52.72,52.7,52.72,18949.0
13:53,52.69,52.7,52.69,52.7,26510.0
13:54,52.71,52.71,52.67,52.69,38701.0
13:55,52.72,52.72,52.7,52.71,21948.0
13:56,52.72,52.74,52.72,52.72,34027.0
13:57,52.72,52.72,52.71,52.72,25281.0
13:58,52.71,52.72,52.69,52.72,52390.0
13:59,52.71,52.71,52.7,52.7,9928.0
14:00,52.73,52.73,52.71,52.71,22027.0
14:01,52.7,52.74,52.7,52.73,32860.0
14:02,52.72,52.72,52.71,52.71,21689.0
14:03,52.71,52.72,52.7,52.72,23709.0
14:04,52.72,52.72,52.7,52.71,23505.0
14:05,52.71,52.72,52.7,52.72,32957.0
14:06,52.69,52.71,52.67,52.71,88485.0
14:07,52.71,52.71,52.69,52.69,17661.0
14:08,52.72,52.72,52.7,52.71,13665.0
14:09,52.72,52.72,52.71,52.72,30154.0
14:10,52.72,52.73,52.71,52.71,44775.0
14:11,52.72,52.73,52.72,52.73,18817.0
14:12,52.72,52.73,52.72,52.72,18699.0
14:13,52.71,52.72,52.69,52.72,38564.0
14:14,52.72,52.73,52.7,52.71,13791.0
14:15,52.73,52.74,52.72,52.72,32668.0
14:16,52.71,52.73,52.71,52.72,23357.0
14:17,52.72,52.72,52.71,52.71,29524.0
14:18,52.74,52.74,52.72,52.73,17865.0
14:19,52.74,52.75,52.73,52.73,40944.0
14:20,52.75,52.75,52.74,52.75,14263.0
14:21,52.74,52.75,52.74,52.75,18226.0
14:22,52.74,52.75,52.72,52.74,55159.0
14:23,52.72,52.73,52.72,52.73,20124.0
14:24,52.71,52.73,52.71,52.73,22248.0
14:25,52.71,52.72,52.7,52.71,22505.0
14:26,52.69,52.71,52.69,52.7,66201.0
14:27,52.72,52.72,52.69,52.69,20226.0
14:28,52.69,52.72,52.69,52.72,68998.0
14:29,52.69,52.7,52.69,52.69,20069.0
14:30,52.69,52.71,52.67,52.69,104256.0
14:31,52.69,52.7,52.69,52.7,15864.0
14:32,52.71,52.71,52.69,52.7,32528.0
14:33,52.7,52.71,52.69,52.7,41004.0
14:34,52.7,52.71,52.69,52.7,20692.0
14:35,52.69,52.7,52.69,52.7,13762.0
14:36,52.71,52.71,52.69,52.7,23104.0
14:37,52.69,52.71,52.69,52.71,46604.0
14:38,52.69,52.7,52.68,52.69,58269.0
14:39,52.69,52.7,52.69,52.69,126508.0
14:40,52.72,52.73,52.69,52.69,60249.0
14:41,52.72,52.73,52.72,52.72,25065.0
14:42,52.72,52.73,52.72,52.72,14309.0
14:43,52.74,52.74,52.72,52.72,12008.0
14:44,52.73,52.74,52.73,52.74,30299.0
14:45,52.7,52.72,52.7,52.72,51629.0
14:46,52.71,52.72,52.7,52.71,25633.0
14:47,52.7,52.72,52.7,52.71,20949.0
14:48,52.72,52.72,52.7,52.71,16225.0
14:49,52.72,52.72,52.71,52.72,17603.0
14:50,52.72,52.72,52.71,52.72,25422.0
14:51,52.72,52.72,52.71,52.72,5962.0
14:52,52.71,52.72,52.7,52.72,23119.0
14:53,52.7,52.71,52.7,52.7,19080.0
14:54,52.72,52.72,52.7,52.7,19140.0
14:55,52.72,52.72,52.71,52.72,18840.0
14:56,52.7,52.72,52.69,52.72,63991.0
14:57,52.68,52.7,52.68,52.7,39191.0
14:58,52.69,52.71,52.68,52.68,71236.0
14:59,52.67,52.7,52.67,52.69,117717.0
15:00,52.67,52.68,52.66,52.67,50148.0
15:01,52.62,52.67,52.62,52.67,27135.0
15:02,52.65,52.66,52.62,52.62,65291.0
15:03,52.67,52.68,52.65,52.65,18496.0
15:04,52.67,52.69,52.67,52.68,27877.0
15:05,52.64,52.67,52.63,52.67,17666.0
15:06,52.64,52.64,52.62,52.63,47859.0
15:07,52.64,52.64,52.62,52.63,86997.0
15:08,52.64,52.64,52.63,52.64,83244.0
15:09,52.63,52.65,52.63,52.64,76662.0
15:10,52.65,52.65,52.63,52.63,44240.0
15:11,52.66,52.67,52.65,52.65,29847.0
15:12,52.65,52.67,52.64,52.67,26371.0
15:13,52.67,52.67,52.65,52.66,12315.0
15:14,52.67,52.68,52.66,52.67,24743.0
15:15,52.66,52.68,52.66,52.67,34243.0
15:16,52.69,52.69,52.66,52.67,31660.0
15:17,52.69,52.7,52.68,52.68,50874.0
15:18,52.69,52.69,52.68,52.69,15205.0
15:19,52.69,52.7,52.69,52.69,31613.0
15:20,52.69,52.69,52.69,52.69,17323.0
15:21,52.69,52.69,52.69,52.69,46472.0
15:22,52.69,52.69,52.68,52.69,12860.0
15:23,52.68,52.69,52.67,52.69,78882.0
15:24,52.67,52.68,52.66,52.67,55733.0
15:25,52.67,52.68,52.67,52.67,62696.0
15:26,52.71,52.71,52.67,52.67,90513.0
15:27,52.71,52.72,52.69,52.7,63464.0
15:28,52.76,52.76,52.72,52.72,187967.0
15:29,52.73,52.76,52.73,52.75,30418.0
15:30,52.71,52.73,52.7,52.73,107995.0
15:31,52.7,52.71,52.7,52.71,14317.0
15:32,52.7,52.71,52.69,52.7,36588.0
15:33,52.71,52.72,52.69,52.7,47085.0
15:34,52.72,52.72,52.71,52.71,34123.0
15:35,52.71,52.72,52.7,52.72,50155.0
15:36,52.7,52.71,52.7,52.71,34586.0
15:37,52.7,52.71,52.69,52.71,63354.0
15:38,52.68,52.7,52.67,52.69,126738.0
15:39,52.68,52.69,52.67,52.68,171105.0
15:40,52.68,52.68,52.66,52.68,97170.0
15:41,52.67,52.68,52.66,52.67,221956.0
15:42,52.67,52.68,52.66,52.67,103465.0
15:43,52.7,52.7,52.67,52.68,78985.0
15:44,52.7,52.71,52.69,52.7,63540.0
15:45,52.72,52.72,52.69,52.69,33369.0
15:46,52.73,52.73,52.71,52.72,38109.0
15:47,52.71,52.72,52.7,52.72,83043.0
15:48,52.72,52.72,52.7,52.71,30017.0
15:49,52.71,52.73,52.7,52.72,75999.0
15:50,52.69,52.71,52.68,52.7,243303.0
15:51,52.71,52.72,52.69,52.69,157499.0
15:52,52.73,52.73,52.71,52.71,47540.0
15:53,52.72,52.74,52.72,52.73,46151.0
15:54,52.76,52.76,52.72,52.72,50181.0
15:55,52.79,52.8,52.75,52.76,140061.0
15:56,52.83,52.84,52.78,52.78,195890.0
15:57,52.83,52.85,52.81,52.83,411289.0
15:58,52.85,52.85,52.82,52.82,271144.0
15:59,52.86,52.88,52.83,52.85,716526.0
