Time,Close,High,Low,Open,Volume
09:30,51.57,51.64,51.44,51.48,605938.0
09:31,51.57,51.72,51.53,51.57,151192.0
09:32,51.58,51.65,51.56,51.58,79460.0
09:33,51.63,51.63,51.5,51.57,70863.0
09:34,51.62,51.65,51.55,51.63,120103.0
09:35,51.72,51.72,51.58,51.63,64573.0
09:36,51.62,51.72,51.6,51.72,76168.0
09:37,51.58,51.61,51.54,51.61,188042.0
09:38,51.55,51.64,51.55,51.58,133745.0
09:39,51.54,51.58,51.51,51.56,62419.0
09:40,51.52,51.56,51.47,51.54,190571.0
09:41,51.56,51.56,51.47,51.52,146459.0
09:42,51.56,51.58,51.54,51.57,57461.0
09:43,51.56,51.6,51.53,51.56,90631.0
09:44,51.65,51.66,51.55,51.56,126477.0
09:45,51.76,51.76,51.64,51.64,157966.0
09:46,51.7,51.78,51.65,51.77,112221.0
09:47,51.72,51.79,51.71,51.71,214937.0
09:48,51.73,51.76,51.69,51.71,44354.0
09:49,51.73,51.75,51.72,51.73,37862.0
09:50,51.71,51.75,51.68,51.72,75676.0
09:51,51.69,51.78,51.69,51.71,153061.0
09:52,51.72,51.76,51.69,51.69,118567.0
09:53,51.71,51.72,51.67,51.72,96514.0
09:54,51.74,51.74,51.7,51.71,69523.0
09:55,51.76,51.78,51.72,51.74,92232.0
09:56,51.76,51.79,51.75,51.76,66684.0
09:57,51.78,51.78,51.74,51.76,54236.0
09:58,51.78,51.79,51.76,51.78,30865.0
09:59,51.83,51.83,51.74,51.78,84542.0
10:00,51.87,51.92,51.83,51.84,139091.0
10:01,51.97,51.97,51.86,51.86,77709.0
10:02,51.97,51.99,51.96,51.98,44165.0
10:03,52.01,52.01,51.96,51.97,113037.0
10:04,52.01,52.02,52.0,52.01,70891.0
10:05,52.03,52.03,52.0,52.01,67211.0
10:06,52.03,52.06,52.01,52.03,69519.0
10:07,52.08,52.09,52.03,52.03,74828.0
10:08,52.06,52.09,52.05,52.08,44078.0
10:09,52.08,52.09,52.06,52.06,48717.0
10:10,52.13,52.13,52.06,52.08,109658.0
10:11,52.12,52.14,52.1,52.13,67943.0
10:12,52.1,52.12,52.08,52.1,49838.0
10:13,52.14,52.15,52.1,52.1,70016.0
10:14,52.13,52.15,52.1,52.13,58663.0
10:15,52.19,52.19,52.13,52.13,58132.0
10:16,52.21,52.22,52.19,52.19,55269.0
10:17,52.17,52.21,52.16,52.21,23267.0
10:18,52.1,52.17,52.1,52.17,61187.0
10:19,52.1,52.11,52.08,52.1,35654.0
10:20,52.13,52.15,52.11,52.11,84292.0
10:21,52.1,52.13,52.08,52.13,121706.0
10:22,52.1,52.12,52.09,52.1,25809.0
10:23,52.12,52.13,52.1,52.1,34307.0
10:24,52.11,52.15,52.11,52.12,41443.0
10:25,52.14,52.15,52.1,52.12,66362.0
10:26,52.1,52.17,52.09,52.14,150118.0
10:27,52.08,52.11,52.05,52.1,66336.0
10:28,52.08,52.1,52.07,52.08,49387.0
10:29,52.1,52.12,52.07,52.08,42841.0
10:30,52.17,52.18,52.1,52.1,136343.0
10:31,52.14,52.18,52.14,52.17,45704.0
10:32,52.15,52.19,52.15,52.15,81343.0
10:33,52.19,52.19,52.15,52.16,60406.0
10:34,52.2,52.21,52.18,52.19,44375.0
10:35,52.23,52.24,52.2,52.21,108134.0
10:36,52.25,52.26,52.23,52.23,110539.0
10:37,52.26,52.28,52.24,52.24,65925.0
10:38,52.26,52.28,52.26,52.26,49649.0
10:39,52.24,52.27,52.24,52.26,67831.0
10:40,52.24,52.26,52.24,52.25,63427.0
10:41,52.31,52.31,52.24,52.24,128144.0
10:42,52.31,52.31,52.3,52.31,55994.0
10:43,52.31,52.33,52.31,52.31,38304.0
10:44,52.31,52.32,52.3,52.31,33769.0
10:45,52.29,52.31,52.28,52.31,71892.0
10:46,52.29,52.31,52.28,52.29,66674.0
10:47,52.3,52.3,52.27,52.29,66913.0
10:48,52.31,52.33,52.29,52.29,61014.0
10:49,52.31,52.31,52.29,52.3,34340.0
10:50,52.26,52.3,52.24,52.3,79751.0
10:51,52.26,52.28,52.24,52.26,60159.0
10:52,52.26,52.29,52.26,52.26,44770.0
10:53,52.26,52.28,52.24,52.27,43174.0
10:54,52.26,52.27,52.24,52.26,31509.0
10:55,52.28,52.3,52.26,52.26,36608.0
10:56,52.25,52.29,52.25,52.28,53535.0
10:57,52.26,52.26,52.22,52.25,51223.0
10:58,52.24,52.26,52.23,52.26,51810.0
10:59,52.24,52.26,52.23,52.24,40735.0
11:00,52.26,52.26,52.22,52.23,42701.0
11:01,52.25,52.29,52.25,52.26,75316.0
11:02,52.24,52.28,52.24,52.26,70950.0
11:03,52.24,52.26,52.23,52.25,37207.0
11:04,52.21,52.24,52.21,52.24,42174.0
11:05,52.21,52.21,52.19,52.21,44200.0
11:06,52.22,52.24,52.21,52.21,72961.0
11:07,52.2,52.23,52.2,52.22,136308.0
11:08,52.13,52.21,52.12,52.21,137708.0
11:09,52.11,52.13,52.1,52.13,35051.0
11:10,52.08,52.11,52.06,52.1,56576.0
11:11,52.12,52.12,52.08,52.08,113206.0
11:12,52.1,52.12,52.07,52.12,46853.0
11:13,52.11,52.12,52.08,52.11,47817.0
11:14,52.1,52.12,52.09,52.12,36840.0
11:15,52.08,52.11,52.08,52.09,34889.0
11:16,52.06,52.08,52.06,52.08,32532.0
11:17,52.1,52.1,52.06,52.06,43148.0
11:18,52.06,52.1,52.05,52.1,67280.0
11:19,52.06,52.06,52.04,52.06,28330.0
11:20,52.06,52.06,52.04,52.06,23665.0
11:21,52.01,52.06,52.01,52.06,37252.0
11:22,52.01,52.04,52.01,52.01,42068.0
11:23,52.01,52.02,52.0,52.01,14855.0
11:24,52.01,52.04,52.01,52.01,50456.0
11:25,52.03,52.04,52.01,52.01,34406.0
11:26,51.99,52.03,51.98,52.03,36213.0
11:27,52.01,52.01,51.98,51.98,39139.0
11:28,51.99,52.01,51.99,52.0,73646.0
11:29,52.03,52.03,51.98,51.99,51811.0
11:30,52.04,52.06,52.03,52.03,63195.0
11:31,52.04,52.06,52.01,52.04,32114.0
11:32,52.01,52.04,52.01,52.04,43121.0
11:33,52.03,52.03,52.0,52.01,39608.0
11:34,52.05,52.06,52.03,52.03,33129.0
11:35,52.12,52.12,52.06,52.06,40552.0
11:36,52.12,52.13,52.1,52.11,49252.0
11:37,52.08,52.12,52.08,52.12,24843.0
11:38,52.08,52.08,52.06,52.08,17663.0
11:39,52.11,52.11,52.08,52.08,30918.0
11:40,52.1,52.1,52.08,52.1,31152.0
11:41,52.08,52.11,52.08,52.11,41855.0
11:42,52.08,52.1,52.08,52.08,26178.0
11:43,52.13,52.13,52.08,52.09,33276.0
11:44,52.08,52.13,52.08,52.13,24921.0
11:45,52.1,52.1,52.05,52.08,94560.0
11:46,52.08,52.1,52.08,52.1,64274.0
11:47,52.08,52.09,52.06,52.08,35044.0
11:48,52.08,52.1,52.08,52.09,15647.0
11:49,52.08,52.09,52.08,52.08,25726.0
11:50,52.06,52.08,52.05,52.08,37064.0
11:51,52.04,52.08,52.04,52.06,21361.0
11:52,52.06,52.06,52.03,52.05,38825.0
11:53,52.02,52.07,52.02,52.06,39004.0
11:54,52.03,52.04,52.02,52.03,85760.0
11:55,52.04,52.04,52.02,52.03,23531.0
11:56,52.02,52.03,52.01,52.03,21895.0
11:57,52.0,52.03,52.0,52.02,23110.0
11:58,51.99,52.01,51.98,52.01,27829.0
11:59,51.97,51.99,51.97,51.99,37290.0
12:00,51.97,51.98,51.97,51.97,26907.0
12:01,51.97,51.99,51.94,51.96,55684.0
12:02,51.97,51.98,51.96,51.98,10883.0
12:03,51.96,51.97,51.96,51.97,35475.0
12:04,51.96,51.98,51.96,51.97,21102.0
12:05,51.95,51.97,51.94,51.96,27674.0
12:06,51.97,51.97,51.95,51.96,18464.0
12:07,51.94,51.97,51.94,51.97,14572.0
12:08,51.95,51.96,51.94,51.94,13354.0
12:09,51.97,51.97,51.94,51.95,12223.0
12:10,51.96,51.98,51.95,51.97,22723.0
12:11,51.96,51.97,51.95,51.96,27578.0
12:12,51.96,51.96,51.94,51.96,69931.0
12:13,51.96,51.96,51.94,51.96,13395.0
12:14,51.94,51.95,51.94,51.95,31614.0
12:15,51.99,51.99,51.95,51.95,23436.0
12:16,52.0,52.01,51.99,51.99,16864.0
12:17,51.99,52.0,51.97,51.99,26063.0
12:18,51.97,51.99,51.96,51.99,18287.0
12:19,51.97,51.99,51.97,51.97,44588.0
12:20,51.94,51.97,51.94,51.97,38307.0
12:21,51.92,51.95,51.92,51.94,31187.0
12:22,51.89,51.92,51.88,51.92,42242.0
12:23,51.88,51.89,51.88,51.89,28382.0
12:24,51.88,51.89,51.88,51.89,25922.0
12:25,51.9,51.91,51.88,51.89,33564.0
12:26,51.85,51.9,51.85,51.9,29854.0
12:27,51.85,51.86,51.84,51.85,112651.0
12:28,51.85,51.87,51.85,51.85,17785.0
12:29,51.87,51.87,51.84,51.85,21022.0
12:30,51.94,51.94,51.86,51.87,39257.0
12:31,51.93,51.95,51.92,51.94,28909.0
12:32,51.95,51.96,51.92,51.94,28757.0
12:33,51.95,51.97,51.93,51.95,33775.0
12:34,51.97,51.98,51.95,51.96,18926.0
12:35,51.96,51.97,51.96,51.97,22430.0
12:36,51.96,51.97,51.94,51.95,29309.0
12:37,51.98,51.98,51.95,51.96,41277.0
12:38,51.97,51.99,51.97,51.98,21974.0
12:39,51.98,51.99,51.97,51.97,18909.0
12:40,51.94,51.98,51.94,51.97,21105.0
12:41,51.96,51.96,51.94,51.94,21027.0
12:42,51.97,51.99,51.96,51.96,13154.0
12:43,51.97,51.97,51.96,51.97,13576.0
12:44,51.92,51.97,51.92,51.97,19052.0
12:45,51.93,51.94,51.91,51.92,17181.0
12:46,51.93,51.96,51.92,51.93,21963.0
12:47,51.92,51.94,51.92,51.93,17824.0
12:48,51.93,51.94,51.92,51.93,14387.0
12:49,51.91,51.93,51.9,51.93,26988.0
12:50,51.92,51.92,51.9,51.91,16000.0
12:51,51.9,51.92,51.9,51.92,15339.0
12:52,51.92,51.92,51.9,51.9,5742.0
12:53,51.9,51.92,51.9,51.91,15024.0
12:54,51.9,51.9,51.88,51.9,15445.0
12:55,51.91,51.92,51.9,51.91,15894.0
12:56,51.92,51.92,51.9,51.91,20123.0
12:57,51.91,51.93,51.91,51.92,8125.0
12:58,51.91,51.93,51.91,51.92,13899.0
12:59,51.92,51.92,51.9,51.92,11828.0
13:00,51.9,51.92,51.9,51.91,24131.0
13:01,51.9,51.91,51.88,51.9,23219.0
13:02,51.88,51.91,51.88,51.91,20781.0
13:03,51.89,51.9,51.88,51.88,23425.0
13:04,51.88,51.9,51.88,51.9,11686.0
13:05,51.9,51.9,51.88,51.88,19887.0
13:06,51.92,51.92,51.89,51.9,19675.0
13:07,51.92,51.93,51.9,51.92,57730.0
13:08,51.92,51.92,51.9,51.92,68486.0
13:09,51.89,51.92,51.88,51.91,11066.0
13:10,51.9,51.91,51.88,51.9,18989.0
13:11,51.89,51.9,51.88,51.89,18568.0
13:12,51.92,51.92,51.88,51.89,25070.0
13:13,51.92,51.93,51.91,51.91,15579.0
13:14,51.9,51.94,51.9,51.92,62710.0
13:15,51.88,51.9,51.87,51.9,31987.0
13:16,51.9,51.9,51.87,51.88,17636.0
13:17,51.92,51.92,51.9,51.9,7545.0
13:18,51.9,51.92,51.9,51.92,19630.0
13:19,51.89,51.92,51.88,51.9,17264.0
13:20,51.87,51.9,51.86,51.88,20954.0
13:21,51.83,51.87,51.81,51.87,80011.0
13:22,51.81,51.84,51.8,51.83,34684.0
13:23,51.78,51.82,51.78,51.81,41333.0
13:24,51.77,51.79,51.77,51.79,21869.0
13:25,51.83,51.84,51.77,51.77,22360.0
13:26,51.88,51.88,51.81,51.82,71323.0
13:27,51.88,51.88,51.86,51.88,33603.0
13:28,51.87,51.88,51.86,51.88,64290.0
13:29,51.86,51.87,51.85,51.87,19225.0
13:30,51.83,51.86,51.83,51.85,19086.0
13:31,51.85,51.86,51.83,51.84,12830.0
13:32,51.85,51.85,51.83,51.84,16372.0
13:33,51.85,51.86,51.84,51.85,13687.0
13:34,51.85,51.87,51.84,51.85,19525.0
13:35,51.84,51.85,51.83,51.84,14015.0
13:36,51.82,51.85,51.82,51.84,37571.0
13:37,51.85,51.85,51.82,51.83,17266.0
13:38,51.87,51.87,51.84,51.84,22612.0
13:39,51.85,51.86,51.83,51.85,21065.0
13:40,51.85,51.86,51.84,51.85,12186.0
13:41,51.87,51.87,51.85,51.85,19549.0
13:42,51.87,51.88,51.86,51.87,31079.0
13:43,51.87,51.87,51.85,51.87,15788.0
13:44,51.89,51.9,51.87,51.88,51301.0
13:45,51.87,51.9,51.87,51.9,32950.0
13:46,51.88,51.88,51.87,51.87,38763.0
13:47,51.87,51.88,51.86,51.88,27858.0
13:48,51.87,51.88,51.85,51.87,38983.0
13:49,51.83,51.87,51.82,51.87,27795.0
13:50,51.85,51.85,51.82,51.83,45996.0
13:51,51.83,51.85,51.82,51.85,28248.0
13:52,51.82,51.83,51.81,51.83,12215.0
13:53,51.84,51.85,51.82,51.82,26019.0
13:54,51.79,51.83,51.79,51.83,51604.0
13:55,51.79,51.82,51.79,51.79,35233.0
13:56,51.78,51.81,51.78,51.79,49469.0
13:57,51.76,51.79,51.76,51.79,47724.0
13:58,51.74,51.76,51.73,51.75,31718.0
13:59,51.74,51.76,51.74,51.74,18711.0
14:00,51.72,51.76,51.72,51.74,31429.0
14:01,51.72,51.76,51.71,51.72,28663.0
14:02,51.73,51.73,51.7,51.72,22223.0
14:03,51.71,51.74,51.69,51.74,85527.0
14:04,51.67,51.72,51.64,51.71,150659.0
14:05,51.71,51.72,51.65,51.67,51780.0
14:06,51.73,51.74,51.69,51.72,53432.0
14:07,51.67,51.74,51.67,51.73,37234.0
14:08,51.68,51.71,51.67,51.68,27046.0
14:09,51.66,51.68,51.65,51.67,23193.0
14:10,51.69,51.69,51.66,51.67,58553.0
14:11,51.69,51.69,51.67,51.69,161808.0
14:12,51.72,51.73,51.69,51.69,25455.0
14:13,51.72,51.72,51.71,51.72,25566.0
14:14,51.72,51.73,51.71,51.72,29333.0
14:15,51.73,51.73,51.71,51.72,27639.0
14:16,51.77,51.78,51.72,51.72,38269.0
14:17,51.79,51.79,51.77,51.78,6798.0
14:18,51.79,51.81,51.78,51.8,23728.0
14:19,51.79,51.8,51.78,51.79,35791.0
14:20,51.81,51.81,51.78,51.79,22245.0
14:21,51.83,51.83,51.81,51.81,21591.0
14:22,51.8,51.83,51.79,51.83,33713.0
14:23,51.79,51.81,51.78,51.79,18635.0
14:24,51.78,51.81,51.78,51.79,20166.0
14:25,51.82,51.82,51.78,51.78,26988.0
14:26,51.81,51.83,51.8,51.83,18150.0
14:27,51.79,51.81,51.79,51.8,14499.0
14:28,51.78,51.81,51.78,51.79,16268.0
14:29,51.8,51.8,51.78,51.79,11011.0
14:30,51.79,51.81,51.78,51.79,30796.0
14:31,51.79,51.81,51.79,51.79,22272.0
14:32,51.8,51.81,51.79,51.8,25032.0
14:33,51.78,51.79,51.76,51.79,30360.0
14:34,51.78,51.79,51.78,51.78,32352.0
14:35,51.76,51.79,51.76,51.79,26265.0
14:36,51.76,51.76,51.74,51.76,37750.0
14:37,51.78,51.78,51.76,51.76,22799.0
14:38,51.81,51.81,51.78,51.79,19692.0
14:39,51.81,51.81,51.79,51.81,19927.0
14:40,51.85,51.85,51.81,51.81,53881.0
14:41,51.85,51.87,51.84,51.85,22408.0
14:42,51.85,51.88,51.85,51.85,39442.0
14:43,51.86,51.87,51.84,51.85,30224.0
14:44,51.85,51.86,51.83,51.86,16442.0
14:45,51.83,51.85,51.83,51.85,19911.0
14:46,51.83,51.85,51.83,51.83,19954.0
14:47,51.83,51.85,51.83,51.83,18709.0
14:48,51.85,51.85,51.83,51.83,18973.0
14:49,51.86,51.88,51.85,51.86,29527.0
14:50,51.87,51.88,51.85,51.87,22206.0
14:51,51.88,51.88,51.86,51.87,20584.0
14:52,51.85,51.88,51.85,51.88,21306.0
14:53,51.85,51.88,51.85,51.86,64820.0
14:54,51.87,51.87,51.85,51.85,16622.0
14:55,51.88,51.88,51.86,51.86,25279.0
14:56,51.87,51.89,51.86,51.88,32660.0
14:57,51.85,51.87,51.85,51.87,28604.0
14:58,51.86,51.87,51.84,51.85,38750.0
14:59,51.83,51.86,51.83,51.85,12913.0
15:00,51.85,51.86,51.83,51.83,16067.0
15:01,51.85,51.85,51.83,51.85,41419.0
15:02,51.85,51.85,51.83,51.85,13012.0
15:03,51.85,51.85,51.83,51.84,19850.0
15:04,51.85,51.86,51.85,51.85,13299.0
15:05,51.88,51.88,51.85,51.85,16125.0
15:06,51.9,51.9,51.88,51.88,14682.0
15:07,51.9,51.9,51.89,51.9,21118.0
15:08,51.88,51.89,51.88,51.89,16231.0
15:09,51.87,51.89,51.87,51.88,15110.0
15:10,51.87,51.87,51.84,51.87,32030.0
15:11,51.88,51.88,51.86,51.87,15760.0
15:12,51.88,51.88,51.87,51.87,10083.0
15:13,51.88,51.88,51.86,51.87,16865.0
15:14,51.85,51.88,51.84,51.88,26931.0
15:15,51.87,51.87,51.84,51.85,18867.0
15:16,51.87,51.88,51.86,51.87,28902.0
15:17,51.88,51.89,51.87,51.87,17538.0
15:18,51.87,51.89,51.86,51.88,33236.0
15:19,51.84,51.87,51.84,51.86,20995.0
15:20,51.85,51.87,51.85,51.85,45477.0
15:21,51.83,51.86,51.82,51.85,22408.0
15:22,51.84,51.84,51.81,51.83,23110.0
15:23,51.82,51.83,51.81,51.83,18409.0
15:24,51.79,51.81,51.78,51.81,19841.0
15:25,51.81,51.81,51.78,51.78,18371.0
15:26,51.79,51.81,51.79,51.81,20012.0
15:27,51.81,51.82,51.8,51.8,22287.0
15:28,51.79,51.81,51.79,51.81,34824.0
15:29,51.81,51.81,51.79,51.8,15332.0
15:30,51.83,51.84,51.81,51.81,17069.0
15:31,51.87,51.87,51.83,51.83,27913.0
15:32,51.86,51.87,51.85,51.87,37833.0
15:33,51.83,51.86,51.83,51.86,25500.0
15:34,51.82,51.84,51.81,51.83,33764.0
15:35,51.81,51.81,51.79,51.81,44018.0
15:36,51.78,51.82,51.78,51.81,28173.0
15:37,51.81,51.81,51.78,51.78,45813.0
15:38,51.81,51.81,51.79,51.81,25498.0
15:39,51.81,51.81,51.79,51.81,22703.0
15:40,51.83,51.83,51.8,51.81,22795.0
15:41,51.81,51.83,51.81,51.82,37309.0
15:42,51.82,51.83,51.8,51.81,23434.0
15:43,51.85,51.85,51.83,51.83,34379.0
15:44,51.85,51.86,51.84,51.85,28965.0
15:45,51.83,51.87,51.83,51.85,25426.0
15:46,51.81,51.84,51.81,51.83,47966.0
15:47,51.83,51.84,51.81,51.81,35103.0
15:48,51.85,51.85,51.83,51.83,41898.0
15:49,51.85,51.88,51.84,51.85,67217.0
15:50,51.83,51.87,51.83,51.85,132854.0
15:51,51.83,51.85,51.82,51.83,66094.0
15:52,51.83,51.85,51.83,51.83,72033.0
15:53,51.87,51.88,51.84,51.84,72697.0
15:54,51.87,51.89,51.85,51.87,151256.0
15:55,51.87,51.87,51.81,51.86,176663.0
15:56,51.87,51.88,51.85,51.87,113252.0
15:57,51.85,51.88,51.85,51.87,106380.0
15:58,51.84,51.86,51.83,51.85,458016.0
15:59,51.83,51.89,51.81,51.85,546582.0
