Time,Close,High,Low,Open,Volume
09:30,51.06,51.14,50.93,50.93,779913.0
09:31,51.23,51.26,51.07,51.07,129702.0
09:32,51.2,51.27,51.14,51.22,274824.0
09:33,51.2,51.26,51.17,51.21,137997.0
09:34,51.24,51.32,51.17,51.2,99950.0
09:35,51.06,51.23,51.06,51.23,95846.0
09:36,51.19,51.19,51.06,51.06,88132.0
09:37,51.1,51.19,51.1,51.19,69438.0
09:38,51.1,51.15,51.09,51.1,63422.0
09:39,51.01,51.12,51.0,51.11,61027.0
09:40,51.01,51.04,50.99,51.0,59103.0
09:41,51.02,51.03,50.95,51.01,84172.0
09:42,50.97,51.03,50.97,51.02,123885.0
09:43,50.99,51.05,50.97,50.97,124328.0
09:44,50.94,50.99,50.92,50.99,78382.0
09:45,50.94,50.97,50.86,50.95,101571.0
09:46,50.92,50.97,50.91,50.94,57817.0
09:47,50.82,50.93,50.81,50.92,43154.0
09:48,50.87,50.94,50.8,50.83,186880.0
09:49,50.88,50.91,50.87,50.87,174176.0
09:50,50.81,50.88,50.8,50.88,69156.0
09:51,50.76,50.83,50.76,50.81,46286.0
09:52,50.76,50.78,50.74,50.77,22750.0
09:53,50.69,50.75,50.69,50.75,33774.0
09:54,50.72,50.72,50.66,50.7,43231.0
09:55,50.62,50.73,50.62,50.72,63007.0
09:56,50.58,50.63,50.58,50.63,48310.0
09:57,50.56,50.58,50.55,50.58,27733.0
09:58,50.47,50.6,50.46,50.56,108692.0
09:59,50.42,50.47,50.42,50.47,115566.0
10:00,50.17,50.42,50.17,50.42,326466.0
10:01,50.14,50.17,50.05,50.17,329424.0
10:02,50.04,50.15,50.01,50.13,257876.0
10:03,49.97,50.06,49.93,50.04,309274.0
10:04,50.08,50.1,49.93,49.96,257438.0
10:05,49.99,50.1,49.97,50.08,114559.0
10:06,49.96,50.0,49.96,49.99,144760.0
10:07,50.08,50.09,49.92,49.96,127793.0
10:08,50.08,50.18,50.03,50.08,104125.0
10:09,49.94,50.08,49.89,50.08,166388.0
10:10,50.11,50.13,49.94,49.94,103562.0
10:11,50.1,50.14,50.08,50.1,84465.0
10:12,50.22,50.25,50.09,50.09,83045.0
10:13,50.28,50.3,50.19,50.22,72279.0
10:14,50.36,50.37,50.29,50.29,82199.0
10:15,50.38,50.39,50.35,50.37,42792.0
10:16,50.38,50.38,50.35,50.38,39780.0
10:17,50.38,50.42,50.37,50.38,53922.0
10:18,50.39,50.42,50.36,50.38,28712.0
10:19,50.4,50.42,50.38,50.4,21392.0
10:20,50.42,50.42,50.38,50.4,40186.0
10:21,50.45,50.47,50.41,50.41,78571.0
10:22,50.44,50.47,50.42,50.45,61812.0
10:23,50.45,50.47,50.42,50.44,34887.0
10:24,50.47,50.5,50.44,50.44,50082.0
10:25,50.47,50.5,50.46,50.47,48804.0
10:26,50.47,50.5,50.45,50.46,86843.0
10:27,50.56,50.56,50.47,50.47,52969.0
10:28,50.5,50.59,50.5,50.56,56883.0
10:29,50.56,50.58,50.49,50.5,55026.0
10:30,50.58,50.59,50.53,50.56,79079.0
10:31,50.58,50.6,50.57,50.58,63930.0
10:32,50.61,50.62,50.58,50.58,34034.0
10:33,50.62,50.64,50.61,50.62,35345.0
10:34,50.62,50.63,50.6,50.62,22455.0
10:35,50.65,50.66,50.6,50.62,47242.0
10:36,50.66,50.67,50.6,50.66,82383.0
10:37,50.68,50.72,50.65,50.65,36233.0
10:38,50.65,50.68,50.65,50.68,39020.0
10:39,50.61,50.65,50.61,50.65,32735.0
10:40,50.54,50.61,50.54,50.6,57078.0
10:41,50.55,50.55,50.51,50.54,77436.0
10:42,50.58,50.58,50.55,50.56,38451.0
10:43,50.63,50.63,50.57,50.58,21924.0
10:44,50.61,50.62,50.59,50.62,39391.0
10:45,50.56,50.61,50.56,50.6,61120.0
10:46,50.56,50.57,50.54,50.56,37090.0
10:47,50.58,50.58,50.55,50.56,32174.0
10:48,50.58,50.59,50.54,50.58,45531.0
10:49,50.57,50.6,50.56,50.58,35035.0
10:50,50.57,50.6,50.56,50.56,34829.0
10:51,50.53,50.56,50.53,50.56,43536.0
10:52,50.54,50.55,50.51,50.53,29761.0
10:53,50.57,50.58,50.54,50.54,31496.0
10:54,50.54,50.58,50.53,50.57,38446.0
10:55,50.56,50.56,50.53,50.54,26455.0
10:56,50.53,50.57,50.52,50.56,26998.0
10:57,50.53,50.55,50.52,50.53,28652.0
10:58,50.51,50.53,50.5,50.53,32511.0
10:59,50.49,50.51,50.49,50.51,24428.0
11:00,50.52,50.52,50.48,50.49,29901.0
11:01,50.54,50.55,50.49,50.51,32887.0
11:02,50.53,50.55,50.53,50.54,47847.0
11:03,50.56,50.56,50.53,50.53,26858.0
11:04,50.56,50.57,50.56,50.56,18381.0
11:05,50.59,50.6,50.56,50.56,32080.0
11:06,50.53,50.59,50.53,50.58,23525.0
11:07,50.56,50.56,50.53,50.53,20337.0
11:08,50.55,50.56,50.53,50.55,14732.0
11:09,50.58,50.6,50.56,50.56,118674.0
11:10,50.56,50.6,50.56,50.58,118760.0
11:11,50.58,50.58,50.54,50.55,39608.0
11:12,50.56,50.57,50.55,50.57,85477.0
11:13,50.51,50.55,50.51,50.55,27852.0
11:14,50.53,50.53,50.5,50.51,78112.0
11:15,50.54,50.55,50.52,50.53,51631.0
11:16,50.54,50.55,50.52,50.55,24244.0
11:17,50.53,50.55,50.53,50.54,19426.0
11:18,50.53,50.54,50.52,50.54,19834.0
11:19,50.53,50.54,50.5,50.52,24454.0
11:20,50.53,50.56,50.53,50.53,31899.0
11:21,50.54,50.55,50.52,50.53,17476.0
11:22,50.58,50.58,50.54,50.54,30021.0
11:23,50.57,50.58,50.56,50.58,30168.0
11:24,50.58,50.62,50.57,50.57,49691.0
11:25,50.6,50.6,50.58,50.59,13888.0
11:26,50.6,50.61,50.58,50.61,29339.0
11:27,50.6,50.62,50.57,50.6,65169.0
11:28,50.62,50.62,50.59,50.6,32268.0
11:29,50.62,50.63,50.61,50.62,17969.0
11:30,50.62,50.65,50.6,50.62,46169.0
11:31,50.6,50.62,50.56,50.62,30238.0
11:32,50.58,50.6,50.56,50.6,34677.0
11:33,50.59,50.6,50.58,50.58,27854.0
11:34,50.59,50.62,50.58,50.58,27871.0
11:35,50.57,50.61,50.55,50.58,20197.0
11:36,50.58,50.59,50.56,50.56,25428.0
11:37,50.56,50.58,50.54,50.58,18062.0
11:38,50.54,50.56,50.54,50.55,20115.0
11:39,50.54,50.54,50.52,50.54,20318.0
11:40,50.51,50.53,50.49,50.53,46453.0
11:41,50.5,50.51,50.47,50.5,35283.0
11:42,50.48,50.53,50.47,50.5,64375.0
11:43,50.47,50.47,50.46,50.47,21395.0
11:44,50.48,50.48,50.46,50.47,31363.0
11:45,50.46,50.47,50.43,50.47,50677.0
11:46,50.45,50.47,50.44,50.45,55821.0
11:47,50.45,50.46,50.42,50.45,39005.0
11:48,50.44,50.45,50.42,50.44,32383.0
11:49,50.42,50.45,50.42,50.44,45228.0
11:50,50.41,50.44,50.41,50.43,34129.0
11:51,50.44,50.46,50.41,50.42,31927.0
11:52,50.47,50.47,50.43,50.44,48849.0
11:53,50.49,50.49,50.46,50.46,65936.0
11:54,50.49,50.5,50.47,50.48,37420.0
11:55,50.53,50.54,50.48,50.49,46412.0
11:56,50.58,50.58,50.53,50.53,36900.0
11:57,50.6,50.61,50.58,50.58,35754.0
11:58,50.6,50.61,50.59,50.6,20936.0
11:59,50.56,50.61,50.54,50.6,45357.0
12:00,50.54,50.56,50.54,50.55,24154.0
12:01,50.57,50.57,50.53,50.54,22496.0
12:02,50.58,50.58,50.56,50.57,18564.0
12:03,50.56,50.58,50.55,50.58,40961.0
12:04,50.57,50.57,50.53,50.56,32707.0
12:05,50.54,50.57,50.54,50.56,52617.0
12:06,50.53,50.55,50.53,50.54,29145.0
12:07,50.52,50.54,50.5,50.53,20635.0
12:08,50.53,50.53,50.51,50.51,24098.0
12:09,50.53,50.54,50.53,50.53,12610.0
12:10,50.51,50.53,50.51,50.53,21417.0
12:11,50.49,50.53,50.48,50.52,32075.0
12:12,50.48,50.49,50.47,50.49,18652.0
12:13,50.5,50.51,50.47,50.47,27333.0
12:14,50.47,50.51,50.47,50.5,17097.0
12:15,50.49,50.49,50.47,50.47,55767.0
12:16,50.51,50.51,50.46,50.49,33766.0
12:17,50.51,50.53,50.51,50.51,41677.0
12:18,50.49,50.51,50.49,50.51,15426.0
12:19,50.51,50.51,50.49,50.49,22350.0
12:20,50.54,50.56,50.5,50.51,63892.0
12:21,50.56,50.57,50.54,50.54,50271.0
12:22,50.54,50.59,50.54,50.56,47352.0
12:23,50.58,50.58,50.54,50.54,20199.0
12:24,50.58,50.58,50.58,50.58,10504.0
12:25,50.61,50.62,50.58,50.58,13925.0
12:26,50.61,50.62,50.58,50.62,35519.0
12:27,50.58,50.62,50.56,50.6,60154.0
12:28,50.56,50.58,50.56,50.58,24682.0
12:29,50.56,50.58,50.55,50.57,18987.0
12:30,50.54,50.57,50.54,50.56,12894.0
12:31,50.53,50.55,50.52,50.54,19617.0
12:32,50.51,50.53,50.51,50.53,11855.0
12:33,50.47,50.51,50.47,50.51,38192.0
12:34,50.44,50.48,50.44,50.47,38359.0
12:35,50.4,50.46,50.37,50.45,79787.0
12:36,50.37,50.4,50.36,50.4,50999.0
12:37,50.32,50.37,50.32,50.36,83685.0
12:38,50.28,50.33,50.28,50.32,110462.0
12:39,50.27,50.3,50.26,50.28,50469.0
12:40,50.26,50.28,50.25,50.28,57410.0
12:41,50.28,50.29,50.25,50.26,78928.0
12:42,50.3,50.31,50.27,50.29,35163.0
12:43,50.26,50.3,50.26,50.3,34057.0
12:44,50.24,50.26,50.23,50.25,43422.0
12:45,50.28,50.28,50.24,50.24,43071.0
12:46,50.28,50.28,50.26,50.28,39277.0
12:47,50.28,50.29,50.25,50.27,96360.0
12:48,50.29,50.33,50.27,50.28,94205.0
12:49,50.28,50.29,50.26,50.28,27491.0
12:50,50.3,50.32,50.26,50.28,62914.0
12:51,50.26,50.3,50.26,50.29,90846.0
12:52,50.24,50.25,50.23,50.25,22806.0
12:53,50.28,50.28,50.24,50.24,32151.0
12:54,50.26,50.28,50.26,50.28,30618.0
12:55,50.28,50.28,50.26,50.26,20282.0
12:56,50.28,50.29,50.25,50.28,57099.0
12:57,50.26,50.27,50.26,50.27,35852.0
12:58,50.29,50.3,50.25,50.26,76418.0
12:59,50.31,50.31,50.29,50.29,30068.0
13:00,50.31,50.32,50.29,50.3,55343.0
13:01,50.37,50.37,50.3,50.31,106382.0
13:02,50.42,50.42,50.37,50.37,54147.0
13:03,50.44,50.44,50.41,50.42,90964.0
13:04,50.41,50.44,50.4,50.44,103694.0
13:05,50.41,50.41,50.36,50.41,41664.0
13:06,50.44,50.45,50.4,50.42,46225.0
13:07,50.4,50.43,50.38,50.43,60845.0
13:08,50.37,50.41,50.37,50.4,46294.0
13:09,50.37,50.39,50.37,50.38,22386.0
13:10,50.35,50.37,50.35,50.37,20965.0
13:11,50.39,50.39,50.35,50.35,28923.0
13:12,50.38,50.4,50.37,50.39,27537.0
13:13,50.37,50.38,50.33,50.38,40230.0
13:14,50.35,50.37,50.33,50.36,29777.0
13:15,50.33,50.35,50.31,50.34,55866.0
13:16,50.34,50.34,50.31,50.33,27700.0
13:17,50.33,50.35,50.33,50.34,52498.0
13:18,50.35,50.38,50.3,50.33,52319.0
13:19,50.34,50.35,50.33,50.35,35277.0
13:20,50.35,50.36,50.33,50.35,72392.0
13:21,50.38,50.39,50.35,50.35,57133.0
13:22,50.37,50.38,50.35,50.37,28635.0
13:23,50.37,50.38,50.35,50.37,37559.0
13:24,50.4,50.4,50.37,50.38,36035.0
13:25,50.37,50.4,50.35,50.4,47143.0
13:26,50.35,50.37,50.35,50.37,22165.0
13:27,50.37,50.38,50.35,50.35,45539.0
13:28,50.35,50.38,50.35,50.37,38695.0
13:29,50.43,50.43,50.35,50.35,34763.0
13:30,50.36,50.44,50.36,50.43,57921.0
13:31,50.38,50.38,50.36,50.37,24781.0
13:32,50.35,50.38,50.35,50.38,24712.0
13:33,50.35,50.38,50.33,50.35,159755.0
13:34,50.35,50.37,50.33,50.36,31727.0
13:35,50.37,50.38,50.35,50.35,57572.0
13:36,50.35,50.37,50.34,50.37,35043.0
13:37,50.35,50.36,50.34,50.35,25288.0
13:38,50.33,50.36,50.31,50.35,69788.0
13:39,50.35,50.35,50.31,50.33,66795.0
13:40,50.38,50.38,50.35,50.35,27298.0
13:41,50.36,50.38,50.36,50.38,31614.0
13:42,50.36,50.37,50.35,50.36,36208.0
13:43,50.33,50.35,50.32,50.35,23968.0
13:44,50.31,50.35,50.31,50.33,42284.0
13:45,50.33,50.34,50.31,50.31,33660.0
13:46,50.31,50.33,50.31,50.33,27295.0
13:47,50.33,50.33,50.31,50.31,27985.0
13:48,50.33,50.34,50.33,50.33,13284.0
13:49,50.33,50.35,50.32,50.33,31259.0
13:50,50.31,50.33,50.31,50.33,12650.0
13:51,50.33,50.34,50.31,50.31,24533.0
13:52,50.31,50.34,50.31,50.34,40557.0
13:53,50.35,50.36,50.31,50.31,53464.0
13:54,50.38,50.38,50.33,50.35,64472.0
13:55,50.33,50.38,50.33,50.38,38711.0
13:56,50.37,50.37,50.33,50.33,47723.0
13:57,50.37,50.38,50.36,50.37,32598.0
13:58,50.37,50.37,50.36,50.36,14433.0
13:59,50.35,50.37,50.34,50.36,42372.0
14:00,50.33,50.35,50.33,50.35,26682.0
14:01,50.35,50.35,50.33,50.33,19860.0
14:02,50.38,50.38,50.35,50.35,27387.0
14:03,50.37,50.37,50.36,50.37,17784.0
14:04,50.35,50.37,50.35,50.37,22225.0
14:05,50.35,50.36,50.34,50.35,63476.0
14:06,50.38,50.38,50.35,50.35,25312.0
14:07,50.36,50.38,50.35,50.38,22414.0
14:08,50.33,50.35,50.31,50.35,43698.0
14:09,50.33,50.33,50.31,50.33,42390.0
14:10,50.37,50.38,50.33,50.33,33296.0
14:11,50.35,50.38,50.35,50.37,31582.0
14:12,50.4,50.4,50.35,50.36,24325.0
14:13,50.36,50.4,50.35,50.4,36350.0
14:14,50.34,50.36,50.34,50.36,15054.0
14:15,50.35,50.35,50.33,50.34,41098.0
14:16,50.35,50.35,50.33,50.35,26613.0
14:17,50.33,50.35,50.33,50.35,14600.0
14:18,50.31,50.33,50.31,50.33,29351.0
14:19,50.33,50.33,50.31,50.31,37432.0
14:20,50.33,50.33,50.31,50.33,35999.0
14:21,50.31,50.33,50.31,50.33,16675.0
14:22,50.33,50.33,50.31,50.32,32519.0
14:23,50.33,50.35,50.32,50.33,33711.0
14:24,50.31,50.33,50.31,50.33,30380.0
14:25,50.31,50.33,50.31,50.32,24043.0
14:26,50.31,50.32,50.31,50.31,51167.0
14:27,50.31,50.32,50.31,50.31,40377.0
14:28,50.28,50.31,50.28,50.31,120957.0
14:29,50.28,50.29,50.27,50.28,21231.0
14:30,50.29,50.3,50.27,50.28,72199.0
14:31,50.29,50.3,50.27,50.29,70378.0
14:32,50.26,50.29,50.25,50.29,42329.0
14:33,50.29,50.3,50.26,50.26,40855.0
14:34,50.28,50.29,50.26,50.29,55953.0
14:35,50.27,50.29,50.27,50.28,30197.0
14:36,50.29,50.3,50.27,50.28,55757.0
14:37,50.3,50.3,50.28,50.29,28634.0
14:38,50.28,50.3,50.28,50.29,32828.0
14:39,50.29,50.29,50.27,50.28,139719.0
14:40,50.31,50.31,50.25,50.28,56747.0
14:41,50.29,50.31,50.28,50.3,43275.0
14:42,50.28,50.29,50.27,50.29,14436.0
14:43,50.31,50.31,50.28,50.28,41536.0
14:44,50.28,50.31,50.28,50.31,25565.0
14:45,50.28,50.3,50.28,50.28,17477.0
14:46,50.3,50.3,50.28,50.28,24426.0
14:47,50.29,50.31,50.29,50.3,31664.0
14:48,50.31,50.33,50.29,50.29,24005.0
14:49,50.29,50.32,50.29,50.31,20554.0
14:50,50.28,50.29,50.26,50.29,29984.0
14:51,50.28,50.28,50.26,50.28,21228.0
14:52,50.28,50.29,50.28,50.28,10915.0
14:53,50.29,50.3,50.28,50.28,9581.0
14:54,50.28,50.29,50.26,50.29,32934.0
14:55,50.32,50.33,50.28,50.28,28244.0
14:56,50.28,50.32,50.28,50.32,37207.0
14:57,50.26,50.28,50.26,50.27,32753.0
14:58,50.28,50.28,50.26,50.26,21932.0
14:59,50.28,50.29,50.27,50.28,19882.0
15:00,50.28,50.28,50.28,50.28,24601.0
15:01,50.28,50.28,50.27,50.28,21366.0
15:02,50.31,50.31,50.28,50.28,21079.0
15:03,50.3,50.31,50.29,50.31,20808.0
15:04,50.28,50.29,50.27,50.29,71418.0
15:05,50.31,50.31,50.28,50.28,16088.0
15:06,50.32,50.33,50.31,50.31,47098.0
15:07,50.34,50.34,50.31,50.33,40146.0
15:08,50.33,50.34,50.32,50.33,34082.0
15:09,50.33,50.34,50.32,50.33,14525.0
15:10,50.32,50.33,50.31,50.32,30610.0
15:11,50.31,50.31,50.31,50.31,7580.0
15:12,50.35,50.37,50.31,50.32,60364.0
15:13,50.33,50.37,50.32,50.35,55975.0
15:14,50.31,50.33,50.31,50.33,25822.0
15:15,50.31,50.32,50.3,50.31,32693.0
15:16,50.31,50.32,50.3,50.31,22310.0
15:17,50.29,50.32,50.28,50.31,108339.0
15:18,50.31,50.32,50.29,50.29,23234.0
15:19,50.33,50.34,50.31,50.32,32673.0
15:20,50.32,50.34,50.32,50.33,44512.0
15:21,50.31,50.33,50.3,50.32,22719.0
15:22,50.33,50.34,50.31,50.31,31724.0
15:23,50.35,50.36,50.33,50.33,40730.0
15:24,50.29,50.34,50.29,50.34,62960.0
15:25,50.33,50.34,50.3,50.3,33369.0
15:26,50.34,50.34,50.32,50.33,22866.0
15:27,50.35,50.36,50.33,50.33,33142.0
15:28,50.33,50.35,50.33,50.35,32486.0
15:29,50.33,50.35,50.32,50.33,33772.0
15:30,50.31,50.33,50.31,50.33,33334.0
15:31,50.31,50.33,50.31,50.31,69684.0
15:32,50.28,50.31,50.28,50.31,44006.0
15:33,50.3,50.3,50.28,50.28,22233.0
15:34,50.31,50.33,50.29,50.29,48609.0
15:35,50.35,50.35,50.31,50.31,52135.0
15:36,50.35,50.35,50.34,50.35,45580.0
15:37,50.33,50.35,50.31,50.35,40636.0
15:38,50.33,50.33,50.32,50.33,22788.0
15:39,50.33,50.34,50.32,50.33,51353.0
15:40,50.35,50.35,50.33,50.33,32759.0
15:41,50.35,50.36,50.34,50.35,28290.0
15:42,50.33,50.35,50.32,50.35,51528.0
15:43,50.33,50.35,50.33,50.34,25750.0
15:44,50.35,50.36,50.33,50.33,51995.0
15:45,50.37,50.37,50.34,50.35,61455.0
15:46,50.37,50.37,50.36,50.37,18266.0
15:47,50.37,50.38,50.35,50.37,74091.0
15:48,50.37,50.37,50.35,50.37,39065.0
15:49,50.36,50.37,50.35,50.37,47736.0
15:50,50.35,50.37,50.35,50.36,118753.0
15:51,50.37,50.37,50.34,50.35,68980.0
15:52,50.37,50.37,50.36,50.37,36117.0
15:53,50.37,50.38,50.36,50.37,52344.0
15:54,50.38,50.38,50.36,50.38,115987.0
15:55,50.38,50.41,50.38,50.38,159169.0
15:56,50.35,50.39,50.35,50.38,117724.0
15:57,50.35,50.38,50.33,50.35,227236.0
15:58,50.33,50.35,50.33,50.35,241653.0
15:59,50.38,50.39,50.32,50.33,633636.0
