Time,Close,High,Low,Open,Volume
09:30,0.86,0.88,0.86,0.88,2108354.0
09:31,0.87,0.87,0.86,0.86,156039.0
09:32,0.87,0.87,0.86,0.87,185826.0
09:33,0.86,0.87,0.86,0.87,145222.0
09:34,0.87,0.87,0.86,0.86,132631.0
09:35,0.86,0.87,0.86,0.86,115082.0
09:36,0.86,0.86,0.86,0.86,126750.0
09:37,0.86,0.87,0.86,0.86,263742.0
09:38,0.85,0.87,0.85,0.86,154566.0
09:39,0.84,0.85,0.84,0.85,399849.0
09:40,0.84,0.85,0.84,0.84,393480.0
09:41,0.85,0.85,0.84,0.84,272468.0
09:42,0.85,0.85,0.84,0.85,349996.0
09:43,0.85,0.86,0.85,0.85,290088.0
09:44,0.85,0.86,0.85,0.85,161235.0
09:45,0.85,0.85,0.85,0.85,106609.0
09:46,0.86,0.86,0.85,0.85,116121.0
09:47,0.86,0.86,0.86,0.86,209262.0
09:48,0.86,0.87,0.86,0.86,423373.0
09:49,0.86,0.87,0.86,0.87,107806.0
09:50,0.86,0.87,0.86,0.87,56757.0
09:51,0.87,0.87,0.86,0.86,197707.0
09:52,0.89,0.89,0.87,0.87,166813.0
09:53,0.9,0.9,0.89,0.89,406339.0
09:54,0.88,0.9,0.88,0.9,188079.0
09:55,0.88,0.89,0.88,0.89,281923.0
09:56,0.87,0.89,0.87,0.88,152239.0
09:57,0.87,0.88,0.87,0.88,98939.0
09:58,0.87,0.88,0.87,0.87,71480.0
09:59,0.87,0.88,0.87,0.87,53638.0
10:00,0.88,0.89,0.87,0.87,108217.0
10:01,0.88,0.88,0.87,0.88,90963.0
10:02,0.88,0.88,0.87,0.88,182733.0
10:03,0.87,0.88,0.87,0.88,193791.0
10:04,0.88,0.88,0.87,0.88,142327.0
10:05,0.88,0.88,0.87,0.87,299680.0
10:06,0.88,0.89,0.88,0.88,126063.0
10:07,0.89,0.89,0.88,0.88,374897.0
10:08,0.88,0.89,0.88,0.89,281646.0
10:09,0.87,0.88,0.87,0.88,216673.0
10:10,0.87,0.87,0.86,0.87,158599.0
10:11,0.86,0.87,0.86,0.87,4087900.0
10:12,0.86,0.87,0.86,0.86,1.0
10:13,0.87,0.87,0.86,0.86,169996.0
10:14,0.87,0.87,0.87,0.87,106285.0
10:15,0.87,0.87,0.87,0.87,170230.0
10:16,0.87,0.88,0.87,0.87,95429.0
10:17,0.86,0.87,0.86,0.87,155374.0
10:18,0.86,0.86,0.86,0.86,50752.0
10:19,0.86,0.86,0.86,0.86,283514.0
10:20,0.85,0.86,0.85,0.86,168004.0
10:21,0.84,0.86,0.84,0.86,387860.0
10:22,0.84,0.85,0.84,0.85,175497.0
10:23,0.84,0.84,0.84,0.84,137711.0
10:24,0.83,0.84,0.83,0.84,571757.0
10:25,0.83,0.84,0.83,0.83,569721.0
10:26,0.83,0.83,0.83,0.83,370072.0
10:27,0.83,0.83,0.82,0.83,462080.0
10:28,0.82,0.83,0.82,0.83,319561.0
10:29,0.82,0.82,0.82,0.82,565024.0
10:30,0.83,0.83,0.82,0.82,691619.0
10:31,0.82,0.83,0.82,0.83,831872.0
10:32,0.82,0.82,0.81,0.82,391118.0
10:33,0.82,0.82,0.81,0.81,244514.0
10:34,0.82,0.82,0.81,0.82,324389.0
10:35,0.82,0.82,0.81,0.82,148228.0
10:36,0.84,0.84,0.81,0.81,204422.0
10:37,0.84,0.84,0.83,0.83,197613.0
10:38,0.84,0.85,0.83,0.84,269483.0
10:39,0.85,0.85,0.84,0.84,134313.0
10:40,0.85,0.85,0.85,0.85,175643.0
10:41,0.85,0.85,0.85,0.85,341246.0
10:42,0.84,0.85,0.84,0.85,297552.0
10:43,0.85,0.85,0.84,0.84,53523.0
10:44,0.85,0.85,0.84,0.85,119834.0
10:45,0.85,0.85,0.84,0.84,83829.0
10:46,0.85,0.85,0.85,0.85,161426.0
10:47,0.85,0.85,0.85,0.85,46499.0
10:48,0.85,0.86,0.85,0.85,76244.0
10:49,0.85,0.85,0.84,0.85,45508.0
10:50,0.85,0.85,0.84,0.85,37507.0
10:51,0.85,0.85,0.85,0.85,161780.0
10:52,0.85,0.85,0.85,0.85,78557.0
10:53,0.84,0.85,0.84,0.85,48434.0
10:54,0.84,0.84,0.84,0.84,93696.0
10:55,0.84,0.84,0.84,0.84,61211.0
10:56,0.85,0.85,0.84,0.84,134769.0
10:57,0.85,0.85,0.85,0.85,132571.0
10:58,0.85,0.85,0.85,0.85,167266.0
10:59,0.85,0.85,0.85,0.85,88458.0
11:00,0.85,0.85,0.84,0.85,188821.0
11:01,0.84,0.85,0.84,0.85,40774.0
11:02,0.84,0.85,0.84,0.84,22908.0
11:03,0.84,0.84,0.84,0.84,124951.0
11:04,0.83,0.84,0.83,0.84,151896.0
11:05,0.83,0.83,0.83,0.83,138197.0
11:06,0.84,0.84,0.83,0.83,80492.0
11:07,0.83,0.84,0.83,0.84,208188.0
11:08,0.84,0.84,0.83,0.83,69938.0
11:09,0.84,0.84,0.84,0.84,92568.0
11:10,0.84,0.84,0.84,0.84,143436.0
11:11,0.85,0.85,0.85,0.85,191582.0
11:12,0.85,0.85,0.85,0.85,55545.0
11:13,0.85,0.85,0.85,0.85,230915.0
11:14,0.85,0.85,0.84,0.85,49677.0
11:15,0.84,0.84,0.84,0.84,91592.0
11:16,0.84,0.84,0.83,0.84,90030.0
11:17,0.84,0.84,0.83,0.83,28203.0
11:18,0.83,0.84,0.82,0.83,82729.0
11:19,0.83,0.83,0.82,0.83,52872.0
11:20,0.83,0.83,0.83,0.83,303306.0
11:21,0.83,0.83,0.83,0.83,240232.0
11:22,0.83,0.83,0.83,0.83,123510.0
11:23,0.83,0.84,0.83,0.83,87708.0
11:24,0.83,0.83,0.83,0.83,39342.0
11:25,0.83,0.83,0.83,0.83,52535.0
11:26,0.84,0.84,0.83,0.83,232500.0
11:27,0.83,0.84,0.83,0.84,88975.0
11:28,0.84,0.84,0.83,0.83,17800.0
11:29,0.84,0.84,0.84,0.84,41856.0
11:30,0.84,0.84,0.84,0.84,200122.0
11:31,0.84,0.84,0.84,0.84,96145.0
11:32,0.84,0.84,0.84,0.84,13410.0
11:33,0.84,0.84,0.84,0.84,29239.0
11:34,0.84,0.84,0.84,0.84,33170.0
11:35,0.84,0.84,0.84,0.84,67887.0
11:36,0.84,0.84,0.84,0.84,160818.0
11:37,0.84,0.84,0.84,0.84,242741.0
11:38,0.83,0.84,0.83,0.84,59614.0
11:39,0.83,0.83,0.83,0.83,113802.0
11:40,0.84,0.84,0.83,0.83,181865.0
11:41,0.83,0.84,0.83,0.84,29870.0
11:42,0.84,0.84,0.83,0.83,195379.0
11:43,0.84,0.84,0.84,0.84,261497.0
11:44,0.84,0.84,0.84,0.84,131352.0
11:45,0.84,0.84,0.83,0.84,134559.0
11:46,0.84,0.84,0.84,0.84,244846.0
11:47,0.84,0.84,0.84,0.84,41529.0
11:48,0.84,0.84,0.83,0.84,88238.0
11:49,0.84,0.84,0.83,0.84,32427.0
11:50,0.84,0.84,0.84,0.84,125174.0
11:51,0.84,0.84,0.84,0.84,212578.0
11:52,0.84,0.84,0.84,0.84,185722.0
11:53,0.83,0.84,0.83,0.84,189054.0
11:54,0.83,0.84,0.83,0.83,64672.0
11:55,0.83,0.83,0.83,0.83,79148.0
11:56,0.83,0.83,0.83,0.83,88601.0
11:57,0.85,0.85,0.83,0.83,763536.0
11:58,0.85,0.85,0.84,0.85,29497.0
11:59,0.85,0.85,0.85,0.85,495204.0
12:00,0.84,0.85,0.84,0.85,159127.0
12:01,0.84,0.84,0.84,0.84,107468.0
12:02,0.84,0.84,0.84,0.84,24020.0
12:03,0.84,0.84,0.84,0.84,16342.0
12:04,0.85,0.85,0.84,0.84,137493.0
12:05,0.85,0.86,0.85,0.85,120397.0
12:06,0.85,0.85,0.85,0.85,78295.0
12:07,0.85,0.85,0.85,0.85,90033.0
12:08,0.85,0.85,0.85,0.85,119849.0
12:09,0.85,0.85,0.85,0.85,208630.0
12:10,0.86,0.86,0.85,0.85,87926.0
12:11,0.86,0.86,0.86,0.86,259839.0
12:12,0.87,0.87,0.86,0.86,360538.0
12:13,0.87,0.87,0.87,0.87,156942.0
12:14,0.87,0.88,0.87,0.87,180295.0
12:15,0.88,0.88,0.87,0.87,278378.0
12:16,0.88,0.89,0.87,0.88,401280.0
12:17,0.87,0.87,0.87,0.87,117202.0
12:18,0.87,0.87,0.87,0.87,252063.0
12:19,0.87,0.87,0.87,0.87,131722.0
12:20,0.87,0.87,0.87,0.87,212012.0
12:21,0.87,0.87,0.87,0.87,111329.0
12:22,0.87,0.87,0.87,0.87,116944.0
12:23,0.87,0.87,0.87,0.87,152575.0
12:24,0.87,0.87,0.87,0.87,45769.0
12:25,0.86,0.87,0.86,0.87,118432.0
12:26,0.86,0.86,0.86,0.86,62333.0
12:27,0.86,0.86,0.86,0.86,182328.0
12:28,0.86,0.87,0.86,0.86,222799.0
12:29,0.86,0.86,0.86,0.86,9534228.0
12:30,0.87,0.87,0.86,0.86,1.0
12:31,0.87,0.87,0.87,0.87,242305.0
12:32,0.88,0.88,0.87,0.87,443865.0
12:33,0.87,0.88,0.87,0.87,171414.0
12:34,0.87,0.87,0.87,0.87,83649.0
12:35,0.87,0.87,0.87,0.87,39600.0
12:36,0.87,0.87,0.87,0.87,106220.0
12:37,0.87,0.87,0.87,0.87,55596.0
12:38,0.86,0.87,0.86,0.87,132930.0
12:39,0.86,0.87,0.86,0.86,83488.0
12:40,0.87,0.87,0.86,0.86,74793.0
12:41,0.87,0.87,0.87,0.87,44268.0
12:42,0.87,0.87,0.87,0.87,9674026.0
12:43,0.87,0.87,0.87,0.87,1.0
12:44,0.87,0.87,0.87,0.87,143423.0
12:45,0.87,0.87,0.87,0.87,34068.0
12:46,0.87,0.87,0.87,0.87,54974.0
12:47,0.87,0.87,0.87,0.87,23809.0
12:48,0.86,0.87,0.86,0.87,28254.0
12:49,0.86,0.86,0.86,0.86,37242.0
12:50,0.86,0.86,0.86,0.86,7094.0
12:51,0.86,0.86,0.86,0.86,59165.0
12:52,0.86,0.86,0.86,0.86,49810.0
12:53,0.86,0.86,0.86,0.86,69722.0
12:54,0.87,0.87,0.86,0.86,46840.0
12:55,0.87,0.87,0.86,0.86,34777.0
12:56,0.87,0.87,0.87,0.87,75348.0
12:57,0.88,0.88,0.87,0.87,83285.0
12:58,0.87,0.88,0.87,0.88,68824.0
12:59,0.87,0.87,0.87,0.87,32709.0
13:00,0.88,0.88,0.87,0.87,86938.0
13:01,0.88,0.88,0.88,0.88,154967.0
13:02,0.87,0.88,0.87,0.88,190098.0
13:03,0.87,0.88,0.87,0.87,69364.0
13:04,0.87,0.87,0.87,0.87,92730.0
13:05,0.87,0.87,0.87,0.87,30503.0
13:06,0.87,0.87,0.87,0.87,33816.0
13:07,0.87,0.87,0.87,0.87,31471.0
13:08,0.86,0.87,0.86,0.87,50481.0
13:09,0.87,0.87,0.86,0.86,165110.0
13:10,0.87,0.87,0.87,0.87,41382.0
13:11,0.87,0.87,0.87,0.87,66645.0
13:12,0.87,0.87,0.87,0.87,86024.0
13:13,0.87,0.87,0.87,0.87,40347.0
13:14,0.87,0.87,0.87,0.87,51214.0
13:15,0.86,0.87,0.86,0.87,139521.0
13:16,0.87,0.87,0.86,0.86,10404.0
13:17,0.87,0.87,0.86,0.86,44501.0
13:18,0.87,0.87,0.86,0.87,29066.0
13:19,0.87,0.87,0.87,0.87,85171.0
13:20,0.87,0.87,0.87,0.87,43065.0
13:21,0.87,0.87,0.87,0.87,140857.0
13:22,0.86,0.87,0.86,0.87,79164.0
13:23,0.86,0.86,0.86,0.86,34570.0
13:24,0.86,0.86,0.86,0.86,90859.0
13:25,0.86,0.86,0.86,0.86,135790.0
13:26,0.86,0.86,0.86,0.86,45308.0
13:27,0.86,0.86,0.86,0.86,82264.0
13:28,0.86,0.86,0.86,0.86,14914.0
13:29,0.86,0.86,0.86,0.86,52175.0
13:30,0.86,0.86,0.86,0.86,58298.0
13:31,0.86,0.86,0.86,0.86,367648.0
13:32,0.86,0.86,0.86,0.86,297496.0
13:33,0.86,0.86,0.86,0.86,32723.0
13:34,0.86,0.86,0.86,0.86,64076.0
13:35,0.86,0.86,0.86,0.86,52377.0
13:36,0.86,0.86,0.86,0.86,105599.0
13:37,0.86,0.86,0.86,0.86,148362.0
13:38,0.86,0.86,0.86,0.86,42805.0
13:39,0.86,0.86,0.86,0.86,12778.0
13:40,0.86,0.86,0.86,0.86,22143.0
13:41,0.86,0.86,0.86,0.86,155560.0
13:42,0.86,0.86,0.86,0.86,30231.0
13:43,0.86,0.86,0.86,0.86,27546.0
13:44,0.86,0.86,0.86,0.86,81693.0
13:45,0.86,0.86,0.86,0.86,40002.0
13:46,0.86,0.86,0.86,0.86,21312.0
13:47,0.85,0.86,0.85,0.86,169157.0
13:48,0.86,0.87,0.85,0.85,302744.0
13:49,0.86,0.86,0.86,0.86,76399.0
13:50,0.87,0.87,0.86,0.86,63965.0
13:51,0.87,0.87,0.87,0.87,29522.0
13:52,0.87,0.87,0.87,0.87,26609.0
13:53,0.87,0.87,0.87,0.87,50431.0
13:54,0.87,0.87,0.86,0.87,201628.0
13:55,0.86,0.87,0.86,0.87,80967.0
13:56,0.86,0.86,0.86,0.86,102568.0
13:57,0.86,0.86,0.86,0.86,104672.0
13:58,0.86,0.86,0.86,0.86,56620.0
13:59,0.86,0.86,0.86,0.86,36668.0
14:00,0.86,0.86,0.86,0.86,114879.0
14:01,0.86,0.86,0.86,0.86,87344.0
14:02,0.86,0.86,0.86,0.86,11182578.0
14:03,0.86,0.86,0.86,0.86,1.0
14:04,0.86,0.86,0.86,0.86,43056.0
14:05,0.86,0.86,0.86,0.86,73562.0
14:06,0.87,0.87,0.86,0.86,11285039.0
14:07,0.87,0.87,0.87,0.87,1.0
14:08,0.87,0.87,0.87,0.87,145329.0
14:09,0.87,0.87,0.87,0.87,387945.0
14:10,0.87,0.87,0.87,0.87,139284.0
14:11,0.87,0.87,0.87,0.87,133395.0
14:12,0.87,0.87,0.87,0.87,54232.0
14:13,0.87,0.87,0.87,0.87,69466.0
14:14,0.87,0.87,0.87,0.87,133723.0
14:15,0.87,0.87,0.87,0.87,160946.0
14:16,0.87,0.87,0.87,0.87,95977.0
14:17,0.87,0.87,0.87,0.87,123684.0
14:18,0.87,0.87,0.87,0.87,87165.0
14:19,0.87,0.88,0.87,0.87,349277.0
14:20,0.87,0.87,0.87,0.87,33192.0
14:21,0.87,0.87,0.86,0.87,79389.0
14:22,0.87,0.87,0.87,0.87,65640.0
14:23,0.87,0.87,0.87,0.87,106722.0
14:24,0.87,0.87,0.87,0.87,247336.0
14:25,0.87,0.87,0.87,0.87,142840.0
14:26,0.87,0.87,0.87,0.87,89007.0
14:27,0.87,0.87,0.87,0.87,137399.0
14:28,0.87,0.87,0.87,0.87,51552.0
14:29,0.87,0.87,0.87,0.87,22213.0
14:30,0.87,0.87,0.87,0.87,97151.0
14:31,0.87,0.87,0.87,0.87,178660.0
14:32,0.86,0.87,0.86,0.87,179253.0
14:33,0.86,0.86,0.86,0.86,47674.0
14:34,0.86,0.86,0.86,0.86,49787.0
14:35,0.86,0.86,0.86,0.86,161026.0
14:36,0.87,0.87,0.86,0.86,107867.0
14:37,0.87,0.87,0.87,0.87,65359.0
14:38,0.87,0.87,0.87,0.87,76257.0
14:39,0.87,0.87,0.87,0.87,73014.0
14:40,0.87,0.87,0.87,0.87,37017.0
14:41,0.87,0.87,0.87,0.87,31554.0
14:42,0.88,0.88,0.87,0.87,113747.0
14:43,0.88,0.88,0.88,0.88,93320.0
14:44,0.88,0.88,0.88,0.88,41091.0
14:45,0.88,0.88,0.88,0.88,47476.0
14:46,0.88,0.88,0.87,0.88,149713.0
14:47,0.87,0.88,0.87,0.87,22569.0
14:48,0.87,0.87,0.87,0.87,56149.0
14:49,0.87,0.87,0.87,0.87,31335.0
14:50,0.87,0.87,0.87,0.87,53428.0
14:51,0.87,0.87,0.87,0.87,28749.0
14:52,0.87,0.87,0.87,0.87,193320.0
14:53,0.87,0.87,0.87,0.87,14459.0
14:54,0.87,0.87,0.87,0.87,44241.0
14:55,0.87,0.87,0.87,0.87,237370.0
14:56,0.87,0.87,0.87,0.87,40971.0
14:57,0.87,0.87,0.87,0.87,75064.0
14:58,0.87,0.87,0.87,0.87,54648.0
14:59,0.87,0.87,0.87,0.87,64536.0
15:00,0.87,0.87,0.87,0.87,46694.0
15:01,0.87,0.87,0.87,0.87,87052.0
15:02,0.88,0.88,0.87,0.87,126069.0
15:03,0.88,0.88,0.88,0.88,85950.0
15:04,0.88,0.88,0.88,0.88,45830.0
15:05,0.87,0.88,0.87,0.88,103465.0
15:06,0.87,0.87,0.87,0.87,55388.0
15:07,0.87,0.87,0.87,0.87,171584.0
15:08,0.87,0.87,0.87,0.87,199781.0
15:09,0.87,0.87,0.87,0.87,60940.0
15:10,0.87,0.87,0.87,0.87,29921.0
15:11,0.87,0.87,0.87,0.87,100895.0
15:12,0.87,0.87,0.87,0.87,64457.0
15:13,0.87,0.87,0.87,0.87,26175.0
15:14,0.87,0.87,0.87,0.87,42563.0
15:15,0.87,0.87,0.87,0.87,73319.0
15:16,0.87,0.87,0.86,0.87,130556.0
15:17,0.87,0.87,0.86,0.86,76807.0
15:18,0.87,0.87,0.87,0.87,252942.0
15:19,0.87,0.87,0.87,0.87,50876.0
15:20,0.87,0.87,0.87,0.87,61021.0
15:21,0.87,0.87,0.87,0.87,56186.0
15:22,0.87,0.87,0.87,0.87,280716.0
15:23,0.87,0.87,0.87,0.87,153701.0
15:24,0.87,0.87,0.87,0.87,79884.0
15:25,0.87,0.87,0.87,0.87,82809.0
15:26,0.87,0.87,0.87,0.87,81046.0
15:27,0.87,0.87,0.87,0.87,52988.0
15:28,0.87,0.87,0.87,0.87,63469.0
15:29,0.86,0.87,0.86,0.87,94160.0
15:30,0.86,0.86,0.86,0.86,70591.0
15:31,0.86,0.86,0.86,0.86,234704.0
15:32,0.86,0.86,0.86,0.86,387754.0
15:33,0.87,0.87,0.86,0.86,148139.0
15:34,0.87,0.87,0.87,0.87,276364.0
15:35,0.87,0.87,0.87,0.87,30282.0
15:36,0.87,0.87,0.87,0.87,51470.0
15:37,0.87,0.87,0.87,0.87,30094.0
15:38,0.87,0.87,0.87,0.87,93271.0
15:39,0.87,0.87,0.87,0.87,85973.0
15:40,0.87,0.87,0.87,0.87,336699.0
15:41,0.87,0.87,0.87,0.87,192194.0
15:42,0.87,0.87,0.87,0.87,91100.0
15:43,0.88,0.88,0.87,0.87,362888.0
15:44,0.88,0.88,0.88,0.88,13578122.0
15:45,0.88,0.88,0.88,0.88,1.0
15:46,0.88,0.88,0.88,0.88,152191.0
15:47,0.88,0.88,0.88,0.88,110697.0
15:48,0.89,0.89,0.88,0.88,233240.0
15:49,0.89,0.89,0.89,0.89,340321.0
15:50,0.89,0.89,0.89,0.89,447639.0
15:51,0.89,0.9,0.89,0.89,444117.0
15:52,0.89,0.89,0.89,0.89,162499.0
15:53,0.88,0.89,0.88,0.89,492670.0
15:54,0.88,0.88,0.87,0.88,306966.0
15:55,0.87,0.88,0.87,0.88,282531.0
15:56,0.88,0.88,0.87,0.87,435958.0
15:57,0.87,0.88,0.87,0.88,556936.0
15:58,0.87,0.87,0.87,0.87,380753.0
15:59,0.87,0.87,0.87,0.87,980765.0
