Time,Close,High,Low,Open,Volume
09:30,1.27,1.27,1.23,1.24,3946367.0
09:31,1.24,1.27,1.24,1.27,806309.0
09:32,1.25,1.25,1.22,1.23,557607.0
09:33,1.27,1.28,1.24,1.24,617870.0
09:34,1.27,1.28,1.26,1.27,291395.0
09:35,1.27,1.27,1.26,1.26,226537.0
09:36,1.26,1.27,1.25,1.27,358337.0
09:37,1.25,1.26,1.25,1.25,286377.0
09:38,1.24,1.26,1.24,1.25,424158.0
09:39,1.23,1.25,1.23,1.24,361950.0
09:40,1.24,1.24,1.23,1.24,244858.0
09:41,1.22,1.24,1.22,1.23,476469.0
09:42,1.21,1.23,1.21,1.23,708658.0
09:43,1.21,1.22,1.2,1.21,711492.0
09:44,1.23,1.24,1.21,1.22,707198.0
09:45,1.25,1.25,1.23,1.24,332028.0
09:46,1.26,1.27,1.24,1.24,284096.0
09:47,1.27,1.28,1.26,1.27,530161.0
09:48,1.28,1.28,1.27,1.28,366012.0
09:49,1.28,1.3,1.28,1.28,445087.0
09:50,1.29,1.29,1.28,1.28,275379.0
09:51,1.3,1.3,1.28,1.28,368793.0
09:52,1.32,1.32,1.29,1.3,596956.0
09:53,1.32,1.32,1.3,1.32,384465.0
09:54,1.32,1.32,1.31,1.31,438482.0
09:55,1.31,1.32,1.31,1.32,247961.0
09:56,1.32,1.32,1.31,1.31,304803.0
09:57,1.32,1.32,1.31,1.32,301384.0
09:58,1.32,1.32,1.31,1.32,176761.0
09:59,1.34,1.34,1.3,1.31,1122775.0
10:00,1.31,1.34,1.31,1.34,337025.0
10:01,1.32,1.32,1.31,1.32,150946.0
10:02,1.31,1.32,1.31,1.31,246034.0
10:03,1.31,1.32,1.31,1.32,124487.0
10:04,1.32,1.32,1.31,1.31,226624.0
10:05,1.29,1.32,1.29,1.32,479773.0
10:06,1.29,1.3,1.29,1.29,195361.0
10:07,1.29,1.3,1.29,1.29,101803.0
10:08,1.29,1.3,1.29,1.3,84282.0
10:09,1.29,1.3,1.29,1.29,324957.0
10:10,1.28,1.3,1.28,1.29,177226.0
10:11,1.29,1.29,1.28,1.28,196426.0
10:12,1.28,1.29,1.28,1.28,88825.0
10:13,1.29,1.29,1.28,1.28,116601.0
10:14,1.29,1.29,1.28,1.28,105463.0
10:15,1.28,1.29,1.28,1.28,110401.0
10:16,1.28,1.29,1.28,1.28,69102.0
10:17,1.28,1.29,1.28,1.29,53659.0
10:18,1.27,1.29,1.27,1.28,236113.0
10:19,1.27,1.28,1.27,1.28,112398.0
10:20,1.27,1.28,1.27,1.28,109092.0
10:21,1.27,1.28,1.27,1.27,98520.0
10:22,1.27,1.28,1.27,1.27,83470.0
10:23,1.25,1.27,1.24,1.27,464796.0
10:24,1.24,1.25,1.24,1.25,229742.0
10:25,1.25,1.25,1.24,1.24,172056.0
10:26,1.25,1.25,1.24,1.24,121526.0
10:27,1.25,1.25,1.24,1.24,118572.0
10:28,1.24,1.25,1.24,1.25,130218.0
10:29,1.24,1.25,1.24,1.24,81599.0
10:30,1.23,1.25,1.23,1.25,201672.0
10:31,1.24,1.24,1.23,1.23,80396.0
10:32,1.24,1.24,1.23,1.24,51825.0
10:33,1.24,1.24,1.23,1.24,195422.0
10:34,1.23,1.24,1.23,1.23,176240.0
10:35,1.24,1.24,1.22,1.24,423261.0
10:36,1.23,1.24,1.21,1.23,185344.0
10:37,1.23,1.23,1.22,1.22,322480.0
10:38,1.24,1.24,1.22,1.23,319096.0
10:39,1.24,1.24,1.23,1.24,176143.0
10:40,1.23,1.24,1.23,1.24,92483.0
10:41,1.24,1.24,1.23,1.24,108918.0
10:42,1.25,1.25,1.23,1.23,193649.0
10:43,1.24,1.25,1.23,1.24,279431.0
10:44,1.24,1.24,1.23,1.23,59833.0
10:45,1.24,1.24,1.23,1.24,62903.0
10:46,1.23,1.24,1.23,1.24,266685.0
10:47,1.23,1.24,1.23,1.23,90268.0
10:48,1.23,1.24,1.23,1.24,87220.0
10:49,1.24,1.24,1.23,1.23,99580.0
10:50,1.24,1.24,1.23,1.24,46103.0
10:51,1.24,1.24,1.23,1.23,50006.0
10:52,1.24,1.24,1.23,1.24,32340.0
10:53,1.24,1.24,1.23,1.24,24528.0
10:54,1.24,1.24,1.23,1.24,87494.0
10:55,1.23,1.24,1.23,1.24,85959.0
10:56,1.24,1.24,1.23,1.24,20775.0
10:57,1.24,1.24,1.23,1.24,48763.0
10:58,1.24,1.24,1.23,1.24,139120.0
10:59,1.24,1.24,1.23,1.24,113011.0
11:00,1.23,1.24,1.23,1.24,73134.0
11:01,1.23,1.24,1.22,1.23,588596.0
11:02,1.23,1.23,1.22,1.22,166429.0
11:03,1.22,1.23,1.22,1.23,129675.0
11:04,1.22,1.23,1.22,1.23,39269.0
11:05,1.22,1.23,1.22,1.22,119306.0
11:06,1.22,1.23,1.22,1.23,87318.0
11:07,1.23,1.23,1.22,1.22,36641.0
11:08,1.23,1.23,1.22,1.22,98559.0
11:09,1.23,1.23,1.22,1.23,129739.0
11:10,1.23,1.23,1.22,1.22,104725.0
11:11,1.23,1.23,1.22,1.22,91554.0
11:12,1.23,1.23,1.22,1.22,188235.0
11:13,1.23,1.23,1.22,1.23,51516.0
11:14,1.23,1.23,1.22,1.23,33137.0
11:15,1.23,1.23,1.22,1.23,158059.0
11:16,1.23,1.23,1.22,1.23,80630.0
11:17,1.23,1.23,1.22,1.22,168874.0
11:18,1.23,1.23,1.22,1.23,132202.0
11:19,1.22,1.23,1.22,1.23,52886.0
11:20,1.23,1.23,1.22,1.23,66137.0
11:21,1.22,1.23,1.22,1.22,88041.0
11:22,1.23,1.23,1.22,1.23,59550.0
11:23,1.22,1.23,1.22,1.23,288997.0
11:24,1.22,1.23,1.22,1.23,102976.0
11:25,1.23,1.23,1.22,1.23,189102.0
11:26,1.23,1.23,1.22,1.22,36437.0
11:27,1.23,1.23,1.22,1.23,354030.0
11:28,1.23,1.23,1.22,1.23,9357086.0
11:29,1.23,1.23,1.22,1.23,1.0
11:30,1.23,1.23,1.22,1.23,92307.0
11:31,1.23,1.23,1.22,1.23,71241.0
11:32,1.23,1.23,1.22,1.23,89543.0
11:33,1.23,1.23,1.22,1.22,68591.0
11:34,1.22,1.23,1.22,1.23,9459235.0
11:35,1.23,1.23,1.22,1.23,1.0
11:36,1.23,1.23,1.22,1.22,56839.0
11:37,1.23,1.23,1.22,1.23,67960.0
11:38,1.23,1.23,1.22,1.23,95366.0
11:39,1.23,1.23,1.22,1.23,108525.0
11:40,1.23,1.23,1.22,1.23,301317.0
11:41,1.23,1.23,1.22,1.22,58751.0
11:42,1.23,1.23,1.22,1.22,19120.0
11:43,1.22,1.23,1.22,1.23,74003.0
11:44,1.22,1.23,1.22,1.22,43324.0
11:45,1.23,1.23,1.22,1.23,914991.0
11:46,1.23,1.23,1.22,1.23,29575.0
11:47,1.23,1.23,1.22,1.23,41447.0
11:48,1.23,1.23,1.22,1.22,188460.0
11:49,1.24,1.24,1.23,1.23,522426.0
11:50,1.25,1.25,1.23,1.24,237252.0
11:51,1.25,1.25,1.24,1.25,119604.0
11:52,1.25,1.25,1.24,1.25,56686.0
11:53,1.25,1.25,1.24,1.25,106229.0
11:54,1.25,1.25,1.24,1.25,208534.0
11:55,1.25,1.25,1.24,1.24,280827.0
11:56,1.25,1.26,1.24,1.25,332354.0
11:57,1.25,1.26,1.24,1.25,102882.0
11:58,1.25,1.25,1.24,1.25,120438.0
11:59,1.25,1.25,1.24,1.24,79774.0
12:00,1.25,1.25,1.24,1.25,54307.0
12:01,1.24,1.25,1.24,1.25,19503.0
12:02,1.24,1.25,1.24,1.25,61941.0
12:03,1.25,1.25,1.24,1.24,53620.0
12:04,1.25,1.25,1.24,1.25,41779.0
12:05,1.25,1.25,1.24,1.25,33490.0
12:06,1.25,1.25,1.24,1.25,44948.0
12:07,1.24,1.25,1.24,1.25,29009.0
12:08,1.24,1.25,1.24,1.25,22558.0
12:09,1.25,1.25,1.24,1.25,10877.0
12:10,1.25,1.25,1.24,1.25,76037.0
12:11,1.24,1.25,1.24,1.25,42738.0
12:12,1.24,1.25,1.24,1.25,258382.0
12:13,1.25,1.25,1.24,1.25,42488.0
12:14,1.24,1.25,1.24,1.25,120134.0
12:15,1.25,1.25,1.24,1.25,231305.0
12:16,1.25,1.25,1.24,1.25,31360.0
12:17,1.25,1.25,1.24,1.25,81027.0
12:18,1.25,1.25,1.24,1.25,49058.0
12:19,1.25,1.25,1.24,1.25,22345.0
12:20,1.25,1.25,1.24,1.25,3312.0
12:21,1.24,1.25,1.24,1.25,10739.0
12:22,1.24,1.25,1.24,1.24,88245.0
12:23,1.25,1.25,1.24,1.25,68606.0
12:24,1.25,1.25,1.24,1.25,54225.0
12:25,1.25,1.25,1.24,1.25,132737.0
12:26,1.25,1.25,1.24,1.24,43840.0
12:27,1.25,1.25,1.24,1.25,27958.0
12:28,1.24,1.25,1.24,1.25,59865.0
12:29,1.25,1.25,1.24,1.24,44105.0
12:30,1.25,1.25,1.24,1.25,35639.0
12:31,1.24,1.25,1.24,1.25,82696.0
12:32,1.24,1.25,1.24,1.25,159894.0
12:33,1.25,1.25,1.24,1.25,83122.0
12:34,1.25,1.25,1.24,1.25,15083.0
12:35,1.25,1.25,1.24,1.25,189330.0
12:36,1.25,1.25,1.24,1.25,36452.0
12:37,1.25,1.25,1.24,1.25,18629.0
12:38,1.24,1.25,1.24,1.25,27135.0
12:39,1.25,1.25,1.24,1.25,141938.0
12:40,1.25,1.25,1.24,1.24,36856.0
12:41,1.25,1.25,1.24,1.24,25130.0
12:42,1.25,1.25,1.24,1.24,56044.0
12:43,1.25,1.25,1.24,1.25,83511.0
12:44,1.25,1.25,1.24,1.25,19618.0
12:45,1.25,1.25,1.24,1.25,16436.0
12:46,1.24,1.25,1.24,1.25,39980.0
12:47,1.24,1.25,1.24,1.25,34214.0
12:48,1.25,1.25,1.24,1.24,113081.0
12:49,1.25,1.25,1.24,1.25,24151.0
12:50,1.25,1.25,1.24,1.25,26095.0
12:51,1.24,1.25,1.24,1.24,50916.0
12:52,1.25,1.25,1.24,1.25,29990.0
12:53,1.25,1.26,1.24,1.25,534794.0
12:54,1.25,1.26,1.25,1.26,57451.0
12:55,1.25,1.26,1.25,1.25,49070.0
12:56,1.26,1.26,1.25,1.25,25260.0
12:57,1.26,1.26,1.25,1.25,33986.0
12:58,1.25,1.26,1.25,1.25,46239.0
12:59,1.25,1.26,1.25,1.25,17011.0
13:00,1.26,1.26,1.25,1.25,30595.0
13:01,1.25,1.26,1.25,1.25,22728.0
13:02,1.25,1.26,1.25,1.26,53008.0
13:03,1.25,1.26,1.25,1.25,56784.0
13:04,1.25,1.26,1.25,1.26,29599.0
13:05,1.26,1.26,1.25,1.25,34952.0
13:06,1.25,1.26,1.25,1.25,58536.0
13:07,1.25,1.26,1.25,1.25,65427.0
13:08,1.25,1.26,1.25,1.25,49466.0
13:09,1.26,1.26,1.25,1.25,19620.0
13:10,1.25,1.26,1.25,1.25,21458.0
13:11,1.25,1.26,1.25,1.25,15346.0
13:12,1.25,1.26,1.24,1.25,65142.0
13:13,1.25,1.25,1.24,1.25,95697.0
13:14,1.24,1.25,1.24,1.24,87833.0
13:15,1.25,1.25,1.24,1.25,89599.0
13:16,1.25,1.26,1.25,1.25,74020.0
13:17,1.25,1.26,1.25,1.25,27323.0
13:18,1.25,1.26,1.25,1.25,20589.0
13:19,1.26,1.26,1.25,1.25,33600.0
13:20,1.25,1.26,1.25,1.25,16150.0
13:21,1.25,1.26,1.25,1.25,48965.0
13:22,1.25,1.26,1.25,1.25,26557.0
13:23,1.25,1.26,1.25,1.25,26431.0
13:24,1.26,1.26,1.25,1.26,6481.0
13:25,1.25,1.26,1.25,1.25,13330.0
13:26,1.25,1.26,1.25,1.25,17100.0
13:27,1.25,1.26,1.25,1.25,17808.0
13:28,1.26,1.26,1.25,1.25,11919193.0
13:29,1.25,1.26,1.25,1.25,1.0
13:30,1.25,1.26,1.25,1.25,48969.0
13:31,1.25,1.26,1.24,1.25,268072.0
13:32,1.25,1.25,1.24,1.25,93889.0
13:33,1.24,1.25,1.24,1.25,48940.0
13:34,1.25,1.25,1.24,1.25,103959.0
13:35,1.24,1.25,1.24,1.25,38227.0
13:36,1.24,1.25,1.24,1.25,17207.0
13:37,1.25,1.25,1.24,1.24,208398.0
13:38,1.25,1.25,1.24,1.25,47847.0
13:39,1.25,1.25,1.24,1.25,13959.0
13:40,1.25,1.25,1.24,1.25,145596.0
13:41,1.25,1.25,1.24,1.24,78111.0
13:42,1.25,1.25,1.24,1.25,59788.0
13:43,1.24,1.25,1.24,1.25,32186.0
13:44,1.25,1.25,1.24,1.25,5257.0
13:45,1.25,1.25,1.24,1.25,126101.0
13:46,1.25,1.25,1.24,1.24,33068.0
13:47,1.25,1.25,1.24,1.24,25960.0
13:48,1.25,1.25,1.24,1.24,78880.0
13:49,1.25,1.25,1.24,1.25,41354.0
13:50,1.25,1.25,1.24,1.25,49028.0
13:51,1.24,1.25,1.24,1.24,28816.0
13:52,1.25,1.25,1.24,1.25,39024.0
13:53,1.24,1.25,1.24,1.25,134729.0
13:54,1.25,1.25,1.24,1.25,32471.0
13:55,1.25,1.25,1.24,1.25,10187.0
13:56,1.25,1.25,1.24,1.25,52731.0
13:57,1.25,1.25,1.24,1.25,35988.0
13:58,1.25,1.25,1.24,1.25,52814.0
13:59,1.24,1.25,1.24,1.25,41161.0
14:00,1.24,1.25,1.24,1.25,57547.0
14:01,1.25,1.25,1.24,1.25,35989.0
14:02,1.25,1.25,1.24,1.24,16096.0
14:03,1.24,1.25,1.24,1.25,37878.0
14:04,1.24,1.25,1.24,1.25,24911.0
14:05,1.25,1.25,1.24,1.25,10776.0
14:06,1.25,1.25,1.24,1.24,9866.0
14:07,1.25,1.25,1.24,1.24,32141.0
14:08,1.25,1.25,1.24,1.25,15147.0
14:09,1.24,1.25,1.24,1.25,18818.0
14:10,1.25,1.25,1.24,1.25,38876.0
14:11,1.24,1.25,1.24,1.24,19771.0
14:12,1.25,1.25,1.24,1.25,17849.0
14:13,1.25,1.25,1.24,1.25,36616.0
14:14,1.25,1.25,1.24,1.25,51615.0
14:15,1.25,1.25,1.24,1.25,19103.0
14:16,1.24,1.25,1.24,1.25,31239.0
14:17,1.25,1.25,1.24,1.25,38561.0
14:18,1.25,1.25,1.24,1.25,49060.0
14:19,1.24,1.25,1.24,1.25,43632.0
14:20,1.25,1.25,1.24,1.24,12737365.0
14:21,1.25,1.25,1.24,1.24,1.0
14:22,1.25,1.25,1.24,1.24,32413.0
14:23,1.25,1.25,1.24,1.25,254737.0
14:24,1.24,1.25,1.24,1.25,28517.0
14:25,1.25,1.25,1.24,1.24,39326.0
14:26,1.25,1.25,1.24,1.25,34389.0
14:27,1.25,1.25,1.24,1.25,13320168.0
14:28,1.25,1.25,1.24,1.25,1.0
14:29,1.24,1.25,1.24,1.25,16329.0
14:30,1.25,1.26,1.24,1.24,13542738.0
14:31,1.26,1.26,1.25,1.26,1.0
14:32,1.26,1.26,1.25,1.26,25079.0
14:33,1.26,1.26,1.25,1.26,14015.0
14:34,1.26,1.26,1.25,1.25,27363.0
14:35,1.25,1.26,1.25,1.25,35983.0
14:36,1.25,1.26,1.25,1.25,170190.0
14:37,1.25,1.26,1.25,1.25,33363.0
14:38,1.25,1.26,1.25,1.25,31790.0
14:39,1.25,1.26,1.25,1.25,38743.0
14:40,1.25,1.26,1.25,1.25,20713.0
14:41,1.25,1.26,1.25,1.26,24961.0
14:42,1.25,1.26,1.25,1.26,23317.0
14:43,1.26,1.26,1.25,1.25,23435.0
14:44,1.25,1.26,1.25,1.26,22232.0
14:45,1.25,1.25,1.25,1.25,17989.0
14:46,1.25,1.26,1.25,1.25,32913.0
14:47,1.24,1.25,1.24,1.25,125932.0
14:48,1.24,1.25,1.24,1.25,23003.0
14:49,1.24,1.25,1.24,1.24,56756.0
14:50,1.25,1.25,1.24,1.25,21996.0
14:51,1.24,1.25,1.24,1.24,16374.0
14:52,1.25,1.25,1.24,1.24,30218.0
14:53,1.25,1.25,1.24,1.25,33907.0
14:54,1.25,1.25,1.24,1.25,12812.0
14:55,1.25,1.25,1.24,1.25,38824.0
14:56,1.25,1.25,1.24,1.25,11802.0
14:57,1.24,1.25,1.23,1.25,106368.0
14:58,1.23,1.24,1.23,1.23,182274.0
14:59,1.23,1.24,1.22,1.23,217578.0
15:00,1.23,1.23,1.22,1.23,128235.0
15:01,1.22,1.23,1.22,1.23,136236.0
15:02,1.22,1.23,1.22,1.23,40498.0
15:03,1.23,1.23,1.22,1.23,28380.0
15:04,1.23,1.23,1.22,1.23,38570.0
15:05,1.23,1.23,1.22,1.22,112704.0
15:06,1.2,1.23,1.2,1.22,756975.0
15:07,1.21,1.21,1.2,1.21,332473.0
15:08,1.21,1.21,1.2,1.2,225240.0
15:09,1.21,1.21,1.2,1.21,175219.0
15:10,1.21,1.21,1.2,1.21,218528.0
15:11,1.2,1.21,1.2,1.21,243381.0
15:12,1.2,1.21,1.2,1.21,74777.0
15:13,1.21,1.21,1.2,1.21,104253.0
15:14,1.21,1.21,1.2,1.21,105211.0
15:15,1.21,1.21,1.2,1.2,82852.0
15:16,1.21,1.21,1.2,1.21,198485.0
15:17,1.19,1.21,1.19,1.2,420812.0
15:18,1.18,1.2,1.18,1.19,658000.0
15:19,1.18,1.19,1.18,1.18,336194.0
15:20,1.18,1.19,1.18,1.18,728021.0
15:21,1.18,1.19,1.18,1.19,83460.0
15:22,1.19,1.19,1.18,1.18,382841.0
15:23,1.18,1.19,1.18,1.19,274005.0
15:24,1.19,1.19,1.18,1.18,194419.0
15:25,1.19,1.19,1.18,1.19,139976.0
15:26,1.19,1.19,1.18,1.19,229957.0
15:27,1.19,1.19,1.18,1.19,165370.0
15:28,1.19,1.19,1.18,1.19,184817.0
15:29,1.19,1.19,1.18,1.19,207981.0
15:30,1.21,1.22,1.18,1.18,1092639.0
15:31,1.22,1.22,1.21,1.21,93580.0
15:32,1.22,1.22,1.21,1.22,322430.0
15:33,1.22,1.22,1.21,1.22,187297.0
15:34,1.23,1.23,1.21,1.22,460041.0
15:35,1.23,1.23,1.22,1.23,228099.0
15:36,1.22,1.23,1.22,1.23,192901.0
15:37,1.23,1.23,1.22,1.23,16642194.0
15:38,1.23,1.23,1.22,1.23,1.0
15:39,1.23,1.23,1.22,1.23,63661.0
15:40,1.21,1.23,1.21,1.23,198347.0
15:41,1.22,1.22,1.21,1.22,125150.0
15:42,1.21,1.22,1.2,1.21,281619.0
15:43,1.21,1.21,1.2,1.21,224354.0
15:44,1.21,1.21,1.2,1.21,210957.0
15:45,1.21,1.21,1.2,1.21,82308.0
15:46,1.2,1.21,1.2,1.2,17059851.0
15:47,1.22,1.22,1.2,1.21,1.0
15:48,1.22,1.22,1.21,1.22,174235.0
15:49,1.22,1.22,1.21,1.21,229391.0
15:50,1.22,1.22,1.21,1.22,112036.0
15:51,1.22,1.22,1.21,1.22,67379.0
15:52,1.22,1.22,1.21,1.22,172780.0
15:53,1.21,1.22,1.21,1.22,271893.0
15:54,1.22,1.22,1.21,1.22,114045.0
15:55,1.22,1.22,1.21,1.22,256220.0
15:56,1.21,1.22,1.21,1.22,17433283.0
15:57,1.21,1.22,1.2,1.22,991936.0
15:58,1.21,1.21,1.2,1.21,1.0
15:59,1.22,1.22,1.2,1.21,636561.0
