Time,Close,High,Low,Open,Volume
09:30,101.54,101.56,101.3,101.46,226976.0
09:31,101.46,101.69,101.41,101.52,31998.0
09:32,101.39,101.66,101.39,101.52,29349.0
09:33,101.31,101.49,101.31,101.45,41526.0
09:34,101.4,101.49,101.33,101.33,52181.0
09:35,101.32,101.4,101.26,101.4,39471.0
09:36,101.23,101.35,101.2,101.32,58733.0
09:37,101.29,101.29,101.2,101.27,52483.0
09:38,101.35,101.44,101.23,101.27,69117.0
09:39,101.41,101.46,101.34,101.38,94735.0
09:40,101.32,101.48,101.32,101.42,12742.0
09:41,101.43,101.44,101.25,101.33,36120.0
09:42,101.58,101.59,101.42,101.43,91980.0
09:43,101.66,101.69,101.56,101.57,37271.0
09:44,101.7,101.73,101.62,101.66,21194.0
09:45,101.68,101.77,101.62,101.74,51075.0
09:46,101.61,101.69,101.6,101.69,18427.0
09:47,101.57,101.61,101.48,101.61,29569.0
09:48,101.63,101.65,101.58,101.58,14687.0
09:49,101.65,101.67,101.63,101.64,12117.0
09:50,101.57,101.68,101.56,101.66,38128.0
09:51,101.74,101.75,101.56,101.58,67985.0
09:52,101.73,101.78,101.72,101.75,21572.0
09:53,101.8,101.8,101.72,101.73,17419.0
09:54,101.8,101.8,101.75,101.79,11635.0
09:55,101.82,101.85,101.8,101.8,13629.0
09:56,101.79,101.89,101.79,101.83,22744.0
09:57,101.64,101.79,101.62,101.79,37796.0
09:58,101.7,101.7,101.62,101.63,13278.0
09:59,101.71,101.75,101.69,101.69,15312.0
10:00,101.71,101.73,101.64,101.69,19801.0
10:01,101.71,101.74,101.65,101.73,18747.0
10:02,101.64,101.7,101.63,101.7,12905.0
10:03,101.56,101.64,101.52,101.64,70333.0
10:04,101.53,101.58,101.52,101.56,33185.0
10:05,101.54,101.57,101.51,101.53,31317.0
10:06,101.59,101.59,101.51,101.54,20828.0
10:07,101.59,101.62,101.57,101.61,25364.0
10:08,101.64,101.65,101.57,101.58,33299.0
10:09,101.69,101.69,101.64,101.64,12998.0
10:10,101.71,101.71,101.66,101.69,18655.0
10:11,101.81,101.81,101.65,101.71,25469.0
10:12,101.82,101.82,101.76,101.81,13514.0
10:13,101.83,101.89,101.81,101.82,19438.0
10:14,101.82,101.84,101.79,101.84,24949.0
10:15,101.81,101.82,101.79,101.82,33806.0
10:16,101.84,101.86,101.82,101.82,16009.0
10:17,101.89,101.89,101.8,101.83,30901.0
10:18,101.83,101.91,101.82,101.89,38763.0
10:19,101.79,101.84,101.79,101.83,15078.0
10:20,101.74,101.81,101.74,101.79,13814.0
10:21,101.77,101.79,101.75,101.75,16711.0
10:22,101.81,101.85,101.78,101.78,17264.0
10:23,101.81,101.81,101.77,101.79,15253.0
10:24,101.84,101.86,101.78,101.82,29640.0
10:25,101.84,101.91,101.83,101.85,24634.0
10:26,101.86,101.88,101.84,101.85,9616.0
10:27,101.87,101.89,101.83,101.87,16020.0
10:28,101.83,101.88,101.82,101.88,32051.0
10:29,101.85,101.87,101.83,101.83,27659.0
10:30,101.85,101.86,101.83,101.85,26888.0
10:31,101.84,101.87,101.83,101.84,21724.0
10:32,101.86,101.88,101.84,101.84,16821.0
10:33,101.9,101.91,101.86,101.86,11247.0
10:34,102.03,102.06,101.9,101.9,39502.0
10:35,102.15,102.19,102.03,102.03,58939.0
10:36,102.1,102.17,102.09,102.15,27360.0
10:37,102.06,102.14,102.05,102.09,27990.0
10:38,102.05,102.07,102.03,102.05,12478.0
10:39,102.05,102.07,102.03,102.06,13367.0
10:40,102.07,102.07,102.03,102.05,16436.0
10:41,102.03,102.07,102.01,102.07,14294.0
10:42,102.01,102.02,101.97,102.02,24724.0
10:43,102.04,102.05,101.99,102.0,25481.0
10:44,102.09,102.1,102.03,102.04,21507.0
10:45,102.15,102.16,102.09,102.1,35773.0
10:46,102.09,102.17,102.07,102.14,25119.0
10:47,102.2,102.2,102.08,102.1,20359.0
10:48,102.22,102.27,102.19,102.2,36268.0
10:49,102.22,102.25,102.21,102.23,27804.0
10:50,102.23,102.25,102.21,102.22,23584.0
10:51,102.24,102.25,102.2,102.22,18288.0
10:52,102.23,102.23,102.19,102.22,18364.0
10:53,102.25,102.26,102.21,102.24,18673.0
10:54,102.24,102.26,102.22,102.24,15713.0
10:55,102.17,102.24,102.17,102.24,21362.0
10:56,102.23,102.24,102.17,102.17,27295.0
10:57,102.18,102.24,102.18,102.22,20329.0
10:58,102.13,102.19,102.13,102.19,13927.0
10:59,102.13,102.15,102.11,102.13,17456.0
11:00,102.15,102.16,102.12,102.12,27266.0
11:01,102.06,102.15,102.06,102.15,18412.0
11:02,102.03,102.06,102.01,102.05,15909.0
11:03,102.11,102.13,102.04,102.04,15839.0
11:04,102.11,102.14,102.09,102.1,11846.0
11:05,102.11,102.13,102.09,102.1,15748.0
11:06,102.11,102.12,102.08,102.11,14115.0
11:07,102.07,102.11,102.06,102.11,12941.0
11:08,102.16,102.18,102.07,102.07,21504.0
11:09,102.17,102.18,102.13,102.17,12563.0
11:10,102.14,102.18,102.14,102.16,20181.0
11:11,102.09,102.14,102.09,102.14,11686.0
11:12,102.09,102.09,102.04,102.09,12088.0
11:13,102.08,102.1,102.06,102.1,15219.0
11:14,102.06,102.09,102.02,102.09,13362.0
11:15,102.12,102.14,102.05,102.05,17054.0
11:16,102.15,102.17,102.12,102.12,11454.0
11:17,102.11,102.14,102.11,102.14,8356.0
11:18,102.13,102.13,102.11,102.11,11260.0
11:19,102.16,102.19,102.12,102.12,19363.0
11:20,102.13,102.17,102.11,102.16,20707.0
11:21,102.11,102.14,102.11,102.13,11485.0
11:22,102.15,102.17,102.12,102.12,24164.0
11:23,102.17,102.18,102.15,102.16,9604.0
11:24,102.17,102.18,102.15,102.17,11945.0
11:25,102.15,102.18,102.15,102.17,10174.0
11:26,102.15,102.16,102.13,102.15,19037.0
11:27,102.15,102.17,102.14,102.16,13034.0
11:28,102.19,102.2,102.17,102.17,12361.0
11:29,102.21,102.21,102.18,102.19,14454.0
11:30,102.19,102.22,102.18,102.21,12402.0
11:31,102.2,102.2,102.17,102.2,8820.0
11:32,102.21,102.22,102.18,102.19,13684.0
11:33,102.28,102.29,102.21,102.21,27924.0
11:34,102.28,102.29,102.25,102.28,12570.0
11:35,102.3,102.31,102.28,102.28,12085.0
11:36,102.33,102.37,102.31,102.31,77758.0
11:37,102.25,102.32,102.25,102.32,15297.0
11:38,102.26,102.28,102.24,102.25,10886.0
11:39,102.31,102.32,102.22,102.26,28471.0
11:40,102.29,102.31,102.28,102.31,20581.0
11:41,102.29,102.3,102.28,102.29,11658.0
11:42,102.32,102.32,102.28,102.28,16104.0
11:43,102.36,102.36,102.31,102.32,14608.0
11:44,102.41,102.42,102.36,102.36,14819.0
11:45,102.47,102.49,102.42,102.42,23031.0
11:46,102.59,102.59,102.46,102.47,34352.0
11:47,102.6,102.62,102.58,102.59,28153.0
11:48,102.57,102.6,102.56,102.6,18553.0
11:49,102.6,102.6,102.56,102.57,20918.0
11:50,102.59,102.62,102.57,102.6,41428.0
11:51,102.6,102.62,102.57,102.59,18351.0
11:52,102.66,102.67,102.6,102.61,46614.0
11:53,102.66,102.68,102.64,102.65,46291.0
11:54,102.69,102.73,102.64,102.66,37100.0
11:55,102.71,102.73,102.68,102.69,23291.0
11:56,102.7,102.74,102.7,102.71,15695.0
11:57,102.71,102.71,102.67,102.69,26162.0
11:58,102.69,102.76,102.68,102.71,33250.0
11:59,102.67,102.7,102.65,102.69,30283.0
12:00,102.64,102.69,102.64,102.68,16405.0
12:01,102.57,102.66,102.56,102.64,24902.0
12:02,102.56,102.6,102.52,102.56,48538.0
12:03,102.58,102.62,102.56,102.57,26596.0
12:04,102.6,102.61,102.56,102.58,11396.0
12:05,102.59,102.63,102.58,102.59,16007.0
12:06,102.56,102.59,102.53,102.59,16448.0
12:07,102.51,102.57,102.49,102.56,23974.0
12:08,102.54,102.54,102.5,102.51,28437.0
12:09,102.57,102.57,102.53,102.55,17941.0
12:10,102.6,102.6,102.53,102.57,19001.0
12:11,102.63,102.64,102.56,102.6,20303.0
12:12,102.64,102.65,102.62,102.64,11535.0
12:13,102.63,102.65,102.62,102.64,10364.0
12:14,102.61,102.62,102.6,102.62,18776.0
12:15,102.64,102.65,102.58,102.6,29990.0
12:16,102.61,102.65,102.61,102.65,6838.0
12:17,102.6,102.64,102.6,102.62,8336.0
12:18,102.58,102.61,102.57,102.59,22230.0
12:19,102.58,102.61,102.57,102.58,13100.0
12:20,102.63,102.63,102.58,102.58,11672.0
12:21,102.58,102.63,102.56,102.62,19112.0
12:22,102.57,102.59,102.56,102.58,8176.0
12:23,102.56,102.58,102.55,102.57,13614.0
12:24,102.62,102.63,102.56,102.56,27640.0
12:25,102.64,102.65,102.62,102.64,21026.0
12:26,102.64,102.65,102.63,102.65,12301.0
12:27,102.62,102.65,102.6,102.65,11340.0
12:28,102.64,102.66,102.6,102.62,9604.0
12:29,102.62,102.64,102.61,102.63,10654.0
12:30,102.61,102.65,102.6,102.64,11355.0
12:31,102.61,102.61,102.56,102.59,16930.0
12:32,102.63,102.64,102.6,102.6,12465.0
12:33,102.65,102.66,102.61,102.62,11733.0
12:34,102.67,102.68,102.64,102.64,17755.0
12:35,102.71,102.72,102.68,102.68,19794.0
12:36,102.74,102.75,102.7,102.71,22880.0
12:37,102.73,102.74,102.73,102.74,6755.0
12:38,102.76,102.77,102.74,102.74,14584.0
12:39,102.74,102.76,102.73,102.75,6339.0
12:40,102.73,102.75,102.72,102.74,9351.0
12:41,102.75,102.76,102.73,102.73,31925.0
12:42,102.72,102.76,102.72,102.75,17552.0
12:43,102.74,102.74,102.71,102.72,7385.0
12:44,102.74,102.74,102.72,102.73,14533.0
12:45,102.72,102.76,102.72,102.73,15505.0
12:46,102.81,102.82,102.72,102.73,30405.0
12:47,102.79,102.81,102.78,102.81,13234.0
12:48,102.77,102.79,102.76,102.79,13200.0
12:49,102.77,102.78,102.75,102.76,12690.0
12:50,102.77,102.79,102.76,102.77,8870.0
12:51,102.72,102.78,102.71,102.77,26519.0
12:52,102.71,102.74,102.69,102.72,23392.0
12:53,102.7,102.74,102.69,102.72,38686.0
12:54,102.68,102.72,102.68,102.7,13741.0
12:55,102.67,102.69,102.66,102.67,18064.0
12:56,102.67,102.67,102.65,102.66,10160.0
12:57,102.64,102.67,102.63,102.66,8708.0
12:58,102.68,102.68,102.64,102.64,15460.0
12:59,102.68,102.71,102.68,102.68,10890.0
13:00,102.61,102.68,102.61,102.67,13309.0
13:01,102.6,102.62,102.58,102.61,21858.0
13:02,102.6,102.63,102.6,102.61,12981.0
13:03,102.58,102.62,102.58,102.6,19462.0
13:04,102.57,102.6,102.55,102.58,17035.0
13:05,102.57,102.59,102.55,102.56,19485.0
13:06,102.61,102.61,102.56,102.56,9945.0
13:07,102.54,102.62,102.52,102.62,17056.0
13:08,102.44,102.54,102.44,102.54,24008.0
13:09,102.39,102.44,102.36,102.43,23023.0
13:10,102.32,102.39,102.3,102.38,23142.0
13:11,102.39,102.43,102.33,102.33,33274.0
13:12,102.44,102.45,102.4,102.4,21406.0
13:13,102.43,102.46,102.41,102.44,27790.0
13:14,102.45,102.47,102.44,102.44,13798.0
13:15,102.37,102.44,102.36,102.44,28593.0
13:16,102.36,102.4,102.35,102.37,20571.0
13:17,102.3,102.34,102.3,102.34,16022.0
13:18,102.26,102.31,102.25,102.31,15246.0
13:19,102.26,102.28,102.24,102.27,18606.0
13:20,102.23,102.28,102.23,102.26,11657.0
13:21,102.25,102.27,102.22,102.23,12596.0
13:22,102.26,102.26,102.21,102.25,18315.0
13:23,102.25,102.26,102.23,102.26,11951.0
13:24,102.32,102.35,102.22,102.24,56724.0
13:25,102.37,102.39,102.3,102.32,26582.0
13:26,102.33,102.37,102.33,102.37,8957.0
13:27,102.3,102.36,102.3,102.35,14091.0
13:28,102.29,102.31,102.26,102.3,27119.0
13:29,102.28,102.3,102.27,102.29,16901.0
13:30,102.26,102.28,102.25,102.28,16418.0
13:31,102.22,102.26,102.2,102.25,14081.0
13:32,102.32,102.32,102.24,102.24,11283.0
13:33,102.38,102.38,102.32,102.32,14559.0
13:34,102.35,102.39,102.35,102.39,18805.0
13:35,102.38,102.39,102.34,102.36,28268.0
13:36,102.43,102.43,102.39,102.39,7872.0
13:37,102.39,102.42,102.38,102.42,8318.0
13:38,102.43,102.44,102.39,102.39,13940.0
13:39,102.44,102.44,102.42,102.42,5376.0
13:40,102.52,102.53,102.44,102.44,30709.0
13:41,102.52,102.53,102.5,102.53,16244.0
13:42,102.57,102.59,102.51,102.53,17365.0
13:43,102.56,102.6,102.55,102.57,26434.0
13:44,102.54,102.56,102.53,102.55,10002.0
13:45,102.54,102.57,102.53,102.53,11245.0
13:46,102.53,102.56,102.5,102.55,41882.0
13:47,102.57,102.58,102.52,102.53,13954.0
13:48,102.56,102.58,102.56,102.57,22871.0
13:49,102.6,102.61,102.54,102.56,18881.0
13:50,102.6,102.63,102.57,102.62,18418.0
13:51,102.56,102.6,102.54,102.6,7053.0
13:52,102.58,102.58,102.54,102.56,9990.0
13:53,102.63,102.64,102.58,102.59,25387.0
13:54,102.61,102.64,102.6,102.64,17881.0
13:55,102.56,102.63,102.56,102.61,18561.0
13:56,102.57,102.59,102.56,102.56,9514.0
13:57,102.61,102.63,102.58,102.58,12602.0
13:58,102.57,102.62,102.57,102.6,21295.0
13:59,102.55,102.58,102.55,102.58,13414.0
14:00,102.57,102.58,102.52,102.54,22451.0
14:01,102.57,102.58,102.54,102.58,18909.0
14:02,102.56,102.57,102.54,102.55,8807.0
14:03,102.54,102.57,102.54,102.56,44039.0
14:04,102.42,102.54,102.39,102.54,60488.0
14:05,102.4,102.45,102.4,102.43,23503.0
14:06,102.39,102.42,102.36,102.4,34683.0
14:07,102.36,102.4,102.36,102.39,10412.0
14:08,102.38,102.4,102.35,102.36,17322.0
14:09,102.38,102.4,102.36,102.39,12346.0
14:10,102.42,102.43,102.38,102.38,12615.0
14:11,102.42,102.46,102.4,102.43,73992.0
14:12,102.35,102.41,102.32,102.41,80384.0
14:13,102.34,102.35,102.32,102.35,39758.0
14:14,102.36,102.39,102.35,102.35,14849.0
14:15,102.35,102.37,102.32,102.36,20495.0
14:16,102.35,102.36,102.34,102.35,25670.0
14:17,102.33,102.38,102.33,102.35,18088.0
14:18,102.35,102.36,102.33,102.33,16338.0
14:19,102.29,102.37,102.28,102.36,35274.0
14:20,102.32,102.32,102.28,102.3,16980.0
14:21,102.36,102.39,102.32,102.32,15314.0
14:22,102.37,102.39,102.36,102.37,9223.0
14:23,102.35,102.38,102.34,102.38,8378.0
14:24,102.42,102.44,102.35,102.35,16682.0
14:25,102.39,102.42,102.39,102.41,16536.0
14:26,102.38,102.39,102.35,102.38,21133.0
14:27,102.22,102.38,102.22,102.38,27840.0
14:28,102.28,102.28,102.23,102.23,23874.0
14:29,102.26,102.28,102.25,102.27,23375.0
14:30,102.28,102.32,102.25,102.25,18731.0
14:31,102.34,102.35,102.28,102.29,10751.0
14:32,102.35,102.35,102.31,102.35,18433.0
14:33,102.33,102.35,102.32,102.35,18565.0
14:34,102.32,102.36,102.32,102.33,10114.0
14:35,102.28,102.32,102.28,102.32,16451.0
14:36,102.21,102.26,102.21,102.26,11404.0
14:37,102.18,102.21,102.17,102.21,30998.0
14:38,102.2,102.2,102.15,102.18,33688.0
14:39,102.19,102.22,102.18,102.2,22265.0
14:40,102.22,102.22,102.19,102.19,9685.0
14:41,102.15,102.21,102.14,102.21,11057.0
14:42,102.17,102.17,102.14,102.14,9042.0
14:43,102.18,102.19,102.17,102.18,15421.0
14:44,102.17,102.18,102.17,102.18,6555.0
14:45,102.17,102.17,102.15,102.17,13199.0
14:46,102.18,102.19,102.16,102.16,13454.0
14:47,102.19,102.2,102.15,102.18,8529.0
14:48,102.15,102.19,102.14,102.19,9281.0
14:49,102.16,102.17,102.15,102.16,10204.0
14:50,102.21,102.21,102.16,102.17,16738.0
14:51,102.21,102.22,102.19,102.21,17578.0
14:52,102.21,102.21,102.19,102.2,10086.0
14:53,102.22,102.24,102.21,102.22,15311.0
14:54,102.19,102.22,102.18,102.22,11231.0
14:55,102.17,102.21,102.16,102.19,15534.0
14:56,102.18,102.18,102.15,102.16,11408.0
14:57,102.14,102.17,102.14,102.17,10491.0
14:58,102.17,102.18,102.15,102.15,11764.0
14:59,102.15,102.18,102.15,102.17,16410.0
15:00,102.15,102.19,102.15,102.15,18466.0
15:01,102.14,102.15,102.12,102.15,19998.0
15:02,102.11,102.15,102.11,102.15,8266.0
15:03,102.1,102.12,102.08,102.11,15319.0
15:04,102.2,102.2,102.1,102.11,19258.0
15:05,102.19,102.22,102.18,102.19,19933.0
15:06,102.12,102.18,102.12,102.18,23424.0
15:07,102.14,102.15,102.12,102.13,12314.0
15:08,102.1,102.14,102.1,102.14,14598.0
15:09,102.12,102.12,102.07,102.1,15314.0
15:10,102.16,102.17,102.13,102.13,19683.0
15:11,102.15,102.17,102.15,102.16,12187.0
15:12,102.11,102.15,102.11,102.15,18056.0
15:13,102.12,102.13,102.1,102.11,28629.0
15:14,102.14,102.14,102.12,102.12,12500.0
15:15,102.08,102.14,102.08,102.14,12913.0
15:16,102.03,102.08,102.02,102.08,16111.0
15:17,102.04,102.06,102.04,102.04,16322.0
15:18,102.03,102.04,102.01,102.04,19138.0
15:19,101.99,102.04,101.99,102.04,14561.0
15:20,102.01,102.01,101.97,101.98,23701.0
15:21,102.07,102.07,102.01,102.01,13369.0
15:22,102.1,102.1,102.07,102.07,12064.0
15:23,102.07,102.1,102.07,102.1,20052.0
15:24,102.1,102.1,102.06,102.07,8494.0
15:25,102.08,102.11,102.08,102.1,19364.0
15:26,102.11,102.12,102.08,102.08,21835.0
15:27,102.11,102.12,102.11,102.11,16194.0
15:28,102.11,102.11,102.1,102.11,21279.0
15:29,102.08,102.1,102.07,102.1,16114.0
15:30,102.04,102.1,102.02,102.08,56398.0
15:31,102.04,102.07,102.03,102.05,48699.0
15:32,102.04,102.05,102.02,102.04,38725.0
15:33,102.08,102.09,102.04,102.04,24556.0
15:34,102.08,102.11,102.07,102.09,24629.0
15:35,102.17,102.17,102.08,102.08,33415.0
15:36,102.17,102.17,102.15,102.16,18928.0
15:37,102.18,102.18,102.15,102.17,25795.0
15:38,102.19,102.22,102.17,102.18,31619.0
15:39,102.27,102.27,102.18,102.19,31005.0
15:40,102.3,102.33,102.26,102.26,64184.0
15:41,102.29,102.31,102.28,102.29,51490.0
15:42,102.3,102.3,102.25,102.29,51279.0
15:43,102.34,102.34,102.29,102.29,22022.0
15:44,102.31,102.36,102.29,102.35,26951.0
15:45,102.29,102.32,102.29,102.31,23057.0
15:46,102.25,102.31,102.22,102.29,84120.0
15:47,102.22,102.25,102.21,102.25,51068.0
15:48,102.23,102.28,102.22,102.23,91663.0
15:49,102.22,102.25,102.18,102.22,47453.0
15:50,102.18,102.24,102.17,102.23,61888.0
15:51,102.18,102.21,102.15,102.17,96386.0
15:52,102.19,102.19,102.18,102.18,48481.0
15:53,102.18,102.24,102.18,102.2,44850.0
15:54,102.23,102.25,102.18,102.18,59481.0
15:55,102.25,102.32,102.21,102.23,151552.0
15:56,102.21,102.24,102.19,102.24,97366.0
15:57,102.18,102.24,102.18,102.22,123174.0
15:58,102.15,102.21,102.14,102.18,131755.0
15:59,102.08,102.15,102.06,102.15,355749.0
