Time,Close,High,Low,Open,Volume
09:30,102.58,102.62,102.57,102.59,399528.0
09:31,102.49,102.62,102.44,102.58,44449.0
09:32,102.5,102.54,102.43,102.51,82250.0
09:33,102.57,102.58,102.46,102.49,113146.0
09:34,102.64,102.78,102.5,102.58,65499.0
09:35,102.59,102.71,102.53,102.69,38415.0
09:36,102.38,102.62,102.24,102.58,93227.0
09:37,102.23,102.47,102.18,102.39,67361.0
09:38,102.42,102.42,102.18,102.21,51903.0
09:39,102.26,102.4,102.2,102.4,38142.0
09:40,102.25,102.29,102.16,102.26,42370.0
09:41,102.2,102.25,102.1,102.24,85593.0
09:42,102.24,102.27,102.17,102.19,47378.0
09:43,102.32,102.4,102.19,102.24,36744.0
09:44,102.38,102.49,102.31,102.32,29949.0
09:45,102.32,102.39,102.29,102.39,30822.0
09:46,102.38,102.39,102.27,102.32,36869.0
09:47,102.54,102.6,102.36,102.39,31620.0
09:48,102.6,102.62,102.52,102.55,40760.0
09:49,102.85,102.85,102.58,102.6,46982.0
09:50,102.89,102.92,102.82,102.86,55038.0
09:51,102.94,102.97,102.83,102.89,34522.0
09:52,102.92,102.96,102.86,102.95,39843.0
09:53,102.96,103.02,102.9,102.9,41292.0
09:54,102.97,102.99,102.91,102.95,44658.0
09:55,102.88,103.03,102.86,102.99,35779.0
09:56,102.75,102.94,102.74,102.88,37481.0
09:57,102.69,102.77,102.59,102.76,39169.0
09:58,102.73,102.78,102.64,102.7,34863.0
09:59,102.68,102.75,102.64,102.74,41120.0
10:00,102.79,102.82,102.68,102.68,51205.0
10:01,102.75,102.81,102.73,102.79,38704.0
10:02,102.77,102.8,102.7,102.74,43354.0
10:03,102.77,102.85,102.73,102.76,52878.0
10:04,102.76,102.84,102.75,102.77,21921.0
10:05,102.76,102.79,102.71,102.75,33697.0
10:06,102.81,102.82,102.73,102.77,19422.0
10:07,102.86,102.88,102.8,102.83,30675.0
10:08,102.87,102.95,102.86,102.86,32002.0
10:09,102.82,102.89,102.79,102.87,26137.0
10:10,102.85,102.85,102.78,102.83,24175.0
10:11,102.88,102.94,102.86,102.86,33908.0
10:12,102.83,102.89,102.82,102.88,30315.0
10:13,102.84,102.86,102.8,102.83,38359.0
10:14,102.88,102.93,102.82,102.83,35526.0
10:15,102.91,102.94,102.88,102.88,25921.0
10:16,103.06,103.08,102.92,102.92,40246.0
10:17,103.07,103.09,103.04,103.05,38454.0
10:18,103.13,103.16,103.04,103.07,94101.0
10:19,103.17,103.22,103.12,103.12,34111.0
10:20,103.2,103.2,103.13,103.15,23012.0
10:21,103.11,103.2,103.07,103.2,28822.0
10:22,102.99,103.1,102.99,103.1,23047.0
10:23,102.86,102.98,102.8,102.98,34698.0
10:24,102.82,102.87,102.78,102.87,31406.0
10:25,102.98,103.0,102.82,102.82,37709.0
10:26,102.91,103.0,102.89,102.98,22557.0
10:27,102.86,102.94,102.84,102.91,19229.0
10:28,102.87,102.89,102.83,102.85,29841.0
10:29,102.96,102.97,102.87,102.87,32665.0
10:30,102.92,103.06,102.91,102.94,22023.0
10:31,102.97,102.97,102.86,102.93,21718.0
10:32,103.03,103.05,102.96,102.96,23506.0
10:33,103.02,103.07,103.0,103.03,33356.0
10:34,102.92,103.06,102.91,103.01,31483.0
10:35,102.96,103.01,102.91,102.94,45991.0
10:36,102.98,102.98,102.94,102.98,15495.0
10:37,103.01,103.04,102.98,102.98,23802.0
10:38,103.02,103.02,102.96,103.01,30504.0
10:39,103.01,103.05,102.98,103.04,13886.0
10:40,103.01,103.02,102.98,103.0,21021.0
10:41,103.07,103.07,102.99,103.0,32364.0
10:42,103.02,103.08,103.02,103.07,18834.0
10:43,103.09,103.1,103.03,103.03,17877.0
10:44,103.04,103.1,103.02,103.08,26308.0
10:45,103.0,103.09,103.0,103.07,25697.0
10:46,103.02,103.08,103.0,103.0,34330.0
10:47,103.0,103.04,102.96,103.02,23893.0
10:48,103.04,103.06,102.99,102.99,16287.0
10:49,103.06,103.07,103.0,103.03,34309.0
10:50,103.08,103.08,103.0,103.05,41029.0
10:51,103.06,103.11,103.04,103.09,32911.0
10:52,103.02,103.07,103.01,103.05,18220.0
10:53,103.02,103.04,103.0,103.02,25583.0
10:54,103.06,103.06,103.0,103.01,32956.0
10:55,103.07,103.1,103.04,103.05,29511.0
10:56,103.08,103.08,103.02,103.07,25482.0
10:57,103.01,103.08,103.01,103.08,16910.0
10:58,102.99,103.04,102.96,103.02,13206.0
10:59,102.83,103.0,102.83,103.0,33366.0
11:00,102.83,102.86,102.81,102.83,33505.0
11:01,102.77,102.86,102.73,102.83,39225.0
11:02,102.82,102.83,102.76,102.76,31426.0
11:03,102.82,102.89,102.82,102.83,16608.0
11:04,102.86,102.89,102.83,102.84,22421.0
11:05,102.88,102.89,102.85,102.86,28166.0
11:06,102.87,102.92,102.85,102.87,29599.0
11:07,102.85,102.88,102.84,102.87,23565.0
11:08,102.88,102.89,102.83,102.85,36340.0
11:09,102.84,102.89,102.82,102.87,29286.0
11:10,102.72,102.87,102.72,102.84,37271.0
11:11,102.76,102.77,102.7,102.71,25905.0
11:12,102.76,102.82,102.76,102.78,17788.0
11:13,102.81,102.83,102.75,102.75,69106.0
11:14,102.76,102.8,102.75,102.8,25559.0
11:15,102.86,102.89,102.75,102.77,23661.0
11:16,102.82,102.86,102.79,102.86,46097.0
11:17,102.71,102.82,102.68,102.82,34896.0
11:18,102.76,102.78,102.69,102.69,49699.0
11:19,102.8,102.8,102.7,102.76,73110.0
11:20,102.86,102.86,102.79,102.79,23240.0
11:21,102.82,102.86,102.8,102.86,23738.0
11:22,102.75,102.81,102.75,102.81,16872.0
11:23,102.72,102.75,102.66,102.74,30500.0
11:24,102.72,102.74,102.7,102.72,18314.0
11:25,102.75,102.76,102.72,102.72,18240.0
11:26,102.79,102.8,102.75,102.76,19942.0
11:27,102.72,102.8,102.72,102.79,87506.0
11:28,102.73,102.75,102.68,102.71,27330.0
11:29,102.77,102.77,102.72,102.73,16476.0
11:30,102.78,102.79,102.76,102.78,20414.0
11:31,102.79,102.83,102.76,102.78,26617.0
11:32,102.8,102.81,102.78,102.8,15032.0
11:33,102.78,102.81,102.75,102.81,21377.0
11:34,102.81,102.84,102.78,102.78,23849.0
11:35,102.86,102.88,102.79,102.81,24983.0
11:36,102.94,102.96,102.87,102.87,23844.0
11:37,102.96,102.96,102.93,102.94,15301.0
11:38,102.92,102.95,102.89,102.95,22646.0
11:39,102.93,102.96,102.9,102.92,19713.0
11:40,102.96,102.97,102.92,102.93,21063.0
11:41,102.93,102.96,102.91,102.96,27966.0
11:42,102.99,103.04,102.93,102.93,31374.0
11:43,103.03,103.05,102.97,102.99,13783.0
11:44,102.98,103.03,102.97,103.03,18291.0
11:45,103.0,103.01,102.99,103.0,10349.0
11:46,103.1,103.11,103.01,103.01,28308.0
11:47,103.14,103.16,103.09,103.12,17065.0
11:48,103.13,103.16,103.12,103.14,15338.0
11:49,103.24,103.24,103.14,103.15,29249.0
11:50,103.26,103.26,103.22,103.24,22545.0
11:51,103.25,103.26,103.22,103.25,21567.0
11:52,103.23,103.26,103.21,103.25,10130.0
11:53,103.21,103.23,103.17,103.23,18905.0
11:54,103.27,103.27,103.2,103.21,16494.0
11:55,103.26,103.28,103.23,103.27,22479.0
11:56,103.22,103.28,103.22,103.27,12922.0
11:57,103.21,103.24,103.2,103.22,12858.0
11:58,103.22,103.23,103.2,103.2,11566.0
11:59,103.2,103.23,103.17,103.22,14867.0
12:00,103.21,103.21,103.17,103.2,10788.0
12:01,103.18,103.22,103.18,103.22,22918.0
12:02,103.19,103.19,103.16,103.18,11969.0
12:03,103.2,103.21,103.18,103.18,19625.0
12:04,103.17,103.21,103.17,103.21,15553.0
12:05,103.22,103.22,103.16,103.18,19527.0
12:06,103.17,103.22,103.15,103.22,19479.0
12:07,103.16,103.18,103.14,103.17,17167.0
12:08,103.16,103.17,103.13,103.16,23709.0
12:09,103.13,103.17,103.12,103.15,20656.0
12:10,103.15,103.18,103.13,103.13,13951.0
12:11,103.2,103.2,103.16,103.16,18978.0
12:12,103.15,103.2,103.13,103.2,13861.0
12:13,103.17,103.18,103.15,103.15,12465.0
12:14,103.19,103.22,103.17,103.17,47373.0
12:15,103.2,103.21,103.19,103.19,12017.0
12:16,103.19,103.24,103.17,103.19,22085.0
12:17,103.22,103.26,103.19,103.2,20922.0
12:18,103.21,103.24,103.18,103.23,16711.0
12:19,103.19,103.22,103.18,103.22,12847.0
12:20,103.22,103.24,103.19,103.2,10797.0
12:21,103.23,103.24,103.21,103.21,15728.0
12:22,103.24,103.25,103.22,103.22,16468.0
12:23,103.2,103.24,103.19,103.23,10232.0
12:24,103.21,103.23,103.2,103.2,13031.0
12:25,103.21,103.22,103.19,103.22,20540.0
12:26,103.25,103.25,103.19,103.21,14608.0
12:27,103.28,103.32,103.24,103.25,68085.0
12:28,103.18,103.29,103.18,103.28,28534.0
12:29,103.17,103.21,103.16,103.18,24132.0
12:30,103.17,103.17,103.14,103.16,23760.0
12:31,103.09,103.16,103.09,103.16,15527.0
12:32,103.09,103.13,103.08,103.1,31833.0
12:33,103.07,103.08,103.03,103.08,19380.0
12:34,103.09,103.1,103.07,103.08,18157.0
12:35,103.06,103.1,103.05,103.08,12456.0
12:36,103.05,103.07,103.05,103.06,17312.0
12:37,103.07,103.08,103.05,103.05,20025.0
12:38,103.0,103.06,103.0,103.06,15381.0
12:39,103.01,103.06,103.0,103.0,27488.0
12:40,103.01,103.01,102.99,103.01,10598.0
12:41,102.92,103.0,102.9,103.0,26321.0
12:42,102.89,102.97,102.88,102.93,36716.0
12:43,102.92,102.93,102.86,102.89,15532.0
12:44,102.9,102.93,102.89,102.92,8716.0
12:45,102.88,102.9,102.88,102.89,29125.0
12:46,102.88,102.9,102.87,102.87,24981.0
12:47,102.91,102.91,102.86,102.89,13628.0
12:48,102.9,102.94,102.9,102.92,29788.0
12:49,102.89,102.92,102.88,102.9,12399.0
12:50,102.89,102.9,102.87,102.89,16033.0
12:51,102.86,102.89,102.85,102.89,19823.0
12:52,102.82,102.88,102.82,102.87,14255.0
12:53,102.75,102.83,102.75,102.82,25010.0
12:54,102.81,102.83,102.73,102.75,28528.0
12:55,102.79,102.82,102.79,102.82,21648.0
12:56,102.76,102.79,102.74,102.79,23177.0
12:57,102.8,102.8,102.75,102.76,15691.0
12:58,102.76,102.81,102.75,102.79,27200.0
12:59,102.78,102.79,102.75,102.76,21968.0
13:00,102.75,102.79,102.74,102.78,16658.0
13:01,102.75,102.77,102.74,102.75,15398.0
13:02,102.81,102.82,102.72,102.75,33129.0
13:03,102.81,102.82,102.8,102.81,12886.0
13:04,102.83,102.84,102.8,102.81,13920.0
13:05,102.88,102.89,102.83,102.83,15742.0
13:06,102.88,102.91,102.88,102.88,9761.0
13:07,102.9,102.93,102.87,102.87,16051.0
13:08,102.89,102.91,102.86,102.91,11851.0
13:09,102.87,102.89,102.85,102.89,16937.0
13:10,102.91,102.94,102.89,102.89,17158.0
13:11,102.87,102.9,102.86,102.9,13156.0
13:12,102.88,102.88,102.86,102.86,14524.0
13:13,102.91,102.92,102.87,102.88,13988.0
13:14,102.92,102.94,102.9,102.91,30415.0
13:15,102.89,102.92,102.89,102.91,14969.0
13:16,102.88,102.91,102.88,102.9,9184.0
13:17,102.85,102.88,102.79,102.88,20816.0
13:18,102.81,102.84,102.81,102.84,14061.0
13:19,102.82,102.83,102.79,102.81,12406.0
13:20,102.83,102.84,102.81,102.82,11842.0
13:21,102.86,102.86,102.82,102.82,14371.0
13:22,102.81,102.88,102.81,102.86,18881.0
13:23,102.81,102.82,102.79,102.81,18625.0
13:24,102.8,102.83,102.8,102.82,22236.0
13:25,102.78,102.8,102.78,102.8,14386.0
13:26,102.8,102.81,102.77,102.78,11990.0
13:27,102.82,102.84,102.81,102.81,22004.0
13:28,102.83,102.86,102.82,102.82,16264.0
13:29,102.82,102.83,102.81,102.83,17023.0
13:30,102.77,102.83,102.77,102.83,15651.0
13:31,102.79,102.79,102.76,102.77,13638.0
13:32,102.81,102.84,102.79,102.8,15814.0
13:33,102.82,102.82,102.8,102.81,10223.0
13:34,102.76,102.83,102.76,102.83,11684.0
13:35,102.77,102.77,102.73,102.75,24960.0
13:36,102.77,102.8,102.76,102.77,38219.0
13:37,102.79,102.81,102.77,102.78,7960.0
13:38,102.79,102.81,102.77,102.79,13057.0
13:39,102.84,102.85,102.78,102.79,21297.0
13:40,102.83,102.84,102.82,102.84,13996.0
13:41,102.84,102.85,102.81,102.84,17523.0
13:42,102.84,102.87,102.83,102.84,19087.0
13:43,102.82,102.85,102.81,102.83,15552.0
13:44,102.82,102.83,102.81,102.82,11992.0
13:45,102.86,102.86,102.81,102.82,14309.0
13:46,102.89,102.89,102.86,102.86,30501.0
13:47,102.89,102.9,102.87,102.89,15095.0
13:48,102.9,102.92,102.88,102.9,17619.0
13:49,102.89,102.92,102.88,102.9,16933.0
13:50,102.92,102.96,102.89,102.89,20516.0
13:51,102.91,102.93,102.9,102.93,14766.0
13:52,102.93,102.93,102.9,102.9,27090.0
13:53,102.86,102.93,102.86,102.93,16194.0
13:54,102.86,102.87,102.85,102.86,8576.0
13:55,102.79,102.85,102.75,102.85,27699.0
13:56,102.84,102.85,102.79,102.8,30842.0
13:57,102.81,102.85,102.81,102.83,15838.0
13:58,102.78,102.79,102.77,102.79,25531.0
13:59,102.75,102.78,102.75,102.78,29155.0
14:00,102.75,102.76,102.74,102.74,32683.0
14:01,102.74,102.77,102.69,102.75,72386.0
14:02,102.68,102.73,102.64,102.73,43545.0
14:03,102.65,102.69,102.65,102.68,22903.0
14:04,102.68,102.69,102.65,102.65,37274.0
14:05,102.64,102.67,102.6,102.67,29453.0
14:06,102.65,102.66,102.62,102.64,21866.0
14:07,102.65,102.66,102.62,102.64,23706.0
14:08,102.61,102.64,102.61,102.64,19288.0
14:09,102.65,102.65,102.6,102.61,18745.0
14:10,102.64,102.67,102.62,102.65,22259.0
14:11,102.66,102.67,102.64,102.65,22627.0
14:12,102.66,102.69,102.63,102.65,25154.0
14:13,102.62,102.67,102.62,102.66,21985.0
14:14,102.6,102.62,102.6,102.62,15454.0
14:15,102.64,102.64,102.57,102.6,23030.0
14:16,102.68,102.71,102.64,102.65,27770.0
14:17,102.72,102.72,102.68,102.68,12791.0
14:18,102.76,102.79,102.71,102.71,18507.0
14:19,102.73,102.76,102.73,102.75,19285.0
14:20,102.73,102.74,102.7,102.74,27402.0
14:21,102.74,102.76,102.72,102.74,21230.0
14:22,102.74,102.77,102.72,102.74,16072.0
14:23,102.74,102.78,102.72,102.76,22506.0
14:24,102.75,102.75,102.71,102.74,17345.0
14:25,102.75,102.8,102.75,102.76,26896.0
14:26,102.76,102.77,102.73,102.75,44272.0
14:27,102.76,102.79,102.75,102.77,25576.0
14:28,102.77,102.79,102.73,102.76,22159.0
14:29,102.79,102.8,102.76,102.78,11531.0
14:30,102.78,102.81,102.78,102.79,19674.0
14:31,102.72,102.78,102.72,102.78,23757.0
14:32,102.78,102.78,102.71,102.73,22483.0
14:33,102.74,102.78,102.71,102.78,16310.0
14:34,102.75,102.77,102.74,102.75,18107.0
14:35,102.81,102.81,102.75,102.75,17825.0
14:36,102.83,102.86,102.8,102.81,28269.0
14:37,102.82,102.83,102.8,102.83,22336.0
14:38,102.76,102.82,102.76,102.82,19900.0
14:39,102.76,102.79,102.75,102.77,26199.0
14:40,102.8,102.82,102.76,102.76,26917.0
14:41,102.78,102.84,102.78,102.8,26157.0
14:42,102.79,102.8,102.78,102.78,25049.0
14:43,102.79,102.8,102.77,102.78,21646.0
14:44,102.86,102.86,102.8,102.8,27670.0
14:45,102.85,102.89,102.85,102.86,24662.0
14:46,102.85,102.86,102.84,102.85,13701.0
14:47,102.83,102.88,102.83,102.86,19931.0
14:48,102.85,102.86,102.83,102.83,20581.0
14:49,102.89,102.9,102.85,102.85,18463.0
14:50,102.92,102.94,102.9,102.9,23888.0
14:51,102.93,102.94,102.9,102.92,26519.0
14:52,102.94,102.94,102.92,102.93,15445.0
14:53,102.95,102.97,102.9,102.94,22034.0
14:54,102.92,102.96,102.92,102.96,35063.0
14:55,102.93,102.95,102.91,102.92,19982.0
14:56,102.84,102.92,102.82,102.92,37141.0
14:57,102.76,102.84,102.76,102.84,19769.0
14:58,102.76,102.81,102.76,102.77,30343.0
14:59,102.65,102.76,102.65,102.76,40080.0
15:00,102.63,102.65,102.62,102.65,30689.0
15:01,102.63,102.64,102.58,102.62,34869.0
15:02,102.6,102.66,102.58,102.64,19763.0
15:03,102.63,102.63,102.59,102.59,25711.0
15:04,102.64,102.66,102.61,102.63,21252.0
15:05,102.66,102.68,102.64,102.65,25035.0
15:06,102.68,102.69,102.64,102.66,45912.0
15:07,102.71,102.71,102.68,102.68,19816.0
15:08,102.74,102.74,102.69,102.72,27646.0
15:09,102.71,102.75,102.71,102.74,29697.0
15:10,102.77,102.78,102.71,102.71,25803.0
15:11,102.75,102.81,102.75,102.78,21235.0
15:12,102.79,102.81,102.75,102.76,19794.0
15:13,102.78,102.8,102.76,102.79,41294.0
15:14,102.77,102.81,102.77,102.79,20437.0
15:15,102.88,102.88,102.78,102.78,30484.0
15:16,102.88,102.89,102.86,102.88,29910.0
15:17,102.88,102.89,102.87,102.88,37274.0
15:18,102.92,102.93,102.86,102.87,36799.0
15:19,102.83,102.92,102.83,102.92,43505.0
15:20,102.81,102.85,102.81,102.82,36609.0
15:21,102.79,102.83,102.79,102.82,30041.0
15:22,102.82,102.83,102.79,102.79,25656.0
15:23,102.85,102.87,102.82,102.82,35490.0
15:24,102.88,102.88,102.82,102.86,27973.0
15:25,102.88,102.9,102.86,102.87,33913.0
15:26,102.9,102.93,102.89,102.89,27875.0
15:27,102.88,102.92,102.88,102.9,32359.0
15:28,102.86,102.92,102.86,102.87,22992.0
15:29,102.88,102.89,102.86,102.87,17621.0
15:30,102.92,102.92,102.88,102.89,61506.0
15:31,102.83,102.93,102.83,102.92,41826.0
15:32,102.78,102.85,102.77,102.83,47671.0
15:33,102.7,102.77,102.68,102.77,31592.0
15:34,102.68,102.74,102.68,102.69,24658.0
15:35,102.78,102.78,102.65,102.68,33980.0
15:36,102.87,102.88,102.75,102.78,51058.0
15:37,102.79,102.89,102.79,102.86,30826.0
15:38,102.79,102.81,102.78,102.79,29521.0
15:39,102.8,102.82,102.79,102.79,28252.0
15:40,102.82,102.83,102.79,102.8,31586.0
15:41,102.82,102.83,102.81,102.82,29554.0
15:42,102.82,102.83,102.81,102.82,25372.0
15:43,102.76,102.82,102.74,102.82,25388.0
15:44,102.79,102.79,102.74,102.76,37076.0
15:45,102.78,102.82,102.78,102.79,42768.0
15:46,102.79,102.81,102.78,102.78,30488.0
15:47,102.82,102.83,102.79,102.79,35379.0
15:48,102.73,102.82,102.71,102.82,60549.0
15:49,102.62,102.72,102.58,102.72,83138.0
15:50,102.71,102.73,102.61,102.61,91580.0
15:51,102.71,102.74,102.7,102.71,72052.0
15:52,102.75,102.75,102.68,102.71,56156.0
15:53,102.72,102.75,102.7,102.74,60360.0
15:54,102.87,102.88,102.72,102.72,103734.0
15:55,102.85,102.9,102.82,102.88,180359.0
15:56,102.93,102.94,102.86,102.86,103318.0
15:57,102.92,102.93,102.88,102.93,172267.0
15:58,102.97,102.97,102.89,102.93,216878.0
15:59,102.95,102.98,102.89,102.97,453184.0
