Time,Close,High,Low,Open,Volume
09:30,104.1,104.26,103.6,104.05,1700734.0
09:31,103.93,104.15,103.65,104.13,185011.0
09:32,103.47,104.0,103.36,103.97,145350.0
09:33,103.61,103.82,103.47,103.47,164751.0
09:34,103.36,103.62,103.21,103.61,200574.0
09:35,103.32,103.36,102.89,103.36,211995.0
09:36,103.37,103.44,103.23,103.32,78921.0
09:37,103.51,103.67,103.29,103.36,105217.0
09:38,103.72,103.72,103.51,103.54,94902.0
09:39,103.65,103.79,103.54,103.73,121572.0
09:40,103.61,103.67,103.48,103.64,99378.0
09:41,103.64,103.72,103.47,103.6,85343.0
09:42,103.66,103.77,103.57,103.66,86729.0
09:43,103.76,103.76,103.54,103.66,33370.0
09:44,103.78,103.78,103.62,103.77,57426.0
09:45,103.61,103.81,103.57,103.79,84611.0
09:46,103.65,103.67,103.53,103.61,64032.0
09:47,103.86,103.9,103.64,103.65,78111.0
09:48,103.88,104.0,103.87,103.88,54266.0
09:49,103.93,104.01,103.88,103.9,72661.0
09:50,103.79,103.91,103.75,103.91,42784.0
09:51,103.67,103.87,103.63,103.79,43151.0
09:52,103.82,103.9,103.67,103.67,86784.0
09:53,103.6,103.82,103.54,103.82,66977.0
09:54,103.61,103.64,103.53,103.6,36572.0
09:55,103.7,103.74,103.6,103.6,31774.0
09:56,103.81,103.92,103.62,103.71,109129.0
09:57,103.95,103.96,103.78,103.79,132434.0
09:58,103.84,104.0,103.81,103.94,49032.0
09:59,104.02,104.02,103.76,103.84,55970.0
10:00,103.97,104.03,103.89,104.02,73765.0
10:01,103.77,103.98,103.76,103.97,52955.0
10:02,103.86,103.88,103.72,103.79,62362.0
10:03,103.94,104.01,103.83,103.86,57839.0
10:04,103.86,103.95,103.86,103.94,60866.0
10:05,103.91,103.94,103.86,103.87,41534.0
10:06,103.95,103.96,103.84,103.9,47155.0
10:07,103.92,103.99,103.92,103.97,31918.0
10:08,104.14,104.17,103.87,103.94,104520.0
10:09,104.04,104.17,104.0,104.14,36044.0
10:10,104.21,104.23,104.04,104.05,69266.0
10:11,104.21,104.23,104.18,104.21,73052.0
10:12,104.29,104.33,104.13,104.21,64002.0
10:13,104.31,104.34,104.22,104.29,76122.0
10:14,104.36,104.41,104.3,104.32,88752.0
10:15,104.18,104.39,104.15,104.36,65184.0
10:16,104.42,104.45,104.17,104.17,89521.0
10:17,104.46,104.48,104.31,104.42,70670.0
10:18,104.35,104.58,104.33,104.46,116266.0
10:19,104.43,104.45,104.31,104.33,93983.0
10:20,104.64,104.67,104.43,104.43,68087.0
10:21,104.6,104.67,104.58,104.65,32454.0
10:22,104.5,104.6,104.41,104.6,68594.0
10:23,104.58,104.58,104.43,104.5,51235.0
10:24,104.54,104.59,104.49,104.57,46646.0
10:25,104.64,104.67,104.54,104.54,43897.0
10:26,104.68,104.69,104.56,104.63,53784.0
10:27,104.73,104.74,104.63,104.68,68427.0
10:28,104.57,104.74,104.57,104.74,34732.0
10:29,104.78,104.8,104.46,104.57,78448.0
10:30,104.93,104.94,104.76,104.77,94429.0
10:31,105.08,105.09,104.9,104.93,232026.0
10:32,104.99,105.18,104.99,105.09,119007.0
10:33,104.93,104.98,104.84,104.97,73467.0
10:34,104.98,105.1,104.92,104.93,78648.0
10:35,105.12,105.17,104.99,104.99,96759.0
10:36,105.14,105.19,105.08,105.12,87874.0
10:37,105.15,105.18,105.1,105.13,88206.0
10:38,105.11,105.18,105.1,105.15,60488.0
10:39,105.19,105.19,105.06,105.11,85634.0
10:40,105.11,105.18,105.04,105.18,78294.0
10:41,105.02,105.13,104.97,105.12,105497.0
10:42,104.84,105.01,104.77,105.01,92736.0
10:43,104.91,104.93,104.81,104.86,85520.0
10:44,104.86,104.91,104.83,104.91,57670.0
10:45,104.89,104.92,104.79,104.88,48263.0
10:46,105.04,105.06,104.87,104.9,83156.0
10:47,104.96,105.06,104.96,105.04,77926.0
10:48,105.0,105.01,104.96,104.96,34949.0
10:49,105.12,105.14,104.99,105.0,39597.0
10:50,105.13,105.14,104.98,105.12,45587.0
10:51,105.17,105.21,105.12,105.12,63862.0
10:52,105.11,105.17,105.08,105.17,29036.0
10:53,105.09,105.12,105.04,105.11,24629.0
10:54,105.18,105.2,105.09,105.09,46460.0
10:55,105.0,105.19,104.97,105.17,45953.0
10:56,105.01,105.06,104.9,104.97,46057.0
10:57,105.04,105.07,105.0,105.0,34614.0
10:58,105.06,105.1,105.03,105.03,24973.0
10:59,105.04,105.07,105.0,105.06,27505.0
11:00,104.99,105.1,104.96,105.07,55974.0
11:01,105.03,105.03,104.94,105.0,33524.0
11:02,104.98,105.14,104.97,105.04,79293.0
11:03,104.95,105.03,104.93,104.99,56024.0
11:04,104.97,105.04,104.96,104.96,14725.0
11:05,105.05,105.1,104.97,104.98,31883.0
11:06,105.1,105.12,105.03,105.05,31090.0
11:07,105.05,105.13,105.02,105.09,25890.0
11:08,105.0,105.06,104.98,105.06,33688.0
11:09,105.06,105.08,104.98,105.0,30366.0
11:10,105.08,105.11,105.05,105.06,61779.0
11:11,105.08,105.14,105.06,105.08,28114.0
11:12,105.08,105.13,105.06,105.07,17199.0
11:13,104.99,105.07,104.98,105.07,26452.0
11:14,104.95,105.0,104.94,104.99,29077.0
11:15,104.98,105.01,104.94,104.96,57433.0
11:16,105.0,105.04,104.97,104.99,53885.0
11:17,104.99,105.02,104.96,105.0,34441.0
11:18,104.99,105.01,104.96,104.99,44938.0
11:19,104.96,105.0,104.93,104.99,74043.0
11:20,105.06,105.07,104.95,104.96,89345.0
11:21,105.04,105.1,105.02,105.06,35361.0
11:22,105.07,105.12,105.0,105.03,118092.0
11:23,105.03,105.09,105.01,105.07,63147.0
11:24,104.97,105.04,104.97,105.04,29575.0
11:25,105.02,105.03,104.96,104.97,35234.0
11:26,104.99,105.04,104.93,105.02,31539.0
11:27,105.08,105.09,105.0,105.0,19291.0
11:28,105.01,105.11,105.01,105.09,23840.0
11:29,105.01,105.04,104.97,105.03,31453.0
11:30,104.98,105.04,104.98,105.0,31038.0
11:31,105.0,105.01,104.97,104.99,25367.0
11:32,105.02,105.04,104.99,105.01,22280.0
11:33,105.0,105.04,105.0,105.02,21119.0
11:34,105.06,105.07,105.0,105.0,32347.0
11:35,105.11,105.17,105.05,105.07,64978.0
11:36,105.06,105.14,105.05,105.12,46256.0
11:37,105.05,105.11,105.03,105.05,35215.0
11:38,105.06,105.07,104.94,105.07,142337.0
11:39,105.04,105.06,105.0,105.05,44680.0
11:40,105.03,105.08,105.03,105.04,26471.0
11:41,105.04,105.15,105.04,105.04,32075.0
11:42,105.0,105.07,105.0,105.04,20007.0
11:43,105.01,105.03,104.94,105.0,37265.0
11:44,105.05,105.08,104.99,105.01,27941.0
11:45,105.14,105.14,105.07,105.07,49921.0
11:46,105.21,105.21,105.1,105.13,31701.0
11:47,105.17,105.22,105.11,105.22,33186.0
11:48,105.12,105.17,105.1,105.17,18373.0
11:49,105.09,105.14,105.09,105.11,34791.0
11:50,105.15,105.15,105.08,105.09,24247.0
11:51,105.14,105.18,105.14,105.17,16152.0
11:52,105.23,105.24,105.12,105.14,36469.0
11:53,105.32,105.32,105.23,105.24,74235.0
11:54,105.28,105.31,105.25,105.31,41042.0
11:55,105.31,105.32,105.25,105.27,25855.0
11:56,105.29,105.34,105.28,105.31,36839.0
11:57,105.33,105.34,105.26,105.28,32958.0
11:58,105.28,105.34,105.25,105.34,30980.0
11:59,105.33,105.33,105.28,105.28,25247.0
12:00,105.25,105.35,105.25,105.34,34406.0
12:01,105.26,105.28,105.24,105.25,15261.0
12:02,105.45,105.46,105.25,105.26,48541.0
12:03,105.49,105.49,105.45,105.45,53063.0
12:04,105.63,105.65,105.44,105.48,88203.0
12:05,105.71,105.74,105.59,105.63,89080.0
12:06,105.78,105.85,105.69,105.7,128964.0
12:07,105.81,105.88,105.75,105.79,176682.0
12:08,105.87,105.88,105.75,105.8,75794.0
12:09,105.85,105.89,105.78,105.88,71015.0
12:10,105.88,105.88,105.79,105.85,53797.0
12:11,105.88,105.94,105.82,105.87,84924.0
12:12,105.97,105.97,105.78,105.87,66873.0
12:13,105.87,105.98,105.85,105.97,54275.0
12:14,105.75,105.9,105.73,105.88,73495.0
12:15,105.89,105.89,105.74,105.75,69829.0
12:16,105.86,105.9,105.8,105.88,44890.0
12:17,105.87,105.9,105.86,105.86,22263.0
12:18,105.82,105.88,105.76,105.87,43402.0
12:19,105.8,105.85,105.79,105.81,28273.0
12:20,105.98,105.99,105.79,105.79,45199.0
12:21,106.06,106.11,105.96,105.98,159924.0
12:22,105.96,106.06,105.93,106.06,40639.0
12:23,105.94,105.97,105.86,105.95,27524.0
12:24,105.94,105.99,105.92,105.94,26023.0
12:25,106.03,106.06,105.93,105.94,30531.0
12:26,105.96,106.03,105.94,106.03,25561.0
12:27,106.02,106.03,105.95,105.96,31398.0
12:28,106.07,106.1,106.02,106.02,30305.0
12:29,106.07,106.1,106.03,106.06,49891.0
12:30,105.99,106.1,105.97,106.07,38943.0
12:31,106.07,106.11,105.99,105.99,50737.0
12:32,106.05,106.09,106.04,106.07,27987.0
12:33,105.92,106.06,105.91,106.06,33500.0
12:34,106.05,106.06,105.88,105.91,63602.0
12:35,106.1,106.15,106.04,106.05,66381.0
12:36,106.06,106.11,106.01,106.11,32919.0
12:37,106.16,106.16,106.06,106.06,43541.0
12:38,106.24,106.27,106.15,106.16,63712.0
12:39,106.27,106.3,106.22,106.27,51736.0
12:40,106.35,106.37,106.27,106.27,47924.0
12:41,106.3,106.4,106.29,106.36,37264.0
12:42,106.27,106.31,106.24,106.31,43803.0
12:43,106.3,106.3,106.23,106.27,23471.0
12:44,106.31,106.32,106.29,106.3,27220.0
12:45,106.32,106.34,106.28,106.31,22822.0
12:46,106.36,106.38,106.3,106.32,43792.0
12:47,106.4,106.52,106.36,106.36,176035.0
12:48,106.44,106.44,106.36,106.41,24953.0
12:49,106.46,106.47,106.42,106.43,47311.0
12:50,106.45,106.48,106.45,106.46,22643.0
12:51,106.46,106.49,106.44,106.46,41111.0
12:52,106.48,106.49,106.43,106.46,26812.0
12:53,106.53,106.56,106.46,106.48,51775.0
12:54,106.45,106.57,106.45,106.53,27212.0
12:55,106.5,106.53,106.43,106.45,32070.0
12:56,106.5,106.56,106.49,106.51,48651.0
12:57,106.51,106.53,106.49,106.5,37249.0
12:58,106.57,106.63,106.51,106.51,52383.0
12:59,106.59,106.61,106.55,106.57,44680.0
13:00,106.6,106.61,106.56,106.59,42604.0
13:01,106.54,106.6,106.52,106.59,51178.0
13:02,106.63,106.63,106.51,106.53,64850.0
13:03,106.65,106.69,106.62,106.63,22487.0
13:04,106.73,106.74,106.66,106.66,42125.0
13:05,106.76,106.76,106.71,106.71,65345.0
13:06,106.8,106.81,106.75,106.78,38536.0
13:07,106.65,106.79,106.65,106.79,42353.0
13:08,106.7,106.75,106.59,106.64,53904.0
13:09,106.72,106.74,106.65,106.69,29726.0
13:10,106.69,106.79,106.67,106.73,74831.0
13:11,106.86,106.89,106.68,106.69,71017.0
13:12,106.85,106.89,106.82,106.86,38107.0
13:13,106.85,106.88,106.82,106.84,38152.0
13:14,106.84,106.93,106.82,106.85,37800.0
13:15,106.88,106.89,106.83,106.83,35900.0
13:16,106.8,106.88,106.77,106.88,68793.0
13:17,106.76,106.81,106.73,106.79,62720.0
13:18,106.77,106.82,106.73,106.76,81583.0
13:19,106.62,106.78,106.6,106.78,81537.0
13:20,106.57,106.65,106.49,106.61,79029.0
13:21,106.49,106.57,106.48,106.57,38954.0
13:22,106.46,106.53,106.45,106.49,36313.0
13:23,106.39,106.48,106.37,106.47,52072.0
13:24,106.49,106.5,106.39,106.39,36201.0
13:25,106.47,106.49,106.42,106.48,42015.0
13:26,106.34,106.47,106.34,106.47,27997.0
13:27,106.33,106.35,106.26,106.35,63041.0
13:28,106.29,106.4,106.29,106.35,23470.0
13:29,106.27,106.31,106.23,106.3,33516.0
13:30,106.31,106.32,106.25,106.26,34640.0
13:31,106.32,106.33,106.24,106.28,37074.0
13:32,106.32,106.36,106.31,106.31,31475.0
13:33,106.3,106.34,106.29,106.31,19719.0
13:34,106.34,106.37,106.31,106.31,26440.0
13:35,106.34,106.38,106.3,106.35,28885.0
13:36,106.42,106.43,106.33,106.34,23742.0
13:37,106.37,106.43,106.33,106.42,29647.0
13:38,106.46,106.46,106.35,106.36,24096.0
13:39,106.48,106.49,106.42,106.47,36986.0
13:40,106.42,106.52,106.42,106.48,28124.0
13:41,106.44,106.47,106.4,106.43,38374.0
13:42,106.46,106.47,106.42,106.44,26787.0
13:43,106.57,106.57,106.46,106.46,24605.0
13:44,106.55,106.59,106.52,106.57,25872.0
13:45,106.5,106.55,106.46,106.55,22305.0
13:46,106.5,106.52,106.49,106.5,28386.0
13:47,106.48,106.51,106.47,106.5,18358.0
13:48,106.36,106.5,106.34,106.49,26587.0
13:49,106.36,106.38,106.34,106.36,24106.0
13:50,106.34,106.37,106.32,106.36,28132.0
13:51,106.29,106.35,106.29,106.35,19264.0
13:52,106.17,106.29,106.17,106.29,44182.0
13:53,106.24,106.24,106.17,106.17,28992.0
13:54,106.26,106.29,106.24,106.25,21416.0
13:55,106.25,106.27,106.24,106.26,23390.0
13:56,106.3,106.33,106.25,106.25,72587.0
13:57,106.26,106.3,106.22,106.29,27225.0
13:58,106.29,106.3,106.26,106.26,29722.0
13:59,106.35,106.35,106.29,106.29,26045.0
14:00,106.38,106.43,106.33,106.36,28652.0
14:01,106.4,106.4,106.34,106.37,23485.0
14:02,106.41,106.44,106.39,106.4,17424.0
14:03,106.52,106.56,106.41,106.42,45599.0
14:04,106.73,106.74,106.5,106.53,100408.0
14:05,106.86,106.86,106.7,106.73,162866.0
14:06,106.81,106.95,106.81,106.86,141840.0
14:07,106.85,106.89,106.78,106.81,88436.0
14:08,107.0,107.02,106.85,106.86,98205.0
14:09,107.02,107.03,106.99,107.0,84708.0
14:10,107.26,107.29,107.02,107.02,144965.0
14:11,107.29,107.3,107.2,107.26,99185.0
14:12,107.39,107.43,107.28,107.29,83688.0
14:13,107.27,107.4,107.24,107.4,92441.0
14:14,107.34,107.37,107.27,107.27,78134.0
14:15,107.33,107.35,107.22,107.34,123313.0
14:16,107.39,107.42,107.33,107.33,113291.0
14:17,107.56,107.56,107.37,107.39,115549.0
14:18,107.58,107.68,107.49,107.56,203015.0
14:19,107.61,107.67,107.57,107.58,84181.0
14:20,107.61,107.68,107.51,107.61,120480.0
14:21,107.4,107.63,107.39,107.61,77792.0
14:22,107.46,107.53,107.4,107.4,53673.0
14:23,107.45,107.48,107.43,107.46,37251.0
14:24,107.42,107.45,107.35,107.45,49047.0
14:25,107.42,107.44,107.38,107.42,50282.0
14:26,107.47,107.5,107.4,107.42,44035.0
14:27,107.45,107.54,107.44,107.47,80551.0
14:28,107.57,107.62,107.46,107.46,83321.0
14:29,107.51,107.62,107.51,107.57,52365.0
14:30,107.56,107.6,107.48,107.51,53411.0
14:31,107.57,107.62,107.56,107.57,78458.0
14:32,107.61,107.64,107.52,107.57,64858.0
14:33,107.62,107.64,107.59,107.61,49635.0
14:34,107.62,107.64,107.59,107.62,40785.0
14:35,107.7,107.74,107.61,107.63,72533.0
14:36,107.67,107.78,107.67,107.7,111916.0
14:37,107.57,107.71,107.57,107.67,48736.0
14:38,107.65,107.69,107.51,107.57,60747.0
14:39,107.82,107.83,107.66,107.66,93727.0
14:40,107.77,107.82,107.73,107.82,59620.0
14:41,107.86,107.86,107.76,107.78,46923.0
14:42,107.86,107.89,107.85,107.85,55403.0
14:43,107.89,107.91,107.85,107.87,53217.0
14:44,107.88,107.92,107.87,107.89,51331.0
14:45,107.79,107.88,107.75,107.88,63768.0
14:46,107.78,107.82,107.76,107.8,44999.0
14:47,107.77,107.82,107.75,107.79,52824.0
14:48,107.74,107.79,107.69,107.78,46301.0
14:49,107.69,107.8,107.65,107.74,86267.0
14:50,107.71,107.71,107.67,107.69,38628.0
14:51,107.73,107.75,107.71,107.71,37349.0
14:52,107.73,107.74,107.69,107.73,31621.0
14:53,107.82,107.9,107.71,107.72,140232.0
14:54,107.71,107.82,107.69,107.82,78817.0
14:55,107.57,107.71,107.57,107.71,58536.0
14:56,107.52,107.58,107.46,107.57,103470.0
14:57,107.44,107.58,107.43,107.52,57080.0
14:58,107.44,107.49,107.38,107.46,69547.0
14:59,107.5,107.54,107.42,107.44,87567.0
15:00,107.53,107.54,107.49,107.5,58211.0
15:01,107.63,107.64,107.51,107.53,108746.0
15:02,107.7,107.72,107.62,107.62,58673.0
15:03,107.76,107.79,107.71,107.71,36435.0
15:04,107.71,107.78,107.69,107.76,70459.0
15:05,107.69,107.75,107.67,107.72,52545.0
15:06,107.66,107.71,107.63,107.7,93203.0
15:07,107.6,107.68,107.6,107.65,402722.0
15:08,107.6,107.73,107.55,107.61,107335.0
15:09,107.47,107.63,107.47,107.61,72024.0
15:10,107.5,107.5,107.37,107.47,46564.0
15:11,107.27,107.49,107.27,107.49,82119.0
15:12,107.22,107.3,107.22,107.28,82930.0
15:13,107.24,107.27,107.12,107.22,104606.0
15:14,107.12,107.25,107.1,107.24,71260.0
15:15,107.08,107.18,107.01,107.12,74114.0
15:16,106.87,107.08,106.86,107.08,69643.0
15:17,106.84,106.93,106.79,106.86,73204.0
15:18,106.82,106.86,106.78,106.83,58438.0
15:19,106.81,106.91,106.81,106.82,53448.0
15:20,106.86,106.88,106.79,106.82,73155.0
15:21,106.78,106.99,106.75,106.87,237652.0
15:22,106.7,106.86,106.69,106.78,92746.0
15:23,106.71,106.76,106.68,106.69,72883.0
15:24,106.68,106.71,106.67,106.71,87635.0
15:25,106.73,106.83,106.68,106.69,110006.0
15:26,106.69,106.73,106.67,106.72,79620.0
15:27,106.72,106.79,106.65,106.69,121576.0
15:28,106.82,106.82,106.72,106.72,64930.0
15:29,106.91,106.91,106.82,106.82,57696.0
15:30,107.0,107.05,106.86,106.91,91558.0
15:31,107.08,107.08,106.97,107.0,72158.0
15:32,107.07,107.15,107.04,107.07,65100.0
15:33,107.11,107.12,107.07,107.07,58557.0
15:34,106.97,107.12,106.97,107.11,57342.0
15:35,107.07,107.08,106.95,106.97,68688.0
15:36,107.1,107.11,107.07,107.07,35855.0
15:37,106.94,107.17,106.89,107.1,149489.0
15:38,106.96,106.96,106.86,106.93,66256.0
15:39,107.01,107.06,106.95,106.95,44050.0
15:40,106.98,107.04,106.92,107.02,44086.0
15:41,106.9,107.0,106.88,106.98,47337.0
15:42,106.88,106.96,106.86,106.89,45761.0
15:43,106.87,106.92,106.83,106.88,75532.0
15:44,106.79,106.87,106.75,106.87,97834.0
15:45,106.8,106.92,106.76,106.79,89895.0
15:46,106.86,106.89,106.75,106.79,174349.0
15:47,106.85,106.87,106.75,106.86,61442.0
15:48,106.98,107.0,106.85,106.85,94006.0
15:49,106.91,107.06,106.89,106.99,87926.0
15:50,106.94,106.99,106.85,106.91,133857.0
15:51,106.96,106.98,106.88,106.94,122381.0
15:52,106.99,107.03,106.95,106.96,127379.0
15:53,107.0,107.01,106.96,106.99,101592.0
15:54,107.06,107.06,106.99,107.0,132362.0
15:55,107.08,107.1,106.97,107.05,194271.0
15:56,107.04,107.09,107.03,107.08,181777.0
15:57,107.14,107.14,107.01,107.04,238115.0
15:58,107.12,107.18,107.07,107.14,316574.0
15:59,107.18,107.24,107.07,107.12,585494.0
