Time,Close,High,Low,Open,Volume
09:30,103.18,103.59,103.15,103.59,373347.0
09:31,103.2,103.33,103.15,103.18,42977.0
09:32,103.15,103.24,103.09,103.18,65103.0
09:33,103.21,103.24,103.03,103.14,33372.0
09:34,103.06,103.18,103.05,103.18,51210.0
09:35,103.06,103.15,103.01,103.06,50563.0
09:36,103.22,103.27,103.05,103.06,73933.0
09:37,103.26,103.35,103.22,103.23,58551.0
09:38,103.21,103.24,103.11,103.24,43618.0
09:39,103.04,103.26,103.04,103.21,49854.0
09:40,103.12,103.16,103.02,103.04,38248.0
09:41,103.17,103.19,103.06,103.11,37605.0
09:42,103.43,103.43,103.11,103.12,88978.0
09:43,103.53,103.6,103.36,103.45,45239.0
09:44,103.56,103.6,103.45,103.54,38879.0
09:45,103.62,103.62,103.5,103.55,45007.0
09:46,103.76,103.8,103.6,103.61,45120.0
09:47,103.7,103.8,103.66,103.75,49165.0
09:48,103.68,103.71,103.64,103.69,37705.0
09:49,103.78,103.78,103.59,103.68,58362.0
09:50,103.74,103.78,103.72,103.78,28337.0
09:51,103.81,103.83,103.68,103.73,33871.0
09:52,103.77,103.82,103.76,103.81,12944.0
09:53,103.85,103.85,103.72,103.77,39546.0
09:54,103.85,103.93,103.84,103.86,36130.0
09:55,103.76,103.85,103.76,103.83,26672.0
09:56,103.67,103.76,103.67,103.76,26563.0
09:57,103.59,103.68,103.59,103.68,31316.0
09:58,103.63,103.66,103.57,103.58,21848.0
09:59,103.64,103.66,103.61,103.63,23496.0
10:00,103.54,103.64,103.48,103.63,48341.0
10:01,103.54,103.56,103.51,103.52,19233.0
10:02,103.58,103.62,103.54,103.55,30452.0
10:03,103.51,103.58,103.51,103.57,50038.0
10:04,103.52,103.52,103.44,103.5,44047.0
10:05,103.53,103.59,103.5,103.51,34106.0
10:06,103.53,103.54,103.46,103.53,32757.0
10:07,103.45,103.54,103.44,103.53,21263.0
10:08,103.44,103.49,103.44,103.46,21148.0
10:09,103.46,103.46,103.41,103.44,30426.0
10:10,103.38,103.5,103.38,103.46,254394.0
10:11,103.4,103.46,103.37,103.37,21510.0
10:12,103.34,103.39,103.33,103.39,31625.0
10:13,103.25,103.35,103.25,103.34,39966.0
10:14,103.13,103.25,103.13,103.24,21569.0
10:15,103.19,103.24,103.09,103.12,75690.0
10:16,103.23,103.25,103.19,103.2,29631.0
10:17,103.24,103.26,103.22,103.24,30814.0
10:18,103.28,103.3,103.24,103.25,67691.0
10:19,103.36,103.4,103.28,103.29,24299.0
10:20,103.39,103.39,103.32,103.36,27400.0
10:21,103.43,103.47,103.39,103.39,19533.0
10:22,103.45,103.46,103.39,103.43,23479.0
10:23,103.41,103.43,103.38,103.43,31211.0
10:24,103.39,103.42,103.37,103.41,13776.0
10:25,103.39,103.4,103.35,103.38,19645.0
10:26,103.4,103.42,103.38,103.39,18318.0
10:27,103.33,103.39,103.33,103.39,13096.0
10:28,103.33,103.38,103.32,103.33,32119.0
10:29,103.19,103.33,103.17,103.33,36744.0
10:30,103.19,103.25,103.19,103.21,19818.0
10:31,103.19,103.26,103.19,103.21,16489.0
10:32,103.09,103.19,103.08,103.19,31833.0
10:33,103.11,103.12,103.07,103.08,27197.0
10:34,103.15,103.16,103.11,103.12,17035.0
10:35,103.18,103.21,103.14,103.15,33541.0
10:36,103.19,103.21,103.15,103.19,25517.0
10:37,103.17,103.2,103.17,103.18,18367.0
10:38,103.13,103.17,103.11,103.17,23796.0
10:39,103.1,103.14,103.09,103.13,22225.0
10:40,103.04,103.1,103.04,103.1,21914.0
10:41,103.05,103.08,103.03,103.04,31593.0
10:42,103.04,103.06,103.01,103.05,39402.0
10:43,103.14,103.16,103.03,103.03,23583.0
10:44,103.15,103.18,103.12,103.15,24431.0
10:45,103.22,103.22,103.14,103.15,32355.0
10:46,103.19,103.23,103.18,103.23,30960.0
10:47,103.21,103.26,103.18,103.18,27827.0
10:48,103.18,103.25,103.17,103.21,31123.0
10:49,103.11,103.19,103.11,103.17,34999.0
10:50,103.1,103.13,103.08,103.11,73109.0
10:51,103.16,103.18,103.1,103.1,36527.0
10:52,103.12,103.18,103.1,103.17,56755.0
10:53,103.02,103.14,103.01,103.13,28137.0
10:54,103.07,103.07,103.01,103.03,43317.0
10:55,103.04,103.1,103.04,103.07,45193.0
10:56,102.97,103.05,102.97,103.05,56184.0
10:57,102.96,103.01,102.94,102.97,102609.0
10:58,102.97,103.0,102.94,102.97,26755.0
10:59,102.94,102.99,102.93,102.96,24011.0
11:00,102.86,102.95,102.85,102.95,36758.0
11:01,102.82,102.86,102.77,102.86,61511.0
11:02,102.91,102.93,102.82,102.82,41263.0
11:03,102.88,102.92,102.87,102.9,26208.0
11:04,102.85,102.9,102.84,102.89,21031.0
11:05,102.79,102.84,102.76,102.83,38073.0
11:06,102.85,102.86,102.79,102.79,29525.0
11:07,102.86,102.9,102.85,102.85,25157.0
11:08,102.87,102.9,102.84,102.86,24540.0
11:09,102.89,102.95,102.86,102.87,27747.0
11:10,102.85,102.89,102.84,102.89,30537.0
11:11,102.79,102.88,102.77,102.85,30350.0
11:12,102.76,102.77,102.7,102.77,32688.0
11:13,102.69,102.78,102.68,102.76,27498.0
11:14,102.67,102.7,102.65,102.68,47839.0
11:15,102.56,102.68,102.54,102.67,168324.0
11:16,102.6,102.63,102.5,102.56,50427.0
11:17,102.62,102.63,102.57,102.6,49947.0
11:18,102.56,102.61,102.54,102.61,39596.0
11:19,102.57,102.61,102.56,102.57,24422.0
11:20,102.57,102.59,102.53,102.57,55148.0
11:21,102.57,102.61,102.57,102.58,44440.0
11:22,102.54,102.58,102.51,102.57,36303.0
11:23,102.54,102.6,102.53,102.53,32755.0
11:24,102.57,102.59,102.54,102.54,21941.0
11:25,102.57,102.57,102.56,102.57,22344.0
11:26,102.53,102.57,102.53,102.57,170075.0
11:27,102.46,102.52,102.44,102.52,82964.0
11:28,102.42,102.46,102.42,102.46,40662.0
11:29,102.35,102.43,102.34,102.43,44492.0
11:30,102.4,102.4,102.28,102.35,45022.0
11:31,102.43,102.44,102.36,102.4,34963.0
11:32,102.46,102.49,102.39,102.43,35304.0
11:33,102.46,102.48,102.45,102.46,24512.0
11:34,102.42,102.47,102.42,102.46,17370.0
11:35,102.42,102.43,102.35,102.43,32895.0
11:36,102.36,102.43,102.35,102.42,24087.0
11:37,102.39,102.39,102.31,102.35,30170.0
11:38,102.37,102.39,102.33,102.38,31163.0
11:39,102.36,102.38,102.34,102.36,32638.0
11:40,102.33,102.38,102.31,102.36,64776.0
11:41,102.36,102.38,102.32,102.32,27084.0
11:42,102.38,102.4,102.35,102.36,24229.0
11:43,102.39,102.4,102.38,102.38,18695.0
11:44,102.39,102.42,102.36,102.39,48561.0
11:45,102.25,102.38,102.24,102.38,32850.0
11:46,102.23,102.25,102.2,102.25,50550.0
11:47,102.12,102.23,102.1,102.23,43593.0
11:48,102.09,102.13,102.07,102.11,70758.0
11:49,102.13,102.14,102.05,102.1,53077.0
11:50,102.06,102.13,102.04,102.13,34373.0
11:51,102.17,102.17,102.02,102.07,41867.0
11:52,102.28,102.28,102.14,102.17,71993.0
11:53,102.23,102.34,102.21,102.28,29620.0
11:54,102.21,102.22,102.18,102.22,17730.0
11:55,102.28,102.28,102.21,102.21,35079.0
11:56,102.23,102.28,102.22,102.27,25730.0
11:57,102.3,102.3,102.23,102.23,35059.0
11:58,102.44,102.44,102.27,102.3,27659.0
11:59,102.4,102.46,102.37,102.46,29439.0
12:00,102.53,102.55,102.41,102.41,60709.0
12:01,102.43,102.54,102.43,102.53,39886.0
12:02,102.43,102.46,102.41,102.42,25421.0
12:03,102.44,102.48,102.42,102.43,27679.0
12:04,102.54,102.54,102.44,102.45,17386.0
12:05,102.54,102.56,102.5,102.53,21471.0
12:06,102.55,102.56,102.53,102.53,16987.0
12:07,102.55,102.56,102.54,102.56,11893.0
12:08,102.56,102.61,102.54,102.54,33524.0
12:09,102.54,102.59,102.51,102.55,82991.0
12:10,102.54,102.57,102.52,102.54,15258.0
12:11,102.59,102.59,102.53,102.55,20429.0
12:12,102.58,102.6,102.57,102.59,14585.0
12:13,102.56,102.58,102.53,102.58,20548.0
12:14,102.69,102.69,102.55,102.57,28069.0
12:15,102.71,102.74,102.67,102.69,29717.0
12:16,102.69,102.71,102.67,102.71,22417.0
12:17,102.53,102.69,102.5,102.68,97059.0
12:18,102.54,102.58,102.53,102.53,35933.0
12:19,102.54,102.56,102.52,102.54,22711.0
12:20,102.54,102.57,102.53,102.55,36216.0
12:21,102.49,102.54,102.47,102.54,39660.0
12:22,102.58,102.58,102.47,102.49,26234.0
12:23,102.51,102.6,102.51,102.58,24843.0
12:24,102.53,102.53,102.45,102.51,68592.0
12:25,102.57,102.57,102.5,102.54,141608.0
12:26,102.58,102.6,102.56,102.57,16319.0
12:27,102.66,102.7,102.57,102.58,21512.0
12:28,102.69,102.74,102.68,102.69,28766.0
12:29,102.7,102.71,102.69,102.69,20284.0
12:30,102.78,102.79,102.71,102.71,23993.0
12:31,102.86,102.88,102.75,102.78,43943.0
12:32,102.88,102.88,102.83,102.86,33775.0
12:33,102.79,102.9,102.79,102.88,25599.0
12:34,102.82,102.83,102.78,102.78,25099.0
12:35,102.83,102.86,102.82,102.82,20770.0
12:36,102.79,102.84,102.79,102.84,18431.0
12:37,102.77,102.83,102.76,102.8,22017.0
12:38,102.79,102.79,102.76,102.77,10832.0
12:39,102.79,102.8,102.76,102.79,14279.0
12:40,102.77,102.79,102.76,102.79,29632.0
12:41,102.72,102.78,102.72,102.78,19959.0
12:42,102.68,102.74,102.68,102.72,23022.0
12:43,102.69,102.71,102.68,102.68,17030.0
12:44,102.66,102.71,102.66,102.69,18480.0
12:45,102.68,102.71,102.67,102.67,17215.0
12:46,102.69,102.69,102.67,102.68,22390.0
12:47,102.64,102.7,102.64,102.7,25437.0
12:48,102.67,102.68,102.64,102.64,18940.0
12:49,102.68,102.68,102.65,102.67,13418.0
12:50,102.65,102.67,102.63,102.67,14776.0
12:51,102.68,102.7,102.66,102.66,14027.0
12:52,102.69,102.7,102.66,102.68,11366.0
12:53,102.71,102.72,102.68,102.69,23100.0
12:54,102.73,102.76,102.7,102.71,29692.0
12:55,102.75,102.76,102.73,102.73,15381.0
12:56,102.72,102.76,102.72,102.75,13198.0
12:57,102.71,102.73,102.68,102.72,21792.0
12:58,102.57,102.72,102.5,102.71,197582.0
12:59,102.48,102.58,102.48,102.57,22347.0
13:00,102.54,102.55,102.46,102.49,33042.0
13:01,102.54,102.56,102.54,102.54,14752.0
13:02,102.56,102.57,102.54,102.54,31469.0
13:03,102.48,102.61,102.48,102.56,39334.0
13:04,102.44,102.49,102.42,102.47,34310.0
13:05,102.42,102.47,102.42,102.43,15697.0
13:06,102.41,102.44,102.4,102.42,25400.0
13:07,102.4,102.41,102.38,102.41,28555.0
13:08,102.43,102.45,102.38,102.4,71272.0
13:09,102.45,102.46,102.41,102.43,38875.0
13:10,102.43,102.46,102.42,102.44,14113.0
13:11,102.41,102.43,102.38,102.42,32919.0
13:12,102.45,102.45,102.41,102.41,12619.0
13:13,102.38,102.45,102.38,102.44,19280.0
13:14,102.43,102.45,102.38,102.39,14751.0
13:15,102.42,102.44,102.42,102.44,9092.0
13:16,102.39,102.42,102.37,102.42,47452.0
13:17,102.38,102.4,102.38,102.39,18328.0
13:18,102.38,102.4,102.37,102.38,11290.0
13:19,102.36,102.38,102.33,102.38,23582.0
13:20,102.39,102.41,102.35,102.36,20172.0
13:21,102.47,102.47,102.39,102.39,64232.0
13:22,102.48,102.49,102.46,102.48,9850.0
13:23,102.41,102.48,102.4,102.46,32402.0
13:24,102.44,102.49,102.4,102.4,31807.0
13:25,102.41,102.46,102.38,102.45,21629.0
13:26,102.35,102.42,102.34,102.4,23838.0
13:27,102.37,102.39,102.35,102.35,22430.0
13:28,102.38,102.39,102.36,102.37,13170.0
13:29,102.38,102.4,102.36,102.37,32181.0
13:30,102.38,102.43,102.38,102.38,30140.0
13:31,102.47,102.48,102.36,102.38,32412.0
13:32,102.54,102.56,102.46,102.46,14763.0
13:33,102.46,102.53,102.46,102.53,30629.0
13:34,102.46,102.48,102.45,102.47,24453.0
13:35,102.57,102.57,102.45,102.45,24518.0
13:36,102.54,102.59,102.54,102.57,18496.0
13:37,102.56,102.57,102.53,102.54,20991.0
13:38,102.54,102.57,102.53,102.56,23518.0
13:39,102.53,102.54,102.52,102.54,17203.0
13:40,102.46,102.54,102.46,102.53,29162.0
13:41,102.51,102.51,102.43,102.45,33781.0
13:42,102.47,102.52,102.45,102.51,16004.0
13:43,102.49,102.51,102.47,102.48,24439.0
13:44,102.49,102.51,102.47,102.49,24985.0
13:45,102.46,102.49,102.44,102.49,27406.0
13:46,102.48,102.49,102.45,102.46,27839.0
13:47,102.51,102.55,102.49,102.49,32691.0
13:48,102.44,102.5,102.43,102.5,63874.0
13:49,102.49,102.49,102.44,102.44,21384.0
13:50,102.53,102.53,102.47,102.49,15715.0
13:51,102.54,102.55,102.53,102.55,15557.0
13:52,102.59,102.59,102.53,102.54,17081.0
13:53,102.61,102.61,102.57,102.6,18887.0
13:54,102.55,102.61,102.55,102.61,17419.0
13:55,102.54,102.59,102.54,102.56,25616.0
13:56,102.57,102.59,102.53,102.54,22951.0
13:57,102.54,102.58,102.53,102.58,9871.0
13:58,102.56,102.56,102.53,102.54,14457.0
13:59,102.48,102.56,102.47,102.56,43031.0
14:00,102.5,102.5,102.43,102.48,24404.0
14:01,102.51,102.51,102.46,102.5,19473.0
14:02,102.5,102.54,102.48,102.51,28024.0
14:03,102.47,102.5,102.47,102.5,41303.0
14:04,102.44,102.51,102.42,102.47,78284.0
14:05,102.43,102.45,102.36,102.44,36799.0
14:06,102.41,102.44,102.41,102.43,18414.0
14:07,102.42,102.46,102.41,102.42,31538.0
14:08,102.36,102.43,102.36,102.43,26483.0
14:09,102.4,102.4,102.34,102.36,30635.0
14:10,102.39,102.4,102.36,102.4,19552.0
14:11,102.39,102.41,102.37,102.39,32578.0
14:12,102.39,102.4,102.36,102.4,14269.0
14:13,102.43,102.43,102.39,102.39,11688.0
14:14,102.4,102.44,102.4,102.43,20178.0
14:15,102.39,102.41,102.39,102.4,15904.0
14:16,102.44,102.44,102.39,102.39,23603.0
14:17,102.42,102.44,102.42,102.44,12723.0
14:18,102.35,102.42,102.35,102.42,27281.0
14:19,102.36,102.37,102.32,102.34,24708.0
14:20,102.35,102.36,102.35,102.35,17869.0
14:21,102.4,102.41,102.34,102.34,18077.0
14:22,102.35,102.39,102.34,102.39,32341.0
14:23,102.29,102.34,102.29,102.34,19084.0
14:24,102.31,102.32,102.28,102.3,21760.0
14:25,102.29,102.35,102.28,102.31,34325.0
14:26,102.29,102.32,102.29,102.29,22548.0
14:27,102.27,102.3,102.21,102.3,30370.0
14:28,102.26,102.28,102.25,102.26,17005.0
14:29,102.26,102.27,102.25,102.26,18638.0
14:30,102.25,102.26,102.19,102.26,30716.0
14:31,102.25,102.26,102.2,102.24,27965.0
14:32,102.18,102.26,102.18,102.25,25832.0
14:33,102.1,102.17,102.09,102.17,27048.0
14:34,102.13,102.16,102.07,102.1,38697.0
14:35,102.09,102.16,102.09,102.16,32911.0
14:36,102.05,102.1,102.05,102.09,31971.0
14:37,102.18,102.18,102.05,102.05,75639.0
14:38,102.16,102.22,102.12,102.19,25927.0
14:39,102.14,102.16,102.12,102.16,17827.0
14:40,102.07,102.14,102.06,102.14,28446.0
14:41,102.12,102.13,102.05,102.06,25776.0
14:42,102.08,102.12,102.07,102.11,23784.0
14:43,102.1,102.1,102.07,102.07,18069.0
14:44,102.11,102.11,102.09,102.09,16829.0
14:45,102.09,102.11,102.07,102.11,27263.0
14:46,102.14,102.15,102.1,102.1,25726.0
14:47,102.14,102.16,102.12,102.14,23080.0
14:48,102.08,102.16,102.07,102.15,27514.0
14:49,102.1,102.14,102.06,102.08,26387.0
14:50,102.14,102.15,102.1,102.1,35689.0
14:51,102.14,102.14,102.1,102.14,26179.0
14:52,102.14,102.15,102.11,102.14,29594.0
14:53,102.14,102.15,102.12,102.14,21383.0
14:54,102.16,102.19,102.1,102.14,38088.0
14:55,102.18,102.18,102.13,102.15,35015.0
14:56,102.28,102.3,102.17,102.18,54033.0
14:57,102.24,102.27,102.24,102.27,24661.0
14:58,102.22,102.26,102.21,102.24,33153.0
14:59,102.28,102.29,102.22,102.23,29752.0
15:00,102.26,102.28,102.24,102.28,22009.0
15:01,102.22,102.26,102.22,102.26,19097.0
15:02,102.31,102.32,102.22,102.22,48888.0
15:03,102.27,102.31,102.26,102.31,31970.0
15:04,102.31,102.31,102.25,102.27,124059.0
15:05,102.38,102.38,102.3,102.31,42189.0
15:06,102.45,102.45,102.31,102.38,155815.0
15:07,102.46,102.46,102.43,102.44,22879.0
15:08,102.44,102.47,102.43,102.45,21329.0
15:09,102.41,102.46,102.4,102.45,40658.0
15:10,102.4,102.43,102.39,102.43,49185.0
15:11,102.38,102.43,102.36,102.41,67557.0
15:12,102.46,102.5,102.39,102.39,47359.0
15:13,102.47,102.47,102.44,102.46,29743.0
15:14,102.53,102.54,102.44,102.47,25278.0
15:15,102.53,102.56,102.51,102.53,25177.0
15:16,102.64,102.64,102.54,102.54,30465.0
15:17,102.58,102.68,102.56,102.64,77945.0
15:18,102.62,102.63,102.57,102.57,16731.0
15:19,102.6,102.63,102.59,102.63,20807.0
15:20,102.63,102.64,102.6,102.62,31552.0
15:21,102.64,102.65,102.61,102.62,37566.0
15:22,102.63,102.69,102.63,102.65,89207.0
15:23,102.6,102.63,102.6,102.62,32438.0
15:24,102.52,102.6,102.52,102.59,26347.0
15:25,102.51,102.6,102.49,102.52,60765.0
15:26,102.62,102.64,102.51,102.51,71931.0
15:27,102.67,102.67,102.61,102.61,66975.0
15:28,102.74,102.75,102.67,102.67,25176.0
15:29,102.59,102.77,102.59,102.75,67302.0
15:30,102.51,102.58,102.5,102.58,46877.0
15:31,102.53,102.53,102.46,102.5,47662.0
15:32,102.53,102.57,102.5,102.53,40492.0
15:33,102.47,102.53,102.42,102.52,53835.0
15:34,102.51,102.54,102.47,102.47,56460.0
15:35,102.57,102.57,102.51,102.51,56897.0
15:36,102.56,102.58,102.53,102.57,39588.0
15:37,102.57,102.57,102.53,102.56,19836.0
15:38,102.54,102.58,102.54,102.58,40538.0
15:39,102.57,102.57,102.54,102.54,30836.0
15:40,102.57,102.6,102.54,102.56,63791.0
15:41,102.54,102.57,102.51,102.57,57389.0
15:42,102.46,102.54,102.46,102.53,58770.0
15:43,102.53,102.53,102.44,102.47,51068.0
15:44,102.54,102.57,102.53,102.53,30623.0
15:45,102.62,102.62,102.52,102.55,114962.0
15:46,102.5,102.64,102.48,102.64,65846.0
15:47,102.46,102.5,102.46,102.49,61246.0
15:48,102.4,102.48,102.4,102.47,59328.0
15:49,102.39,102.41,102.37,102.4,56955.0
15:50,102.47,102.47,102.37,102.39,82748.0
15:51,102.49,102.51,102.4,102.47,132896.0
15:52,102.42,102.5,102.38,102.49,134283.0
15:53,102.43,102.45,102.39,102.42,101587.0
15:54,102.49,102.56,102.43,102.43,166912.0
15:55,102.44,102.53,102.38,102.5,205830.0
15:56,102.54,102.61,102.45,102.45,211174.0
15:57,102.6,102.63,102.54,102.54,223182.0
15:58,102.53,102.61,102.5,102.6,250904.0
15:59,102.57,102.57,102.47,102.53,320011.0
