Time,Close,High,Low,Open,Volume
09:30,103.36,103.47,102.8,103.04,414273.0
09:31,103.12,103.37,103.12,103.34,58726.0
09:32,103.14,103.33,103.01,103.12,53090.0
09:33,103.08,103.34,103.08,103.15,61833.0
09:34,103.09,103.11,102.96,103.08,63784.0
09:35,103.01,103.28,103.01,103.1,49106.0
09:36,102.98,103.1,102.91,103.01,64041.0
09:37,102.93,103.07,102.93,102.98,56545.0
09:38,103.0,103.04,102.81,102.9,46418.0
09:39,103.09,103.15,102.96,102.99,46567.0
09:40,103.18,103.22,103.03,103.09,42470.0
09:41,103.05,103.24,103.05,103.18,37493.0
09:42,103.03,103.11,102.98,103.06,23529.0
09:43,103.08,103.23,103.03,103.03,44662.0
09:44,103.05,103.1,103.03,103.1,31256.0
09:45,102.95,103.19,102.93,103.05,71509.0
09:46,102.98,103.07,102.94,102.95,50235.0
09:47,103.0,103.09,102.98,102.99,22423.0
09:48,102.98,103.03,102.9,103.0,25036.0
09:49,102.97,103.06,102.95,103.0,33903.0
09:50,102.88,102.99,102.88,102.97,32356.0
09:51,102.94,102.98,102.82,102.9,38130.0
09:52,102.88,103.0,102.86,102.95,13136.0
09:53,102.83,102.9,102.81,102.89,18233.0
09:54,102.72,102.84,102.72,102.83,22992.0
09:55,102.75,102.78,102.72,102.73,39735.0
09:56,102.79,102.82,102.73,102.75,35153.0
09:57,102.79,102.8,102.7,102.78,36067.0
09:58,102.73,102.79,102.73,102.79,9752.0
09:59,102.82,102.83,102.68,102.72,43266.0
10:00,102.76,102.88,102.75,102.81,80060.0
10:01,102.88,102.94,102.77,102.77,43286.0
10:02,102.81,102.89,102.8,102.89,19778.0
10:03,102.89,102.9,102.82,102.82,29432.0
10:04,102.84,102.91,102.84,102.88,15907.0
10:05,102.85,102.87,102.81,102.84,21670.0
10:06,102.82,102.9,102.8,102.86,20732.0
10:07,102.74,102.84,102.74,102.82,21581.0
10:08,102.71,102.81,102.71,102.74,13969.0
10:09,102.7,102.75,102.65,102.71,19198.0
10:10,102.75,102.76,102.69,102.69,13110.0
10:11,102.83,102.83,102.74,102.74,19328.0
10:12,102.72,102.82,102.69,102.82,18202.0
10:13,102.71,102.73,102.68,102.71,17863.0
10:14,102.67,102.72,102.67,102.72,13457.0
10:15,102.68,102.69,102.65,102.66,16818.0
10:16,102.71,102.74,102.68,102.69,14464.0
10:17,102.72,102.75,102.69,102.71,14769.0
10:18,102.71,102.73,102.68,102.72,28844.0
10:19,102.68,102.71,102.67,102.71,25066.0
10:20,102.73,102.74,102.64,102.69,28471.0
10:21,102.73,102.79,102.71,102.73,15032.0
10:22,102.74,102.76,102.72,102.72,18362.0
10:23,102.71,102.76,102.7,102.74,22993.0
10:24,102.64,102.72,102.62,102.71,15447.0
10:25,102.6,102.65,102.58,102.64,23856.0
10:26,102.56,102.59,102.55,102.59,16246.0
10:27,102.58,102.61,102.56,102.56,13073.0
10:28,102.61,102.63,102.58,102.58,12406.0
10:29,102.57,102.62,102.57,102.61,9588.0
10:30,102.57,102.6,102.55,102.57,20833.0
10:31,102.61,102.61,102.57,102.57,28647.0
10:32,102.61,102.64,102.59,102.62,18363.0
10:33,102.59,102.63,102.59,102.61,12948.0
10:34,102.67,102.68,102.58,102.58,16166.0
10:35,102.76,102.76,102.67,102.67,15121.0
10:36,102.72,102.77,102.7,102.76,14820.0
10:37,102.73,102.75,102.7,102.71,10786.0
10:38,102.75,102.76,102.72,102.72,13173.0
10:39,102.73,102.79,102.73,102.75,15000.0
10:40,102.73,102.75,102.71,102.73,11254.0
10:41,102.69,102.75,102.69,102.73,10865.0
10:42,102.7,102.72,102.68,102.69,17656.0
10:43,102.69,102.7,102.68,102.7,5909.0
10:44,102.7,102.71,102.67,102.68,17979.0
10:45,102.72,102.75,102.68,102.69,35561.0
10:46,102.75,102.79,102.72,102.73,25201.0
10:47,102.75,102.78,102.75,102.75,19957.0
10:48,102.71,102.76,102.71,102.75,15626.0
10:49,102.74,102.75,102.71,102.72,11625.0
10:50,102.7,102.78,102.7,102.75,14120.0
10:51,102.78,102.79,102.71,102.71,12590.0
10:52,102.75,102.78,102.74,102.78,7099.0
10:53,102.75,102.78,102.75,102.75,11793.0
10:54,102.76,102.79,102.74,102.75,12365.0
10:55,102.78,102.79,102.75,102.77,13044.0
10:56,102.78,102.81,102.76,102.77,11895.0
10:57,102.76,102.77,102.74,102.77,9272.0
10:58,102.83,102.83,102.76,102.77,12991.0
10:59,102.82,102.84,102.78,102.82,14812.0
11:00,102.82,102.82,102.79,102.82,7679.0
11:01,102.77,102.82,102.76,102.82,12491.0
11:02,102.73,102.77,102.73,102.77,10137.0
11:03,102.78,102.81,102.73,102.73,10992.0
11:04,102.79,102.83,102.78,102.79,10856.0
11:05,102.79,102.82,102.76,102.79,17107.0
11:06,102.81,102.84,102.78,102.8,16460.0
11:07,102.88,102.89,102.82,102.82,16404.0
11:08,102.89,102.89,102.86,102.88,12997.0
11:09,102.93,102.93,102.89,102.89,19337.0
11:10,102.98,102.98,102.93,102.93,15424.0
11:11,102.93,103.02,102.93,102.98,25492.0
11:12,102.93,102.97,102.92,102.94,21518.0
11:13,102.99,103.01,102.93,102.93,24120.0
11:14,102.93,102.99,102.91,102.98,13797.0
11:15,102.92,102.93,102.9,102.93,13597.0
11:16,102.94,102.95,102.9,102.93,22182.0
11:17,102.92,102.96,102.92,102.94,19800.0
11:18,102.92,102.93,102.9,102.92,9860.0
11:19,102.9,102.93,102.88,102.92,16581.0
11:20,102.9,102.93,102.88,102.91,10219.0
11:21,102.91,102.93,102.9,102.9,13477.0
11:22,102.89,102.96,102.89,102.92,15586.0
11:23,102.87,102.89,102.86,102.89,8561.0
11:24,102.82,102.89,102.82,102.87,9342.0
11:25,102.76,102.83,102.76,102.82,10111.0
11:26,102.74,102.77,102.72,102.76,29023.0
11:27,102.76,102.79,102.73,102.73,18185.0
11:28,102.73,102.77,102.73,102.76,5075.0
11:29,102.79,102.8,102.74,102.74,17504.0
11:30,102.76,102.83,102.76,102.79,16816.0
11:31,102.66,102.76,102.66,102.76,18689.0
11:32,102.68,102.69,102.65,102.65,22712.0
11:33,102.67,102.68,102.64,102.67,27234.0
11:34,102.66,102.69,102.64,102.67,24440.0
11:35,102.68,102.71,102.65,102.66,10542.0
11:36,102.74,102.74,102.69,102.69,10678.0
11:37,102.76,102.76,102.73,102.75,10995.0
11:38,102.75,102.76,102.74,102.76,10569.0
11:39,102.75,102.78,102.74,102.74,8116.0
11:40,102.75,102.75,102.72,102.75,14303.0
11:41,102.8,102.82,102.76,102.76,17288.0
11:42,102.83,102.85,102.81,102.81,7094.0
11:43,102.81,102.83,102.81,102.82,8315.0
11:44,102.82,102.82,102.81,102.81,7506.0
11:45,102.83,102.84,102.81,102.82,9750.0
11:46,102.8,102.83,102.79,102.82,11740.0
11:47,102.83,102.85,102.8,102.81,12809.0
11:48,102.84,102.85,102.8,102.82,10427.0
11:49,102.82,102.87,102.81,102.83,11747.0
11:50,102.84,102.85,102.83,102.83,4613.0
11:51,102.85,102.86,102.82,102.84,11981.0
11:52,102.93,102.94,102.86,102.86,19621.0
11:53,102.96,102.96,102.93,102.93,9492.0
11:54,102.99,103.0,102.96,102.96,15950.0
11:55,102.94,103.0,102.94,102.99,8750.0
11:56,102.95,102.98,102.93,102.94,11569.0
11:57,102.99,103.0,102.96,102.96,17218.0
11:58,102.96,102.99,102.94,102.99,10000.0
11:59,102.93,102.95,102.89,102.95,15849.0
12:00,102.9,102.92,102.89,102.92,7432.0
12:01,102.94,102.97,102.92,102.92,14753.0
12:02,102.93,102.94,102.92,102.94,6452.0
12:03,102.96,102.96,102.91,102.93,16390.0
12:04,102.99,102.99,102.95,102.96,13887.0
12:05,103.04,103.06,103.0,103.0,20102.0
12:06,102.99,103.05,102.99,103.03,7611.0
12:07,102.93,102.98,102.92,102.98,15088.0
12:08,102.96,102.96,102.9,102.93,27287.0
12:09,103.07,103.08,102.97,102.97,41559.0
12:10,103.07,103.08,103.04,103.07,18884.0
12:11,103.05,103.07,103.04,103.06,16163.0
12:12,103.05,103.07,103.03,103.06,10324.0
12:13,102.99,103.05,102.99,103.05,16368.0
12:14,102.97,103.04,102.96,103.0,27403.0
12:15,103.0,103.0,102.93,102.96,24296.0
12:16,102.96,103.0,102.96,102.99,11424.0
12:17,102.89,102.96,102.89,102.95,18179.0
12:18,102.93,102.94,102.89,102.89,722019.0
12:19,103.02,103.03,102.93,102.93,21685.0
12:20,102.92,103.04,102.92,103.01,29881.0
12:21,102.83,102.93,102.83,102.91,19847.0
12:22,102.89,102.92,102.83,102.83,163372.0
12:23,102.89,102.92,102.88,102.89,10855.0
12:24,102.86,102.9,102.86,102.89,18711.0
12:25,102.86,102.87,102.85,102.86,6997.0
12:26,102.82,102.86,102.82,102.84,9653.0
12:27,102.83,102.86,102.81,102.82,10558.0
12:28,102.77,102.83,102.77,102.83,14444.0
12:29,102.76,102.78,102.75,102.77,56045.0
12:30,102.75,102.76,102.73,102.76,8663.0
12:31,102.76,102.76,102.71,102.74,19697.0
12:32,102.74,102.77,102.73,102.77,5721.0
12:33,102.75,102.75,102.72,102.75,5547.0
12:34,102.8,102.81,102.76,102.76,7100.0
12:35,102.83,102.85,102.81,102.81,20719.0
12:36,102.79,102.82,102.78,102.82,5903.0
12:37,102.77,102.81,102.77,102.79,8527.0
12:38,102.8,102.8,102.77,102.77,4846.0
12:39,102.83,102.83,102.79,102.81,8314.0
12:40,102.8,102.82,102.79,102.82,7003.0
12:41,102.81,102.81,102.79,102.79,3668.0
12:42,102.78,102.8,102.78,102.8,4939.0
12:43,102.76,102.79,102.75,102.78,1.0
12:44,102.78,102.78,102.76,102.77,8998.0
12:45,102.77,102.83,102.76,102.78,15044.0
12:46,102.75,102.78,102.75,102.76,11883.0
12:47,102.72,102.76,102.7,102.75,14097.0
12:48,102.72,102.73,102.71,102.71,6051.0
12:49,102.67,102.71,102.67,102.71,7841.0
12:50,102.54,102.66,102.53,102.66,26375.0
12:51,102.52,102.54,102.47,102.54,24736.0
12:52,102.57,102.57,102.5,102.52,23367.0
12:53,102.57,102.61,102.57,102.57,7962.0
12:54,102.56,102.57,102.55,102.56,7166.0
12:55,102.61,102.61,102.57,102.6,7744.0
12:56,102.6,102.61,102.58,102.61,12683.0
12:57,102.61,102.61,102.57,102.61,15843.0
12:58,102.61,102.63,102.61,102.61,6355.0
12:59,102.63,102.65,102.61,102.61,9237.0
13:00,102.68,102.68,102.62,102.62,9887.0
13:01,102.63,102.68,102.63,102.68,5856.0
13:02,102.64,102.66,102.61,102.63,9268.0
13:03,102.64,102.64,102.62,102.64,5545.0
13:04,102.64,102.65,102.62,102.64,8131.0
13:05,102.6,102.64,102.6,102.64,7304.0
13:06,102.58,102.61,102.57,102.6,7893.0
13:07,102.59,102.59,102.56,102.57,4912.0
13:08,102.56,102.58,102.55,102.58,11242.0
13:09,102.63,102.64,102.57,102.57,10509.0
13:10,102.66,102.71,102.61,102.62,51100.0
13:11,102.67,102.68,102.65,102.67,11682.0
13:12,102.65,102.68,102.65,102.67,6233.0
13:13,102.65,102.68,102.65,102.65,13469.0
13:14,102.63,102.66,102.62,102.65,21474.0
13:15,102.61,102.63,102.58,102.63,9705.0
13:16,102.61,102.62,102.6,102.6,17399.0
13:17,102.64,102.64,102.61,102.61,4853.0
13:18,102.67,102.67,102.64,102.64,5246.0
13:19,102.71,102.73,102.67,102.67,14058.0
13:20,102.68,102.7,102.67,102.7,8406.0
13:21,102.68,102.7,102.67,102.68,9780.0
13:22,102.68,102.69,102.68,102.68,5980.0
13:23,102.71,102.72,102.68,102.68,5114.0
13:24,102.73,102.74,102.71,102.72,5619.0
13:25,102.75,102.75,102.72,102.73,273457.0
13:26,102.75,102.75,102.73,102.75,10720.0
13:27,102.79,102.79,102.76,102.76,4955.0
13:28,102.82,102.82,102.8,102.8,8088.0
13:29,102.83,102.83,102.82,102.82,6798.0
13:30,102.79,102.83,102.78,102.82,10254.0
13:31,102.79,102.79,102.78,102.79,3354.0
13:32,102.79,102.81,102.79,102.79,9167.0
13:33,102.73,102.8,102.72,102.8,29211.0
13:34,102.72,102.73,102.71,102.73,4517.0
13:35,102.72,102.74,102.71,102.73,10842.0
13:36,102.68,102.72,102.68,102.72,11528.0
13:37,102.72,102.74,102.69,102.69,54773.0
13:38,102.75,102.78,102.72,102.72,9711.0
13:39,102.74,102.76,102.74,102.75,23570.0
13:40,102.75,102.77,102.74,102.74,8474.0
13:41,102.71,102.76,102.71,102.76,9794.0
13:42,102.71,102.72,102.69,102.71,5413.0
13:43,102.7,102.71,102.66,102.71,19797.0
13:44,102.72,102.75,102.69,102.7,10459.0
13:45,102.72,102.75,102.72,102.73,9365.0
13:46,102.69,102.72,102.69,102.72,18578.0
13:47,102.72,102.72,102.69,102.69,10648.0
13:48,102.71,102.73,102.71,102.72,5764.0
13:49,102.76,102.76,102.72,102.72,10486.0
13:50,102.72,102.76,102.71,102.76,17926.0
13:51,102.72,102.73,102.71,102.72,6355.0
13:52,102.72,102.75,102.72,102.72,7907.0
13:53,102.69,102.73,102.69,102.72,8442.0
13:54,102.7,102.71,102.68,102.68,6040.0
13:55,102.72,102.76,102.71,102.71,11373.0
13:56,102.72,102.74,102.71,102.72,10051.0
13:57,102.71,102.73,102.69,102.73,7026.0
13:58,102.65,102.71,102.65,102.71,12473.0
13:59,102.65,102.67,102.65,102.65,10095.0
14:00,102.65,102.67,102.65,102.65,9625.0
14:01,102.68,102.7,102.63,102.65,14964.0
14:02,102.67,102.68,102.67,102.68,6446.0
14:03,102.68,102.68,102.66,102.67,7191.0
14:04,102.68,102.7,102.68,102.68,8417.0
14:05,102.71,102.71,102.68,102.68,9131.0
14:06,102.69,102.73,102.69,102.72,9098.0
14:07,102.71,102.71,102.68,102.7,10183.0
14:08,102.71,102.71,102.68,102.71,5384.0
14:09,102.75,102.75,102.71,102.71,7411.0
14:10,102.76,102.76,102.72,102.75,10189.0
14:11,102.8,102.83,102.76,102.76,23525.0
14:12,102.82,102.84,102.81,102.81,18911.0
14:13,102.81,102.82,102.79,102.82,14924.0
14:14,102.79,102.82,102.78,102.81,9143.0
14:15,102.78,102.82,102.78,102.79,8615.0
14:16,102.84,102.85,102.78,102.78,18200.0
14:17,102.82,102.85,102.82,102.85,6783.0
14:18,102.79,102.82,102.79,102.82,8342.0
14:19,102.81,102.82,102.79,102.79,9882.0
14:20,102.75,102.8,102.75,102.8,5643.0
14:21,102.79,102.79,102.75,102.76,7790.0
14:22,102.82,102.82,102.78,102.79,6294.0
14:23,102.81,102.82,102.79,102.81,11471.0
14:24,102.79,102.81,102.78,102.81,13555.0
14:25,102.81,102.82,102.78,102.79,13013.0
14:26,102.78,102.81,102.77,102.81,6814.0
14:27,102.79,102.79,102.78,102.78,5913.0
14:28,102.82,102.82,102.77,102.78,14256.0
14:29,102.87,102.87,102.82,102.82,25950.0
14:30,102.94,102.97,102.86,102.87,23342.0
14:31,102.93,102.94,102.93,102.94,13551.0
14:32,102.9,102.93,102.9,102.93,17566.0
14:33,102.88,102.9,102.85,102.9,16108.0
14:34,102.88,102.9,102.87,102.88,8223.0
14:35,102.86,102.88,102.86,102.88,9566.0
14:36,102.9,102.92,102.86,102.87,23705.0
14:37,102.86,102.93,102.86,102.91,16560.0
14:38,102.92,102.93,102.86,102.87,17348.0
14:39,102.91,102.93,102.9,102.92,9941.0
14:40,102.88,102.91,102.86,102.9,35030.0
14:41,102.85,102.87,102.82,102.87,17705.0
14:42,102.84,102.85,102.82,102.85,11721.0
14:43,102.87,102.87,102.82,102.85,14614.0
14:44,102.91,102.91,102.86,102.86,7342.0
14:45,102.92,102.92,102.9,102.9,11051.0
14:46,102.9,102.93,102.89,102.93,16838.0
14:47,102.87,102.9,102.87,102.9,10588.0
14:48,102.88,102.89,102.86,102.88,11720.0
14:49,102.86,102.88,102.85,102.88,7684.0
14:50,102.86,102.87,102.83,102.86,9887.0
14:51,102.89,102.9,102.86,102.86,15553.0
14:52,102.89,102.91,102.89,102.89,14514.0
14:53,102.89,102.89,102.88,102.89,16413.0
14:54,102.89,102.9,102.86,102.89,17859.0
14:55,102.86,102.9,102.86,102.89,33532.0
14:56,102.85,102.87,102.84,102.86,24746.0
14:57,102.85,102.86,102.83,102.85,15313.0
14:58,102.84,102.87,102.83,102.85,22759.0
14:59,102.86,102.86,102.83,102.83,9421.0
15:00,102.83,102.86,102.81,102.86,22767.0
15:01,102.87,102.87,102.82,102.83,33039.0
15:02,102.84,102.86,102.82,102.86,17503.0
15:03,102.83,102.85,102.82,102.83,10839.0
15:04,102.81,102.83,102.8,102.83,11487.0
15:05,102.79,102.85,102.78,102.81,22861.0
15:06,102.79,102.79,102.78,102.79,12998.0
15:07,102.81,102.81,102.78,102.8,11470.0
15:08,102.83,102.83,102.8,102.8,20750.0
15:09,102.82,102.82,102.8,102.82,8083.0
15:10,102.79,102.82,102.78,102.81,22964.0
15:11,102.75,102.79,102.74,102.79,19479.0
15:12,102.81,102.81,102.74,102.75,23544.0
15:13,102.75,102.81,102.75,102.81,19849.0
15:14,102.77,102.78,102.75,102.75,16414.0
15:15,102.71,102.78,102.71,102.78,18173.0
15:16,102.69,102.72,102.67,102.71,17646.0
15:17,102.71,102.75,102.69,102.69,34316.0
15:18,102.74,102.75,102.72,102.72,14665.0
15:19,102.76,102.77,102.74,102.75,11063.0
15:20,102.7,102.76,102.69,102.76,17001.0
15:21,102.68,102.71,102.68,102.7,13683.0
15:22,102.68,102.68,102.65,102.67,16456.0
15:23,102.65,102.67,102.64,102.67,11559.0
15:24,102.61,102.65,102.61,102.65,15329.0
15:25,102.63,102.64,102.6,102.61,16854.0
15:26,102.67,102.67,102.62,102.64,14502.0
15:27,102.69,102.7,102.64,102.67,22234.0
15:28,102.7,102.72,102.68,102.69,22204.0
15:29,102.69,102.71,102.68,102.71,15591.0
15:30,102.72,102.72,102.69,102.7,30948.0
15:31,102.68,102.73,102.68,102.72,26048.0
15:32,102.68,102.7,102.68,102.68,27171.0
15:33,102.69,102.69,102.65,102.68,35241.0
15:34,102.68,102.69,102.65,102.69,22848.0
15:35,102.68,102.69,102.67,102.68,41952.0
15:36,102.69,102.69,102.68,102.68,20901.0
15:37,102.75,102.75,102.68,102.68,54958.0
15:38,102.71,102.75,102.7,102.75,22142.0
15:39,102.73,102.75,102.69,102.71,25329.0
15:40,102.75,102.77,102.72,102.73,25524.0
15:41,102.7,102.75,102.69,102.75,33747.0
15:42,102.74,102.74,102.71,102.71,16367.0
15:43,102.79,102.79,102.72,102.73,26446.0
15:44,102.75,102.79,102.75,102.79,19102.0
15:45,102.75,102.78,102.75,102.75,24479.0
15:46,102.74,102.76,102.73,102.76,27740.0
15:47,102.73,102.75,102.69,102.75,48166.0
15:48,102.71,102.75,102.7,102.74,20659.0
15:49,102.67,102.7,102.64,102.7,36239.0
15:50,102.68,102.71,102.65,102.67,35583.0
15:51,102.61,102.72,102.6,102.68,61563.0
15:52,102.68,102.68,102.61,102.61,37314.0
15:53,102.74,102.77,102.68,102.68,71710.0
15:54,102.76,102.76,102.71,102.74,40549.0
15:55,102.72,102.79,102.7,102.75,92784.0
15:56,102.7,102.74,102.69,102.72,93187.0
15:57,102.68,102.76,102.67,102.7,88208.0
15:58,102.7,102.72,102.68,102.68,145765.0
15:59,102.71,102.74,102.67,102.72,312261.0
