Time,Close,High,Low,Open,Volume
09:30,101.5,101.88,101.18,101.37,402487.0
09:31,101.67,101.83,101.5,101.59,53186.0
09:32,101.79,101.83,101.4,101.64,71078.0
09:33,101.86,101.86,101.67,101.82,50454.0
09:34,101.76,101.86,101.59,101.84,51328.0
09:35,101.26,101.76,101.24,101.76,111051.0
09:36,101.48,101.51,101.27,101.3,47208.0
09:37,101.43,101.6,101.4,101.46,70277.0
09:38,101.5,101.61,101.32,101.43,82791.0
09:39,101.31,101.55,101.31,101.51,54767.0
09:40,101.24,101.32,101.07,101.31,77678.0
09:41,101.26,101.35,101.2,101.25,95212.0
09:42,101.52,101.54,101.17,101.24,96667.0
09:43,101.61,101.65,101.44,101.52,65598.0
09:44,101.45,101.62,101.45,101.6,63443.0
09:45,101.22,101.5,101.22,101.44,66409.0
09:46,101.34,101.35,101.19,101.23,35812.0
09:47,101.47,101.48,101.35,101.35,33588.0
09:48,101.21,101.5,101.18,101.47,56609.0
09:49,101.23,101.24,101.16,101.2,31202.0
09:50,101.53,101.56,101.19,101.23,52164.0
09:51,101.47,101.55,101.41,101.53,48871.0
09:52,101.61,101.7,101.47,101.47,33255.0
09:53,101.64,101.68,101.58,101.61,36683.0
09:54,101.68,101.76,101.6,101.63,27404.0
09:55,101.78,101.82,101.68,101.68,33339.0
09:56,101.72,101.79,101.72,101.78,11334.0
09:57,101.8,101.89,101.71,101.71,25065.0
09:58,101.83,101.87,101.77,101.79,22956.0
09:59,102.04,102.06,101.79,101.82,106625.0
10:00,102.06,102.09,101.97,102.02,60663.0
10:01,102.04,102.07,101.95,102.07,27170.0
10:02,101.87,102.09,101.86,102.06,24127.0
10:03,101.99,102.0,101.85,101.87,16163.0
10:04,101.88,102.0,101.88,101.99,20910.0
10:05,101.91,101.93,101.81,101.86,27549.0
10:06,101.93,102.0,101.89,101.92,22129.0
10:07,101.74,101.95,101.72,101.95,27879.0
10:08,101.66,101.76,101.64,101.74,14291.0
10:09,101.75,101.77,101.6,101.64,20550.0
10:10,101.74,101.79,101.73,101.77,25005.0
10:11,101.69,101.75,101.65,101.75,17984.0
10:12,101.57,101.67,101.56,101.67,17783.0
10:13,101.55,101.6,101.49,101.54,16238.0
10:14,101.65,101.66,101.55,101.56,14020.0
10:15,101.69,101.75,101.64,101.65,26644.0
10:16,101.69,101.72,101.64,101.71,19750.0
10:17,101.72,101.72,101.63,101.68,15634.0
10:18,101.7,101.76,101.68,101.72,11193.0
10:19,101.74,101.76,101.68,101.68,24211.0
10:20,101.68,101.79,101.67,101.73,15624.0
10:21,101.72,101.76,101.66,101.68,16858.0
10:22,101.72,101.82,101.71,101.73,19142.0
10:23,101.8,101.81,101.72,101.72,20729.0
10:24,101.79,101.82,101.75,101.8,26059.0
10:25,101.59,101.78,101.59,101.78,29691.0
10:26,101.46,101.64,101.44,101.59,47890.0
10:27,101.52,101.53,101.42,101.45,63251.0
10:28,101.61,101.65,101.51,101.54,27615.0
10:29,101.49,101.62,101.47,101.61,31586.0
10:30,101.49,101.56,101.44,101.5,25986.0
10:31,101.59,101.59,101.5,101.5,51088.0
10:32,101.61,101.66,101.6,101.6,11590.0
10:33,101.63,101.68,101.63,101.63,11018.0
10:34,101.61,101.64,101.57,101.63,20535.0
10:35,101.67,101.73,101.63,101.63,16237.0
10:36,101.68,101.68,101.6,101.66,13194.0
10:37,101.57,101.69,101.56,101.68,14896.0
10:38,101.59,101.62,101.55,101.57,28134.0
10:39,101.57,101.63,101.57,101.59,17787.0
10:40,101.68,101.69,101.58,101.58,15760.0
10:41,101.62,101.74,101.61,101.68,17272.0
10:42,101.66,101.68,101.56,101.61,25351.0
10:43,101.66,101.76,101.65,101.67,18511.0
10:44,101.71,101.73,101.65,101.65,18010.0
10:45,101.71,101.78,101.7,101.71,19996.0
10:46,101.69,101.76,101.67,101.71,17294.0
10:47,101.82,101.87,101.7,101.7,22690.0
10:48,101.8,101.89,101.79,101.84,22675.0
10:49,101.83,101.86,101.81,101.81,17374.0
10:50,101.96,101.97,101.79,101.82,20533.0
10:51,101.97,102.04,101.96,101.96,31791.0
10:52,101.97,101.99,101.96,101.98,16677.0
10:53,101.97,101.99,101.95,101.96,19253.0
10:54,102.01,102.03,101.95,101.96,16743.0
10:55,101.95,102.02,101.93,102.02,18896.0
10:56,101.94,101.98,101.94,101.96,15198.0
10:57,102.01,102.01,101.94,101.94,17697.0
10:58,101.93,102.02,101.9,102.01,26533.0
10:59,101.98,101.99,101.93,101.94,19943.0
11:00,102.05,102.1,101.99,101.99,24886.0
11:01,102.11,102.13,102.02,102.04,32374.0
11:02,102.1,102.12,102.07,102.11,22134.0
11:03,102.07,102.1,102.07,102.08,9605.0
11:04,102.04,102.08,102.03,102.08,15045.0
11:05,102.03,102.05,102.0,102.04,14545.0
11:06,102.03,102.04,101.98,102.03,13750.0
11:07,101.97,102.02,101.96,102.02,14056.0
11:08,102.05,102.07,101.96,101.96,26839.0
11:09,102.03,102.06,102.0,102.04,16284.0
11:10,102.0,102.05,101.99,102.04,18049.0
11:11,101.95,102.02,101.92,102.01,20258.0
11:12,101.98,102.0,101.95,101.96,17345.0
11:13,101.96,101.97,101.91,101.96,14681.0
11:14,101.98,102.0,101.96,101.96,18683.0
11:15,102.06,102.07,101.98,102.0,45871.0
11:16,102.03,102.08,101.96,102.07,25329.0
11:17,102.06,102.1,102.04,102.04,13584.0
11:18,102.03,102.06,102.03,102.06,14444.0
11:19,102.0,102.04,101.96,102.03,23791.0
11:20,101.92,102.04,101.92,102.01,15573.0
11:21,101.89,101.93,101.82,101.91,22537.0
11:22,101.85,101.94,101.84,101.92,19038.0
11:23,101.91,101.91,101.85,101.85,9471.0
11:24,102.0,102.06,101.91,101.91,27285.0
11:25,102.0,102.05,101.99,102.01,13627.0
11:26,102.0,102.02,101.98,101.99,19201.0
11:27,102.04,102.05,102.0,102.0,15903.0
11:28,102.03,102.1,102.02,102.05,33625.0
11:29,102.06,102.07,102.02,102.04,18290.0
11:30,102.07,102.09,102.05,102.07,22281.0
11:31,102.22,102.22,102.08,102.08,21281.0
11:32,102.17,102.22,102.17,102.22,24658.0
11:33,102.16,102.18,102.1,102.16,17332.0
11:34,102.24,102.24,102.17,102.17,18103.0
11:35,102.22,102.23,102.21,102.23,13434.0
11:36,102.25,102.28,102.22,102.22,29154.0
11:37,102.21,102.25,102.21,102.25,10491.0
11:38,102.22,102.27,102.21,102.21,13950.0
11:39,102.17,102.23,102.17,102.22,13771.0
11:40,102.15,102.19,102.15,102.16,10585.0
11:41,102.18,102.19,102.15,102.16,11333.0
11:42,102.1,102.18,102.09,102.18,19034.0
11:43,102.22,102.22,102.11,102.11,21582.0
11:44,102.23,102.24,102.22,102.23,12125.0
11:45,102.26,102.26,102.22,102.22,12699.0
11:46,102.26,102.28,102.25,102.27,24316.0
11:47,102.29,102.29,102.25,102.25,10407.0
11:48,102.25,102.31,102.25,102.28,17792.0
11:49,102.28,102.31,102.26,102.28,18752.0
11:50,102.25,102.28,102.22,102.28,13779.0
11:51,102.26,102.29,102.25,102.26,14553.0
11:52,102.23,102.25,102.2,102.25,14678.0
11:53,102.32,102.32,102.24,102.24,16981.0
11:54,102.31,102.32,102.29,102.31,15234.0
11:55,102.34,102.35,102.29,102.31,23725.0
11:56,102.35,102.38,102.33,102.35,15963.0
11:57,102.28,102.36,102.27,102.35,8457.0
11:58,102.32,102.32,102.27,102.28,11655.0
11:59,102.29,102.3,102.25,102.3,14162.0
12:00,102.24,102.33,102.23,102.29,14626.0
12:01,102.26,102.26,102.21,102.25,9857.0
12:02,102.25,102.29,102.25,102.26,7255.0
12:03,102.25,102.28,102.24,102.25,8879.0
12:04,102.24,102.26,102.24,102.25,6584.0
12:05,102.21,102.24,102.21,102.23,7698.0
12:06,102.19,102.22,102.18,102.22,9071.0
12:07,102.26,102.26,102.18,102.18,16145.0
12:08,102.3,102.3,102.24,102.26,17254.0
12:09,102.31,102.34,102.3,102.3,12304.0
12:10,102.28,102.31,102.28,102.31,7143.0
12:11,102.28,102.29,102.26,102.29,8614.0
12:12,102.31,102.31,102.28,102.29,11725.0
12:13,102.38,102.38,102.31,102.31,9716.0
12:14,102.4,102.43,102.37,102.38,14134.0
12:15,102.42,102.42,102.39,102.39,7683.0
12:16,102.38,102.42,102.37,102.42,8183.0
12:17,102.34,102.4,102.33,102.37,18033.0
12:18,102.36,102.38,102.33,102.34,12410.0
12:19,102.36,102.38,102.36,102.36,8612.0
12:20,102.36,102.39,102.36,102.36,12021.0
12:21,102.34,102.38,102.34,102.38,18713.0
12:22,102.36,102.36,102.32,102.35,22369.0
12:23,102.38,102.39,102.35,102.36,12554.0
12:24,102.4,102.42,102.37,102.38,29985.0
12:25,102.33,102.42,102.32,102.39,24503.0
12:26,102.34,102.35,102.32,102.33,15505.0
12:27,102.34,102.36,102.32,102.35,14369.0
12:28,102.34,102.36,102.33,102.35,14085.0
12:29,102.32,102.35,102.3,102.34,11912.0
12:30,102.29,102.32,102.28,102.32,11731.0
12:31,102.29,102.32,102.29,102.29,15263.0
12:32,102.29,102.29,102.29,102.29,4288.0
12:33,102.35,102.36,102.29,102.29,23555.0
12:34,102.29,102.35,102.28,102.34,9723.0
12:35,102.26,102.29,102.26,102.28,9079.0
12:36,102.31,102.31,102.23,102.26,16544.0
12:37,102.29,102.31,102.25,102.31,9960.0
12:38,102.29,102.29,102.25,102.29,16382.0
12:39,102.3,102.31,102.29,102.29,9280.0
12:40,102.28,102.31,102.28,102.29,7628.0
12:41,102.32,102.32,102.27,102.27,9461.0
12:42,102.28,102.32,102.28,102.31,10090.0
12:43,102.32,102.32,102.25,102.28,25234.0
12:44,102.27,102.31,102.25,102.31,6910.0
12:45,102.23,102.27,102.23,102.27,9386.0
12:46,102.28,102.29,102.23,102.24,12512.0
12:47,102.3,102.32,102.27,102.27,11800.0
12:48,102.3,102.32,102.28,102.3,12733.0
12:49,102.34,102.35,102.3,102.3,13430.0
12:50,102.36,102.37,102.32,102.34,15135.0
12:51,102.36,102.39,102.35,102.38,18426.0
12:52,102.32,102.36,102.29,102.36,12718.0
12:53,102.27,102.31,102.27,102.31,10099.0
12:54,102.32,102.34,102.29,102.3,11669.0
12:55,102.34,102.36,102.32,102.32,7398.0
12:56,102.37,102.37,102.32,102.34,11016.0
12:57,102.32,102.38,102.32,102.38,8323.0
12:58,102.33,102.35,102.32,102.32,10060.0
12:59,102.32,102.35,102.32,102.33,10837.0
13:00,102.39,102.39,102.32,102.32,9258.0
13:01,102.39,102.41,102.38,102.38,20780.0
13:02,102.37,102.39,102.36,102.39,8081.0
13:03,102.39,102.4,102.38,102.38,8415.0
13:04,102.38,102.39,102.37,102.38,10868.0
13:05,102.36,102.39,102.36,102.37,16634.0
13:06,102.32,102.35,102.32,102.35,6177.0
13:07,102.33,102.34,102.3,102.31,8837.0
13:08,102.32,102.33,102.3,102.33,8347.0
13:09,102.28,102.32,102.27,102.32,21594.0
13:10,102.26,102.29,102.26,102.28,16574.0
13:11,102.29,102.3,102.25,102.25,13268.0
13:12,102.29,102.32,102.28,102.28,19925.0
13:13,102.32,102.32,102.28,102.29,7282.0
13:14,102.34,102.34,102.32,102.32,13347.0
13:15,102.33,102.34,102.3,102.33,13909.0
13:16,102.34,102.38,102.34,102.34,26242.0
13:17,102.37,102.37,102.32,102.35,11589.0
13:18,102.36,102.41,102.36,102.38,12203.0
13:19,102.38,102.39,102.35,102.36,13343.0
13:20,102.34,102.4,102.33,102.38,13236.0
13:21,102.38,102.38,102.34,102.35,9627.0
13:22,102.41,102.41,102.38,102.39,8965.0
13:23,102.44,102.44,102.42,102.42,14273.0
13:24,102.39,102.45,102.38,102.45,12244.0
13:25,102.35,102.39,102.31,102.39,10926.0
13:26,102.33,102.36,102.31,102.35,12678.0
13:27,102.36,102.36,102.33,102.33,4168.0
13:28,102.36,102.36,102.35,102.36,13447.0
13:29,102.39,102.39,102.36,102.36,9199.0
13:30,102.39,102.39,102.37,102.39,11256.0
13:31,102.4,102.4,102.35,102.38,7666.0
13:32,102.35,102.41,102.35,102.4,9897.0
13:33,102.37,102.38,102.35,102.35,6363.0
13:34,102.36,102.37,102.36,102.36,5927.0
13:35,102.37,102.37,102.31,102.35,17986.0
13:36,102.37,102.39,102.36,102.38,12501.0
13:37,102.36,102.38,102.34,102.37,10043.0
13:38,102.38,102.38,102.35,102.35,16793.0
13:39,102.38,102.39,102.37,102.38,8437.0
13:40,102.35,102.39,102.34,102.38,18448.0
13:41,102.28,102.35,102.28,102.33,12084.0
13:42,102.25,102.29,102.25,102.28,10015.0
13:43,102.25,102.25,102.22,102.25,10907.0
13:44,102.24,102.25,102.24,102.25,10608.0
13:45,102.22,102.24,102.22,102.24,7762.0
13:46,102.2,102.21,102.19,102.21,13278.0
13:47,102.14,102.19,102.14,102.19,11011.0
13:48,102.11,102.15,102.1,102.13,8342.0
13:49,102.01,102.11,102.01,102.11,85076.0
13:50,101.87,102.05,101.86,102.01,49680.0
13:51,101.96,101.97,101.86,101.86,21078.0
13:52,101.9,101.96,101.88,101.96,14433.0
13:53,101.86,101.9,101.85,101.9,9397.0
13:54,101.85,101.88,101.83,101.85,23667.0
13:55,101.78,101.86,101.78,101.85,13999.0
13:56,101.88,101.9,101.74,101.79,31000.0
13:57,101.94,101.94,101.89,101.89,11207.0
13:58,101.97,102.0,101.93,101.94,12470.0
13:59,101.98,102.02,101.98,101.98,15315.0
14:00,102.01,102.02,101.99,101.99,28311.0
14:01,102.02,102.11,102.01,102.02,53843.0
14:02,101.99,102.03,101.98,102.02,18882.0
14:03,102.07,102.09,101.98,102.0,33550.0
14:04,102.04,102.08,102.03,102.07,28135.0
14:05,102.03,102.06,102.03,102.04,8082.0
14:06,102.03,102.03,102.01,102.01,11983.0
14:07,102.0,102.03,102.0,102.02,13485.0
14:08,102.02,102.03,101.97,102.0,15869.0
14:09,102.03,102.05,102.01,102.01,3569.0
14:10,102.07,102.07,102.02,102.03,12036.0
14:11,102.08,102.11,102.07,102.07,12222.0
14:12,102.11,102.11,102.08,102.09,11509.0
14:13,102.06,102.1,102.06,102.1,10879.0
14:14,102.1,102.13,102.07,102.07,23797.0
14:15,102.11,102.14,102.11,102.11,11375.0
14:16,102.14,102.14,102.12,102.13,14271.0
14:17,102.13,102.14,102.11,102.12,8924.0
14:18,102.12,102.18,102.12,102.12,16143.0
14:19,102.12,102.12,102.07,102.12,19482.0
14:20,102.1,102.12,102.07,102.12,11916.0
14:21,102.08,102.1,102.07,102.1,8970.0
14:22,102.08,102.09,102.07,102.08,8015.0
14:23,102.09,102.1,102.07,102.08,9585.0
14:24,102.12,102.14,102.1,102.1,15577.0
14:25,102.08,102.12,102.07,102.11,16743.0
14:26,102.06,102.1,102.04,102.08,41292.0
14:27,102.06,102.08,102.06,102.08,19823.0
14:28,102.04,102.07,102.02,102.06,11452.0
14:29,102.08,102.08,102.03,102.04,9757.0
14:30,102.08,102.09,102.07,102.07,11366.0
14:31,102.08,102.09,102.06,102.08,13599.0
14:32,102.11,102.11,102.08,102.08,13302.0
14:33,102.08,102.12,102.08,102.11,11047.0
14:34,102.03,102.08,102.03,102.08,11964.0
14:35,102.01,102.04,102.01,102.04,10129.0
14:36,102.03,102.05,102.01,102.01,20433.0
14:37,102.03,102.03,102.0,102.03,12630.0
14:38,101.97,102.02,101.95,102.02,16947.0
14:39,101.99,101.99,101.96,101.96,13565.0
14:40,101.98,102.0,101.98,101.99,11712.0
14:41,102.0,102.0,101.97,101.99,14238.0
14:42,101.98,102.0,101.96,102.0,15151.0
14:43,101.97,102.0,101.96,101.99,17895.0
14:44,102.0,102.0,101.97,101.97,16260.0
14:45,101.93,102.01,101.93,102.0,24393.0
14:46,101.93,101.93,101.9,101.93,11539.0
14:47,101.93,101.94,101.92,101.93,8099.0
14:48,101.92,101.93,101.91,101.92,7745.0
14:49,101.9,101.92,101.87,101.92,29152.0
14:50,101.9,101.93,101.89,101.9,14758.0
14:51,101.89,101.92,101.88,101.9,8094.0
14:52,101.87,101.89,101.85,101.89,18894.0
14:53,101.89,101.89,101.86,101.87,11539.0
14:54,101.89,101.89,101.88,101.88,11181.0
14:55,101.94,101.94,101.89,101.89,10128.0
14:56,101.95,101.96,101.93,101.94,21848.0
14:57,101.98,101.99,101.94,101.95,22231.0
14:58,102.02,102.03,101.99,101.99,20193.0
14:59,102.07,102.07,102.02,102.02,21378.0
15:00,101.95,102.08,101.95,102.06,28507.0
15:01,101.92,101.96,101.92,101.96,19714.0
15:02,101.92,101.93,101.9,101.91,11513.0
15:03,101.94,101.94,101.91,101.92,21232.0
15:04,101.89,101.95,101.89,101.95,23574.0
15:05,101.9,101.9,101.86,101.89,15152.0
15:06,101.89,101.9,101.86,101.89,10963.0
15:07,101.88,101.89,101.85,101.89,15550.0
15:08,101.86,101.89,101.86,101.88,7717.0
15:09,101.88,101.9,101.86,101.86,30693.0
15:10,101.93,101.93,101.88,101.88,11881.0
15:11,101.89,101.94,101.89,101.93,8810.0
15:12,101.88,101.89,101.86,101.88,17529.0
15:13,101.86,101.88,101.85,101.88,9401.0
15:14,101.85,101.87,101.84,101.86,12378.0
15:15,101.86,101.87,101.83,101.86,16195.0
15:16,101.94,101.95,101.87,101.87,22222.0
15:17,101.99,102.0,101.93,101.95,29891.0
15:18,101.95,102.02,101.95,102.0,29440.0
15:19,101.94,101.96,101.93,101.94,12917.0
15:20,101.93,101.99,101.93,101.93,24347.0
15:21,101.95,101.95,101.92,101.93,29933.0
15:22,101.95,101.96,101.93,101.94,14419.0
15:23,101.93,101.96,101.93,101.94,15626.0
15:24,101.89,101.94,101.89,101.93,15780.0
15:25,101.93,101.94,101.88,101.89,19866.0
15:26,101.92,101.93,101.89,101.93,14505.0
15:27,101.92,101.94,101.92,101.92,12772.0
15:28,101.93,101.93,101.91,101.92,16712.0
15:29,101.96,101.97,101.92,101.93,20514.0
15:30,101.96,101.97,101.93,101.96,29189.0
15:31,101.99,102.01,101.96,101.96,19200.0
15:32,102.0,102.0,101.97,101.99,13068.0
15:33,102.04,102.04,102.0,102.0,24453.0
15:34,102.07,102.08,102.02,102.04,32541.0
15:35,102.06,102.1,102.05,102.07,30866.0
15:36,102.08,102.08,102.05,102.06,22996.0
15:37,102.11,102.12,102.08,102.08,25971.0
15:38,102.14,102.15,102.09,102.11,25873.0
15:39,102.11,102.14,102.1,102.14,21656.0
15:40,102.14,102.14,102.09,102.11,25976.0
15:41,102.12,102.14,102.12,102.13,17433.0
15:42,102.07,102.12,102.07,102.12,22689.0
15:43,102.06,102.08,102.06,102.07,20856.0
15:44,102.04,102.08,102.02,102.06,30081.0
15:45,102.0,102.04,102.0,102.04,31045.0
15:46,101.95,102.01,101.93,102.0,44229.0
15:47,101.93,101.96,101.9,101.96,53681.0
15:48,101.96,101.97,101.92,101.93,42374.0
15:49,101.92,101.96,101.9,101.95,38097.0
15:50,101.94,101.94,101.88,101.91,66386.0
15:51,101.96,102.0,101.95,101.95,30973.0
15:52,101.96,101.97,101.9,101.96,60400.0
15:53,101.94,102.0,101.94,101.97,51693.0
15:54,101.96,101.99,101.94,101.94,52568.0
15:55,101.94,102.0,101.94,101.96,108720.0
15:56,101.9,101.96,101.89,101.95,96924.0
15:57,102.01,102.05,101.91,101.91,176531.0
15:58,102.03,102.05,102.0,102.01,193001.0
15:59,102.11,102.12,102.01,102.03,424767.0
