Time,Close,High,Low,Open,Volume
09:30,102.3,102.44,101.98,102.13,416331.0
09:31,102.3,102.44,101.98,102.13,416331.0
09:32,102.3,102.44,101.98,102.13,416331.0
09:33,102.3,102.44,101.98,102.13,416331.0
09:34,102.3,102.44,101.98,102.13,416331.0
09:35,102.3,102.44,101.98,102.13,416331.0
09:36,102.3,102.44,101.98,102.13,416331.0
09:37,102.3,102.44,101.98,102.13,416331.0
09:38,102.3,102.44,101.98,102.13,416331.0
09:39,102.3,102.44,101.98,102.13,416331.0
09:40,102.3,102.44,101.98,102.13,416331.0
09:41,102.3,102.44,101.98,102.13,416331.0
09:42,102.3,102.44,101.98,102.13,416331.0
09:43,102.3,102.44,101.98,102.13,416331.0
09:44,102.3,102.44,101.98,102.13,416331.0
09:45,102.3,102.44,101.98,102.13,416331.0
09:46,102.3,102.44,101.98,102.13,416331.0
09:47,102.3,102.44,101.98,102.13,416331.0
09:48,102.3,102.44,101.98,102.13,416331.0
09:49,102.3,102.44,101.98,102.13,416331.0
09:50,102.3,102.44,101.98,102.13,416331.0
09:51,102.3,102.44,101.98,102.13,416331.0
09:52,102.3,102.44,101.98,102.13,416331.0
09:53,102.3,102.44,101.98,102.13,416331.0
09:54,102.3,102.44,101.98,102.13,416331.0
09:55,102.3,102.44,101.98,102.13,416331.0
09:56,102.3,102.44,101.98,102.13,416331.0
09:57,102.3,102.44,101.98,102.13,416331.0
09:58,102.3,102.44,101.98,102.13,416331.0
09:59,102.3,102.44,101.98,102.13,416331.0
10:00,102.3,102.44,101.98,102.13,416331.0
10:01,102.3,102.44,101.98,102.13,416331.0
10:02,102.3,102.44,101.98,102.13,416331.0
10:03,102.3,102.44,101.98,102.13,416331.0
10:04,102.3,102.44,101.98,102.13,416331.0
10:05,102.3,102.44,101.98,102.13,416331.0
10:06,102.3,102.44,101.98,102.13,416331.0
10:07,102.3,102.44,101.98,102.13,416331.0
10:08,102.3,102.44,101.98,102.13,416331.0
10:09,102.3,102.44,101.98,102.13,416331.0
10:10,102.3,102.44,101.98,102.13,416331.0
10:11,102.3,102.44,101.98,102.13,416331.0
10:12,102.3,102.44,101.98,102.13,416331.0
10:13,102.3,102.44,101.98,102.13,416331.0
10:14,102.3,102.44,101.98,102.13,416331.0
10:15,102.3,102.44,101.98,102.13,416331.0
10:16,102.3,102.44,101.98,102.13,416331.0
10:17,102.3,102.44,101.98,102.13,416331.0
10:18,102.3,102.44,101.98,102.13,416331.0
10:19,102.3,102.44,101.98,102.13,416331.0
10:20,102.3,102.44,101.98,102.13,416331.0
10:21,102.3,102.44,101.98,102.13,416331.0
10:22,102.3,102.44,101.98,102.13,416331.0
10:23,102.3,102.44,101.98,102.13,416331.0
10:24,102.3,102.44,101.98,102.13,416331.0
10:25,102.3,102.44,101.98,102.13,416331.0
10:26,102.3,102.44,101.98,102.13,416331.0
10:27,102.3,102.44,101.98,102.13,416331.0
10:28,102.3,102.44,101.98,102.13,416331.0
10:29,102.3,102.44,101.98,102.13,416331.0
10:30,102.3,102.44,101.98,102.13,416331.0
10:31,102.31,102.44,102.24,102.28,79710.0
10:32,102.33,102.43,102.19,102.27,77916.0
10:33,102.36,102.57,102.33,102.33,81585.0
10:34,102.25,102.36,102.2,102.35,72356.0
10:35,102.44,102.62,102.23,102.23,85633.0
10:36,102.36,102.47,102.23,102.44,64239.0
10:37,102.16,102.39,102.16,102.37,47590.0
10:38,102.3,102.36,102.15,102.15,43459.0
10:39,102.37,102.37,102.25,102.29,36144.0
10:40,102.08,102.38,102.08,102.38,55449.0
10:41,101.96,102.1,101.93,102.08,58997.0
10:42,102.13,102.14,101.94,101.97,34688.0
10:43,102.08,102.16,101.98,102.14,41044.0
10:44,101.79,102.14,101.79,102.11,55824.0
10:45,101.74,101.84,101.66,101.81,33249.0
10:46,101.7,101.84,101.68,101.76,35830.0
10:47,101.85,101.86,101.61,101.7,49468.0
10:48,101.78,101.86,101.71,101.86,24787.0
10:49,101.75,101.84,101.68,101.82,34024.0
10:50,101.71,101.8,101.69,101.74,40640.0
10:51,101.65,101.73,101.65,101.71,40237.0
10:52,101.54,101.67,101.46,101.67,83738.0
10:53,101.62,101.63,101.54,101.55,26536.0
10:54,101.6,101.63,101.59,101.62,24729.0
10:55,101.51,101.62,101.51,101.61,26326.0
10:56,101.56,101.58,101.5,101.52,24831.0
10:57,101.53,101.57,101.53,101.56,26677.0
10:58,101.54,101.55,101.49,101.54,27084.0
10:59,101.61,101.68,101.54,101.56,25445.0
11:00,101.88,101.88,101.6,101.6,49633.0
11:01,101.87,101.99,101.87,101.89,42852.0
11:02,101.71,101.88,101.7,101.86,26136.0
11:03,101.91,101.91,101.65,101.72,26451.0
11:04,101.81,101.95,101.8,101.9,31774.0
11:05,101.98,101.98,101.79,101.82,38453.0
11:06,101.96,102.04,101.95,101.98,31740.0
11:07,102.0,102.04,101.93,101.95,34991.0
11:08,102.04,102.07,101.92,102.0,37216.0
11:09,102.09,102.1,102.01,102.07,38430.0
11:10,102.05,102.09,102.0,102.09,21282.0
11:11,101.99,102.08,101.99,102.05,42574.0
11:12,101.94,102.03,101.92,101.99,37580.0
11:13,101.99,102.02,101.93,101.95,20352.0
11:14,101.91,101.98,101.91,101.98,22863.0
11:15,101.9,101.93,101.87,101.91,24826.0
11:16,101.94,101.96,101.9,101.9,21666.0
11:17,101.95,101.95,101.9,101.93,11053.0
11:18,101.97,101.97,101.94,101.94,12097.0
11:19,101.97,102.0,101.96,101.97,18150.0
11:20,101.96,101.97,101.92,101.97,17916.0
11:21,102.02,102.02,101.95,101.95,29023.0
11:22,102.0,102.04,102.0,102.03,25538.0
11:23,102.04,102.04,102.01,102.01,15849.0
11:24,101.93,102.04,101.93,102.04,19266.0
11:25,101.85,101.96,101.83,101.92,45015.0
11:26,101.87,101.88,101.83,101.85,22518.0
11:27,101.95,101.98,101.89,101.89,14774.0
11:28,101.98,102.01,101.94,101.95,11619.0
11:29,102.0,102.03,101.94,101.98,15948.0
11:30,101.95,101.97,101.92,101.97,18360.0
11:31,101.95,101.97,101.93,101.96,17664.0
11:32,102.06,102.07,101.96,101.96,14663.0
11:33,102.1,102.11,102.05,102.07,23208.0
11:34,102.09,102.1,102.03,102.09,41554.0
11:35,102.09,102.09,102.06,102.09,12649.0
11:36,102.15,102.16,102.06,102.09,34233.0
11:37,102.11,102.18,102.11,102.16,27709.0
11:38,102.15,102.17,102.11,102.11,25035.0
11:39,102.19,102.21,102.15,102.15,41485.0
11:40,102.15,102.21,102.15,102.19,68331.0
11:41,102.26,102.27,102.15,102.15,27807.0
11:42,102.32,102.33,102.24,102.26,22153.0
11:43,102.3,102.33,102.26,102.32,24329.0
11:44,102.21,102.28,102.21,102.28,19157.0
11:45,102.14,102.22,102.12,102.22,23124.0
11:46,102.12,102.21,102.12,102.14,24358.0
11:47,102.18,102.2,102.11,102.12,20941.0
11:48,102.22,102.24,102.17,102.18,14714.0
11:49,102.09,102.22,102.09,102.22,28756.0
11:50,102.04,102.08,101.98,102.08,29368.0
11:51,102.11,102.12,102.05,102.05,18557.0
11:52,102.09,102.15,102.09,102.11,19238.0
11:53,102.14,102.16,102.08,102.08,14223.0
11:54,102.29,102.29,102.14,102.15,20221.0
11:55,102.2,102.32,102.2,102.27,24468.0
11:56,102.23,102.24,102.16,102.21,21519.0
11:57,102.23,102.25,102.18,102.23,16731.0
11:58,102.18,102.25,102.17,102.24,18252.0
11:59,102.16,102.19,102.15,102.18,12971.0
12:00,102.18,102.18,102.13,102.17,17290.0
12:01,102.17,102.2,102.14,102.18,15445.0
12:02,102.24,102.24,102.17,102.17,16842.0
12:03,102.26,102.29,102.24,102.25,36195.0
12:04,102.21,102.25,102.19,102.25,23655.0
12:05,102.24,102.26,102.21,102.21,22986.0
12:06,102.26,102.26,102.25,102.25,7775.0
12:07,102.03,102.26,101.96,102.26,155632.0
12:08,102.12,102.15,101.95,102.04,40072.0
12:09,102.18,102.24,102.12,102.12,19419.0
12:10,102.23,102.25,102.17,102.17,14903.0
12:11,102.11,102.23,102.11,102.23,22326.0
12:12,102.19,102.19,102.11,102.14,16517.0
12:13,102.15,102.22,102.13,102.18,22617.0
12:14,102.16,102.21,102.15,102.15,18109.0
12:15,102.11,102.16,102.06,102.15,29656.0
12:16,102.14,102.16,102.11,102.11,26356.0
12:17,102.17,102.18,102.13,102.13,20722.0
12:18,102.18,102.2,102.16,102.17,16125.0
12:19,102.16,102.19,102.14,102.17,20725.0
12:20,102.18,102.19,102.14,102.17,20931.0
12:21,102.21,102.21,102.16,102.18,19521.0
12:22,102.22,102.23,102.19,102.21,13546.0
12:23,102.19,102.21,102.18,102.21,19292.0
12:24,102.1,102.19,102.1,102.19,19347.0
12:25,102.14,102.18,102.1,102.1,35336.0
12:26,102.12,102.14,102.1,102.14,18480.0
12:27,102.15,102.19,102.11,102.11,28875.0
12:28,102.1,102.18,102.1,102.15,11559.0
12:29,102.15,102.17,102.1,102.1,53545.0
12:30,102.2,102.2,102.14,102.15,11434.0
12:31,102.25,102.28,102.21,102.22,21824.0
12:32,102.28,102.29,102.25,102.25,17125.0
12:33,102.26,102.32,102.25,102.28,25083.0
12:34,102.2,102.27,102.2,102.27,15938.0
12:35,102.21,102.24,102.19,102.19,21314.0
12:36,102.24,102.28,102.22,102.22,13889.0
12:37,102.26,102.28,102.25,102.25,11927.0
12:38,102.26,102.28,102.23,102.26,12700.0
12:39,102.19,102.26,102.17,102.26,18777.0
12:40,102.14,102.2,102.13,102.2,13014.0
12:41,102.12,102.13,102.1,102.13,20263.0
12:42,102.26,102.26,102.12,102.12,11203.0
12:43,102.29,102.29,102.24,102.27,16149.0
12:44,102.24,102.29,102.2,102.29,14389.0
12:45,102.23,102.25,102.22,102.23,9448.0
12:46,102.18,102.24,102.18,102.22,14638.0
12:47,102.24,102.24,102.19,102.19,14580.0
12:48,102.2,102.25,102.2,102.24,10143.0
12:49,102.17,102.19,102.17,102.19,15352.0
12:50,102.22,102.25,102.17,102.17,21338.0
12:51,102.25,102.26,102.21,102.21,12165.0
12:52,102.23,102.26,102.23,102.24,13554.0
12:53,102.24,102.25,102.21,102.24,20614.0
12:54,102.27,102.28,102.24,102.24,16751.0
12:55,102.21,102.27,102.2,102.27,11066.0
12:56,102.19,102.21,102.17,102.2,19053.0
12:57,102.16,102.19,102.16,102.19,19300.0
12:58,102.23,102.24,102.16,102.17,15092.0
12:59,102.23,102.25,102.2,102.23,14500.0
13:00,102.19,102.25,102.19,102.24,15309.0
13:01,102.18,102.19,102.18,102.19,9661.0
13:02,102.25,102.25,102.17,102.18,18680.0
13:03,102.19,102.26,102.18,102.25,15439.0
13:04,102.12,102.18,102.12,102.18,15565.0
13:05,102.16,102.17,102.11,102.12,19005.0
13:06,102.14,102.18,102.14,102.17,10842.0
13:07,102.17,102.18,102.15,102.15,14237.0
13:08,102.14,102.2,102.14,102.18,13963.0
13:09,102.17,102.19,102.14,102.15,18939.0
13:10,102.17,102.18,102.16,102.17,10134.0
13:11,102.21,102.21,102.16,102.17,14297.0
13:12,102.27,102.27,102.21,102.21,30729.0
13:13,102.29,102.29,102.25,102.26,10278.0
13:14,102.31,102.31,102.28,102.29,17584.0
13:15,102.29,102.32,102.27,102.3,13826.0
13:16,102.29,102.32,102.28,102.28,17379.0
13:17,102.31,102.31,102.29,102.29,10717.0
13:18,102.25,102.3,102.25,102.3,20027.0
13:19,102.13,102.25,102.12,102.25,24985.0
13:20,102.07,102.14,102.07,102.13,13062.0
13:21,102.18,102.18,102.07,102.07,14645.0
13:22,102.18,102.21,102.17,102.2,15473.0
13:23,102.21,102.21,102.19,102.19,16953.0
13:24,102.14,102.21,102.13,102.21,18041.0
13:25,102.17,102.17,102.14,102.14,18140.0
13:26,102.18,102.19,102.17,102.17,19247.0
13:27,102.17,102.21,102.16,102.18,20381.0
13:28,102.07,102.16,102.07,102.16,18511.0
13:29,102.1,102.13,102.05,102.07,31876.0
13:30,102.11,102.14,102.1,102.1,18457.0
13:31,102.03,102.1,102.03,102.1,25472.0
13:32,102.1,102.11,102.04,102.05,20268.0
13:33,102.07,102.11,102.07,102.1,12947.0
13:34,102.0,102.08,102.0,102.07,27968.0
13:35,102.02,102.03,101.96,102.01,42479.0
13:36,101.97,102.02,101.97,102.02,27755.0
13:37,101.97,102.0,101.96,101.97,16170.0
13:38,101.97,102.0,101.97,101.99,18102.0
13:39,101.93,101.97,101.93,101.97,27749.0
13:40,101.9,101.93,101.89,101.93,18702.0
13:41,101.86,101.9,101.85,101.9,20374.0
13:42,101.86,101.86,101.85,101.86,17128.0
13:43,101.89,101.89,101.83,101.85,11145.0
13:44,101.86,101.89,101.86,101.88,11166.0
13:45,101.84,101.88,101.83,101.86,13052.0
13:46,101.86,101.88,101.83,101.84,13244.0
13:47,101.93,101.93,101.86,101.86,11826.0
13:48,101.95,101.97,101.93,101.93,16680.0
13:49,101.96,101.98,101.94,101.95,14397.0
13:50,101.97,101.99,101.93,101.97,17905.0
13:51,101.97,101.99,101.96,101.98,10949.0
13:52,101.96,101.98,101.94,101.97,11064.0
13:53,101.98,102.01,101.96,101.96,13173.0
13:54,101.99,102.0,101.94,101.97,12234.0
13:55,101.93,101.99,101.93,101.99,9615.0
13:56,101.92,101.94,101.91,101.93,16580.0
13:57,101.9,101.92,101.87,101.91,13542.0
13:58,101.92,101.92,101.89,101.9,8137.0
13:59,101.97,101.97,101.92,101.93,26297.0
14:00,101.99,102.0,101.96,101.96,16255.0
14:01,101.99,102.0,101.97,101.98,9598.0
14:02,102.0,102.01,101.99,102.0,10862.0
14:03,102.04,102.06,102.0,102.0,27393.0
14:04,102.01,102.06,102.0,102.04,14744.0
14:05,102.02,102.04,102.0,102.0,16001.0
14:06,102.03,102.03,102.01,102.01,7354.0
14:07,102.0,102.04,101.99,102.03,33240.0
14:08,101.96,102.0,101.95,102.0,18729.0
14:09,102.0,102.0,101.92,101.95,28213.0
14:10,102.03,102.06,101.98,102.0,25111.0
14:11,102.04,102.08,102.03,102.04,51699.0
14:12,102.06,102.06,102.01,102.05,19018.0
14:13,102.1,102.1,102.05,102.06,17873.0
14:14,102.1,102.12,102.09,102.1,31311.0
14:15,102.12,102.15,102.09,102.1,17147.0
14:16,102.16,102.16,102.13,102.13,6168.0
14:17,102.15,102.18,102.15,102.16,20318.0
14:18,102.16,102.18,102.14,102.16,12392.0
14:19,102.11,102.18,102.1,102.16,16005.0
14:20,102.13,102.14,102.1,102.1,10970.0
14:21,102.14,102.15,102.1,102.12,18696.0
14:22,102.15,102.18,102.11,102.14,14699.0
14:23,102.18,102.18,102.15,102.16,11158.0
14:24,102.18,102.21,102.17,102.19,15368.0
14:25,102.22,102.23,102.17,102.18,14794.0
14:26,102.17,102.21,102.16,102.21,38106.0
14:27,102.15,102.18,102.14,102.18,17433.0
14:28,102.15,102.18,102.13,102.14,15155.0
14:29,102.16,102.18,102.16,102.16,13496.0
14:30,102.05,102.16,102.03,102.16,39203.0
14:31,101.99,102.05,101.99,102.04,10318.0
14:32,101.97,102.0,101.9,102.0,33496.0
14:33,102.03,102.04,101.95,101.96,27486.0
14:34,102.0,102.03,101.99,102.03,8505.0
14:35,102.03,102.03,101.99,102.0,13531.0
14:36,102.01,102.04,102.0,102.03,10597.0
14:37,102.1,102.11,102.0,102.0,17587.0
14:38,102.08,102.09,102.06,102.09,13119.0
14:39,102.09,102.11,102.07,102.08,13400.0
14:40,102.06,102.1,102.06,102.08,17694.0
14:41,102.11,102.11,102.06,102.06,11337.0
14:42,102.12,102.13,102.07,102.11,18158.0
14:43,102.08,102.11,102.07,102.11,12517.0
14:44,102.06,102.09,102.06,102.08,19561.0
14:45,102.05,102.07,102.04,102.05,14899.0
14:46,102.07,102.09,102.03,102.05,17841.0
14:47,102.11,102.11,102.07,102.07,19222.0
14:48,102.07,102.12,102.07,102.11,23397.0
14:49,102.1,102.1,102.07,102.07,30646.0
14:50,102.12,102.16,102.1,102.1,37197.0
14:51,102.15,102.17,102.1,102.12,27556.0
14:52,102.21,102.21,102.14,102.15,23024.0
14:53,102.17,102.21,102.16,102.21,13394.0
14:54,102.17,102.18,102.16,102.16,11306.0
14:55,102.14,102.17,102.12,102.15,13090.0
14:56,102.08,102.15,102.08,102.14,23728.0
14:57,102.07,102.1,102.07,102.07,16743.0
14:58,102.09,102.09,102.04,102.07,17165.0
14:59,102.07,102.09,102.07,102.08,9891.0
15:00,102.13,102.14,102.07,102.08,21460.0
15:01,102.19,102.2,102.13,102.14,30013.0
15:02,102.16,102.18,102.15,102.18,17001.0
15:03,102.19,102.2,102.16,102.16,20495.0
15:04,102.19,102.22,102.19,102.19,13919.0
15:05,102.14,102.2,102.14,102.2,24931.0
15:06,102.14,102.15,102.12,102.14,12224.0
15:07,102.09,102.14,102.08,102.14,28015.0
15:08,102.08,102.09,102.06,102.08,14832.0
15:09,102.1,102.1,102.08,102.08,13830.0
15:10,102.18,102.18,102.08,102.09,22920.0
15:11,102.17,102.18,102.16,102.18,21121.0
15:12,102.23,102.23,102.17,102.17,23073.0
15:13,102.24,102.28,102.24,102.24,40352.0
15:14,102.24,102.27,102.24,102.24,19382.0
15:15,102.24,102.25,102.22,102.24,12670.0
15:16,102.24,102.24,102.21,102.24,14914.0
15:17,102.25,102.28,102.24,102.24,14508.0
15:18,102.23,102.25,102.2,102.25,18705.0
15:19,102.26,102.28,102.23,102.23,12083.0
15:20,102.25,102.27,102.25,102.26,13991.0
15:21,102.25,102.28,102.25,102.26,10608.0
15:22,102.22,102.29,102.22,102.25,19849.0
15:23,102.26,102.26,102.22,102.23,15025.0
15:24,102.24,102.28,102.23,102.26,18061.0
15:25,102.24,102.24,102.19,102.23,21511.0
15:26,102.28,102.29,102.24,102.24,21613.0
15:27,102.26,102.29,102.25,102.27,14580.0
15:28,102.23,102.27,102.23,102.26,7864.0
15:29,102.22,102.23,102.2,102.23,11206.0
15:30,102.2,102.26,102.18,102.22,15232.0
15:31,102.17,102.2,102.17,102.19,11940.0
15:32,102.12,102.17,102.1,102.16,16989.0
15:33,102.15,102.15,102.12,102.12,9902.0
15:34,102.2,102.2,102.14,102.16,10331.0
15:35,102.19,102.21,102.17,102.19,18276.0
15:36,102.16,102.19,102.14,102.18,15797.0
15:37,102.22,102.22,102.16,102.16,11095.0
15:38,102.22,102.24,102.22,102.23,16818.0
15:39,102.28,102.28,102.23,102.23,9152.0
15:40,102.34,102.34,102.29,102.29,16710.0
15:41,102.33,102.36,102.32,102.35,19649.0
15:42,102.31,102.36,102.29,102.33,32962.0
15:43,102.25,102.31,102.23,102.31,26807.0
15:44,102.24,102.26,102.22,102.25,17430.0
15:45,102.26,102.26,102.22,102.24,22125.0
15:46,102.25,102.25,102.23,102.25,15313.0
15:47,102.25,102.28,102.23,102.25,23081.0
15:48,102.27,102.29,102.25,102.25,20097.0
15:49,102.28,102.31,102.26,102.26,29397.0
15:50,102.28,102.3,102.28,102.3,12392.0
15:51,102.28,102.3,102.27,102.28,12967.0
15:52,102.31,102.31,102.27,102.28,13453.0
15:53,102.29,102.31,102.27,102.31,14798.0
15:54,102.28,102.29,102.27,102.29,17754.0
15:55,102.28,102.29,102.27,102.28,12807.0
15:56,102.28,102.29,102.26,102.28,14080.0
15:57,102.25,102.29,102.24,102.28,19910.0
15:58,102.27,102.28,102.25,102.25,15532.0
15:59,102.29,102.32,102.27,102.27,22170.0
16:00,102.26,102.28,102.25,102.28,14614.0
16:01,102.29,102.32,102.26,102.27,29838.0
16:02,102.31,102.31,102.29,102.29,12282.0
16:03,102.28,102.31,102.28,102.3,15444.0
16:04,102.29,102.31,102.29,102.29,12801.0
16:05,102.23,102.29,102.22,102.28,19370.0
16:06,102.22,102.26,102.22,102.24,19277.0
16:07,102.21,102.23,102.19,102.23,27365.0
16:08,102.22,102.24,102.19,102.21,22711.0
16:09,102.17,102.22,102.17,102.22,7378.0
16:10,102.12,102.17,102.12,102.17,15010.0
16:11,102.2,102.2,102.12,102.12,17814.0
16:12,102.2,102.21,102.18,102.19,14961.0
16:13,102.19,102.22,102.19,102.21,21277.0
16:14,102.14,102.19,102.14,102.19,31995.0
16:15,102.11,102.14,102.11,102.13,11560.0
16:16,102.11,102.14,102.09,102.11,24614.0
16:17,102.11,102.12,102.09,102.12,16964.0
16:18,102.09,102.11,102.08,102.1,24109.0
16:19,102.13,102.15,102.1,102.1,26015.0
16:20,102.1,102.14,102.1,102.14,20956.0
16:21,102.13,102.14,102.09,102.12,19460.0
16:22,102.11,102.14,102.1,102.13,14385.0
16:23,102.13,102.14,102.1,102.11,20557.0
16:24,102.17,102.17,102.12,102.14,20261.0
16:25,102.14,102.17,102.14,102.17,21777.0
16:26,102.16,102.17,102.13,102.14,21647.0
16:27,102.23,102.23,102.17,102.17,14155.0
16:28,102.23,102.24,102.21,102.24,22140.0
16:29,102.27,102.28,102.22,102.23,20869.0
16:30,102.33,102.34,102.26,102.27,25047.0
16:31,102.31,102.34,102.29,102.32,20993.0
16:32,102.32,102.36,102.3,102.31,27892.0
16:33,102.29,102.33,102.29,102.32,23381.0
16:34,102.29,102.31,102.28,102.29,26648.0
16:35,102.29,102.31,102.25,102.29,52496.0
16:36,102.33,102.33,102.26,102.28,30413.0
16:37,102.36,102.38,102.31,102.32,37555.0
16:38,102.36,102.39,102.36,102.38,18851.0
16:39,102.33,102.37,102.33,102.36,24614.0
16:40,102.32,102.36,102.32,102.33,22214.0
16:41,102.35,102.36,102.32,102.32,28847.0
16:42,102.35,102.36,102.32,102.34,25771.0
16:43,102.35,102.37,102.34,102.34,20771.0
16:44,102.36,102.37,102.35,102.35,22209.0
16:45,102.39,102.4,102.34,102.35,58747.0
16:46,102.36,102.4,102.35,102.39,42869.0
16:47,102.32,102.37,102.3,102.37,36443.0
16:48,102.29,102.32,102.29,102.32,23356.0
16:49,102.28,102.35,102.27,102.29,35468.0
16:50,102.18,102.27,102.18,102.27,97611.0
16:51,102.17,102.21,102.16,102.18,46627.0
16:52,102.15,102.21,102.14,102.17,54710.0
16:53,102.19,102.19,102.13,102.16,64247.0
16:54,102.25,102.25,102.17,102.19,70436.0
16:55,102.29,102.36,102.26,102.26,111765.0
16:56,102.25,102.29,102.25,102.29,89342.0
16:57,102.29,102.32,102.25,102.25,109199.0
16:58,102.32,102.33,102.28,102.29,153570.0
16:59,102.31,102.33,102.27,102.32,267734.0
