Time,Close,High,Low,Open,Volume
09:30,102.86,102.87,102.36,102.54,306350.0
09:31,102.61,102.84,102.54,102.84,51339.0
09:32,102.83,102.86,102.58,102.61,61015.0
09:33,102.78,102.89,102.73,102.82,23186.0
09:34,102.85,102.93,102.76,102.79,21198.0
09:35,102.98,102.98,102.81,102.83,54303.0
09:36,103.07,103.07,102.83,102.94,140098.0
09:37,103.19,103.21,103.06,103.07,41679.0
09:38,103.11,103.2,103.05,103.18,34681.0
09:39,103.03,103.12,103.02,103.11,39473.0
09:40,103.12,103.12,103.0,103.02,39838.0
09:41,103.22,103.25,103.11,103.11,31143.0
09:42,103.3,103.31,103.19,103.21,38704.0
09:43,103.15,103.29,103.07,103.29,35558.0
09:44,103.1,103.15,103.04,103.14,13890.0
09:45,103.07,103.09,103.0,103.09,36536.0
09:46,103.08,103.12,102.99,103.08,29567.0
09:47,103.03,103.08,102.96,103.08,20071.0
09:48,103.1,103.1,103.0,103.0,24237.0
09:49,102.98,103.14,102.97,103.09,46514.0
09:50,103.07,103.07,102.94,102.97,30191.0
09:51,103.0,103.11,102.96,103.08,21341.0
09:52,103.04,103.08,103.0,103.0,26649.0
09:53,103.14,103.15,103.0,103.06,39726.0
09:54,103.24,103.25,103.14,103.14,26121.0
09:55,103.27,103.33,103.24,103.24,34649.0
09:56,103.35,103.4,103.26,103.26,19811.0
09:57,103.24,103.35,103.24,103.35,22972.0
09:58,103.31,103.33,103.23,103.24,33775.0
09:59,103.3,103.31,103.25,103.29,29174.0
10:00,103.39,103.41,103.25,103.28,58783.0
10:01,103.35,103.41,103.32,103.39,29879.0
10:02,103.32,103.36,103.29,103.36,18814.0
10:03,103.29,103.32,103.28,103.32,13398.0
10:04,103.24,103.31,103.24,103.29,26380.0
10:05,103.29,103.29,103.22,103.24,19861.0
10:06,103.4,103.41,103.28,103.29,36021.0
10:07,103.42,103.44,103.36,103.4,43247.0
10:08,103.32,103.42,103.32,103.42,19097.0
10:09,103.36,103.36,103.26,103.32,36947.0
10:10,103.4,103.41,103.33,103.35,28272.0
10:11,103.48,103.49,103.44,103.45,41218.0
10:12,103.46,103.49,103.45,103.47,26979.0
10:13,103.46,103.48,103.45,103.47,19645.0
10:14,103.38,103.46,103.33,103.45,44753.0
10:15,103.29,103.38,103.28,103.38,15848.0
10:16,103.35,103.35,103.29,103.29,26604.0
10:17,103.31,103.36,103.3,103.34,30423.0
10:18,103.29,103.31,103.26,103.31,22820.0
10:19,103.37,103.39,103.28,103.28,36556.0
10:20,103.32,103.37,103.29,103.36,20782.0
10:21,103.36,103.38,103.29,103.3,23448.0
10:22,103.45,103.48,103.34,103.36,20240.0
10:23,103.45,103.46,103.32,103.44,94863.0
10:24,103.39,103.48,103.37,103.44,73995.0
10:25,103.36,103.41,103.35,103.39,20490.0
10:26,103.39,103.44,103.35,103.36,24746.0
10:27,103.44,103.44,103.39,103.39,16130.0
10:28,103.44,103.45,103.39,103.44,17186.0
10:29,103.47,103.49,103.44,103.44,25612.0
10:30,103.44,103.48,103.41,103.46,21105.0
10:31,103.43,103.44,103.42,103.44,12313.0
10:32,103.38,103.44,103.38,103.43,28746.0
10:33,103.36,103.39,103.34,103.39,23493.0
10:34,103.38,103.42,103.35,103.36,20806.0
10:35,103.4,103.41,103.38,103.38,14217.0
10:36,103.54,103.54,103.4,103.41,64984.0
10:37,103.58,103.59,103.54,103.54,30649.0
10:38,103.67,103.7,103.58,103.58,84016.0
10:39,103.68,103.68,103.61,103.66,24095.0
10:40,103.71,103.75,103.67,103.68,39763.0
10:41,103.71,103.76,103.65,103.72,30957.0
10:42,103.71,103.77,103.68,103.73,29528.0
10:43,103.71,103.72,103.68,103.71,22805.0
10:44,103.67,103.75,103.65,103.71,37205.0
10:45,103.69,103.72,103.65,103.68,19185.0
10:46,103.8,103.8,103.68,103.69,30874.0
10:47,103.94,103.97,103.8,103.8,103994.0
10:48,103.91,103.93,103.85,103.93,63185.0
10:49,103.89,103.94,103.85,103.91,19231.0
10:50,103.82,103.91,103.81,103.88,15524.0
10:51,103.9,103.9,103.83,103.83,39006.0
10:52,103.85,103.9,103.83,103.9,17481.0
10:53,103.87,103.89,103.81,103.85,31655.0
10:54,103.87,103.92,103.84,103.87,30660.0
10:55,103.82,103.9,103.81,103.87,28512.0
10:56,103.81,103.85,103.77,103.82,44668.0
10:57,103.79,103.82,103.77,103.82,15935.0
10:58,103.75,103.79,103.74,103.79,32039.0
10:59,103.73,103.77,103.69,103.75,54469.0
11:00,103.69,103.76,103.68,103.73,20398.0
11:01,103.53,103.7,103.51,103.7,36493.0
11:02,103.52,103.56,103.5,103.54,26574.0
11:03,103.5,103.55,103.49,103.52,25694.0
11:04,103.48,103.54,103.48,103.5,24814.0
11:05,103.43,103.51,103.43,103.49,15108.0
11:06,103.44,103.45,103.42,103.44,8713.0
11:07,103.45,103.46,103.41,103.44,16409.0
11:08,103.43,103.45,103.41,103.44,20484.0
11:09,103.46,103.47,103.43,103.43,34362.0
11:10,103.48,103.49,103.44,103.46,26412.0
11:11,103.56,103.57,103.48,103.49,29953.0
11:12,103.5,103.56,103.48,103.56,53555.0
11:13,103.52,103.53,103.5,103.51,16178.0
11:14,103.51,103.55,103.5,103.52,13231.0
11:15,103.46,103.51,103.42,103.5,25633.0
11:16,103.46,103.49,103.45,103.45,19523.0
11:17,103.53,103.54,103.46,103.46,12027.0
11:18,103.51,103.53,103.49,103.52,18017.0
11:19,103.49,103.53,103.49,103.51,17711.0
11:20,103.53,103.53,103.47,103.48,10723.0
11:21,103.55,103.59,103.5,103.52,28699.0
11:22,103.51,103.57,103.51,103.55,14617.0
11:23,103.46,103.51,103.46,103.51,15060.0
11:24,103.49,103.49,103.46,103.46,11670.0
11:25,103.54,103.54,103.45,103.48,18252.0
11:26,103.63,103.64,103.53,103.54,40069.0
11:27,103.57,103.66,103.57,103.64,24360.0
11:28,103.57,103.6,103.55,103.57,13119.0
11:29,103.57,103.58,103.56,103.57,10907.0
11:30,103.54,103.6,103.53,103.58,45400.0
11:31,103.53,103.55,103.52,103.54,7782.0
11:32,103.51,103.55,103.5,103.53,15560.0
11:33,103.52,103.53,103.51,103.51,7415.0
11:34,103.54,103.56,103.49,103.51,14717.0
11:35,103.51,103.54,103.5,103.54,17766.0
11:36,103.53,103.55,103.51,103.51,9884.0
11:37,103.54,103.54,103.51,103.53,13059.0
11:38,103.54,103.56,103.51,103.54,19120.0
11:39,103.51,103.57,103.5,103.55,13952.0
11:40,103.47,103.51,103.47,103.5,10426.0
11:41,103.43,103.46,103.41,103.46,13326.0
11:42,103.46,103.46,103.42,103.44,14792.0
11:43,103.5,103.5,103.45,103.45,15278.0
11:44,103.5,103.5,103.47,103.5,11170.0
11:45,103.49,103.53,103.49,103.5,12179.0
11:46,103.54,103.54,103.49,103.49,10465.0
11:47,103.57,103.57,103.52,103.54,12827.0
11:48,103.52,103.57,103.5,103.57,13491.0
11:49,103.51,103.53,103.5,103.51,13390.0
11:50,103.52,103.54,103.49,103.51,36804.0
11:51,103.53,103.54,103.51,103.52,7430.0
11:52,103.5,103.56,103.5,103.53,18703.0
11:53,103.5,103.5,103.47,103.5,12943.0
11:54,103.5,103.51,103.49,103.5,10458.0
11:55,103.5,103.5,103.46,103.5,10563.0
11:56,103.53,103.53,103.47,103.49,22105.0
11:57,103.49,103.54,103.49,103.53,9102.0
11:58,103.49,103.51,103.48,103.5,30923.0
11:59,103.51,103.51,103.48,103.49,8697.0
12:00,103.48,103.51,103.46,103.51,16903.0
12:01,103.48,103.49,103.42,103.46,15509.0
12:02,103.43,103.48,103.43,103.47,9189.0
12:03,103.46,103.46,103.43,103.43,7260.0
12:04,103.42,103.46,103.42,103.45,14133.0
12:05,103.35,103.41,103.35,103.41,16161.0
12:06,103.29,103.34,103.29,103.34,23016.0
12:07,103.31,103.32,103.29,103.29,20628.0
12:08,103.29,103.31,103.29,103.31,12139.0
12:09,103.28,103.29,103.27,103.29,15175.0
12:10,103.28,103.31,103.27,103.27,21580.0
12:11,103.24,103.3,103.23,103.28,27359.0
12:12,103.26,103.27,103.24,103.25,12659.0
12:13,103.25,103.27,103.25,103.26,7888.0
12:14,103.25,103.25,103.24,103.25,6717.0
12:15,103.21,103.25,103.2,103.25,8070.0
12:16,103.18,103.21,103.16,103.21,22799.0
12:17,103.23,103.24,103.18,103.19,16836.0
12:18,103.21,103.23,103.19,103.22,7397.0
12:19,103.25,103.25,103.2,103.21,7559.0
12:20,103.19,103.26,103.19,103.25,15621.0
12:21,103.21,103.21,103.17,103.19,12826.0
12:22,103.25,103.25,103.19,103.22,22649.0
12:23,103.23,103.27,103.2,103.25,46200.0
12:24,103.18,103.24,103.18,103.22,13794.0
12:25,103.18,103.19,103.16,103.17,5387.0
12:26,103.2,103.22,103.19,103.19,15645.0
12:27,103.25,103.25,103.2,103.2,5314.0
12:28,103.24,103.26,103.23,103.26,9113.0
12:29,103.21,103.24,103.21,103.24,5907.0
12:30,103.17,103.2,103.16,103.2,8308.0
12:31,103.21,103.21,103.16,103.17,7509.0
12:32,103.18,103.21,103.18,103.21,7884.0
12:33,103.2,103.21,103.18,103.18,8182.0
12:34,103.23,103.23,103.2,103.21,3813.0
12:35,103.2,103.23,103.18,103.23,6805.0
12:36,103.17,103.2,103.17,103.19,9633.0
12:37,103.13,103.18,103.12,103.16,10706.0
12:38,103.11,103.13,103.1,103.13,7595.0
12:39,103.11,103.13,103.11,103.11,9360.0
12:40,103.12,103.14,103.11,103.11,7514.0
12:41,103.12,103.13,103.08,103.11,10253.0
12:42,103.09,103.12,103.09,103.11,9267.0
12:43,103.07,103.09,103.06,103.08,9120.0
12:44,103.07,103.08,103.04,103.07,17672.0
12:45,103.06,103.1,103.06,103.09,8812.0
12:46,103.1,103.1,103.05,103.06,10307.0
12:47,103.1,103.1,103.07,103.09,8341.0
12:48,103.16,103.16,103.1,103.1,14676.0
12:49,103.16,103.2,103.15,103.15,23542.0
12:50,103.2,103.2,103.14,103.15,5433.0
12:51,103.18,103.19,103.18,103.19,9008.0
12:52,103.19,103.19,103.18,103.18,8121.0
12:53,103.18,103.22,103.18,103.2,40381.0
12:54,103.18,103.19,103.18,103.18,14384.0
12:55,103.21,103.21,103.15,103.18,8581.0
12:56,103.21,103.22,103.19,103.21,7041.0
12:57,103.21,103.24,103.21,103.21,9734.0
12:58,103.21,103.22,103.21,103.21,7323.0
12:59,103.2,103.21,103.19,103.2,8051.0
13:00,103.18,103.21,103.16,103.21,15903.0
13:01,103.18,103.21,103.18,103.18,10618.0
13:02,103.15,103.18,103.15,103.18,8610.0
13:03,103.11,103.15,103.11,103.15,8212.0
13:04,103.1,103.13,103.1,103.11,10499.0
13:05,103.08,103.1,103.07,103.1,14239.0
13:06,103.13,103.13,103.07,103.07,7424.0
13:07,103.12,103.14,103.11,103.12,10746.0
13:08,103.21,103.21,103.12,103.12,12099.0
13:09,103.29,103.29,103.21,103.21,17333.0
13:10,103.32,103.32,103.29,103.29,16146.0
13:11,103.32,103.33,103.31,103.31,10465.0
13:12,103.29,103.33,103.29,103.32,8891.0
13:13,103.29,103.32,103.27,103.29,15893.0
13:14,103.29,103.29,103.26,103.29,9226.0
13:15,103.29,103.29,103.27,103.29,7802.0
13:16,103.26,103.29,103.26,103.29,7324.0
13:17,103.27,103.28,103.26,103.27,5296.0
13:18,103.28,103.29,103.26,103.27,10486.0
13:19,103.29,103.29,103.27,103.28,5076.0
13:20,103.31,103.34,103.29,103.29,13697.0
13:21,103.32,103.32,103.3,103.31,5656.0
13:22,103.29,103.31,103.28,103.31,3995.0
13:23,103.28,103.29,103.28,103.29,8208.0
13:24,103.26,103.29,103.26,103.27,6880.0
13:25,103.26,103.27,103.25,103.26,5069.0
13:26,103.25,103.26,103.22,103.26,20560.0
13:27,103.25,103.26,103.24,103.24,8390.0
13:28,103.23,103.24,103.22,103.24,4493.0
13:29,103.25,103.26,103.24,103.24,8588.0
13:30,103.27,103.27,103.24,103.25,8521.0
13:31,103.26,103.26,103.24,103.26,10441.0
13:32,103.25,103.26,103.23,103.26,10574.0
13:33,103.24,103.26,103.24,103.24,9754.0
13:34,103.22,103.24,103.21,103.24,10044.0
13:35,103.22,103.24,103.21,103.22,10107.0
13:36,103.22,103.22,103.21,103.21,7410.0
13:37,103.25,103.25,103.22,103.23,8381.0
13:38,103.26,103.26,103.25,103.25,4851.0
13:39,103.25,103.26,103.23,103.26,23731.0
13:40,103.29,103.29,103.25,103.25,8802.0
13:41,103.29,103.3,103.29,103.29,12364.0
13:42,103.25,103.29,103.25,103.29,5650.0
13:43,103.25,103.26,103.25,103.25,7419.0
13:44,103.21,103.26,103.21,103.26,9247.0
13:45,103.21,103.24,103.21,103.22,8003.0
13:46,103.25,103.25,103.21,103.21,7021.0
13:47,103.24,103.25,103.22,103.25,9498.0
13:48,103.24,103.26,103.24,103.24,11842.0
13:49,103.24,103.26,103.24,103.24,6563.0
13:50,103.24,103.25,103.23,103.23,11592.0
13:51,103.27,103.27,103.23,103.24,6378.0
13:52,103.28,103.28,103.26,103.27,8467.0
13:53,103.29,103.29,103.27,103.27,6612.0
13:54,103.29,103.31,103.29,103.29,7062.0
13:55,103.29,103.31,103.29,103.29,7019.0
13:56,103.32,103.32,103.28,103.29,8921.0
13:57,103.35,103.35,103.31,103.32,17269.0
13:58,103.35,103.35,103.34,103.35,5185.0
13:59,103.36,103.36,103.33,103.35,11872.0
14:00,103.34,103.36,103.32,103.35,9533.0
14:01,103.33,103.34,103.32,103.33,9914.0
14:02,103.33,103.34,103.32,103.32,6374.0
14:03,103.37,103.38,103.33,103.33,19845.0
14:04,103.33,103.37,103.33,103.37,6923.0
14:05,103.35,103.37,103.33,103.33,7050.0
14:06,103.39,103.39,103.36,103.36,10625.0
14:07,103.37,103.39,103.37,103.38,5756.0
14:08,103.39,103.39,103.37,103.38,5950.0
14:09,103.38,103.39,103.37,103.39,11000.0
14:10,103.33,103.38,103.33,103.38,9144.0
14:11,103.35,103.35,103.32,103.33,4090.0
14:12,103.37,103.37,103.33,103.35,7713.0
14:13,103.38,103.38,103.37,103.37,4601.0
14:14,103.39,103.39,103.38,103.38,7321.0
14:15,103.39,103.42,103.39,103.4,13534.0
14:16,103.36,103.39,103.36,103.39,7179.0
14:17,103.38,103.38,103.36,103.36,9718.0
14:18,103.38,103.39,103.38,103.38,9337.0
14:19,103.43,103.43,103.39,103.39,6036.0
14:20,103.46,103.46,103.43,103.44,5931.0
14:21,103.46,103.47,103.44,103.46,8022.0
14:22,103.49,103.49,103.46,103.46,8772.0
14:23,103.44,103.49,103.42,103.48,23957.0
14:24,103.47,103.48,103.43,103.43,17984.0
14:25,103.46,103.47,103.44,103.46,10769.0
14:26,103.49,103.5,103.46,103.46,21098.0
14:27,103.5,103.51,103.48,103.48,15758.0
14:28,103.49,103.5,103.48,103.5,8425.0
14:29,103.46,103.48,103.44,103.48,16620.0
14:30,103.5,103.51,103.46,103.46,10803.0
14:31,103.5,103.51,103.49,103.5,14219.0
14:32,103.51,103.53,103.49,103.5,11165.0
14:33,103.51,103.54,103.51,103.51,14378.0
14:34,103.48,103.51,103.47,103.51,13944.0
14:35,103.46,103.48,103.45,103.47,10899.0
14:36,103.45,103.47,103.45,103.46,10764.0
14:37,103.44,103.46,103.43,103.45,15086.0
14:38,103.43,103.44,103.43,103.44,3467.0
14:39,103.4,103.44,103.38,103.44,16356.0
14:40,103.46,103.46,103.4,103.4,14994.0
14:41,103.51,103.54,103.46,103.46,21525.0
14:42,103.48,103.53,103.47,103.51,15540.0
14:43,103.47,103.51,103.47,103.48,11921.0
14:44,103.51,103.51,103.47,103.47,7827.0
14:45,103.5,103.5,103.49,103.5,8536.0
14:46,103.5,103.5,103.47,103.5,8292.0
14:47,103.54,103.54,103.5,103.5,6092.0
14:48,103.54,103.54,103.54,103.54,8546.0
14:49,103.58,103.58,103.55,103.55,26556.0
14:50,103.58,103.59,103.57,103.58,7618.0
14:51,103.58,103.59,103.57,103.57,8572.0
14:52,103.57,103.6,103.57,103.6,15463.0
14:53,103.57,103.58,103.56,103.57,8814.0
14:54,103.58,103.58,103.57,103.57,7858.0
14:55,103.61,103.62,103.57,103.58,11401.0
14:56,103.61,103.61,103.6,103.61,11038.0
14:57,103.64,103.64,103.61,103.61,15027.0
14:58,103.64,103.65,103.63,103.64,10835.0
14:59,103.63,103.65,103.62,103.64,11049.0
15:00,103.63,103.64,103.61,103.62,7945.0
15:01,103.64,103.65,103.63,103.64,7080.0
15:02,103.61,103.64,103.6,103.64,17728.0
15:03,103.59,103.61,103.59,103.61,8140.0
15:04,103.6,103.62,103.6,103.6,8749.0
15:05,103.6,103.61,103.59,103.6,6876.0
15:06,103.62,103.64,103.61,103.61,25364.0
15:07,103.61,103.62,103.59,103.62,15094.0
15:08,103.64,103.64,103.6,103.61,17591.0
15:09,103.65,103.67,103.63,103.64,19121.0
15:10,103.64,103.65,103.63,103.65,5980.0
15:11,103.63,103.64,103.62,103.63,8638.0
15:12,103.62,103.64,103.61,103.63,10443.0
15:13,103.6,103.64,103.6,103.62,20890.0
15:14,103.57,103.61,103.57,103.61,13883.0
15:15,103.56,103.6,103.55,103.58,19629.0
15:16,103.54,103.56,103.53,103.56,9169.0
15:17,103.54,103.55,103.51,103.54,13153.0
15:18,103.58,103.58,103.54,103.55,13980.0
15:19,103.56,103.58,103.56,103.58,18246.0
15:20,103.54,103.56,103.54,103.55,10702.0
15:21,103.54,103.56,103.53,103.54,12272.0
15:22,103.52,103.54,103.51,103.54,10182.0
15:23,103.51,103.51,103.49,103.51,24912.0
15:24,103.54,103.56,103.51,103.51,17316.0
15:25,103.55,103.57,103.54,103.54,14542.0
15:26,103.54,103.55,103.53,103.54,12937.0
15:27,103.61,103.61,103.54,103.54,57959.0
15:28,103.57,103.61,103.57,103.61,21229.0
15:29,103.58,103.58,103.56,103.57,12711.0
15:30,103.58,103.61,103.58,103.58,15295.0
15:31,103.54,103.58,103.54,103.58,16649.0
15:32,103.49,103.55,103.47,103.54,20632.0
15:33,103.44,103.49,103.44,103.49,28314.0
15:34,103.46,103.49,103.45,103.45,20177.0
15:35,103.47,103.54,103.45,103.46,70649.0
15:36,103.46,103.47,103.44,103.46,22826.0
15:37,103.44,103.48,103.43,103.46,20309.0
15:38,103.44,103.47,103.43,103.43,16536.0
15:39,103.44,103.47,103.43,103.44,15389.0
15:40,103.47,103.51,103.44,103.44,27066.0
15:41,103.39,103.48,103.39,103.47,15595.0
15:42,103.4,103.42,103.38,103.39,36869.0
15:43,103.44,103.46,103.41,103.41,27898.0
15:44,103.49,103.5,103.44,103.44,17982.0
15:45,103.49,103.5,103.47,103.49,29229.0
15:46,103.5,103.5,103.45,103.49,54276.0
15:47,103.48,103.53,103.46,103.5,32893.0
15:48,103.42,103.49,103.4,103.47,43364.0
15:49,103.39,103.42,103.38,103.42,34075.0
15:50,103.53,103.54,103.34,103.4,58730.0
15:51,103.54,103.57,103.5,103.54,66069.0
15:52,103.56,103.56,103.53,103.54,37058.0
15:53,103.58,103.58,103.54,103.56,50836.0
15:54,103.62,103.62,103.56,103.58,72287.0
15:55,103.52,103.62,103.48,103.62,140572.0
15:56,103.5,103.55,103.48,103.51,88625.0
15:57,103.54,103.55,103.44,103.5,122214.0
15:58,103.5,103.56,103.49,103.55,133551.0
15:59,103.44,103.51,103.44,103.5,249466.0
