Time,Close,High,Low,Open,Volume
09:30,103.04,103.22,103.0,103.0,293779.0
09:31,102.94,103.05,102.72,103.05,53818.0
09:32,103.03,103.03,102.82,102.95,53102.0
09:33,103.2,103.23,102.99,103.01,35913.0
09:34,103.1,103.19,103.02,103.19,31542.0
09:35,103.12,103.14,102.97,103.09,21095.0
09:36,102.99,103.16,102.99,103.12,41968.0
09:37,103.02,103.04,102.94,102.98,27330.0
09:38,102.93,103.01,102.92,103.01,15603.0
09:39,102.9,102.97,102.87,102.9,17109.0
09:40,102.86,102.93,102.84,102.9,20287.0
09:41,103.02,103.03,102.85,102.86,10154.0
09:42,103.09,103.11,103.01,103.01,22078.0
09:43,103.02,103.11,102.98,103.09,25278.0
09:44,102.94,103.05,102.9,103.03,10374.0
09:45,102.89,102.93,102.79,102.91,43153.0
09:46,102.89,102.91,102.88,102.9,13209.0
09:47,102.76,102.88,102.72,102.88,37342.0
09:48,102.76,102.79,102.72,102.77,16150.0
09:49,102.78,102.79,102.72,102.77,40041.0
09:50,102.76,102.83,102.74,102.79,41574.0
09:51,102.84,102.89,102.76,102.76,41343.0
09:52,102.86,102.86,102.82,102.83,16554.0
09:53,102.87,102.93,102.86,102.86,16784.0
09:54,102.89,102.96,102.87,102.87,14898.0
09:55,102.89,102.91,102.85,102.9,23255.0
09:56,102.95,102.96,102.88,102.88,31893.0
09:57,102.91,102.94,102.88,102.94,25162.0
09:58,102.86,102.94,102.85,102.91,18627.0
09:59,102.9,102.94,102.83,102.86,76887.0
10:00,102.97,102.97,102.88,102.91,48947.0
10:01,102.88,102.98,102.86,102.97,30162.0
10:02,102.93,102.98,102.87,102.87,29471.0
10:03,102.91,102.96,102.89,102.94,50662.0
10:04,102.86,102.93,102.85,102.91,28219.0
10:05,102.93,102.96,102.86,102.86,22693.0
10:06,103.15,103.15,102.92,102.93,51532.0
10:07,103.03,103.18,103.02,103.15,33428.0
10:08,102.96,103.06,102.95,103.04,17232.0
10:09,102.99,102.99,102.94,102.95,13246.0
10:10,102.99,103.03,102.97,102.99,20006.0
10:11,103.0,103.05,102.99,103.0,27111.0
10:12,103.06,103.06,103.0,103.01,25020.0
10:13,103.09,103.09,103.03,103.05,16029.0
10:14,103.08,103.11,103.06,103.08,30144.0
10:15,103.1,103.12,103.08,103.08,15862.0
10:16,103.16,103.17,103.11,103.11,18671.0
10:17,103.15,103.18,103.12,103.17,16171.0
10:18,103.18,103.21,103.15,103.16,21850.0
10:19,103.2,103.2,103.14,103.18,28866.0
10:20,103.17,103.2,103.15,103.2,28777.0
10:21,103.2,103.22,103.14,103.16,17385.0
10:22,103.26,103.26,103.21,103.21,12447.0
10:23,103.21,103.25,103.19,103.25,17726.0
10:24,103.21,103.23,103.2,103.21,22993.0
10:25,103.29,103.32,103.2,103.2,32877.0
10:26,103.28,103.3,103.26,103.3,10608.0
10:27,103.34,103.35,103.28,103.28,23713.0
10:28,103.34,103.38,103.32,103.35,32007.0
10:29,103.39,103.39,103.34,103.35,21493.0
10:30,103.39,103.41,103.38,103.39,39566.0
10:31,103.47,103.49,103.39,103.39,28332.0
10:32,103.56,103.64,103.48,103.48,83224.0
10:33,103.54,103.58,103.51,103.57,36201.0
10:34,103.56,103.57,103.51,103.55,41638.0
10:35,103.47,103.55,103.44,103.55,39845.0
10:36,103.43,103.52,103.43,103.46,50388.0
10:37,103.45,103.46,103.43,103.44,28183.0
10:38,103.37,103.44,103.35,103.44,24709.0
10:39,103.38,103.42,103.37,103.38,21357.0
10:40,103.36,103.38,103.36,103.37,13225.0
10:41,103.5,103.5,103.35,103.36,29171.0
10:42,103.46,103.53,103.46,103.5,55278.0
10:43,103.44,103.46,103.4,103.46,20922.0
10:44,103.47,103.49,103.46,103.46,21660.0
10:45,103.48,103.5,103.46,103.48,24551.0
10:46,103.55,103.57,103.47,103.49,22061.0
10:47,103.56,103.58,103.53,103.56,22277.0
10:48,103.59,103.6,103.55,103.57,23169.0
10:49,103.61,103.67,103.59,103.6,28301.0
10:50,103.61,103.65,103.6,103.61,15129.0
10:51,103.62,103.64,103.59,103.62,36543.0
10:52,103.63,103.65,103.6,103.62,16358.0
10:53,103.5,103.62,103.5,103.62,23607.0
10:54,103.39,103.5,103.38,103.5,25700.0
10:55,103.45,103.45,103.39,103.4,15706.0
10:56,103.54,103.57,103.46,103.46,26653.0
10:57,103.54,103.57,103.49,103.56,27606.0
10:58,103.53,103.54,103.5,103.54,25213.0
10:59,103.59,103.59,103.52,103.52,19996.0
11:00,103.62,103.62,103.57,103.58,23749.0
11:01,103.62,103.63,103.58,103.62,21802.0
11:02,103.64,103.65,103.59,103.62,29800.0
11:03,103.65,103.65,103.61,103.64,18854.0
11:04,103.74,103.75,103.66,103.66,22145.0
11:05,103.74,103.78,103.72,103.75,38510.0
11:06,103.72,103.77,103.72,103.75,15619.0
11:07,103.73,103.75,103.69,103.71,21493.0
11:08,103.69,103.73,103.66,103.72,27664.0
11:09,103.69,103.71,103.64,103.7,18634.0
11:10,103.73,103.73,103.66,103.69,22147.0
11:11,103.74,103.74,103.71,103.74,30018.0
11:12,103.76,103.77,103.73,103.74,18253.0
11:13,103.75,103.77,103.73,103.75,21933.0
11:14,103.71,103.75,103.68,103.74,22968.0
11:15,103.79,103.81,103.7,103.7,19746.0
11:16,103.81,103.82,103.77,103.78,23080.0
11:17,103.76,103.84,103.74,103.82,33730.0
11:18,103.75,103.78,103.74,103.76,20200.0
11:19,103.7,103.75,103.7,103.75,23065.0
11:20,103.82,103.83,103.7,103.7,29435.0
11:21,103.82,103.83,103.78,103.81,14733.0
11:22,103.81,103.82,103.75,103.82,36081.0
11:23,103.83,103.85,103.81,103.82,17900.0
11:24,103.82,103.88,103.82,103.85,16422.0
11:25,103.81,103.83,103.79,103.82,22801.0
11:26,103.78,103.81,103.74,103.81,25944.0
11:27,103.81,103.81,103.78,103.79,17474.0
11:28,103.77,103.82,103.76,103.81,13271.0
11:29,103.77,103.77,103.73,103.76,27746.0
11:30,103.81,103.84,103.78,103.78,19411.0
11:31,103.8,103.83,103.78,103.82,23357.0
11:32,103.81,103.81,103.78,103.79,17078.0
11:33,103.75,103.8,103.75,103.8,18923.0
11:34,103.78,103.79,103.74,103.75,21849.0
11:35,103.75,103.79,103.74,103.78,14472.0
11:36,103.76,103.78,103.71,103.75,35204.0
11:37,103.76,103.77,103.74,103.76,15492.0
11:38,103.76,103.78,103.75,103.76,13449.0
11:39,103.75,103.76,103.73,103.76,11079.0
11:40,103.75,103.75,103.74,103.75,15523.0
11:41,103.74,103.76,103.73,103.75,15037.0
11:42,103.72,103.74,103.71,103.73,14762.0
11:43,103.63,103.73,103.6,103.73,23026.0
11:44,103.57,103.62,103.57,103.62,15428.0
11:45,103.58,103.6,103.57,103.57,22752.0
11:46,103.57,103.61,103.57,103.58,23840.0
11:47,103.57,103.59,103.54,103.58,13276.0
11:48,103.63,103.63,103.56,103.57,17101.0
11:49,103.74,103.75,103.63,103.63,14566.0
11:50,103.66,103.74,103.66,103.74,18117.0
11:51,103.61,103.68,103.6,103.67,17456.0
11:52,103.61,103.61,103.59,103.61,14326.0
11:53,103.62,103.64,103.61,103.61,15085.0
11:54,103.59,103.62,103.59,103.62,7419.0
11:55,103.61,103.61,103.57,103.58,12215.0
11:56,103.58,103.63,103.56,103.61,29674.0
11:57,103.66,103.66,103.58,103.59,14997.0
11:58,103.57,103.65,103.57,103.65,30966.0
11:59,103.63,103.64,103.51,103.57,41943.0
12:00,103.61,103.65,103.6,103.64,29614.0
12:01,103.68,103.68,103.61,103.62,16034.0
12:02,103.65,103.68,103.62,103.68,11436.0
12:03,103.69,103.7,103.65,103.67,15019.0
12:04,103.68,103.69,103.67,103.69,11482.0
12:05,103.65,103.68,103.65,103.68,16694.0
12:06,103.65,103.67,103.64,103.66,16931.0
12:07,103.65,103.68,103.64,103.65,9762.0
12:08,103.64,103.66,103.62,103.64,15798.0
12:09,103.64,103.64,103.61,103.64,13334.0
12:10,103.65,103.67,103.64,103.64,8044.0
12:11,103.65,103.69,103.64,103.65,20060.0
12:12,103.66,103.67,103.61,103.65,27339.0
12:13,103.71,103.75,103.64,103.65,29391.0
12:14,103.7,103.73,103.69,103.72,11176.0
12:15,103.68,103.71,103.67,103.71,15579.0
12:16,103.65,103.68,103.65,103.68,10269.0
12:17,103.66,103.68,103.64,103.65,14908.0
12:18,103.67,103.68,103.65,103.67,12700.0
12:19,103.65,103.67,103.64,103.67,16587.0
12:20,103.65,103.66,103.61,103.65,19709.0
12:21,103.69,103.69,103.65,103.65,22891.0
12:22,103.68,103.72,103.68,103.69,15697.0
12:23,103.67,103.7,103.66,103.69,11771.0
12:24,103.69,103.69,103.67,103.67,11497.0
12:25,103.71,103.71,103.68,103.69,12382.0
12:26,103.69,103.72,103.69,103.71,13465.0
12:27,103.68,103.71,103.67,103.7,12157.0
12:28,103.71,103.72,103.68,103.68,21849.0
12:29,103.71,103.73,103.69,103.71,14630.0
12:30,103.71,103.75,103.71,103.73,9651.0
12:31,103.7,103.72,103.69,103.71,15106.0
12:32,103.68,103.7,103.67,103.7,12169.0
12:33,103.68,103.68,103.64,103.67,18219.0
12:34,103.67,103.68,103.67,103.68,7910.0
12:35,103.71,103.72,103.68,103.68,9607.0
12:36,103.71,103.73,103.71,103.72,10664.0
12:37,103.71,103.71,103.68,103.71,17192.0
12:38,103.68,103.71,103.68,103.71,8920.0
12:39,103.71,103.71,103.67,103.68,11256.0
12:40,103.71,103.74,103.71,103.71,15693.0
12:41,103.72,103.72,103.71,103.71,8117.0
12:42,103.69,103.74,103.69,103.72,10071.0
12:43,103.71,103.72,103.68,103.69,13393.0
12:44,103.75,103.77,103.71,103.71,13524.0
12:45,103.75,103.78,103.73,103.75,12470.0
12:46,103.76,103.79,103.74,103.75,15342.0
12:47,103.74,103.75,103.74,103.75,8122.0
12:48,103.78,103.78,103.73,103.75,14419.0
12:49,103.82,103.82,103.76,103.78,15862.0
12:50,103.82,103.86,103.82,103.83,31734.0
12:51,103.85,103.85,103.81,103.83,12663.0
12:52,103.86,103.86,103.83,103.85,21841.0
12:53,103.82,103.87,103.81,103.86,16810.0
12:54,103.82,103.83,103.8,103.82,20564.0
12:55,103.82,103.82,103.81,103.82,22035.0
12:56,103.86,103.86,103.82,103.82,44272.0
12:57,103.93,103.93,103.87,103.87,28269.0
12:58,103.84,103.93,103.82,103.93,29396.0
12:59,103.82,103.85,103.81,103.85,7676.0
13:00,103.82,103.82,103.81,103.82,8939.0
13:01,103.79,103.82,103.79,103.82,11982.0
13:02,103.83,103.83,103.79,103.79,22305.0
13:03,103.79,103.83,103.78,103.82,18764.0
13:04,103.75,103.79,103.73,103.79,18214.0
13:05,103.68,103.76,103.66,103.75,17592.0
13:06,103.68,103.69,103.67,103.68,13181.0
13:07,103.68,103.69,103.67,103.68,14552.0
13:08,103.64,103.68,103.64,103.67,23099.0
13:09,103.63,103.67,103.62,103.64,24413.0
13:10,103.6,103.63,103.6,103.62,15916.0
13:11,103.6,103.61,103.57,103.59,22119.0
13:12,103.57,103.6,103.57,103.6,15505.0
13:13,103.57,103.6,103.56,103.57,14161.0
13:14,103.57,103.58,103.56,103.57,9517.0
13:15,103.56,103.57,103.54,103.57,12866.0
13:16,103.56,103.6,103.56,103.56,22738.0
13:17,103.52,103.55,103.51,103.55,12962.0
13:18,103.5,103.53,103.5,103.53,13767.0
13:19,103.54,103.54,103.5,103.5,12086.0
13:20,103.54,103.54,103.51,103.54,13126.0
13:21,103.52,103.55,103.51,103.54,20244.0
13:22,103.5,103.52,103.5,103.51,13996.0
13:23,103.46,103.5,103.45,103.5,13802.0
13:24,103.47,103.49,103.46,103.46,22222.0
13:25,103.46,103.47,103.46,103.47,7851.0
13:26,103.46,103.48,103.46,103.46,9388.0
13:27,103.46,103.47,103.45,103.46,12795.0
13:28,103.45,103.46,103.43,103.46,16211.0
13:29,103.46,103.49,103.44,103.44,25694.0
13:30,103.43,103.45,103.43,103.45,8657.0
13:31,103.41,103.43,103.41,103.43,7717.0
13:32,103.4,103.41,103.38,103.4,13027.0
13:33,103.33,103.41,103.32,103.4,38838.0
13:34,103.32,103.34,103.31,103.34,16432.0
13:35,103.35,103.37,103.32,103.32,26042.0
13:36,103.32,103.35,103.31,103.35,25846.0
13:37,103.37,103.41,103.32,103.33,24257.0
13:38,103.35,103.36,103.32,103.36,18136.0
13:39,103.34,103.37,103.34,103.35,16917.0
13:40,103.35,103.38,103.34,103.35,15288.0
13:41,103.36,103.36,103.32,103.34,20870.0
13:42,103.32,103.36,103.31,103.36,13004.0
13:43,103.32,103.33,103.3,103.32,16363.0
13:44,103.32,103.33,103.31,103.32,11601.0
13:45,103.33,103.33,103.3,103.31,9316.0
13:46,103.28,103.32,103.27,103.32,20516.0
13:47,103.31,103.31,103.26,103.27,13454.0
13:48,103.32,103.33,103.31,103.32,12402.0
13:49,103.37,103.37,103.31,103.31,16633.0
13:50,103.35,103.38,103.34,103.37,10785.0
13:51,103.35,103.39,103.35,103.35,12016.0
13:52,103.36,103.37,103.35,103.36,8603.0
13:53,103.3,103.36,103.29,103.36,17368.0
13:54,103.36,103.37,103.31,103.31,16233.0
13:55,103.36,103.38,103.35,103.36,10610.0
13:56,103.32,103.36,103.32,103.36,9989.0
13:57,103.29,103.33,103.29,103.33,21697.0
13:58,103.28,103.3,103.27,103.29,8353.0
13:59,103.26,103.28,103.25,103.28,10824.0
14:00,103.26,103.26,103.25,103.25,12517.0
14:01,103.26,103.26,103.25,103.25,5785.0
14:02,103.2,103.26,103.19,103.25,10739.0
14:03,103.17,103.22,103.17,103.21,7858.0
14:04,103.14,103.17,103.14,103.16,16670.0
14:05,103.15,103.16,103.14,103.15,15216.0
14:06,103.1,103.16,103.1,103.15,20672.0
14:07,103.1,103.11,103.08,103.09,14652.0
14:08,103.13,103.13,103.1,103.1,20353.0
14:09,103.12,103.15,103.11,103.14,9372.0
14:10,103.14,103.14,103.11,103.11,12267.0
14:11,103.19,103.19,103.14,103.14,13875.0
14:12,103.26,103.29,103.2,103.2,18987.0
14:13,103.21,103.28,103.19,103.26,11837.0
14:14,103.21,103.23,103.19,103.19,11931.0
14:15,103.18,103.24,103.18,103.21,17216.0
14:16,103.23,103.23,103.18,103.18,14966.0
14:17,103.18,103.24,103.17,103.23,22449.0
14:18,103.16,103.19,103.16,103.18,21269.0
14:19,103.17,103.2,103.14,103.16,31971.0
14:20,103.16,103.2,103.14,103.17,29827.0
14:21,103.18,103.19,103.16,103.16,13652.0
14:22,103.15,103.18,103.15,103.18,10980.0
14:23,103.06,103.15,103.05,103.15,21881.0
14:24,103.11,103.11,103.05,103.05,38873.0
14:25,103.11,103.12,103.08,103.11,10536.0
14:26,103.08,103.11,103.08,103.11,7349.0
14:27,103.05,103.11,103.05,103.09,11617.0
14:28,103.04,103.07,103.04,103.05,33739.0
14:29,103.06,103.06,103.01,103.04,16049.0
14:30,103.06,103.08,103.04,103.06,30357.0
14:31,103.08,103.12,103.06,103.06,34446.0
14:32,103.07,103.09,103.06,103.09,10962.0
14:33,103.1,103.1,103.07,103.07,25957.0
14:34,103.09,103.13,103.09,103.09,15703.0
14:35,103.07,103.09,103.07,103.09,9161.0
14:36,103.07,103.08,103.06,103.06,17729.0
14:37,103.04,103.07,103.04,103.07,16593.0
14:38,103.09,103.09,103.04,103.05,16671.0
14:39,103.1,103.11,103.08,103.08,14621.0
14:40,103.12,103.13,103.11,103.11,16231.0
14:41,103.18,103.18,103.12,103.12,18845.0
14:42,103.14,103.17,103.14,103.17,18260.0
14:43,103.17,103.17,103.15,103.15,15472.0
14:44,103.11,103.16,103.11,103.16,10738.0
14:45,103.14,103.14,103.11,103.11,10528.0
14:46,103.15,103.17,103.14,103.14,13018.0
14:47,103.17,103.18,103.15,103.15,18882.0
14:48,103.19,103.19,103.17,103.18,9016.0
14:49,103.25,103.26,103.19,103.2,12817.0
14:50,103.29,103.3,103.26,103.26,11897.0
14:51,103.2,103.29,103.2,103.29,18832.0
14:52,103.19,103.22,103.18,103.2,17285.0
14:53,103.22,103.22,103.19,103.19,7382.0
14:54,103.21,103.24,103.2,103.22,14254.0
14:55,103.2,103.22,103.19,103.21,10657.0
14:56,103.19,103.21,103.19,103.21,7661.0
14:57,103.16,103.19,103.14,103.19,17212.0
14:58,103.19,103.21,103.15,103.17,21485.0
14:59,103.23,103.24,103.18,103.19,15754.0
15:00,103.26,103.29,103.23,103.23,15384.0
15:01,103.26,103.27,103.24,103.26,8700.0
15:02,103.31,103.31,103.26,103.28,21016.0
15:03,103.3,103.32,103.29,103.31,9988.0
15:04,103.28,103.31,103.28,103.29,10708.0
15:05,103.22,103.28,103.22,103.28,17240.0
15:06,103.22,103.23,103.18,103.22,22729.0
15:07,103.25,103.26,103.22,103.22,18075.0
15:08,103.32,103.33,103.25,103.25,24215.0
15:09,103.32,103.34,103.31,103.32,14262.0
15:10,103.3,103.33,103.29,103.32,17162.0
15:11,103.25,103.29,103.25,103.29,12887.0
15:12,103.29,103.31,103.26,103.26,16428.0
15:13,103.28,103.29,103.28,103.29,8205.0
15:14,103.28,103.3,103.24,103.28,24940.0
15:15,103.26,103.27,103.25,103.27,11680.0
15:16,103.22,103.27,103.2,103.26,21982.0
15:17,103.29,103.29,103.22,103.22,17864.0
15:18,103.25,103.28,103.24,103.28,11433.0
15:19,103.25,103.25,103.23,103.25,15141.0
15:20,103.26,103.29,103.24,103.25,25547.0
15:21,103.25,103.28,103.25,103.26,19916.0
15:22,103.26,103.27,103.25,103.25,9748.0
15:23,103.28,103.28,103.24,103.26,16725.0
15:24,103.27,103.28,103.26,103.28,17103.0
15:25,103.24,103.29,103.23,103.27,60207.0
15:26,103.24,103.31,103.23,103.25,37967.0
15:27,103.18,103.24,103.18,103.24,16422.0
15:28,103.12,103.18,103.11,103.18,19468.0
15:29,103.12,103.12,103.1,103.11,20599.0
15:30,103.11,103.13,103.11,103.11,23983.0
15:31,103.15,103.15,103.11,103.11,37287.0
15:32,103.15,103.17,103.13,103.15,27115.0
15:33,103.14,103.16,103.13,103.15,32739.0
15:34,103.1,103.14,103.1,103.14,21706.0
15:35,103.07,103.1,103.06,103.1,18792.0
15:36,103.11,103.12,103.06,103.07,41759.0
15:37,103.11,103.14,103.11,103.11,25976.0
15:38,103.14,103.14,103.12,103.12,16656.0
15:39,103.14,103.18,103.14,103.14,31025.0
15:40,103.12,103.15,103.1,103.14,28201.0
15:41,103.17,103.17,103.11,103.12,33439.0
15:42,103.17,103.18,103.14,103.17,23426.0
15:43,103.12,103.17,103.11,103.17,27436.0
15:44,103.14,103.14,103.08,103.11,45520.0
15:45,103.18,103.2,103.12,103.14,35933.0
15:46,103.21,103.22,103.17,103.18,21755.0
15:47,103.25,103.25,103.18,103.21,28173.0
15:48,103.22,103.25,103.21,103.25,34093.0
15:49,103.26,103.27,103.2,103.22,50078.0
15:50,103.17,103.3,103.12,103.26,96016.0
15:51,103.24,103.24,103.17,103.17,82008.0
15:52,103.31,103.31,103.19,103.24,83092.0
15:53,103.32,103.35,103.29,103.31,59284.0
15:54,103.25,103.33,103.22,103.32,101118.0
15:55,103.22,103.29,103.19,103.25,104212.0
15:56,103.12,103.22,103.11,103.22,108072.0
15:57,103.15,103.17,103.11,103.12,109194.0
15:58,103.07,103.15,103.06,103.15,140861.0
15:59,103.05,103.08,103.03,103.07,451069.0
