Time,Close,High,Low,Open,Volume
09:30,101.61,101.71,101.3,101.58,359403.0
09:31,101.4,101.61,101.39,101.61,39628.0
09:32,101.46,101.51,101.35,101.4,68924.0
09:33,101.44,101.53,101.37,101.42,64671.0
09:34,101.49,101.53,101.32,101.44,40720.0
09:35,101.52,101.61,101.42,101.46,39322.0
09:36,101.42,101.56,101.41,101.52,34571.0
09:37,101.35,101.47,101.35,101.43,41046.0
09:38,101.61,101.61,101.36,101.39,41138.0
09:39,101.52,101.65,101.51,101.59,29503.0
09:40,101.53,101.55,101.44,101.51,43111.0
09:41,101.39,101.52,101.39,101.52,37999.0
09:42,101.37,101.41,101.3,101.39,82383.0
09:43,101.3,101.42,101.29,101.34,37315.0
09:44,101.2,101.29,101.14,101.29,50451.0
09:45,101.3,101.33,101.2,101.2,60349.0
09:46,101.29,101.36,101.28,101.3,52438.0
09:47,101.25,101.31,101.18,101.3,64798.0
09:48,101.13,101.25,101.04,101.24,92901.0
09:49,101.1,101.2,101.0,101.14,104664.0
09:50,100.97,101.1,100.96,101.1,59435.0
09:51,100.93,100.99,100.9,100.97,39019.0
09:52,100.89,100.97,100.88,100.93,33323.0
09:53,100.68,100.9,100.67,100.9,62235.0
09:54,100.86,100.92,100.68,100.69,78292.0
09:55,100.82,101.0,100.79,100.86,61935.0
09:56,100.67,100.83,100.64,100.83,44295.0
09:57,100.56,100.7,100.56,100.69,43332.0
09:58,100.39,100.55,100.38,100.55,64093.0
09:59,100.25,100.39,100.19,100.37,91163.0
10:00,100.19,100.36,100.18,100.25,86449.0
10:01,100.08,100.18,100.04,100.18,134504.0
10:02,100.04,100.2,100.02,100.1,162151.0
10:03,100.04,100.08,99.89,100.03,302508.0
10:04,100.13,100.19,100.06,100.06,61978.0
10:05,100.07,100.2,100.05,100.13,44616.0
10:06,99.99,100.09,99.99,100.09,52633.0
10:07,99.99,100.03,99.94,100.0,105908.0
10:08,99.98,100.03,99.88,100.0,92098.0
10:09,100.13,100.14,99.94,99.97,64983.0
10:10,100.35,100.35,100.04,100.15,121441.0
10:11,100.42,100.55,100.31,100.32,68999.0
10:12,100.35,100.48,100.33,100.41,55201.0
10:13,100.36,100.36,100.25,100.36,58759.0
10:14,100.27,100.37,100.27,100.36,42556.0
10:15,100.1,100.27,100.07,100.26,49147.0
10:16,100.12,100.19,100.08,100.1,47612.0
10:17,100.22,100.24,100.11,100.12,87575.0
10:18,100.35,100.35,100.22,100.22,44807.0
10:19,100.23,100.34,100.19,100.33,74176.0
10:20,100.25,100.29,100.2,100.22,67497.0
10:21,100.17,100.24,100.17,100.24,55722.0
10:22,100.08,100.2,100.03,100.17,102061.0
10:23,100.17,100.17,100.06,100.09,81668.0
10:24,100.32,100.33,100.16,100.17,75133.0
10:25,100.42,100.45,100.33,100.33,73802.0
10:26,100.28,100.42,100.24,100.42,42570.0
10:27,100.21,100.31,100.21,100.28,55824.0
10:28,100.34,100.35,100.19,100.21,62411.0
10:29,100.33,100.37,100.32,100.34,39640.0
10:30,100.31,100.39,100.17,100.34,104016.0
10:31,100.41,100.46,100.3,100.32,59368.0
10:32,100.54,100.54,100.42,100.43,35286.0
10:33,100.61,100.62,100.48,100.54,45303.0
10:34,100.64,100.68,100.6,100.61,24584.0
10:35,100.62,100.65,100.58,100.65,32772.0
10:36,100.58,100.67,100.54,100.62,44254.0
10:37,100.47,100.6,100.47,100.58,27126.0
10:38,100.45,100.46,100.38,100.46,31771.0
10:39,100.49,100.52,100.45,100.46,28600.0
10:40,100.57,100.6,100.5,100.5,52696.0
10:41,100.59,100.62,100.52,100.57,38757.0
10:42,100.61,100.65,100.57,100.59,33916.0
10:43,100.62,100.64,100.56,100.6,28743.0
10:44,100.67,100.68,100.62,100.62,17841.0
10:45,100.57,100.67,100.56,100.67,22758.0
10:46,100.53,100.6,100.51,100.57,30057.0
10:47,100.55,100.57,100.51,100.53,27819.0
10:48,100.64,100.64,100.55,100.55,22255.0
10:49,100.63,100.67,100.61,100.63,13181.0
10:50,100.6,100.65,100.58,100.64,19074.0
10:51,100.48,100.59,100.47,100.59,25715.0
10:52,100.54,100.54,100.46,100.49,15755.0
10:53,100.48,100.55,100.46,100.54,16237.0
10:54,100.53,100.53,100.47,100.47,23614.0
10:55,100.57,100.61,100.54,100.54,24120.0
10:56,100.48,100.57,100.45,100.57,22268.0
10:57,100.37,100.51,100.35,100.47,58925.0
10:58,100.3,100.39,100.27,100.38,30723.0
10:59,100.29,100.31,100.27,100.31,24272.0
11:00,100.17,100.27,100.12,100.27,96221.0
11:01,100.18,100.24,100.16,100.17,85156.0
11:02,100.21,100.23,100.16,100.18,37891.0
11:03,100.18,100.21,100.14,100.21,23507.0
11:04,100.08,100.18,100.07,100.18,65532.0
11:05,100.14,100.17,100.05,100.09,208711.0
11:06,100.1,100.16,100.09,100.13,60303.0
11:07,100.12,100.15,100.07,100.1,36462.0
11:08,99.99,100.15,99.94,100.11,130160.0
11:09,100.03,100.04,99.95,100.01,29988.0
11:10,100.06,100.09,99.99,100.02,53878.0
11:11,100.06,100.07,100.01,100.06,22242.0
11:12,100.11,100.14,100.01,100.06,114987.0
11:13,100.05,100.1,100.03,100.1,93861.0
11:14,100.1,100.1,100.0,100.05,34922.0
11:15,100.01,100.11,99.98,100.11,44261.0
11:16,100.1,100.1,99.98,100.01,24277.0
11:17,100.08,100.11,100.01,100.09,31628.0
11:18,100.06,100.1,100.03,100.07,21936.0
11:19,100.08,100.14,100.06,100.06,22497.0
11:20,100.0,100.07,99.97,100.07,42249.0
11:21,100.0,100.03,99.99,100.01,46252.0
11:22,100.02,100.02,99.99,100.0,31709.0
11:23,100.0,100.01,99.97,100.01,35187.0
11:24,99.94,100.01,99.94,100.0,34906.0
11:25,100.0,100.01,99.93,99.95,36854.0
11:26,99.96,100.04,99.96,100.0,37139.0
11:27,100.0,100.0,99.96,99.96,38849.0
11:28,99.99,100.06,99.98,100.0,30104.0
11:29,99.96,100.0,99.96,99.98,26378.0
11:30,99.96,99.96,99.9,99.96,35948.0
11:31,99.96,99.98,99.85,99.96,53916.0
11:32,99.91,99.97,99.9,99.96,25443.0
11:33,99.86,99.91,99.83,99.9,25635.0
11:34,99.89,99.93,99.85,99.86,27134.0
11:35,99.78,99.89,99.76,99.89,45093.0
11:36,99.76,99.78,99.73,99.78,53696.0
11:37,99.71,99.77,99.68,99.77,72962.0
11:38,99.7,99.74,99.68,99.71,32611.0
11:39,99.74,99.76,99.68,99.69,43111.0
11:40,99.72,99.75,99.7,99.74,35361.0
11:41,99.76,99.78,99.69,99.72,29912.0
11:42,99.77,99.81,99.76,99.77,26835.0
11:43,99.87,99.88,99.78,99.78,32061.0
11:44,99.88,99.88,99.85,99.86,22730.0
11:45,99.88,99.89,99.79,99.87,17316.0
11:46,99.92,99.95,99.88,99.89,42712.0
11:47,99.97,100.0,99.91,99.92,29959.0
11:48,99.91,99.98,99.91,99.97,35032.0
11:49,99.87,99.93,99.86,99.92,20227.0
11:50,99.87,99.89,99.83,99.88,20917.0
11:51,99.96,99.97,99.86,99.87,36095.0
11:52,100.11,100.11,99.96,99.97,51238.0
11:53,100.08,100.13,100.07,100.11,52092.0
11:54,100.14,100.14,100.08,100.08,24826.0
11:55,100.17,100.2,100.1,100.13,39795.0
11:56,100.2,100.23,100.17,100.17,25721.0
11:57,100.25,100.25,100.18,100.2,33215.0
11:58,100.25,100.31,100.22,100.26,34320.0
11:59,100.25,100.26,100.2,100.25,27030.0
12:00,100.36,100.39,100.24,100.24,102070.0
12:01,100.49,100.51,100.36,100.37,99019.0
12:02,100.51,100.51,100.43,100.5,54205.0
12:03,100.5,100.53,100.47,100.51,42403.0
12:04,100.5,100.54,100.47,100.49,32456.0
12:05,100.47,100.51,100.45,100.5,37971.0
12:06,100.57,100.58,100.45,100.47,68760.0
12:07,100.6,100.64,100.57,100.57,36142.0
12:08,100.71,100.71,100.59,100.6,64936.0
12:09,100.62,100.72,100.6,100.7,44301.0
12:10,100.63,100.64,100.57,100.61,26655.0
12:11,100.68,100.69,100.57,100.63,69553.0
12:12,100.7,100.72,100.66,100.68,28568.0
12:13,100.65,100.72,100.61,100.71,49460.0
12:14,100.73,100.74,100.63,100.64,40535.0
12:15,100.76,100.78,100.71,100.72,46394.0
12:16,100.65,100.76,100.65,100.76,34832.0
12:17,100.66,100.7,100.64,100.65,34975.0
12:18,100.6,100.65,100.57,100.64,43442.0
12:19,100.66,100.68,100.6,100.61,37318.0
12:20,100.54,100.66,100.53,100.66,185962.0
12:21,100.55,100.59,100.52,100.54,58875.0
12:22,100.4,100.57,100.4,100.56,55014.0
12:23,100.47,100.47,100.4,100.4,29660.0
12:24,100.31,100.48,100.3,100.47,37618.0
12:25,100.33,100.34,100.27,100.3,31316.0
12:26,100.34,100.37,100.27,100.32,34535.0
12:27,100.29,100.35,100.29,100.33,19529.0
12:28,100.28,100.37,100.27,100.3,53439.0
12:29,100.23,100.26,100.21,100.26,26093.0
12:30,100.25,100.26,100.15,100.22,31442.0
12:31,100.26,100.29,100.24,100.26,26310.0
12:32,100.23,100.27,100.2,100.27,23015.0
12:33,100.22,100.24,100.19,100.24,47268.0
12:34,100.24,100.26,100.21,100.23,43298.0
12:35,100.25,100.29,100.23,100.23,37187.0
12:36,100.23,100.24,100.21,100.24,22813.0
12:37,100.27,100.28,100.21,100.24,40255.0
12:38,100.26,100.28,100.24,100.28,24471.0
12:39,100.3,100.3,100.21,100.25,32163.0
12:40,100.3,100.3,100.24,100.29,19808.0
12:41,100.33,100.34,100.29,100.29,27547.0
12:42,100.38,100.38,100.32,100.33,22677.0
12:43,100.39,100.42,100.35,100.38,25495.0
12:44,100.5,100.5,100.39,100.39,96637.0
12:45,100.47,100.53,100.43,100.5,24406.0
12:46,100.4,100.48,100.38,100.47,23844.0
12:47,100.4,100.42,100.34,100.4,34236.0
12:48,100.35,100.4,100.33,100.39,30457.0
12:49,100.39,100.39,100.34,100.36,22114.0
12:50,100.31,100.39,100.29,100.39,38932.0
12:51,100.24,100.34,100.22,100.32,38737.0
12:52,100.25,100.27,100.24,100.25,23611.0
12:53,100.3,100.3,100.22,100.25,41160.0
12:54,100.26,100.31,100.26,100.28,64767.0
12:55,100.28,100.33,100.25,100.26,27637.0
12:56,100.13,100.29,100.12,100.28,87700.0
12:57,100.09,100.18,100.06,100.13,60790.0
12:58,100.13,100.17,100.07,100.08,41603.0
12:59,100.16,100.21,100.12,100.13,71414.0
13:00,100.21,100.21,100.13,100.15,51523.0
13:01,100.21,100.23,100.16,100.21,80942.0
13:02,100.21,100.24,100.18,100.21,46703.0
13:03,100.35,100.37,100.22,100.22,46994.0
13:04,100.39,100.41,100.32,100.36,42804.0
13:05,100.41,100.44,100.32,100.39,41096.0
13:06,100.36,100.5,100.33,100.42,67989.0
13:07,100.41,100.43,100.36,100.37,36416.0
13:08,100.43,100.49,100.4,100.41,29985.0
13:09,100.51,100.53,100.42,100.44,29345.0
13:10,100.48,100.53,100.47,100.5,37365.0
13:11,100.44,100.53,100.44,100.48,26618.0
13:12,100.41,100.48,100.4,100.45,38097.0
13:13,100.4,100.46,100.4,100.41,27315.0
13:14,100.45,100.47,100.4,100.41,22831.0
13:15,100.46,100.52,100.45,100.45,41699.0
13:16,100.43,100.46,100.38,100.46,31362.0
13:17,100.38,100.43,100.38,100.42,20449.0
13:18,100.4,100.42,100.38,100.38,17446.0
13:19,100.36,100.41,100.36,100.41,29896.0
13:20,100.4,100.41,100.36,100.36,48295.0
13:21,100.4,100.42,100.39,100.4,28222.0
13:22,100.48,100.48,100.39,100.4,32520.0
13:23,100.46,100.5,100.45,100.48,21646.0
13:24,100.5,100.51,100.46,100.47,30649.0
13:25,100.46,100.53,100.45,100.51,20161.0
13:26,100.51,100.53,100.44,100.46,24029.0
13:27,100.42,100.53,100.41,100.52,26986.0
13:28,100.38,100.43,100.38,100.43,30540.0
13:29,100.31,100.39,100.27,100.38,58334.0
13:30,100.29,100.36,100.29,100.31,47051.0
13:31,100.32,100.33,100.27,100.28,40953.0
13:32,100.35,100.35,100.27,100.33,24095.0
13:33,100.32,100.35,100.31,100.35,17784.0
13:34,100.41,100.42,100.32,100.32,30359.0
13:35,100.44,100.46,100.42,100.42,34277.0
13:36,100.45,100.46,100.42,100.43,28152.0
13:37,100.46,100.48,100.43,100.44,37476.0
13:38,100.45,100.49,100.44,100.46,38587.0
13:39,100.46,100.48,100.43,100.45,28095.0
13:40,100.5,100.51,100.46,100.46,24013.0
13:41,100.45,100.48,100.44,100.48,22680.0
13:42,100.5,100.57,100.46,100.46,23110.0
13:43,100.5,100.51,100.46,100.5,21551.0
13:44,100.46,100.5,100.45,100.49,12000.0
13:45,100.44,100.47,100.42,100.46,19551.0
13:46,100.43,100.45,100.41,100.44,21577.0
13:47,100.45,100.46,100.42,100.42,21354.0
13:48,100.46,100.49,100.44,100.45,26743.0
13:49,100.44,100.46,100.43,100.46,34227.0
13:50,100.46,100.49,100.43,100.44,37716.0
13:51,100.43,100.47,100.42,100.47,33085.0
13:52,100.46,100.46,100.41,100.43,26114.0
13:53,100.44,100.47,100.44,100.46,12725.0
13:54,100.47,100.47,100.43,100.45,17064.0
13:55,100.43,100.49,100.43,100.47,22753.0
13:56,100.47,100.48,100.43,100.44,16941.0
13:57,100.43,100.52,100.41,100.48,34679.0
13:58,100.35,100.45,100.35,100.42,81597.0
13:59,100.32,100.36,100.31,100.35,21766.0
14:00,100.21,100.34,100.16,100.32,41185.0
14:01,100.31,100.31,100.2,100.21,28969.0
14:02,100.29,100.34,100.29,100.31,25159.0
14:03,100.26,100.33,100.26,100.3,18028.0
14:04,100.22,100.27,100.22,100.27,26802.0
14:05,100.25,100.28,100.16,100.21,80286.0
14:06,100.21,100.26,100.19,100.24,64966.0
14:07,100.18,100.21,100.18,100.2,23945.0
14:08,100.23,100.24,100.17,100.18,26517.0
14:09,100.25,100.25,100.18,100.23,36291.0
14:10,100.24,100.28,100.22,100.25,34787.0
14:11,100.23,100.27,100.23,100.25,36308.0
14:12,100.21,100.23,100.19,100.23,25506.0
14:13,100.19,100.22,100.19,100.21,34452.0
14:14,100.18,100.23,100.14,100.19,44135.0
14:15,100.21,100.21,100.16,100.18,24504.0
14:16,100.17,100.26,100.16,100.21,25031.0
14:17,100.17,100.18,100.13,100.15,24182.0
14:18,100.08,100.18,100.07,100.18,25764.0
14:19,100.04,100.09,100.04,100.08,23236.0
14:20,100.09,100.09,100.02,100.04,30208.0
14:21,99.99,100.09,99.99,100.08,64623.0
14:22,99.99,100.01,99.97,99.99,58682.0
14:23,99.9,100.01,99.9,99.99,49508.0
14:24,99.96,99.98,99.89,99.91,62803.0
14:25,99.9,99.95,99.9,99.95,62139.0
14:26,99.9,99.92,99.87,99.9,47623.0
14:27,99.86,99.9,99.84,99.89,23364.0
14:28,99.8,99.86,99.78,99.86,37811.0
14:29,99.82,99.84,99.77,99.8,41669.0
14:30,99.85,99.88,99.83,99.84,46003.0
14:31,99.83,99.85,99.81,99.84,36524.0
14:32,99.86,99.91,99.82,99.83,55727.0
14:33,99.83,99.85,99.82,99.85,27913.0
14:34,99.82,99.84,99.81,99.83,20683.0
14:35,99.86,99.94,99.82,99.82,32117.0
14:36,99.88,99.89,99.82,99.85,28690.0
14:37,99.88,99.91,99.86,99.87,28932.0
14:38,99.88,99.89,99.86,99.88,16803.0
14:39,99.88,99.91,99.85,99.88,97611.0
14:40,99.96,99.98,99.88,99.88,64926.0
14:41,99.93,99.97,99.93,99.96,58534.0
14:42,99.96,99.99,99.9,99.94,51147.0
14:43,99.97,100.01,99.97,99.97,32111.0
14:44,100.0,100.0,99.97,99.97,20946.0
14:45,100.01,100.02,99.97,100.0,30435.0
14:46,99.96,100.01,99.96,100.01,18258.0
14:47,99.94,99.97,99.93,99.96,39364.0
14:48,100.0,100.01,99.93,99.94,40959.0
14:49,99.99,100.01,99.97,99.99,37762.0
14:50,100.04,100.05,99.99,99.99,24657.0
14:51,100.03,100.07,100.02,100.04,27742.0
14:52,100.04,100.07,100.01,100.03,26739.0
14:53,100.1,100.1,100.02,100.04,30029.0
14:54,100.12,100.14,100.08,100.1,27506.0
14:55,100.18,100.18,100.12,100.12,44804.0
14:56,100.19,100.2,100.16,100.19,18498.0
14:57,100.16,100.2,100.14,100.2,33829.0
14:58,100.21,100.23,100.17,100.17,31826.0
14:59,100.18,100.21,100.18,100.2,21333.0
15:00,100.1,100.22,100.09,100.18,27813.0
15:01,100.1,100.12,100.07,100.1,39142.0
15:02,100.08,100.09,100.04,100.09,31097.0
15:03,100.11,100.13,100.05,100.08,32780.0
15:04,100.13,100.14,100.09,100.11,46465.0
15:05,100.07,100.14,100.07,100.13,35735.0
15:06,100.09,100.1,100.07,100.07,41563.0
15:07,100.08,100.08,100.04,100.08,31084.0
15:08,100.03,100.08,100.01,100.07,33907.0
15:09,100.08,100.09,100.02,100.03,53132.0
15:10,100.08,100.11,100.06,100.08,46005.0
15:11,100.07,100.1,100.04,100.08,47684.0
15:12,100.07,100.08,100.05,100.07,21542.0
15:13,100.08,100.1,100.03,100.06,34449.0
15:14,100.1,100.11,100.08,100.08,22901.0
15:15,100.14,100.15,100.1,100.1,31849.0
15:16,100.21,100.23,100.14,100.14,50038.0
15:17,100.17,100.2,100.14,100.2,46877.0
15:18,100.22,100.22,100.17,100.18,38645.0
15:19,100.28,100.28,100.22,100.23,44429.0
15:20,100.31,100.32,100.25,100.29,37391.0
15:21,100.34,100.37,100.3,100.31,43221.0
15:22,100.33,100.38,100.33,100.34,70831.0
15:23,100.34,100.34,100.29,100.33,49239.0
15:24,100.4,100.4,100.34,100.34,39120.0
15:25,100.41,100.43,100.39,100.4,44762.0
15:26,100.4,100.42,100.38,100.41,46751.0
15:27,100.4,100.42,100.38,100.4,45646.0
15:28,100.36,100.4,100.36,100.39,47990.0
15:29,100.38,100.38,100.33,100.36,37828.0
15:30,100.32,100.37,100.3,100.37,54947.0
15:31,100.38,100.38,100.31,100.31,31564.0
15:32,100.36,100.41,100.35,100.37,42794.0
15:33,100.38,100.39,100.36,100.37,39171.0
15:34,100.35,100.37,100.34,100.37,48884.0
15:35,100.32,100.36,100.29,100.36,52908.0
15:36,100.35,100.38,100.32,100.32,36309.0
15:37,100.33,100.34,100.29,100.34,29947.0
15:38,100.38,100.4,100.33,100.33,56693.0
15:39,100.34,100.41,100.32,100.38,33974.0
15:40,100.31,100.35,100.29,100.34,35591.0
15:41,100.35,100.36,100.29,100.32,51147.0
15:42,100.36,100.38,100.34,100.34,43655.0
15:43,100.41,100.41,100.34,100.35,41186.0
15:44,100.48,100.48,100.39,100.4,40411.0
15:45,100.38,100.48,100.35,100.47,70790.0
15:46,100.39,100.42,100.38,100.39,50696.0
15:47,100.4,100.42,100.39,100.4,53706.0
15:48,100.38,100.42,100.35,100.4,71328.0
15:49,100.31,100.39,100.31,100.38,69660.0
15:50,100.44,100.46,100.29,100.31,93962.0
15:51,100.53,100.53,100.43,100.45,89395.0
15:52,100.51,100.53,100.49,100.53,84561.0
15:53,100.5,100.52,100.47,100.51,90313.0
15:54,100.44,100.5,100.43,100.5,115377.0
15:55,100.49,100.61,100.39,100.45,288466.0
15:56,100.56,100.58,100.46,100.49,179793.0
15:57,100.55,100.57,100.5,100.56,170014.0
15:58,100.54,100.61,100.51,100.56,222416.0
15:59,100.59,100.61,100.51,100.54,481086.0
