Time,Close,High,Low,Open,Volume
09:30,102.26,102.47,102.16,102.38,271393.0
09:31,102.16,102.39,102.12,102.26,40196.0
09:32,101.81,102.15,101.8,102.15,66152.0
09:33,101.84,101.89,101.59,101.82,87041.0
09:34,101.85,101.96,101.77,101.86,45655.0
09:35,101.7,101.86,101.61,101.85,67642.0
09:36,101.55,101.77,101.31,101.7,111981.0
09:37,101.54,101.62,101.52,101.57,48494.0
09:38,101.45,101.59,101.44,101.54,65780.0
09:39,101.51,101.52,101.31,101.4,39759.0
09:40,101.5,101.53,101.41,101.51,45968.0
09:41,101.5,101.53,101.43,101.5,34711.0
09:42,101.4,101.55,101.38,101.51,56470.0
09:43,101.26,101.42,101.26,101.39,50650.0
09:44,101.2,101.3,101.17,101.26,51721.0
09:45,101.19,101.28,101.15,101.19,58124.0
09:46,101.04,101.19,100.95,101.18,88768.0
09:47,101.1,101.21,101.04,101.05,61439.0
09:48,101.08,101.12,101.0,101.11,78669.0
09:49,101.14,101.17,101.08,101.09,37372.0
09:50,101.09,101.25,101.08,101.14,54094.0
09:51,101.0,101.13,100.97,101.1,47853.0
09:52,101.04,101.1,101.0,101.0,33478.0
09:53,101.08,101.11,101.03,101.06,28598.0
09:54,101.03,101.11,101.01,101.08,32886.0
09:55,101.06,101.1,100.96,101.04,51450.0
09:56,101.25,101.26,101.07,101.07,48023.0
09:57,101.25,101.3,101.24,101.26,43642.0
09:58,101.09,101.26,101.06,101.26,47859.0
09:59,101.1,101.11,101.05,101.08,21309.0
10:00,101.22,101.22,101.1,101.1,43741.0
10:01,101.18,101.23,101.12,101.22,40125.0
10:02,101.31,101.32,101.15,101.18,47923.0
10:03,101.32,101.39,101.29,101.3,51852.0
10:04,101.29,101.37,101.24,101.32,18551.0
10:05,101.38,101.39,101.29,101.29,56389.0
10:06,101.53,101.58,101.37,101.38,88442.0
10:07,101.54,101.58,101.51,101.53,33566.0
10:08,101.54,101.57,101.5,101.52,43227.0
10:09,101.57,101.58,101.5,101.54,35274.0
10:10,101.58,101.65,101.54,101.57,99302.0
10:11,101.57,101.62,101.57,101.59,49393.0
10:12,101.58,101.62,101.56,101.58,58662.0
10:13,101.62,101.62,101.47,101.59,54184.0
10:14,101.53,101.69,101.53,101.63,37061.0
10:15,101.56,101.59,101.51,101.53,31025.0
10:16,101.54,101.59,101.51,101.55,51424.0
10:17,101.57,101.59,101.54,101.54,25764.0
10:18,101.61,101.62,101.56,101.57,27752.0
10:19,101.72,101.73,101.61,101.62,55465.0
10:20,101.73,101.78,101.71,101.73,59181.0
10:21,101.78,101.8,101.7,101.71,46084.0
10:22,101.87,101.89,101.77,101.79,37217.0
10:23,101.81,101.86,101.78,101.86,58340.0
10:24,101.74,101.81,101.74,101.8,60010.0
10:25,101.8,101.8,101.74,101.74,29461.0
10:26,101.75,101.8,101.75,101.8,20774.0
10:27,101.77,101.8,101.72,101.75,81856.0
10:28,101.83,101.84,101.77,101.77,24536.0
10:29,101.75,101.83,101.75,101.83,16942.0
10:30,101.79,101.81,101.68,101.74,32194.0
10:31,101.83,101.87,101.78,101.79,28922.0
10:32,101.81,101.89,101.81,101.84,31948.0
10:33,101.81,101.82,101.75,101.81,30565.0
10:34,101.8,101.81,101.73,101.81,36941.0
10:35,101.83,101.86,101.8,101.81,26609.0
10:36,101.78,101.83,101.77,101.81,33335.0
10:37,101.67,101.79,101.66,101.78,42840.0
10:38,101.65,101.66,101.61,101.66,24314.0
10:39,101.68,101.72,101.65,101.65,37848.0
10:40,101.72,101.74,101.68,101.68,42022.0
10:41,101.71,101.75,101.71,101.72,24214.0
10:42,101.78,101.78,101.71,101.71,27334.0
10:43,101.67,101.78,101.67,101.77,30502.0
10:44,101.59,101.68,101.59,101.68,22347.0
10:45,101.63,101.63,101.57,101.59,26515.0
10:46,101.7,101.72,101.62,101.62,19255.0
10:47,101.71,101.73,101.69,101.7,16868.0
10:48,101.67,101.71,101.67,101.71,18936.0
10:49,101.65,101.66,101.6,101.66,19376.0
10:50,101.64,101.66,101.62,101.66,16087.0
10:51,101.68,101.68,101.63,101.64,8012.0
10:52,101.7,101.74,101.68,101.7,24356.0
10:53,101.66,101.71,101.64,101.71,21798.0
10:54,101.72,101.74,101.61,101.65,31627.0
10:55,101.67,101.71,101.65,101.71,17398.0
10:56,101.62,101.68,101.61,101.67,29289.0
10:57,101.72,101.72,101.62,101.63,14799.0
10:58,101.7,101.77,101.67,101.72,65504.0
10:59,101.68,101.72,101.67,101.69,15772.0
11:00,101.69,101.69,101.64,101.67,43075.0
11:01,101.72,101.74,101.68,101.69,24054.0
11:02,101.75,101.78,101.72,101.72,50070.0
11:03,101.81,101.84,101.74,101.75,53647.0
11:04,101.82,101.88,101.81,101.82,31068.0
11:05,101.97,101.98,101.8,101.82,75819.0
11:06,102.0,102.04,101.89,101.97,80887.0
11:07,102.02,102.06,101.96,102.03,84047.0
11:08,102.03,102.08,102.02,102.08,87207.0
11:09,102.1,102.12,102.02,102.04,43518.0
11:10,102.09,102.12,102.05,102.1,46324.0
11:11,102.07,102.12,102.06,102.09,38709.0
11:12,102.03,102.09,102.01,102.07,32108.0
11:13,102.0,102.06,102.0,102.03,32394.0
11:14,101.92,102.0,101.91,102.0,28906.0
11:15,101.93,101.97,101.89,101.91,29065.0
11:16,101.99,102.01,101.93,101.94,31761.0
11:17,101.98,102.01,101.96,101.99,25026.0
11:18,101.97,102.0,101.95,101.98,30200.0
11:19,101.92,102.0,101.92,101.97,49620.0
11:20,101.93,101.96,101.91,101.93,44383.0
11:21,101.96,101.98,101.92,101.93,18976.0
11:22,101.99,102.0,101.94,101.96,29565.0
11:23,101.96,102.0,101.96,101.99,19209.0
11:24,102.01,102.04,101.94,101.96,99490.0
11:25,101.98,102.01,101.94,102.01,27867.0
11:26,101.99,102.03,101.96,101.96,39655.0
11:27,102.04,102.04,101.92,101.98,44613.0
11:28,102.04,102.07,102.02,102.03,32383.0
11:29,101.99,102.05,101.94,102.03,40461.0
11:30,102.03,102.03,101.98,102.0,27840.0
11:31,102.0,102.01,101.95,102.01,49185.0
11:32,102.04,102.04,101.99,102.0,14808.0
11:33,102.07,102.13,102.04,102.04,29984.0
11:34,102.05,102.1,102.03,102.07,35132.0
11:35,102.03,102.06,102.01,102.04,23975.0
11:36,101.99,102.03,101.98,102.03,25307.0
11:37,101.99,102.02,101.99,102.0,36624.0
11:38,101.98,102.0,101.96,101.98,40400.0
11:39,101.99,102.01,101.96,101.98,42956.0
11:40,101.96,102.03,101.95,102.0,26282.0
11:41,101.96,101.98,101.94,101.96,22718.0
11:42,101.96,101.97,101.89,101.96,41212.0
11:43,101.99,102.0,101.94,101.97,38842.0
11:44,101.97,102.0,101.94,102.0,31651.0
11:45,102.01,102.01,101.97,101.97,20593.0
11:46,102.0,102.06,101.98,102.01,33178.0
11:47,102.06,102.06,101.99,102.0,36892.0
11:48,102.12,102.14,102.04,102.05,28542.0
11:49,102.19,102.2,102.12,102.13,32665.0
11:50,102.27,102.28,102.21,102.21,49714.0
11:51,102.29,102.32,102.26,102.28,36667.0
11:52,102.3,102.32,102.26,102.28,24108.0
11:53,102.31,102.31,102.29,102.3,16902.0
11:54,102.29,102.3,102.28,102.3,26225.0
11:55,102.3,102.34,102.28,102.29,41674.0
11:56,102.32,102.34,102.29,102.31,31504.0
11:57,102.25,102.33,102.25,102.32,25839.0
11:58,102.22,102.25,102.2,102.25,29158.0
11:59,102.21,102.24,102.19,102.22,28425.0
12:00,102.22,102.27,102.19,102.21,27358.0
12:01,102.16,102.24,102.15,102.24,15505.0
12:02,102.16,102.21,102.14,102.17,19250.0
12:03,102.18,102.19,102.14,102.16,18376.0
12:04,102.16,102.19,102.15,102.18,28542.0
12:05,102.15,102.17,102.14,102.16,20029.0
12:06,102.12,102.14,102.11,102.14,17833.0
12:07,102.13,102.15,102.11,102.12,32527.0
12:08,102.16,102.16,102.11,102.13,20931.0
12:09,102.15,102.16,102.12,102.16,24070.0
12:10,102.17,102.18,102.15,102.15,19014.0
12:11,102.12,102.17,102.11,102.17,21982.0
12:12,102.16,102.18,102.12,102.13,20248.0
12:13,102.13,102.15,102.13,102.15,13833.0
12:14,102.13,102.14,102.11,102.13,16370.0
12:15,102.18,102.18,102.14,102.14,12448.0
12:16,102.2,102.21,102.17,102.18,32794.0
12:17,102.14,102.21,102.14,102.2,28401.0
12:18,102.11,102.15,102.1,102.14,19499.0
12:19,102.03,102.11,102.03,102.11,29261.0
12:20,102.03,102.04,102.0,102.03,28476.0
12:21,102.1,102.1,102.03,102.03,15863.0
12:22,102.1,102.13,102.08,102.09,25389.0
12:23,102.08,102.11,102.07,102.11,17467.0
12:24,102.09,102.11,102.07,102.07,9879.0
12:25,102.12,102.12,102.09,102.09,15424.0
12:26,102.1,102.12,102.04,102.12,19660.0
12:27,102.05,102.12,102.04,102.1,17585.0
12:28,102.08,102.08,102.04,102.05,21272.0
12:29,102.07,102.09,102.07,102.08,11133.0
12:30,102.09,102.09,102.05,102.07,14314.0
12:31,102.04,102.1,102.04,102.08,19963.0
12:32,102.09,102.09,102.04,102.04,11969.0
12:33,102.02,102.09,102.01,102.09,14261.0
12:34,101.92,102.01,101.92,102.01,21808.0
12:35,101.91,101.93,101.9,101.92,13819.0
12:36,101.88,101.95,101.88,101.92,12191.0
12:37,101.89,101.92,101.89,101.89,16665.0
12:38,101.89,101.94,101.89,101.89,14947.0
12:39,101.86,101.9,101.86,101.89,12802.0
12:40,101.86,101.88,101.85,101.87,16446.0
12:41,101.86,101.89,101.86,101.86,14536.0
12:42,101.89,101.89,101.88,101.88,14496.0
12:43,101.86,101.9,101.86,101.89,17505.0
12:44,101.85,101.86,101.83,101.86,15402.0
12:45,101.82,101.86,101.82,101.85,21517.0
12:46,101.83,101.83,101.8,101.82,14722.0
12:47,101.85,101.87,101.82,101.82,14176.0
12:48,101.87,101.87,101.85,101.85,11555.0
12:49,101.88,101.89,101.87,101.88,11082.0
12:50,101.93,101.93,101.86,101.87,21265.0
12:51,101.89,101.93,101.87,101.93,22271.0
12:52,101.86,101.89,101.85,101.89,11383.0
12:53,101.79,101.86,101.78,101.86,15072.0
12:54,101.77,101.79,101.76,101.77,11164.0
12:55,101.81,101.81,101.78,101.78,17785.0
12:56,101.82,101.84,101.8,101.81,16444.0
12:57,101.92,101.93,101.79,101.82,21236.0
12:58,101.92,101.92,101.89,101.92,18003.0
12:59,101.95,101.96,101.92,101.92,11543.0
13:00,101.92,101.96,101.91,101.95,18115.0
13:01,101.89,101.92,101.89,101.92,20784.0
13:02,101.91,101.93,101.89,101.89,14104.0
13:03,101.9,101.94,101.9,101.92,17587.0
13:04,101.92,101.93,101.89,101.89,20719.0
13:05,101.88,101.92,101.88,101.92,25801.0
13:06,101.93,101.93,101.86,101.88,18040.0
13:07,101.93,101.95,101.92,101.93,20374.0
13:08,101.97,101.97,101.93,101.93,20192.0
13:09,101.91,101.98,101.9,101.97,41677.0
13:10,101.93,101.94,101.91,101.91,17279.0
13:11,101.97,101.99,101.93,101.94,30504.0
13:12,101.96,101.98,101.95,101.96,45334.0
13:13,102.0,102.0,101.96,101.96,31234.0
13:14,102.04,102.04,101.97,102.0,37018.0
13:15,102.11,102.11,102.01,102.04,32830.0
13:16,102.16,102.16,102.11,102.11,30435.0
13:17,102.17,102.19,102.15,102.16,53917.0
13:18,102.16,102.16,102.09,102.16,61051.0
13:19,102.1,102.16,102.08,102.15,33659.0
13:20,102.06,102.1,102.06,102.1,28840.0
13:21,102.06,102.07,102.05,102.05,23978.0
13:22,102.04,102.06,102.04,102.05,14250.0
13:23,102.03,102.06,102.01,102.03,27512.0
13:24,102.03,102.06,102.01,102.03,19491.0
13:25,102.06,102.07,102.03,102.03,25695.0
13:26,101.99,102.09,101.99,102.06,20270.0
13:27,102.01,102.03,101.97,101.97,14126.0
13:28,102.0,102.03,101.97,102.01,17705.0
13:29,102.0,102.01,101.97,102.0,12690.0
13:30,102.0,102.01,101.99,101.99,21227.0
13:31,101.99,102.05,101.97,102.0,69108.0
13:32,102.0,102.0,101.98,101.99,5541.0
13:33,102.07,102.07,101.97,101.99,52629.0
13:34,102.03,102.07,102.0,102.07,22656.0
13:35,102.04,102.05,102.02,102.03,20442.0
13:36,102.12,102.12,102.04,102.04,28774.0
13:37,102.04,102.12,102.02,102.12,49711.0
13:38,102.14,102.14,102.03,102.04,53861.0
13:39,102.14,102.18,102.11,102.14,41122.0
13:40,102.15,102.19,102.12,102.14,32005.0
13:41,102.14,102.18,102.14,102.16,24074.0
13:42,102.2,102.21,102.13,102.14,35660.0
13:43,102.17,102.21,102.15,102.21,15896.0
13:44,102.16,102.22,102.15,102.17,21541.0
13:45,102.18,102.18,102.13,102.15,37686.0
13:46,102.2,102.21,102.15,102.17,21339.0
13:47,102.25,102.26,102.19,102.21,41687.0
13:48,102.27,102.31,102.25,102.25,39403.0
13:49,102.21,102.28,102.21,102.27,38574.0
13:50,102.23,102.25,102.2,102.21,32101.0
13:51,102.32,102.32,102.23,102.23,26149.0
13:52,102.39,102.39,102.32,102.32,32859.0
13:53,102.39,102.42,102.39,102.39,20585.0
13:54,102.39,102.4,102.37,102.39,12816.0
13:55,102.37,102.39,102.37,102.39,7608.0
13:56,102.36,102.38,102.33,102.38,17162.0
13:57,102.35,102.37,102.32,102.36,19140.0
13:58,102.32,102.36,102.32,102.35,8751.0
13:59,102.32,102.33,102.29,102.33,18693.0
14:00,102.36,102.36,102.32,102.32,12676.0
14:01,102.31,102.35,102.3,102.35,15702.0
14:02,102.31,102.31,102.29,102.31,5830.0
14:03,102.31,102.33,102.31,102.31,9189.0
14:04,102.32,102.33,102.31,102.31,20988.0
14:05,102.35,102.35,102.31,102.31,17087.0
14:06,102.38,102.38,102.31,102.34,41223.0
14:07,102.37,102.37,102.36,102.37,7365.0
14:08,102.36,102.36,102.33,102.36,16069.0
14:09,102.38,102.39,102.36,102.36,11140.0
14:10,102.39,102.4,102.36,102.37,13827.0
14:11,102.39,102.4,102.36,102.39,32484.0
14:12,102.36,102.39,102.36,102.39,10525.0
14:13,102.35,102.38,102.35,102.36,23506.0
14:14,102.33,102.35,102.32,102.35,14386.0
14:15,102.38,102.38,102.33,102.33,15028.0
14:16,102.39,102.39,102.33,102.38,26238.0
14:17,102.35,102.38,102.33,102.38,16807.0
14:18,102.35,102.36,102.33,102.35,8887.0
14:19,102.36,102.36,102.32,102.34,7397.0
14:20,102.34,102.35,102.33,102.35,16372.0
14:21,102.34,102.35,102.32,102.35,7504.0
14:22,102.31,102.35,102.29,102.34,45766.0
14:23,102.26,102.31,102.23,102.31,38157.0
14:24,102.24,102.26,102.22,102.25,20394.0
14:25,102.29,102.29,102.25,102.25,5943.0
14:26,102.29,102.32,102.29,102.29,12656.0
14:27,102.33,102.33,102.28,102.29,18144.0
14:28,102.39,102.4,102.33,102.33,19952.0
14:29,102.37,102.43,102.36,102.39,17322.0
14:30,102.37,102.38,102.36,102.38,11424.0
14:31,102.42,102.43,102.38,102.38,13917.0
14:32,102.39,102.41,102.39,102.41,13251.0
14:33,102.38,102.4,102.36,102.4,11103.0
14:34,102.39,102.39,102.38,102.38,7331.0
14:35,102.4,102.4,102.39,102.39,10956.0
14:36,102.43,102.45,102.4,102.4,10940.0
14:37,102.44,102.45,102.43,102.44,12182.0
14:38,102.46,102.46,102.43,102.43,16540.0
14:39,102.46,102.46,102.44,102.46,14134.0
14:40,102.44,102.47,102.44,102.46,10415.0
14:41,102.46,102.46,102.43,102.43,8378.0
14:42,102.47,102.48,102.45,102.46,14779.0
14:43,102.54,102.55,102.47,102.47,21015.0
14:44,102.57,102.63,102.54,102.54,70073.0
14:45,102.56,102.6,102.52,102.56,40748.0
14:46,102.59,102.59,102.54,102.55,34343.0
14:47,102.62,102.63,102.57,102.58,16349.0
14:48,102.64,102.66,102.61,102.62,31503.0
14:49,102.62,102.67,102.62,102.64,21064.0
14:50,102.68,102.69,102.61,102.62,43650.0
14:51,102.63,102.7,102.63,102.68,35113.0
14:52,102.64,102.65,102.62,102.64,14144.0
14:53,102.67,102.67,102.64,102.64,15389.0
14:54,102.68,102.68,102.64,102.67,15396.0
14:55,102.68,102.69,102.66,102.68,15703.0
14:56,102.68,102.7,102.67,102.68,24979.0
14:57,102.68,102.68,102.64,102.68,19905.0
14:58,102.66,102.68,102.66,102.68,11134.0
14:59,102.65,102.68,102.65,102.66,18575.0
15:00,102.68,102.69,102.65,102.66,12627.0
15:01,102.61,102.68,102.6,102.68,28414.0
15:02,102.62,102.62,102.58,102.62,14818.0
15:03,102.61,102.63,102.61,102.62,12641.0
15:04,102.57,102.64,102.57,102.61,37295.0
15:05,102.6,102.64,102.55,102.57,19756.0
15:06,102.59,102.61,102.59,102.61,13071.0
15:07,102.57,102.58,102.56,102.58,16229.0
15:08,102.58,102.58,102.54,102.57,33338.0
15:09,102.6,102.6,102.57,102.58,17063.0
15:10,102.58,102.61,102.58,102.6,16276.0
15:11,102.54,102.58,102.54,102.56,22911.0
15:12,102.59,102.59,102.53,102.54,37670.0
15:13,102.55,102.59,102.54,102.58,26970.0
15:14,102.57,102.57,102.54,102.54,13152.0
15:15,102.57,102.58,102.55,102.57,31304.0
15:16,102.57,102.59,102.57,102.58,15021.0
15:17,102.55,102.57,102.55,102.57,18140.0
15:18,102.58,102.58,102.54,102.55,16612.0
15:19,102.6,102.6,102.57,102.58,17301.0
15:20,102.66,102.67,102.6,102.6,22561.0
15:21,102.73,102.73,102.65,102.66,32380.0
15:22,102.75,102.75,102.71,102.72,23011.0
15:23,102.71,102.74,102.7,102.74,28415.0
15:24,102.73,102.73,102.7,102.71,14388.0
15:25,102.75,102.76,102.72,102.73,36144.0
15:26,102.72,102.76,102.71,102.75,27646.0
15:27,102.69,102.73,102.69,102.71,43092.0
15:28,102.68,102.71,102.67,102.69,24742.0
15:29,102.71,102.71,102.66,102.68,46086.0
15:30,102.76,102.76,102.71,102.71,39269.0
15:31,102.74,102.8,102.74,102.76,38289.0
15:32,102.68,102.74,102.67,102.74,31512.0
15:33,102.71,102.71,102.67,102.68,20416.0
15:34,102.72,102.74,102.71,102.71,22716.0
15:35,102.7,102.75,102.7,102.73,31738.0
15:36,102.76,102.76,102.71,102.71,17265.0
15:37,102.83,102.85,102.76,102.76,49702.0
15:38,102.85,102.88,102.84,102.84,23225.0
15:39,102.81,102.86,102.81,102.86,22580.0
15:40,102.86,102.86,102.82,102.82,21996.0
15:41,102.89,102.89,102.85,102.86,45385.0
15:42,102.94,102.94,102.88,102.89,35406.0
15:43,102.92,102.96,102.92,102.94,67195.0
15:44,102.96,102.97,102.92,102.92,34878.0
15:45,102.89,102.97,102.89,102.96,82319.0
15:46,102.85,102.89,102.84,102.89,33762.0
15:47,102.81,102.87,102.8,102.85,39394.0
15:48,102.79,102.82,102.79,102.81,33486.0
15:49,102.8,102.83,102.79,102.8,39463.0
15:50,102.84,102.86,102.79,102.8,66530.0
15:51,102.83,102.89,102.82,102.84,68326.0
15:52,102.82,102.85,102.79,102.82,47257.0
15:53,102.84,102.85,102.82,102.82,60249.0
15:54,102.91,102.91,102.85,102.85,53111.0
15:55,103.01,103.02,102.9,102.91,111753.0
15:56,103.01,103.06,103.0,103.01,103448.0
15:57,103.01,103.03,102.99,103.01,119316.0
15:58,103.11,103.12,103.0,103.0,295972.0
15:59,103.24,103.25,103.11,103.11,506548.0
