Time,Close,High,Low,Open,Volume
09:30,17.7,17.7,17.69,17.69,1.0
09:31,17.65,17.65,17.64,17.64,1.0
09:32,17.62,17.65,17.62,17.63,1.0
09:33,17.65,17.67,17.65,17.66,1.0
09:34,17.7,17.72,17.65,17.65,1.0
09:35,17.66,17.68,17.66,17.68,1.0
09:36,17.67,17.67,17.65,17.66,1.0
09:37,17.67,17.67,17.63,17.64,1.0
09:38,17.63,17.68,17.63,17.68,1.0
09:39,17.63,17.66,17.63,17.65,1.0
09:40,17.67,17.68,17.63,17.63,1.0
09:41,17.66,17.66,17.63,17.65,1.0
09:42,17.68,17.68,17.64,17.64,1.0
09:43,17.65,17.65,17.64,17.65,1.0
09:44,17.63,17.65,17.63,17.64,1.0
09:45,17.6,17.62,17.6,17.62,1.0
09:46,17.6,17.62,17.59,17.61,1.0
09:47,17.6,17.6,17.59,17.59,1.0
09:48,17.58,17.6,17.58,17.6,1.0
09:49,17.65,17.65,17.58,17.58,1.0
09:50,17.66,17.68,17.65,17.65,1.0
09:51,17.71,17.71,17.66,17.66,1.0
09:52,17.69,17.71,17.69,17.69,1.0
09:53,17.7,17.7,17.69,17.69,1.0
09:54,17.65,17.71,17.65,17.71,1.0
09:55,17.66,17.7,17.66,17.66,1.0
09:56,17.57,17.65,17.57,17.65,1.0
09:57,17.54,17.57,17.54,17.57,1.0
09:58,17.52,17.55,17.52,17.55,1.0
09:59,17.52,17.53,17.52,17.53,1.0
10:00,17.56,17.56,17.53,17.53,1.0
10:01,17.56,17.56,17.55,17.56,1.0
10:02,17.55,17.56,17.54,17.54,1.0
10:03,17.6,17.6,17.54,17.55,1.0
10:04,17.61,17.61,17.58,17.59,1.0
10:05,17.62,17.62,17.6,17.61,1.0
10:06,17.75,17.75,17.64,17.65,1.0
10:07,17.75,17.75,17.74,17.75,1.0
10:08,17.65,17.7,17.65,17.7,1.0
10:09,17.64,17.66,17.62,17.62,1.0
10:10,17.63,17.63,17.59,17.62,1.0
10:11,17.64,17.64,17.6,17.61,1.0
10:12,17.61,17.62,17.6,17.62,1.0
10:13,17.62,17.63,17.62,17.62,1.0
10:14,17.64,17.65,17.61,17.61,1.0
10:15,17.67,17.67,17.63,17.63,1.0
10:16,17.67,17.69,17.67,17.68,1.0
10:17,17.71,17.72,17.69,17.69,1.0
10:18,17.7,17.7,17.67,17.69,1.0
10:19,17.77,17.77,17.72,17.72,1.0
10:20,17.73,17.78,17.73,17.78,1.0
10:21,17.75,17.76,17.73,17.73,1.0
10:22,17.71,17.76,17.71,17.74,1.0
10:23,17.75,17.77,17.73,17.73,1.0
10:24,17.7,17.75,17.7,17.75,1.0
10:25,17.71,17.73,17.69,17.69,1.0
10:26,17.8,17.8,17.71,17.71,1.0
10:27,17.75,17.77,17.74,17.77,1.0
10:28,17.78,17.78,17.75,17.76,1.0
10:29,17.75,17.75,17.73,17.75,1.0
10:30,17.75,17.77,17.75,17.75,1.0
10:31,17.73,17.73,17.72,17.72,1.0
10:32,17.75,17.75,17.72,17.72,1.0
10:33,17.8,17.8,17.75,17.75,1.0
10:34,17.78,17.82,17.78,17.8,1.0
10:35,17.78,17.78,17.77,17.78,1.0
10:36,17.82,17.82,17.79,17.79,1.0
10:37,17.81,17.82,17.77,17.81,1.0
10:38,17.8,17.83,17.8,17.81,1.0
10:39,17.79,17.82,17.79,17.82,1.0
10:40,17.78,17.8,17.76,17.76,1.0
10:41,17.74,17.78,17.74,17.77,1.0
10:42,17.78,17.78,17.7,17.7,1.0
10:43,17.77,17.77,17.74,17.75,1.0
10:44,17.75,17.77,17.75,17.77,1.0
10:45,17.75,17.75,17.72,17.74,1.0
10:46,17.79,17.81,17.75,17.76,1.0
10:47,17.84,17.84,17.81,17.83,1.0
10:48,17.83,17.84,17.82,17.84,1.0
10:49,17.83,17.84,17.83,17.83,1.0
10:50,17.84,17.85,17.8,17.8,1.0
10:51,17.86,17.87,17.85,17.85,1.0
10:52,17.86,17.86,17.85,17.85,1.0
10:53,17.82,17.86,17.82,17.86,1.0
10:54,17.84,17.85,17.82,17.82,1.0
10:55,17.87,17.87,17.86,17.86,1.0
10:56,17.91,17.91,17.89,17.9,1.0
10:57,17.91,17.93,17.9,17.9,1.0
10:58,17.9,17.92,17.9,17.9,1.0
10:59,17.9,17.9,17.88,17.9,1.0
11:00,17.88,17.89,17.87,17.89,1.0
11:01,17.88,17.89,17.87,17.87,1.0
11:02,17.84,17.85,17.84,17.85,1.0
11:03,17.82,17.83,17.81,17.83,1.0
11:04,17.83,17.84,17.82,17.83,1.0
11:05,17.8,17.83,17.8,17.83,1.0
11:06,17.83,17.83,17.79,17.79,1.0
11:07,17.78,17.81,17.78,17.81,1.0
11:08,17.81,17.81,17.78,17.78,1.0
11:09,17.79,17.8,17.79,17.8,1.0
11:10,17.76,17.8,17.76,17.8,1.0
11:11,17.72,17.76,17.72,17.76,1.0
11:12,17.72,17.74,17.72,17.72,1.0
11:13,17.71,17.72,17.71,17.72,1.0
11:14,17.71,17.72,17.71,17.72,1.0
11:15,17.73,17.76,17.72,17.72,1.0
11:16,17.75,17.75,17.72,17.73,1.0
11:17,17.72,17.75,17.72,17.73,1.0
11:18,17.7,17.73,17.7,17.73,1.0
11:19,17.65,17.69,17.64,17.69,1.0
11:20,17.64,17.65,17.63,17.63,1.0
11:21,17.63,17.64,17.63,17.64,1.0
11:22,17.6,17.62,17.6,17.62,1.0
11:23,17.59,17.6,17.59,17.6,1.0
11:24,17.58,17.58,17.58,17.58,1.0
11:25,17.64,17.64,17.59,17.59,1.0
11:26,17.67,17.67,17.63,17.64,1.0
11:27,17.72,17.72,17.67,17.67,1.0
11:28,17.74,17.74,17.7,17.71,1.0
11:29,17.8,17.8,17.76,17.77,1.0
11:30,17.85,17.86,17.79,17.79,1.0
11:31,17.79,17.83,17.79,17.83,1.0
11:32,17.82,17.82,17.81,17.81,1.0
11:33,17.74,17.81,17.74,17.81,1.0
11:34,17.72,17.78,17.72,17.74,1.0
11:35,17.73,17.74,17.73,17.73,1.0
11:36,17.67,17.75,17.67,17.75,1.0
11:37,17.71,17.72,17.69,17.69,1.0
11:38,17.75,17.75,17.71,17.71,1.0
11:39,17.72,17.73,17.72,17.73,1.0
11:40,17.77,17.77,17.7,17.72,1.0
11:41,17.75,17.79,17.75,17.79,1.0
11:42,17.69,17.73,17.69,17.73,1.0
11:43,17.71,17.71,17.69,17.7,1.0
11:44,17.73,17.73,17.71,17.71,1.0
11:45,17.71,17.72,17.69,17.72,1.0
11:46,17.68,17.72,17.68,17.72,1.0
11:47,17.64,17.68,17.64,17.68,1.0
11:48,17.68,17.68,17.63,17.63,1.0
11:49,17.64,17.67,17.64,17.67,1.0
11:50,17.7,17.7,17.64,17.64,1.0
11:51,17.66,17.7,17.66,17.7,1.0
11:52,17.68,17.68,17.67,17.67,1.0
11:53,17.65,17.68,17.64,17.68,1.0
11:54,17.64,17.66,17.64,17.64,1.0
11:55,17.67,17.67,17.64,17.65,1.0
11:56,17.71,17.71,17.66,17.67,1.0
11:57,17.7,17.7,17.67,17.7,1.0
11:58,17.72,17.72,17.71,17.72,1.0
11:59,17.71,17.72,17.71,17.72,1.0
12:00,17.67,17.71,17.67,17.71,1.0
12:01,17.64,17.66,17.64,17.66,1.0
12:02,17.69,17.69,17.65,17.65,1.0
12:03,17.67,17.7,17.67,17.7,1.0
12:04,17.65,17.67,17.65,17.66,1.0
12:05,17.6,17.65,17.6,17.65,1.0
12:06,17.55,17.6,17.55,17.6,1.0
12:07,17.56,17.57,17.55,17.56,1.0
12:08,17.6,17.6,17.56,17.56,1.0
12:09,17.57,17.6,17.56,17.6,1.0
12:10,17.57,17.57,17.55,17.57,1.0
12:11,17.6,17.6,17.57,17.57,1.0
12:12,17.58,17.6,17.57,17.6,1.0
12:13,17.57,17.58,17.57,17.57,1.0
12:14,17.55,17.57,17.55,17.57,1.0
12:15,17.5,17.54,17.5,17.54,1.0
12:16,17.5,17.51,17.5,17.5,1.0
12:17,17.49,17.51,17.49,17.5,1.0
12:18,17.51,17.52,17.49,17.49,1.0
12:19,17.49,17.52,17.49,17.52,1.0
12:20,17.51,17.51,17.49,17.5,1.0
12:21,17.53,17.53,17.5,17.5,1.0
12:22,17.5,17.53,17.5,17.53,1.0
12:23,17.52,17.52,17.51,17.51,1.0
12:24,17.55,17.55,17.54,17.54,1.0
12:25,17.59,17.59,17.55,17.55,1.0
12:26,17.62,17.62,17.6,17.6,1.0
12:27,17.61,17.62,17.61,17.62,1.0
12:28,17.57,17.61,17.57,17.61,1.0
12:29,17.58,17.58,17.57,17.57,1.0
12:30,17.58,17.58,17.58,17.58,1.0
12:31,17.59,17.59,17.59,17.59,1.0
12:32,17.6,17.61,17.6,17.6,1.0
12:33,17.61,17.62,17.6,17.61,1.0
12:34,17.6,17.6,17.6,17.6,1.0
12:35,17.62,17.62,17.62,17.62,1.0
12:36,17.63,17.64,17.62,17.64,1.0
12:37,17.67,17.67,17.66,17.66,1.0
12:38,17.63,17.66,17.63,17.66,1.0
12:39,17.65,17.65,17.63,17.63,1.0
12:40,17.67,17.67,17.66,17.66,1.0
12:41,17.67,17.68,17.67,17.68,1.0
12:42,17.68,17.68,17.66,17.68,1.0
12:43,17.67,17.68,17.67,17.68,1.0
12:44,17.66,17.67,17.64,17.67,1.0
12:45,17.67,17.67,17.65,17.65,1.0
12:46,17.66,17.67,17.66,17.67,1.0
12:47,17.67,17.67,17.66,17.67,1.0
12:48,17.65,17.67,17.65,17.67,1.0
12:49,17.63,17.65,17.63,17.65,1.0
12:50,17.65,17.65,17.64,17.64,1.0
12:51,17.66,17.66,17.66,17.66,1.0
12:52,17.63,17.65,17.63,17.65,1.0
12:53,17.64,17.65,17.64,17.64,1.0
12:54,17.64,17.64,17.62,17.62,1.0
12:55,17.62,17.65,17.62,17.65,1.0
12:56,17.63,17.64,17.63,17.64,1.0
12:57,17.63,17.63,17.62,17.63,1.0
12:58,17.63,17.63,17.62,17.62,1.0
12:59,17.62,17.63,17.62,17.63,1.0
13:00,17.61,17.62,17.61,17.62,1.0
13:01,17.59,17.6,17.59,17.6,1.0
13:02,17.6,17.6,17.59,17.59,1.0
13:03,17.6,17.62,17.6,17.6,1.0
13:04,17.59,17.6,17.58,17.59,1.0
13:05,17.58,17.58,17.58,17.58,1.0
13:06,17.58,17.58,17.58,17.58,1.0
13:07,17.58,17.58,17.58,17.58,1.0
13:08,17.59,17.59,17.59,17.59,1.0
13:09,17.59,17.59,17.58,17.58,1.0
13:10,17.59,17.6,17.59,17.6,1.0
13:11,17.6,17.6,17.59,17.59,1.0
13:12,17.58,17.61,17.58,17.61,1.0
13:13,17.57,17.59,17.57,17.58,1.0
13:14,17.61,17.61,17.57,17.57,1.0
13:15,17.6,17.61,17.6,17.6,1.0
13:16,17.59,17.61,17.59,17.61,1.0
13:17,17.58,17.59,17.58,17.58,1.0
13:18,17.56,17.58,17.56,17.58,1.0
13:19,17.56,17.57,17.56,17.57,1.0
13:20,17.55,17.55,17.55,17.55,1.0
13:21,17.53,17.54,17.53,17.54,1.0
13:22,17.54,17.55,17.53,17.53,1.0
13:23,17.55,17.56,17.54,17.54,1.0
13:24,17.54,17.56,17.54,17.56,1.0
13:25,17.55,17.55,17.54,17.54,1.0
13:26,17.55,17.56,17.54,17.56,1.0
13:27,17.56,17.56,17.54,17.55,1.0
13:28,17.52,17.54,17.52,17.54,1.0
13:29,17.53,17.53,17.51,17.52,1.0
13:30,17.52,17.53,17.52,17.52,1.0
13:31,17.51,17.52,17.51,17.52,1.0
13:32,17.5,17.51,17.5,17.51,1.0
13:33,17.52,17.52,17.5,17.5,1.0
13:34,17.53,17.53,17.52,17.52,1.0
13:35,17.54,17.54,17.53,17.53,1.0
13:36,17.57,17.57,17.53,17.53,1.0
13:37,17.52,17.54,17.52,17.54,1.0
13:38,17.52,17.52,17.51,17.52,1.0
13:39,17.5,17.52,17.5,17.52,1.0
13:40,17.48,17.49,17.47,17.49,1.0
13:41,17.46,17.47,17.44,17.47,1.0
13:42,17.45,17.46,17.44,17.45,1.0
13:43,17.45,17.47,17.45,17.47,1.0
13:44,17.44,17.45,17.44,17.45,1.0
13:45,17.43,17.43,17.42,17.43,1.0
13:46,17.43,17.43,17.42,17.43,1.0
13:47,17.41,17.42,17.4,17.42,1.0
13:48,17.41,17.41,17.41,17.41,1.0
13:49,17.4,17.42,17.4,17.42,1.0
13:50,17.4,17.41,17.4,17.4,1.0
13:51,17.39,17.4,17.39,17.4,1.0
13:52,17.38,17.39,17.38,17.39,1.0
13:53,17.38,17.38,17.38,17.38,1.0
13:54,17.4,17.4,17.38,17.38,1.0
13:55,17.39,17.39,17.38,17.39,1.0
13:56,17.39,17.39,17.39,17.39,1.0
13:57,17.37,17.39,17.37,17.39,1.0
13:58,17.37,17.38,17.37,17.38,1.0
13:59,17.39,17.39,17.38,17.38,1.0
14:00,17.43,17.43,17.39,17.39,1.0
14:01,17.46,17.46,17.43,17.43,1.0
14:02,17.44,17.45,17.44,17.45,1.0
14:03,17.43,17.43,17.42,17.43,1.0
14:04,17.42,17.43,17.42,17.43,1.0
14:05,17.44,17.44,17.42,17.42,1.0
14:06,17.46,17.46,17.44,17.44,1.0
14:07,17.47,17.47,17.46,17.46,1.0
14:08,17.45,17.46,17.45,17.45,1.0
14:09,17.45,17.45,17.45,17.45,1.0
14:10,17.42,17.44,17.42,17.44,1.0
14:11,17.41,17.42,17.41,17.41,1.0
14:12,17.38,17.41,17.38,17.41,1.0
14:13,17.39,17.39,17.37,17.37,1.0
14:14,17.39,17.39,17.38,17.39,1.0
14:15,17.38,17.39,17.37,17.39,1.0
14:16,17.36,17.37,17.36,17.37,1.0
14:17,17.36,17.36,17.35,17.35,1.0
14:18,17.37,17.37,17.36,17.36,1.0
14:19,17.39,17.39,17.37,17.37,1.0
14:20,17.38,17.39,17.38,17.39,1.0
14:21,17.4,17.4,17.39,17.39,1.0
14:22,17.39,17.41,17.39,17.41,1.0
14:23,17.39,17.39,17.39,17.39,1.0
14:24,17.39,17.39,17.38,17.39,1.0
14:25,17.4,17.4,17.38,17.38,1.0
14:26,17.38,17.39,17.38,17.39,1.0
14:27,17.37,17.38,17.37,17.38,1.0
14:28,17.38,17.38,17.37,17.37,1.0
14:29,17.38,17.39,17.38,17.39,1.0
14:30,17.38,17.39,17.38,17.39,1.0
14:31,17.38,17.38,17.38,17.38,1.0
14:32,17.4,17.4,17.38,17.38,1.0
14:33,17.38,17.41,17.38,17.41,1.0
14:34,17.38,17.38,17.37,17.37,1.0
14:35,17.41,17.41,17.39,17.39,1.0
14:36,17.4,17.42,17.4,17.42,1.0
14:37,17.39,17.39,17.38,17.39,1.0
14:38,17.4,17.4,17.39,17.39,1.0
14:39,17.41,17.41,17.4,17.4,1.0
14:40,17.37,17.4,17.37,17.4,1.0
14:41,17.37,17.38,17.37,17.38,1.0
14:42,17.37,17.37,17.36,17.36,1.0
14:43,17.37,17.37,17.36,17.36,1.0
14:44,17.38,17.38,17.37,17.37,1.0
14:45,17.38,17.38,17.37,17.37,1.0
14:46,17.36,17.38,17.36,17.38,1.0
14:47,17.32,17.35,17.31,17.35,1.0
14:48,17.29,17.31,17.29,17.31,1.0
14:49,17.29,17.3,17.29,17.29,1.0
14:50,17.29,17.3,17.29,17.29,1.0
14:51,17.29,17.29,17.29,17.29,1.0
14:52,17.3,17.3,17.29,17.29,1.0
14:53,17.29,17.3,17.28,17.3,1.0
14:54,17.29,17.3,17.29,17.29,1.0
14:55,17.29,17.3,17.29,17.29,1.0
14:56,17.3,17.3,17.27,17.29,1.0
14:57,17.29,17.29,17.29,17.29,1.0
14:58,17.3,17.3,17.29,17.29,1.0
14:59,17.28,17.3,17.28,17.3,1.0
15:00,17.29,17.29,17.28,17.28,1.0
15:01,17.28,17.29,17.28,17.29,1.0
15:02,17.29,17.29,17.28,17.28,1.0
15:03,17.28,17.29,17.28,17.29,1.0
15:04,17.28,17.28,17.28,17.28,1.0
15:05,17.29,17.29,17.27,17.27,1.0
15:06,17.3,17.3,17.29,17.29,1.0
15:07,17.31,17.31,17.31,17.31,1.0
15:08,17.34,17.34,17.32,17.32,1.0
15:09,17.35,17.35,17.34,17.34,1.0
15:10,17.34,17.35,17.34,17.35,1.0
15:11,17.34,17.35,17.34,17.34,1.0
15:12,17.33,17.33,17.32,17.33,1.0
15:13,17.34,17.34,17.33,17.33,1.0
15:14,17.34,17.34,17.34,17.34,1.0
15:15,17.34,17.34,17.34,17.34,1.0
15:16,17.34,17.35,17.34,17.34,1.0
15:17,17.34,17.34,17.34,17.34,1.0
15:18,17.32,17.33,17.32,17.33,1.0
15:19,17.33,17.33,17.32,17.32,1.0
15:20,17.34,17.34,17.33,17.33,1.0
15:21,17.34,17.34,17.33,17.33,1.0
15:22,17.36,17.36,17.34,17.34,1.0
15:23,17.35,17.36,17.35,17.36,1.0
15:24,17.34,17.35,17.33,17.35,1.0
15:25,17.34,17.34,17.33,17.34,1.0
15:26,17.34,17.34,17.33,17.33,1.0
15:27,17.34,17.35,17.34,17.35,1.0
15:28,17.35,17.36,17.34,17.34,1.0
15:29,17.32,17.35,17.32,17.35,1.0
15:30,17.33,17.34,17.32,17.32,1.0
15:31,17.33,17.35,17.33,17.33,1.0
15:32,17.31,17.33,17.31,17.33,1.0
15:33,17.29,17.3,17.29,17.3,1.0
15:34,17.31,17.31,17.3,17.3,1.0
15:35,17.31,17.31,17.3,17.3,1.0
15:36,17.32,17.32,17.31,17.31,1.0
15:37,17.31,17.33,17.31,17.33,1.0
15:38,17.33,17.33,17.33,17.33,1.0
15:39,17.32,17.34,17.32,17.34,1.0
15:40,17.31,17.32,17.31,17.31,1.0
15:41,17.33,17.33,17.3,17.3,1.0
15:42,17.31,17.33,17.31,17.32,1.0
15:43,17.3,17.3,17.3,17.3,1.0
15:44,17.29,17.3,17.29,17.3,1.0
15:45,17.29,17.29,17.29,17.29,1.0
15:46,17.3,17.3,17.29,17.3,1.0
15:47,17.28,17.3,17.28,17.3,1.0
15:48,17.3,17.3,17.28,17.28,1.0
15:49,17.28,17.29,17.28,17.29,1.0
15:50,17.26,17.28,17.26,17.28,1.0
15:51,17.28,17.28,17.26,17.26,1.0
15:52,17.27,17.28,17.27,17.28,1.0
15:53,17.26,17.27,17.25,17.26,1.0
15:54,17.26,17.27,17.26,17.26,1.0
15:55,17.28,17.3,17.25,17.25,1.0
15:56,17.3,17.3,17.29,17.29,1.0
15:57,17.31,17.31,17.3,17.3,1.0
15:58,17.34,17.34,17.31,17.31,1.0
15:59,17.3,17.35,17.3,17.34,1.0
