Time,Close,High,Low,Open,Volume
09:30,18.2,18.26,18.2,18.26,1.0
09:31,18.07,18.18,18.07,18.18,1.0
09:32,18.04,18.05,18.03,18.03,1.0
09:33,18.06,18.06,17.98,18.03,1.0
09:34,18.07,18.1,18.07,18.08,1.0
09:35,18.0,18.08,18.0,18.08,1.0
09:36,18.03,18.03,18.0,18.0,1.0
09:37,18.02,18.04,17.97,17.97,1.0
09:38,17.98,18.01,17.98,18.0,1.0
09:39,17.97,17.97,17.96,17.97,1.0
09:40,17.96,17.97,17.96,17.96,1.0
09:41,17.96,17.98,17.94,17.98,1.0
09:42,18.0,18.0,17.96,17.97,1.0
09:43,18.0,18.02,18.0,18.0,1.0
09:44,17.95,17.98,17.95,17.98,1.0
09:45,17.97,17.98,17.94,17.98,1.0
09:46,17.96,17.97,17.96,17.97,1.0
09:47,17.97,17.98,17.93,17.93,1.0
09:48,18.03,18.03,17.96,17.98,1.0
09:49,18.04,18.04,17.99,18.01,1.0
09:50,18.11,18.11,18.04,18.04,1.0
09:51,18.06,18.1,18.04,18.1,1.0
09:52,18.06,18.06,18.04,18.04,1.0
09:53,18.1,18.1,18.09,18.09,1.0
09:54,18.05,18.08,18.05,18.08,1.0
09:55,18.04,18.07,18.04,18.05,1.0
09:56,18.09,18.11,18.06,18.06,1.0
09:57,18.02,18.07,18.02,18.07,1.0
09:58,18.02,18.03,18.01,18.01,1.0
09:59,18.03,18.03,17.99,18.0,1.0
10:00,18.07,18.07,18.05,18.07,1.0
10:01,18.03,18.07,18.03,18.06,1.0
10:02,18.05,18.06,18.04,18.04,1.0
10:03,18.04,18.06,18.03,18.06,1.0
10:04,18.02,18.04,18.02,18.04,1.0
10:05,18.06,18.06,18.01,18.02,1.0
10:06,18.04,18.05,18.04,18.05,1.0
10:07,18.05,18.05,18.02,18.03,1.0
10:08,18.05,18.05,18.03,18.04,1.0
10:09,18.07,18.09,18.05,18.05,1.0
10:10,18.02,18.05,18.02,18.05,1.0
10:11,17.98,17.99,17.98,17.98,1.0
10:12,17.98,17.98,17.96,17.97,1.0
10:13,18.04,18.04,17.99,17.99,1.0
10:14,18.09,18.09,18.04,18.04,1.0
10:15,18.1,18.11,18.07,18.11,1.0
10:16,18.06,18.08,18.06,18.07,1.0
10:17,18.0,18.05,18.0,18.05,1.0
10:18,18.01,18.01,17.99,18.0,1.0
10:19,18.04,18.05,18.02,18.02,1.0
10:20,18.02,18.04,18.02,18.04,1.0
10:21,17.99,18.01,17.98,18.01,1.0
10:22,17.95,17.96,17.94,17.96,1.0
10:23,17.95,17.96,17.94,17.96,1.0
10:24,17.92,17.94,17.92,17.94,1.0
10:25,17.93,17.93,17.9,17.92,1.0
10:26,17.95,17.97,17.95,17.95,1.0
10:27,17.95,17.95,17.94,17.94,1.0
10:28,17.9,17.94,17.9,17.94,1.0
10:29,17.94,17.94,17.9,17.9,1.0
10:30,17.96,17.96,17.93,17.95,1.0
10:31,17.96,17.96,17.94,17.94,1.0
10:32,17.97,17.98,17.96,17.96,1.0
10:33,17.96,17.96,17.94,17.94,1.0
10:34,17.95,17.95,17.93,17.95,1.0
10:35,17.95,17.97,17.95,17.95,1.0
10:36,17.97,17.98,17.95,17.98,1.0
10:37,18.02,18.02,17.96,17.96,1.0
10:38,18.06,18.06,18.01,18.01,1.0
10:39,18.07,18.07,18.05,18.06,1.0
10:40,18.1,18.1,18.07,18.07,1.0
10:41,18.11,18.11,18.1,18.11,1.0
10:42,18.14,18.14,18.11,18.11,1.0
10:43,18.14,18.14,18.13,18.13,1.0
10:44,18.18,18.18,18.15,18.15,1.0
10:45,18.17,18.2,18.17,18.19,1.0
10:46,18.17,18.17,18.15,18.15,1.0
10:47,18.22,18.22,18.18,18.18,1.0
10:48,18.22,18.22,18.21,18.22,1.0
10:49,18.22,18.23,18.22,18.23,1.0
10:50,18.29,18.29,18.21,18.21,1.0
10:51,18.38,18.38,18.3,18.3,1.0
10:52,18.49,18.49,18.45,18.45,1.0
10:53,18.45,18.49,18.44,18.49,1.0
10:54,18.41,18.45,18.41,18.43,1.0
10:55,18.44,18.44,18.39,18.39,1.0
10:56,18.43,18.44,18.42,18.43,1.0
10:57,18.44,18.44,18.4,18.43,1.0
10:58,18.45,18.47,18.44,18.45,1.0
10:59,18.52,18.53,18.45,18.45,1.0
11:00,18.62,18.62,18.52,18.52,1.0
11:01,18.58,18.63,18.58,18.62,1.0
11:02,18.6,18.6,18.56,18.58,1.0
11:03,18.52,18.61,18.52,18.61,1.0
11:04,18.53,18.53,18.5,18.51,1.0
11:05,18.57,18.58,18.52,18.52,1.0
11:06,18.58,18.59,18.55,18.55,1.0
11:07,18.5,18.56,18.5,18.56,1.0
11:08,18.45,18.51,18.45,18.51,1.0
11:09,18.49,18.51,18.45,18.45,1.0
11:10,18.45,18.49,18.44,18.49,1.0
11:11,18.4,18.45,18.4,18.45,1.0
11:12,18.36,18.38,18.34,18.38,1.0
11:13,18.43,18.43,18.36,18.36,1.0
11:14,18.42,18.42,18.39,18.42,1.0
11:15,18.4,18.41,18.4,18.41,1.0
11:16,18.45,18.45,18.38,18.39,1.0
11:17,18.45,18.45,18.42,18.42,1.0
11:18,18.49,18.49,18.45,18.47,1.0
11:19,18.41,18.48,18.41,18.48,1.0
11:20,18.41,18.44,18.41,18.42,1.0
11:21,18.49,18.49,18.41,18.41,1.0
11:22,18.56,18.56,18.49,18.49,1.0
11:23,18.51,18.56,18.51,18.56,1.0
11:24,18.51,18.52,18.47,18.47,1.0
11:25,18.53,18.53,18.51,18.51,1.0
11:26,18.52,18.53,18.52,18.52,1.0
11:27,18.49,18.52,18.49,18.51,1.0
11:28,18.54,18.54,18.48,18.5,1.0
11:29,18.55,18.55,18.53,18.54,1.0
11:30,18.48,18.55,18.48,18.55,1.0
11:31,18.5,18.51,18.47,18.47,1.0
11:32,18.46,18.47,18.43,18.47,1.0
11:33,18.41,18.45,18.41,18.45,1.0
11:34,18.47,18.47,18.4,18.4,1.0
11:35,18.49,18.49,18.45,18.46,1.0
11:36,18.49,18.5,18.46,18.5,1.0
11:37,18.47,18.49,18.45,18.49,1.0
11:38,18.47,18.47,18.45,18.46,1.0
11:39,18.47,18.47,18.45,18.46,1.0
11:40,18.5,18.5,18.44,18.46,1.0
11:41,18.48,18.52,18.48,18.52,1.0
11:42,18.47,18.52,18.47,18.52,1.0
11:43,18.5,18.5,18.46,18.47,1.0
11:44,18.44,18.52,18.44,18.52,1.0
11:45,18.44,18.46,18.43,18.43,1.0
11:46,18.48,18.48,18.42,18.45,1.0
11:47,18.41,18.46,18.41,18.46,1.0
11:48,18.41,18.44,18.41,18.42,1.0
11:49,18.38,18.4,18.38,18.4,1.0
11:50,18.38,18.4,18.34,18.4,1.0
11:51,18.38,18.4,18.38,18.38,1.0
11:52,18.38,18.4,18.37,18.4,1.0
11:53,18.37,18.41,18.37,18.41,1.0
11:54,18.4,18.4,18.38,18.38,1.0
11:55,18.38,18.4,18.38,18.4,1.0
11:56,18.32,18.36,18.32,18.36,1.0
11:57,18.26,18.27,18.26,18.27,1.0
11:58,18.22,18.26,18.22,18.26,1.0
11:59,18.19,18.22,18.19,18.22,1.0
12:00,18.16,18.2,18.16,18.2,1.0
12:01,18.14,18.15,18.13,18.13,1.0
12:02,18.11,18.14,18.11,18.12,1.0
12:03,18.04,18.1,18.04,18.1,1.0
12:04,17.99,18.04,17.99,18.04,1.0
12:05,17.99,18.01,17.99,18.0,1.0
12:06,17.95,17.98,17.95,17.98,1.0
12:07,17.96,17.97,17.96,17.96,1.0
12:08,17.99,17.99,17.94,17.94,1.0
12:09,18.01,18.01,17.98,17.98,1.0
12:10,18.01,18.01,17.99,18.0,1.0
12:11,18.08,18.08,18.03,18.03,1.0
12:12,18.02,18.07,18.02,18.07,1.0
12:13,18.06,18.06,18.05,18.05,1.0
12:14,18.09,18.09,18.06,18.07,1.0
12:15,18.09,18.12,18.09,18.1,1.0
12:16,18.08,18.08,18.07,18.08,1.0
12:17,18.06,18.07,18.06,18.07,1.0
12:18,18.05,18.07,18.04,18.07,1.0
12:19,18.03,18.04,18.03,18.04,1.0
12:20,18.02,18.04,18.02,18.04,1.0
12:21,18.01,18.03,18.01,18.01,1.0
12:22,17.99,18.01,17.99,18.0,1.0
12:23,18.0,18.0,17.99,17.99,1.0
12:24,18.07,18.08,18.0,18.0,1.0
12:25,18.03,18.05,18.02,18.05,1.0
12:26,18.01,18.03,17.99,18.03,1.0
12:27,17.96,18.0,17.96,18.0,1.0
12:28,17.94,17.95,17.94,17.95,1.0
12:29,17.97,17.98,17.95,17.95,1.0
12:30,17.93,17.98,17.93,17.98,1.0
12:31,17.91,17.93,17.91,17.92,1.0
12:32,17.89,17.9,17.89,17.9,1.0
12:33,17.9,17.9,17.89,17.89,1.0
12:34,17.89,17.91,17.89,17.9,1.0
12:35,17.92,17.92,17.89,17.89,1.0
12:36,17.89,17.91,17.89,17.91,1.0
12:37,17.91,17.91,17.89,17.89,1.0
12:38,17.89,17.91,17.89,17.91,1.0
12:39,17.89,17.9,17.89,17.9,1.0
12:40,17.85,17.88,17.85,17.88,1.0
12:41,17.83,17.85,17.83,17.85,1.0
12:42,17.81,17.83,17.81,17.83,1.0
12:43,17.82,17.82,17.8,17.81,1.0
12:44,17.84,17.84,17.82,17.83,1.0
12:45,17.81,17.84,17.81,17.84,1.0
12:46,17.81,17.82,17.81,17.82,1.0
12:47,17.8,17.8,17.8,17.8,1.0
12:48,17.78,17.8,17.78,17.8,1.0
12:49,17.78,17.78,17.78,17.78,1.0
12:50,17.78,17.79,17.78,17.78,1.0
12:51,17.76,17.78,17.76,17.78,1.0
12:52,17.76,17.77,17.76,17.77,1.0
12:53,17.75,17.76,17.75,17.76,1.0
12:54,17.76,17.77,17.76,17.77,1.0
12:55,17.75,17.76,17.75,17.76,1.0
12:56,17.75,17.76,17.75,17.75,1.0
12:57,17.77,17.79,17.77,17.77,1.0
12:58,17.77,17.77,17.77,17.77,1.0
12:59,17.77,17.77,17.76,17.77,1.0
13:00,17.77,17.78,17.77,17.77,1.0
13:01,17.77,17.77,17.76,17.76,1.0
13:02,17.78,17.78,17.76,17.77,1.0
13:03,17.77,17.78,17.77,17.78,1.0
13:04,17.79,17.79,17.77,17.77,1.0
13:05,17.8,17.8,17.79,17.8,1.0
13:06,17.78,17.8,17.78,17.8,1.0
13:07,17.8,17.8,17.78,17.79,1.0
13:08,17.79,17.8,17.78,17.8,1.0
13:09,17.79,17.8,17.79,17.79,1.0
13:10,17.79,17.8,17.78,17.8,1.0
13:11,17.79,17.8,17.79,17.8,1.0
13:12,17.78,17.79,17.78,17.79,1.0
13:13,17.79,17.8,17.79,17.79,1.0
13:14,17.8,17.8,17.78,17.79,1.0
13:15,17.79,17.8,17.79,17.8,1.0
13:16,17.79,17.79,17.79,17.79,1.0
13:17,17.79,17.79,17.78,17.78,1.0
13:18,17.76,17.78,17.76,17.78,1.0
13:19,17.79,17.79,17.77,17.77,1.0
13:20,17.81,17.81,17.79,17.79,1.0
13:21,17.82,17.82,17.81,17.81,1.0
13:22,17.8,17.82,17.8,17.82,1.0
13:23,17.81,17.82,17.81,17.81,1.0
13:24,17.8,17.81,17.8,17.81,1.0
13:25,17.77,17.79,17.77,17.79,1.0
13:26,17.79,17.79,17.78,17.78,1.0
13:27,17.81,17.81,17.8,17.8,1.0
13:28,17.83,17.83,17.82,17.82,1.0
13:29,17.85,17.85,17.82,17.82,1.0
13:30,17.82,17.84,17.82,17.84,1.0
13:31,17.8,17.81,17.8,17.81,1.0
13:32,17.78,17.8,17.78,17.8,1.0
13:33,17.76,17.78,17.76,17.78,1.0
13:34,17.76,17.77,17.76,17.76,1.0
13:35,17.75,17.76,17.75,17.76,1.0
13:36,17.75,17.75,17.75,17.75,1.0
13:37,17.75,17.75,17.74,17.74,1.0
13:38,17.75,17.75,17.75,17.75,1.0
13:39,17.74,17.76,17.74,17.75,1.0
13:40,17.73,17.74,17.73,17.74,1.0
13:41,17.74,17.74,17.74,17.74,1.0
13:42,17.75,17.75,17.75,17.75,1.0
13:43,17.77,17.77,17.75,17.75,1.0
13:44,17.77,17.78,17.77,17.78,1.0
13:45,17.76,17.78,17.76,17.78,1.0
13:46,17.77,17.77,17.76,17.76,1.0
13:47,17.77,17.78,17.77,17.77,1.0
13:48,17.75,17.76,17.75,17.76,1.0
13:49,17.74,17.75,17.74,17.75,1.0
13:50,17.73,17.74,17.73,17.73,1.0
13:51,17.73,17.74,17.73,17.74,1.0
13:52,17.76,17.76,17.73,17.73,1.0
13:53,17.75,17.75,17.75,17.75,1.0
13:54,17.75,17.75,17.75,17.75,1.0
13:55,17.76,17.76,17.75,17.75,1.0
13:56,17.75,17.77,17.75,17.77,1.0
13:57,17.76,17.76,17.75,17.75,1.0
13:58,17.79,17.8,17.77,17.77,1.0
13:59,17.81,17.81,17.79,17.79,1.0
14:00,17.77,17.81,17.77,17.81,1.0
14:01,17.77,17.77,17.77,17.77,1.0
14:02,17.78,17.78,17.77,17.77,1.0
14:03,17.78,17.78,17.77,17.78,1.0
14:04,17.77,17.77,17.77,17.77,1.0
14:05,17.76,17.76,17.76,17.76,1.0
14:06,17.74,17.75,17.74,17.75,1.0
14:07,17.73,17.73,17.73,17.73,1.0
14:08,17.74,17.74,17.73,17.74,1.0
14:09,17.73,17.74,17.73,17.74,1.0
14:10,17.73,17.73,17.73,17.73,1.0
14:11,17.72,17.76,17.72,17.76,1.0
14:12,17.71,17.72,17.71,17.72,1.0
14:13,17.71,17.72,17.71,17.71,1.0
14:14,17.73,17.73,17.73,17.73,1.0
14:15,17.73,17.73,17.72,17.73,1.0
14:16,17.71,17.73,17.71,17.73,1.0
14:17,17.69,17.71,17.69,17.71,1.0
14:18,17.69,17.69,17.69,17.69,1.0
14:19,17.7,17.7,17.69,17.69,1.0
14:20,17.71,17.71,17.7,17.7,1.0
14:21,17.71,17.71,17.7,17.7,1.0
14:22,17.72,17.72,17.71,17.71,1.0
14:23,17.71,17.72,17.71,17.72,1.0
14:24,17.71,17.71,17.71,17.71,1.0
14:25,17.7,17.71,17.7,17.71,1.0
14:26,17.69,17.7,17.69,17.7,1.0
14:27,17.66,17.68,17.66,17.68,1.0
14:28,17.66,17.66,17.66,17.66,1.0
14:29,17.68,17.68,17.67,17.67,1.0
14:30,17.7,17.7,17.69,17.7,1.0
14:31,17.71,17.71,17.7,17.7,1.0
14:32,17.71,17.71,17.71,17.71,1.0
14:33,17.72,17.72,17.71,17.71,1.0
14:34,17.72,17.72,17.72,17.72,1.0
14:35,17.72,17.73,17.72,17.73,1.0
14:36,17.74,17.74,17.72,17.72,1.0
14:37,17.73,17.74,17.73,17.74,1.0
14:38,17.73,17.73,17.73,17.73,1.0
14:39,17.72,17.73,17.72,17.73,1.0
14:40,17.72,17.72,17.72,17.72,1.0
14:41,17.71,17.72,17.71,17.72,1.0
14:42,17.71,17.71,17.71,17.71,1.0
14:43,17.72,17.72,17.71,17.71,1.0
14:44,17.72,17.72,17.71,17.71,1.0
14:45,17.73,17.73,17.72,17.72,1.0
14:46,17.72,17.73,17.72,17.73,1.0
14:47,17.7,17.72,17.7,17.72,1.0
14:48,17.71,17.71,17.7,17.7,1.0
14:49,17.7,17.71,17.7,17.71,1.0
14:50,17.7,17.71,17.7,17.7,1.0
14:51,17.68,17.7,17.68,17.7,1.0
14:52,17.67,17.67,17.64,17.67,1.0
14:53,17.65,17.66,17.65,17.66,1.0
14:54,17.65,17.66,17.65,17.65,1.0
14:55,17.65,17.66,17.65,17.66,1.0
14:56,17.69,17.69,17.66,17.67,1.0
14:57,17.73,17.73,17.72,17.72,1.0
14:58,17.76,17.76,17.73,17.73,1.0
14:59,17.76,17.77,17.76,17.77,1.0
15:00,17.74,17.75,17.74,17.75,1.0
15:01,17.73,17.74,17.73,17.74,1.0
15:02,17.73,17.73,17.72,17.72,1.0
15:03,17.74,17.74,17.73,17.73,1.0
15:04,17.74,17.75,17.74,17.75,1.0
15:05,17.76,17.76,17.75,17.75,1.0
15:06,17.76,17.76,17.75,17.76,1.0
15:07,17.75,17.76,17.75,17.76,1.0
15:08,17.76,17.76,17.75,17.75,1.0
15:09,17.76,17.76,17.76,17.76,1.0
15:10,17.78,17.78,17.77,17.77,1.0
15:11,17.79,17.79,17.78,17.78,1.0
15:12,17.79,17.79,17.79,17.79,1.0
15:13,17.8,17.8,17.78,17.79,1.0
15:14,17.81,17.81,17.79,17.79,1.0
15:15,17.85,17.85,17.8,17.8,1.0
15:16,17.86,17.86,17.85,17.86,1.0
15:17,17.88,17.88,17.87,17.87,1.0
15:18,17.89,17.89,17.87,17.88,1.0
15:19,17.89,17.9,17.89,17.89,1.0
15:20,17.89,17.89,17.89,17.89,1.0
15:21,17.91,17.91,17.9,17.9,1.0
15:22,17.93,17.93,17.92,17.92,1.0
15:23,17.94,17.94,17.92,17.92,1.0
15:24,17.93,17.94,17.93,17.94,1.0
15:25,17.89,17.92,17.89,17.92,1.0
15:26,17.9,17.9,17.89,17.89,1.0
15:27,17.89,17.9,17.88,17.9,1.0
15:28,17.9,17.9,17.89,17.89,1.0
15:29,17.9,17.9,17.9,17.9,1.0
15:30,17.93,17.93,17.91,17.91,1.0
15:31,17.9,17.92,17.9,17.92,1.0
15:32,17.91,17.91,17.89,17.89,1.0
15:33,17.92,17.92,17.9,17.91,1.0
15:34,17.92,17.93,17.92,17.92,1.0
15:35,17.92,17.93,17.92,17.93,1.0
15:36,17.88,17.92,17.88,17.92,1.0
15:37,17.86,17.89,17.86,17.88,1.0
15:38,17.85,17.86,17.85,17.86,1.0
15:39,17.81,17.83,17.81,17.83,1.0
15:40,17.82,17.82,17.8,17.8,1.0
15:41,17.84,17.84,17.83,17.83,1.0
15:42,17.81,17.84,17.81,17.84,1.0
15:43,17.82,17.82,17.8,17.8,1.0
15:44,17.81,17.82,17.8,17.82,1.0
15:45,17.83,17.83,17.82,17.82,1.0
15:46,17.8,17.83,17.8,17.83,1.0
15:47,17.83,17.83,17.81,17.81,1.0
15:48,17.81,17.85,17.8,17.85,1.0
15:49,17.78,17.81,17.78,17.81,1.0
15:50,17.8,17.82,17.78,17.78,1.0
15:51,17.76,17.79,17.76,17.79,1.0
15:52,17.77,17.77,17.76,17.77,1.0
15:53,17.73,17.76,17.73,17.76,1.0
15:54,17.69,17.72,17.69,17.72,1.0
15:55,17.76,17.76,17.7,17.7,1.0
15:56,17.76,17.76,17.74,17.74,1.0
15:57,17.73,17.76,17.73,17.76,1.0
15:58,17.73,17.74,17.73,17.73,1.0
15:59,17.73,17.73,17.71,17.72,1.0
