Time,Close,High,Low,Open,Volume
09:30,22.38,22.38,22.29,22.29,1.0
09:31,22.6,22.6,22.43,22.43,1.0
09:32,22.82,22.82,22.54,22.54,1.0
09:33,23.0,23.03,22.93,22.93,1.0
09:34,23.0,23.02,22.99,23.02,1.0
09:35,22.72,22.97,22.72,22.94,1.0
09:36,22.41,22.64,22.39,22.64,1.0
09:37,22.43,22.43,22.3,22.38,1.0
09:38,22.17,22.36,22.17,22.36,1.0
09:39,22.17,22.17,22.11,22.13,1.0
09:40,22.23,22.3,22.17,22.17,1.0
09:41,22.02,22.25,22.02,22.25,1.0
09:42,22.14,22.14,21.98,21.98,1.0
09:43,21.97,22.07,21.97,22.07,1.0
09:44,21.85,22.06,21.85,21.93,1.0
09:45,21.87,21.89,21.86,21.87,1.0
09:46,21.7,21.82,21.7,21.82,1.0
09:47,21.6,21.76,21.6,21.76,1.0
09:48,21.48,21.55,21.48,21.55,1.0
09:49,21.65,21.65,21.48,21.5,1.0
09:50,21.73,21.73,21.57,21.6,1.0
09:51,21.61,21.72,21.61,21.68,1.0
09:52,21.48,21.56,21.43,21.56,1.0
09:53,21.48,21.49,21.41,21.49,1.0
09:54,21.57,21.57,21.41,21.44,1.0
09:55,21.56,21.56,21.52,21.52,1.0
09:56,21.5,21.57,21.5,21.53,1.0
09:57,21.53,21.55,21.49,21.53,1.0
09:58,21.64,21.64,21.54,21.57,1.0
09:59,21.56,21.58,21.52,21.58,1.0
10:00,21.72,21.72,21.56,21.56,1.0
10:01,21.79,21.79,21.71,21.71,1.0
10:02,21.81,21.81,21.77,21.77,1.0
10:03,21.81,21.81,21.78,21.78,1.0
10:04,21.82,21.82,21.73,21.8,1.0
10:05,21.91,21.93,21.85,21.85,1.0
10:06,21.68,21.82,21.68,21.82,1.0
10:07,21.77,21.77,21.6,21.6,1.0
10:08,21.79,21.8,21.77,21.77,1.0
10:09,21.69,21.82,21.69,21.8,1.0
10:10,21.65,21.73,21.65,21.68,1.0
10:11,21.81,21.81,21.69,21.69,1.0
10:12,21.93,21.93,21.82,21.82,1.0
10:13,21.99,21.99,21.94,21.94,1.0
10:14,22.04,22.04,22.0,22.01,1.0
10:15,21.78,21.93,21.78,21.93,1.0
10:16,21.56,21.77,21.56,21.77,1.0
10:17,21.53,21.57,21.53,21.54,1.0
10:18,21.58,21.58,21.54,21.57,1.0
10:19,21.71,21.71,21.59,21.59,1.0
10:20,21.6,21.68,21.59,21.68,1.0
10:21,21.61,21.66,21.57,21.57,1.0
10:22,21.51,21.55,21.51,21.55,1.0
10:23,21.74,21.74,21.52,21.52,1.0
10:24,21.67,21.74,21.62,21.62,1.0
10:25,21.82,21.82,21.69,21.69,1.0
10:26,21.73,21.84,21.73,21.84,1.0
10:27,21.46,21.64,21.46,21.64,1.0
10:28,21.29,21.34,21.26,21.34,1.0
10:29,21.28,21.29,21.24,21.24,1.0
10:30,21.19,21.24,21.16,21.24,1.0
10:31,21.34,21.34,21.23,21.23,1.0
10:32,21.18,21.3,21.18,21.3,1.0
10:33,21.17,21.21,21.15,21.21,1.0
10:34,21.14,21.19,21.11,21.19,1.0
10:35,21.06,21.17,21.06,21.16,1.0
10:36,21.03,21.11,21.01,21.06,1.0
10:37,21.02,21.07,20.99,21.07,1.0
10:38,20.97,20.99,20.93,20.99,1.0
10:39,20.9,20.97,20.89,20.97,1.0
10:40,20.88,20.89,20.83,20.89,1.0
10:41,20.92,20.92,20.86,20.86,1.0
10:42,20.79,20.91,20.79,20.91,1.0
10:43,20.77,20.82,20.77,20.81,1.0
10:44,20.82,20.85,20.76,20.79,1.0
10:45,20.61,20.77,20.61,20.77,1.0
10:46,20.51,20.59,20.51,20.59,1.0
10:47,20.43,20.49,20.43,20.49,1.0
10:48,20.44,20.44,20.37,20.41,1.0
10:49,20.43,20.48,20.43,20.47,1.0
10:50,20.39,20.45,20.39,20.44,1.0
10:51,20.39,20.39,20.35,20.38,1.0
10:52,20.42,20.44,20.42,20.42,1.0
10:53,20.52,20.52,20.45,20.45,1.0
10:54,20.48,20.5,20.47,20.5,1.0
10:55,20.51,20.51,20.48,20.48,1.0
10:56,20.61,20.61,20.55,20.56,1.0
10:57,20.54,20.58,20.52,20.58,1.0
10:58,20.52,20.54,20.51,20.51,1.0
10:59,20.53,20.53,20.48,20.52,1.0
11:00,20.49,20.49,20.46,20.47,1.0
11:01,20.55,20.55,20.53,20.53,1.0
11:02,20.55,20.55,20.54,20.54,1.0
11:03,20.57,20.59,20.52,20.55,1.0
11:04,20.67,20.67,20.58,20.58,1.0
11:05,20.72,20.72,20.64,20.64,1.0
11:06,20.67,20.71,20.67,20.71,1.0
11:07,20.78,20.78,20.68,20.68,1.0
11:08,20.71,20.76,20.71,20.76,1.0
11:09,20.61,20.72,20.61,20.71,1.0
11:10,20.55,20.6,20.55,20.58,1.0
11:11,20.51,20.56,20.51,20.53,1.0
11:12,20.5,20.52,20.49,20.5,1.0
11:13,20.42,20.53,20.42,20.53,1.0
11:14,20.47,20.48,20.41,20.41,1.0
11:15,20.4,20.48,20.4,20.48,1.0
11:16,20.43,20.43,20.41,20.41,1.0
11:17,20.37,20.4,20.37,20.4,1.0
11:18,20.38,20.4,20.35,20.35,1.0
11:19,20.38,20.41,20.38,20.39,1.0
11:20,20.37,20.37,20.32,20.32,1.0
11:21,20.33,20.4,20.33,20.4,1.0
11:22,20.3,20.31,20.28,20.31,1.0
11:23,20.19,20.29,20.19,20.29,1.0
11:24,20.13,20.19,20.13,20.19,1.0
11:25,20.07,20.13,20.07,20.13,1.0
11:26,20.05,20.09,20.05,20.07,1.0
11:27,19.96,20.02,19.96,20.02,1.0
11:28,19.98,19.99,19.96,19.99,1.0
11:29,20.02,20.02,19.97,19.97,1.0
11:30,20.06,20.06,20.01,20.01,1.0
11:31,20.09,20.09,20.05,20.05,1.0
11:32,20.12,20.12,20.07,20.11,1.0
11:33,20.17,20.17,20.14,20.14,1.0
11:34,20.13,20.16,20.12,20.15,1.0
11:35,20.12,20.12,20.1,20.12,1.0
11:36,20.04,20.11,20.04,20.11,1.0
11:37,20.03,20.04,20.03,20.03,1.0
11:38,19.95,20.01,19.95,20.01,1.0
11:39,19.97,19.98,19.95,19.97,1.0
11:40,19.94,19.95,19.94,19.95,1.0
11:41,19.93,19.93,19.93,19.93,1.0
11:42,20.06,20.06,19.93,19.93,1.0
11:43,20.07,20.09,20.06,20.06,1.0
11:44,20.08,20.11,20.07,20.07,1.0
11:45,20.12,20.15,20.09,20.09,1.0
11:46,20.16,20.17,20.12,20.12,1.0
11:47,20.17,20.18,20.15,20.17,1.0
11:48,20.11,20.2,20.11,20.19,1.0
11:49,20.01,20.11,20.01,20.08,1.0
11:50,19.95,20.01,19.95,20.01,1.0
11:51,19.97,19.97,19.95,19.95,1.0
11:52,19.97,19.97,19.95,19.96,1.0
11:53,19.96,19.96,19.95,19.95,1.0
11:54,19.95,19.96,19.95,19.95,1.0
11:55,19.95,19.97,19.94,19.95,1.0
11:56,19.87,19.92,19.87,19.92,1.0
11:57,19.87,19.88,19.87,19.88,1.0
11:58,19.92,19.93,19.88,19.88,1.0
11:59,19.86,19.87,19.85,19.87,1.0
12:00,19.9,19.9,19.85,19.85,1.0
12:01,19.84,19.9,19.83,19.9,1.0
12:02,19.87,19.87,19.85,19.86,1.0
12:03,19.81,19.84,19.81,19.83,1.0
12:04,19.81,19.86,19.81,19.82,1.0
12:05,19.8,19.82,19.78,19.78,1.0
12:06,19.77,19.79,19.77,19.79,1.0
12:07,19.85,19.85,19.77,19.77,1.0
12:08,19.82,19.85,19.82,19.85,1.0
12:09,19.74,19.78,19.74,19.77,1.0
12:10,19.63,19.74,19.63,19.74,1.0
12:11,19.61,19.65,19.61,19.63,1.0
12:12,19.64,19.66,19.6,19.6,1.0
12:13,19.64,19.65,19.63,19.64,1.0
12:14,19.67,19.67,19.63,19.63,1.0
12:15,19.74,19.74,19.66,19.66,1.0
12:16,19.65,19.73,19.65,19.73,1.0
12:17,19.67,19.67,19.64,19.64,1.0
12:18,19.68,19.69,19.66,19.66,1.0
12:19,19.66,19.68,19.66,19.68,1.0
12:20,19.66,19.67,19.65,19.65,1.0
12:21,19.68,19.68,19.67,19.68,1.0
12:22,19.69,19.71,19.68,19.68,1.0
12:23,19.67,19.68,19.66,19.66,1.0
12:24,19.7,19.71,19.69,19.69,1.0
12:25,19.71,19.73,19.71,19.71,1.0
12:26,19.81,19.82,19.75,19.75,1.0
12:27,19.81,19.82,19.81,19.82,1.0
12:28,19.87,19.87,19.83,19.83,1.0
12:29,19.76,19.86,19.76,19.86,1.0
12:30,19.8,19.81,19.74,19.74,1.0
12:31,19.81,19.81,19.78,19.81,1.0
12:32,19.84,19.84,19.8,19.8,1.0
12:33,19.79,19.84,19.78,19.84,1.0
12:34,19.79,19.79,19.78,19.79,1.0
12:35,19.7,19.78,19.7,19.78,1.0
12:36,19.69,19.72,19.68,19.7,1.0
12:37,19.67,19.71,19.67,19.71,1.0
12:38,19.58,19.64,19.58,19.64,1.0
12:39,19.59,19.59,19.56,19.56,1.0
12:40,19.63,19.63,19.57,19.57,1.0
12:41,19.66,19.66,19.64,19.64,1.0
12:42,19.68,19.69,19.67,19.69,1.0
12:43,19.67,19.7,19.67,19.68,1.0
12:44,19.68,19.72,19.68,19.68,1.0
12:45,19.62,19.68,19.62,19.68,1.0
12:46,19.67,19.67,19.62,19.62,1.0
12:47,19.74,19.74,19.68,19.68,1.0
12:48,19.82,19.82,19.74,19.74,1.0
12:49,19.91,19.92,19.82,19.82,1.0
12:50,20.09,20.09,19.94,19.94,1.0
12:51,20.27,20.27,20.11,20.12,1.0
12:52,20.13,20.24,20.13,20.24,1.0
12:53,20.04,20.13,20.02,20.13,1.0
12:54,20.08,20.1,20.05,20.05,1.0
12:55,20.05,20.08,20.05,20.05,1.0
12:56,20.12,20.15,20.04,20.04,1.0
12:57,20.15,20.15,20.04,20.07,1.0
12:58,20.16,20.16,20.09,20.09,1.0
12:59,20.14,20.16,20.14,20.15,1.0
13:00,20.2,20.2,20.09,20.09,1.0
13:01,20.26,20.26,20.21,20.21,1.0
13:02,20.37,20.37,20.31,20.31,1.0
13:03,20.43,20.43,20.36,20.36,1.0
13:04,20.46,20.46,20.43,20.45,1.0
13:05,20.54,20.54,20.47,20.47,1.0
13:06,20.54,20.57,20.52,20.57,1.0
13:07,20.39,20.52,20.39,20.52,1.0
13:08,20.5,20.5,20.42,20.42,1.0
13:09,20.46,20.49,20.45,20.49,1.0
13:10,20.4,20.41,20.34,20.38,1.0
13:11,20.4,20.44,20.4,20.4,1.0
13:12,20.19,20.39,20.19,20.39,1.0
13:13,20.16,20.18,20.12,20.18,1.0
13:14,20.07,20.13,20.07,20.13,1.0
13:15,20.16,20.19,20.06,20.06,1.0
13:16,20.2,20.2,20.15,20.16,1.0
13:17,20.29,20.29,20.19,20.22,1.0
13:18,20.41,20.41,20.31,20.35,1.0
13:19,20.41,20.41,20.37,20.38,1.0
13:20,20.43,20.43,20.38,20.38,1.0
13:21,20.45,20.46,20.45,20.45,1.0
13:22,20.5,20.52,20.45,20.45,1.0
13:23,20.55,20.56,20.55,20.55,1.0
13:24,20.51,20.53,20.51,20.53,1.0
13:25,20.51,20.51,20.47,20.49,1.0
13:26,20.54,20.56,20.54,20.56,1.0
13:27,20.48,20.54,20.47,20.54,1.0
13:28,20.45,20.49,20.45,20.45,1.0
13:29,20.41,20.45,20.41,20.43,1.0
13:30,20.3,20.38,20.3,20.38,1.0
13:31,20.44,20.47,20.29,20.29,1.0
13:32,20.31,20.43,20.31,20.43,1.0
13:33,20.26,20.33,20.26,20.3,1.0
13:34,20.33,20.33,20.24,20.24,1.0
13:35,20.32,20.32,20.3,20.31,1.0
13:36,20.42,20.45,20.35,20.35,1.0
13:37,20.48,20.48,20.45,20.45,1.0
13:38,20.51,20.56,20.5,20.5,1.0
13:39,20.55,20.57,20.54,20.57,1.0
13:40,20.55,20.59,20.54,20.54,1.0
13:41,20.6,20.63,20.6,20.61,1.0
13:42,20.63,20.65,20.6,20.6,1.0
13:43,20.68,20.69,20.64,20.64,1.0
13:44,20.67,20.67,20.66,20.67,1.0
13:45,20.64,20.69,20.64,20.69,1.0
13:46,20.72,20.72,20.64,20.64,1.0
13:47,20.77,20.77,20.7,20.73,1.0
13:48,20.76,20.77,20.75,20.75,1.0
13:49,20.76,20.77,20.76,20.77,1.0
13:50,20.64,20.74,20.64,20.74,1.0
13:51,20.61,20.67,20.61,20.67,1.0
13:52,20.51,20.55,20.51,20.54,1.0
13:53,20.42,20.49,20.42,20.49,1.0
13:54,20.39,20.42,20.39,20.39,1.0
13:55,20.36,20.38,20.36,20.38,1.0
13:56,20.43,20.44,20.38,20.38,1.0
13:57,20.54,20.54,20.44,20.44,1.0
13:58,20.5,20.54,20.49,20.54,1.0
13:59,20.5,20.51,20.49,20.49,1.0
14:00,20.5,20.5,20.46,20.5,1.0
14:01,20.55,20.57,20.5,20.5,1.0
14:02,20.53,20.55,20.49,20.55,1.0
14:03,20.51,20.52,20.5,20.52,1.0
14:04,20.61,20.61,20.51,20.51,1.0
14:05,20.71,20.71,20.61,20.61,1.0
14:06,20.58,20.71,20.58,20.71,1.0
14:07,20.67,20.67,20.6,20.6,1.0
14:08,20.72,20.72,20.67,20.67,1.0
14:09,20.72,20.78,20.72,20.74,1.0
14:10,20.59,20.71,20.59,20.71,1.0
14:11,20.7,20.7,20.63,20.63,1.0
14:12,20.63,20.74,20.63,20.74,1.0
14:13,20.63,20.63,20.6,20.61,1.0
14:14,20.6,20.64,20.6,20.64,1.0
14:15,20.54,20.59,20.52,20.59,1.0
14:16,20.49,20.5,20.48,20.48,1.0
14:17,20.58,20.58,20.51,20.51,1.0
14:18,20.51,20.56,20.51,20.56,1.0
14:19,20.52,20.56,20.49,20.49,1.0
14:20,20.45,20.52,20.45,20.52,1.0
14:21,20.41,20.41,20.4,20.41,1.0
14:22,20.36,20.42,20.36,20.4,1.0
14:23,20.23,20.33,20.23,20.33,1.0
14:24,20.16,20.22,20.16,20.22,1.0
14:25,20.26,20.26,20.18,20.18,1.0
14:26,20.22,20.26,20.2,20.26,1.0
14:27,20.23,20.25,20.22,20.25,1.0
14:28,20.19,20.19,20.19,20.19,1.0
14:29,20.13,20.16,20.11,20.16,1.0
14:30,20.06,20.11,20.06,20.11,1.0
14:31,20.14,20.14,20.04,20.04,1.0
14:32,20.1,20.14,20.1,20.14,1.0
14:33,20.13,20.13,20.1,20.11,1.0
14:34,20.08,20.09,20.07,20.09,1.0
14:35,20.08,20.1,20.08,20.08,1.0
14:36,20.05,20.06,20.05,20.06,1.0
14:37,20.03,20.05,20.02,20.02,1.0
14:38,20.02,20.03,20.01,20.01,1.0
14:39,19.96,20.01,19.96,20.01,1.0
14:40,19.99,19.99,19.98,19.98,1.0
14:41,20.01,20.02,20.0,20.0,1.0
14:42,19.96,20.0,19.96,19.99,1.0
14:43,19.98,19.98,19.95,19.95,1.0
14:44,19.97,19.98,19.96,19.98,1.0
14:45,19.89,19.96,19.89,19.96,1.0
14:46,19.82,19.9,19.82,19.9,1.0
14:47,19.78,19.81,19.78,19.81,1.0
14:48,19.86,19.86,19.79,19.79,1.0
14:49,19.89,19.92,19.89,19.92,1.0
14:50,19.87,19.9,19.86,19.89,1.0
14:51,19.82,19.86,19.82,19.86,1.0
14:52,19.77,19.82,19.77,19.82,1.0
14:53,19.76,19.8,19.76,19.76,1.0
14:54,19.79,19.79,19.75,19.75,1.0
14:55,19.81,19.81,19.78,19.78,1.0
14:56,19.83,19.83,19.8,19.81,1.0
14:57,19.72,19.81,19.72,19.81,1.0
14:58,19.67,19.7,19.67,19.7,1.0
14:59,19.63,19.7,19.63,19.7,1.0
15:00,19.62,19.66,19.62,19.66,1.0
15:01,19.62,19.67,19.62,19.65,1.0
15:02,19.56,19.61,19.56,19.61,1.0
15:03,19.67,19.67,19.59,19.59,1.0
15:04,19.68,19.71,19.68,19.7,1.0
15:05,19.73,19.73,19.68,19.68,1.0
15:06,19.82,19.82,19.73,19.73,1.0
15:07,19.87,19.87,19.82,19.82,1.0
15:08,19.84,19.89,19.84,19.88,1.0
15:09,19.82,19.87,19.82,19.84,1.0
15:10,19.73,19.82,19.71,19.82,1.0
15:11,19.75,19.75,19.72,19.72,1.0
15:12,19.82,19.88,19.82,19.85,1.0
15:13,19.88,19.88,19.83,19.83,1.0
15:14,19.91,19.91,19.87,19.87,1.0
15:15,19.93,19.93,19.87,19.89,1.0
15:16,19.94,19.94,19.93,19.93,1.0
15:17,19.92,19.93,19.9,19.9,1.0
15:18,20.05,20.05,19.93,19.93,1.0
15:19,20.06,20.07,20.05,20.05,1.0
15:20,20.04,20.07,20.03,20.07,1.0
15:21,20.16,20.16,20.04,20.04,1.0
15:22,20.21,20.22,20.17,20.17,1.0
15:23,20.14,20.23,20.14,20.21,1.0
15:24,20.13,20.18,20.13,20.17,1.0
15:25,20.13,20.13,20.13,20.13,1.0
15:26,20.17,20.17,20.1,20.12,1.0
15:27,20.23,20.23,20.15,20.15,1.0
15:28,20.19,20.22,20.16,20.22,1.0
15:29,20.13,20.17,20.13,20.17,1.0
15:30,20.21,20.21,20.15,20.15,1.0
15:31,20.19,20.19,20.18,20.18,1.0
15:32,20.08,20.17,20.08,20.17,1.0
15:33,20.08,20.08,20.05,20.05,1.0
15:34,20.07,20.07,20.02,20.02,1.0
15:35,19.98,20.05,19.98,20.05,1.0
15:36,19.97,20.01,19.97,20.0,1.0
15:37,19.95,20.0,19.95,19.99,1.0
15:38,19.94,19.95,19.89,19.92,1.0
15:39,19.92,19.95,19.92,19.95,1.0
15:40,20.01,20.01,19.91,19.91,1.0
15:41,20.11,20.13,19.98,20.01,1.0
15:42,20.13,20.15,20.13,20.15,1.0
15:43,20.13,20.14,20.11,20.11,1.0
15:44,20.14,20.15,20.13,20.13,1.0
15:45,20.07,20.16,20.07,20.16,1.0
15:46,20.11,20.12,20.08,20.08,1.0
15:47,20.18,20.18,20.11,20.11,1.0
15:48,20.25,20.25,20.16,20.2,1.0
15:49,20.3,20.33,20.29,20.29,1.0
15:50,20.26,20.35,20.26,20.35,1.0
15:51,20.15,20.23,20.15,20.23,1.0
15:52,20.23,20.23,20.15,20.15,1.0
15:53,20.16,20.26,20.16,20.26,1.0
15:54,20.18,20.21,20.14,20.14,1.0
15:55,20.13,20.21,20.12,20.21,1.0
15:56,20.14,20.16,20.13,20.14,1.0
15:57,20.2,20.2,20.17,20.17,1.0
15:58,20.19,20.2,20.19,20.2,1.0
15:59,20.16,20.22,20.16,20.2,1.0
