Time,Close,High,Low,Open,Volume
09:30,8.4,8.4,8.38,8.4,718484.0
09:31,8.37,8.4,8.37,8.4,23526.0
09:32,8.4,8.4,8.36,8.38,68770.0
09:33,8.41,8.42,8.4,8.4,10403.0
09:34,8.39,8.41,8.38,8.41,33660.0
09:35,8.4,8.4,8.39,8.39,49701.0
09:36,8.4,8.4,8.39,8.4,23403.0
09:37,8.41,8.41,8.39,8.39,23844.0
09:38,8.42,8.43,8.41,8.41,15537.0
09:39,8.41,8.43,8.41,8.42,17096.0
09:40,8.4,8.41,8.4,8.41,31107.0
09:41,8.4,8.4,8.4,8.4,6258.0
09:42,8.4,8.4,8.4,8.4,4439.0
09:43,8.4,8.4,8.4,8.4,25093.0
09:44,8.41,8.41,8.39,8.4,29722.0
09:45,8.41,8.41,8.4,8.4,37168.0
09:46,8.42,8.42,8.41,8.41,21027.0
09:47,8.4,8.42,8.4,8.41,44184.0
09:48,8.4,8.41,8.4,8.4,12284.0
09:49,8.4,8.4,8.39,8.4,72894.0
09:50,8.39,8.4,8.38,8.4,26791.0
09:51,8.39,8.39,8.38,8.39,19969.0
09:52,8.38,8.39,8.38,8.39,7282.0
09:53,8.4,8.4,8.38,8.38,51282.0
09:54,8.4,8.4,8.39,8.4,63646.0
09:55,8.4,8.4,8.39,8.39,25222.0
09:56,8.4,8.4,8.39,8.4,8896.0
09:57,8.4,8.41,8.39,8.4,47813.0
09:58,8.4,8.41,8.4,8.4,56021.0
09:59,8.41,8.41,8.4,8.4,19634.0
10:00,8.42,8.43,8.41,8.42,31357.0
10:01,8.43,8.43,8.42,8.43,11069.0
10:02,8.44,8.44,8.42,8.43,47549.0
10:03,8.44,8.44,8.43,8.44,9730.0
10:04,8.44,8.44,8.44,8.44,21266.0
10:05,8.43,8.44,8.42,8.44,577551.0
10:06,8.42,8.43,8.42,8.43,37228.0
10:07,8.44,8.44,8.42,8.42,58552.0
10:08,8.44,8.44,8.44,8.44,14157.0
10:09,8.44,8.45,8.44,8.44,47522.0
10:10,8.44,8.44,8.43,8.44,56443.0
10:11,8.44,8.45,8.43,8.44,112479.0
10:12,8.42,8.44,8.42,8.44,8725.0
10:13,8.42,8.43,8.42,8.42,11233.0
10:14,8.43,8.43,8.42,8.43,12159.0
10:15,8.44,8.44,8.42,8.42,35242.0
10:16,8.45,8.45,8.44,8.44,46800.0
10:17,8.44,8.45,8.44,8.45,9049.0
10:18,8.44,8.45,8.44,8.45,2947.0
10:19,8.43,8.44,8.42,8.44,52186.0
10:20,8.43,8.43,8.42,8.43,9792.0
10:21,8.44,8.44,8.42,8.42,26006.0
10:22,8.44,8.44,8.43,8.43,14249.0
10:23,8.43,8.44,8.43,8.44,15046.0
10:24,8.45,8.45,8.44,8.44,80894.0
10:25,8.46,8.46,8.44,8.45,45687.0
10:26,8.45,8.46,8.45,8.46,8831.0
10:27,8.45,8.46,8.45,8.45,4522.0
10:28,8.46,8.47,8.45,8.45,20594.0
10:29,8.47,8.47,8.46,8.46,18494.0
10:30,8.47,8.47,8.46,8.47,13112.0
10:31,8.48,8.48,8.47,8.47,34312.0
10:32,8.48,8.48,8.47,8.48,12581.0
10:33,8.48,8.48,8.47,8.48,5562.0
10:34,8.48,8.48,8.47,8.48,24554.0
10:35,8.47,8.48,8.47,8.47,10182.0
10:36,8.47,8.48,8.46,8.47,44090.0
10:37,8.46,8.47,8.46,8.47,10839.0
10:38,8.47,8.47,8.45,8.47,54896.0
10:39,8.47,8.47,8.46,8.47,9949.0
10:40,8.48,8.48,8.47,8.47,92694.0
10:41,8.47,8.48,8.46,8.48,26697.0
10:42,8.47,8.47,8.46,8.47,18853.0
10:43,8.47,8.47,8.46,8.46,49920.0
10:44,8.47,8.47,8.46,8.47,15997.0
10:45,8.48,8.48,8.46,8.46,42801.0
10:46,8.47,8.48,8.47,8.48,4609.0
10:47,8.47,8.48,8.47,8.48,9698.0
10:48,8.48,8.48,8.47,8.48,14948.0
10:49,8.48,8.48,8.47,8.47,16050.0
10:50,8.48,8.48,8.47,8.48,10298.0
10:51,8.48,8.48,8.47,8.47,9572.0
10:52,8.48,8.48,8.48,8.48,88637.0
10:53,8.47,8.48,8.47,8.47,49854.0
10:54,8.48,8.48,8.47,8.47,16545.0
10:55,8.48,8.48,8.47,8.47,13642.0
10:56,8.48,8.49,8.48,8.48,35542.0
10:57,8.48,8.49,8.48,8.48,4515.0
10:58,8.48,8.49,8.48,8.48,45539.0
10:59,8.47,8.48,8.47,8.47,2802.0
11:00,8.47,8.48,8.47,8.47,3543.0
11:01,8.47,8.48,8.47,8.47,59672.0
11:02,8.47,8.47,8.46,8.47,15861.0
11:03,8.48,8.48,8.46,8.47,87373.0
11:04,8.48,8.48,8.48,8.48,8091.0
11:05,8.48,8.48,8.47,8.48,15135.0
11:06,8.48,8.48,8.47,8.48,85399.0
11:07,8.47,8.48,8.47,8.48,17030.0
11:08,8.48,8.48,8.47,8.48,10281.0
11:09,8.48,8.48,8.47,8.48,7186.0
11:10,8.46,8.48,8.46,8.48,94365.0
11:11,8.45,8.46,8.45,8.46,48579.0
11:12,8.47,8.47,8.45,8.45,46692.0
11:13,8.47,8.47,8.46,8.46,9643.0
11:14,8.45,8.47,8.45,8.47,48595.0
11:15,8.47,8.47,8.45,8.45,55227.0
11:16,8.47,8.47,8.47,8.47,5203.0
11:17,8.47,8.47,8.46,8.46,8658.0
11:18,8.44,8.47,8.44,8.47,82960.0
11:19,8.44,8.45,8.44,8.44,66981.0
11:20,8.45,8.45,8.44,8.44,93211.0
11:21,8.45,8.46,8.45,8.45,6635.0
11:22,8.46,8.46,8.45,8.45,9249.0
11:23,8.45,8.46,8.45,8.46,48005.0
11:24,8.46,8.46,8.45,8.46,6451.0
11:25,8.47,8.47,8.45,8.45,35272.0
11:26,8.47,8.47,8.46,8.47,52569.0
11:27,8.47,8.47,8.46,8.47,4755.0
11:28,8.47,8.47,8.47,8.47,5633.0
11:29,8.47,8.47,8.46,8.47,74618.0
11:30,8.48,8.48,8.47,8.47,82093.0
11:31,8.48,8.48,8.47,8.47,7075.0
11:32,8.48,8.48,8.47,8.48,39932.0
11:33,8.48,8.49,8.47,8.47,79829.0
11:34,8.48,8.49,8.48,8.48,16576.0
11:35,8.49,8.49,8.48,8.48,5892.0
11:36,8.49,8.5,8.48,8.49,50072.0
11:37,8.48,8.49,8.48,8.49,51423.0
11:38,8.48,8.49,8.48,8.48,63576.0
11:39,8.48,8.49,8.48,8.49,8178.0
11:40,8.49,8.49,8.48,8.48,7756.0
11:41,8.48,8.49,8.48,8.48,38131.0
11:42,8.49,8.5,8.48,8.49,134272.0
11:43,8.49,8.49,8.49,8.49,11455.0
11:44,8.49,8.5,8.49,8.5,42549.0
11:45,8.49,8.5,8.49,8.49,11331.0
11:46,8.5,8.5,8.49,8.49,11098.0
11:47,8.51,8.51,8.49,8.5,88988.0
11:48,8.51,8.51,8.5,8.51,32779.0
11:49,8.52,8.52,8.5,8.51,43555.0
11:50,8.52,8.53,8.51,8.52,167941.0
11:51,8.52,8.53,8.52,8.52,23827.0
11:52,8.52,8.53,8.52,8.53,40480.0
11:53,8.52,8.53,8.52,8.52,14027.0
11:54,8.52,8.53,8.52,8.52,17026.0
11:55,8.53,8.54,8.52,8.52,39018.0
11:56,8.55,8.55,8.53,8.53,107732.0
11:57,8.55,8.55,8.54,8.55,14121.0
11:58,8.55,8.55,8.54,8.55,15542.0
11:59,8.55,8.56,8.55,8.55,57637.0
12:00,8.56,8.56,8.56,8.56,144667.0
12:01,8.56,8.56,8.55,8.56,76721.0
12:02,8.56,8.56,8.55,8.56,69294.0
12:03,8.54,8.56,8.54,8.55,69693.0
12:04,8.55,8.55,8.55,8.55,6751.0
12:05,8.55,8.55,8.54,8.54,11359.0
12:06,8.55,8.55,8.55,8.55,110364.0
12:07,8.55,8.55,8.54,8.55,35990.0
12:08,8.55,8.55,8.54,8.54,12555.0
12:09,8.55,8.55,8.54,8.54,9130.0
12:10,8.55,8.55,8.55,8.55,5419.0
12:11,8.54,8.55,8.54,8.55,117405.0
12:12,8.56,8.56,8.55,8.55,47341.0
12:13,8.56,8.56,8.55,8.55,27734.0
12:14,8.56,8.56,8.56,8.56,5654.0
12:15,8.55,8.56,8.55,8.56,12134.0
12:16,8.56,8.56,8.55,8.56,25934.0
12:17,8.54,8.56,8.54,8.55,104144.0
12:18,8.54,8.55,8.54,8.54,4953.0
12:19,8.55,8.55,8.54,8.54,27735.0
12:20,8.53,8.54,8.53,8.54,38099.0
12:21,8.53,8.53,8.52,8.53,33733.0
12:22,8.52,8.52,8.52,8.52,9968.0
12:23,8.52,8.53,8.52,8.52,67822.0
12:24,8.54,8.54,8.52,8.52,58608.0
12:25,8.54,8.54,8.53,8.54,22393.0
12:26,8.54,8.54,8.53,8.53,39767.0
12:27,8.53,8.54,8.53,8.53,13032.0
12:28,8.53,8.54,8.53,8.54,8293.0
12:29,8.54,8.54,8.52,8.53,127406.0
12:30,8.54,8.54,8.53,8.53,21453.0
12:31,8.53,8.54,8.53,8.53,64279.0
12:32,8.54,8.54,8.53,8.53,28558.0
12:33,8.53,8.53,8.53,8.53,3830.0
12:34,8.53,8.53,8.53,8.53,9939.0
12:35,8.53,8.54,8.52,8.53,274636.0
12:36,8.54,8.54,8.53,8.53,76453.0
12:37,8.53,8.54,8.53,8.54,3069.0
12:38,8.53,8.54,8.52,8.53,83556.0
12:39,8.53,8.54,8.52,8.53,77541.0
12:40,8.53,8.54,8.53,8.53,17259.0
12:41,8.53,8.53,8.53,8.53,5960.0
12:42,8.54,8.54,8.53,8.54,17719.0
12:43,8.53,8.54,8.53,8.53,10537.0
12:44,8.52,8.53,8.52,8.53,30012.0
12:45,8.52,8.52,8.52,8.52,10614.0
12:46,8.51,8.52,8.51,8.52,48725.0
12:47,8.52,8.52,8.51,8.52,8722.0
12:48,8.52,8.52,8.51,8.52,40500.0
12:49,8.52,8.52,8.51,8.52,7696.0
12:50,8.52,8.52,8.51,8.52,10335.0
12:51,8.51,8.52,8.51,8.52,11175.0
12:52,8.51,8.51,8.5,8.51,34106.0
12:53,8.51,8.51,8.5,8.51,21419.0
12:54,8.51,8.51,8.5,8.5,24772.0
12:55,8.51,8.51,8.5,8.5,27604.0
12:56,8.51,8.51,8.5,8.51,13720.0
12:57,8.51,8.51,8.5,8.5,9613.0
12:58,8.51,8.51,8.5,8.5,11969.0
12:59,8.51,8.51,8.51,8.51,75191.0
13:00,8.52,8.52,8.51,8.51,77390.0
13:01,8.51,8.52,8.5,8.52,45515.0
13:02,8.51,8.51,8.5,8.51,9668.0
13:03,8.51,8.51,8.49,8.5,178989.0
13:04,8.5,8.51,8.49,8.5,65287.0
13:05,8.49,8.49,8.49,8.49,6723.0
13:06,8.5,8.5,8.49,8.49,69293.0
13:07,8.49,8.5,8.49,8.49,5149.0
13:08,8.5,8.5,8.49,8.49,4900.0
13:09,8.49,8.49,8.49,8.49,4631.0
13:10,8.48,8.49,8.48,8.49,37437.0
13:11,8.49,8.49,8.48,8.49,30969.0
13:12,8.48,8.48,8.48,8.48,8917.0
13:13,8.48,8.49,8.48,8.48,6801.0
13:14,8.48,8.48,8.48,8.48,9286.0
13:15,8.48,8.48,8.48,8.48,1104.0
13:16,8.48,8.49,8.48,8.48,11651.0
13:17,8.48,8.49,8.48,8.49,17292.0
13:18,8.48,8.49,8.48,8.48,15870.0
13:19,8.48,8.49,8.48,8.48,12638.0
13:20,8.48,8.48,8.48,8.48,5445.0
13:21,8.48,8.49,8.48,8.48,10683.0
13:22,8.48,8.49,8.48,8.48,19463.0
13:23,8.49,8.5,8.48,8.49,151881.0
13:24,8.49,8.5,8.49,8.49,35453.0
13:25,8.49,8.5,8.49,8.49,15843.0
13:26,8.48,8.5,8.48,8.49,38456.0
13:27,8.48,8.49,8.48,8.48,11209.0
13:28,8.48,8.49,8.48,8.48,9560.0
13:29,8.5,8.5,8.48,8.48,73925.0
13:30,8.5,8.5,8.49,8.49,23715.0
13:31,8.5,8.5,8.49,8.5,5124.0
13:32,8.49,8.5,8.49,8.5,6124.0
13:33,8.5,8.5,8.49,8.5,11390.0
13:34,8.49,8.5,8.49,8.49,14968.0
13:35,8.49,8.5,8.49,8.5,5023.0
13:36,8.5,8.5,8.49,8.5,102785.0
13:37,8.51,8.51,8.49,8.5,142019.0
13:38,8.5,8.51,8.5,8.5,22912.0
13:39,8.51,8.51,8.51,8.51,3297.0
13:40,8.51,8.51,8.5,8.5,4436.0
13:41,8.5,8.51,8.5,8.51,7125.0
13:42,8.5,8.51,8.5,8.51,28792.0
13:43,8.5,8.51,8.5,8.5,37001.0
13:44,8.51,8.51,8.5,8.51,5692.0
13:45,8.51,8.51,8.5,8.51,33462.0
13:46,8.5,8.51,8.5,8.5,17722.0
13:47,8.51,8.51,8.5,8.5,31336.0
13:48,8.5,8.52,8.5,8.51,281071.0
13:49,8.5,8.51,8.5,8.51,7676.0
13:50,8.5,8.51,8.5,8.51,6098.0
13:51,8.51,8.51,8.51,8.51,3389.0
13:52,8.51,8.51,8.5,8.5,3707.0
13:53,8.51,8.51,8.5,8.51,11509.0
13:54,8.51,8.51,8.5,8.5,26468.0
13:55,8.51,8.51,8.5,8.51,20221.0
13:56,8.49,8.51,8.49,8.51,58169.0
13:57,8.49,8.5,8.49,8.49,16186.0
13:58,8.51,8.51,8.49,8.49,142462.0
13:59,8.51,8.51,8.5,8.51,20860.0
14:00,8.51,8.51,8.51,8.51,41220.0
14:01,8.51,8.51,8.5,8.51,94729.0
14:02,8.49,8.51,8.49,8.5,66051.0
14:03,8.49,8.5,8.49,8.5,43833.0
14:04,8.5,8.5,8.49,8.49,11908.0
14:05,8.5,8.51,8.49,8.49,94931.0
14:06,8.5,8.51,8.5,8.51,1927.0
14:07,8.5,8.51,8.5,8.51,11100.0
14:08,8.5,8.51,8.5,8.51,18363.0
14:09,8.5,8.51,8.5,8.51,11276.0
14:10,8.49,8.51,8.49,8.5,66154.0
14:11,8.49,8.5,8.49,8.49,10319.0
14:12,8.49,8.49,8.49,8.49,4350.0
14:13,8.49,8.5,8.49,8.5,15411.0
14:14,8.49,8.5,8.49,8.49,8259.0
14:15,8.49,8.5,8.49,8.49,92794.0
14:16,8.49,8.5,8.49,8.5,72820.0
14:17,8.49,8.49,8.49,8.49,7677.0
14:18,8.48,8.49,8.48,8.49,110300.0
14:19,8.49,8.49,8.48,8.48,168175.0
14:20,8.5,8.5,8.49,8.49,5899.0
14:21,8.49,8.49,8.49,8.49,17136.0
14:22,8.49,8.49,8.49,8.49,11590.0
14:23,8.49,8.5,8.49,8.49,15482.0
14:24,8.49,8.49,8.49,8.49,10164.0
14:25,8.49,8.5,8.49,8.49,44733.0
14:26,8.49,8.5,8.49,8.49,20850.0
14:27,8.49,8.5,8.49,8.49,34720.0
14:28,8.49,8.5,8.49,8.49,11550.0
14:29,8.49,8.5,8.49,8.49,19975.0
14:30,8.48,8.49,8.48,8.49,320708.0
14:31,8.48,8.48,8.48,8.48,31199.0
14:32,8.48,8.49,8.48,8.48,176497.0
14:33,8.47,8.48,8.47,8.48,191449.0
14:34,8.47,8.48,8.47,8.48,81728.0
14:35,8.48,8.48,8.47,8.48,81850.0
14:36,8.48,8.48,8.47,8.48,59143.0
14:37,8.48,8.48,8.47,8.47,108982.0
14:38,8.48,8.48,8.47,8.48,25049.0
14:39,8.48,8.48,8.47,8.48,87300.0
14:40,8.47,8.48,8.47,8.47,31694.0
14:41,8.47,8.48,8.47,8.47,13979.0
14:42,8.47,8.48,8.47,8.48,163976.0
14:43,8.46,8.47,8.46,8.47,61605.0
14:44,8.47,8.47,8.46,8.47,13158.0
14:45,8.46,8.47,8.46,8.46,10656.0
14:46,8.47,8.47,8.46,8.46,47826.0
14:47,8.48,8.48,8.46,8.47,123903.0
14:48,8.48,8.48,8.48,8.48,30219.0
14:49,8.48,8.48,8.48,8.48,57487.0
14:50,8.48,8.49,8.48,8.48,34333.0
14:51,8.49,8.49,8.48,8.48,7450.0
14:52,8.48,8.49,8.48,8.48,3486.0
14:53,8.48,8.49,8.48,8.48,19832.0
14:54,8.48,8.48,8.47,8.48,84154.0
14:55,8.48,8.48,8.47,8.48,10123.0
14:56,8.48,8.48,8.47,8.48,17930.0
14:57,8.48,8.48,8.48,8.48,11262.0
14:58,8.47,8.48,8.47,8.48,9338.0
14:59,8.48,8.48,8.47,8.47,10630.0
15:00,8.48,8.49,8.48,8.48,54286.0
15:01,8.48,8.49,8.48,8.49,6410.0
15:02,8.48,8.49,8.48,8.49,13093.0
15:03,8.48,8.49,8.48,8.48,19037.0
15:04,8.48,8.49,8.48,8.48,23747.0
15:05,8.48,8.49,8.48,8.49,6470.0
15:06,8.48,8.49,8.48,8.48,30248.0
15:07,8.48,8.49,8.48,8.48,28324.0
15:08,8.48,8.49,8.48,8.48,15484.0
15:09,8.48,8.49,8.48,8.48,11294.0
15:10,8.48,8.49,8.48,8.49,12278.0
15:11,8.48,8.49,8.48,8.48,9006.0
15:12,8.48,8.49,8.48,8.48,10980.0
15:13,8.48,8.49,8.48,8.48,5738.0
15:14,8.48,8.48,8.47,8.48,118849.0
15:15,8.47,8.48,8.47,8.48,18551.0
15:16,8.47,8.48,8.47,8.48,7317.0
15:17,8.47,8.48,8.47,8.48,8087.0
15:18,8.48,8.48,8.47,8.48,9277.0
15:19,8.47,8.48,8.47,8.47,6886.0
15:20,8.48,8.48,8.47,8.48,11003.0
15:21,8.48,8.48,8.47,8.47,8344.0
15:22,8.47,8.48,8.47,8.48,15455.0
15:23,8.47,8.48,8.47,8.47,7805.0
15:24,8.47,8.47,8.46,8.47,95307.0
15:25,8.47,8.47,8.47,8.47,10174.0
15:26,8.46,8.47,8.46,8.47,26089.0
15:27,8.46,8.47,8.46,8.47,13613.0
15:28,8.46,8.47,8.46,8.47,15080.0
15:29,8.46,8.47,8.46,8.47,16307.0
15:30,8.46,8.47,8.45,8.46,220180.0
15:31,8.46,8.47,8.45,8.46,49469.0
15:32,8.45,8.46,8.45,8.45,22117.0
15:33,8.46,8.47,8.45,8.45,114772.0
15:34,8.47,8.47,8.46,8.47,17572.0
15:35,8.47,8.47,8.46,8.47,35451.0
15:36,8.47,8.47,8.47,8.47,14968.0
15:37,8.47,8.47,8.46,8.47,17700.0
15:38,8.47,8.47,8.46,8.47,11585.0
15:39,8.47,8.47,8.46,8.47,20705.0
15:40,8.47,8.47,8.46,8.47,21348.0
15:41,8.46,8.47,8.46,8.47,34899.0
15:42,8.47,8.47,8.46,8.46,23766.0
15:43,8.47,8.47,8.46,8.47,43778.0
15:44,8.47,8.47,8.46,8.47,19499.0
15:45,8.47,8.47,8.46,8.47,67779.0
15:46,8.48,8.48,8.47,8.47,115111.0
15:47,8.48,8.48,8.47,8.48,21374.0
15:48,8.48,8.48,8.47,8.48,19165.0
15:49,8.48,8.48,8.48,8.48,26972.0
15:50,8.48,8.48,8.46,8.47,199119.0
15:51,8.48,8.48,8.47,8.48,48807.0
15:52,8.48,8.48,8.47,8.47,98156.0
15:53,8.48,8.48,8.47,8.47,76203.0
15:54,8.47,8.48,8.47,8.48,67166.0
15:55,8.48,8.49,8.47,8.47,324206.0
15:56,8.48,8.48,8.47,8.48,56778.0
15:57,8.48,8.49,8.48,8.48,234108.0
15:58,8.48,8.49,8.48,8.48,168827.0
15:59,8.49,8.5,8.48,8.48,454541.0
