Time,Close,High,Low,Open,Volume
09:30,8.57,8.6,8.53,8.55,687378.0
09:31,8.6,8.62,8.57,8.57,234039.0
09:32,8.66,8.66,8.6,8.6,172227.0
09:33,8.66,8.69,8.65,8.65,115866.0
09:34,8.66,8.68,8.65,8.66,62272.0
09:35,8.69,8.69,8.66,8.66,96037.0
09:36,8.73,8.74,8.68,8.69,152772.0
09:37,8.73,8.75,8.72,8.73,170454.0
09:38,8.69,8.73,8.69,8.73,102508.0
09:39,8.69,8.71,8.69,8.69,116560.0
09:40,8.7,8.71,8.69,8.69,40666.0
09:41,8.73,8.73,8.7,8.7,72651.0
09:42,8.7,8.73,8.7,8.73,82568.0
09:43,8.64,8.7,8.62,8.7,269229.0
09:44,8.62,8.65,8.62,8.64,131983.0
09:45,8.64,8.64,8.62,8.62,96111.0
09:46,8.61,8.64,8.61,8.64,88915.0
09:47,8.65,8.65,8.61,8.61,45670.0
09:48,8.63,8.64,8.62,8.64,114559.0
09:49,8.61,8.64,8.6,8.64,95856.0
09:50,8.6,8.61,8.6,8.6,66364.0
09:51,8.6,8.61,8.6,8.6,30507.0
09:52,8.61,8.62,8.6,8.6,67658.0
09:53,8.62,8.63,8.6,8.61,107056.0
09:54,8.65,8.65,8.62,8.62,118617.0
09:55,8.66,8.67,8.65,8.65,179493.0
09:56,8.65,8.66,8.65,8.66,40240.0
09:57,8.66,8.66,8.65,8.65,32959.0
09:58,8.66,8.67,8.65,8.66,54383.0
09:59,8.68,8.68,8.66,8.66,79331.0
10:00,8.66,8.68,8.66,8.67,183654.0
10:01,8.67,8.68,8.66,8.66,33495.0
10:02,8.68,8.69,8.67,8.68,134625.0
10:03,8.68,8.68,8.67,8.67,66563.0
10:04,8.69,8.69,8.67,8.68,36523.0
10:05,8.69,8.7,8.69,8.69,94326.0
10:06,8.69,8.71,8.69,8.69,56517.0
10:07,8.67,8.69,8.66,8.69,136702.0
10:08,8.66,8.67,8.66,8.66,17211.0
10:09,8.65,8.66,8.65,8.66,37860.0
10:10,8.65,8.66,8.65,8.65,34409.0
10:11,8.65,8.66,8.65,8.66,115893.0
10:12,8.65,8.66,8.64,8.66,104908.0
10:13,8.65,8.65,8.64,8.65,32202.0
10:14,8.64,8.65,8.63,8.65,120728.0
10:15,8.64,8.64,8.63,8.64,31054.0
10:16,8.64,8.64,8.63,8.64,98640.0
10:17,8.65,8.65,8.63,8.63,39095.0
10:18,8.65,8.65,8.65,8.65,23474.0
10:19,8.65,8.65,8.65,8.65,73593.0
10:20,8.65,8.66,8.65,8.65,19461.0
10:21,8.66,8.66,8.65,8.66,30632.0
10:22,8.67,8.67,8.65,8.66,30225.0
10:23,8.67,8.67,8.66,8.66,9614.0
10:24,8.67,8.68,8.66,8.67,100356.0
10:25,8.67,8.68,8.67,8.67,48063.0
10:26,8.68,8.68,8.67,8.68,17463.0
10:27,8.68,8.68,8.67,8.68,40344.0
10:28,8.68,8.68,8.67,8.67,21163.0
10:29,8.69,8.69,8.67,8.68,57491.0
10:30,8.7,8.7,8.68,8.69,98506.0
10:31,8.69,8.7,8.69,8.69,14604.0
10:32,8.7,8.7,8.69,8.69,28420.0
10:33,8.69,8.7,8.69,8.69,14276.0
10:34,8.69,8.7,8.69,8.69,13421.0
10:35,8.68,8.7,8.68,8.69,35005.0
10:36,8.69,8.69,8.68,8.69,13262.0
10:37,8.69,8.69,8.69,8.69,25115.0
10:38,8.69,8.69,8.68,8.68,37344.0
10:39,8.69,8.69,8.69,8.69,44551.0
10:40,8.7,8.7,8.69,8.69,63701.0
10:41,8.68,8.7,8.68,8.69,44079.0
10:42,8.69,8.69,8.69,8.69,157430.0
10:43,8.69,8.69,8.68,8.69,40428.0
10:44,8.69,8.7,8.69,8.69,38863.0
10:45,8.7,8.7,8.69,8.69,115101.0
10:46,8.69,8.7,8.69,8.7,30600.0
10:47,8.69,8.7,8.69,8.7,31878.0
10:48,8.7,8.7,8.69,8.69,23400.0
10:49,8.68,8.7,8.68,8.69,137265.0
10:50,8.66,8.68,8.66,8.67,37066.0
10:51,8.66,8.67,8.66,8.67,31947.0
10:52,8.66,8.67,8.66,8.66,11240.0
10:53,8.66,8.66,8.66,8.66,10751.0
10:54,8.67,8.67,8.66,8.66,53200.0
10:55,8.67,8.68,8.66,8.66,88330.0
10:56,8.66,8.68,8.66,8.67,60004.0
10:57,8.65,8.66,8.65,8.66,63551.0
10:58,8.66,8.66,8.65,8.65,49515.0
10:59,8.66,8.66,8.65,8.66,16884.0
11:00,8.66,8.66,8.65,8.66,26604.0
11:01,8.66,8.66,8.65,8.65,16085.0
11:02,8.67,8.67,8.65,8.66,78086.0
11:03,8.66,8.67,8.66,8.67,6929.0
11:04,8.66,8.67,8.66,8.66,16060.0
11:05,8.65,8.67,8.65,8.67,55992.0
11:06,8.65,8.66,8.65,8.65,185702.0
11:07,8.67,8.68,8.65,8.65,117007.0
11:08,8.68,8.68,8.67,8.67,43399.0
11:09,8.68,8.68,8.67,8.68,25010.0
11:10,8.69,8.69,8.68,8.68,25478.0
11:11,8.69,8.69,8.69,8.69,3690.0
11:12,8.68,8.69,8.67,8.69,98862.0
11:13,8.68,8.68,8.68,8.68,11166.0
11:14,8.68,8.68,8.67,8.68,62797.0
11:15,8.69,8.69,8.68,8.68,37148.0
11:16,8.69,8.69,8.68,8.68,84341.0
11:17,8.69,8.69,8.68,8.69,54732.0
11:18,8.69,8.7,8.68,8.69,63338.0
11:19,8.69,8.7,8.69,8.69,58245.0
11:20,8.71,8.71,8.69,8.7,54975.0
11:21,8.7,8.71,8.7,8.7,90874.0
11:22,8.71,8.71,8.7,8.71,16438.0
11:23,8.7,8.71,8.7,8.71,20051.0
11:24,8.69,8.71,8.69,8.7,97765.0
11:25,8.68,8.7,8.68,8.69,130693.0
11:26,8.7,8.7,8.68,8.68,102703.0
11:27,8.69,8.7,8.69,8.69,16970.0
11:28,8.7,8.71,8.69,8.69,129336.0
11:29,8.7,8.71,8.7,8.7,14604.0
11:30,8.71,8.71,8.7,8.7,167712.0
11:31,8.7,8.71,8.7,8.71,6239.0
11:32,8.7,8.71,8.7,8.7,14939.0
11:33,8.7,8.71,8.7,8.7,29554.0
11:34,8.71,8.72,8.7,8.7,66468.0
11:35,8.71,8.73,8.71,8.71,393039.0
11:36,8.72,8.72,8.7,8.72,59018.0
11:37,8.71,8.72,8.7,8.71,28089.0
11:38,8.7,8.71,8.7,8.7,26321.0
11:39,8.69,8.71,8.69,8.7,121896.0
11:40,8.7,8.7,8.69,8.69,52482.0
11:41,8.69,8.7,8.69,8.69,50662.0
11:42,8.69,8.7,8.69,8.69,6832.0
11:43,8.69,8.7,8.68,8.69,91015.0
11:44,8.69,8.69,8.69,8.69,228310.0
11:45,8.69,8.69,8.68,8.69,20334.0
11:46,8.69,8.69,8.68,8.69,42111.0
11:47,8.69,8.69,8.69,8.69,10595.0
11:48,8.69,8.69,8.68,8.69,20925.0
11:49,8.69,8.69,8.68,8.69,7859.0
11:50,8.66,8.69,8.66,8.69,78683.0
11:51,8.66,8.66,8.66,8.66,14107.0
11:52,8.67,8.67,8.66,8.67,18081.0
11:53,8.68,8.68,8.66,8.67,305624.0
11:54,8.67,8.68,8.67,8.68,20393.0
11:55,8.68,8.68,8.67,8.68,13745.0
11:56,8.68,8.68,8.67,8.67,22954.0
11:57,8.69,8.69,8.67,8.68,82318.0
11:58,8.69,8.69,8.68,8.68,45443.0
11:59,8.69,8.69,8.68,8.69,42278.0
12:00,8.69,8.69,8.68,8.69,49188.0
12:01,8.69,8.69,8.68,8.69,9396.0
12:02,8.69,8.69,8.68,8.68,41691.0
12:03,8.69,8.69,8.68,8.69,46449.0
12:04,8.69,8.7,8.69,8.69,139474.0
12:05,8.69,8.7,8.69,8.69,16720.0
12:06,8.69,8.7,8.69,8.7,22795.0
12:07,8.69,8.7,8.69,8.69,12574.0
12:08,8.69,8.7,8.69,8.69,30833.0
12:09,8.69,8.7,8.68,8.7,79073.0
12:10,8.69,8.69,8.68,8.69,17404.0
12:11,8.69,8.69,8.68,8.69,15671.0
12:12,8.69,8.69,8.69,8.69,17004.0
12:13,8.68,8.69,8.68,8.69,79898.0
12:14,8.68,8.68,8.68,8.68,21331.0
12:15,8.69,8.69,8.68,8.68,67139.0
12:16,8.69,8.69,8.68,8.69,35415.0
12:17,8.69,8.69,8.68,8.69,16666.0
12:18,8.69,8.69,8.68,8.69,11456.0
12:19,8.69,8.69,8.68,8.69,22660.0
12:20,8.69,8.69,8.68,8.69,14016.0
12:21,8.7,8.7,8.69,8.69,52613.0
12:22,8.7,8.7,8.69,8.7,20626.0
12:23,8.7,8.71,8.69,8.7,81003.0
12:24,8.7,8.71,8.7,8.71,30536.0
12:25,8.69,8.71,8.68,8.71,171825.0
12:26,8.69,8.69,8.68,8.69,7827.0
12:27,8.69,8.69,8.68,8.69,23820.0
12:28,8.69,8.69,8.68,8.69,17460.0
12:29,8.69,8.69,8.69,8.69,72026.0
12:30,8.69,8.69,8.68,8.69,42195.0
12:31,8.69,8.7,8.68,8.69,43425.0
12:32,8.7,8.7,8.69,8.69,31555.0
12:33,8.69,8.7,8.69,8.7,8099.0
12:34,8.69,8.7,8.68,8.7,66998.0
12:35,8.68,8.69,8.68,8.69,7662.0
12:36,8.69,8.69,8.68,8.69,11402.0
12:37,8.69,8.69,8.68,8.69,11279.0
12:38,8.69,8.69,8.69,8.69,8100.0
12:39,8.69,8.69,8.68,8.68,35432.0
12:40,8.69,8.69,8.69,8.69,22247.0
12:41,8.68,8.69,8.68,8.69,33644.0
12:42,8.69,8.69,8.69,8.69,9931.0
12:43,8.69,8.69,8.69,8.69,11581.0
12:44,8.69,8.69,8.69,8.69,12382.0
12:45,8.68,8.69,8.68,8.69,29918.0
12:46,8.69,8.69,8.68,8.68,28712.0
12:47,8.69,8.69,8.69,8.69,28124.0
12:48,8.69,8.7,8.69,8.69,47525.0
12:49,8.69,8.7,8.69,8.69,24224.0
12:50,8.69,8.7,8.68,8.69,90047.0
12:51,8.69,8.7,8.69,8.69,37361.0
12:52,8.69,8.7,8.69,8.69,8246.0
12:53,8.7,8.7,8.69,8.69,7963.0
12:54,8.7,8.71,8.69,8.69,51277.0
12:55,8.69,8.7,8.69,8.7,48499.0
12:56,8.69,8.7,8.69,8.7,7234.0
12:57,8.69,8.7,8.68,8.7,32211.0
12:58,8.69,8.69,8.68,8.69,11575.0
12:59,8.69,8.69,8.69,8.69,58383.0
13:00,8.7,8.7,8.69,8.69,15646.0
13:01,8.7,8.7,8.69,8.7,16818.0
13:02,8.69,8.7,8.69,8.69,17110.0
13:03,8.69,8.7,8.69,8.7,9201.0
13:04,8.69,8.7,8.69,8.69,10010.0
13:05,8.69,8.7,8.69,8.69,9377.0
13:06,8.7,8.71,8.69,8.69,38589.0
13:07,8.7,8.71,8.7,8.7,10292.0
13:08,8.7,8.71,8.7,8.7,30922.0
13:09,8.69,8.71,8.69,8.71,19487.0
13:10,8.69,8.69,8.68,8.69,44744.0
13:11,8.69,8.69,8.68,8.69,16610.0
13:12,8.69,8.69,8.68,8.69,16856.0
13:13,8.69,8.69,8.68,8.69,12930.0
13:14,8.69,8.69,8.69,8.69,6386.0
13:15,8.69,8.69,8.69,8.69,16147.0
13:16,8.69,8.69,8.68,8.68,16477.0
13:17,8.69,8.69,8.68,8.69,57883.0
13:18,8.69,8.69,8.68,8.69,10836.0
13:19,8.69,8.7,8.68,8.69,121845.0
13:20,8.69,8.69,8.69,8.69,10538.0
13:21,8.69,8.69,8.68,8.69,14813.0
13:22,8.69,8.69,8.69,8.69,6263.0
13:23,8.69,8.69,8.69,8.69,7484.0
13:24,8.69,8.69,8.68,8.69,13044.0
13:25,8.68,8.69,8.67,8.69,133477.0
13:26,8.68,8.68,8.67,8.68,13862.0
13:27,8.68,8.68,8.67,8.68,7072.0
13:28,8.68,8.68,8.68,8.68,7283.0
13:29,8.68,8.68,8.67,8.67,12967.0
13:30,8.67,8.68,8.67,8.68,16187.0
13:31,8.68,8.68,8.67,8.68,15910.0
13:32,8.67,8.68,8.67,8.68,13579.0
13:33,8.68,8.68,8.67,8.67,33905.0
13:34,8.68,8.68,8.67,8.68,14984.0
13:35,8.66,8.68,8.66,8.68,63355.0
13:36,8.66,8.66,8.66,8.66,13991.0
13:37,8.65,8.66,8.65,8.66,50337.0
13:38,8.66,8.66,8.65,8.65,16184.0
13:39,8.65,8.66,8.65,8.65,14859.0
13:40,8.65,8.65,8.65,8.65,6376.0
13:41,8.65,8.65,8.65,8.65,5478.0
13:42,8.65,8.66,8.65,8.65,14803.0
13:43,8.65,8.65,8.65,8.65,8326.0
13:44,8.65,8.66,8.65,8.65,8285.0
13:45,8.66,8.67,8.65,8.65,62402.0
13:46,8.66,8.67,8.66,8.67,32035.0
13:47,8.67,8.67,8.66,8.66,15899.0
13:48,8.68,8.68,8.67,8.67,29780.0
13:49,8.68,8.68,8.67,8.68,13954.0
13:50,8.68,8.68,8.68,8.68,22310.0
13:51,8.68,8.69,8.67,8.68,49720.0
13:52,8.68,8.68,8.67,8.68,8596.0
13:53,8.68,8.68,8.68,8.68,9994.0
13:54,8.68,8.68,8.67,8.67,6518.0
13:55,8.68,8.68,8.68,8.68,5180.0
13:56,8.68,8.68,8.67,8.68,33435.0
13:57,8.68,8.68,8.67,8.67,14241.0
13:58,8.68,8.68,8.67,8.68,11127.0
13:59,8.68,8.68,8.68,8.68,8160.0
14:00,8.68,8.68,8.67,8.68,11109.0
14:01,8.68,8.68,8.67,8.68,22269.0
14:02,8.68,8.68,8.67,8.68,33634.0
14:03,8.67,8.68,8.67,8.68,15412.0
14:04,8.68,8.68,8.67,8.68,9611.0
14:05,8.68,8.68,8.67,8.68,9892.0
14:06,8.68,8.68,8.67,8.67,16787.0
14:07,8.68,8.68,8.66,8.68,87840.0
14:08,8.68,8.68,8.67,8.68,4663.0
14:09,8.67,8.68,8.66,8.68,33217.0
14:10,8.66,8.67,8.66,8.67,11883.0
14:11,8.66,8.67,8.66,8.67,11921.0
14:12,8.67,8.67,8.66,8.66,8217.0
14:13,8.66,8.67,8.66,8.67,49525.0
14:14,8.66,8.66,8.65,8.66,68225.0
14:15,8.65,8.65,8.64,8.65,616299.0
14:16,8.65,8.65,8.65,8.65,15528.0
14:17,8.65,8.66,8.65,8.65,111567.0
14:18,8.66,8.66,8.65,8.66,12405.0
14:19,8.65,8.66,8.65,8.65,9535.0
14:20,8.65,8.66,8.65,8.65,21632.0
14:21,8.65,8.65,8.65,8.65,18808.0
14:22,8.65,8.66,8.65,8.65,42740.0
14:23,8.65,8.66,8.65,8.65,44572.0
14:24,8.65,8.65,8.64,8.65,79455.0
14:25,8.65,8.65,8.64,8.65,30062.0
14:26,8.65,8.65,8.64,8.65,27220.0
14:27,8.65,8.65,8.64,8.65,12026.0
14:28,8.65,8.65,8.64,8.65,24423.0
14:29,8.65,8.65,8.65,8.65,24848.0
14:30,8.65,8.65,8.64,8.65,37423.0
14:31,8.65,8.65,8.64,8.65,25894.0
14:32,8.64,8.65,8.62,8.65,281115.0
14:33,8.64,8.65,8.64,8.64,95259.0
14:34,8.64,8.65,8.64,8.65,17495.0
14:35,8.65,8.65,8.64,8.64,143565.0
14:36,8.65,8.65,8.65,8.65,34669.0
14:37,8.65,8.65,8.64,8.65,16139.0
14:38,8.64,8.65,8.64,8.65,25103.0
14:39,8.64,8.64,8.64,8.64,10173.0
14:40,8.62,8.64,8.62,8.64,44870.0
14:41,8.62,8.63,8.62,8.62,64833.0
14:42,8.63,8.63,8.62,8.63,13638.0
14:43,8.62,8.63,8.62,8.62,62532.0
14:44,8.62,8.63,8.62,8.62,11862.0
14:45,8.62,8.63,8.62,8.62,18560.0
14:46,8.62,8.63,8.62,8.62,49718.0
14:47,8.62,8.63,8.62,8.62,38647.0
14:48,8.62,8.63,8.62,8.62,30712.0
14:49,8.6,8.62,8.6,8.62,159267.0
14:50,8.6,8.61,8.59,8.6,165977.0
14:51,8.6,8.6,8.6,8.6,293367.0
14:52,8.6,8.6,8.59,8.6,13959.0
14:53,8.6,8.6,8.59,8.6,26461.0
14:54,8.6,8.6,8.59,8.6,124237.0
14:55,8.6,8.61,8.6,8.6,93507.0
14:56,8.6,8.61,8.6,8.6,74242.0
14:57,8.6,8.6,8.6,8.6,20136.0
14:58,8.6,8.61,8.6,8.6,24976.0
14:59,8.6,8.6,8.6,8.6,95742.0
15:00,8.6,8.6,8.6,8.6,43370.0
15:01,8.6,8.6,8.59,8.6,48458.0
15:02,8.6,8.6,8.59,8.6,78935.0
15:03,8.6,8.6,8.59,8.6,63635.0
15:04,8.59,8.6,8.59,8.6,25367.0
15:05,8.59,8.6,8.58,8.6,339073.0
15:06,8.59,8.59,8.59,8.59,10124.0
15:07,8.59,8.59,8.59,8.59,13068.0
15:08,8.59,8.59,8.59,8.59,15133.0
15:09,8.59,8.59,8.59,8.59,20408.0
15:10,8.57,8.59,8.57,8.59,87622.0
15:11,8.57,8.58,8.57,8.57,24279.0
15:12,8.58,8.58,8.57,8.57,20116.0
15:13,8.58,8.58,8.57,8.57,35105.0
15:14,8.57,8.58,8.57,8.57,78413.0
15:15,8.57,8.58,8.57,8.57,46424.0
15:16,8.59,8.6,8.57,8.58,243585.0
15:17,8.6,8.6,8.59,8.6,31972.0
15:18,8.6,8.6,8.59,8.59,20246.0
15:19,8.59,8.6,8.58,8.6,70218.0
15:20,8.59,8.59,8.58,8.59,27223.0
15:21,8.57,8.59,8.57,8.59,69136.0
15:22,8.57,8.58,8.57,8.57,33443.0
15:23,8.57,8.58,8.57,8.57,16660.0
15:24,8.57,8.58,8.57,8.58,26862.0
15:25,8.57,8.58,8.57,8.57,9828.0
15:26,8.59,8.59,8.57,8.58,253574.0
15:27,8.59,8.59,8.58,8.59,13474.0
15:28,8.59,8.59,8.58,8.58,17030.0
15:29,8.59,8.59,8.58,8.59,29044.0
15:30,8.59,8.59,8.58,8.59,46316.0
15:31,8.59,8.59,8.58,8.58,43904.0
15:32,8.59,8.59,8.58,8.59,52612.0
15:33,8.59,8.59,8.58,8.59,36220.0
15:34,8.59,8.59,8.59,8.59,20409.0
15:35,8.59,8.59,8.58,8.59,38835.0
15:36,8.59,8.59,8.58,8.59,72123.0
15:37,8.59,8.59,8.58,8.59,39871.0
15:38,8.59,8.59,8.58,8.58,40959.0
15:39,8.6,8.6,8.58,8.59,143830.0
15:40,8.6,8.6,8.6,8.6,22918.0
15:41,8.6,8.6,8.6,8.6,26242.0
15:42,8.59,8.6,8.58,8.6,135880.0
15:43,8.59,8.59,8.57,8.59,609169.0
15:44,8.59,8.59,8.59,8.59,25752.0
15:45,8.59,8.59,8.58,8.59,54202.0
15:46,8.58,8.59,8.58,8.58,30177.0
15:47,8.58,8.59,8.58,8.59,53335.0
15:48,8.59,8.59,8.58,8.59,56239.0
15:49,8.59,8.59,8.57,8.58,457087.0
15:50,8.59,8.59,8.58,8.59,224307.0
15:51,8.59,8.59,8.58,8.59,98769.0
15:52,8.58,8.59,8.57,8.59,353533.0
15:53,8.57,8.58,8.57,8.58,110472.0
15:54,8.57,8.58,8.57,8.57,116911.0
15:55,8.57,8.58,8.57,8.57,160770.0
15:56,8.57,8.58,8.57,8.57,329779.0
15:57,8.57,8.58,8.57,8.57,211127.0
15:58,8.57,8.58,8.57,8.57,606669.0
15:59,8.57,8.58,8.57,8.57,657981.0
