Time,Close,High,Low,Open,Volume
09:30,8.5,8.56,8.5,8.56,323192.0
09:31,8.5,8.52,8.5,8.51,48949.0
09:32,8.5,8.51,8.49,8.5,40788.0
09:33,8.48,8.5,8.48,8.5,26140.0
09:34,8.48,8.49,8.48,8.48,40704.0
09:35,8.48,8.48,8.47,8.48,13257.0
09:36,8.48,8.48,8.47,8.48,78447.0
09:37,8.47,8.48,8.46,8.48,49123.0
09:38,8.48,8.48,8.46,8.46,54335.0
09:39,8.48,8.48,8.47,8.47,24911.0
09:40,8.47,8.48,8.47,8.48,45008.0
09:41,8.45,8.47,8.45,8.47,21259.0
09:42,8.45,8.46,8.45,8.45,15375.0
09:43,8.45,8.46,8.45,8.45,7879.0
09:44,8.45,8.45,8.45,8.45,4924.0
09:45,8.45,8.46,8.45,8.45,12961.0
09:46,8.44,8.47,8.44,8.45,91789.0
09:47,8.44,8.44,8.44,8.44,1746.0
09:48,8.44,8.44,8.44,8.44,3966.0
09:49,8.44,8.45,8.44,8.44,23836.0
09:50,8.44,8.45,8.44,8.44,7922.0
09:51,8.44,8.45,8.44,8.44,15951.0
09:52,8.44,8.45,8.44,8.44,27571.0
09:53,8.44,8.45,8.44,8.44,10068.0
09:54,8.45,8.46,8.44,8.44,99543.0
09:55,8.45,8.45,8.45,8.45,2283.0
09:56,8.45,8.46,8.45,8.46,11776.0
09:57,8.45,8.46,8.45,8.45,4184.0
09:58,8.45,8.45,8.45,8.45,15095.0
09:59,8.45,8.45,8.45,8.45,6058.0
10:00,8.46,8.46,8.45,8.45,10923.0
10:01,8.45,8.45,8.45,8.45,13559.0
10:02,8.44,8.45,8.44,8.45,75577.0
10:03,8.45,8.46,8.44,8.44,63006.0
10:04,8.45,8.46,8.45,8.45,6158.0
10:05,8.46,8.46,8.45,8.45,42887.0
10:06,8.45,8.46,8.45,8.45,12624.0
10:07,8.45,8.46,8.45,8.45,26632.0
10:08,8.46,8.46,8.45,8.45,33395.0
10:09,8.45,8.45,8.45,8.45,3640.0
10:10,8.45,8.45,8.45,8.45,18702.0
10:11,8.45,8.46,8.45,8.45,37386.0
10:12,8.45,8.45,8.45,8.45,12540.0
10:13,8.46,8.46,8.45,8.45,17774.0
10:14,8.45,8.46,8.45,8.45,14593.0
10:15,8.45,8.45,8.45,8.45,2447.0
10:16,8.45,8.46,8.45,8.45,18996.0
10:17,8.45,8.45,8.45,8.45,8632.0
10:18,8.47,8.47,8.45,8.45,93080.0
10:19,8.47,8.47,8.46,8.47,14510.0
10:20,8.47,8.47,8.47,8.47,9612.0
10:21,8.45,8.47,8.45,8.47,53800.0
10:22,8.44,8.46,8.44,8.45,32955.0
10:23,8.44,8.45,8.44,8.45,20290.0
10:24,8.45,8.45,8.44,8.44,13119.0
10:25,8.44,8.45,8.44,8.44,20639.0
10:26,8.44,8.45,8.44,8.44,44847.0
10:27,8.44,8.45,8.44,8.44,7695.0
10:28,8.44,8.44,8.43,8.44,43074.0
10:29,8.44,8.44,8.43,8.44,14708.0
10:30,8.44,8.44,8.43,8.43,13551.0
10:31,8.44,8.44,8.43,8.44,25823.0
10:32,8.43,8.44,8.43,8.44,23222.0
10:33,8.44,8.44,8.43,8.44,17208.0
10:34,8.44,8.44,8.43,8.44,11494.0
10:35,8.43,8.44,8.43,8.44,13550.0
10:36,8.44,8.44,8.43,8.44,12665.0
10:37,8.44,8.44,8.44,8.44,25384.0
10:38,8.44,8.44,8.43,8.44,7967.0
10:39,8.43,8.44,8.43,8.44,3837.0
10:40,8.43,8.44,8.42,8.44,82156.0
10:41,8.43,8.43,8.42,8.43,57732.0
10:42,8.43,8.43,8.42,8.43,16746.0
10:43,8.41,8.43,8.41,8.43,163146.0
10:44,8.41,8.42,8.41,8.41,14717.0
10:45,8.41,8.42,8.41,8.41,37797.0
10:46,8.42,8.42,8.41,8.41,15647.0
10:47,8.42,8.43,8.41,8.41,153788.0
10:48,8.41,8.42,8.41,8.41,24639.0
10:49,8.41,8.41,8.4,8.41,60393.0
10:50,8.4,8.41,8.4,8.41,34364.0
10:51,8.4,8.4,8.4,8.4,27782.0
10:52,8.4,8.41,8.4,8.4,19672.0
10:53,8.4,8.4,8.4,8.4,8432.0
10:54,8.4,8.41,8.4,8.41,5850.0
10:55,8.4,8.41,8.4,8.4,22765.0
10:56,8.4,8.41,8.4,8.4,50991.0
10:57,8.4,8.41,8.4,8.4,24410.0
10:58,8.4,8.41,8.4,8.4,9217.0
10:59,8.4,8.41,8.4,8.4,16793.0
11:00,8.4,8.41,8.4,8.4,18207.0
11:01,8.4,8.41,8.4,8.4,21862.0
11:02,8.4,8.41,8.39,8.41,66031.0
11:03,8.4,8.4,8.39,8.4,14474.0
11:04,8.4,8.4,8.39,8.4,18363.0
11:05,8.4,8.4,8.4,8.4,20372.0
11:06,8.4,8.4,8.39,8.4,14950.0
11:07,8.4,8.4,8.39,8.4,11146.0
11:08,8.41,8.41,8.39,8.4,99530.0
11:09,8.4,8.41,8.4,8.4,81133.0
11:10,8.4,8.4,8.4,8.4,68173.0
11:11,8.4,8.41,8.4,8.4,75942.0
11:12,8.4,8.41,8.4,8.4,25535.0
11:13,8.4,8.41,8.4,8.4,7015.0
11:14,8.4,8.41,8.4,8.4,132025.0
11:15,8.39,8.41,8.39,8.41,190505.0
11:16,8.39,8.4,8.38,8.39,105640.0
11:17,8.38,8.39,8.37,8.39,51959.0
11:18,8.37,8.38,8.36,8.38,85880.0
11:19,8.37,8.38,8.36,8.36,120811.0
11:20,8.38,8.38,8.37,8.37,11927.0
11:21,8.38,8.38,8.37,8.38,9692.0
11:22,8.37,8.38,8.37,8.38,31167.0
11:23,8.38,8.38,8.37,8.38,9809.0
11:24,8.36,8.38,8.36,8.38,37730.0
11:25,8.36,8.37,8.36,8.36,14930.0
11:26,8.36,8.37,8.36,8.36,9655.0
11:27,8.36,8.36,8.36,8.36,9278.0
11:28,8.36,8.37,8.36,8.36,8933.0
11:29,8.37,8.37,8.36,8.37,2852.0
11:30,8.36,8.36,8.36,8.36,4515.0
11:31,8.36,8.37,8.36,8.36,9343.0
11:32,8.37,8.37,8.36,8.36,8583.0
11:33,8.36,8.37,8.36,8.36,25427.0
11:34,8.36,8.37,8.36,8.36,42667.0
11:35,8.38,8.38,8.36,8.36,129252.0
11:36,8.37,8.38,8.37,8.37,76251.0
11:37,8.36,8.38,8.36,8.38,73192.0
11:38,8.36,8.37,8.36,8.36,21556.0
11:39,8.37,8.38,8.36,8.36,117946.0
11:40,8.36,8.38,8.36,8.38,27145.0
11:41,8.36,8.36,8.36,8.36,10472.0
11:42,8.36,8.37,8.36,8.36,6657.0
11:43,8.36,8.36,8.36,8.36,2725.0
11:44,8.37,8.37,8.36,8.36,7660.0
11:45,8.35,8.36,8.35,8.36,29725.0
11:46,8.35,8.36,8.34,8.35,39743.0
11:47,8.35,8.35,8.34,8.35,12557.0
11:48,8.35,8.35,8.35,8.35,10296.0
11:49,8.35,8.35,8.35,8.35,104409.0
11:50,8.35,8.35,8.35,8.35,81155.0
11:51,8.35,8.36,8.35,8.35,11394.0
11:52,8.35,8.36,8.35,8.35,12897.0
11:53,8.35,8.35,8.35,8.35,10230.0
11:54,8.35,8.36,8.35,8.35,6554.0
11:55,8.36,8.37,8.35,8.36,71972.0
11:56,8.36,8.37,8.36,8.36,16376.0
11:57,8.36,8.37,8.36,8.36,17870.0
11:58,8.37,8.37,8.36,8.36,15415.0
11:59,8.36,8.37,8.36,8.36,14285.0
12:00,8.36,8.37,8.36,8.36,8546.0
12:01,8.36,8.37,8.36,8.36,22274.0
12:02,8.36,8.37,8.36,8.36,17015.0
12:03,8.36,8.37,8.36,8.36,6880.0
12:04,8.36,8.37,8.36,8.36,7203.0
12:05,8.35,8.36,8.34,8.36,85192.0
12:06,8.35,8.35,8.34,8.35,17044.0
12:07,8.35,8.35,8.34,8.35,95577.0
12:08,8.35,8.35,8.34,8.35,14260.0
12:09,8.35,8.35,8.34,8.35,9705.0
12:10,8.35,8.35,8.34,8.35,8417.0
12:11,8.35,8.35,8.34,8.35,27153.0
12:12,8.35,8.35,8.34,8.35,6428.0
12:13,8.35,8.35,8.34,8.34,13901.0
12:14,8.35,8.35,8.34,8.35,18581.0
12:15,8.35,8.35,8.34,8.35,9621.0
12:16,8.35,8.35,8.34,8.35,70344.0
12:17,8.36,8.36,8.35,8.35,147394.0
12:18,8.35,8.36,8.35,8.36,51696.0
12:19,8.35,8.35,8.35,8.35,9486.0
12:20,8.35,8.36,8.35,8.35,7861.0
12:21,8.35,8.36,8.35,8.35,19424.0
12:22,8.36,8.37,8.35,8.36,96851.0
12:23,8.36,8.37,8.36,8.36,13298.0
12:24,8.36,8.37,8.36,8.36,25182.0
12:25,8.36,8.36,8.36,8.36,11301.0
12:26,8.36,8.36,8.36,8.36,7112.0
12:27,8.36,8.36,8.36,8.36,8917.0
12:28,8.36,8.37,8.36,8.36,22026.0
12:29,8.36,8.37,8.36,8.36,53917.0
12:30,8.36,8.36,8.36,8.36,5319.0
12:31,8.36,8.37,8.36,8.36,7074.0
12:32,8.36,8.37,8.36,8.36,15625.0
12:33,8.37,8.38,8.36,8.36,110941.0
12:34,8.38,8.38,8.37,8.37,40728.0
12:35,8.37,8.38,8.37,8.37,85685.0
12:36,8.36,8.38,8.36,8.37,68541.0
12:37,8.36,8.37,8.36,8.36,13470.0
12:38,8.37,8.37,8.36,8.36,8446.0
12:39,8.37,8.37,8.36,8.36,39202.0
12:40,8.36,8.36,8.36,8.36,9207.0
12:41,8.36,8.37,8.36,8.36,122276.0
12:42,8.36,8.37,8.36,8.36,123597.0
12:43,8.36,8.37,8.36,8.36,53287.0
12:44,8.36,8.37,8.36,8.37,21991.0
12:45,8.36,8.37,8.36,8.36,9936.0
12:46,8.36,8.37,8.36,8.36,18753.0
12:47,8.36,8.37,8.36,8.36,30501.0
12:48,8.36,8.36,8.36,8.36,21864.0
12:49,8.36,8.37,8.36,8.36,10757.0
12:50,8.35,8.36,8.35,8.36,40174.0
12:51,8.35,8.36,8.35,8.35,15277.0
12:52,8.35,8.35,8.35,8.35,8460.0
12:53,8.35,8.35,8.35,8.35,78907.0
12:54,8.35,8.35,8.34,8.35,19490.0
12:55,8.35,8.35,8.35,8.35,7770.0
12:56,8.34,8.35,8.34,8.35,51259.0
12:57,8.34,8.34,8.33,8.34,20253.0
12:58,8.34,8.34,8.33,8.34,17219.0
12:59,8.34,8.34,8.34,8.34,5322.0
13:00,8.34,8.34,8.34,8.34,16355.0
13:01,8.34,8.34,8.33,8.34,97058.0
13:02,8.34,8.34,8.33,8.34,26300.0
13:03,8.34,8.34,8.33,8.34,16985.0
13:04,8.33,8.34,8.33,8.34,9497.0
13:05,8.34,8.34,8.34,8.34,69119.0
13:06,8.34,8.35,8.33,8.34,105964.0
13:07,8.35,8.35,8.34,8.34,21185.0
13:08,8.34,8.35,8.34,8.35,16626.0
13:09,8.33,8.35,8.33,8.34,126268.0
13:10,8.33,8.34,8.32,8.34,211120.0
13:11,8.34,8.34,8.33,8.33,85970.0
13:12,8.33,8.34,8.33,8.33,76983.0
13:13,8.32,8.34,8.32,8.33,127846.0
13:14,8.33,8.33,8.32,8.32,5646.0
13:15,8.32,8.32,8.31,8.32,61512.0
13:16,8.32,8.33,8.31,8.31,196182.0
13:17,8.32,8.33,8.32,8.32,5915.0
13:18,8.32,8.32,8.32,8.32,4456.0
13:19,8.32,8.33,8.32,8.33,42697.0
13:20,8.33,8.33,8.32,8.32,50727.0
13:21,8.32,8.33,8.32,8.32,9877.0
13:22,8.34,8.34,8.32,8.32,141790.0
13:23,8.35,8.35,8.34,8.34,54269.0
13:24,8.34,8.35,8.34,8.35,9761.0
13:25,8.35,8.35,8.34,8.35,40710.0
13:26,8.35,8.35,8.34,8.35,12535.0
13:27,8.35,8.35,8.34,8.34,8042.0
13:28,8.34,8.35,8.34,8.35,45847.0
13:29,8.34,8.34,8.34,8.34,45319.0
13:30,8.34,8.34,8.33,8.34,39187.0
13:31,8.35,8.35,8.34,8.34,98341.0
13:32,8.35,8.35,8.34,8.35,24573.0
13:33,8.35,8.35,8.34,8.34,8632.0
13:34,8.35,8.35,8.34,8.35,14835.0
13:35,8.34,8.35,8.34,8.34,8686.0
13:36,8.34,8.35,8.34,8.35,11412.0
13:37,8.35,8.35,8.34,8.35,16020.0
13:38,8.35,8.35,8.34,8.35,10387.0
13:39,8.35,8.35,8.34,8.34,20394.0
13:40,8.34,8.35,8.34,8.35,8521.0
13:41,8.35,8.35,8.34,8.34,8239.0
13:42,8.34,8.34,8.34,8.34,68073.0
13:43,8.34,8.34,8.34,8.34,25754.0
13:44,8.34,8.34,8.34,8.34,41963.0
13:45,8.34,8.34,8.33,8.33,12995.0
13:46,8.34,8.34,8.34,8.34,13830.0
13:47,8.34,8.34,8.33,8.34,27300.0
13:48,8.34,8.34,8.34,8.34,12372.0
13:49,8.34,8.34,8.34,8.34,13304.0
13:50,8.34,8.34,8.33,8.34,13082.0
13:51,8.34,8.34,8.33,8.34,40606.0
13:52,8.35,8.35,8.34,8.34,146486.0
13:53,8.35,8.35,8.34,8.35,21824.0
13:54,8.35,8.35,8.34,8.35,6008.0
13:55,8.35,8.35,8.34,8.35,57475.0
13:56,8.35,8.35,8.34,8.34,12760.0
13:57,8.35,8.35,8.34,8.35,16595.0
13:58,8.35,8.35,8.34,8.35,9762.0
13:59,8.35,8.35,8.34,8.34,10339.0
14:00,8.36,8.36,8.35,8.35,182106.0
14:01,8.35,8.36,8.35,8.36,10972.0
14:02,8.35,8.35,8.35,8.35,8223.0
14:03,8.35,8.36,8.35,8.35,4000.0
14:04,8.36,8.36,8.35,8.35,9189.0
14:05,8.35,8.36,8.35,8.35,14714.0
14:06,8.36,8.36,8.35,8.35,178291.0
14:07,8.36,8.37,8.36,8.36,23535.0
14:08,8.36,8.37,8.36,8.37,27800.0
14:09,8.36,8.37,8.36,8.36,7557.0
14:10,8.36,8.37,8.36,8.36,17274.0
14:11,8.36,8.36,8.36,8.36,29585.0
14:12,8.36,8.36,8.36,8.36,11832.0
14:13,8.36,8.37,8.36,8.36,10914.0
14:14,8.36,8.36,8.36,8.36,8867.0
14:15,8.36,8.36,8.36,8.36,12168.0
14:16,8.36,8.37,8.36,8.36,13504.0
14:17,8.36,8.36,8.36,8.36,10400.0
14:18,8.36,8.36,8.36,8.36,4279.0
14:19,8.36,8.37,8.36,8.36,15084.0
14:20,8.36,8.37,8.36,8.36,18395.0
14:21,8.35,8.37,8.35,8.36,74181.0
14:22,8.36,8.36,8.35,8.35,51299.0
14:23,8.36,8.36,8.35,8.35,45849.0
14:24,8.35,8.36,8.35,8.36,89239.0
14:25,8.37,8.37,8.35,8.35,194487.0
14:26,8.37,8.37,8.36,8.36,9792.0
14:27,8.36,8.37,8.36,8.36,9693.0
14:28,8.36,8.37,8.36,8.36,17849.0
14:29,8.38,8.38,8.36,8.36,91665.0
14:30,8.38,8.38,8.37,8.38,28009.0
14:31,8.38,8.38,8.37,8.38,28042.0
14:32,8.38,8.38,8.38,8.38,11594.0
14:33,8.37,8.38,8.37,8.37,12441.0
14:34,8.38,8.38,8.37,8.38,12287.0
14:35,8.37,8.38,8.37,8.38,24642.0
14:36,8.38,8.38,8.37,8.38,12117.0
14:37,8.38,8.38,8.38,8.38,9697.0
14:38,8.38,8.38,8.37,8.38,18829.0
14:39,8.38,8.38,8.38,8.38,18356.0
14:40,8.38,8.38,8.37,8.38,17763.0
14:41,8.38,8.38,8.38,8.38,15202.0
14:42,8.38,8.38,8.37,8.38,19834.0
14:43,8.38,8.38,8.38,8.38,10397.0
14:44,8.38,8.38,8.37,8.38,17842.0
14:45,8.38,8.38,8.37,8.38,24652.0
14:46,8.38,8.38,8.37,8.38,78607.0
14:47,8.39,8.39,8.38,8.38,263781.0
14:48,8.39,8.39,8.38,8.38,64127.0
14:49,8.39,8.39,8.38,8.39,58446.0
14:50,8.39,8.39,8.39,8.39,23101.0
14:51,8.39,8.39,8.38,8.38,20845.0
14:52,8.4,8.4,8.39,8.39,100332.0
14:53,8.4,8.4,8.4,8.4,12525.0
14:54,8.4,8.4,8.39,8.4,10859.0
14:55,8.4,8.4,8.39,8.4,10470.0
14:56,8.4,8.4,8.4,8.4,11541.0
14:57,8.4,8.4,8.39,8.39,9981.0
14:58,8.4,8.4,8.39,8.4,27137.0
14:59,8.4,8.4,8.39,8.4,19169.0
15:00,8.4,8.4,8.4,8.4,7011.0
15:01,8.4,8.4,8.39,8.4,50790.0
15:02,8.4,8.4,8.39,8.4,27144.0
15:03,8.4,8.4,8.39,8.4,70911.0
15:04,8.4,8.4,8.4,8.4,76400.0
15:05,8.4,8.4,8.39,8.4,15931.0
15:06,8.4,8.4,8.39,8.4,10180.0
15:07,8.4,8.4,8.4,8.4,14729.0
15:08,8.4,8.4,8.39,8.4,13975.0
15:09,8.4,8.4,8.39,8.4,16801.0
15:10,8.4,8.4,8.39,8.4,12101.0
15:11,8.4,8.4,8.39,8.4,12113.0
15:12,8.4,8.4,8.39,8.4,13016.0
15:13,8.41,8.42,8.39,8.39,202129.0
15:14,8.42,8.42,8.41,8.41,9153.0
15:15,8.41,8.42,8.41,8.41,22614.0
15:16,8.41,8.42,8.41,8.42,38248.0
15:17,8.41,8.42,8.41,8.41,14944.0
15:18,8.41,8.42,8.41,8.41,15399.0
15:19,8.42,8.42,8.41,8.42,14601.0
15:20,8.43,8.43,8.41,8.42,78247.0
15:21,8.43,8.43,8.42,8.43,36703.0
15:22,8.43,8.43,8.42,8.43,44271.0
15:23,8.43,8.43,8.43,8.43,21292.0
15:24,8.43,8.43,8.43,8.43,118180.0
15:25,8.43,8.43,8.42,8.43,20278.0
15:26,8.43,8.43,8.42,8.43,15292.0
15:27,8.43,8.43,8.42,8.43,20881.0
15:28,8.43,8.43,8.42,8.43,12962.0
15:29,8.43,8.43,8.43,8.43,14478.0
15:30,8.44,8.44,8.42,8.43,194027.0
15:31,8.44,8.44,8.43,8.44,74570.0
15:32,8.44,8.44,8.43,8.44,15901.0
15:33,8.44,8.44,8.43,8.44,19777.0
15:34,8.44,8.45,8.44,8.44,99775.0
15:35,8.45,8.45,8.44,8.44,69621.0
15:36,8.44,8.45,8.44,8.45,33108.0
15:37,8.44,8.45,8.44,8.44,34517.0
15:38,8.44,8.45,8.44,8.44,46645.0
15:39,8.44,8.45,8.43,8.44,109631.0
15:40,8.44,8.44,8.43,8.44,156697.0
15:41,8.44,8.45,8.44,8.44,166173.0
15:42,8.44,8.45,8.44,8.44,35057.0
15:43,8.44,8.45,8.44,8.45,224523.0
15:44,8.45,8.45,8.44,8.44,10524.0
15:45,8.44,8.45,8.44,8.44,104551.0
15:46,8.44,8.45,8.44,8.45,136220.0
15:47,8.44,8.45,8.44,8.44,97717.0
15:48,8.44,8.45,8.44,8.44,15636.0
15:49,8.44,8.44,8.44,8.44,42876.0
15:50,8.43,8.45,8.43,8.44,147398.0
15:51,8.43,8.44,8.43,8.43,26084.0
15:52,8.43,8.44,8.42,8.43,127508.0
15:53,8.43,8.43,8.42,8.42,27618.0
15:54,8.41,8.43,8.41,8.42,213632.0
15:55,8.41,8.42,8.41,8.41,144332.0
15:56,8.41,8.41,8.41,8.41,87462.0
15:57,8.41,8.42,8.41,8.41,204442.0
15:58,8.41,8.42,8.41,8.41,144776.0
15:59,8.4,8.42,8.4,8.41,584846.0
