Time,Close,High,Low,Open,Volume
09:30,8.5,8.52,8.49,8.52,347953.0
09:31,8.49,8.51,8.49,8.51,30134.0
09:32,8.48,8.49,8.48,8.49,38512.0
09:33,8.49,8.51,8.48,8.48,48002.0
09:34,8.48,8.48,8.47,8.48,18965.0
09:35,8.48,8.48,8.47,8.48,37966.0
09:36,8.48,8.49,8.47,8.48,64827.0
09:37,8.47,8.48,8.47,8.48,41254.0
09:38,8.47,8.47,8.46,8.47,37167.0
09:39,8.47,8.47,8.46,8.46,10481.0
09:40,8.47,8.47,8.46,8.47,36304.0
09:41,8.48,8.48,8.47,8.47,65873.0
09:42,8.48,8.48,8.47,8.48,92114.0
09:43,8.48,8.49,8.48,8.48,28431.0
09:44,8.48,8.49,8.48,8.48,12132.0
09:45,8.5,8.51,8.48,8.48,56201.0
09:46,8.49,8.52,8.49,8.51,30968.0
09:47,8.49,8.49,8.49,8.49,34284.0
09:48,8.49,8.49,8.49,8.49,4140.0
09:49,8.48,8.49,8.48,8.49,37746.0
09:50,8.48,8.49,8.48,8.48,11616.0
09:51,8.48,8.48,8.48,8.48,34295.0
09:52,8.49,8.49,8.48,8.48,37446.0
09:53,8.49,8.51,8.49,8.49,23507.0
09:54,8.49,8.5,8.49,8.49,3055.0
09:55,8.48,8.49,8.48,8.49,22558.0
09:56,8.48,8.48,8.48,8.48,6134.0
09:57,8.48,8.48,8.48,8.48,8283.0
09:58,8.48,8.49,8.48,8.48,65530.0
09:59,8.48,8.5,8.48,8.48,632916.0
10:00,8.51,8.51,8.48,8.48,106624.0
10:01,8.52,8.52,8.51,8.52,20502.0
10:02,8.52,8.52,8.51,8.52,61298.0
10:03,8.52,8.52,8.51,8.52,43466.0
10:04,8.52,8.52,8.52,8.52,19259.0
10:05,8.51,8.52,8.51,8.52,32821.0
10:06,8.52,8.52,8.51,8.52,71817.0
10:07,8.52,8.53,8.52,8.52,14361.0
10:08,8.52,8.53,8.52,8.53,45059.0
10:09,8.52,8.53,8.52,8.53,6113.0
10:10,8.53,8.53,8.52,8.52,17873.0
10:11,8.53,8.54,8.52,8.53,61591.0
10:12,8.53,8.53,8.52,8.52,35148.0
10:13,8.53,8.54,8.53,8.53,25714.0
10:14,8.53,8.53,8.53,8.53,6187.0
10:15,8.53,8.54,8.53,8.54,95646.0
10:16,8.53,8.54,8.53,8.53,23301.0
10:17,8.53,8.54,8.53,8.53,9768.0
10:18,8.53,8.54,8.53,8.53,11061.0
10:19,8.53,8.54,8.53,8.53,17614.0
10:20,8.52,8.53,8.52,8.53,100552.0
10:21,8.52,8.53,8.52,8.53,12822.0
10:22,8.52,8.53,8.52,8.52,7939.0
10:23,8.52,8.53,8.52,8.52,17042.0
10:24,8.53,8.53,8.52,8.52,56127.0
10:25,8.54,8.54,8.53,8.53,53647.0
10:26,8.54,8.54,8.53,8.53,8626.0
10:27,8.53,8.54,8.53,8.54,25049.0
10:28,8.54,8.54,8.53,8.53,18587.0
10:29,8.54,8.54,8.53,8.54,16196.0
10:30,8.55,8.55,8.53,8.54,50222.0
10:31,8.55,8.55,8.54,8.55,16256.0
10:32,8.53,8.55,8.53,8.55,42716.0
10:33,8.53,8.54,8.53,8.53,15373.0
10:34,8.53,8.54,8.53,8.53,11656.0
10:35,8.53,8.55,8.53,8.54,150165.0
10:36,8.54,8.55,8.53,8.53,123228.0
10:37,8.55,8.55,8.54,8.55,30215.0
10:38,8.55,8.55,8.55,8.55,8945.0
10:39,8.55,8.55,8.54,8.54,23072.0
10:40,8.54,8.55,8.54,8.54,16127.0
10:41,8.55,8.55,8.54,8.54,9877.0
10:42,8.56,8.56,8.55,8.55,113129.0
10:43,8.56,8.56,8.55,8.56,23995.0
10:44,8.56,8.56,8.55,8.56,33846.0
10:45,8.56,8.56,8.55,8.56,44428.0
10:46,8.56,8.56,8.55,8.56,19641.0
10:47,8.56,8.56,8.56,8.56,131928.0
10:48,8.56,8.56,8.55,8.56,75818.0
10:49,8.54,8.56,8.54,8.56,76558.0
10:50,8.54,8.55,8.54,8.55,43077.0
10:51,8.53,8.55,8.53,8.54,45074.0
10:52,8.53,8.53,8.53,8.53,10664.0
10:53,8.52,8.53,8.52,8.53,19068.0
10:54,8.52,8.52,8.52,8.52,9897.0
10:55,8.51,8.52,8.51,8.52,24316.0
10:56,8.52,8.52,8.51,8.51,11695.0
10:57,8.52,8.52,8.51,8.52,33912.0
10:58,8.52,8.52,8.52,8.52,11618.0
10:59,8.52,8.52,8.51,8.52,15168.0
11:00,8.52,8.52,8.51,8.52,18970.0
11:01,8.52,8.52,8.51,8.52,31098.0
11:02,8.51,8.52,8.51,8.51,5678.0
11:03,8.51,8.52,8.51,8.52,11604.0
11:04,8.52,8.52,8.51,8.52,21817.0
11:05,8.51,8.52,8.51,8.51,70526.0
11:06,8.52,8.53,8.51,8.52,669611.0
11:07,8.52,8.53,8.52,8.52,10767.0
11:08,8.52,8.53,8.52,8.53,15711.0
11:09,8.53,8.53,8.52,8.52,11181.0
11:10,8.52,8.53,8.52,8.52,11149.0
11:11,8.53,8.53,8.52,8.52,13944.0
11:12,8.52,8.53,8.52,8.52,10014.0
11:13,8.52,8.53,8.52,8.52,48984.0
11:14,8.52,8.53,8.52,8.52,12766.0
11:15,8.53,8.53,8.52,8.53,18646.0
11:16,8.52,8.53,8.52,8.52,9704.0
11:17,8.53,8.54,8.52,8.53,80411.0
11:18,8.54,8.54,8.53,8.54,8877.0
11:19,8.54,8.54,8.53,8.53,9537.0
11:20,8.53,8.54,8.53,8.53,11026.0
11:21,8.53,8.54,8.53,8.53,27633.0
11:22,8.54,8.54,8.53,8.54,92412.0
11:23,8.54,8.54,8.53,8.54,41409.0
11:24,8.53,8.54,8.53,8.54,16870.0
11:25,8.53,8.54,8.53,8.53,28036.0
11:26,8.53,8.54,8.53,8.53,12199.0
11:27,8.54,8.54,8.53,8.53,10574.0
11:28,8.54,8.54,8.53,8.53,29680.0
11:29,8.54,8.54,8.53,8.53,17913.0
11:30,8.55,8.55,8.53,8.53,97325.0
11:31,8.55,8.55,8.54,8.55,19047.0
11:32,8.53,8.55,8.53,8.54,96692.0
11:33,8.53,8.54,8.53,8.53,6970.0
11:34,8.53,8.53,8.53,8.53,9035.0
11:35,8.53,8.54,8.53,8.53,24961.0
11:36,8.53,8.53,8.53,8.53,8255.0
11:37,8.53,8.53,8.53,8.53,35446.0
11:38,8.54,8.54,8.53,8.53,20306.0
11:39,8.53,8.54,8.53,8.53,63171.0
11:40,8.53,8.54,8.53,8.54,29487.0
11:41,8.53,8.54,8.53,8.53,23842.0
11:42,8.53,8.54,8.53,8.53,31925.0
11:43,8.53,8.54,8.53,8.54,95855.0
11:44,8.53,8.54,8.53,8.53,34062.0
11:45,8.54,8.54,8.53,8.54,13664.0
11:46,8.55,8.55,8.53,8.53,75214.0
11:47,8.55,8.55,8.54,8.54,26551.0
11:48,8.56,8.56,8.55,8.55,99786.0
11:49,8.56,8.56,8.55,8.56,35940.0
11:50,8.56,8.56,8.56,8.56,12653.0
11:51,8.56,8.56,8.55,8.55,16305.0
11:52,8.55,8.56,8.54,8.56,172940.0
11:53,8.55,8.55,8.54,8.55,13100.0
11:54,8.55,8.55,8.54,8.55,5126.0
11:55,8.55,8.55,8.54,8.54,12339.0
11:56,8.54,8.55,8.54,8.54,9046.0
11:57,8.55,8.55,8.54,8.54,10647.0
11:58,8.55,8.55,8.54,8.55,20073.0
11:59,8.55,8.55,8.54,8.55,26919.0
12:00,8.55,8.56,8.55,8.55,102521.0
12:01,8.55,8.56,8.55,8.55,4314.0
12:02,8.55,8.55,8.54,8.55,88427.0
12:03,8.55,8.55,8.54,8.54,6280.0
12:04,8.55,8.55,8.54,8.55,42306.0
12:05,8.55,8.55,8.54,8.54,10376.0
12:06,8.55,8.55,8.54,8.55,26953.0
12:07,8.55,8.55,8.54,8.54,18506.0
12:08,8.55,8.55,8.54,8.55,8822.0
12:09,8.55,8.55,8.54,8.54,24988.0
12:10,8.55,8.55,8.55,8.55,18219.0
12:11,8.55,8.55,8.54,8.55,22374.0
12:12,8.55,8.55,8.54,8.55,10011.0
12:13,8.55,8.55,8.54,8.55,11638.0
12:14,8.55,8.55,8.54,8.55,113045.0
12:15,8.55,8.55,8.54,8.54,11859.0
12:16,8.55,8.55,8.54,8.55,8837.0
12:17,8.55,8.55,8.54,8.55,10961.0
12:18,8.54,8.55,8.54,8.54,16620.0
12:19,8.55,8.55,8.54,8.55,16462.0
12:20,8.55,8.55,8.54,8.55,34824.0
12:21,8.53,8.55,8.52,8.54,278912.0
12:22,8.52,8.52,8.52,8.52,23279.0
12:23,8.54,8.54,8.52,8.52,294335.0
12:24,8.53,8.54,8.53,8.53,6057.0
12:25,8.53,8.54,8.53,8.53,28786.0
12:26,8.53,8.54,8.53,8.53,8289.0
12:27,8.53,8.54,8.53,8.53,27041.0
12:28,8.53,8.53,8.53,8.53,5284.0
12:29,8.53,8.53,8.53,8.53,8509.0
12:30,8.53,8.54,8.53,8.53,8349.0
12:31,8.53,8.54,8.53,8.53,7294.0
12:32,8.53,8.54,8.53,8.53,22603.0
12:33,8.53,8.54,8.53,8.53,12376.0
12:34,8.54,8.54,8.53,8.53,10880.0
12:35,8.54,8.54,8.53,8.53,22260.0
12:36,8.54,8.54,8.53,8.53,8709.0
12:37,8.53,8.54,8.53,8.53,16702.0
12:38,8.54,8.54,8.53,8.53,86162.0
12:39,8.54,8.54,8.53,8.54,134687.0
12:40,8.53,8.53,8.53,8.53,7404.0
12:41,8.53,8.54,8.53,8.53,12105.0
12:42,8.55,8.55,8.53,8.53,1174282.0
12:43,8.55,8.55,8.54,8.55,92553.0
12:44,8.55,8.55,8.54,8.55,47762.0
12:45,8.55,8.55,8.54,8.55,30873.0
12:46,8.55,8.55,8.54,8.55,11959.0
12:47,8.55,8.55,8.54,8.55,17283.0
12:48,8.55,8.55,8.54,8.55,8245.0
12:49,8.55,8.55,8.54,8.54,13342.0
12:50,8.55,8.55,8.55,8.55,8721.0
12:51,8.55,8.55,8.54,8.54,13721.0
12:52,8.55,8.55,8.54,8.55,13284.0
12:53,8.55,8.55,8.54,8.55,16951.0
12:54,8.55,8.55,8.54,8.55,17633.0
12:55,8.55,8.55,8.54,8.54,14180.0
12:56,8.55,8.55,8.54,8.55,8125.0
12:57,8.55,8.55,8.54,8.54,17418.0
12:58,8.55,8.55,8.55,8.55,28477.0
12:59,8.55,8.55,8.55,8.55,13139.0
13:00,8.56,8.56,8.55,8.55,139629.0
13:01,8.56,8.56,8.55,8.56,5914.0
13:02,8.56,8.56,8.56,8.56,40707.0
13:03,8.56,8.56,8.55,8.55,6720.0
13:04,8.56,8.56,8.55,8.56,264621.0
13:05,8.55,8.56,8.55,8.55,10004.0
13:06,8.55,8.56,8.55,8.56,97469.0
13:07,8.55,8.56,8.55,8.55,129144.0
13:08,8.56,8.56,8.55,8.55,116970.0
13:09,8.55,8.56,8.55,8.55,297266.0
13:10,8.55,8.56,8.55,8.55,157413.0
13:11,8.55,8.56,8.55,8.55,427756.0
13:12,8.55,8.56,8.55,8.55,134411.0
13:13,8.56,8.56,8.55,8.55,144249.0
13:14,8.55,8.56,8.55,8.55,73598.0
13:15,8.55,8.56,8.55,8.55,213347.0
13:16,8.55,8.56,8.55,8.56,95945.0
13:17,8.55,8.56,8.54,8.55,687693.0
13:18,8.55,8.55,8.54,8.55,230492.0
13:19,8.55,8.55,8.54,8.54,8255.0
13:20,8.55,8.55,8.55,8.55,9228.0
13:21,8.55,8.55,8.54,8.54,7684.0
13:22,8.54,8.55,8.54,8.55,11796.0
13:23,8.54,8.55,8.54,8.54,6904.0
13:24,8.54,8.55,8.54,8.54,9701.0
13:25,8.55,8.55,8.54,8.55,1037075.0
13:26,8.56,8.56,8.55,8.55,107557.0
13:27,8.56,8.56,8.55,8.56,12568.0
13:28,8.56,8.56,8.56,8.56,9278.0
13:29,8.56,8.56,8.56,8.56,121347.0
13:30,8.55,8.56,8.55,8.56,7308.0
13:31,8.55,8.56,8.55,8.55,10102.0
13:32,8.55,8.56,8.55,8.56,5142.0
13:33,8.56,8.56,8.55,8.56,103706.0
13:34,8.56,8.56,8.55,8.56,25492.0
13:35,8.55,8.56,8.55,8.56,164975.0
13:36,8.55,8.56,8.55,8.55,126399.0
13:37,8.55,8.56,8.55,8.55,169953.0
13:38,8.56,8.56,8.55,8.56,212972.0
13:39,8.55,8.56,8.55,8.55,36970.0
13:40,8.56,8.56,8.55,8.55,119252.0
13:41,8.56,8.56,8.55,8.55,73341.0
13:42,8.55,8.56,8.55,8.55,115278.0
13:43,8.55,8.56,8.55,8.55,142473.0
13:44,8.55,8.56,8.55,8.55,182686.0
13:45,8.55,8.56,8.55,8.55,161321.0
13:46,8.55,8.56,8.55,8.55,116181.0
13:47,8.56,8.56,8.55,8.55,121324.0
13:48,8.55,8.56,8.55,8.55,95853.0
13:49,8.55,8.56,8.55,8.55,217848.0
13:50,8.55,8.56,8.55,8.55,171431.0
13:51,8.54,8.56,8.54,8.55,415325.0
13:52,8.55,8.56,8.54,8.55,721797.0
13:53,8.55,8.55,8.54,8.55,18432.0
13:54,8.55,8.55,8.54,8.55,9365.0
13:55,8.56,8.56,8.55,8.55,1118390.0
13:56,8.55,8.56,8.55,8.56,5303.0
13:57,8.56,8.56,8.56,8.56,6471.0
13:58,8.55,8.56,8.55,8.56,7207.0
13:59,8.56,8.56,8.55,8.56,9391.0
14:00,8.56,8.56,8.55,8.56,11480.0
14:01,8.56,8.56,8.55,8.56,6033.0
14:02,8.55,8.56,8.55,8.56,15426.0
14:03,8.56,8.56,8.55,8.56,9208.0
14:04,8.56,8.56,8.55,8.56,35284.0
14:05,8.55,8.56,8.55,8.56,16938.0
14:06,8.55,8.56,8.55,8.56,14380.0
14:07,8.55,8.56,8.55,8.56,26874.0
14:08,8.55,8.56,8.55,8.56,6907.0
14:09,8.55,8.56,8.55,8.56,12144.0
14:10,8.56,8.56,8.55,8.56,11681.0
14:11,8.56,8.56,8.55,8.56,16359.0
14:12,8.55,8.56,8.55,8.56,13084.0
14:13,8.56,8.56,8.55,8.56,12888.0
14:14,8.55,8.56,8.55,8.56,11684.0
14:15,8.56,8.56,8.55,8.56,20272.0
14:16,8.55,8.56,8.55,8.56,12883.0
14:17,8.56,8.56,8.55,8.56,14133.0
14:18,8.55,8.56,8.55,8.55,35372.0
14:19,8.56,8.56,8.55,8.56,21561.0
14:20,8.55,8.56,8.55,8.56,9384.0
14:21,8.56,8.56,8.55,8.56,12733.0
14:22,8.55,8.56,8.55,8.55,20426.0
14:23,8.55,8.56,8.55,8.55,82419.0
14:24,8.55,8.56,8.55,8.56,12784.0
14:25,8.55,8.56,8.55,8.55,27966.0
14:26,8.55,8.56,8.55,8.56,124914.0
14:27,8.55,8.56,8.55,8.56,20393.0
14:28,8.55,8.56,8.55,8.55,19241.0
14:29,8.56,8.56,8.55,8.56,16728.0
14:30,8.55,8.56,8.55,8.56,13312.0
14:31,8.55,8.56,8.55,8.56,18250.0
14:32,8.56,8.56,8.55,8.56,16410.0
14:33,8.55,8.56,8.55,8.56,16027.0
14:34,8.55,8.56,8.55,8.55,15069.0
14:35,8.55,8.56,8.55,8.56,16469.0
14:36,8.55,8.56,8.55,8.56,15511.0
14:37,8.55,8.56,8.55,8.56,16589.0
14:38,8.55,8.56,8.55,8.55,22238.0
14:39,8.56,8.56,8.55,8.56,29340.0
14:40,8.55,8.56,8.55,8.55,48241.0
14:41,8.56,8.56,8.55,8.55,58078.0
14:42,8.56,8.56,8.55,8.55,57825.0
14:43,8.55,8.56,8.55,8.55,59623.0
14:44,8.55,8.56,8.55,8.55,17487.0
14:45,8.55,8.56,8.55,8.56,31387.0
14:46,8.56,8.56,8.55,8.55,15438.0
14:47,8.55,8.56,8.55,8.55,14176.0
14:48,8.56,8.56,8.55,8.55,28052.0
14:49,8.56,8.56,8.55,8.55,16013.0
14:50,8.56,8.56,8.55,8.56,18070.0
14:51,8.55,8.56,8.55,8.55,311753.0
14:52,8.56,8.56,8.55,8.55,28219.0
14:53,8.56,8.56,8.55,8.55,139263.0
14:54,8.55,8.56,8.55,8.56,187789.0
14:55,8.54,8.56,8.54,8.55,135566.0
14:56,8.55,8.55,8.54,8.54,66248.0
14:57,8.55,8.55,8.54,8.55,15268.0
14:58,8.55,8.55,8.54,8.55,279318.0
14:59,8.54,8.55,8.54,8.55,14829.0
15:00,8.55,8.55,8.54,8.54,13979.0
15:01,8.55,8.55,8.54,8.55,15170.0
15:02,8.55,8.55,8.54,8.55,20914.0
15:03,8.54,8.55,8.54,8.55,836550.0
15:04,8.55,8.55,8.54,8.55,20670.0
15:05,8.55,8.55,8.54,8.55,30313.0
15:06,8.55,8.55,8.54,8.55,15542.0
15:07,8.55,8.55,8.54,8.55,29605.0
15:08,8.55,8.55,8.54,8.55,33236.0
15:09,8.55,8.55,8.54,8.54,177279.0
15:10,8.55,8.55,8.54,8.55,53126.0
15:11,8.52,8.55,8.52,8.55,357043.0
15:12,8.53,8.53,8.52,8.52,114367.0
15:13,8.53,8.53,8.53,8.53,12346.0
15:14,8.54,8.54,8.53,8.53,1436218.0
15:15,8.53,8.54,8.53,8.53,47769.0
15:16,8.54,8.54,8.53,8.53,42902.0
15:17,8.54,8.54,8.53,8.53,16856.0
15:18,8.54,8.54,8.53,8.53,13507.0
15:19,8.53,8.54,8.53,8.53,11342.0
15:20,8.53,8.54,8.53,8.53,19771.0
15:21,8.53,8.54,8.53,8.53,20084.0
15:22,8.53,8.54,8.53,8.53,13451.0
15:23,8.53,8.54,8.53,8.53,18672.0
15:24,8.53,8.54,8.53,8.53,36832.0
15:25,8.53,8.54,8.53,8.53,21195.0
15:26,8.53,8.54,8.53,8.53,24012.0
15:27,8.53,8.54,8.53,8.53,38697.0
15:28,8.53,8.54,8.53,8.53,27655.0
15:29,8.53,8.54,8.53,8.53,32305.0
15:30,8.53,8.54,8.53,8.53,29616.0
15:31,8.53,8.54,8.53,8.53,20471.0
15:32,8.53,8.54,8.53,8.53,22215.0
15:33,8.53,8.54,8.53,8.53,24771.0
15:34,8.53,8.53,8.53,8.53,20850.0
15:35,8.53,8.54,8.53,8.53,63520.0
15:36,8.53,8.54,8.53,8.53,21688.0
15:37,8.53,8.54,8.53,8.53,36022.0
15:38,8.53,8.54,8.53,8.53,22524.0
15:39,8.53,8.54,8.53,8.53,30034.0
15:40,8.53,8.54,8.53,8.53,53235.0
15:41,8.53,8.54,8.53,8.53,36670.0
15:42,8.53,8.53,8.53,8.53,63653.0
15:43,8.53,8.54,8.53,8.53,37138.0
15:44,8.53,8.54,8.53,8.53,30648.0
15:45,8.53,8.54,8.53,8.53,51730.0
15:46,8.53,8.54,8.53,8.53,66644.0
15:47,8.53,8.54,8.53,8.53,35805.0
15:48,8.53,8.54,8.53,8.53,160813.0
15:49,8.53,8.54,8.53,8.53,53870.0
15:50,8.53,8.54,8.53,8.54,132906.0
15:51,8.53,8.54,8.53,8.54,118184.0
15:52,8.54,8.55,8.53,8.53,388624.0
15:53,8.53,8.55,8.53,8.54,339979.0
15:54,8.53,8.54,8.53,8.53,111643.0
15:55,8.55,8.55,8.53,8.53,646942.0
15:56,8.54,8.55,8.54,8.55,229266.0
15:57,8.52,8.55,8.52,8.54,605970.0
15:58,8.52,8.53,8.52,8.52,386675.0
15:59,8.52,8.53,8.51,8.52,852871.0
