Time,Close,High,Low,Open,Volume
09:30,8.51,8.51,8.46,8.49,981437.0
09:31,8.49,8.52,8.49,8.51,37559.0
09:32,8.48,8.49,8.47,8.49,21982.0
09:33,8.48,8.48,8.47,8.48,15082.0
09:34,8.45,8.48,8.45,8.47,20618.0
09:35,8.45,8.47,8.45,8.46,27699.0
09:36,8.45,8.47,8.45,8.45,27584.0
09:37,8.45,8.46,8.45,8.45,5170.0
09:38,8.46,8.46,8.44,8.45,45093.0
09:39,8.45,8.47,8.44,8.46,41509.0
09:40,8.45,8.48,8.45,8.46,75742.0
09:41,8.47,8.47,8.45,8.45,22177.0
09:42,8.47,8.47,8.45,8.47,52871.0
09:43,8.45,8.47,8.45,8.47,30851.0
09:44,8.44,8.45,8.44,8.45,18828.0
09:45,8.43,8.44,8.42,8.44,192542.0
09:46,8.43,8.43,8.42,8.43,48272.0
09:47,8.43,8.43,8.42,8.43,14854.0
09:48,8.43,8.43,8.42,8.43,63544.0
09:49,8.43,8.43,8.42,8.43,43300.0
09:50,8.43,8.43,8.42,8.43,100278.0
09:51,8.44,8.45,8.42,8.43,96447.0
09:52,8.43,8.45,8.43,8.44,73945.0
09:53,8.44,8.44,8.42,8.42,15789.0
09:54,8.44,8.44,8.43,8.44,61160.0
09:55,8.43,8.44,8.43,8.43,51024.0
09:56,8.46,8.46,8.43,8.43,185235.0
09:57,8.45,8.46,8.45,8.45,15639.0
09:58,8.45,8.46,8.44,8.46,69105.0
09:59,8.45,8.45,8.44,8.44,16091.0
10:00,8.44,8.44,8.43,8.44,92577.0
10:01,8.44,8.44,8.43,8.44,12242.0
10:02,8.44,8.45,8.44,8.44,47615.0
10:03,8.45,8.45,8.44,8.44,11056.0
10:04,8.45,8.45,8.44,8.44,10331.0
10:05,8.45,8.46,8.44,8.45,69643.0
10:06,8.43,8.44,8.43,8.44,43501.0
10:07,8.44,8.44,8.43,8.44,28017.0
10:08,8.45,8.46,8.44,8.44,23470.0
10:09,8.45,8.46,8.45,8.45,45554.0
10:10,8.45,8.46,8.45,8.45,11283.0
10:11,8.46,8.46,8.45,8.45,12733.0
10:12,8.45,8.46,8.45,8.46,23772.0
10:13,8.45,8.46,8.45,8.45,7693.0
10:14,8.47,8.47,8.45,8.46,20310.0
10:15,8.47,8.48,8.46,8.47,45528.0
10:16,8.47,8.47,8.47,8.47,7317.0
10:17,8.47,8.47,8.46,8.46,22987.0
10:18,8.47,8.47,8.46,8.47,21997.0
10:19,8.48,8.48,8.46,8.47,31386.0
10:20,8.47,8.48,8.46,8.48,57396.0
10:21,8.47,8.48,8.47,8.47,55092.0
10:22,8.48,8.48,8.48,8.48,26468.0
10:23,8.48,8.48,8.48,8.48,47936.0
10:24,8.48,8.49,8.47,8.48,60153.0
10:25,8.48,8.48,8.47,8.47,70032.0
10:26,8.48,8.48,8.47,8.47,15356.0
10:27,8.48,8.48,8.47,8.47,17773.0
10:28,8.48,8.48,8.47,8.48,7846.0
10:29,8.48,8.48,8.47,8.48,29896.0
10:30,8.48,8.48,8.47,8.48,16027.0
10:31,8.48,8.48,8.47,8.48,18275.0
10:32,8.48,8.48,8.47,8.48,10983.0
10:33,8.48,8.48,8.47,8.48,9146.0
10:34,8.48,8.48,8.48,8.48,8146.0
10:35,8.49,8.49,8.48,8.48,29438.0
10:36,8.48,8.49,8.48,8.48,10019.0
10:37,8.49,8.49,8.48,8.49,17624.0
10:38,8.48,8.49,8.48,8.48,7953.0
10:39,8.48,8.49,8.48,8.48,12315.0
10:40,8.48,8.49,8.48,8.49,18889.0
10:41,8.48,8.49,8.48,8.48,74045.0
10:42,8.48,8.48,8.47,8.47,5819.0
10:43,8.48,8.49,8.47,8.48,30242.0
10:44,8.49,8.49,8.48,8.48,12332.0
10:45,8.49,8.49,8.48,8.49,13658.0
10:46,8.47,8.49,8.46,8.49,113761.0
10:47,8.48,8.49,8.47,8.48,134497.0
10:48,8.49,8.49,8.48,8.48,21356.0
10:49,8.51,8.51,8.49,8.49,36407.0
10:50,8.51,8.51,8.5,8.51,29797.0
10:51,8.51,8.51,8.5,8.51,10736.0
10:52,8.51,8.51,8.5,8.51,20632.0
10:53,8.51,8.51,8.5,8.51,7019.0
10:54,8.52,8.52,8.51,8.51,33701.0
10:55,8.51,8.52,8.5,8.52,81436.0
10:56,8.51,8.51,8.5,8.51,7474.0
10:57,8.52,8.52,8.51,8.51,61366.0
10:58,8.52,8.52,8.52,8.52,5496.0
10:59,8.51,8.52,8.51,8.52,16263.0
11:00,8.51,8.52,8.51,8.52,52590.0
11:01,8.51,8.51,8.5,8.51,4761.0
11:02,8.51,8.51,8.51,8.51,35578.0
11:03,8.52,8.52,8.51,8.51,31907.0
11:04,8.52,8.52,8.52,8.52,14320.0
11:05,8.52,8.52,8.51,8.52,13891.0
11:06,8.52,8.52,8.52,8.52,8808.0
11:07,8.52,8.52,8.51,8.52,15381.0
11:08,8.52,8.52,8.51,8.52,25818.0
11:09,8.52,8.52,8.51,8.52,10510.0
11:10,8.52,8.52,8.52,8.52,14793.0
11:11,8.52,8.53,8.52,8.52,129533.0
11:12,8.52,8.53,8.52,8.52,24646.0
11:13,8.52,8.53,8.52,8.52,18634.0
11:14,8.52,8.53,8.52,8.52,30568.0
11:15,8.53,8.53,8.52,8.52,8455.0
11:16,8.53,8.54,8.52,8.53,75941.0
11:17,8.53,8.54,8.53,8.53,47367.0
11:18,8.54,8.54,8.53,8.53,8550.0
11:19,8.54,8.54,8.53,8.54,18264.0
11:20,8.54,8.54,8.53,8.54,13186.0
11:21,8.54,8.55,8.53,8.53,317515.0
11:22,8.54,8.55,8.53,8.54,36342.0
11:23,8.55,8.55,8.54,8.55,22001.0
11:24,8.52,8.55,8.52,8.54,441784.0
11:25,8.52,8.52,8.51,8.52,42023.0
11:26,8.5,8.51,8.5,8.51,58580.0
11:27,8.51,8.51,8.5,8.5,9784.0
11:28,8.51,8.51,8.5,8.51,25131.0
11:29,8.51,8.51,8.5,8.51,7925.0
11:30,8.51,8.51,8.51,8.51,22034.0
11:31,8.52,8.52,8.5,8.51,52897.0
11:32,8.52,8.52,8.51,8.52,14185.0
11:33,8.51,8.51,8.5,8.51,52671.0
11:34,8.51,8.51,8.51,8.51,9271.0
11:35,8.52,8.52,8.5,8.51,42562.0
11:36,8.51,8.52,8.51,8.52,15777.0
11:37,8.51,8.52,8.51,8.51,42927.0
11:38,8.51,8.51,8.5,8.51,40847.0
11:39,8.51,8.51,8.5,8.5,10313.0
11:40,8.51,8.51,8.5,8.51,51307.0
11:41,8.51,8.51,8.5,8.51,17747.0
11:42,8.51,8.51,8.5,8.51,28552.0
11:43,8.51,8.52,8.51,8.51,74929.0
11:44,8.51,8.51,8.51,8.51,11923.0
11:45,8.51,8.51,8.51,8.51,5601.0
11:46,8.51,8.51,8.51,8.51,5949.0
11:47,8.51,8.52,8.51,8.51,139277.0
11:48,8.52,8.52,8.51,8.51,9751.0
11:49,8.52,8.52,8.51,8.51,7348.0
11:50,8.51,8.52,8.51,8.52,7114.0
11:51,8.52,8.52,8.51,8.51,75721.0
11:52,8.52,8.52,8.52,8.52,33205.0
11:53,8.52,8.52,8.51,8.51,14997.0
11:54,8.52,8.52,8.52,8.52,6650.0
11:55,8.52,8.52,8.51,8.52,14813.0
11:56,8.52,8.52,8.51,8.52,14202.0
11:57,8.52,8.52,8.51,8.52,18321.0
11:58,8.52,8.53,8.51,8.52,70982.0
11:59,8.53,8.53,8.52,8.52,34946.0
12:00,8.53,8.53,8.52,8.52,17182.0
12:01,8.53,8.53,8.52,8.52,11417.0
12:02,8.52,8.53,8.52,8.52,17800.0
12:03,8.52,8.53,8.52,8.52,12087.0
12:04,8.52,8.53,8.52,8.52,5280.0
12:05,8.52,8.53,8.52,8.52,16628.0
12:06,8.52,8.53,8.51,8.52,113886.0
12:07,8.52,8.52,8.51,8.52,11677.0
12:08,8.52,8.52,8.51,8.52,44512.0
12:09,8.52,8.53,8.51,8.52,54649.0
12:10,8.52,8.53,8.52,8.52,10827.0
12:11,8.52,8.53,8.51,8.52,73715.0
12:12,8.52,8.52,8.51,8.52,4596.0
12:13,8.52,8.52,8.51,8.52,4956.0
12:14,8.52,8.52,8.51,8.52,6664.0
12:15,8.52,8.52,8.51,8.52,16761.0
12:16,8.52,8.52,8.52,8.52,28443.0
12:17,8.52,8.52,8.51,8.51,7592.0
12:18,8.52,8.52,8.52,8.52,23005.0
12:19,8.52,8.52,8.52,8.52,23249.0
12:20,8.52,8.52,8.51,8.52,17630.0
12:21,8.52,8.52,8.51,8.52,15621.0
12:22,8.51,8.52,8.51,8.52,11123.0
12:23,8.52,8.52,8.51,8.52,10426.0
12:24,8.52,8.52,8.51,8.52,15180.0
12:25,8.52,8.52,8.51,8.52,24457.0
12:26,8.52,8.53,8.51,8.52,29440.0
12:27,8.53,8.53,8.52,8.52,34563.0
12:28,8.53,8.53,8.52,8.53,15988.0
12:29,8.53,8.53,8.52,8.53,9797.0
12:30,8.53,8.53,8.52,8.53,14017.0
12:31,8.53,8.53,8.52,8.53,19885.0
12:32,8.53,8.53,8.52,8.52,12089.0
12:33,8.52,8.53,8.52,8.53,20816.0
12:34,8.52,8.53,8.52,8.52,77307.0
12:35,8.52,8.52,8.52,8.52,69161.0
12:36,8.52,8.52,8.52,8.52,2600.0
12:37,8.52,8.52,8.51,8.52,113511.0
12:38,8.52,8.53,8.52,8.52,5243.0
12:39,8.52,8.52,8.52,8.52,14528.0
12:40,8.52,8.52,8.52,8.52,7344.0
12:41,8.53,8.53,8.52,8.52,8953.0
12:42,8.52,8.52,8.52,8.52,8128.0
12:43,8.52,8.53,8.52,8.53,6459.0
12:44,8.53,8.53,8.52,8.52,10148.0
12:45,8.53,8.53,8.52,8.53,28214.0
12:46,8.53,8.53,8.52,8.53,10079.0
12:47,8.52,8.53,8.52,8.53,33201.0
12:48,8.53,8.53,8.52,8.53,17184.0
12:49,8.53,8.53,8.52,8.53,49580.0
12:50,8.53,8.53,8.52,8.52,19506.0
12:51,8.53,8.53,8.52,8.53,12887.0
12:52,8.53,8.53,8.52,8.53,6864.0
12:53,8.52,8.53,8.52,8.53,13064.0
12:54,8.53,8.53,8.52,8.53,10926.0
12:55,8.53,8.53,8.52,8.52,21319.0
12:56,8.53,8.53,8.52,8.53,10659.0
12:57,8.53,8.53,8.52,8.53,8328.0
12:58,8.52,8.53,8.52,8.53,6903.0
12:59,8.53,8.53,8.52,8.52,7514.0
13:00,8.53,8.53,8.52,8.53,11524.0
13:01,8.52,8.53,8.52,8.53,6259.0
13:02,8.53,8.53,8.52,8.52,7712.0
13:03,8.52,8.53,8.52,8.52,16965.0
13:04,8.53,8.53,8.52,8.53,5093.0
13:05,8.53,8.53,8.52,8.52,28627.0
13:06,8.53,8.53,8.52,8.53,16020.0
13:07,8.52,8.53,8.52,8.52,21260.0
13:08,8.53,8.53,8.52,8.53,12013.0
13:09,8.53,8.53,8.52,8.52,7754.0
13:10,8.53,8.54,8.52,8.53,200049.0
13:11,8.53,8.53,8.52,8.52,11104.0
13:12,8.53,8.53,8.52,8.52,20979.0
13:13,8.52,8.53,8.52,8.52,5111.0
13:14,8.52,8.53,8.52,8.52,10364.0
13:15,8.52,8.53,8.52,8.52,20033.0
13:16,8.52,8.52,8.52,8.52,8554.0
13:17,8.52,8.53,8.52,8.52,11601.0
13:18,8.52,8.53,8.52,8.52,5873.0
13:19,8.52,8.53,8.52,8.52,16343.0
13:20,8.52,8.53,8.52,8.52,6291.0
13:21,8.52,8.53,8.52,8.52,4407.0
13:22,8.52,8.53,8.52,8.52,12141.0
13:23,8.53,8.53,8.52,8.52,10245.0
13:24,8.52,8.53,8.52,8.52,13591.0
13:25,8.53,8.53,8.52,8.53,22182.0
13:26,8.52,8.53,8.52,8.52,9937.0
13:27,8.53,8.53,8.52,8.52,7537.0
13:28,8.52,8.53,8.52,8.53,6372.0
13:29,8.53,8.53,8.52,8.53,13287.0
13:30,8.52,8.53,8.51,8.52,131810.0
13:31,8.52,8.52,8.51,8.51,7800.0
13:32,8.52,8.52,8.51,8.51,15947.0
13:33,8.52,8.52,8.52,8.52,11205.0
13:34,8.51,8.52,8.51,8.52,6341.0
13:35,8.52,8.52,8.52,8.52,12494.0
13:36,8.52,8.52,8.52,8.52,9679.0
13:37,8.52,8.52,8.51,8.52,7768.0
13:38,8.51,8.52,8.51,8.52,6416.0
13:39,8.52,8.52,8.51,8.52,13741.0
13:40,8.52,8.52,8.52,8.52,7950.0
13:41,8.52,8.52,8.52,8.52,7258.0
13:42,8.52,8.52,8.51,8.52,11267.0
13:43,8.52,8.52,8.52,8.52,6609.0
13:44,8.52,8.52,8.52,8.52,14691.0
13:45,8.52,8.52,8.52,8.52,21912.0
13:46,8.52,8.52,8.52,8.52,16108.0
13:47,8.52,8.52,8.52,8.52,12265.0
13:48,8.51,8.52,8.51,8.52,12518.0
13:49,8.52,8.52,8.51,8.52,13844.0
13:50,8.52,8.52,8.51,8.52,12530.0
13:51,8.52,8.52,8.52,8.52,16021.0
13:52,8.51,8.52,8.51,8.52,13750.0
13:53,8.52,8.52,8.52,8.52,19775.0
13:54,8.52,8.52,8.52,8.52,11636.0
13:55,8.52,8.52,8.51,8.52,18390.0
13:56,8.53,8.53,8.52,8.52,67131.0
13:57,8.53,8.53,8.52,8.53,16208.0
13:58,8.52,8.53,8.52,8.53,17568.0
13:59,8.52,8.53,8.52,8.53,13445.0
14:00,8.52,8.53,8.52,8.53,26292.0
14:01,8.51,8.52,8.5,8.52,178333.0
14:02,8.51,8.51,8.5,8.51,14535.0
14:03,8.52,8.52,8.51,8.51,57948.0
14:04,8.51,8.52,8.51,8.51,5599.0
14:05,8.52,8.52,8.51,8.52,33808.0
14:06,8.51,8.52,8.51,8.52,7384.0
14:07,8.52,8.52,8.52,8.52,3795.0
14:08,8.51,8.52,8.51,8.52,11752.0
14:09,8.51,8.52,8.51,8.52,80535.0
14:10,8.51,8.51,8.51,8.51,15499.0
14:11,8.51,8.51,8.51,8.51,18913.0
14:12,8.5,8.51,8.5,8.51,86062.0
14:13,8.51,8.51,8.5,8.5,13583.0
14:14,8.5,8.51,8.5,8.51,6693.0
14:15,8.5,8.5,8.49,8.5,61725.0
14:16,8.49,8.49,8.49,8.49,15195.0
14:17,8.49,8.5,8.49,8.5,21982.0
14:18,8.49,8.5,8.49,8.49,12106.0
14:19,8.49,8.5,8.49,8.5,20182.0
14:20,8.49,8.5,8.49,8.49,13051.0
14:21,8.49,8.49,8.49,8.49,12839.0
14:22,8.49,8.5,8.49,8.5,9820.0
14:23,8.48,8.5,8.48,8.49,105997.0
14:24,8.48,8.49,8.48,8.48,12471.0
14:25,8.48,8.49,8.48,8.48,22362.0
14:26,8.48,8.49,8.48,8.49,20509.0
14:27,8.48,8.49,8.48,8.48,7917.0
14:28,8.48,8.49,8.48,8.48,9079.0
14:29,8.48,8.49,8.48,8.48,9466.0
14:30,8.49,8.49,8.48,8.48,15178.0
14:31,8.49,8.49,8.48,8.49,8290.0
14:32,8.49,8.49,8.48,8.49,8485.0
14:33,8.49,8.49,8.48,8.48,181621.0
14:34,8.49,8.5,8.49,8.49,14720.0
14:35,8.5,8.5,8.49,8.5,11161.0
14:36,8.5,8.5,8.49,8.49,23409.0
14:37,8.49,8.5,8.49,8.49,9769.0
14:38,8.49,8.5,8.49,8.49,20408.0
14:39,8.49,8.5,8.49,8.49,31621.0
14:40,8.49,8.5,8.49,8.49,10867.0
14:41,8.5,8.5,8.49,8.49,8863.0
14:42,8.49,8.5,8.49,8.49,15566.0
14:43,8.48,8.5,8.48,8.49,134951.0
14:44,8.48,8.49,8.48,8.48,10064.0
14:45,8.49,8.49,8.48,8.49,133368.0
14:46,8.48,8.49,8.48,8.49,25210.0
14:47,8.48,8.49,8.48,8.48,12355.0
14:48,8.48,8.48,8.48,8.48,10694.0
14:49,8.48,8.49,8.48,8.48,7104.0
14:50,8.49,8.49,8.48,8.48,11177.0
14:51,8.49,8.49,8.48,8.48,9032.0
14:52,8.48,8.49,8.48,8.48,12987.0
14:53,8.48,8.49,8.48,8.48,17277.0
14:54,8.48,8.48,8.48,8.48,8519.0
14:55,8.48,8.49,8.48,8.48,23776.0
14:56,8.49,8.49,8.48,8.48,27008.0
14:57,8.48,8.49,8.48,8.48,8521.0
14:58,8.48,8.49,8.48,8.48,18988.0
14:59,8.47,8.48,8.47,8.48,142885.0
15:00,8.48,8.48,8.47,8.48,32850.0
15:01,8.48,8.48,8.48,8.48,9834.0
15:02,8.48,8.48,8.47,8.48,9062.0
15:03,8.48,8.49,8.48,8.48,123951.0
15:04,8.48,8.49,8.48,8.48,47540.0
15:05,8.48,8.49,8.48,8.49,29264.0
15:06,8.48,8.49,8.48,8.48,90682.0
15:07,8.48,8.49,8.48,8.48,37383.0
15:08,8.49,8.49,8.48,8.48,192380.0
15:09,8.48,8.49,8.48,8.49,27132.0
15:10,8.48,8.49,8.48,8.48,6057.0
15:11,8.48,8.49,8.48,8.49,15928.0
15:12,8.48,8.49,8.48,8.48,10978.0
15:13,8.49,8.49,8.48,8.49,15032.0
15:14,8.49,8.5,8.48,8.49,81374.0
15:15,8.49,8.5,8.49,8.49,14794.0
15:16,8.49,8.5,8.49,8.49,56629.0
15:17,8.49,8.5,8.49,8.49,13348.0
15:18,8.49,8.5,8.49,8.49,16125.0
15:19,8.49,8.5,8.49,8.49,21196.0
15:20,8.49,8.5,8.49,8.49,50070.0
15:21,8.49,8.49,8.49,8.49,11556.0
15:22,8.49,8.5,8.49,8.5,20538.0
15:23,8.49,8.5,8.49,8.49,29319.0
15:24,8.48,8.49,8.48,8.49,129741.0
15:25,8.48,8.48,8.48,8.48,16356.0
15:26,8.48,8.48,8.48,8.48,18689.0
15:27,8.48,8.48,8.48,8.48,18183.0
15:28,8.48,8.49,8.48,8.48,22468.0
15:29,8.48,8.49,8.48,8.48,25595.0
15:30,8.48,8.48,8.48,8.48,185543.0
15:31,8.48,8.48,8.48,8.48,31913.0
15:32,8.48,8.48,8.47,8.48,24298.0
15:33,8.48,8.48,8.47,8.48,19169.0
15:34,8.48,8.48,8.47,8.48,40888.0
15:35,8.48,8.49,8.47,8.47,290431.0
15:36,8.48,8.48,8.47,8.48,24829.0
15:37,8.48,8.48,8.47,8.48,113766.0
15:38,8.48,8.48,8.47,8.48,36753.0
15:39,8.47,8.48,8.47,8.48,32748.0
15:40,8.48,8.48,8.47,8.48,34013.0
15:41,8.48,8.48,8.47,8.48,36681.0
15:42,8.48,8.48,8.47,8.48,42885.0
15:43,8.47,8.48,8.46,8.47,188587.0
15:44,8.48,8.48,8.46,8.47,187774.0
15:45,8.48,8.48,8.47,8.48,181927.0
15:46,8.48,8.48,8.47,8.48,54213.0
15:47,8.47,8.48,8.47,8.48,48479.0
15:48,8.47,8.48,8.46,8.48,142074.0
15:49,8.47,8.48,8.46,8.47,234238.0
15:50,8.48,8.48,8.47,8.48,405443.0
15:51,8.48,8.48,8.47,8.47,74976.0
15:52,8.48,8.48,8.47,8.48,85243.0
15:53,8.48,8.48,8.47,8.48,91874.0
15:54,8.48,8.48,8.47,8.48,109976.0
15:55,8.48,8.49,8.48,8.48,750517.0
15:56,8.48,8.48,8.48,8.48,152732.0
15:57,8.48,8.48,8.47,8.48,269835.0
15:58,8.48,8.48,8.47,8.48,432506.0
15:59,8.47,8.48,8.46,8.48,1130210.0
