Time,Close,High,Low,Open,Volume
09:30,8.55,8.55,8.5,8.51,402144.0
09:31,8.53,8.56,8.53,8.55,43383.0
09:32,8.53,8.54,8.53,8.54,3192.0
09:33,8.53,8.54,8.53,8.53,11956.0
09:34,8.53,8.54,8.53,8.53,124304.0
09:35,8.53,8.54,8.53,8.53,15548.0
09:36,8.53,8.54,8.52,8.53,76632.0
09:37,8.52,8.53,8.52,8.53,14082.0
09:38,8.52,8.53,8.52,8.52,4365.0
09:39,8.55,8.55,8.52,8.52,49963.0
09:40,8.56,8.56,8.54,8.54,31393.0
09:41,8.56,8.56,8.56,8.56,1804.0
09:42,8.56,8.56,8.56,8.56,6494.0
09:43,8.56,8.56,8.55,8.56,26203.0
09:44,8.55,8.56,8.55,8.56,10353.0
09:45,8.55,8.56,8.55,8.55,68095.0
09:46,8.55,8.56,8.54,8.56,19954.0
09:47,8.54,8.55,8.54,8.55,9536.0
09:48,8.56,8.56,8.55,8.55,47495.0
09:49,8.55,8.56,8.55,8.56,12075.0
09:50,8.56,8.56,8.56,8.56,10250.0
09:51,8.56,8.56,8.55,8.56,16055.0
09:52,8.55,8.56,8.55,8.56,26725.0
09:53,8.54,8.55,8.54,8.55,14194.0
09:54,8.54,8.55,8.54,8.54,13151.0
09:55,8.55,8.55,8.54,8.55,13476.0
09:56,8.54,8.55,8.54,8.55,18973.0
09:57,8.54,8.55,8.54,8.55,16399.0
09:58,8.54,8.55,8.54,8.55,11146.0
09:59,8.54,8.55,8.54,8.55,17570.0
10:00,8.55,8.55,8.54,8.55,20928.0
10:01,8.55,8.55,8.54,8.55,9537.0
10:02,8.54,8.55,8.54,8.55,15763.0
10:03,8.55,8.55,8.54,8.54,13357.0
10:04,8.53,8.56,8.53,8.55,142819.0
10:05,8.53,8.54,8.53,8.54,8673.0
10:06,8.53,8.54,8.53,8.54,13321.0
10:07,8.53,8.54,8.53,8.53,6330.0
10:08,8.53,8.54,8.53,8.53,25068.0
10:09,8.56,8.56,8.54,8.54,185389.0
10:10,8.55,8.56,8.55,8.55,5877.0
10:11,8.57,8.57,8.56,8.56,48772.0
10:12,8.57,8.57,8.56,8.57,18453.0
10:13,8.57,8.58,8.57,8.57,29491.0
10:14,8.57,8.58,8.57,8.57,41249.0
10:15,8.57,8.58,8.57,8.57,17650.0
10:16,8.57,8.58,8.57,8.57,12992.0
10:17,8.57,8.58,8.57,8.57,18632.0
10:18,8.57,8.58,8.57,8.57,10158.0
10:19,8.6,8.6,8.57,8.57,146485.0
10:20,8.6,8.61,8.6,8.6,49000.0
10:21,8.6,8.61,8.6,8.6,11111.0
10:22,8.6,8.61,8.6,8.6,21659.0
10:23,8.6,8.61,8.6,8.61,6117.0
10:24,8.6,8.61,8.6,8.6,40432.0
10:25,8.6,8.61,8.6,8.6,15659.0
10:26,8.6,8.6,8.6,8.6,198728.0
10:27,8.6,8.6,8.59,8.6,26578.0
10:28,8.6,8.6,8.6,8.6,9582.0
10:29,8.6,8.6,8.6,8.6,93881.0
10:30,8.61,8.61,8.6,8.6,8316.0
10:31,8.6,8.61,8.6,8.61,33562.0
10:32,8.6,8.61,8.6,8.6,16378.0
10:33,8.6,8.61,8.6,8.6,9644.0
10:34,8.6,8.6,8.6,8.6,9869.0
10:35,8.6,8.61,8.6,8.61,13796.0
10:36,8.6,8.61,8.6,8.6,13815.0
10:37,8.6,8.61,8.6,8.6,8713.0
10:38,8.6,8.61,8.6,8.6,25459.0
10:39,8.6,8.61,8.6,8.6,15255.0
10:40,8.6,8.61,8.6,8.6,8588.0
10:41,8.6,8.61,8.6,8.6,25548.0
10:42,8.6,8.61,8.6,8.6,13281.0
10:43,8.6,8.61,8.6,8.6,12509.0
10:44,8.6,8.6,8.6,8.6,60004.0
10:45,8.6,8.61,8.6,8.6,103002.0
10:46,8.6,8.61,8.6,8.6,15478.0
10:47,8.6,8.61,8.6,8.6,21563.0
10:48,8.6,8.61,8.6,8.6,12484.0
10:49,8.6,8.61,8.6,8.6,13730.0
10:50,8.6,8.61,8.6,8.6,18502.0
10:51,8.6,8.61,8.6,8.6,38721.0
10:52,8.6,8.61,8.6,8.61,31979.0
10:53,8.6,8.61,8.59,8.6,316491.0
10:54,8.59,8.6,8.59,8.6,10515.0
10:55,8.6,8.6,8.59,8.6,22526.0
10:56,8.6,8.6,8.59,8.59,10708.0
10:57,8.6,8.6,8.59,8.6,13236.0
10:58,8.6,8.6,8.59,8.6,31471.0
10:59,8.6,8.6,8.6,8.6,25070.0
11:00,8.6,8.6,8.59,8.6,15088.0
11:01,8.59,8.6,8.59,8.6,25443.0
11:02,8.6,8.6,8.59,8.6,17344.0
11:03,8.6,8.6,8.59,8.6,12989.0
11:04,8.59,8.6,8.59,8.59,11929.0
11:05,8.6,8.6,8.59,8.6,12671.0
11:06,8.59,8.6,8.59,8.6,22921.0
11:07,8.6,8.6,8.59,8.6,13997.0
11:08,8.6,8.6,8.6,8.6,97895.0
11:09,8.6,8.61,8.6,8.61,10546.0
11:10,8.6,8.61,8.6,8.6,19478.0
11:11,8.6,8.61,8.6,8.6,30254.0
11:12,8.61,8.62,8.6,8.61,92201.0
11:13,8.61,8.62,8.61,8.61,61257.0
11:14,8.61,8.62,8.61,8.61,13290.0
11:15,8.62,8.62,8.61,8.61,14240.0
11:16,8.61,8.62,8.61,8.61,46781.0
11:17,8.62,8.62,8.61,8.61,12985.0
11:18,8.61,8.62,8.61,8.61,7491.0
11:19,8.61,8.62,8.61,8.61,17040.0
11:20,8.61,8.62,8.61,8.61,9568.0
11:21,8.61,8.61,8.61,8.61,8984.0
11:22,8.62,8.63,8.61,8.61,83463.0
11:23,8.62,8.62,8.62,8.62,7635.0
11:24,8.62,8.63,8.62,8.62,11967.0
11:25,8.62,8.63,8.62,8.62,15812.0
11:26,8.62,8.63,8.62,8.63,11173.0
11:27,8.62,8.63,8.62,8.62,5089.0
11:28,8.62,8.63,8.62,8.63,6698.0
11:29,8.62,8.63,8.62,8.63,10717.0
11:30,8.63,8.63,8.62,8.62,13298.0
11:31,8.62,8.63,8.62,8.62,19183.0
11:32,8.62,8.63,8.62,8.63,28385.0
11:33,8.62,8.62,8.62,8.62,11405.0
11:34,8.62,8.63,8.62,8.62,13094.0
11:35,8.62,8.62,8.62,8.62,10091.0
11:36,8.62,8.62,8.62,8.62,10496.0
11:37,8.62,8.63,8.62,8.62,45057.0
11:38,8.62,8.63,8.62,8.62,9975.0
11:39,8.62,8.62,8.62,8.62,8260.0
11:40,8.62,8.63,8.62,8.62,13319.0
11:41,8.62,8.63,8.62,8.62,33012.0
11:42,8.62,8.63,8.62,8.62,11366.0
11:43,8.62,8.63,8.62,8.62,19706.0
11:44,8.62,8.63,8.62,8.62,46363.0
11:45,8.63,8.63,8.62,8.63,45092.0
11:46,8.64,8.64,8.62,8.63,130319.0
11:47,8.64,8.64,8.63,8.64,9166.0
11:48,8.64,8.64,8.63,8.64,7647.0
11:49,8.64,8.64,8.64,8.64,33107.0
11:50,8.64,8.65,8.63,8.64,304935.0
11:51,8.64,8.64,8.64,8.64,15834.0
11:52,8.64,8.64,8.63,8.64,6689.0
11:53,8.64,8.64,8.64,8.64,7227.0
11:54,8.64,8.64,8.64,8.64,9397.0
11:55,8.64,8.64,8.64,8.64,5710.0
11:56,8.64,8.64,8.64,8.64,5007.0
11:57,8.64,8.64,8.64,8.64,7296.0
11:58,8.64,8.64,8.63,8.64,11285.0
11:59,8.64,8.64,8.64,8.64,10436.0
12:00,8.63,8.64,8.63,8.64,23485.0
12:01,8.64,8.64,8.64,8.64,13744.0
12:02,8.65,8.65,8.63,8.64,147484.0
12:03,8.64,8.65,8.63,8.64,45591.0
12:04,8.64,8.64,8.64,8.64,10079.0
12:05,8.64,8.64,8.64,8.64,3780.0
12:06,8.64,8.64,8.64,8.64,3013.0
12:07,8.64,8.64,8.64,8.64,4822.0
12:08,8.64,8.64,8.63,8.64,11040.0
12:09,8.64,8.64,8.64,8.64,14324.0
12:10,8.64,8.64,8.63,8.64,26468.0
12:11,8.64,8.64,8.64,8.64,3688.0
12:12,8.64,8.64,8.63,8.64,25353.0
12:13,8.63,8.64,8.63,8.63,9320.0
12:14,8.64,8.64,8.63,8.63,14310.0
12:15,8.63,8.64,8.63,8.63,14869.0
12:16,8.63,8.64,8.63,8.64,19943.0
12:17,8.62,8.64,8.62,8.63,141626.0
12:18,8.62,8.63,8.62,8.62,9983.0
12:19,8.62,8.63,8.62,8.62,10498.0
12:20,8.62,8.62,8.62,8.62,8356.0
12:21,8.62,8.63,8.62,8.62,10473.0
12:22,8.62,8.63,8.62,8.63,20856.0
12:23,8.62,8.63,8.62,8.62,13746.0
12:24,8.63,8.63,8.62,8.62,10304.0
12:25,8.62,8.63,8.62,8.62,7987.0
12:26,8.62,8.63,8.62,8.62,10346.0
12:27,8.62,8.63,8.62,8.62,8906.0
12:28,8.62,8.63,8.62,8.62,26752.0
12:29,8.63,8.63,8.62,8.62,6725.0
12:30,8.62,8.63,8.62,8.62,15371.0
12:31,8.65,8.65,8.62,8.62,214219.0
12:32,8.65,8.65,8.65,8.65,4937.0
12:33,8.65,8.65,8.64,8.65,33898.0
12:34,8.64,8.65,8.64,8.64,189983.0
12:35,8.64,8.64,8.64,8.64,37607.0
12:36,8.64,8.64,8.64,8.64,20114.0
12:37,8.64,8.64,8.64,8.64,45274.0
12:38,8.64,8.64,8.64,8.64,19253.0
12:39,8.64,8.64,8.64,8.64,7422.0
12:40,8.64,8.64,8.63,8.64,11675.0
12:41,8.64,8.64,8.63,8.64,9268.0
12:42,8.64,8.64,8.63,8.64,16522.0
12:43,8.62,8.64,8.62,8.63,215194.0
12:44,8.63,8.63,8.62,8.63,18164.0
12:45,8.64,8.64,8.62,8.63,80225.0
12:46,8.65,8.65,8.64,8.64,120418.0
12:47,8.64,8.65,8.64,8.64,45804.0
12:48,8.65,8.65,8.64,8.64,12928.0
12:49,8.65,8.65,8.64,8.65,23364.0
12:50,8.65,8.65,8.65,8.65,6199.0
12:51,8.65,8.65,8.64,8.65,9965.0
12:52,8.64,8.65,8.64,8.65,22035.0
12:53,8.65,8.65,8.64,8.65,70496.0
12:54,8.64,8.65,8.64,8.65,50679.0
12:55,8.65,8.65,8.64,8.64,5503.0
12:56,8.65,8.65,8.64,8.64,19811.0
12:57,8.65,8.65,8.64,8.65,23407.0
12:58,8.65,8.65,8.64,8.64,9741.0
12:59,8.65,8.65,8.64,8.65,23560.0
13:00,8.65,8.65,8.64,8.65,13366.0
13:01,8.65,8.65,8.64,8.65,17260.0
13:02,8.65,8.65,8.65,8.65,12127.0
13:03,8.65,8.65,8.64,8.65,19144.0
13:04,8.64,8.65,8.64,8.65,7509.0
13:05,8.65,8.65,8.64,8.65,29789.0
13:06,8.65,8.65,8.64,8.65,8707.0
13:07,8.64,8.65,8.63,8.64,76381.0
13:08,8.64,8.64,8.63,8.64,7617.0
13:09,8.63,8.64,8.62,8.64,55780.0
13:10,8.62,8.63,8.62,8.63,17022.0
13:11,8.62,8.63,8.62,8.63,8355.0
13:12,8.62,8.63,8.62,8.62,14949.0
13:13,8.62,8.63,8.62,8.63,15406.0
13:14,8.63,8.63,8.62,8.62,67656.0
13:15,8.63,8.63,8.62,8.63,32372.0
13:16,8.63,8.63,8.62,8.63,26564.0
13:17,8.63,8.63,8.62,8.63,20090.0
13:18,8.62,8.64,8.62,8.63,167419.0
13:19,8.62,8.63,8.62,8.62,2695.0
13:20,8.61,8.62,8.61,8.62,23919.0
13:21,8.61,8.61,8.61,8.61,2761.0
13:22,8.61,8.62,8.61,8.62,4512.0
13:23,8.62,8.62,8.61,8.61,53006.0
13:24,8.62,8.62,8.62,8.62,6868.0
13:25,8.62,8.62,8.62,8.62,2748.0
13:26,8.62,8.62,8.62,8.62,11604.0
13:27,8.62,8.63,8.62,8.62,15651.0
13:28,8.61,8.63,8.61,8.63,55274.0
13:29,8.61,8.61,8.61,8.61,6949.0
13:30,8.61,8.61,8.61,8.61,2738.0
13:31,8.61,8.61,8.61,8.61,3948.0
13:32,8.61,8.62,8.61,8.61,7272.0
13:33,8.61,8.61,8.61,8.61,5654.0
13:34,8.61,8.62,8.61,8.61,7897.0
13:35,8.61,8.61,8.61,8.61,16984.0
13:36,8.62,8.62,8.61,8.61,6938.0
13:37,8.61,8.61,8.61,8.61,10856.0
13:38,8.61,8.61,8.61,8.61,9533.0
13:39,8.61,8.62,8.61,8.61,16932.0
13:40,8.61,8.62,8.61,8.62,8621.0
13:41,8.61,8.62,8.61,8.61,9952.0
13:42,8.61,8.61,8.61,8.61,6691.0
13:43,8.61,8.61,8.61,8.61,23070.0
13:44,8.6,8.62,8.6,8.61,38246.0
13:45,8.6,8.6,8.6,8.6,6771.0
13:46,8.6,8.61,8.6,8.6,14449.0
13:47,8.61,8.61,8.6,8.6,19703.0
13:48,8.61,8.62,8.6,8.6,94018.0
13:49,8.61,8.62,8.61,8.62,9071.0
13:50,8.61,8.62,8.61,8.61,6436.0
13:51,8.61,8.62,8.61,8.61,22989.0
13:52,8.61,8.61,8.61,8.61,11940.0
13:53,8.62,8.62,8.61,8.61,8667.0
13:54,8.61,8.61,8.61,8.61,5827.0
13:55,8.61,8.62,8.61,8.61,18679.0
13:56,8.61,8.62,8.61,8.62,55347.0
13:57,8.61,8.62,8.61,8.62,14220.0
13:58,8.61,8.62,8.61,8.61,12760.0
13:59,8.62,8.62,8.61,8.62,33766.0
14:00,8.62,8.62,8.61,8.62,86147.0
14:01,8.63,8.63,8.62,8.63,30403.0
14:02,8.62,8.63,8.62,8.63,20564.0
14:03,8.62,8.63,8.62,8.63,9054.0
14:04,8.62,8.63,8.62,8.62,8760.0
14:05,8.62,8.63,8.62,8.62,12739.0
14:06,8.62,8.63,8.62,8.62,13185.0
14:07,8.61,8.62,8.61,8.62,111110.0
14:08,8.61,8.62,8.61,8.62,30432.0
14:09,8.61,8.61,8.61,8.61,3768.0
14:10,8.61,8.62,8.61,8.62,10185.0
14:11,8.61,8.62,8.61,8.62,10193.0
14:12,8.61,8.62,8.61,8.61,9334.0
14:13,8.62,8.62,8.61,8.61,21096.0
14:14,8.61,8.62,8.61,8.62,9748.0
14:15,8.62,8.62,8.61,8.61,11094.0
14:16,8.62,8.62,8.61,8.61,22281.0
14:17,8.62,8.62,8.61,8.62,96372.0
14:18,8.62,8.63,8.62,8.62,94376.0
14:19,8.62,8.63,8.62,8.62,49546.0
14:20,8.62,8.63,8.62,8.62,86415.0
14:21,8.62,8.62,8.62,8.62,14469.0
14:22,8.62,8.63,8.62,8.62,14605.0
14:23,8.62,8.63,8.62,8.62,10539.0
14:24,8.62,8.62,8.62,8.62,3912.0
14:25,8.62,8.63,8.62,8.62,4436.0
14:26,8.63,8.63,8.62,8.62,6509.0
14:27,8.62,8.63,8.62,8.63,8705.0
14:28,8.62,8.63,8.62,8.62,11814.0
14:29,8.62,8.63,8.62,8.63,52876.0
14:30,8.62,8.63,8.62,8.62,9344.0
14:31,8.62,8.63,8.62,8.62,12995.0
14:32,8.62,8.63,8.62,8.63,21675.0
14:33,8.62,8.63,8.62,8.62,19688.0
14:34,8.62,8.63,8.62,8.62,9804.0
14:35,8.62,8.62,8.62,8.62,18858.0
14:36,8.62,8.63,8.62,8.62,23290.0
14:37,8.62,8.63,8.62,8.62,30078.0
14:38,8.62,8.63,8.62,8.62,19054.0
14:39,8.62,8.63,8.62,8.62,17314.0
14:40,8.62,8.63,8.62,8.62,14747.0
14:41,8.62,8.63,8.62,8.62,12500.0
14:42,8.62,8.63,8.62,8.62,6799.0
14:43,8.62,8.63,8.61,8.62,71189.0
14:44,8.61,8.62,8.61,8.62,11142.0
14:45,8.61,8.62,8.61,8.61,10143.0
14:46,8.61,8.62,8.61,8.61,14240.0
14:47,8.61,8.62,8.61,8.62,10413.0
14:48,8.62,8.62,8.61,8.61,18616.0
14:49,8.61,8.62,8.61,8.61,13177.0
14:50,8.61,8.62,8.61,8.61,12262.0
14:51,8.61,8.62,8.61,8.61,15591.0
14:52,8.61,8.62,8.61,8.61,27012.0
14:53,8.61,8.62,8.61,8.61,29296.0
14:54,8.61,8.62,8.61,8.61,8570.0
14:55,8.61,8.62,8.61,8.61,28175.0
14:56,8.61,8.62,8.61,8.62,18046.0
14:57,8.61,8.62,8.61,8.62,8829.0
14:58,8.61,8.62,8.61,8.61,7130.0
14:59,8.6,8.62,8.6,8.61,115493.0
15:00,8.6,8.6,8.6,8.6,70365.0
15:01,8.6,8.61,8.6,8.6,6371.0
15:02,8.62,8.62,8.6,8.6,165201.0
15:03,8.61,8.61,8.61,8.61,23987.0
15:04,8.61,8.61,8.61,8.61,16837.0
15:05,8.61,8.62,8.61,8.61,14647.0
15:06,8.62,8.62,8.61,8.61,11102.0
15:07,8.61,8.61,8.61,8.61,12347.0
15:08,8.61,8.61,8.6,8.61,213672.0
15:09,8.6,8.62,8.6,8.61,47053.0
15:10,8.61,8.62,8.6,8.6,117591.0
15:11,8.61,8.62,8.61,8.62,20853.0
15:12,8.61,8.61,8.61,8.61,5701.0
15:13,8.61,8.61,8.61,8.61,8356.0
15:14,8.61,8.62,8.61,8.61,22792.0
15:15,8.61,8.62,8.61,8.62,16445.0
15:16,8.61,8.62,8.61,8.61,25026.0
15:17,8.61,8.62,8.61,8.61,9837.0
15:18,8.61,8.62,8.61,8.61,20746.0
15:19,8.61,8.62,8.61,8.61,21688.0
15:20,8.61,8.61,8.61,8.61,13821.0
15:21,8.62,8.62,8.61,8.61,17644.0
15:22,8.61,8.61,8.61,8.61,13678.0
15:23,8.61,8.62,8.61,8.61,8672.0
15:24,8.61,8.62,8.61,8.61,18985.0
15:25,8.62,8.62,8.61,8.61,10523.0
15:26,8.61,8.61,8.61,8.61,8946.0
15:27,8.61,8.61,8.61,8.61,9183.0
15:28,8.61,8.62,8.61,8.61,21262.0
15:29,8.61,8.61,8.61,8.61,28229.0
15:30,8.61,8.62,8.61,8.61,73603.0
15:31,8.61,8.61,8.61,8.61,8834.0
15:32,8.61,8.61,8.61,8.61,22836.0
15:33,8.61,8.62,8.61,8.61,37237.0
15:34,8.61,8.61,8.61,8.61,16916.0
15:35,8.61,8.61,8.61,8.61,19056.0
15:36,8.6,8.61,8.6,8.61,121812.0
15:37,8.6,8.61,8.6,8.6,87158.0
15:38,8.6,8.61,8.6,8.6,58531.0
15:39,8.6,8.6,8.6,8.6,33248.0
15:40,8.6,8.61,8.6,8.6,48377.0
15:41,8.6,8.61,8.6,8.6,31684.0
15:42,8.6,8.61,8.6,8.6,22818.0
15:43,8.62,8.62,8.6,8.6,171040.0
15:44,8.61,8.62,8.61,8.61,16935.0
15:45,8.61,8.62,8.61,8.61,57947.0
15:46,8.61,8.62,8.61,8.61,14439.0
15:47,8.61,8.62,8.61,8.61,31173.0
15:48,8.61,8.62,8.61,8.61,47022.0
15:49,8.61,8.62,8.61,8.61,98806.0
15:50,8.61,8.62,8.61,8.61,79458.0
15:51,8.61,8.61,8.61,8.61,183426.0
15:52,8.6,8.61,8.6,8.61,248995.0
15:53,8.6,8.61,8.6,8.6,174082.0
15:54,8.6,8.6,8.6,8.6,43751.0
15:55,8.6,8.61,8.6,8.6,182319.0
15:56,8.6,8.61,8.6,8.6,208521.0
15:57,8.62,8.62,8.6,8.6,690459.0
15:58,8.62,8.62,8.61,8.62,342671.0
15:59,8.6,8.62,8.6,8.61,727550.0
