Time,Close,High,Low,Open,Volume
09:30,310.23,310.63,310.1,310.18,200760.0
09:31,310.61,310.94,309.5,310.29,39823.0
09:32,310.9,311.18,310.36,310.72,26342.0
09:33,311.23,311.62,310.89,310.9,30756.0
09:34,311.33,311.75,311.23,311.4,22006.0
09:35,311.0,311.31,310.73,311.15,36388.0
09:36,311.25,311.5,311.0,311.0,13571.0
09:37,310.77,311.28,310.67,311.28,20579.0
09:38,310.83,311.08,310.74,310.87,22020.0
09:39,310.85,310.95,310.7,310.94,12398.0
09:40,311.14,311.32,310.76,310.83,37781.0
09:41,310.64,311.19,310.47,311.03,82376.0
09:42,310.57,310.77,310.48,310.64,44054.0
09:43,310.48,310.96,310.39,310.69,23509.0
09:44,310.16,310.62,310.16,310.62,11687.0
09:45,310.03,310.17,309.76,310.01,19348.0
09:46,310.5,310.86,309.91,310.0,18531.0
09:47,310.38,310.72,310.13,310.59,13782.0
09:48,309.88,310.44,309.88,310.44,14852.0
09:49,309.79,310.06,309.74,309.91,14803.0
09:50,310.01,310.04,309.64,309.74,19755.0
09:51,309.38,310.06,309.38,310.04,23803.0
09:52,309.68,309.68,309.33,309.39,7055.0
09:53,309.54,309.68,309.3,309.68,13480.0
09:54,309.28,309.54,309.08,309.54,15740.0
09:55,308.7,309.33,308.67,309.33,13202.0
09:56,308.46,308.85,308.43,308.76,21563.0
09:57,308.87,309.0,308.35,308.39,27120.0
09:58,308.42,308.92,308.34,308.92,16589.0
09:59,308.05,308.39,307.94,308.39,40886.0
10:00,307.67,308.25,307.61,308.16,37634.0
10:01,307.13,307.66,306.8,307.65,44090.0
10:02,306.82,307.27,306.64,307.01,36922.0
10:03,305.88,307.0,305.54,306.96,59181.0
10:04,306.73,306.85,305.8,305.88,32852.0
10:05,305.89,306.65,305.86,306.63,23524.0
10:06,305.73,306.03,305.39,306.02,30242.0
10:07,306.0,306.06,305.56,305.81,19306.0
10:08,306.05,306.54,305.54,305.95,41055.0
10:09,305.57,306.14,305.13,306.14,48180.0
10:10,305.85,306.06,305.43,305.63,46943.0
10:11,305.9,306.09,305.69,305.88,24653.0
10:12,306.08,306.5,305.76,305.8,32730.0
10:13,306.26,306.43,305.82,306.07,44502.0
10:14,307.02,307.04,306.26,306.31,46984.0
10:15,306.5,307.01,306.43,306.98,40989.0
10:16,306.43,306.61,306.05,306.52,26695.0
10:17,306.17,306.69,306.0,306.49,30741.0
10:18,306.19,306.37,306.1,306.17,28711.0
10:19,306.44,306.53,306.23,306.23,13682.0
10:20,306.57,306.6,306.34,306.54,14562.0
10:21,306.81,306.96,306.57,306.57,22226.0
10:22,306.7,306.94,306.65,306.94,12139.0
10:23,306.88,306.88,306.59,306.63,18339.0
10:24,307.09,307.25,306.75,306.88,29680.0
10:25,307.33,307.61,307.13,307.13,25519.0
10:26,307.46,307.52,307.16,307.3,12893.0
10:27,307.8,307.81,307.43,307.43,12702.0
10:28,307.76,308.06,307.76,307.76,25199.0
10:29,308.16,308.16,307.79,307.79,13875.0
10:30,308.58,308.58,308.01,308.16,20287.0
10:31,308.91,308.91,308.61,308.61,14589.0
10:32,309.12,309.24,308.78,308.88,17366.0
10:33,309.18,309.25,309.02,309.12,13940.0
10:34,309.26,309.34,309.14,309.14,12228.0
10:35,309.6,309.64,309.29,309.29,7768.0
10:36,309.72,309.72,309.49,309.66,14874.0
10:37,309.74,310.07,309.69,309.7,32480.0
10:38,309.64,309.84,309.52,309.71,11388.0
10:39,309.46,309.74,309.42,309.65,9689.0
10:40,309.51,309.64,309.41,309.46,16770.0
10:41,309.54,309.57,309.34,309.48,12606.0
10:42,309.87,309.92,309.61,309.61,14933.0
10:43,309.79,310.01,309.71,309.78,8652.0
10:44,309.91,310.02,309.82,309.82,8422.0
10:45,309.76,310.04,309.72,309.92,17151.0
10:46,309.78,309.8,309.49,309.76,11984.0
10:47,309.72,309.88,309.68,309.86,6655.0
10:48,309.87,309.87,309.68,309.81,8002.0
10:49,309.89,309.99,309.84,309.84,12221.0
10:50,309.86,310.04,309.84,309.9,7373.0
10:51,309.69,309.86,309.63,309.83,12825.0
10:52,309.67,309.83,309.59,309.76,7470.0
10:53,310.07,310.08,309.85,309.85,6989.0
10:54,310.06,310.18,310.02,310.07,13124.0
10:55,310.07,310.09,309.89,310.0,11407.0
10:56,310.01,310.11,309.98,310.06,6318.0
10:57,309.82,310.02,309.82,310.02,10871.0
10:58,310.03,310.08,309.81,309.82,11761.0
10:59,310.04,310.06,309.89,310.02,16112.0
11:00,310.01,310.04,309.89,310.02,6429.0
11:01,310.07,310.08,309.88,309.99,7900.0
11:02,310.27,310.36,310.07,310.07,13607.0
11:03,310.34,310.34,310.21,310.27,10671.0
11:04,310.42,310.43,310.29,310.29,9060.0
11:05,310.52,310.55,310.42,310.45,11597.0
11:06,310.14,310.45,310.11,310.38,11097.0
11:07,310.28,310.4,310.14,310.16,11331.0
11:08,310.32,310.38,310.19,310.23,5454.0
11:09,310.34,310.35,310.27,310.27,4630.0
11:10,310.28,310.36,310.2,310.27,15548.0
11:11,310.29,310.29,310.25,310.25,1518.0
11:12,310.18,310.36,310.09,310.28,6699.0
11:13,310.22,310.23,310.08,310.17,9944.0
11:14,310.05,310.17,309.96,310.17,13164.0
11:15,310.18,310.24,309.91,310.12,8760.0
11:16,310.34,310.35,310.16,310.18,21379.0
11:17,310.4,310.5,310.34,310.36,17178.0
11:18,310.33,310.39,310.18,310.37,16302.0
11:19,310.3,310.33,310.2,310.33,11813.0
11:20,310.26,310.39,310.26,310.36,7289.0
11:21,310.35,310.37,310.19,310.29,7125.0
11:22,310.39,310.41,310.3,310.38,6117.0
11:23,310.38,310.55,310.32,310.47,6111.0
11:24,310.49,310.54,310.33,310.4,8704.0
11:25,310.48,310.5,310.35,310.46,5508.0
11:26,310.48,310.61,310.43,310.53,8685.0
11:27,310.49,310.61,310.45,310.57,25478.0
11:28,310.41,310.49,310.31,310.49,14411.0
11:29,310.28,310.49,310.24,310.42,10105.0
11:30,310.27,310.31,310.22,310.28,25964.0
11:31,310.24,310.24,310.11,310.23,7315.0
11:32,310.18,310.27,310.16,310.2,13065.0
11:33,310.25,310.28,310.18,310.22,8537.0
11:34,310.29,310.33,310.22,310.25,8569.0
11:35,309.97,310.3,309.97,310.25,9969.0
11:36,309.91,310.04,309.91,310.04,3275.0
11:37,309.39,309.9,309.39,309.89,13709.0
11:38,309.2,309.37,309.2,309.37,3990.0
11:39,309.18,309.26,309.12,309.17,4851.0
11:40,309.07,309.15,309.0,309.13,13916.0
11:41,309.18,309.2,309.0,309.02,5059.0
11:42,309.08,309.2,309.08,309.14,10829.0
11:43,309.07,309.08,308.97,309.07,9724.0
11:44,309.12,309.13,309.03,309.1,12739.0
11:45,309.01,309.14,308.83,309.12,23541.0
11:46,308.9,309.07,308.9,309.0,13616.0
11:47,309.05,309.05,308.89,308.89,6743.0
11:48,309.05,309.09,308.88,309.05,17170.0
11:49,309.07,309.11,309.02,309.08,7203.0
11:50,309.15,309.15,309.05,309.11,11732.0
11:51,309.12,309.16,309.09,309.15,9819.0
11:52,309.13,309.19,309.04,309.12,12474.0
11:53,309.03,309.13,308.91,309.13,16262.0
11:54,308.86,309.03,308.83,308.95,13437.0
11:55,308.64,308.86,308.52,308.86,8572.0
11:56,308.54,308.62,308.46,308.6,13980.0
11:57,309.02,309.02,308.56,308.59,10795.0
11:58,308.99,309.03,308.89,308.99,10949.0
11:59,308.98,309.09,308.96,308.99,11618.0
12:00,308.95,309.01,308.89,308.95,9997.0
12:01,309.02,309.03,308.9,308.99,7594.0
12:02,309.13,309.13,309.02,309.04,5016.0
12:03,308.92,309.2,308.92,309.16,14188.0
12:04,308.95,308.98,308.92,308.98,4303.0
12:05,308.92,309.02,308.89,308.98,7209.0
12:06,308.76,308.95,308.76,308.93,7929.0
12:07,308.8,308.92,308.67,308.78,8610.0
12:08,308.89,308.89,308.81,308.81,6408.0
12:09,308.73,308.92,308.61,308.88,7280.0
12:10,308.52,308.67,308.52,308.67,5711.0
12:11,308.42,308.54,308.35,308.5,9305.0
12:12,308.23,308.44,308.23,308.43,4377.0
12:13,308.57,308.57,308.23,308.23,6453.0
12:14,308.36,308.57,308.34,308.57,46711.0
12:15,308.39,308.45,308.33,308.4,5583.0
12:16,308.5,308.57,308.35,308.37,8833.0
12:17,308.76,308.76,308.56,308.56,12421.0
12:18,308.55,308.79,308.55,308.76,10272.0
12:19,308.65,308.67,308.55,308.55,4974.0
12:20,308.68,308.77,308.56,308.71,7371.0
12:21,308.66,308.73,308.66,308.67,6638.0
12:22,308.75,308.75,308.7,308.7,5727.0
12:23,308.84,308.84,308.75,308.75,6112.0
12:24,308.85,308.89,308.77,308.81,7494.0
12:25,308.84,308.89,308.78,308.88,2367.0
12:26,308.95,308.95,308.82,308.86,9910.0
12:27,308.98,309.08,308.98,308.99,7567.0
12:28,309.1,309.19,308.99,309.02,19800.0
12:29,309.27,309.28,309.1,309.16,7468.0
12:30,309.08,309.17,309.08,309.15,7873.0
12:31,308.97,309.07,308.97,309.05,6769.0
12:32,308.95,309.03,308.9,308.99,5430.0
12:33,308.99,308.99,308.79,308.9,9709.0
12:34,308.85,309.0,308.82,308.92,3314.0
12:35,308.89,308.89,308.78,308.79,6815.0
12:36,308.94,308.94,308.82,308.82,3484.0
12:37,308.92,309.0,308.82,308.95,7674.0
12:38,308.83,308.9,308.7,308.9,4211.0
12:39,308.83,308.84,308.83,308.84,1698.0
12:40,308.62,308.76,308.56,308.76,19272.0
12:41,308.88,308.88,308.55,308.59,13810.0
12:42,309.07,309.07,308.86,308.86,5648.0
12:43,308.94,309.07,308.94,309.0,8489.0
12:44,308.96,308.96,308.81,308.88,8648.0
12:45,309.14,309.14,308.95,308.96,7259.0
12:46,309.25,309.3,309.17,309.17,5870.0
12:47,309.22,309.3,309.1,309.2,9909.0
12:48,309.26,309.3,309.17,309.18,5019.0
12:49,309.15,309.21,309.09,309.21,6482.0
12:50,309.21,309.23,309.16,309.21,2392.0
12:51,308.81,309.25,308.8,309.25,26933.0
12:52,308.67,308.8,308.67,308.8,4423.0
12:53,308.57,308.7,308.54,308.63,10722.0
12:54,308.32,308.57,308.27,308.57,9928.0
12:55,308.48,308.51,308.3,308.3,8435.0
12:56,308.44,308.53,308.34,308.5,10689.0
12:57,308.36,308.37,308.24,308.36,6731.0
12:58,308.52,308.52,308.36,308.36,5937.0
12:59,308.51,308.56,308.4,308.53,7162.0
13:00,308.57,308.61,308.43,308.52,12333.0
13:01,308.56,308.62,308.49,308.51,5874.0
13:02,308.78,308.78,308.62,308.62,7140.0
13:03,308.81,308.81,308.68,308.76,10194.0
13:04,309.01,309.01,308.86,308.86,4861.0
13:05,309.02,309.02,308.87,308.95,11705.0
13:06,308.96,309.09,308.96,309.07,6485.0
13:07,308.83,308.97,308.8,308.95,6277.0
13:08,308.85,308.93,308.8,308.93,3158.0
13:09,308.76,308.89,308.73,308.84,6578.0
13:10,308.55,308.79,308.49,308.79,4653.0
13:11,308.68,308.71,308.54,308.55,6698.0
13:12,308.76,308.91,308.7,308.7,18844.0
13:13,308.68,308.74,308.66,308.68,8679.0
13:14,308.66,308.76,308.65,308.69,6109.0
13:15,308.68,308.76,308.63,308.65,20375.0
13:16,308.65,308.69,308.55,308.65,4488.0
13:17,308.61,308.7,308.56,308.69,4513.0
13:18,308.41,308.65,308.32,308.65,8121.0
13:19,308.57,308.59,308.41,308.41,5571.0
13:20,308.57,308.57,308.52,308.54,4292.0
13:21,308.63,308.74,308.58,308.58,12651.0
13:22,308.66,308.69,308.54,308.66,5095.0
13:23,308.72,308.72,308.64,308.66,6514.0
13:24,308.81,308.85,308.69,308.69,7037.0
13:25,308.82,308.84,308.68,308.81,5809.0
13:26,308.64,308.78,308.5,308.78,6546.0
13:27,308.7,308.81,308.64,308.7,6244.0
13:28,308.74,308.78,308.65,308.75,5086.0
13:29,308.84,308.84,308.7,308.74,3356.0
13:30,308.74,308.87,308.74,308.85,8299.0
13:31,308.68,308.7,308.68,308.7,2942.0
13:32,308.56,308.68,308.52,308.68,8028.0
13:33,308.71,308.71,308.54,308.54,7187.0
13:34,308.68,308.75,308.64,308.7,5050.0
13:35,308.73,308.78,308.69,308.7,10034.0
13:36,308.71,308.73,308.66,308.73,5762.0
13:37,308.76,308.8,308.71,308.71,3409.0
13:38,308.66,308.83,308.64,308.76,7847.0
13:39,308.74,308.8,308.65,308.65,8160.0
13:40,308.78,308.82,308.69,308.74,6335.0
13:41,308.69,308.93,308.69,308.84,16192.0
13:42,308.61,308.68,308.6,308.65,4322.0
13:43,308.49,308.66,308.49,308.6,4758.0
13:44,308.36,308.54,308.35,308.5,15035.0
13:45,308.51,308.56,308.36,308.4,15426.0
13:46,308.34,308.52,308.24,308.52,7361.0
13:47,308.28,308.4,308.22,308.32,5731.0
13:48,308.39,308.39,308.28,308.28,3373.0
13:49,308.4,308.45,308.38,308.38,5812.0
13:50,308.39,308.4,308.35,308.4,1671.0
13:51,308.58,308.59,308.31,308.46,13524.0
13:52,308.51,308.69,308.51,308.61,9485.0
13:53,308.5,308.57,308.46,308.54,7429.0
13:54,308.74,308.76,308.48,308.49,7092.0
13:55,308.84,308.85,308.7,308.76,10942.0
13:56,308.78,308.87,308.73,308.83,4827.0
13:57,308.82,308.88,308.79,308.79,4829.0
13:58,308.9,308.9,308.73,308.73,4108.0
13:59,308.79,308.82,308.75,308.75,1716.0
14:00,308.8,308.81,308.75,308.76,6737.0
14:01,308.81,308.86,308.79,308.84,5587.0
14:02,308.96,309.03,308.88,308.88,4648.0
14:03,308.95,308.95,308.87,308.9,2188.0
14:04,308.95,308.95,308.89,308.9,2436.0
14:05,308.94,308.96,308.87,308.95,6545.0
14:06,309.06,309.08,308.9,308.9,6462.0
14:07,308.83,309.04,308.83,309.03,7155.0
14:08,308.7,308.77,308.6,308.74,4754.0
14:09,308.82,308.82,308.59,308.65,9368.0
14:10,309.0,309.0,308.75,308.75,3468.0
14:11,308.93,308.93,308.92,308.92,1963.0
14:12,309.07,309.07,308.97,309.0,2752.0
14:13,309.03,309.09,309.01,309.08,7736.0
14:14,309.04,309.09,309.0,309.09,3692.0
14:15,308.93,309.04,308.84,309.04,6673.0
14:16,308.96,309.0,308.92,309.0,3276.0
14:17,308.67,308.97,308.65,308.97,5535.0
14:18,308.46,308.66,308.45,308.61,8677.0
14:19,308.39,308.54,308.39,308.48,8088.0
14:20,308.44,308.44,308.27,308.37,7594.0
14:21,308.59,308.59,308.43,308.43,7731.0
14:22,308.88,308.88,308.59,308.59,7820.0
14:23,308.81,308.97,308.81,308.86,4075.0
14:24,308.71,308.9,308.71,308.9,8371.0
14:25,308.77,308.88,308.76,308.81,6745.0
14:26,308.73,308.77,308.67,308.77,5396.0
14:27,308.75,308.75,308.68,308.73,4484.0
14:28,308.75,308.87,308.61,308.61,7950.0
14:29,308.6,308.79,308.6,308.75,5438.0
14:30,308.67,308.73,308.65,308.65,2739.0
14:31,308.61,308.67,308.48,308.67,7497.0
14:32,308.59,308.64,308.52,308.64,6160.0
14:33,308.61,308.61,308.51,308.55,2544.0
14:34,308.46,308.58,308.37,308.56,11955.0
14:35,308.31,308.54,308.31,308.46,9846.0
14:36,308.44,308.51,308.31,308.45,3523.0
14:37,308.48,308.48,308.38,308.44,4010.0
14:38,308.39,308.49,308.39,308.48,6517.0
14:39,308.53,308.54,308.31,308.4,5167.0
14:40,308.42,308.49,308.4,308.49,5304.0
14:41,308.41,308.54,308.39,308.46,11743.0
14:42,308.44,308.5,308.4,308.45,7671.0
14:43,308.53,308.54,308.4,308.45,7764.0
14:44,308.38,308.54,308.35,308.54,6874.0
14:45,308.42,308.48,308.38,308.38,8176.0
14:46,308.44,308.47,308.38,308.45,4371.0
14:47,308.46,308.55,308.36,308.5,7900.0
14:48,308.43,308.52,308.39,308.52,5733.0
14:49,308.3,308.47,308.3,308.43,7346.0
14:50,308.32,308.33,308.26,308.32,3430.0
14:51,308.35,308.38,308.29,308.38,4012.0
14:52,308.34,308.42,308.28,308.36,5631.0
14:53,308.4,308.47,308.29,308.29,6635.0
14:54,308.36,308.39,308.33,308.38,5678.0
14:55,308.54,308.54,308.42,308.44,4818.0
14:56,308.15,308.54,308.15,308.54,23360.0
14:57,308.25,308.34,308.09,308.19,10930.0
14:58,308.31,308.38,308.24,308.27,4071.0
14:59,308.36,308.38,308.3,308.38,3511.0
15:00,308.35,308.37,308.32,308.36,10435.0
15:01,308.34,308.38,308.13,308.38,12469.0
15:02,308.33,308.33,308.3,308.32,4682.0
15:03,308.38,308.38,308.3,308.33,3434.0
15:04,308.18,308.38,308.13,308.37,13687.0
15:05,308.31,308.31,308.21,308.21,6735.0
15:06,308.3,308.39,308.26,308.32,7507.0
15:07,308.3,308.3,308.23,308.24,3992.0
15:08,308.21,308.29,308.11,308.25,13569.0
15:09,308.21,308.27,308.15,308.2,6408.0
15:10,308.13,308.32,308.13,308.25,10157.0
15:11,308.12,308.19,308.12,308.19,5228.0
15:12,308.15,308.22,308.05,308.14,11326.0
15:13,308.17,308.21,308.06,308.16,9520.0
15:14,308.0,308.22,308.0,308.18,12528.0
15:15,308.01,308.13,307.94,308.03,9954.0
15:16,307.95,308.07,307.95,308.05,5119.0
15:17,307.9,308.02,307.88,307.95,16369.0
15:18,307.94,308.01,307.9,307.9,17336.0
15:19,307.97,308.03,307.95,307.95,5604.0
15:20,307.96,308.0,307.93,308.0,6717.0
15:21,307.89,307.99,307.89,307.96,8087.0
15:22,308.16,308.16,307.9,307.9,13583.0
15:23,308.22,308.24,308.16,308.2,8808.0
15:24,308.19,308.19,308.11,308.19,10287.0
15:25,308.18,308.26,308.13,308.14,12178.0
15:26,308.24,308.3,308.17,308.17,6980.0
15:27,308.36,308.42,308.21,308.21,8480.0
15:28,308.24,308.32,308.15,308.32,7901.0
15:29,308.29,308.29,308.22,308.26,7837.0
15:30,308.29,308.32,308.26,308.28,8655.0
15:31,308.29,308.32,308.24,308.31,7678.0
15:32,308.35,308.35,308.19,308.26,10809.0
15:33,308.32,308.37,308.26,308.37,11892.0
15:34,308.36,308.38,308.32,308.33,7012.0
15:35,308.33,308.4,308.31,308.36,11722.0
15:36,308.42,308.42,308.33,308.33,6920.0
15:37,308.44,308.44,308.36,308.38,9537.0
15:38,308.51,308.51,308.43,308.43,7255.0
15:39,308.55,308.55,308.46,308.52,18942.0
15:40,308.56,308.6,308.52,308.54,7535.0
15:41,308.64,308.65,308.52,308.6,9498.0
15:42,308.67,308.69,308.55,308.65,39840.0
15:43,308.51,308.7,308.5,308.65,15943.0
15:44,308.68,308.68,308.55,308.55,9276.0
15:45,308.78,308.82,308.62,308.67,11874.0
15:46,308.72,308.82,308.72,308.78,12592.0
15:47,308.68,308.75,308.67,308.75,9772.0
15:48,308.75,308.75,308.66,308.68,9331.0
15:49,308.73,308.85,308.69,308.75,16209.0
15:50,308.8,308.85,308.67,308.79,14638.0
15:51,308.87,308.88,308.71,308.85,19251.0
15:52,308.97,309.01,308.8,308.87,15133.0
15:53,309.04,309.09,308.95,308.99,13793.0
15:54,309.11,309.13,308.99,309.05,20962.0
15:55,309.14,309.25,309.1,309.12,26688.0
15:56,309.1,309.17,309.08,309.15,23676.0
15:57,309.16,309.25,309.02,309.1,31256.0
15:58,309.2,309.2,309.08,309.17,48968.0
15:59,309.18,309.29,309.11,309.19,93887.0
