Time,Close,High,Low,Open,Volume
09:30,308.74,309.67,308.53,308.74,241108.0
09:31,308.84,309.09,308.45,308.75,22083.0
09:32,308.7,309.11,308.29,308.93,15446.0
09:33,308.05,308.76,308.02,308.65,26532.0
09:34,307.4,308.01,307.32,308.01,27198.0
09:35,308.03,308.23,307.4,307.42,18785.0
09:36,308.31,308.39,307.92,308.12,18157.0
09:37,308.08,308.43,308.03,308.33,27705.0
09:38,308.04,308.18,307.88,308.06,18362.0
09:39,308.25,308.29,308.01,308.03,14074.0
09:40,308.08,308.2,307.94,308.16,24408.0
09:41,308.19,308.26,307.86,308.04,6489.0
09:42,307.96,308.34,307.89,308.29,16796.0
09:43,307.34,308.03,307.3,307.96,27496.0
09:44,307.66,307.82,307.09,307.33,16553.0
09:45,308.12,308.12,307.52,307.58,31355.0
09:46,308.08,308.09,307.9,308.0,9128.0
09:47,308.42,308.47,308.08,308.08,14835.0
09:48,308.36,308.51,308.29,308.39,15108.0
09:49,308.35,308.47,308.25,308.36,9067.0
09:50,308.49,308.8,308.24,308.35,16557.0
09:51,308.32,308.5,308.25,308.49,10446.0
09:52,307.72,308.32,307.61,308.32,16453.0
09:53,307.26,307.73,307.26,307.73,11550.0
09:54,307.54,307.6,307.17,307.33,12728.0
09:55,307.85,307.85,307.47,307.54,12408.0
09:56,307.89,308.02,307.76,307.87,8051.0
09:57,308.17,308.17,307.89,307.93,19011.0
09:58,308.25,308.39,308.14,308.17,8190.0
09:59,308.33,308.6,308.25,308.25,10149.0
10:00,308.1,308.34,307.9,308.34,9780.0
10:01,308.17,308.26,308.03,308.11,11141.0
10:02,308.18,308.24,308.08,308.11,15020.0
10:03,308.19,308.27,308.1,308.15,13125.0
10:04,308.25,308.38,308.1,308.2,17830.0
10:05,308.27,308.38,308.19,308.25,8120.0
10:06,308.25,308.39,308.12,308.28,17554.0
10:07,307.98,308.19,307.82,308.14,11846.0
10:08,308.3,308.36,307.98,308.07,16735.0
10:09,308.27,308.36,308.12,308.3,18186.0
10:10,308.21,308.39,308.08,308.28,10603.0
10:11,308.12,308.21,308.0,308.21,10706.0
10:12,308.25,308.31,308.02,308.1,7007.0
10:13,308.42,308.42,308.17,308.17,14144.0
10:14,308.39,308.42,308.29,308.37,12827.0
10:15,309.12,309.12,308.39,308.39,27903.0
10:16,309.33,309.37,309.06,309.06,13551.0
10:17,309.64,309.78,309.35,309.35,40682.0
10:18,309.72,309.86,309.58,309.64,25621.0
10:19,309.83,309.83,309.48,309.73,16744.0
10:20,309.65,309.88,309.57,309.86,13785.0
10:21,309.71,309.76,309.6,309.68,13423.0
10:22,309.89,309.93,309.63,309.71,24506.0
10:23,309.95,310.03,309.77,309.93,16976.0
10:24,309.9,309.99,309.86,309.92,18447.0
10:25,309.76,310.03,309.76,309.92,31116.0
10:26,309.68,309.82,309.55,309.69,17480.0
10:27,309.48,309.65,309.47,309.61,11919.0
10:28,309.22,309.53,309.15,309.51,13777.0
10:29,309.52,309.55,309.11,309.21,11028.0
10:30,309.34,309.66,309.14,309.59,16122.0
10:31,309.36,309.42,309.12,309.22,8300.0
10:32,309.26,309.5,309.17,309.35,8877.0
10:33,308.78,309.35,308.78,309.27,15704.0
10:34,309.16,309.25,308.85,308.85,16957.0
10:35,309.15,309.16,308.9,309.16,7437.0
10:36,309.31,309.36,309.14,309.14,9090.0
10:37,309.54,309.59,309.36,309.39,7260.0
10:38,309.26,309.61,309.21,309.55,9711.0
10:39,309.23,309.26,309.09,309.26,10891.0
10:40,309.41,309.41,309.2,309.26,6742.0
10:41,309.8,309.8,309.35,309.36,11317.0
10:42,309.88,310.05,309.83,309.84,8802.0
10:43,310.11,310.23,310.0,310.03,60756.0
10:44,310.08,310.21,309.92,310.12,6955.0
10:45,310.21,310.26,309.9,310.01,14757.0
10:46,310.38,310.42,310.18,310.21,9659.0
10:47,310.22,310.36,310.17,310.25,6236.0
10:48,310.11,310.4,310.11,310.27,7122.0
10:49,310.36,310.39,309.96,310.03,11021.0
10:50,310.31,310.43,310.26,310.42,6070.0
10:51,310.27,310.48,310.26,310.31,9233.0
10:52,310.17,310.26,310.12,310.23,3863.0
10:53,310.26,310.28,310.09,310.15,4507.0
10:54,310.3,310.33,310.18,310.23,9064.0
10:55,310.08,310.33,310.03,310.29,19447.0
10:56,309.94,310.12,309.93,310.03,24191.0
10:57,309.84,309.98,309.83,309.89,12470.0
10:58,309.98,310.07,309.6,309.74,10112.0
10:59,310.0,310.1,309.99,310.05,8733.0
11:00,310.01,310.08,309.79,310.03,18250.0
11:01,309.9,310.1,309.79,310.05,7337.0
11:02,309.86,310.0,309.86,309.91,5849.0
11:03,309.77,309.92,309.77,309.9,6728.0
11:04,309.67,309.85,309.5,309.79,8382.0
11:05,309.69,309.79,309.56,309.7,12118.0
11:06,309.98,309.98,309.66,309.66,12621.0
11:07,309.92,309.92,309.74,309.92,7495.0
11:08,309.98,310.04,309.87,309.9,11393.0
11:09,309.88,310.0,309.8,309.98,6846.0
11:10,309.82,309.95,309.73,309.82,7361.0
11:11,309.73,309.86,309.73,309.82,9062.0
11:12,309.7,309.81,309.66,309.75,5246.0
11:13,309.63,309.72,309.59,309.7,13304.0
11:14,309.9,309.9,309.5,309.59,12822.0
11:15,309.66,309.84,309.66,309.74,12868.0
11:16,309.56,309.78,309.54,309.59,8382.0
11:17,309.32,309.65,309.32,309.56,18204.0
11:18,309.32,309.48,309.18,309.37,9101.0
11:19,309.62,309.62,309.15,309.32,17227.0
11:20,309.74,309.78,309.56,309.6,15053.0
11:21,309.51,309.84,309.51,309.71,11610.0
11:22,309.4,309.52,309.24,309.52,9024.0
11:23,309.11,309.35,309.04,309.35,16673.0
11:24,308.95,309.18,308.91,309.14,12000.0
11:25,308.73,309.11,308.7,308.94,12034.0
11:26,308.77,308.78,308.48,308.7,11717.0
11:27,308.66,308.81,308.56,308.7,18839.0
11:28,308.61,308.71,308.56,308.63,10882.0
11:29,308.73,308.76,308.55,308.6,6963.0
11:30,309.0,309.01,308.7,308.75,9679.0
11:31,308.64,309.05,308.61,309.0,15786.0
11:32,308.52,308.68,308.46,308.64,8059.0
11:33,308.62,308.75,308.45,308.45,21217.0
11:34,308.86,308.86,308.56,308.62,18342.0
11:35,309.09,309.13,308.83,308.83,6871.0
11:36,308.9,309.19,308.87,309.09,9843.0
11:37,308.89,309.0,308.82,308.88,9053.0
11:38,308.95,308.96,308.79,308.89,9407.0
11:39,308.93,308.95,308.82,308.95,7220.0
11:40,309.08,309.1,308.95,308.97,6670.0
11:41,308.97,309.18,308.97,309.12,5665.0
11:42,308.75,308.95,308.75,308.93,9879.0
11:43,308.66,308.68,308.48,308.65,7542.0
11:44,308.52,308.63,308.48,308.63,9652.0
11:45,308.64,308.74,308.46,308.47,12249.0
11:46,308.81,308.81,308.56,308.63,7288.0
11:47,308.95,308.98,308.76,308.8,5449.0
11:48,308.8,308.98,308.7,308.98,4360.0
11:49,308.64,308.8,308.56,308.8,8632.0
11:50,308.77,308.77,308.56,308.68,8189.0
11:51,309.04,309.04,308.77,308.78,4223.0
11:52,308.67,309.0,308.67,308.99,7718.0
11:53,308.72,308.81,308.68,308.72,4551.0
11:54,308.8,308.81,308.56,308.67,6890.0
11:55,308.91,309.04,308.83,308.83,5698.0
11:56,308.91,308.92,308.77,308.89,6456.0
11:57,308.78,309.0,308.74,308.93,5605.0
11:58,308.76,308.83,308.69,308.73,4197.0
11:59,308.72,308.82,308.63,308.78,6173.0
12:00,308.89,308.89,308.68,308.68,6315.0
12:01,308.93,308.96,308.85,308.89,4254.0
12:02,308.96,308.99,308.88,308.91,7504.0
12:03,308.85,308.95,308.77,308.95,6749.0
12:04,308.88,308.95,308.85,308.85,5356.0
12:05,308.86,308.97,308.83,308.84,8524.0
12:06,308.66,308.88,308.63,308.88,13586.0
12:07,308.66,308.76,308.62,308.66,4383.0
12:08,308.61,308.73,308.53,308.66,8691.0
12:09,308.5,308.63,308.47,308.61,7449.0
12:10,308.56,308.56,308.41,308.51,8523.0
12:11,308.52,308.6,308.32,308.58,11410.0
12:12,308.69,308.69,308.49,308.51,4375.0
12:13,308.79,308.85,308.71,308.72,8833.0
12:14,308.83,308.83,308.7,308.8,9422.0
12:15,308.85,308.99,308.83,308.84,8316.0
12:16,308.96,309.0,308.91,308.91,8980.0
12:17,308.94,309.01,308.87,308.97,7063.0
12:18,308.95,308.97,308.76,308.96,5050.0
12:19,309.2,309.21,309.01,309.01,10119.0
12:20,309.44,309.53,309.09,309.21,32031.0
12:21,309.5,309.59,309.4,309.45,14413.0
12:22,309.42,309.51,309.32,309.42,6588.0
12:23,309.14,309.37,309.14,309.37,29833.0
12:24,309.11,309.24,309.06,309.14,17957.0
12:25,308.99,309.14,308.98,309.04,8131.0
12:26,309.23,309.28,309.04,309.04,9902.0
12:27,309.23,309.29,309.21,309.23,12038.0
12:28,309.23,309.37,309.2,309.25,9855.0
12:29,309.17,309.32,309.11,309.23,13401.0
12:30,309.11,309.19,309.02,309.17,6289.0
12:31,309.11,309.17,309.03,309.11,11106.0
12:32,309.17,309.21,309.1,309.1,3962.0
12:33,309.21,309.34,309.1,309.17,9812.0
12:34,309.31,309.31,309.26,309.27,5004.0
12:35,309.17,309.35,309.14,309.3,18857.0
12:36,309.12,309.27,309.1,309.18,9797.0
12:37,309.23,309.27,309.14,309.14,3201.0
12:38,309.22,309.4,309.22,309.23,8502.0
12:39,309.11,309.24,309.06,309.2,6709.0
12:40,309.03,309.12,309.03,309.09,5417.0
12:41,309.11,309.27,309.07,309.07,12010.0
12:42,309.29,309.29,309.08,309.09,10661.0
12:43,309.27,309.33,309.2,309.3,6108.0
12:44,309.13,309.3,309.13,309.27,8511.0
12:45,309.21,309.31,309.09,309.14,8601.0
12:46,309.25,309.32,309.2,309.23,4895.0
12:47,309.22,309.24,309.16,309.24,3319.0
12:48,309.23,309.24,309.11,309.19,6195.0
12:49,309.14,309.22,309.11,309.22,8183.0
12:50,309.09,309.2,309.09,309.11,3673.0
12:51,308.96,309.09,308.96,309.09,7110.0
12:52,308.75,308.94,308.67,308.92,5266.0
12:53,308.6,308.73,308.55,308.71,4779.0
12:54,308.6,308.64,308.49,308.56,4986.0
12:55,308.49,308.64,308.46,308.53,7680.0
12:56,308.26,308.46,308.16,308.46,6926.0
12:57,308.12,308.23,308.12,308.2,7345.0
12:58,307.98,308.2,307.95,308.14,10532.0
12:59,307.9,308.0,307.9,307.95,6620.0
13:00,308.14,308.14,307.8,307.88,8631.0
13:01,308.19,308.22,308.08,308.15,7598.0
13:02,308.23,308.23,308.14,308.21,4239.0
13:03,308.2,308.24,308.14,308.21,7478.0
13:04,307.89,308.2,307.84,308.2,10176.0
13:05,307.88,307.93,307.76,307.84,12146.0
13:06,308.01,308.01,307.84,307.9,12251.0
13:07,308.06,308.1,308.01,308.04,5634.0
13:08,308.04,308.13,308.02,308.06,9494.0
13:09,308.1,308.2,308.02,308.03,11698.0
13:10,308.0,308.13,308.0,308.13,7685.0
13:11,308.02,308.02,307.86,307.99,18594.0
13:12,308.0,308.03,307.89,307.98,12171.0
13:13,307.92,308.03,307.87,307.96,7908.0
13:14,307.91,307.95,307.88,307.94,6550.0
13:15,307.8,307.95,307.8,307.93,6845.0
13:16,308.04,308.1,307.83,307.83,7927.0
13:17,308.12,308.17,307.99,308.04,8481.0
13:18,308.09,308.14,308.0,308.11,5440.0
13:19,308.1,308.2,308.04,308.2,5529.0
13:20,308.15,308.19,308.06,308.06,7875.0
13:21,308.07,308.14,308.04,308.14,6026.0
13:22,308.38,308.38,308.07,308.07,22556.0
13:23,308.23,308.46,308.22,308.41,8809.0
13:24,308.16,308.3,308.16,308.23,4526.0
13:25,307.9,308.19,307.9,308.14,10096.0
13:26,307.89,307.99,307.81,307.96,11514.0
13:27,307.83,307.97,307.78,307.93,6387.0
13:28,307.71,307.84,307.51,307.83,10936.0
13:29,307.77,307.82,307.67,307.67,6489.0
13:30,307.88,307.92,307.76,307.77,5107.0
13:31,307.86,308.0,307.84,307.84,7933.0
13:32,307.6,307.88,307.6,307.86,7630.0
13:33,307.55,307.69,307.5,307.64,9423.0
13:34,307.67,307.71,307.52,307.58,5868.0
13:35,307.55,307.63,307.54,307.62,8666.0
13:36,307.56,307.65,307.44,307.52,7665.0
13:37,307.52,307.61,307.37,307.59,11881.0
13:38,307.6,307.64,307.54,307.6,8013.0
13:39,307.58,307.65,307.58,307.64,5335.0
13:40,307.37,307.59,307.36,307.56,7701.0
13:41,307.54,307.57,307.43,307.43,4188.0
13:42,307.36,307.58,307.36,307.54,12267.0
13:43,307.46,307.53,307.32,307.34,5775.0
13:44,307.61,307.61,307.49,307.5,6411.0
13:45,307.64,307.66,307.5,307.57,7598.0
13:46,307.75,307.77,307.59,307.64,7086.0
13:47,307.76,307.86,307.75,307.77,2776.0
13:48,307.89,307.89,307.74,307.79,10720.0
13:49,308.04,308.07,307.85,307.89,7968.0
13:50,308.09,308.12,307.97,308.06,15298.0
13:51,308.2,308.2,308.1,308.1,5307.0
13:52,308.26,308.29,308.2,308.24,7330.0
13:53,308.18,308.29,308.06,308.26,5372.0
13:54,308.26,308.26,308.16,308.23,4944.0
13:55,308.23,308.3,308.17,308.29,8817.0
13:56,308.15,308.2,308.01,308.2,8065.0
13:57,308.03,308.23,307.97,308.22,5024.0
13:58,307.98,308.03,307.92,308.01,5753.0
13:59,308.2,308.2,307.95,307.96,4665.0
14:00,308.32,308.39,308.2,308.2,6988.0
14:01,308.33,308.41,308.2,308.26,3958.0
14:02,308.54,308.61,308.47,308.47,9263.0
14:03,308.69,308.69,308.57,308.59,3490.0
14:04,308.81,308.87,308.74,308.75,6710.0
14:05,308.85,308.92,308.76,308.82,5968.0
14:06,308.76,308.84,308.71,308.84,6073.0
14:07,308.73,308.79,308.68,308.79,4818.0
14:08,308.84,308.84,308.71,308.77,8268.0
14:09,308.75,308.86,308.71,308.86,9471.0
14:10,308.79,308.8,308.71,308.76,4196.0
14:11,308.64,308.81,308.58,308.78,7367.0
14:12,308.67,308.72,308.54,308.67,7477.0
14:13,308.62,308.7,308.61,308.62,3102.0
14:14,308.56,308.68,308.53,308.68,6550.0
14:15,308.72,308.76,308.6,308.63,3785.0
14:16,308.72,308.73,308.57,308.72,15508.0
14:17,308.44,308.73,308.42,308.72,4353.0
14:18,308.58,308.67,308.46,308.46,2584.0
14:19,308.69,308.75,308.58,308.58,5332.0
14:20,308.55,308.77,308.54,308.69,12899.0
14:21,308.31,308.54,308.31,308.54,5372.0
14:22,308.48,308.49,308.23,308.31,7760.0
14:23,308.39,308.51,308.39,308.5,5835.0
14:24,308.33,308.37,308.16,308.35,7334.0
14:25,308.41,308.43,308.31,308.32,4977.0
14:26,308.45,308.48,308.36,308.41,5729.0
14:27,308.54,308.61,308.46,308.47,4903.0
14:28,308.7,308.75,308.44,308.54,13940.0
14:29,308.8,308.82,308.65,308.71,7034.0
14:30,308.88,308.88,308.71,308.8,6482.0
14:31,308.84,308.99,308.8,308.87,9033.0
14:32,308.81,308.89,308.74,308.84,4379.0
14:33,308.75,308.85,308.71,308.82,6484.0
14:34,308.86,308.86,308.76,308.76,4895.0
14:35,308.88,308.95,308.79,308.86,12441.0
14:36,308.83,308.91,308.82,308.88,6424.0
14:37,308.77,308.89,308.76,308.86,14814.0
14:38,308.77,308.8,308.71,308.79,4232.0
14:39,308.82,308.92,308.76,308.84,19051.0
14:40,308.91,308.95,308.82,308.82,10360.0
14:41,308.8,308.94,308.78,308.91,13337.0
14:42,308.84,308.85,308.79,308.82,4100.0
14:43,308.73,308.85,308.71,308.84,7404.0
14:44,308.71,308.8,308.71,308.76,2681.0
14:45,308.77,308.81,308.71,308.76,6420.0
14:46,308.77,308.86,308.77,308.82,4774.0
14:47,308.81,308.85,308.72,308.77,4932.0
14:48,308.8,308.87,308.74,308.83,11308.0
14:49,308.85,308.89,308.74,308.83,7429.0
14:50,308.89,308.9,308.77,308.82,6398.0
14:51,309.08,309.13,308.91,308.91,5327.0
14:52,309.14,309.14,309.03,309.08,6204.0
14:53,309.03,309.14,309.03,309.14,8786.0
14:54,308.95,309.08,308.88,309.05,10059.0
14:55,308.94,309.05,308.92,309.01,6494.0
14:56,308.82,308.99,308.77,308.99,8052.0
14:57,308.85,308.91,308.8,308.82,7832.0
14:58,308.84,308.93,308.8,308.9,11960.0
14:59,308.68,308.85,308.68,308.82,7172.0
15:00,308.65,308.78,308.56,308.71,4549.0
15:01,308.57,308.7,308.57,308.68,5912.0
15:02,308.58,308.62,308.52,308.56,7681.0
15:03,308.64,308.66,308.54,308.58,4775.0
15:04,308.64,308.67,308.55,308.63,8361.0
15:05,308.68,308.72,308.64,308.64,4722.0
15:06,308.65,308.7,308.54,308.7,5399.0
15:07,308.71,308.74,308.62,308.65,5707.0
15:08,308.6,308.71,308.54,308.68,5543.0
15:09,308.61,308.64,308.52,308.57,6161.0
15:10,308.59,308.71,308.58,308.68,7312.0
15:11,308.63,308.68,308.58,308.58,6807.0
15:12,308.7,308.72,308.59,308.63,10378.0
15:13,308.7,308.75,308.66,308.74,5519.0
15:14,308.65,308.72,308.62,308.71,8860.0
15:15,308.64,308.7,308.62,308.62,9493.0
15:16,308.58,308.65,308.56,308.64,15146.0
15:17,308.54,308.61,308.51,308.59,13342.0
15:18,308.48,308.56,308.43,308.54,11552.0
15:19,308.42,308.52,308.42,308.52,5982.0
15:20,308.45,308.56,308.42,308.42,17194.0
15:21,308.35,308.51,308.33,308.45,20117.0
15:22,308.3,308.37,308.22,308.32,6557.0
15:23,308.23,308.33,308.19,308.32,10013.0
15:24,308.18,308.28,308.18,308.26,10307.0
15:25,308.2,308.24,308.16,308.18,8607.0
15:26,308.24,308.33,308.21,308.21,17247.0
15:27,308.16,308.27,308.15,308.25,12639.0
15:28,308.24,308.25,308.14,308.2,11076.0
15:29,308.17,308.25,308.11,308.22,8336.0
15:30,308.29,308.55,308.11,308.2,40413.0
15:31,308.44,308.44,308.28,308.28,6972.0
15:32,308.47,308.55,308.43,308.44,8627.0
15:33,308.46,308.5,308.41,308.48,20840.0
15:34,308.43,308.5,308.41,308.49,10974.0
15:35,308.48,308.53,308.35,308.44,11656.0
15:36,308.4,308.51,308.38,308.49,7290.0
15:37,308.38,308.44,308.34,308.4,9221.0
15:38,308.3,308.43,308.3,308.39,16785.0
15:39,308.25,308.32,308.23,308.29,9826.0
15:40,308.35,308.37,308.12,308.24,10104.0
15:41,308.31,308.35,308.26,308.33,18944.0
15:42,308.3,308.33,308.26,308.31,12972.0
15:43,308.3,308.3,308.18,308.27,14621.0
15:44,308.14,308.3,308.11,308.29,23518.0
15:45,308.17,308.18,308.04,308.14,13684.0
15:46,308.32,308.32,308.17,308.17,13601.0
15:47,308.25,308.38,308.25,308.33,14291.0
15:48,308.15,308.32,308.13,308.24,14320.0
15:49,308.01,308.15,307.99,308.15,13895.0
15:50,308.06,308.24,307.98,307.99,23050.0
15:51,308.0,308.09,307.98,308.05,19570.0
15:52,308.11,308.14,307.98,307.98,13512.0
15:53,308.11,308.12,308.03,308.08,21224.0
15:54,308.05,308.19,308.05,308.11,29261.0
15:55,307.9,308.05,307.8,308.04,27306.0
15:56,307.96,308.05,307.86,307.87,39257.0
15:57,307.86,308.01,307.81,307.96,50741.0
15:58,307.88,307.88,307.64,307.86,67684.0
15:59,307.89,308.0,307.83,307.9,126885.0
