Time,Close,High,Low,Open,Volume
09:30,316.2,316.2,314.88,314.9,1194628.0
09:31,315.6,316.28,315.39,316.2,17659.0
09:32,315.62,315.74,314.91,315.6,31338.0
09:33,315.9,316.0,315.52,315.52,24700.0
09:34,316.11,316.47,315.89,315.9,39403.0
09:35,315.62,316.23,315.62,316.02,25344.0
09:36,315.7,315.95,315.46,315.73,18259.0
09:37,315.55,315.8,315.51,315.8,12301.0
09:38,315.4,315.78,315.23,315.4,16824.0
09:39,316.19,316.19,315.4,315.41,18268.0
09:40,316.19,316.33,316.1,316.19,17730.0
09:41,316.68,316.9,316.3,316.3,32389.0
09:42,316.7,317.1,316.53,316.73,20435.0
09:43,317.1,317.1,316.61,316.61,9114.0
09:44,316.83,317.2,316.55,317.09,24533.0
09:45,316.7,316.86,316.37,316.83,16634.0
09:46,317.05,317.05,316.68,316.78,10931.0
09:47,316.87,317.13,316.85,317.05,15464.0
09:48,316.71,317.08,316.58,317.01,26838.0
09:49,316.83,317.05,316.63,316.69,11442.0
09:50,317.13,317.33,316.68,316.73,29134.0
09:51,316.63,316.95,316.6,316.92,21514.0
09:52,316.2,316.56,316.11,316.56,12807.0
09:53,315.79,316.3,315.62,316.15,27979.0
09:54,316.0,316.08,315.77,315.94,24710.0
09:55,316.03,316.07,315.78,315.92,8183.0
09:56,316.01,316.12,315.74,316.04,18718.0
09:57,315.67,316.13,315.66,316.04,11848.0
09:58,316.01,316.1,315.67,315.67,14962.0
09:59,316.14,316.25,315.94,316.0,13878.0
10:00,315.93,316.37,315.82,316.14,32667.0
10:01,315.89,316.12,315.8,315.92,10813.0
10:02,315.95,316.05,315.76,315.9,8155.0
10:03,315.41,315.86,315.22,315.86,32670.0
10:04,315.52,315.68,315.31,315.38,16227.0
10:05,315.42,315.58,315.26,315.52,17271.0
10:06,315.08,315.33,315.07,315.29,15364.0
10:07,315.2,315.26,314.85,315.21,21266.0
10:08,315.08,315.32,315.08,315.15,11697.0
10:09,315.17,315.35,314.97,315.03,12448.0
10:10,315.04,315.35,315.04,315.2,11048.0
10:11,315.12,315.3,314.93,315.04,8105.0
10:12,315.24,315.43,315.12,315.12,12358.0
10:13,314.84,315.29,314.83,315.29,15654.0
10:14,314.89,315.07,314.87,314.87,6850.0
10:15,314.3,314.93,314.3,314.93,18480.0
10:16,314.77,314.8,314.31,314.31,10740.0
10:17,314.79,314.92,314.61,314.74,7271.0
10:18,314.58,314.88,314.53,314.56,8832.0
10:19,314.77,314.81,314.53,314.7,16772.0
10:20,314.8,314.88,314.57,314.84,13226.0
10:21,314.57,314.71,314.47,314.71,5623.0
10:22,314.62,314.8,314.47,314.79,7287.0
10:23,314.65,314.75,314.49,314.61,6441.0
10:24,314.3,314.75,314.3,314.75,10349.0
10:25,314.2,314.28,314.11,314.28,10016.0
10:26,314.34,314.42,314.11,314.2,23509.0
10:27,314.34,314.38,314.19,314.22,7635.0
10:28,314.59,314.59,314.2,314.38,17265.0
10:29,314.52,314.75,314.52,314.56,9137.0
10:30,314.48,314.56,314.36,314.47,7865.0
10:31,314.4,314.54,314.33,314.54,10430.0
10:32,314.4,314.56,314.32,314.56,5384.0
10:33,314.25,314.41,314.21,314.4,7770.0
10:34,313.92,314.22,313.92,314.22,12937.0
10:35,313.96,314.08,313.87,313.87,10782.0
10:36,314.0,314.2,313.96,313.96,12552.0
10:37,314.29,314.29,313.94,313.94,13016.0
10:38,314.51,314.52,314.15,314.23,13071.0
10:39,314.51,314.58,314.39,314.58,9288.0
10:40,314.94,314.95,314.52,314.52,9420.0
10:41,314.76,314.94,314.51,314.91,19792.0
10:42,314.65,314.73,314.63,314.69,4675.0
10:43,314.4,314.61,314.37,314.58,8540.0
10:44,314.0,314.3,314.0,314.29,9714.0
10:45,313.71,314.18,313.71,314.11,17737.0
10:46,313.82,313.95,313.77,313.77,11757.0
10:47,314.12,314.12,313.88,313.91,6044.0
10:48,313.96,314.14,313.92,314.14,4007.0
10:49,313.9,314.07,313.89,314.01,7803.0
10:50,313.91,313.95,313.75,313.83,6146.0
10:51,314.09,314.11,313.87,313.92,9336.0
10:52,314.12,314.18,314.0,314.11,10224.0
10:53,313.84,314.11,313.84,314.11,7546.0
10:54,313.81,313.83,313.75,313.8,4384.0
10:55,313.89,313.99,313.81,313.81,6954.0
10:56,313.7,313.96,313.7,313.96,7153.0
10:57,313.94,314.04,313.81,313.81,8045.0
10:58,313.73,314.16,313.73,314.06,14734.0
10:59,313.84,314.04,313.72,313.91,9846.0
11:00,314.04,314.05,313.83,313.83,4558.0
11:01,314.06,314.06,313.97,314.05,5585.0
11:02,314.22,314.22,313.9,314.13,11668.0
11:03,314.23,314.34,314.11,314.21,7024.0
11:04,314.17,314.34,314.15,314.18,6229.0
11:05,314.11,314.23,314.11,314.23,5792.0
11:06,314.36,314.43,314.1,314.1,9924.0
11:07,314.46,314.49,314.35,314.35,16188.0
11:08,314.47,314.59,314.46,314.46,8561.0
11:09,314.61,314.62,314.45,314.5,7082.0
11:10,314.65,314.76,314.61,314.63,8894.0
11:11,314.74,314.8,314.73,314.74,6350.0
11:12,315.1,315.16,314.77,314.82,10631.0
11:13,315.25,315.3,315.01,315.01,17667.0
11:14,315.13,315.25,315.07,315.23,23425.0
11:15,315.06,315.23,315.02,315.11,16067.0
11:16,315.36,315.39,314.93,314.93,10826.0
11:17,315.46,315.5,315.25,315.36,13244.0
11:18,315.47,315.48,315.36,315.46,8206.0
11:19,315.56,315.58,315.46,315.47,6574.0
11:20,315.52,315.64,315.48,315.58,8745.0
11:21,315.52,315.58,315.35,315.58,7822.0
11:22,315.76,315.76,315.51,315.52,14938.0
11:23,315.68,315.81,315.64,315.77,14103.0
11:24,315.8,315.85,315.65,315.79,8824.0
11:25,315.91,315.91,315.79,315.8,7840.0
11:26,315.89,315.96,315.86,315.89,11824.0
11:27,315.9,315.97,315.83,315.83,5135.0
11:28,315.74,315.88,315.67,315.88,9909.0
11:29,315.8,315.83,315.66,315.74,6233.0
11:30,315.82,315.87,315.74,315.87,15063.0
11:31,315.89,315.89,315.73,315.84,5103.0
11:32,315.95,315.99,315.85,315.89,8290.0
11:33,315.94,315.94,315.83,315.92,7397.0
11:34,315.96,316.11,315.8,315.95,7401.0
11:35,315.9,316.04,315.87,316.03,9443.0
11:36,315.99,316.05,315.91,315.93,7529.0
11:37,315.78,315.94,315.73,315.94,9925.0
11:38,315.98,316.06,315.72,315.81,18901.0
11:39,315.97,315.97,315.91,315.97,9742.0
11:40,315.94,316.11,315.8,315.97,15298.0
11:41,316.06,316.06,315.99,316.01,4594.0
11:42,315.87,316.06,315.83,316.06,8244.0
11:43,316.11,316.11,315.88,315.91,7424.0
11:44,316.06,316.23,316.05,316.17,7935.0
11:45,316.04,316.07,315.9,316.05,15474.0
11:46,316.07,316.07,315.97,315.98,3556.0
11:47,315.99,316.12,315.99,316.06,4012.0
11:48,316.1,316.13,315.97,315.97,9162.0
11:49,316.15,316.23,316.07,316.18,7180.0
11:50,315.86,316.13,315.83,316.11,7983.0
11:51,316.0,316.0,315.86,315.86,3815.0
11:52,315.96,315.99,315.96,315.99,2256.0
11:53,315.96,315.97,315.92,315.93,4451.0
11:54,315.95,316.03,315.78,315.98,11152.0
11:55,315.89,315.94,315.79,315.86,5423.0
11:56,315.9,315.91,315.86,315.86,2577.0
11:57,315.94,315.94,315.78,315.84,14180.0
11:58,315.76,315.95,315.76,315.95,7687.0
11:59,315.55,315.68,315.5,315.68,8665.0
12:00,315.55,315.63,315.35,315.63,7235.0
12:01,315.42,315.51,315.38,315.49,6268.0
12:02,315.52,315.59,315.38,315.44,12721.0
12:03,315.57,315.66,315.48,315.5,4723.0
12:04,315.58,315.65,315.53,315.58,4259.0
12:05,315.53,315.58,315.48,315.58,3661.0
12:06,315.64,315.68,315.61,315.61,5103.0
12:07,315.47,315.64,315.45,315.58,7895.0
12:08,315.55,315.61,315.48,315.48,2559.0
12:09,315.54,315.56,315.5,315.56,3981.0
12:10,315.45,315.53,315.38,315.53,5822.0
12:11,315.52,315.64,315.43,315.48,4500.0
12:12,315.56,315.6,315.46,315.6,5478.0
12:13,315.53,315.53,315.52,315.53,1552.0
12:14,315.58,315.62,315.53,315.53,5522.0
12:15,315.61,315.68,315.57,315.61,12220.0
12:16,315.6,315.61,315.56,315.56,1844.0
12:17,315.65,315.65,315.48,315.55,3941.0
12:18,315.73,315.73,315.55,315.61,6872.0
12:19,315.84,315.91,315.74,315.74,4466.0
12:20,316.04,316.07,315.89,315.89,5632.0
12:21,316.23,316.27,316.06,316.09,6533.0
12:22,316.09,316.22,316.09,316.22,6394.0
12:23,316.16,316.23,316.09,316.09,4691.0
12:24,316.24,316.27,316.13,316.19,4025.0
12:25,316.38,316.43,316.29,316.29,14507.0
12:26,316.48,316.5,316.42,316.42,5823.0
12:27,316.37,316.55,316.37,316.52,7618.0
12:28,316.28,316.36,316.27,316.35,5869.0
12:29,316.48,316.48,316.35,316.35,6322.0
12:30,316.46,316.51,316.42,316.46,4460.0
12:31,316.56,316.62,316.5,316.5,8685.0
12:32,316.5,316.61,316.5,316.58,6889.0
12:33,316.36,316.48,316.36,316.47,7007.0
12:34,316.51,316.55,316.42,316.43,7395.0
12:35,316.45,316.47,316.4,316.47,3239.0
12:36,316.55,316.55,316.42,316.42,3540.0
12:37,316.62,316.66,316.6,316.6,3537.0
12:38,316.63,316.7,316.61,316.61,6496.0
12:39,316.7,316.7,316.61,316.61,2597.0
12:40,316.71,316.78,316.65,316.7,12377.0
12:41,316.73,316.75,316.67,316.68,7495.0
12:42,316.73,316.74,316.7,316.73,2720.0
12:43,316.9,316.9,316.73,316.73,7991.0
12:44,316.95,317.02,316.92,316.95,11956.0
12:45,316.86,316.95,316.86,316.92,5096.0
12:46,316.96,316.96,316.82,316.83,6052.0
12:47,316.93,317.0,316.86,316.96,8571.0
12:48,317.02,317.04,316.92,316.92,6638.0
12:49,317.06,317.08,316.98,317.03,7531.0
12:50,317.07,317.11,317.03,317.03,5595.0
12:51,317.05,317.06,317.02,317.06,2945.0
12:52,317.14,317.18,317.12,317.12,9037.0
12:53,317.04,317.15,317.04,317.15,5089.0
12:54,317.04,317.09,317.02,317.06,7510.0
12:55,317.08,317.1,316.91,317.01,12220.0
12:56,317.21,317.26,317.08,317.08,19355.0
12:57,317.38,317.38,317.18,317.18,11671.0
12:58,317.51,317.51,317.38,317.38,17516.0
12:59,317.55,317.61,317.48,317.53,19557.0
13:00,317.15,317.57,317.15,317.57,19167.0
13:01,317.3,317.3,317.15,317.2,6266.0
13:02,317.37,317.43,317.34,317.35,5908.0
13:03,317.19,317.39,317.1,317.39,8724.0
13:04,317.05,317.16,317.05,317.15,7686.0
13:05,317.11,317.11,316.94,317.07,11137.0
13:06,317.16,317.18,317.07,317.07,5119.0
13:07,317.04,317.15,316.98,317.15,5252.0
13:08,317.22,317.22,316.99,317.02,5489.0
13:09,317.26,317.29,317.23,317.23,2479.0
13:10,317.28,317.33,317.19,317.22,6160.0
13:11,317.26,317.31,317.24,317.31,3628.0
13:12,317.27,317.34,317.19,317.26,7414.0
13:13,317.31,317.33,317.23,317.3,10513.0
13:14,317.36,317.39,317.32,317.35,3983.0
13:15,317.36,317.4,317.31,317.4,5259.0
13:16,317.36,317.36,317.29,317.36,4533.0
13:17,317.28,317.33,317.25,317.32,3654.0
13:18,317.13,317.25,317.12,317.25,4468.0
13:19,317.07,317.13,317.04,317.13,6563.0
13:20,317.02,317.04,316.99,317.02,5374.0
13:21,316.99,317.08,316.99,317.06,5717.0
13:22,317.08,317.13,317.03,317.04,5298.0
13:23,317.16,317.17,317.1,317.1,7819.0
13:24,317.22,317.22,317.11,317.16,4865.0
13:25,317.22,317.25,317.21,317.25,2003.0
13:26,317.28,317.28,317.14,317.18,5360.0
13:27,317.1,317.23,317.08,317.23,4936.0
13:28,317.04,317.11,317.04,317.11,2862.0
13:29,317.11,317.16,317.0,317.05,9481.0
13:30,317.28,317.28,317.12,317.12,5909.0
13:31,317.21,317.29,317.19,317.24,4412.0
13:32,317.22,317.22,317.2,317.21,2489.0
13:33,317.28,317.29,317.18,317.22,6149.0
13:34,317.24,317.29,317.23,317.29,3504.0
13:35,317.32,317.32,317.23,317.24,4984.0
13:36,317.56,317.57,317.36,317.36,8304.0
13:37,317.56,317.63,317.49,317.49,9133.0
13:38,317.52,317.63,317.44,317.63,7646.0
13:39,317.56,317.56,317.46,317.51,7714.0
13:40,317.61,317.81,317.52,317.52,34890.0
13:41,317.53,317.67,317.46,317.67,8123.0
13:42,317.6,317.6,317.52,317.54,5223.0
13:43,317.72,317.72,317.58,317.63,3143.0
13:44,317.55,317.68,317.54,317.68,6114.0
13:45,317.41,317.56,317.4,317.5,9247.0
13:46,317.47,317.48,317.34,317.42,3044.0
13:47,317.46,317.57,317.43,317.48,5919.0
13:48,317.49,317.49,317.37,317.45,5958.0
13:49,317.51,317.54,317.45,317.54,6329.0
13:50,317.27,317.55,317.23,317.5,8124.0
13:51,317.41,317.45,317.27,317.27,6249.0
13:52,317.45,317.45,317.39,317.39,2652.0
13:53,317.24,317.39,317.24,317.39,4911.0
13:54,317.18,317.22,317.13,317.2,4521.0
13:55,317.04,317.18,317.04,317.14,10097.0
13:56,317.15,317.18,317.07,317.07,6592.0
13:57,317.27,317.27,317.16,317.2,6497.0
13:58,317.21,317.23,317.18,317.23,3042.0
13:59,317.4,317.4,317.23,317.24,5895.0
14:00,317.39,317.39,317.3,317.35,6387.0
14:01,317.38,317.6,317.38,317.39,12958.0
14:02,317.38,317.41,317.37,317.38,3950.0
14:03,317.39,317.41,317.36,317.36,4825.0
14:04,317.24,317.44,317.17,317.36,13401.0
14:05,317.11,317.24,317.05,317.21,11782.0
14:06,316.94,317.12,316.94,317.11,15879.0
14:07,317.01,317.16,316.87,316.92,12276.0
14:08,317.0,317.01,316.95,317.01,4928.0
14:09,317.02,317.02,316.88,316.99,10594.0
14:10,316.94,317.02,316.88,317.01,10414.0
14:11,316.86,317.07,316.86,316.91,5976.0
14:12,317.16,317.17,317.0,317.06,6115.0
14:13,317.08,317.18,317.07,317.16,6059.0
14:14,317.2,317.22,317.08,317.15,5143.0
14:15,317.26,317.26,317.16,317.21,7680.0
14:16,317.1,317.26,317.0,317.26,4390.0
14:17,317.21,317.25,317.15,317.18,16071.0
14:18,317.2,317.32,317.15,317.15,21881.0
14:19,317.12,317.29,317.12,317.28,7966.0
14:20,317.05,317.14,317.05,317.12,3610.0
14:21,317.17,317.18,317.05,317.05,4093.0
14:22,317.15,317.17,317.09,317.17,7730.0
14:23,317.21,317.21,317.14,317.15,4388.0
14:24,317.25,317.3,317.21,317.21,5749.0
14:25,317.25,317.35,317.25,317.3,8420.0
14:26,317.28,317.32,317.27,317.32,3380.0
14:27,317.08,317.24,317.08,317.21,9259.0
14:28,317.16,317.16,317.01,317.09,8211.0
14:29,317.26,317.3,317.06,317.06,6431.0
14:30,317.45,317.45,317.26,317.26,5171.0
14:31,317.43,317.49,317.39,317.44,6714.0
14:32,317.45,317.5,317.39,317.41,2810.0
14:33,317.39,317.46,317.38,317.44,6651.0
14:34,317.25,317.39,317.13,317.34,8303.0
14:35,317.36,317.38,317.33,317.33,3645.0
14:36,317.25,317.38,317.25,317.36,5775.0
14:37,317.2,317.32,317.2,317.31,4555.0
14:38,317.29,317.29,317.2,317.2,5504.0
14:39,317.33,317.37,317.3,317.3,5230.0
14:40,317.22,317.33,317.22,317.33,8642.0
14:41,317.23,317.27,317.23,317.26,2741.0
14:42,317.21,317.25,317.21,317.23,3782.0
14:43,317.34,317.36,317.23,317.23,8829.0
14:44,317.32,317.33,317.29,317.32,2959.0
14:45,317.3,317.37,317.21,317.32,12724.0
14:46,317.34,317.34,317.18,317.3,5778.0
14:47,317.29,317.35,317.29,317.3,10109.0
14:48,317.41,317.42,317.24,317.3,7245.0
14:49,317.41,317.46,317.37,317.39,9758.0
14:50,317.41,317.45,317.36,317.45,8134.0
14:51,317.4,317.48,317.35,317.48,5143.0
14:52,317.4,317.4,317.26,317.37,7451.0
14:53,317.28,317.45,317.28,317.44,6273.0
14:54,317.41,317.41,317.29,317.29,3867.0
14:55,317.48,317.52,317.42,317.42,8196.0
14:56,317.49,317.54,317.45,317.49,4411.0
14:57,317.58,317.58,317.52,317.53,5907.0
14:58,317.63,317.66,317.54,317.54,7643.0
14:59,317.51,317.62,317.47,317.61,12435.0
15:00,317.41,317.53,317.4,317.46,8915.0
15:01,317.39,317.42,317.25,317.42,7767.0
15:02,317.3,317.39,317.25,317.39,5632.0
15:03,317.37,317.37,317.21,317.3,8360.0
15:04,317.27,317.34,317.2,317.34,11694.0
15:05,317.2,317.29,317.17,317.26,17022.0
15:06,317.15,317.29,317.15,317.23,8005.0
15:07,316.95,317.13,316.95,317.12,10809.0
15:08,316.95,316.97,316.91,316.94,9021.0
15:09,316.8,316.95,316.8,316.9,11700.0
15:10,316.77,316.8,316.68,316.8,8409.0
15:11,316.85,316.87,316.76,316.78,9276.0
15:12,316.89,316.92,316.87,316.9,5955.0
15:13,316.97,316.99,316.92,316.92,4014.0
15:14,316.77,316.96,316.76,316.96,8704.0
15:15,316.71,316.77,316.61,316.77,137384.0
15:16,316.82,316.87,316.68,316.7,9959.0
15:17,316.9,316.9,316.77,316.77,11504.0
15:18,316.89,316.93,316.85,316.89,8143.0
15:19,316.88,316.93,316.86,316.86,7353.0
15:20,316.86,316.93,316.83,316.88,8870.0
15:21,316.82,316.89,316.82,316.88,6371.0
15:22,316.81,316.85,316.77,316.84,10650.0
15:23,316.83,316.9,316.81,316.83,8646.0
15:24,316.84,316.86,316.79,316.81,6716.0
15:25,316.88,316.9,316.82,316.82,12791.0
15:26,316.8,316.87,316.8,316.87,8219.0
15:27,316.83,316.89,316.78,316.84,10859.0
15:28,316.85,316.85,316.82,316.85,3778.0
15:29,316.76,316.85,316.76,316.83,9752.0
15:30,316.67,316.79,316.6,316.79,15912.0
15:31,316.63,316.72,316.61,316.67,19560.0
15:32,316.67,316.68,316.61,316.63,10017.0
15:33,316.63,316.68,316.58,316.68,12916.0
15:34,316.62,316.74,316.61,316.61,19773.0
15:35,316.73,316.76,316.69,316.69,9702.0
15:36,316.74,316.78,316.67,316.72,16432.0
15:37,316.73,316.76,316.67,316.67,11558.0
15:38,316.8,316.8,316.63,316.71,12694.0
15:39,316.77,316.81,316.73,316.77,9704.0
15:40,316.65,316.77,316.63,316.75,16241.0
15:41,316.74,316.77,316.63,316.63,15132.0
15:42,316.8,316.84,316.76,316.76,13820.0
15:43,316.73,316.8,316.71,316.8,12967.0
15:44,316.65,316.75,316.65,316.75,22188.0
15:45,316.65,316.75,316.63,316.71,19224.0
15:46,316.6,316.64,316.56,316.64,14236.0
15:47,316.68,316.68,316.52,316.58,27758.0
15:48,316.73,316.78,316.65,316.65,10857.0
15:49,316.71,316.8,316.66,316.72,15679.0
15:50,316.66,316.72,316.52,316.67,33080.0
15:51,316.36,316.64,316.36,316.64,29286.0
15:52,316.42,316.44,316.34,316.39,25487.0
15:53,316.57,316.62,316.42,316.44,23360.0
15:54,316.91,316.96,316.58,316.6,39564.0
15:55,316.36,316.98,316.28,316.97,75377.0
15:56,316.42,316.52,316.36,316.36,43549.0
15:57,316.51,316.68,316.4,316.41,65679.0
15:58,316.17,316.49,316.16,316.48,167473.0
15:59,316.06,316.32,315.95,316.16,239300.0
