Time,Close,High,Low,Open,Volume
09:30,301.16,302.28,301.16,302.16,182722.0
09:31,301.4,301.5,301.01,301.12,16179.0
09:32,301.46,301.72,301.06,301.33,17380.0
09:33,302.16,302.5,301.52,301.69,17752.0
09:34,302.87,302.88,301.86,302.06,19078.0
09:35,302.3,303.04,302.3,302.78,16065.0
09:36,302.38,302.67,302.3,302.4,9662.0
09:37,302.71,302.71,302.11,302.11,7627.0
09:38,302.4,303.0,302.4,302.91,12678.0
09:39,302.43,302.72,302.26,302.62,9048.0
09:40,302.52,302.61,302.3,302.39,11419.0
09:41,302.75,302.89,302.45,302.66,8384.0
09:42,302.68,302.96,302.55,302.6,12170.0
09:43,302.44,302.6,302.3,302.6,11973.0
09:44,302.76,302.76,302.33,302.48,9773.0
09:45,302.64,302.78,302.43,302.53,15652.0
09:46,302.88,303.09,302.5,302.78,24490.0
09:47,302.6,302.83,302.43,302.83,9141.0
09:48,302.57,302.64,302.23,302.49,11454.0
09:49,302.58,302.78,302.33,302.65,18295.0
09:50,302.03,302.52,301.76,302.52,17673.0
09:51,302.41,302.41,301.76,301.9,10311.0
09:52,302.91,302.92,302.36,302.4,21126.0
09:53,302.59,303.1,302.53,302.91,16910.0
09:54,302.39,302.64,302.39,302.51,10102.0
09:55,302.45,302.56,302.15,302.32,9076.0
09:56,302.6,302.67,302.47,302.52,13564.0
09:57,302.51,302.71,302.51,302.59,13278.0
09:58,302.36,302.76,302.36,302.5,17499.0
09:59,302.48,302.54,302.34,302.36,10208.0
10:00,302.25,302.48,301.98,302.48,17212.0
10:01,302.0,302.21,301.92,302.21,14741.0
10:02,301.92,302.05,301.85,301.98,9786.0
10:03,302.22,302.22,301.96,301.96,17244.0
10:04,302.24,302.38,302.12,302.28,10534.0
10:05,301.85,302.3,301.68,302.24,12269.0
10:06,301.93,301.93,301.66,301.81,7028.0
10:07,302.1,302.16,301.83,301.83,7105.0
10:08,302.23,302.26,301.92,302.12,9132.0
10:09,302.01,302.27,302.01,302.12,16397.0
10:10,301.94,302.09,301.94,302.0,18299.0
10:11,302.07,302.1,301.93,301.97,12035.0
10:12,301.88,302.15,301.85,302.15,11156.0
10:13,302.04,302.07,301.84,301.91,22176.0
10:14,302.21,302.29,301.97,302.02,21994.0
10:15,302.27,302.31,302.18,302.23,10893.0
10:16,302.0,302.37,302.0,302.24,12718.0
10:17,301.71,301.91,301.62,301.88,18536.0
10:18,301.9,301.94,301.69,301.69,8418.0
10:19,301.69,301.92,301.63,301.89,12833.0
10:20,301.85,301.89,301.7,301.72,6374.0
10:21,301.88,302.0,301.82,301.99,10810.0
10:22,301.67,301.92,301.67,301.91,9823.0
10:23,301.62,301.69,301.56,301.69,6793.0
10:24,301.86,301.86,301.54,301.58,10284.0
10:25,301.88,301.98,301.78,301.85,7451.0
10:26,301.95,301.95,301.79,301.88,13620.0
10:27,302.04,302.08,301.88,301.88,11415.0
10:28,302.03,302.09,302.01,302.04,10589.0
10:29,301.88,302.07,301.77,302.03,19761.0
10:30,302.0,302.0,301.83,301.86,6508.0
10:31,301.83,301.93,301.69,301.93,11278.0
10:32,301.9,301.9,301.79,301.82,4645.0
10:33,301.98,301.98,301.85,301.87,9273.0
10:34,302.0,302.0,301.86,301.94,10148.0
10:35,301.88,302.06,301.84,301.99,19325.0
10:36,301.7,301.94,301.67,301.88,18982.0
10:37,301.71,301.8,301.65,301.68,6411.0
10:38,301.7,301.74,301.52,301.67,9511.0
10:39,301.76,301.81,301.72,301.72,7678.0
10:40,301.76,301.79,301.72,301.77,6210.0
10:41,301.81,301.89,301.72,301.73,23668.0
10:42,301.73,301.88,301.71,301.84,13300.0
10:43,301.67,301.8,301.66,301.68,12860.0
10:44,302.01,302.03,301.7,301.7,11258.0
10:45,302.05,302.05,301.78,302.05,21921.0
10:46,302.14,302.19,301.82,302.04,13201.0
10:47,302.32,302.42,302.14,302.14,10574.0
10:48,302.33,302.58,302.29,302.29,14955.0
10:49,302.16,302.39,302.16,302.38,7515.0
10:50,302.08,302.25,302.08,302.16,8202.0
10:51,302.17,302.27,302.08,302.08,6494.0
10:52,302.1,302.22,302.09,302.22,5887.0
10:53,302.08,302.24,302.07,302.11,5777.0
10:54,302.07,302.26,302.0,302.15,11069.0
10:55,302.21,302.29,302.07,302.07,4137.0
10:56,302.48,302.48,302.17,302.18,6205.0
10:57,302.36,302.48,302.29,302.48,7604.0
10:58,302.54,302.59,302.26,302.35,14222.0
10:59,302.77,302.8,302.44,302.58,9108.0
11:00,302.31,302.81,302.31,302.81,11532.0
11:01,302.45,302.45,302.31,302.43,8678.0
11:02,302.77,302.84,302.44,302.44,7182.0
11:03,302.9,303.0,302.67,302.72,18217.0
11:04,302.88,303.0,302.77,302.9,24764.0
11:05,302.67,302.8,302.62,302.8,11756.0
11:06,302.74,302.74,302.62,302.67,6330.0
11:07,302.57,302.7,302.57,302.7,5916.0
11:08,302.48,302.5,302.34,302.5,10369.0
11:09,302.25,302.4,302.25,302.4,8685.0
11:10,302.5,302.58,302.36,302.36,6435.0
11:11,302.53,302.62,302.42,302.5,6549.0
11:12,302.57,302.58,302.49,302.51,8470.0
11:13,302.44,302.58,302.4,302.53,10158.0
11:14,302.54,302.59,302.34,302.37,8170.0
11:15,302.42,302.72,302.39,302.57,8756.0
11:16,302.15,302.44,302.14,302.44,6082.0
11:17,302.17,302.28,302.16,302.16,10227.0
11:18,302.2,302.23,302.18,302.18,3496.0
11:19,302.24,302.25,302.13,302.13,7694.0
11:20,302.4,302.43,302.17,302.21,5474.0
11:21,302.25,302.4,302.19,302.4,12257.0
11:22,302.3,302.32,302.24,302.26,3654.0
11:23,302.22,302.31,302.2,302.31,10900.0
11:24,302.28,302.34,302.24,302.33,8170.0
11:25,302.3,302.45,302.23,302.28,7774.0
11:26,302.5,302.5,302.31,302.4,4617.0
11:27,302.63,302.63,302.44,302.44,6504.0
11:28,302.69,302.8,302.63,302.63,8641.0
11:29,302.78,302.81,302.71,302.76,3370.0
11:30,302.73,302.8,302.71,302.79,10975.0
11:31,302.77,302.85,302.71,302.71,18165.0
11:32,302.48,302.68,302.41,302.68,6850.0
11:33,302.42,302.61,302.41,302.45,9953.0
11:34,302.32,302.46,302.22,302.43,5227.0
11:35,302.42,302.42,302.17,302.32,5600.0
11:36,302.58,302.58,302.43,302.45,5761.0
11:37,302.5,302.67,302.42,302.5,5162.0
11:38,302.59,302.63,302.58,302.63,4929.0
11:39,302.61,302.67,302.59,302.6,5059.0
11:40,302.72,302.73,302.61,302.66,4880.0
11:41,302.63,302.74,302.63,302.65,4020.0
11:42,302.64,302.71,302.61,302.68,5276.0
11:43,302.9,302.9,302.58,302.64,10382.0
11:44,302.78,302.84,302.71,302.84,5236.0
11:45,302.56,302.82,302.55,302.8,4449.0
11:46,302.54,302.62,302.51,302.51,4185.0
11:47,302.68,302.71,302.55,302.6,9540.0
11:48,302.79,302.79,302.64,302.64,2175.0
11:49,302.6,302.74,302.57,302.72,7782.0
11:50,302.65,302.65,302.57,302.64,6855.0
11:51,302.8,302.8,302.7,302.7,2226.0
11:52,302.73,302.8,302.7,302.75,6521.0
11:53,302.71,302.76,302.69,302.74,3342.0
11:54,302.74,302.81,302.73,302.74,5698.0
11:55,302.76,302.8,302.7,302.79,4451.0
11:56,302.79,302.82,302.76,302.82,4548.0
11:57,302.9,302.96,302.82,302.82,39309.0
11:58,302.9,303.0,302.88,302.88,5151.0
11:59,302.97,303.0,302.91,302.92,16135.0
12:00,302.87,303.15,302.87,303.02,12818.0
12:01,302.99,303.0,302.93,303.0,2393.0
12:02,302.91,302.98,302.77,302.98,6309.0
12:03,302.82,302.91,302.82,302.91,6493.0
12:04,302.98,303.05,302.8,302.86,13881.0
12:05,303.11,303.13,302.99,302.99,17636.0
12:06,303.14,303.16,303.01,303.08,9410.0
12:07,303.15,303.21,303.14,303.16,20213.0
12:08,303.18,303.23,303.14,303.22,4850.0
12:09,303.09,303.27,303.06,303.22,11033.0
12:10,303.08,303.18,303.0,303.04,5456.0
12:11,303.03,303.03,302.9,302.91,3443.0
12:12,302.82,302.93,302.82,302.93,7488.0
12:13,302.98,302.98,302.81,302.88,4930.0
12:14,303.09,303.09,302.94,302.94,4842.0
12:15,303.01,303.02,302.96,303.02,5996.0
12:16,303.03,303.03,302.94,302.94,4578.0
12:17,303.09,303.1,303.02,303.1,7841.0
12:18,302.94,303.13,302.94,303.09,17983.0
12:19,302.84,302.97,302.84,302.97,5653.0
12:20,302.84,302.84,302.77,302.79,2447.0
12:21,302.85,302.89,302.76,302.79,9141.0
12:22,302.94,302.94,302.8,302.85,7491.0
12:23,302.93,303.02,302.93,302.96,5503.0
12:24,302.89,302.92,302.88,302.91,2541.0
12:25,303.0,303.03,302.83,302.89,9220.0
12:26,302.93,302.97,302.93,302.97,2501.0
12:27,302.9,302.96,302.9,302.96,1813.0
12:28,303.05,303.06,302.96,303.02,9025.0
12:29,303.19,303.2,303.09,303.09,3612.0
12:30,303.29,303.33,303.15,303.15,7629.0
12:31,303.25,303.32,303.15,303.28,10049.0
12:32,303.37,303.39,303.3,303.32,8824.0
12:33,303.4,303.4,303.33,303.39,6288.0
12:34,303.4,303.45,303.38,303.4,9856.0
12:35,303.45,303.47,303.4,303.41,6792.0
12:36,303.43,303.57,303.43,303.44,11575.0
12:37,303.51,303.52,303.4,303.41,7897.0
12:38,303.61,303.61,303.51,303.53,13305.0
12:39,303.62,303.71,303.57,303.63,19549.0
12:40,303.6,303.73,303.53,303.65,7146.0
12:41,303.56,303.68,303.44,303.68,11919.0
12:42,303.55,303.69,303.53,303.56,5624.0
12:43,303.54,303.56,303.47,303.56,5194.0
12:44,303.51,303.58,303.49,303.58,2572.0
12:45,303.54,303.56,303.47,303.51,5606.0
12:46,303.52,303.58,303.49,303.55,9039.0
12:47,303.61,303.66,303.45,303.49,7460.0
12:48,303.67,303.72,303.61,303.64,7608.0
12:49,303.53,303.68,303.53,303.62,3662.0
12:50,303.64,303.68,303.61,303.61,1704.0
12:51,303.65,303.7,303.61,303.61,6865.0
12:52,303.71,303.75,303.64,303.66,6097.0
12:53,303.7,303.78,303.7,303.71,3866.0
12:54,303.74,303.78,303.71,303.71,3886.0
12:55,303.69,303.77,303.69,303.7,7900.0
12:56,303.7,303.74,303.65,303.74,5452.0
12:57,303.61,303.7,303.58,303.7,5622.0
12:58,303.55,303.6,303.53,303.59,3366.0
12:59,303.47,303.58,303.43,303.54,15726.0
13:00,303.51,303.57,303.46,303.47,6965.0
13:01,303.51,303.51,303.44,303.49,4054.0
13:02,303.46,303.54,303.43,303.5,4770.0
13:03,303.47,303.47,303.35,303.4,3059.0
13:04,303.42,303.45,303.33,303.45,5868.0
13:05,303.32,303.44,303.32,303.42,9603.0
13:06,303.17,303.27,303.17,303.27,4167.0
13:07,303.27,303.33,303.19,303.19,7120.0
13:08,303.17,303.27,303.15,303.27,3820.0
13:09,303.19,303.19,303.08,303.13,9180.0
13:10,303.11,303.15,303.09,303.15,6359.0
13:11,303.09,303.12,303.05,303.11,4452.0
13:12,303.27,303.28,303.03,303.04,9628.0
13:13,303.28,303.32,303.25,303.29,3131.0
13:14,303.22,303.25,303.21,303.25,8313.0
13:15,303.29,303.3,303.2,303.24,4887.0
13:16,303.29,303.29,303.24,303.29,1461.0
13:17,303.11,303.27,303.02,303.26,13700.0
13:18,303.02,303.1,303.02,303.07,5025.0
13:19,303.13,303.13,303.01,303.03,8397.0
13:20,303.17,303.2,303.14,303.2,1794.0
13:21,303.14,303.19,303.0,303.19,14072.0
13:22,303.15,303.16,303.07,303.09,9503.0
13:23,303.08,303.16,303.04,303.12,10915.0
13:24,303.06,303.25,303.06,303.15,4319.0
13:25,303.19,303.19,303.04,303.14,2852.0
13:26,303.27,303.27,303.07,303.07,3562.0
13:27,303.37,303.37,303.24,303.24,4480.0
13:28,303.34,303.37,303.28,303.3,8351.0
13:29,303.38,303.41,303.33,303.33,6212.0
13:30,303.35,303.42,303.35,303.39,6420.0
13:31,303.35,303.35,303.26,303.29,9686.0
13:32,303.41,303.41,303.32,303.32,4478.0
13:33,303.44,303.5,303.42,303.5,5138.0
13:34,303.45,303.45,303.35,303.44,4917.0
13:35,303.36,303.42,303.36,303.42,6079.0
13:36,303.34,303.36,303.34,303.36,2630.0
13:37,303.39,303.41,303.36,303.36,5214.0
13:38,303.43,303.5,303.43,303.47,10469.0
13:39,303.43,303.45,303.4,303.43,4497.0
13:40,303.46,303.49,303.41,303.41,3262.0
13:41,303.47,303.5,303.44,303.46,6551.0
13:42,303.46,303.51,303.42,303.49,8997.0
13:43,303.51,303.51,303.46,303.5,2325.0
13:44,303.38,303.55,303.38,303.46,14906.0
13:45,303.48,303.48,303.42,303.47,5047.0
13:46,303.45,303.45,303.45,303.45,897.0
13:47,303.37,303.49,303.37,303.44,9297.0
13:48,303.24,303.39,303.19,303.37,12296.0
13:49,303.28,303.3,303.25,303.25,4450.0
13:50,303.24,303.27,303.23,303.27,3427.0
13:51,303.14,303.21,303.14,303.21,2724.0
13:52,303.07,303.16,303.07,303.15,5052.0
13:53,302.99,303.12,302.97,303.12,7069.0
13:54,303.11,303.12,303.0,303.04,8515.0
13:55,303.32,303.32,303.2,303.2,3446.0
13:56,303.28,303.3,303.21,303.3,8787.0
13:57,303.24,303.33,303.18,303.21,6964.0
13:58,303.23,303.31,303.23,303.31,3185.0
13:59,303.25,303.25,303.21,303.23,4006.0
14:00,303.15,303.24,303.14,303.22,9070.0
14:01,303.16,303.18,303.14,303.14,1975.0
14:02,303.1,303.16,303.1,303.16,6322.0
14:03,303.09,303.17,303.05,303.08,11484.0
14:04,303.14,303.15,303.09,303.09,2407.0
14:05,303.2,303.24,303.16,303.16,6407.0
14:06,303.24,303.3,303.22,303.25,6657.0
14:07,303.17,303.21,303.15,303.21,3033.0
14:08,303.15,303.18,303.08,303.17,6173.0
14:09,303.08,303.18,303.06,303.13,4193.0
14:10,303.06,303.08,302.99,303.08,4781.0
14:11,303.04,303.05,303.0,303.0,5881.0
14:12,302.96,303.04,302.96,303.04,5261.0
14:13,302.9,302.93,302.89,302.93,3820.0
14:14,302.86,302.9,302.8,302.9,4555.0
14:15,302.91,302.92,302.87,302.91,3527.0
14:16,302.89,303.04,302.89,302.94,10231.0
14:17,302.84,302.93,302.83,302.88,6127.0
14:18,302.87,302.89,302.78,302.8,8295.0
14:19,302.99,303.09,302.91,302.91,9106.0
14:20,303.02,303.03,302.95,302.99,8769.0
14:21,303.02,303.07,303.0,303.03,5423.0
14:22,303.01,303.04,303.0,303.0,4322.0
14:23,302.87,303.04,302.82,303.01,8172.0
14:24,302.77,302.86,302.75,302.86,9744.0
14:25,302.85,302.85,302.73,302.77,7325.0
14:26,302.76,302.81,302.76,302.8,4254.0
14:27,302.72,302.79,302.71,302.79,5859.0
14:28,302.72,302.77,302.66,302.72,5783.0
14:29,302.71,302.78,302.71,302.74,5246.0
14:30,302.8,302.8,302.73,302.77,4625.0
14:31,302.87,302.96,302.8,302.8,4390.0
14:32,302.86,302.89,302.77,302.89,7321.0
14:33,303.01,303.04,302.9,302.9,7229.0
14:34,303.06,303.08,303.04,303.04,4264.0
14:35,303.14,303.14,303.02,303.08,11191.0
14:36,303.08,303.14,303.08,303.14,2982.0
14:37,303.06,303.1,303.06,303.1,3772.0
14:38,303.07,303.08,303.01,303.04,4493.0
14:39,303.07,303.11,303.03,303.05,3678.0
14:40,303.09,303.09,303.03,303.07,6351.0
14:41,303.08,303.09,303.05,303.05,3685.0
14:42,303.0,303.12,302.99,303.11,8382.0
14:43,302.99,303.05,302.93,303.0,11438.0
14:44,302.92,303.01,302.9,302.99,5918.0
14:45,302.96,303.02,302.91,302.95,3928.0
14:46,302.85,302.93,302.82,302.93,6431.0
14:47,302.86,302.89,302.77,302.81,8659.0
14:48,303.01,303.01,302.79,302.86,8303.0
14:49,302.96,303.04,302.85,303.04,8716.0
14:50,302.8,302.86,302.8,302.85,2271.0
14:51,302.75,302.86,302.75,302.86,6258.0
14:52,302.67,302.8,302.67,302.74,5273.0
14:53,302.76,302.85,302.67,302.67,4078.0
14:54,302.9,302.9,302.76,302.8,4999.0
14:55,303.15,303.15,302.91,302.93,10531.0
14:56,303.2,303.22,303.11,303.12,3942.0
14:57,303.29,303.29,303.24,303.25,5075.0
14:58,303.29,303.32,303.23,303.3,6138.0
14:59,303.33,303.33,303.25,303.31,8812.0
15:00,303.33,303.4,303.3,303.33,8205.0
15:01,303.44,303.44,303.3,303.36,6236.0
15:02,303.41,303.46,303.31,303.44,7913.0
15:03,303.39,303.41,303.34,303.34,2590.0
15:04,303.39,303.42,303.36,303.36,2733.0
15:05,303.39,303.42,303.35,303.37,10840.0
15:06,303.39,303.41,303.39,303.41,2835.0
15:07,303.49,303.54,303.42,303.42,16979.0
15:08,303.46,303.52,303.43,303.46,9293.0
15:09,303.31,303.47,303.31,303.46,8357.0
15:10,303.25,303.36,303.25,303.36,10999.0
15:11,303.27,303.32,303.27,303.27,5359.0
15:12,303.45,303.48,303.24,303.27,12371.0
15:13,303.22,303.45,303.19,303.45,93179.0
15:14,303.22,303.26,303.21,303.22,2458.0
15:15,303.25,303.31,303.21,303.21,9780.0
15:16,303.24,303.33,303.24,303.27,8576.0
15:17,303.23,303.3,303.18,303.25,14036.0
15:18,303.24,303.25,303.2,303.25,5637.0
15:19,303.28,303.33,303.25,303.32,9761.0
15:20,303.29,303.35,303.25,303.26,10784.0
15:21,303.32,303.37,303.23,303.25,5847.0
15:22,303.49,303.49,303.31,303.34,8228.0
15:23,303.42,303.48,303.4,303.45,11847.0
15:24,303.5,303.51,303.39,303.42,13910.0
15:25,303.49,303.54,303.45,303.5,10753.0
15:26,303.61,303.62,303.52,303.53,12374.0
15:27,303.48,303.63,303.48,303.61,10006.0
15:28,303.48,303.54,303.44,303.52,10020.0
15:29,303.45,303.5,303.39,303.48,12308.0
15:30,303.48,303.49,303.4,303.45,16042.0
15:31,303.61,303.64,303.46,303.48,23118.0
15:32,303.6,303.62,303.57,303.58,11882.0
15:33,303.65,303.65,303.59,303.62,11748.0
15:34,303.49,303.65,303.47,303.65,14902.0
15:35,303.49,303.58,303.46,303.46,15308.0
15:36,303.48,303.55,303.48,303.5,9451.0
15:37,303.74,303.76,303.51,303.51,24117.0
15:38,303.73,303.78,303.71,303.72,18461.0
15:39,303.77,303.79,303.74,303.74,11602.0
15:40,303.82,303.82,303.68,303.75,24531.0
15:41,303.83,303.83,303.74,303.83,12244.0
15:42,303.84,303.89,303.8,303.8,18429.0
15:43,303.85,303.87,303.81,303.85,7669.0
15:44,303.8,303.87,303.8,303.83,13405.0
15:45,303.85,303.87,303.78,303.78,5647.0
15:46,304.15,304.15,303.9,303.9,33611.0
15:47,304.18,304.18,304.06,304.13,10613.0
15:48,304.36,304.39,304.16,304.16,20228.0
15:49,304.31,304.51,304.31,304.34,20542.0
15:50,304.17,304.37,303.89,304.37,35532.0
15:51,304.29,304.35,304.13,304.13,19127.0
15:52,304.17,304.3,304.13,304.3,16296.0
15:53,304.27,304.33,304.16,304.16,20476.0
15:54,304.2,304.37,304.14,304.29,37961.0
15:55,304.4,304.43,304.18,304.2,47761.0
15:56,304.36,304.53,304.34,304.38,35367.0
15:57,304.23,304.39,304.23,304.36,32249.0
15:58,304.02,304.24,304.0,304.22,54371.0
15:59,304.15,304.19,303.98,304.02,78934.0
