Time,Close,High,Low,Open,Volume
09:30,309.58,309.73,308.24,309.1,286206.0
09:31,309.8,309.97,309.32,309.55,9271.0
09:32,310.36,310.42,309.8,309.8,26487.0
09:33,310.56,310.77,310.28,310.41,16188.0
09:34,310.84,310.88,310.55,310.71,14564.0
09:35,310.76,310.94,310.55,310.83,23959.0
09:36,310.76,311.1,310.68,310.74,21422.0
09:37,311.15,311.25,310.7,310.73,19468.0
09:38,310.92,311.22,310.88,311.15,15429.0
09:39,310.64,311.18,310.57,310.95,22809.0
09:40,310.75,310.81,310.44,310.72,12407.0
09:41,310.82,310.82,310.58,310.73,9381.0
09:42,310.85,311.02,310.73,310.8,10525.0
09:43,310.88,310.97,310.78,310.78,8895.0
09:44,310.91,311.03,310.81,310.9,30880.0
09:45,310.64,310.89,310.6,310.87,17265.0
09:46,310.89,310.9,310.28,310.69,15475.0
09:47,310.89,311.0,310.73,310.85,13987.0
09:48,310.96,311.1,310.83,310.89,18717.0
09:49,310.87,311.02,310.64,311.02,19169.0
09:50,310.92,311.02,310.85,310.9,12986.0
09:51,311.03,311.03,310.86,310.93,17016.0
09:52,311.3,311.33,310.97,311.01,22610.0
09:53,311.49,311.49,311.31,311.33,14480.0
09:54,311.46,311.49,311.3,311.49,16139.0
09:55,311.28,311.43,311.26,311.43,14981.0
09:56,311.16,311.3,311.1,311.26,15055.0
09:57,311.45,311.46,311.09,311.09,15077.0
09:58,311.41,311.53,311.37,311.41,10810.0
09:59,311.5,311.54,311.4,311.42,13568.0
10:00,311.53,311.74,311.47,311.51,18317.0
10:01,311.62,311.74,311.52,311.52,13519.0
10:02,311.67,311.73,311.47,311.59,8508.0
10:03,311.65,311.79,311.54,311.7,10422.0
10:04,311.87,311.89,311.66,311.7,14144.0
10:05,311.97,311.99,311.81,311.86,9748.0
10:06,312.26,312.26,311.96,311.97,28882.0
10:07,312.15,312.26,312.1,312.18,16539.0
10:08,312.04,312.16,311.81,312.13,28285.0
10:09,311.81,312.17,311.81,312.13,17661.0
10:10,312.04,312.12,311.72,311.84,13560.0
10:11,311.84,312.1,311.78,312.07,9383.0
10:12,311.9,311.95,311.77,311.84,21577.0
10:13,312.11,312.14,311.94,311.94,10944.0
10:14,312.17,312.24,312.05,312.1,13133.0
10:15,312.32,312.32,312.13,312.17,12384.0
10:16,312.4,312.56,312.23,312.27,16530.0
10:17,312.4,312.45,312.33,312.42,10548.0
10:18,312.68,312.68,312.28,312.42,17949.0
10:19,312.4,312.76,312.39,312.68,13724.0
10:20,312.47,312.5,312.36,312.41,14074.0
10:21,312.43,312.53,312.39,312.47,10901.0
10:22,312.45,312.49,312.34,312.41,11329.0
10:23,312.6,312.61,312.45,312.47,8396.0
10:24,312.45,312.6,312.41,312.56,15516.0
10:25,312.5,312.58,312.42,312.48,11365.0
10:26,312.38,312.54,312.38,312.52,18150.0
10:27,312.27,312.38,312.24,312.38,12182.0
10:28,312.29,312.3,312.11,312.27,10801.0
10:29,312.59,312.65,312.27,312.27,9915.0
10:30,312.73,312.81,312.64,312.64,14982.0
10:31,312.7,312.87,312.7,312.77,16246.0
10:32,312.7,312.8,312.66,312.69,11708.0
10:33,312.75,312.89,312.7,312.75,18994.0
10:34,312.79,312.88,312.73,312.73,11492.0
10:35,312.83,312.86,312.71,312.79,7516.0
10:36,312.92,312.95,312.76,312.79,18147.0
10:37,312.88,313.05,312.83,312.92,11677.0
10:38,312.86,312.94,312.82,312.89,7317.0
10:39,313.04,313.04,312.8,312.9,18706.0
10:40,312.9,313.05,312.87,313.05,11536.0
10:41,313.09,313.11,312.89,312.91,13127.0
10:42,313.12,313.16,313.08,313.09,12362.0
10:43,313.09,313.19,313.04,313.1,9032.0
10:44,313.01,313.13,312.99,313.13,9136.0
10:45,313.12,313.17,313.0,313.01,22419.0
10:46,313.19,313.21,313.07,313.07,13220.0
10:47,313.23,313.24,313.13,313.21,13668.0
10:48,313.26,313.31,313.19,313.2,13232.0
10:49,313.41,313.42,313.24,313.24,11544.0
10:50,313.48,313.5,313.36,313.39,19448.0
10:51,313.41,313.5,313.41,313.5,7963.0
10:52,313.43,313.43,313.3,313.36,16620.0
10:53,313.5,313.52,313.42,313.43,8175.0
10:54,313.5,313.54,313.43,313.47,11076.0
10:55,313.56,313.56,313.43,313.48,14053.0
10:56,313.52,313.64,313.51,313.55,16243.0
10:57,313.48,313.55,313.47,313.53,9854.0
10:58,313.52,313.65,313.46,313.47,13746.0
10:59,313.43,313.55,313.39,313.55,12103.0
11:00,313.45,313.48,313.35,313.43,11966.0
11:01,313.44,313.51,313.36,313.45,10388.0
11:02,313.32,313.48,313.26,313.43,14031.0
11:03,313.42,313.42,313.29,313.29,6812.0
11:04,313.06,313.42,312.95,313.42,30770.0
11:05,312.97,313.1,312.92,313.07,10225.0
11:06,313.03,313.19,312.95,312.99,34540.0
11:07,313.1,313.21,313.06,313.07,9845.0
11:08,313.05,313.14,313.05,313.11,10505.0
11:09,313.06,313.13,312.96,313.04,8296.0
11:10,312.99,313.1,312.97,313.06,9660.0
11:11,313.22,313.22,312.97,312.97,8843.0
11:12,313.19,313.22,313.15,313.19,6645.0
11:13,313.0,313.18,312.94,313.18,10668.0
11:14,313.08,313.08,312.94,313.01,15534.0
11:15,313.19,313.2,313.03,313.08,8694.0
11:16,313.23,313.35,313.16,313.18,15673.0
11:17,313.28,313.3,313.23,313.23,8607.0
11:18,313.41,313.41,313.21,313.27,6718.0
11:19,313.42,313.46,313.35,313.37,10686.0
11:20,313.33,313.44,313.27,313.42,9489.0
11:21,313.3,313.47,313.26,313.34,10119.0
11:22,313.23,313.3,313.18,313.26,9796.0
11:23,313.2,313.23,313.08,313.23,12696.0
11:24,313.19,313.22,313.13,313.21,11192.0
11:25,313.14,313.19,313.1,313.19,8567.0
11:26,313.13,313.23,313.12,313.14,13921.0
11:27,313.02,313.14,312.99,313.12,11330.0
11:28,313.32,313.32,313.02,313.03,16996.0
11:29,313.38,313.49,313.29,313.29,10198.0
11:30,313.33,313.42,313.3,313.41,9139.0
11:31,313.38,313.42,313.3,313.33,10185.0
11:32,313.55,313.56,313.37,313.39,7380.0
11:33,313.6,313.62,313.46,313.52,12013.0
11:34,313.56,313.61,313.53,313.6,7677.0
11:35,313.67,313.67,313.47,313.56,10249.0
11:36,313.68,313.72,313.62,313.64,12193.0
11:37,313.47,313.71,313.46,313.68,10144.0
11:38,313.35,313.48,313.31,313.46,8806.0
11:39,313.46,313.56,313.39,313.39,7728.0
11:40,313.4,313.47,313.36,313.45,10197.0
11:41,313.45,313.49,313.36,313.39,6577.0
11:42,313.48,313.57,313.41,313.45,7946.0
11:43,313.58,313.61,313.49,313.51,9108.0
11:44,313.52,313.61,313.5,313.58,11336.0
11:45,313.46,313.55,313.45,313.52,16585.0
11:46,313.45,313.5,313.41,313.48,5694.0
11:47,313.52,313.54,313.38,313.49,5528.0
11:48,313.55,313.72,313.49,313.52,18814.0
11:49,313.52,313.57,313.49,313.55,6890.0
11:50,313.39,313.53,313.34,313.52,10724.0
11:51,313.42,313.45,313.37,313.38,7293.0
11:52,313.32,313.4,313.28,313.39,6229.0
11:53,313.32,313.39,313.32,313.36,9848.0
11:54,313.23,313.35,313.19,313.33,5421.0
11:55,313.27,313.28,313.19,313.24,7961.0
11:56,313.14,313.24,313.1,313.22,8078.0
11:57,313.17,313.2,313.12,313.19,6961.0
11:58,313.08,313.2,313.08,313.17,9118.0
11:59,313.11,313.18,313.08,313.09,11373.0
12:00,313.12,313.14,313.02,313.11,7479.0
12:01,313.02,313.11,312.95,313.09,18106.0
12:02,313.05,313.1,313.01,313.03,6040.0
12:03,313.08,313.12,312.99,313.07,12757.0
12:04,313.17,313.2,313.1,313.12,9171.0
12:05,313.08,313.2,313.08,313.2,8977.0
12:06,313.08,313.13,313.05,313.08,5934.0
12:07,313.09,313.12,313.04,313.07,5007.0
12:08,313.04,313.09,312.99,313.08,9461.0
12:09,313.12,313.13,313.03,313.04,11694.0
12:10,313.15,313.19,313.05,313.11,14125.0
12:11,313.23,313.26,313.15,313.15,12637.0
12:12,313.2,313.23,313.17,313.22,10026.0
12:13,313.22,313.27,313.17,313.22,11977.0
12:14,313.13,313.27,313.13,313.25,15751.0
12:15,313.08,313.22,313.07,313.16,11831.0
12:16,312.98,313.08,312.98,313.07,10908.0
12:17,312.89,313.01,312.85,312.99,14409.0
12:18,312.84,312.93,312.84,312.88,11060.0
12:19,312.82,312.9,312.81,312.84,10168.0
12:20,312.73,312.82,312.71,312.8,13260.0
12:21,312.74,312.81,312.72,312.73,9797.0
12:22,312.72,312.81,312.7,312.74,7169.0
12:23,312.57,312.75,312.54,312.74,14341.0
12:24,312.6,312.64,312.57,312.58,9522.0
12:25,312.63,312.66,312.56,312.56,7035.0
12:26,312.55,312.64,312.43,312.64,18119.0
12:27,312.68,312.68,312.52,312.56,9458.0
12:28,312.57,312.68,312.53,312.66,10528.0
12:29,312.54,312.6,312.52,312.57,13153.0
12:30,312.48,312.54,312.36,312.54,22896.0
12:31,312.53,312.57,312.47,312.47,12522.0
12:32,312.43,312.55,312.4,312.53,13438.0
12:33,312.64,312.65,312.42,312.43,9631.0
12:34,312.74,312.79,312.57,312.63,15001.0
12:35,312.8,312.84,312.7,312.73,15683.0
12:36,312.73,312.8,312.7,312.8,13709.0
12:37,312.82,312.92,312.7,312.75,13323.0
12:38,312.56,312.84,312.54,312.82,24765.0
12:39,312.46,312.61,312.43,312.55,8595.0
12:40,312.42,312.48,312.36,312.46,17497.0
12:41,312.44,312.46,312.35,312.43,12587.0
12:42,312.38,312.49,312.35,312.42,15724.0
12:43,312.49,312.54,312.36,312.36,20206.0
12:44,312.42,312.5,312.41,312.47,12409.0
12:45,312.48,312.59,312.4,312.41,14112.0
12:46,312.48,312.59,312.4,312.41,14112.0
12:47,312.48,312.59,312.4,312.41,14112.0
12:48,312.48,312.59,312.4,312.41,14112.0
12:49,312.48,312.59,312.4,312.41,14112.0
12:50,312.48,312.59,312.4,312.41,14112.0
12:51,312.48,312.59,312.4,312.41,14112.0
12:52,312.48,312.59,312.4,312.41,14112.0
12:53,312.48,312.59,312.4,312.41,14112.0
12:54,312.48,312.59,312.4,312.41,14112.0
12:55,312.48,312.59,312.4,312.41,14112.0
12:56,312.48,312.59,312.4,312.41,14112.0
12:57,312.48,312.59,312.4,312.41,14112.0
12:58,312.48,312.59,312.4,312.41,14112.0
12:59,312.48,312.59,312.4,312.41,14112.0
13:00,312.48,312.59,312.4,312.41,14112.0
13:01,312.48,312.59,312.4,312.41,14112.0
13:02,312.48,312.59,312.4,312.41,14112.0
13:03,312.48,312.59,312.4,312.41,14112.0
13:04,312.48,312.59,312.4,312.41,14112.0
13:05,312.48,312.59,312.4,312.41,14112.0
13:06,312.48,312.59,312.4,312.41,14112.0
13:07,312.48,312.59,312.4,312.41,14112.0
13:08,312.48,312.59,312.4,312.41,14112.0
13:09,312.48,312.59,312.4,312.41,14112.0
13:10,312.48,312.59,312.4,312.41,14112.0
13:11,312.48,312.59,312.4,312.41,14112.0
13:12,312.48,312.59,312.4,312.41,14112.0
13:13,312.48,312.59,312.4,312.41,14112.0
13:14,312.48,312.59,312.4,312.41,14112.0
13:15,312.48,312.59,312.4,312.41,14112.0
13:16,312.48,312.59,312.4,312.41,14112.0
13:17,312.48,312.59,312.4,312.41,14112.0
13:18,312.48,312.59,312.4,312.41,14112.0
13:19,312.48,312.59,312.4,312.41,14112.0
13:20,312.48,312.59,312.4,312.41,14112.0
13:21,312.48,312.59,312.4,312.41,14112.0
13:22,312.48,312.59,312.4,312.41,14112.0
13:23,312.48,312.59,312.4,312.41,14112.0
13:24,312.48,312.59,312.4,312.41,14112.0
13:25,312.48,312.59,312.4,312.41,14112.0
13:26,312.48,312.59,312.4,312.41,14112.0
13:27,312.48,312.59,312.4,312.41,14112.0
13:28,312.48,312.59,312.4,312.41,14112.0
13:29,312.48,312.59,312.4,312.41,14112.0
13:30,312.48,312.59,312.4,312.41,14112.0
13:31,312.48,312.59,312.4,312.41,14112.0
13:32,312.48,312.59,312.4,312.41,14112.0
13:33,312.48,312.59,312.4,312.41,14112.0
13:34,312.48,312.59,312.4,312.41,14112.0
13:35,312.48,312.59,312.4,312.41,14112.0
13:36,312.48,312.59,312.4,312.41,14112.0
13:37,312.48,312.59,312.4,312.41,14112.0
13:38,312.48,312.59,312.4,312.41,14112.0
13:39,312.48,312.59,312.4,312.41,14112.0
13:40,312.48,312.59,312.4,312.41,14112.0
13:41,312.48,312.59,312.4,312.41,14112.0
13:42,312.48,312.59,312.4,312.41,14112.0
13:43,312.48,312.59,312.4,312.41,14112.0
13:44,312.48,312.59,312.4,312.41,14112.0
13:45,312.48,312.59,312.4,312.41,14112.0
13:46,312.48,312.59,312.4,312.41,14112.0
13:47,312.48,312.59,312.4,312.41,14112.0
13:48,312.48,312.59,312.4,312.41,14112.0
13:49,312.48,312.59,312.4,312.41,14112.0
13:50,312.48,312.59,312.4,312.41,14112.0
13:51,312.48,312.59,312.4,312.41,14112.0
13:52,312.48,312.59,312.4,312.41,14112.0
13:53,312.48,312.59,312.4,312.41,14112.0
13:54,312.48,312.59,312.4,312.41,14112.0
13:55,312.48,312.59,312.4,312.41,14112.0
13:56,312.48,312.59,312.4,312.41,14112.0
13:57,312.48,312.59,312.4,312.41,14112.0
13:58,312.48,312.59,312.4,312.41,14112.0
13:59,312.48,312.59,312.4,312.41,14112.0
14:00,312.48,312.59,312.4,312.41,14112.0
14:01,312.48,312.59,312.4,312.41,14112.0
14:02,312.48,312.59,312.4,312.41,14112.0
14:03,312.48,312.59,312.4,312.41,14112.0
14:04,312.48,312.59,312.4,312.41,14112.0
14:05,312.48,312.59,312.4,312.41,14112.0
14:06,312.48,312.59,312.4,312.41,14112.0
14:07,312.48,312.59,312.4,312.41,14112.0
14:08,312.48,312.59,312.4,312.41,14112.0
14:09,312.48,312.59,312.4,312.41,14112.0
14:10,312.48,312.59,312.4,312.41,14112.0
14:11,312.48,312.59,312.4,312.41,14112.0
14:12,312.48,312.59,312.4,312.41,14112.0
14:13,312.48,312.59,312.4,312.41,14112.0
14:14,312.48,312.59,312.4,312.41,14112.0
14:15,312.48,312.59,312.4,312.41,14112.0
14:16,312.48,312.59,312.4,312.41,14112.0
14:17,312.48,312.59,312.4,312.41,14112.0
14:18,312.48,312.59,312.4,312.41,14112.0
14:19,312.48,312.59,312.4,312.41,14112.0
14:20,312.48,312.59,312.4,312.41,14112.0
14:21,312.48,312.59,312.4,312.41,14112.0
14:22,312.48,312.59,312.4,312.41,14112.0
14:23,312.48,312.59,312.4,312.41,14112.0
14:24,312.48,312.59,312.4,312.41,14112.0
14:25,312.48,312.59,312.4,312.41,14112.0
14:26,312.48,312.59,312.4,312.41,14112.0
14:27,312.48,312.59,312.4,312.41,14112.0
14:28,312.48,312.59,312.4,312.41,14112.0
14:29,312.48,312.59,312.4,312.41,14112.0
14:30,312.48,312.59,312.4,312.41,14112.0
14:31,312.48,312.59,312.4,312.41,14112.0
14:32,312.48,312.59,312.4,312.41,14112.0
14:33,312.48,312.59,312.4,312.41,14112.0
14:34,312.48,312.59,312.4,312.41,14112.0
14:35,312.48,312.59,312.4,312.41,14112.0
14:36,312.48,312.59,312.4,312.41,14112.0
14:37,312.48,312.59,312.4,312.41,14112.0
14:38,312.48,312.59,312.4,312.41,14112.0
14:39,312.48,312.59,312.4,312.41,14112.0
14:40,312.48,312.59,312.4,312.41,14112.0
14:41,312.48,312.59,312.4,312.41,14112.0
14:42,312.48,312.59,312.4,312.41,14112.0
14:43,312.48,312.59,312.4,312.41,14112.0
14:44,312.48,312.59,312.4,312.41,14112.0
14:45,312.48,312.59,312.4,312.41,14112.0
14:46,312.48,312.59,312.4,312.41,14112.0
14:47,312.48,312.59,312.4,312.41,14112.0
14:48,312.48,312.59,312.4,312.41,14112.0
14:49,312.48,312.59,312.4,312.41,14112.0
14:50,312.48,312.59,312.4,312.41,14112.0
14:51,312.48,312.59,312.4,312.41,14112.0
14:52,312.48,312.59,312.4,312.41,14112.0
14:53,312.48,312.59,312.4,312.41,14112.0
14:54,312.48,312.59,312.4,312.41,14112.0
14:55,312.48,312.59,312.4,312.41,14112.0
14:56,312.48,312.59,312.4,312.41,14112.0
14:57,312.48,312.59,312.4,312.41,14112.0
14:58,312.48,312.59,312.4,312.41,14112.0
14:59,312.48,312.59,312.4,312.41,14112.0
15:00,312.48,312.59,312.4,312.41,14112.0
15:01,312.48,312.59,312.4,312.41,14112.0
15:02,312.48,312.59,312.4,312.41,14112.0
15:03,312.48,312.59,312.4,312.41,14112.0
15:04,312.48,312.59,312.4,312.41,14112.0
15:05,312.48,312.59,312.4,312.41,14112.0
15:06,312.48,312.59,312.4,312.41,14112.0
15:07,312.48,312.59,312.4,312.41,14112.0
15:08,312.48,312.59,312.4,312.41,14112.0
15:09,312.48,312.59,312.4,312.41,14112.0
15:10,312.48,312.59,312.4,312.41,14112.0
15:11,312.48,312.59,312.4,312.41,14112.0
15:12,312.48,312.59,312.4,312.41,14112.0
15:13,312.48,312.59,312.4,312.41,14112.0
15:14,312.48,312.59,312.4,312.41,14112.0
15:15,312.48,312.59,312.4,312.41,14112.0
15:16,312.48,312.59,312.4,312.41,14112.0
15:17,312.48,312.59,312.4,312.41,14112.0
15:18,312.48,312.59,312.4,312.41,14112.0
15:19,312.48,312.59,312.4,312.41,14112.0
15:20,312.48,312.59,312.4,312.41,14112.0
15:21,312.48,312.59,312.4,312.41,14112.0
15:22,312.48,312.59,312.4,312.41,14112.0
15:23,312.48,312.59,312.4,312.41,14112.0
15:24,312.48,312.59,312.4,312.41,14112.0
15:25,312.48,312.59,312.4,312.41,14112.0
15:26,312.48,312.59,312.4,312.41,14112.0
15:27,312.48,312.59,312.4,312.41,14112.0
15:28,312.48,312.59,312.4,312.41,14112.0
15:29,312.48,312.59,312.4,312.41,14112.0
15:30,312.48,312.59,312.4,312.41,14112.0
15:31,312.48,312.59,312.4,312.41,14112.0
15:32,312.48,312.59,312.4,312.41,14112.0
15:33,312.48,312.59,312.4,312.41,14112.0
15:34,312.48,312.59,312.4,312.41,14112.0
15:35,312.48,312.59,312.4,312.41,14112.0
15:36,312.48,312.59,312.4,312.41,14112.0
15:37,312.48,312.59,312.4,312.41,14112.0
15:38,312.48,312.59,312.4,312.41,14112.0
15:39,312.48,312.59,312.4,312.41,14112.0
15:40,312.48,312.59,312.4,312.41,14112.0
15:41,312.48,312.59,312.4,312.41,14112.0
15:42,312.48,312.59,312.4,312.41,14112.0
15:43,312.48,312.59,312.4,312.41,14112.0
15:44,312.48,312.59,312.4,312.41,14112.0
15:45,312.48,312.59,312.4,312.41,14112.0
15:46,312.48,312.59,312.4,312.41,14112.0
15:47,312.48,312.59,312.4,312.41,14112.0
15:48,312.48,312.59,312.4,312.41,14112.0
15:49,312.48,312.59,312.4,312.41,14112.0
15:50,312.48,312.59,312.4,312.41,14112.0
15:51,312.48,312.59,312.4,312.41,14112.0
15:52,312.48,312.59,312.4,312.41,14112.0
15:53,312.48,312.59,312.4,312.41,14112.0
15:54,312.48,312.59,312.4,312.41,14112.0
15:55,312.48,312.59,312.4,312.41,14112.0
15:56,312.48,312.59,312.4,312.41,14112.0
15:57,312.48,312.59,312.4,312.41,14112.0
15:58,312.48,312.59,312.4,312.41,14112.0
15:59,312.48,312.59,312.4,312.41,14112.0
