Time,Close,High,Low,Open,Volume
09:30,301.66,301.97,300.79,301.66,119845.0
09:31,301.9,302.0,301.49,301.64,20923.0
09:32,301.69,301.89,301.1,301.7,11721.0
09:33,301.8,301.9,301.32,301.49,20361.0
09:34,301.74,301.88,301.53,301.65,29631.0
09:35,301.96,302.07,301.68,301.7,35237.0
09:36,302.96,302.96,301.79,301.85,46915.0
09:37,302.68,303.2,302.58,302.8,73424.0
09:38,302.48,302.77,302.07,302.69,24487.0
09:39,302.52,302.73,302.38,302.48,31386.0
09:40,303.47,303.47,302.47,302.47,41294.0
09:41,303.51,303.69,303.22,303.43,22150.0
09:42,302.99,303.55,302.88,303.55,29080.0
09:43,303.23,303.53,303.04,303.07,12959.0
09:44,303.51,303.62,303.26,303.26,11387.0
09:45,303.68,303.68,303.2,303.5,35998.0
09:46,304.62,304.64,303.66,303.66,46380.0
09:47,304.21,304.32,304.18,304.32,22792.0
09:48,304.76,304.77,303.89,304.22,29975.0
09:49,304.51,304.77,304.39,304.69,16029.0
09:50,304.29,304.71,304.26,304.56,22890.0
09:51,304.24,304.44,304.12,304.38,22656.0
09:52,304.67,304.67,304.12,304.23,17855.0
09:53,304.8,304.89,304.64,304.64,10735.0
09:54,304.78,304.96,304.68,304.87,19320.0
09:55,304.6,304.79,304.56,304.79,16629.0
09:56,304.66,304.76,304.57,304.64,13269.0
09:57,304.71,304.85,304.54,304.63,45692.0
09:58,304.55,304.9,304.55,304.73,31237.0
09:59,304.14,304.58,304.14,304.58,25469.0
10:00,303.92,304.32,303.75,304.17,37103.0
10:01,304.08,304.16,303.75,303.98,27958.0
10:02,303.96,304.19,303.86,304.12,32673.0
10:03,303.92,304.1,303.82,303.99,26470.0
10:04,303.56,303.92,303.53,303.91,16777.0
10:05,304.27,304.27,303.6,303.6,26053.0
10:06,304.34,304.35,304.06,304.25,26561.0
10:07,304.08,304.36,303.93,304.35,36827.0
10:08,304.42,304.5,304.01,304.02,19814.0
10:09,304.33,304.45,304.29,304.45,15939.0
10:10,304.53,304.6,304.33,304.39,15825.0
10:11,304.73,304.88,304.43,304.56,33658.0
10:12,304.57,304.77,304.52,304.69,52248.0
10:13,304.54,304.69,304.39,304.57,38180.0
10:14,304.01,304.53,303.94,304.53,32709.0
10:15,304.48,304.51,304.0,304.07,21906.0
10:16,304.57,304.68,304.31,304.53,26738.0
10:17,304.85,304.88,304.24,304.6,50412.0
10:18,304.67,304.91,304.59,304.85,18088.0
10:19,304.56,304.73,304.48,304.55,11378.0
10:20,304.51,304.76,304.46,304.61,13174.0
10:21,304.42,304.77,304.42,304.58,14576.0
10:22,304.51,304.68,304.4,304.5,11776.0
10:23,304.1,304.49,304.1,304.49,10624.0
10:24,304.42,304.43,304.06,304.06,9410.0
10:25,304.71,304.71,304.39,304.42,8009.0
10:26,304.38,304.7,304.34,304.62,11877.0
10:27,304.24,304.46,304.24,304.46,11561.0
10:28,304.11,304.3,304.1,304.24,9329.0
10:29,304.06,304.18,303.82,304.17,16085.0
10:30,303.79,304.1,303.74,304.06,14658.0
10:31,303.97,304.08,303.76,303.84,14103.0
10:32,303.86,303.98,303.66,303.98,12375.0
10:33,304.05,304.24,303.93,304.15,21095.0
10:34,304.23,304.51,304.21,304.31,29815.0
10:35,304.36,304.39,304.19,304.24,10723.0
10:36,304.42,304.43,304.26,304.38,6442.0
10:37,304.4,304.44,304.28,304.44,11862.0
10:38,304.45,304.56,304.36,304.42,7292.0
10:39,304.6,304.77,304.37,304.37,9608.0
10:40,304.7,304.8,304.58,304.71,5524.0
10:41,304.82,304.89,304.71,304.75,11805.0
10:42,304.86,304.87,304.7,304.86,16006.0
10:43,304.91,304.99,304.79,304.86,26527.0
10:44,305.07,305.07,304.87,304.97,34750.0
10:45,304.88,305.08,304.84,304.98,11739.0
10:46,304.95,305.04,304.91,304.91,8507.0
10:47,305.0,305.09,304.85,304.95,16429.0
10:48,305.06,305.06,304.79,304.94,10487.0
10:49,305.08,305.1,304.96,304.98,9005.0
10:50,304.91,305.02,304.86,305.02,14233.0
10:51,304.97,305.15,304.92,304.97,8899.0
10:52,305.0,305.02,304.92,304.93,6730.0
10:53,305.29,305.29,304.95,304.99,17188.0
10:54,305.5,305.5,305.25,305.25,23045.0
10:55,305.56,305.61,305.41,305.46,23929.0
10:56,305.47,305.57,305.3,305.56,19727.0
10:57,305.14,305.73,305.14,305.41,28189.0
10:58,305.38,305.38,305.12,305.21,37034.0
10:59,305.26,305.45,305.18,305.4,20895.0
11:00,305.26,305.38,305.11,305.26,11342.0
11:01,305.03,305.39,304.99,305.28,19082.0
11:02,305.08,305.17,304.98,305.02,15190.0
11:03,305.0,305.17,304.98,305.07,10198.0
11:04,304.75,304.75,304.68,304.75,11793.0
11:05,304.48,304.81,304.43,304.8,19868.0
11:06,304.45,304.53,304.28,304.52,14796.0
11:07,304.14,304.47,304.11,304.46,22420.0
11:08,303.8,304.14,303.79,304.11,18703.0
11:09,303.6,303.8,303.57,303.8,8174.0
11:10,303.6,303.66,303.53,303.55,19699.0
11:11,303.69,303.69,303.36,303.59,16753.0
11:12,303.56,303.69,303.48,303.67,12670.0
11:13,303.52,303.7,303.5,303.56,7336.0
11:14,303.42,303.6,303.42,303.51,10707.0
11:15,303.28,303.4,303.26,303.38,7463.0
11:16,303.49,303.49,303.25,303.33,16870.0
11:17,303.66,303.66,303.38,303.38,6848.0
11:18,303.91,304.0,303.66,303.66,20915.0
11:19,303.92,304.09,303.92,304.02,15243.0
11:20,303.98,304.11,303.97,304.0,8498.0
11:21,303.92,304.05,303.79,304.05,14275.0
11:22,303.8,303.94,303.74,303.91,8161.0
11:23,303.93,304.05,303.81,303.81,21148.0
11:24,303.76,303.89,303.75,303.8,8335.0
11:25,303.8,303.92,303.8,303.83,5556.0
11:26,303.75,303.96,303.75,303.88,15172.0
11:27,303.8,303.82,303.73,303.82,11855.0
11:28,303.76,303.83,303.7,303.78,10999.0
11:29,303.84,303.88,303.61,303.8,14602.0
11:30,304.05,304.05,303.54,303.87,44926.0
11:31,303.79,304.0,303.79,303.9,8950.0
11:32,303.99,303.99,303.62,303.77,13111.0
11:33,303.89,304.02,303.79,303.85,5788.0
11:34,303.91,304.04,303.86,303.88,3885.0
11:35,303.9,303.98,303.86,303.96,11545.0
11:36,303.76,303.99,303.73,303.99,5360.0
11:37,303.83,303.89,303.63,303.73,8636.0
11:38,303.73,303.76,303.64,303.76,5911.0
11:39,303.63,303.75,303.52,303.73,7198.0
11:40,303.39,303.69,303.35,303.64,11867.0
11:41,303.41,303.47,303.39,303.39,5512.0
11:42,303.55,303.55,303.38,303.45,10676.0
11:43,303.41,303.59,303.41,303.54,5388.0
11:44,303.39,303.46,303.34,303.36,6138.0
11:45,303.37,303.43,303.36,303.37,4220.0
11:46,303.23,303.44,303.23,303.43,6708.0
11:47,303.1,303.27,303.1,303.21,5944.0
11:48,303.21,303.25,303.07,303.09,7819.0
11:49,303.13,303.23,303.11,303.23,13860.0
11:50,303.06,303.19,303.06,303.12,7166.0
11:51,303.01,303.1,302.95,303.02,8981.0
11:52,303.3,303.3,302.99,303.03,11048.0
11:53,303.07,303.28,303.02,303.28,9063.0
11:54,303.25,303.28,303.08,303.12,11189.0
11:55,303.26,303.34,303.26,303.26,3143.0
11:56,303.48,303.52,303.26,303.32,16399.0
11:57,303.26,303.52,303.26,303.52,10019.0
11:58,303.3,303.31,303.27,303.31,5852.0
11:59,303.58,303.61,303.28,303.3,11590.0
12:00,303.87,303.92,303.53,303.58,9673.0
12:01,303.96,304.04,303.86,303.89,11946.0
12:02,304.0,304.0,303.91,303.96,4549.0
12:03,304.1,304.15,303.92,303.99,19229.0
12:04,304.29,304.3,304.16,304.18,6695.0
12:05,304.12,304.28,304.08,304.26,12477.0
12:06,304.08,304.12,303.95,304.12,14331.0
12:07,304.13,304.18,303.93,303.93,16588.0
12:08,304.11,304.21,304.04,304.13,13615.0
12:09,304.0,304.11,303.93,304.11,5894.0
12:10,304.17,304.17,304.01,304.01,3477.0
12:11,304.1,304.14,303.96,304.14,11768.0
12:12,304.23,304.26,304.1,304.1,5971.0
12:13,304.21,304.21,304.12,304.19,10467.0
12:14,304.06,304.22,304.04,304.22,14499.0
12:15,304.27,304.31,304.13,304.13,9627.0
12:16,304.14,304.27,304.07,304.27,11482.0
12:17,304.11,304.18,304.11,304.17,6069.0
12:18,304.13,304.13,304.03,304.11,7682.0
12:19,304.18,304.19,304.11,304.11,6962.0
12:20,304.34,304.34,304.18,304.18,8107.0
12:21,304.31,304.4,304.23,304.29,133713.0
12:22,304.3,304.32,304.26,304.3,6599.0
12:23,304.35,304.39,304.2,304.27,11425.0
12:24,304.52,304.55,304.34,304.35,11739.0
12:25,304.6,304.6,304.46,304.46,6723.0
12:26,304.65,304.65,304.55,304.56,7977.0
12:27,304.62,304.7,304.58,304.63,17504.0
12:28,304.71,304.8,304.56,304.65,21609.0
12:29,304.53,304.71,304.47,304.71,9402.0
12:30,304.67,304.67,304.57,304.59,5518.0
12:31,304.71,304.75,304.53,304.65,6534.0
12:32,304.67,304.76,304.66,304.67,8849.0
12:33,304.67,304.76,304.67,304.74,9259.0
12:34,304.57,304.7,304.57,304.63,6033.0
12:35,304.22,304.55,304.17,304.52,7073.0
12:36,304.04,304.17,304.02,304.16,9381.0
12:37,304.27,304.27,304.12,304.12,4800.0
12:38,304.39,304.39,304.24,304.26,7670.0
12:39,304.36,304.41,304.32,304.35,7460.0
12:40,304.15,304.41,304.15,304.31,7280.0
12:41,304.13,304.22,304.13,304.22,9009.0
12:42,304.33,304.33,304.23,304.23,5940.0
12:43,304.42,304.42,304.32,304.36,4549.0
12:44,304.35,304.45,304.35,304.39,5640.0
12:45,304.36,304.38,304.33,304.35,4999.0
12:46,304.26,304.32,304.26,304.32,4261.0
12:47,304.12,304.27,304.12,304.27,3672.0
12:48,304.08,304.14,304.07,304.12,6375.0
12:49,304.14,304.19,304.06,304.06,4652.0
12:50,304.16,304.21,304.09,304.09,1062.0
12:51,304.11,304.17,304.11,304.15,6149.0
12:52,304.11,304.2,304.0,304.14,8636.0
12:53,304.06,304.15,303.96,304.15,9831.0
12:54,304.27,304.28,303.98,303.98,32162.0
12:55,304.1,304.2,304.05,304.2,5872.0
12:56,304.15,304.2,304.15,304.2,1695.0
12:57,304.29,304.29,304.14,304.15,3879.0
12:58,304.34,304.34,304.23,304.26,10984.0
12:59,304.14,304.33,304.14,304.24,4498.0
13:00,303.96,304.21,303.93,304.15,6447.0
13:01,304.05,304.12,303.98,303.98,6998.0
13:02,304.24,304.24,304.05,304.08,6845.0
13:03,304.1,304.28,304.1,304.27,8347.0
13:04,304.09,304.14,304.06,304.14,2928.0
13:05,304.11,304.14,304.08,304.1,3997.0
13:06,304.1,304.18,304.07,304.14,5687.0
13:07,304.06,304.12,304.04,304.12,8024.0
13:08,304.17,304.23,304.09,304.14,2526.0
13:09,304.33,304.34,304.15,304.25,6692.0
13:10,304.55,304.58,304.31,304.31,16293.0
13:11,304.54,304.59,304.52,304.55,12994.0
13:12,304.48,304.57,304.47,304.54,12949.0
13:13,304.33,304.46,304.32,304.45,4817.0
13:14,304.48,304.48,304.31,304.35,7905.0
13:15,304.45,304.45,304.26,304.43,8569.0
13:16,304.49,304.51,304.39,304.46,6231.0
13:17,304.49,304.53,304.49,304.5,1732.0
13:18,304.55,304.55,304.49,304.5,7917.0
13:19,304.53,304.58,304.47,304.55,10393.0
13:20,304.52,304.53,304.51,304.52,2891.0
13:21,304.58,304.61,304.5,304.5,6513.0
13:22,304.61,304.66,304.58,304.59,8449.0
13:23,304.5,304.6,304.5,304.57,7948.0
13:24,304.57,304.58,304.52,304.53,6622.0
13:25,304.61,304.67,304.55,304.58,6855.0
13:26,304.58,304.65,304.58,304.61,6847.0
13:27,304.52,304.56,304.52,304.53,4030.0
13:28,304.39,304.51,304.39,304.5,14566.0
13:29,304.36,304.42,304.31,304.42,5492.0
13:30,304.51,304.52,304.31,304.41,5322.0
13:31,304.62,304.62,304.49,304.54,7213.0
13:32,304.54,304.59,304.52,304.59,9388.0
13:33,304.52,304.61,304.46,304.6,9098.0
13:34,304.64,304.67,304.55,304.55,5291.0
13:35,304.8,304.8,304.7,304.7,14854.0
13:36,304.91,304.92,304.78,304.78,30249.0
13:37,304.96,305.0,304.91,304.91,8223.0
13:38,304.83,305.0,304.83,304.99,10306.0
13:39,304.87,304.88,304.71,304.79,7052.0
13:40,304.9,304.9,304.8,304.88,6447.0
13:41,304.85,304.92,304.8,304.9,8174.0
13:42,304.88,304.9,304.8,304.88,5118.0
13:43,304.93,304.97,304.88,304.89,8257.0
13:44,304.96,304.96,304.88,304.95,5581.0
13:45,304.81,305.0,304.81,304.93,9163.0
13:46,304.8,304.89,304.8,304.86,7053.0
13:47,304.8,304.83,304.79,304.81,4195.0
13:48,304.81,304.83,304.77,304.78,10570.0
13:49,304.82,304.84,304.74,304.74,16944.0
13:50,305.07,305.08,304.83,304.84,14779.0
13:51,305.04,305.1,305.0,305.09,22188.0
13:52,305.02,305.02,304.92,304.99,5837.0
13:53,305.11,305.11,304.95,305.02,11383.0
13:54,305.24,305.26,305.09,305.1,9824.0
13:55,305.14,305.27,305.13,305.22,6969.0
13:56,305.23,305.27,305.14,305.14,7778.0
13:57,305.23,305.3,305.22,305.23,7196.0
13:58,305.24,305.26,305.16,305.24,12005.0
13:59,305.28,305.3,305.18,305.21,5332.0
14:00,305.29,305.34,305.25,305.31,3706.0
14:01,305.27,305.33,305.24,305.31,9180.0
14:02,305.26,305.26,305.18,305.24,5295.0
14:03,305.37,305.37,305.24,305.24,7405.0
14:04,305.33,305.4,305.31,305.38,10806.0
14:05,305.24,305.33,305.22,305.29,8135.0
14:06,305.17,305.24,305.12,305.23,9058.0
14:07,305.05,305.17,305.03,305.17,7034.0
14:08,305.0,305.07,304.97,305.01,10667.0
14:09,305.05,305.05,304.87,304.93,10073.0
14:10,304.93,305.02,304.83,305.02,5311.0
14:11,305.07,305.09,304.93,304.95,6912.0
14:12,305.2,305.22,305.0,305.06,6858.0
14:13,305.2,305.23,305.15,305.19,5657.0
14:14,305.14,305.21,305.08,305.2,8458.0
14:15,305.14,305.18,305.11,305.11,7848.0
14:16,305.09,305.14,305.09,305.14,5527.0
14:17,304.99,305.11,304.94,305.08,8229.0
14:18,305.11,305.18,304.92,304.92,7471.0
14:19,304.94,305.09,304.91,305.09,10440.0
14:20,304.88,305.01,304.87,304.94,12294.0
14:21,304.9,304.94,304.81,304.87,7850.0
14:22,304.97,305.01,304.85,304.85,3663.0
14:23,305.08,305.12,304.93,304.93,8535.0
14:24,305.12,305.12,305.02,305.06,8795.0
14:25,305.05,305.13,305.02,305.08,8548.0
14:26,304.88,305.04,304.88,305.04,8495.0
14:27,304.79,304.93,304.79,304.93,6162.0
14:28,304.7,304.83,304.7,304.8,4377.0
14:29,304.8,304.81,304.7,304.7,4759.0
14:30,304.75,304.81,304.74,304.79,6168.0
14:31,304.74,304.83,304.74,304.77,5255.0
14:32,304.67,304.77,304.62,304.67,5941.0
14:33,304.67,304.68,304.62,304.62,2291.0
14:34,304.64,304.67,304.56,304.65,8001.0
14:35,304.72,304.73,304.67,304.69,7895.0
14:36,304.85,304.85,304.68,304.73,8251.0
14:37,304.71,304.87,304.71,304.86,5807.0
14:38,304.8,304.8,304.71,304.73,4920.0
14:39,304.75,304.78,304.73,304.78,2359.0
14:40,304.84,304.84,304.78,304.8,4461.0
14:41,304.79,304.86,304.79,304.86,6656.0
14:42,304.73,304.86,304.69,304.79,5230.0
14:43,304.69,304.73,304.68,304.68,4630.0
14:44,304.47,304.7,304.47,304.68,12014.0
14:45,304.49,304.58,304.39,304.5,29864.0
14:46,304.43,304.51,304.42,304.5,10975.0
14:47,304.35,304.44,304.25,304.43,17897.0
14:48,304.3,304.37,304.29,304.37,5713.0
14:49,304.21,304.3,304.1,304.3,6742.0
14:50,304.27,304.35,304.19,304.25,14213.0
14:51,304.28,304.32,304.21,304.3,7728.0
14:52,304.46,304.48,304.35,304.35,10253.0
14:53,304.46,304.5,304.42,304.5,2676.0
14:54,304.51,304.63,304.46,304.46,8638.0
14:55,304.68,304.75,304.58,304.58,9867.0
14:56,304.83,304.83,304.77,304.78,4883.0
14:57,304.81,304.92,304.79,304.83,13045.0
14:58,304.65,304.79,304.64,304.79,11492.0
14:59,304.67,304.75,304.55,304.66,8973.0
15:00,304.57,304.68,304.56,304.62,5632.0
15:01,304.65,304.71,304.52,304.61,9319.0
15:02,304.75,304.77,304.62,304.62,5526.0
15:03,304.82,304.85,304.74,304.76,4703.0
15:04,304.86,304.91,304.77,304.77,6616.0
15:05,304.89,304.89,304.8,304.82,8021.0
15:06,304.98,304.98,304.89,304.89,6826.0
15:07,304.97,304.97,304.86,304.92,8858.0
15:08,304.85,304.96,304.84,304.96,7722.0
15:09,304.77,304.85,304.73,304.84,8183.0
15:10,304.93,304.95,304.75,304.75,12746.0
15:11,304.85,304.97,304.82,304.95,9932.0
15:12,304.9,304.9,304.82,304.86,6568.0
15:13,304.9,304.93,304.9,304.92,2662.0
15:14,304.96,305.05,304.91,304.91,19318.0
15:15,304.88,305.03,304.84,304.98,8182.0
15:16,305.02,305.04,304.87,304.87,10724.0
15:17,305.14,305.15,305.01,305.01,23368.0
15:18,305.2,305.21,305.14,305.16,11484.0
15:19,305.26,305.27,305.16,305.22,22174.0
15:20,305.23,305.26,305.14,305.25,22862.0
15:21,305.13,305.23,305.11,305.2,11943.0
15:22,305.16,305.18,305.03,305.12,23527.0
15:23,305.14,305.2,305.06,305.15,12354.0
15:24,305.08,305.19,305.06,305.19,12090.0
15:25,305.15,305.16,305.07,305.08,8272.0
15:26,305.11,305.18,305.11,305.18,13885.0
15:27,305.06,305.17,305.06,305.13,8583.0
15:28,305.06,305.14,305.06,305.08,12532.0
15:29,305.13,305.16,305.04,305.09,16471.0
15:30,305.22,305.24,305.12,305.12,18946.0
15:31,305.27,305.29,305.13,305.23,26642.0
15:32,305.28,305.29,305.22,305.29,10398.0
15:33,305.42,305.44,305.25,305.28,19047.0
15:34,305.38,305.48,305.36,305.4,19151.0
15:35,305.29,305.43,305.29,305.39,17117.0
15:36,305.39,305.43,305.29,305.31,16910.0
15:37,305.55,305.55,305.35,305.35,35539.0
15:38,305.58,305.6,305.45,305.52,36484.0
15:39,305.49,305.58,305.47,305.58,12659.0
15:40,305.41,305.49,305.35,305.49,23881.0
15:41,305.39,305.43,305.3,305.42,34561.0
15:42,305.29,305.42,305.29,305.37,29286.0
15:43,305.24,305.36,305.24,305.33,16856.0
15:44,305.24,305.3,305.21,305.29,15151.0
15:45,305.23,305.28,305.2,305.22,20443.0
15:46,305.18,305.25,305.17,305.23,24610.0
15:47,305.21,305.33,305.18,305.27,16920.0
15:48,305.32,305.37,305.21,305.21,19450.0
15:49,305.33,305.38,305.3,305.36,18487.0
15:50,305.23,305.36,305.02,305.34,48524.0
15:51,305.13,305.2,304.98,305.2,25505.0
15:52,305.41,305.44,305.0,305.14,39646.0
15:53,305.4,305.59,305.36,305.44,59040.0
15:54,305.32,305.39,305.23,305.37,31333.0
15:55,305.18,305.35,305.11,305.32,42253.0
15:56,305.28,305.3,305.14,305.17,42311.0
15:57,305.6,305.61,305.32,305.32,82050.0
15:58,305.45,305.65,305.3,305.6,140784.0
15:59,305.49,305.52,305.33,305.45,163652.0
