Time,Close,High,Low,Open,Volume
09:30,319.72,320.11,318.85,319.23,141350.0
09:31,320.34,320.63,319.71,319.99,21622.0
09:32,320.19,320.34,319.51,320.23,15878.0
09:33,320.16,320.29,319.78,320.23,15104.0
09:34,320.02,320.56,319.98,320.12,14394.0
09:35,319.66,320.09,319.23,320.03,14798.0
09:36,319.94,320.0,319.62,319.64,14743.0
09:37,319.49,319.98,319.45,319.96,12716.0
09:38,319.3,319.5,319.1,319.41,15906.0
09:39,318.98,319.51,318.72,319.25,28938.0
09:40,318.64,319.18,318.57,318.99,18233.0
09:41,318.8,318.8,318.33,318.68,20352.0
09:42,318.68,319.0,318.57,318.8,12570.0
09:43,318.79,318.93,318.6,318.71,14171.0
09:44,318.45,318.79,318.45,318.79,16051.0
09:45,318.41,318.6,318.13,318.45,17105.0
09:46,318.55,318.75,318.29,318.35,10478.0
09:47,318.73,318.89,318.59,318.6,9214.0
09:48,318.29,318.75,318.1,318.73,14426.0
09:49,318.54,318.62,318.29,318.29,10052.0
09:50,318.65,318.8,318.51,318.56,11571.0
09:51,318.51,318.85,318.48,318.6,11141.0
09:52,318.38,318.56,318.09,318.56,14019.0
09:53,317.96,318.38,317.86,318.38,20170.0
09:54,317.29,317.9,317.15,317.89,26715.0
09:55,317.38,317.48,317.25,317.35,18537.0
09:56,316.76,317.68,316.7,317.41,28576.0
09:57,317.14,317.34,316.83,316.97,19165.0
09:58,317.07,317.34,317.03,317.14,14934.0
09:59,316.87,317.2,316.72,317.06,18716.0
10:00,316.85,317.33,316.84,316.87,19775.0
10:01,316.88,317.13,316.79,316.94,23610.0
10:02,316.42,316.99,316.26,316.93,40012.0
10:03,316.36,316.42,316.13,316.34,38853.0
10:04,315.87,316.33,315.78,316.3,19981.0
10:05,316.07,316.16,315.69,315.9,30747.0
10:06,316.07,316.44,315.96,316.02,45951.0
10:07,316.48,316.54,315.96,316.02,18857.0
10:08,316.49,316.71,316.37,316.41,16245.0
10:09,316.56,316.85,316.37,316.51,14823.0
10:10,317.06,317.19,316.49,316.58,14895.0
10:11,316.9,317.22,316.69,317.11,15921.0
10:12,316.95,317.02,316.72,316.9,32101.0
10:13,316.6,317.01,316.37,317.0,18022.0
10:14,316.67,316.82,316.59,316.66,12154.0
10:15,316.8,316.9,316.63,316.69,17000.0
10:16,317.07,317.18,316.78,316.82,14571.0
10:17,316.81,317.08,316.7,317.08,21681.0
10:18,316.67,316.87,316.45,316.85,11946.0
10:19,316.69,316.81,316.54,316.7,21243.0
10:20,316.96,316.99,316.53,316.53,17681.0
10:21,316.8,317.13,316.8,316.97,7155.0
10:22,316.86,317.07,316.7,316.8,24139.0
10:23,316.88,316.97,316.71,316.89,11863.0
10:24,317.06,317.32,316.87,316.91,18730.0
10:25,316.74,317.05,316.59,317.05,8353.0
10:26,316.55,316.78,316.4,316.7,8825.0
10:27,316.79,316.8,316.43,316.53,17058.0
10:28,316.7,316.76,316.57,316.75,11692.0
10:29,316.64,316.84,316.57,316.63,15279.0
10:30,316.69,316.99,316.69,316.71,17033.0
10:31,316.81,316.9,316.71,316.77,7833.0
10:32,316.41,316.81,316.41,316.73,7437.0
10:33,316.48,316.64,316.34,316.45,13375.0
10:34,316.55,316.55,316.27,316.47,23771.0
10:35,316.32,316.63,316.32,316.53,18430.0
10:36,316.65,316.73,316.3,316.3,13194.0
10:37,316.15,316.64,316.05,316.64,10359.0
10:38,315.81,316.21,315.72,316.14,22161.0
10:39,315.5,315.99,315.41,315.85,14677.0
10:40,315.64,315.68,315.26,315.54,23091.0
10:41,315.66,315.68,315.53,315.66,14864.0
10:42,315.45,315.86,315.45,315.62,18763.0
10:43,315.44,315.71,315.3,315.46,8823.0
10:44,315.14,315.28,314.98,315.26,37411.0
10:45,314.75,315.28,314.71,315.14,13568.0
10:46,314.83,314.93,314.74,314.8,14249.0
10:47,314.71,314.85,314.45,314.83,19303.0
10:48,314.56,314.72,314.41,314.68,21375.0
10:49,314.6,314.8,314.51,314.56,37067.0
10:50,314.48,314.59,314.4,314.55,20662.0
10:51,314.77,315.01,314.35,314.43,19423.0
10:52,314.64,314.98,314.56,314.81,17456.0
10:53,314.47,314.73,314.31,314.68,16824.0
10:54,314.27,314.43,314.2,314.39,19092.0
10:55,314.4,314.58,314.21,314.25,16176.0
10:56,314.54,314.65,314.4,314.4,9588.0
10:57,314.67,314.77,314.4,314.51,12915.0
10:58,315.06,315.06,314.6,314.6,12039.0
10:59,314.93,315.02,314.76,314.98,13543.0
11:00,314.96,315.01,314.83,314.89,14251.0
11:01,314.87,315.1,314.83,314.97,21692.0
11:02,314.95,315.15,314.9,314.9,10084.0
11:03,314.68,315.05,314.61,315.01,14748.0
11:04,314.54,314.65,314.48,314.63,9759.0
11:05,314.77,314.79,314.47,314.53,9488.0
11:06,314.47,314.71,314.45,314.7,8628.0
11:07,314.32,314.47,314.24,314.47,10639.0
11:08,314.31,314.46,314.24,314.36,15012.0
11:09,314.7,314.71,314.23,314.26,17514.0
11:10,314.5,314.8,314.4,314.64,19932.0
11:11,314.58,314.75,314.39,314.4,8279.0
11:12,314.52,314.73,314.45,314.69,6983.0
11:13,314.67,314.75,314.35,314.45,12874.0
11:14,314.75,314.82,314.47,314.71,11043.0
11:15,314.7,314.85,314.62,314.74,13584.0
11:16,314.51,314.71,314.5,314.64,12376.0
11:17,314.42,314.64,314.31,314.54,8083.0
11:18,314.41,314.64,314.34,314.49,8592.0
11:19,314.22,314.43,314.1,314.41,13402.0
11:20,314.67,314.67,314.24,314.25,8512.0
11:21,314.21,314.64,314.21,314.62,12380.0
11:22,314.74,314.74,314.34,314.35,10806.0
11:23,314.62,314.81,314.6,314.67,16587.0
11:24,314.42,314.66,314.38,314.62,4676.0
11:25,314.32,314.47,314.28,314.43,8326.0
11:26,314.3,314.41,314.17,314.31,17180.0
11:27,314.07,314.39,314.04,314.3,14640.0
11:28,314.28,314.38,314.15,314.19,8180.0
11:29,314.2,314.28,314.07,314.28,8201.0
11:30,314.2,314.23,314.07,314.13,8248.0
11:31,314.24,314.35,314.18,314.21,11680.0
11:32,314.11,314.33,314.07,314.23,7932.0
11:33,314.12,314.13,313.9,314.06,13570.0
11:34,314.26,314.31,314.09,314.09,7302.0
11:35,314.05,314.35,314.03,314.26,12606.0
11:36,313.52,313.95,313.5,313.95,9467.0
11:37,313.52,313.58,313.39,313.47,9241.0
11:38,313.51,313.62,313.33,313.57,8814.0
11:39,313.36,313.54,313.36,313.49,6080.0
11:40,313.26,313.53,313.17,313.42,10715.0
11:41,313.11,313.31,312.92,313.31,13386.0
11:42,313.02,313.2,313.0,313.09,7994.0
11:43,312.62,313.06,312.62,313.0,18243.0
11:44,312.85,312.93,312.6,312.71,14979.0
11:45,312.83,313.05,312.72,312.92,10907.0
11:46,312.78,312.95,312.65,312.85,11116.0
11:47,312.83,313.0,312.73,312.77,31588.0
11:48,312.77,312.97,312.72,312.83,7662.0
11:49,313.07,313.13,312.8,312.8,16039.0
11:50,312.91,313.14,312.88,313.07,10728.0
11:51,313.12,313.2,312.91,312.91,15056.0
11:52,313.03,313.11,312.89,313.11,6580.0
11:53,312.89,313.16,312.8,313.05,11462.0
11:54,312.9,313.06,312.9,312.97,6488.0
11:55,312.71,312.9,312.54,312.9,37591.0
11:56,312.88,312.96,312.68,312.71,12763.0
11:57,312.63,312.82,312.5,312.8,14788.0
11:58,312.71,312.71,312.32,312.7,9981.0
11:59,312.95,313.01,312.72,312.77,7852.0
12:00,313.02,313.22,312.96,312.96,13756.0
12:01,312.69,313.02,312.69,313.02,14524.0
12:02,312.57,312.77,312.51,312.59,10157.0
12:03,312.7,312.78,312.5,312.56,17115.0
12:04,312.73,312.78,312.49,312.66,7857.0
12:05,312.94,312.96,312.68,312.71,9920.0
12:06,313.07,313.14,312.89,312.93,8914.0
12:07,313.05,313.24,312.98,313.12,12966.0
12:08,313.09,313.2,313.02,313.07,10354.0
12:09,312.72,313.08,312.68,313.07,10083.0
12:10,312.73,312.9,312.66,312.71,10480.0
12:11,312.74,312.82,312.59,312.76,11110.0
12:12,312.5,312.88,312.5,312.75,13311.0
12:13,312.54,312.62,312.43,312.46,7679.0
12:14,312.33,312.6,312.25,312.6,8849.0
12:15,312.59,312.68,312.33,312.34,22588.0
12:16,312.75,312.81,312.49,312.58,9207.0
12:17,312.96,313.05,312.76,312.79,10645.0
12:18,312.95,313.08,312.81,312.97,8034.0
12:19,312.96,313.13,312.89,312.94,7213.0
12:20,313.03,313.17,312.98,312.98,10572.0
12:21,313.16,313.32,313.0,313.03,10703.0
12:22,313.17,313.24,313.0,313.05,7382.0
12:23,313.61,313.63,313.22,313.24,14510.0
12:24,313.49,313.6,313.41,313.55,6666.0
12:25,313.39,313.55,313.29,313.43,17757.0
12:26,313.34,313.48,313.27,313.4,8076.0
12:27,313.51,313.56,313.32,313.35,6627.0
12:28,313.47,313.56,313.4,313.5,7984.0
12:29,313.36,313.5,313.28,313.4,11353.0
12:30,313.6,313.6,313.33,313.33,6018.0
12:31,313.72,313.79,313.53,313.59,11794.0
12:32,313.74,313.8,313.68,313.75,7211.0
12:33,313.66,313.82,313.58,313.74,9218.0
12:34,313.71,313.82,313.58,313.73,8133.0
12:35,313.47,313.68,313.41,313.68,7953.0
12:36,313.21,313.47,313.2,313.42,21594.0
12:37,313.18,313.37,313.13,313.31,7551.0
12:38,313.32,313.35,313.12,313.26,8415.0
12:39,313.62,313.62,313.33,313.33,9104.0
12:40,313.42,313.58,313.39,313.58,5256.0
12:41,313.2,313.48,313.1,313.43,7160.0
12:42,313.24,313.31,313.08,313.23,7719.0
12:43,313.13,313.39,313.13,313.28,8945.0
12:44,313.15,313.22,313.11,313.14,5892.0
12:45,312.77,313.21,312.76,313.21,8434.0
12:46,312.83,312.83,312.58,312.74,7604.0
12:47,312.67,312.84,312.61,312.84,7163.0
12:48,312.93,312.98,312.61,312.67,6998.0
12:49,312.97,313.03,312.78,312.97,7017.0
12:50,312.9,312.96,312.74,312.96,6789.0
12:51,312.91,313.08,312.85,312.94,7367.0
12:52,312.88,312.99,312.83,312.91,7176.0
12:53,312.96,313.03,312.76,312.85,12828.0
12:54,313.23,313.26,313.04,313.07,4929.0
12:55,313.03,313.29,312.93,313.21,5826.0
12:56,313.15,313.21,313.02,313.03,5787.0
12:57,313.13,313.18,313.0,313.14,6437.0
12:58,313.02,313.22,312.96,313.14,9505.0
12:59,313.12,313.13,312.93,313.02,6182.0
13:00,313.43,313.43,312.96,313.13,6538.0
13:01,313.13,313.33,313.13,313.32,6475.0
13:02,313.34,313.35,313.13,313.23,5779.0
13:03,313.35,313.43,313.21,313.34,4695.0
13:04,313.28,313.39,313.19,313.31,7928.0
13:05,313.17,313.35,313.05,313.3,7299.0
13:06,313.16,313.25,312.95,313.13,10088.0
13:07,313.23,313.3,313.18,313.18,3662.0
13:08,312.93,313.21,312.93,313.2,4762.0
13:09,312.96,313.02,312.89,312.96,4541.0
13:10,312.85,312.93,312.71,312.87,8981.0
13:11,312.69,312.85,312.63,312.85,12503.0
13:12,312.81,312.89,312.67,312.74,12118.0
13:13,312.65,312.86,312.6,312.81,5390.0
13:14,312.7,312.81,312.7,312.71,7959.0
13:15,312.69,312.82,312.64,312.74,9771.0
13:16,312.64,312.7,312.56,312.62,4954.0
13:17,312.37,312.71,312.37,312.71,12808.0
13:18,312.49,312.58,312.41,312.43,9434.0
13:19,312.56,312.59,312.46,312.5,9216.0
13:20,312.57,312.6,312.45,312.55,15074.0
13:21,312.52,312.59,312.5,312.58,5429.0
13:22,312.78,312.81,312.49,312.52,7430.0
13:23,312.67,312.86,312.67,312.8,7946.0
13:24,312.71,312.75,312.6,312.65,5781.0
13:25,312.57,312.7,312.51,312.7,4720.0
13:26,312.46,312.61,312.37,312.58,13265.0
13:27,312.64,312.65,312.44,312.5,9452.0
13:28,312.52,312.67,312.5,312.62,7998.0
13:29,312.43,312.54,312.39,312.46,8576.0
13:30,312.34,312.49,312.02,312.49,23221.0
13:31,312.2,312.34,312.1,312.27,5747.0
13:32,312.51,312.58,312.27,312.28,11794.0
13:33,312.55,312.7,312.39,312.55,5947.0
13:34,312.4,312.63,312.33,312.5,18003.0
13:35,312.25,312.46,312.25,312.44,8763.0
13:36,312.21,312.31,312.19,312.3,6147.0
13:37,311.91,312.24,311.83,312.24,25886.0
13:38,311.8,311.98,311.62,311.96,13725.0
13:39,311.57,311.81,311.45,311.77,9281.0
13:40,311.57,311.64,311.33,311.6,24630.0
13:41,311.32,311.55,311.15,311.55,23767.0
13:42,310.99,311.31,310.95,311.29,15430.0
13:43,310.81,311.17,310.81,310.99,24864.0
13:44,311.04,311.11,310.81,310.94,18158.0
13:45,311.13,311.33,311.04,311.04,16198.0
13:46,311.16,311.19,310.83,311.07,28300.0
13:47,311.29,311.39,311.19,311.24,13558.0
13:48,311.42,311.58,311.29,311.29,20434.0
13:49,311.52,311.59,311.39,311.43,13911.0
13:50,311.62,311.7,311.52,311.52,14628.0
13:51,311.63,311.74,311.46,311.62,8799.0
13:52,311.74,311.82,311.47,311.63,13293.0
13:53,311.6,311.73,311.55,311.73,7872.0
13:54,311.57,311.72,311.44,311.72,9166.0
13:55,311.44,311.72,311.42,311.6,10832.0
13:56,311.55,311.71,311.51,311.57,12263.0
13:57,311.35,311.63,311.34,311.63,7315.0
13:58,311.49,311.63,311.37,311.37,11366.0
13:59,311.57,311.62,311.36,311.46,26803.0
14:00,311.71,311.79,311.61,311.63,8666.0
14:01,311.71,311.87,311.63,311.8,6428.0
14:02,311.63,311.71,311.46,311.7,13960.0
14:03,311.76,311.76,311.55,311.58,10302.0
14:04,311.6,311.89,311.57,311.76,8268.0
14:05,311.58,311.79,311.57,311.61,7667.0
14:06,311.76,311.89,311.6,311.6,8314.0
14:07,311.75,311.85,311.59,311.73,14304.0
14:08,311.37,311.74,311.36,311.74,8329.0
14:09,311.61,311.65,311.25,311.38,9623.0
14:10,311.56,311.67,311.49,311.63,7913.0
14:11,311.63,311.77,311.57,311.57,16392.0
14:12,311.52,311.72,311.49,311.62,5228.0
14:13,311.37,311.59,311.3,311.57,5885.0
14:14,311.42,311.43,311.21,311.35,8918.0
14:15,311.43,311.49,311.28,311.38,8578.0
14:16,311.46,311.53,311.35,311.41,8447.0
14:17,311.47,311.53,311.33,311.46,9752.0
14:18,311.72,311.77,311.41,311.41,5907.0
14:19,311.53,311.77,311.38,311.75,20016.0
14:20,311.3,311.53,311.3,311.53,5926.0
14:21,311.36,311.41,311.25,311.32,6110.0
14:22,311.65,311.71,311.35,311.35,6945.0
14:23,311.67,311.86,311.6,311.61,7290.0
14:24,311.54,311.69,311.38,311.69,5840.0
14:25,311.73,311.73,311.51,311.55,9780.0
14:26,311.61,311.81,311.54,311.73,7665.0
14:27,311.46,311.74,311.42,311.66,7053.0
14:28,311.6,311.66,311.45,311.45,14763.0
14:29,311.87,311.89,311.57,311.6,20509.0
14:30,311.72,311.87,311.68,311.87,14969.0
14:31,311.58,311.78,311.58,311.72,15127.0
14:32,311.7,311.8,311.57,311.63,8477.0
14:33,311.78,311.93,311.65,311.66,22114.0
14:34,311.77,311.9,311.66,311.88,12412.0
14:35,311.75,311.81,311.64,311.74,7023.0
14:36,311.64,311.8,311.63,311.74,11074.0
14:37,311.8,311.81,311.61,311.67,7955.0
14:38,311.27,311.83,311.22,311.83,11550.0
14:39,311.6,311.6,311.28,311.3,18523.0
14:40,311.22,311.58,311.22,311.58,7800.0
14:41,311.03,311.26,311.03,311.25,25993.0
14:42,310.77,311.1,310.67,311.03,30901.0
14:43,310.81,310.84,310.72,310.77,29522.0
14:44,311.01,311.08,310.8,310.81,15188.0
14:45,311.17,311.26,311.05,311.07,7828.0
14:46,311.04,311.16,310.98,311.07,7703.0
14:47,311.05,311.25,310.98,311.03,9515.0
14:48,310.9,311.13,310.84,311.07,8788.0
14:49,310.73,310.96,310.72,310.9,9160.0
14:50,310.86,311.18,310.83,310.85,6461.0
14:51,310.83,310.91,310.72,310.86,10236.0
14:52,310.81,310.89,310.61,310.83,11654.0
14:53,310.45,310.8,310.39,310.78,13106.0
14:54,309.95,310.52,309.95,310.45,37766.0
14:55,309.62,310.03,309.49,310.03,23466.0
14:56,309.75,309.89,309.62,309.62,33710.0
14:57,309.86,309.92,309.64,309.67,18350.0
14:58,310.11,310.19,309.78,309.86,29062.0
14:59,310.03,310.11,309.82,310.11,11802.0
15:00,310.04,310.13,309.84,310.03,16365.0
15:01,309.67,310.15,309.59,310.04,18357.0
15:02,309.52,309.7,309.45,309.61,12603.0
15:03,309.49,309.69,309.45,309.55,11379.0
15:04,309.32,309.53,309.24,309.49,10057.0
15:05,309.32,309.39,309.19,309.32,25332.0
15:06,309.57,309.59,309.11,309.3,15331.0
15:07,309.62,309.8,309.58,309.62,17397.0
15:08,309.98,310.04,309.63,309.66,13767.0
15:09,309.83,310.05,309.83,309.98,11727.0
15:10,309.85,309.99,309.7,309.82,22062.0
15:11,309.89,310.08,309.82,309.87,14520.0
15:12,309.88,309.93,309.65,309.88,19563.0
15:13,310.01,310.18,309.84,309.92,17700.0
15:14,310.17,310.32,309.94,310.0,24571.0
15:15,310.13,310.4,310.05,310.22,16337.0
15:16,310.21,310.34,310.07,310.13,15669.0
15:17,310.0,310.22,309.94,310.17,18627.0
15:18,309.82,310.0,309.78,309.95,16104.0
15:19,309.65,309.86,309.55,309.81,13957.0
15:20,309.43,309.73,309.37,309.64,15294.0
15:21,309.49,309.49,309.3,309.44,15719.0
15:22,309.65,309.78,309.5,309.53,17876.0
15:23,309.55,309.63,309.41,309.62,16985.0
15:24,309.72,309.8,309.55,309.59,16738.0
15:25,309.47,309.77,309.4,309.73,16456.0
15:26,309.21,309.47,309.21,309.43,27201.0
15:27,309.41,309.46,309.17,309.19,19041.0
15:28,309.56,309.56,309.18,309.37,21518.0
15:29,309.77,309.8,309.51,309.52,27696.0
15:30,309.73,309.98,309.59,309.76,33723.0
15:31,309.83,309.85,309.55,309.75,25825.0
15:32,310.05,310.09,309.82,309.82,21141.0
15:33,309.79,310.01,309.75,310.01,17350.0
15:34,310.04,310.07,309.8,309.8,22064.0
15:35,310.28,310.28,309.92,310.01,22670.0
15:36,310.06,310.27,309.94,310.19,49193.0
15:37,310.05,310.12,309.95,310.09,21059.0
15:38,310.3,310.38,310.08,310.1,29079.0
15:39,310.27,310.45,310.14,310.29,40312.0
15:40,310.36,310.4,310.2,310.32,28192.0
15:41,310.2,310.38,310.08,310.38,20919.0
15:42,309.94,310.19,309.87,310.17,21919.0
15:43,309.67,310.02,309.67,309.92,18200.0
15:44,309.75,309.96,309.66,309.7,28008.0
15:45,309.58,309.75,309.45,309.74,29412.0
15:46,309.53,309.61,309.42,309.57,20915.0
15:47,309.61,309.7,309.45,309.5,24989.0
15:48,309.59,309.84,309.59,309.62,50565.0
15:49,309.17,309.61,309.12,309.61,35654.0
15:50,309.5,309.65,309.11,309.19,40659.0
15:51,309.74,309.8,309.27,309.48,40734.0
15:52,309.57,309.76,309.43,309.76,37238.0
15:53,309.3,309.66,309.23,309.55,33577.0
15:54,309.57,309.7,309.28,309.28,40129.0
15:55,309.6,309.72,309.27,309.58,67862.0
15:56,309.5,309.83,309.48,309.61,71035.0
15:57,309.3,309.61,309.15,309.5,88280.0
15:58,309.36,309.5,309.1,309.29,135345.0
15:59,309.49,309.55,309.28,309.37,187337.0
