Time,Close,High,Low,Open,Volume
09:30,307.5,307.56,306.02,306.34,163155.0
09:31,307.5,307.56,306.02,306.34,163155.0
09:32,307.5,307.56,306.02,306.34,163155.0
09:33,307.5,307.56,306.02,306.34,163155.0
09:34,307.5,307.56,306.02,306.34,163155.0
09:35,307.5,307.56,306.02,306.34,163155.0
09:36,307.5,307.56,306.02,306.34,163155.0
09:37,307.5,307.56,306.02,306.34,163155.0
09:38,307.5,307.56,306.02,306.34,163155.0
09:39,307.5,307.56,306.02,306.34,163155.0
09:40,307.5,307.56,306.02,306.34,163155.0
09:41,307.5,307.56,306.02,306.34,163155.0
09:42,307.5,307.56,306.02,306.34,163155.0
09:43,307.5,307.56,306.02,306.34,163155.0
09:44,307.5,307.56,306.02,306.34,163155.0
09:45,307.5,307.56,306.02,306.34,163155.0
09:46,307.5,307.56,306.02,306.34,163155.0
09:47,307.5,307.56,306.02,306.34,163155.0
09:48,307.5,307.56,306.02,306.34,163155.0
09:49,307.5,307.56,306.02,306.34,163155.0
09:50,307.5,307.56,306.02,306.34,163155.0
09:51,307.5,307.56,306.02,306.34,163155.0
09:52,307.5,307.56,306.02,306.34,163155.0
09:53,307.5,307.56,306.02,306.34,163155.0
09:54,307.5,307.56,306.02,306.34,163155.0
09:55,307.5,307.56,306.02,306.34,163155.0
09:56,307.5,307.56,306.02,306.34,163155.0
09:57,307.5,307.56,306.02,306.34,163155.0
09:58,307.5,307.56,306.02,306.34,163155.0
09:59,307.5,307.56,306.02,306.34,163155.0
10:00,307.5,307.56,306.02,306.34,163155.0
10:01,307.5,307.56,306.02,306.34,163155.0
10:02,307.5,307.56,306.02,306.34,163155.0
10:03,307.5,307.56,306.02,306.34,163155.0
10:04,307.5,307.56,306.02,306.34,163155.0
10:05,307.5,307.56,306.02,306.34,163155.0
10:06,307.5,307.56,306.02,306.34,163155.0
10:07,307.5,307.56,306.02,306.34,163155.0
10:08,307.5,307.56,306.02,306.34,163155.0
10:09,307.5,307.56,306.02,306.34,163155.0
10:10,307.5,307.56,306.02,306.34,163155.0
10:11,307.5,307.56,306.02,306.34,163155.0
10:12,307.5,307.56,306.02,306.34,163155.0
10:13,307.5,307.56,306.02,306.34,163155.0
10:14,307.5,307.56,306.02,306.34,163155.0
10:15,307.5,307.56,306.02,306.34,163155.0
10:16,307.5,307.56,306.02,306.34,163155.0
10:17,307.5,307.56,306.02,306.34,163155.0
10:18,307.5,307.56,306.02,306.34,163155.0
10:19,307.5,307.56,306.02,306.34,163155.0
10:20,307.5,307.56,306.02,306.34,163155.0
10:21,307.5,307.56,306.02,306.34,163155.0
10:22,307.5,307.56,306.02,306.34,163155.0
10:23,307.5,307.56,306.02,306.34,163155.0
10:24,307.5,307.56,306.02,306.34,163155.0
10:25,307.5,307.56,306.02,306.34,163155.0
10:26,307.5,307.56,306.02,306.34,163155.0
10:27,307.5,307.56,306.02,306.34,163155.0
10:28,307.5,307.56,306.02,306.34,163155.0
10:29,307.5,307.56,306.02,306.34,163155.0
10:30,307.5,307.56,306.02,306.34,163155.0
10:31,307.66,308.31,306.84,307.61,29259.0
10:32,307.26,307.51,306.99,307.16,26171.0
10:33,307.29,307.58,307.01,307.24,13728.0
10:34,307.49,307.9,307.08,307.2,25091.0
10:35,307.69,307.81,307.21,307.38,24263.0
10:36,307.9,308.13,307.64,307.64,23369.0
10:37,308.5,308.51,307.66,308.06,22689.0
10:38,308.55,308.78,308.2,308.46,20327.0
10:39,308.33,308.68,308.06,308.64,14784.0
10:40,308.24,308.57,308.1,308.3,39218.0
10:41,308.33,308.42,307.95,308.35,15357.0
10:42,308.18,308.42,308.16,308.33,14419.0
10:43,308.55,308.65,308.22,308.22,21700.0
10:44,308.19,308.58,308.19,308.48,20704.0
10:45,307.91,308.14,307.73,308.11,13003.0
10:46,308.25,308.25,307.8,307.92,14767.0
10:47,308.25,308.43,308.14,308.29,28360.0
10:48,307.98,308.36,307.97,308.31,20107.0
10:49,307.6,308.13,307.52,308.01,20127.0
10:50,308.1,308.31,307.6,307.67,22155.0
10:51,308.0,308.25,307.89,308.18,15229.0
10:52,308.44,308.45,307.85,307.99,15591.0
10:53,308.31,308.5,308.02,308.39,16519.0
10:54,307.86,308.39,307.78,308.39,15441.0
10:55,307.86,308.0,307.76,307.92,8722.0
10:56,307.59,307.98,307.59,307.87,13230.0
10:57,307.74,307.89,307.65,307.68,7895.0
10:58,308.27,308.34,307.64,307.74,15798.0
10:59,308.8,308.81,308.25,308.31,16198.0
11:00,308.78,308.85,308.51,308.7,26351.0
11:01,308.83,308.93,308.62,308.79,16731.0
11:02,308.76,308.94,308.74,308.77,11624.0
11:03,309.01,309.15,308.8,308.8,17862.0
11:04,309.31,309.4,309.01,309.12,11630.0
11:05,309.3,309.4,309.0,309.33,13649.0
11:06,309.26,309.55,309.11,309.3,16006.0
11:07,308.77,309.26,308.7,309.26,12456.0
11:08,308.36,308.87,308.29,308.76,12244.0
11:09,308.28,308.44,308.06,308.28,20735.0
11:10,308.37,308.58,308.06,308.28,12817.0
11:11,308.61,308.75,308.38,308.38,6988.0
11:12,308.49,308.7,308.44,308.67,19403.0
11:13,308.47,308.65,308.33,308.56,9003.0
11:14,308.17,308.48,307.95,308.47,10968.0
11:15,308.36,308.46,308.08,308.15,6428.0
11:16,307.92,308.47,307.84,308.36,16218.0
11:17,308.05,308.24,307.64,307.96,10745.0
11:18,308.36,308.4,308.03,308.03,8968.0
11:19,308.36,308.46,308.16,308.39,6527.0
11:20,308.31,308.6,308.25,308.42,7629.0
11:21,308.41,308.58,308.3,308.31,10881.0
11:22,308.58,308.62,308.31,308.49,8116.0
11:23,308.76,308.99,308.6,308.64,12268.0
11:24,308.81,308.87,308.64,308.82,9416.0
11:25,308.78,308.86,308.61,308.74,7529.0
11:26,308.7,308.82,308.59,308.76,8953.0
11:27,308.8,308.8,308.42,308.64,8212.0
11:28,309.01,309.08,308.7,308.84,10283.0
11:29,308.97,309.14,308.93,309.01,10844.0
11:30,309.12,309.3,308.98,308.98,8408.0
11:31,309.27,309.37,309.02,309.07,8831.0
11:32,309.21,309.43,309.18,309.27,8238.0
11:33,308.86,309.16,308.7,309.16,7733.0
11:34,308.85,309.06,308.84,308.84,6139.0
11:35,309.17,309.29,308.84,308.85,4543.0
11:36,309.08,309.3,309.08,309.29,38966.0
11:37,309.49,309.49,309.12,309.14,11950.0
11:38,309.52,309.6,309.4,309.41,9386.0
11:39,309.79,309.79,309.45,309.52,6741.0
11:40,309.71,309.85,309.69,309.79,14490.0
11:41,309.42,309.78,309.41,309.77,12408.0
11:42,309.27,309.5,309.18,309.49,12780.0
11:43,309.63,309.81,309.36,309.36,8007.0
11:44,309.61,309.81,309.61,309.73,12454.0
11:45,309.6,309.77,309.52,309.62,8555.0
11:46,309.85,309.9,309.6,309.6,9119.0
11:47,309.65,309.92,309.6,309.87,10919.0
11:48,309.42,309.77,309.3,309.65,17483.0
11:49,309.55,309.65,309.31,309.32,6768.0
11:50,309.52,309.52,309.36,309.51,9681.0
11:51,309.37,309.48,309.23,309.48,9084.0
11:52,309.37,309.48,309.25,309.38,7134.0
11:53,309.2,309.37,309.1,309.33,7758.0
11:54,308.9,309.26,308.85,309.26,12298.0
11:55,308.99,309.03,308.73,308.89,12856.0
11:56,308.91,309.07,308.83,308.99,8813.0
11:57,309.08,309.27,308.81,308.88,6748.0
11:58,308.86,309.04,308.84,309.04,8448.0
11:59,308.59,308.96,308.59,308.96,13469.0
12:00,308.78,308.78,308.47,308.57,9726.0
12:01,308.69,308.9,308.66,308.85,15303.0
12:02,308.77,308.88,308.64,308.74,8268.0
12:03,308.65,308.93,308.65,308.77,12422.0
12:04,308.72,308.75,308.44,308.65,17479.0
12:05,308.77,308.79,308.48,308.76,27854.0
12:06,309.08,309.09,308.74,308.74,12563.0
12:07,308.79,309.26,308.79,309.08,17659.0
12:08,308.81,308.9,308.65,308.83,7358.0
12:09,308.36,308.73,308.26,308.67,18488.0
12:10,308.62,308.63,308.28,308.38,5097.0
12:11,308.58,308.73,308.54,308.61,6194.0
12:12,308.29,308.55,308.16,308.55,7842.0
12:13,308.31,308.42,308.2,308.29,6967.0
12:14,307.99,308.44,307.91,308.39,7127.0
12:15,308.14,308.22,307.85,307.99,15614.0
12:16,308.07,308.15,307.87,308.15,6429.0
12:17,307.74,307.96,307.65,307.96,10948.0
12:18,307.18,307.87,307.1,307.81,14801.0
12:19,307.18,307.19,306.99,307.18,11414.0
12:20,307.21,307.5,307.16,307.17,24767.0
12:21,307.02,307.36,306.92,307.16,6881.0
12:22,306.55,307.1,306.4,306.98,13820.0
12:23,306.82,306.94,306.64,306.64,7460.0
12:24,306.64,306.91,306.64,306.67,10006.0
12:25,306.76,306.78,306.47,306.67,13504.0
12:26,306.74,306.9,306.6,306.88,9204.0
12:27,307.29,307.41,306.74,306.76,9372.0
12:28,307.36,307.58,307.28,307.29,10052.0
12:29,307.03,307.26,306.9,307.24,9353.0
12:30,307.19,307.19,306.88,306.94,7714.0
12:31,306.93,307.29,306.69,307.14,11151.0
12:32,306.63,307.06,306.63,306.9,8414.0
12:33,306.54,306.74,306.45,306.61,6919.0
12:34,306.48,306.66,306.35,306.65,9048.0
12:35,305.95,306.4,305.79,306.4,17684.0
12:36,306.29,306.45,306.18,306.25,6719.0
12:37,306.07,306.47,306.07,306.32,9340.0
12:38,305.56,306.09,305.38,306.09,10395.0
12:39,305.96,306.19,305.56,305.56,14543.0
12:40,305.74,306.1,305.66,306.09,17912.0
12:41,305.83,305.98,305.64,305.64,17359.0
12:42,305.46,305.9,305.44,305.9,8199.0
12:43,305.67,305.94,305.46,305.51,14891.0
12:44,305.2,305.78,305.2,305.74,8714.0
12:45,305.34,305.56,305.2,305.35,17208.0
12:46,305.11,305.38,305.11,305.32,11080.0
12:47,305.27,305.38,304.85,305.02,23435.0
12:48,305.33,305.37,305.11,305.18,10503.0
12:49,305.29,305.57,305.1,305.43,10159.0
12:50,305.43,305.49,305.22,305.4,6274.0
12:51,305.62,305.64,305.3,305.42,10269.0
12:52,304.99,305.74,304.99,305.71,10041.0
12:53,305.17,305.53,305.16,305.16,5491.0
12:54,304.58,305.17,304.33,305.13,26068.0
12:55,304.11,304.58,304.02,304.58,11958.0
12:56,303.8,304.27,303.74,304.21,20206.0
12:57,303.6,303.85,303.34,303.74,14965.0
12:58,303.4,303.6,302.96,303.6,13924.0
12:59,302.86,303.34,302.64,303.34,12219.0
13:00,303.26,303.68,302.58,302.76,18998.0
13:01,303.63,303.71,302.96,303.3,49565.0
13:02,303.35,303.83,303.15,303.66,13175.0
13:03,303.1,303.59,303.01,303.43,15224.0
13:04,303.27,303.35,302.9,303.08,13607.0
13:05,302.88,303.53,302.72,303.32,10204.0
13:06,302.66,303.02,302.59,302.81,10772.0
13:07,302.48,302.73,302.01,302.67,13197.0
13:08,302.83,303.04,302.37,302.45,13762.0
13:09,302.47,303.01,302.31,302.8,10621.0
13:10,302.25,302.62,302.03,302.31,8891.0
13:11,301.73,302.18,301.54,302.05,14780.0
13:12,301.77,301.92,301.41,301.72,9835.0
13:13,301.47,301.88,301.45,301.88,9998.0
13:14,301.92,302.42,301.48,301.48,21357.0
13:15,301.66,301.93,301.51,301.87,7201.0
13:16,301.05,301.88,301.05,301.88,9439.0
13:17,300.96,301.25,300.84,301.13,13040.0
13:18,301.05,301.26,300.84,300.9,10269.0
13:19,301.0,301.24,300.76,301.04,12183.0
13:20,301.01,301.46,300.46,300.95,24165.0
13:21,301.42,301.45,301.01,301.08,26553.0
13:22,301.29,301.77,301.13,301.5,30210.0
13:23,301.26,301.54,301.2,301.44,17328.0
13:24,301.31,301.54,301.13,301.37,16838.0
13:25,300.78,301.4,300.69,301.27,11007.0
13:26,301.23,301.4,300.82,300.89,13377.0
13:27,301.14,301.58,301.13,301.13,9920.0
13:28,301.22,301.48,301.04,301.04,11253.0
13:29,301.01,301.17,300.76,301.17,9482.0
13:30,301.33,301.4,301.0,301.0,16605.0
13:31,300.71,301.31,300.54,301.23,21199.0
13:32,300.82,301.11,300.7,300.7,8610.0
13:33,300.33,300.85,300.33,300.82,7198.0
13:34,300.6,300.63,300.33,300.4,8094.0
13:35,299.98,300.63,299.75,300.56,19375.0
13:36,300.11,300.16,299.58,299.91,9424.0
13:37,300.24,300.39,299.98,300.13,8409.0
13:38,300.69,300.69,300.09,300.13,10553.0
13:39,301.26,301.35,300.7,300.7,9479.0
13:40,301.16,301.25,300.82,301.15,11995.0
13:41,300.87,301.47,300.87,301.06,7104.0
13:42,300.48,301.1,300.48,300.86,11763.0
13:43,300.16,300.65,300.09,300.47,9231.0
13:44,300.0,300.25,300.0,300.14,7590.0
13:45,300.23,300.33,299.82,300.0,10213.0
13:46,300.12,300.38,299.99,300.38,14570.0
13:47,300.11,300.38,299.96,300.17,13741.0
13:48,300.08,300.41,300.01,300.05,12494.0
13:49,300.12,300.26,299.95,300.17,7380.0
13:50,300.46,300.48,299.98,300.16,11094.0
13:51,300.42,300.57,300.28,300.42,8503.0
13:52,300.48,300.83,300.36,300.36,9329.0
13:53,300.22,300.58,300.13,300.45,5939.0
13:54,300.29,300.43,300.11,300.22,9771.0
13:55,300.71,300.72,300.15,300.28,8289.0
13:56,300.48,300.97,300.33,300.78,18066.0
13:57,300.26,300.76,300.19,300.59,8099.0
13:58,300.7,300.85,300.28,300.28,5516.0
13:59,300.53,300.94,300.53,300.62,8065.0
14:00,300.7,300.74,300.31,300.46,10892.0
14:01,300.64,300.91,300.49,300.7,14881.0
14:02,300.92,301.1,300.68,300.68,16653.0
14:03,300.98,301.16,300.89,300.98,7206.0
14:04,300.95,301.06,300.87,300.93,10233.0
14:05,301.22,301.23,300.89,301.02,8969.0
14:06,301.62,301.62,301.17,301.23,6994.0
14:07,301.29,301.7,301.26,301.63,8465.0
14:08,301.58,301.69,301.24,301.34,12789.0
14:09,301.69,301.69,301.48,301.6,5044.0
14:10,301.7,301.79,301.45,301.66,9711.0
14:11,301.86,301.89,301.7,301.7,9700.0
14:12,302.08,302.08,301.81,301.9,6802.0
14:13,302.45,302.48,302.05,302.1,13269.0
14:14,302.76,302.8,302.27,302.5,31820.0
14:15,302.64,303.03,302.56,302.78,26577.0
14:16,302.36,302.8,302.26,302.69,13859.0
14:17,302.33,302.75,302.31,302.35,11847.0
14:18,302.33,302.34,302.04,302.31,5391.0
14:19,302.52,302.57,302.26,302.36,6141.0
14:20,302.61,302.74,302.42,302.53,5596.0
14:21,302.15,302.73,302.0,302.7,5934.0
14:22,302.16,302.39,302.09,302.21,6802.0
14:23,302.31,302.31,302.0,302.25,9313.0
14:24,301.85,302.34,301.85,302.34,7292.0
14:25,302.29,302.29,301.74,301.81,5521.0
14:26,301.87,302.34,301.87,302.24,9051.0
14:27,301.83,302.0,301.51,301.92,5939.0
14:28,301.8,301.98,301.51,301.68,5341.0
14:29,302.1,302.35,301.74,301.76,7391.0
14:30,302.08,302.1,301.92,301.98,6136.0
14:31,302.01,302.26,301.96,302.1,3834.0
14:32,301.6,302.23,301.56,302.1,8376.0
14:33,301.59,301.72,301.5,301.61,4761.0
14:34,301.9,301.91,301.37,301.51,7606.0
14:35,301.85,301.95,301.72,301.91,6482.0
14:36,301.46,301.74,301.45,301.73,4716.0
14:37,301.34,301.59,301.15,301.45,9375.0
14:38,301.08,301.47,300.96,301.36,9801.0
14:39,300.98,301.24,300.87,301.2,5868.0
14:40,301.05,301.16,300.92,301.06,11472.0
14:41,300.98,301.06,300.79,301.01,18227.0
14:42,300.96,301.14,300.85,300.98,13442.0
14:43,301.0,301.1,300.9,300.9,4192.0
14:44,300.72,300.97,300.72,300.95,14006.0
14:45,300.55,300.72,300.54,300.72,5902.0
14:46,300.39,300.7,300.39,300.58,11116.0
14:47,300.22,300.63,300.22,300.39,12815.0
14:48,300.13,300.24,300.02,300.2,7137.0
14:49,300.09,300.28,300.08,300.18,4808.0
14:50,299.76,300.11,299.59,300.08,13478.0
14:51,299.75,300.09,299.75,299.87,5814.0
14:52,299.69,299.91,299.58,299.84,6265.0
14:53,299.36,299.74,299.36,299.72,6739.0
14:54,299.45,299.62,299.36,299.36,8523.0
14:55,299.65,299.65,299.41,299.43,8391.0
14:56,299.65,299.69,299.42,299.55,12220.0
14:57,299.65,299.83,299.55,299.73,8265.0
14:58,299.97,300.04,299.65,299.71,10277.0
14:59,300.0,300.28,299.98,300.09,8908.0
15:00,300.3,300.33,299.98,300.15,10076.0
15:01,300.37,300.56,300.2,300.37,9972.0
15:02,300.16,300.43,300.09,300.2,6786.0
15:03,300.26,300.29,300.01,300.18,13183.0
15:04,300.12,300.46,300.05,300.23,9044.0
15:05,300.49,300.49,299.97,300.15,13672.0
15:06,300.31,300.45,300.28,300.44,10600.0
15:07,300.31,300.54,300.29,300.31,8681.0
15:08,300.1,300.39,300.03,300.33,11992.0
15:09,300.77,300.84,300.11,300.11,8495.0
15:10,300.77,300.98,300.57,300.7,9290.0
15:11,301.16,301.16,300.8,300.86,14363.0
15:12,300.88,301.12,300.74,301.08,13300.0
15:13,300.98,301.05,300.86,300.98,12788.0
15:14,301.06,301.11,300.73,300.86,10729.0
15:15,300.89,301.03,300.81,300.98,7078.0
15:16,300.81,300.92,300.74,300.87,8427.0
15:17,301.15,301.24,300.8,300.82,20357.0
15:18,301.36,301.48,301.16,301.2,9697.0
15:19,300.96,301.46,300.86,301.34,17994.0
15:20,301.55,301.63,301.02,301.02,9417.0
15:21,301.59,301.76,301.46,301.46,10217.0
15:22,301.4,301.64,301.39,301.59,13390.0
15:23,301.52,301.67,301.32,301.39,6180.0
15:24,301.04,301.54,301.03,301.5,13792.0
15:25,301.48,301.51,301.09,301.1,5650.0
15:26,301.47,301.61,301.33,301.51,7484.0
15:27,301.79,301.86,301.42,301.46,11291.0
15:28,302.02,302.06,301.8,301.83,16201.0
15:29,301.85,302.21,301.75,301.95,7395.0
15:30,301.54,301.88,301.47,301.75,6927.0
15:31,301.52,301.62,301.33,301.6,8457.0
15:32,301.27,301.6,301.22,301.54,10696.0
15:33,301.48,301.54,301.26,301.31,9919.0
15:34,301.56,301.6,301.34,301.48,6151.0
15:35,301.6,301.74,301.53,301.65,11525.0
15:36,301.69,301.87,301.36,301.65,12085.0
15:37,301.67,301.93,301.63,301.7,6435.0
15:38,301.49,301.77,301.39,301.68,8259.0
15:39,301.51,301.65,301.42,301.49,13617.0
15:40,301.4,301.59,301.39,301.43,8134.0
15:41,301.55,301.64,301.26,301.45,11853.0
15:42,302.03,302.07,301.49,301.61,13126.0
15:43,301.51,302.11,301.51,302.06,12366.0
15:44,301.93,301.93,301.49,301.49,10049.0
15:45,301.67,301.99,301.54,301.89,5370.0
15:46,301.34,301.71,301.34,301.69,14818.0
15:47,301.48,301.56,301.25,301.31,12347.0
15:48,301.57,301.65,301.4,301.54,7965.0
15:49,301.28,301.5,301.17,301.49,7474.0
15:50,301.56,301.66,301.28,301.34,12167.0
15:51,301.52,301.57,301.21,301.57,8583.0
15:52,301.62,301.66,301.37,301.45,9338.0
15:53,301.7,301.7,301.46,301.56,9002.0
15:54,301.61,301.88,301.61,301.7,8386.0
15:55,302.07,302.08,301.7,301.7,7599.0
15:56,301.87,302.28,301.84,302.07,8190.0
15:57,302.36,302.4,301.96,301.96,9523.0
15:58,302.42,302.46,302.23,302.31,14416.0
15:59,302.61,302.66,302.33,302.39,13702.0
16:00,302.38,302.59,302.22,302.59,14923.0
16:01,302.2,302.51,302.1,302.4,12257.0
16:02,301.95,302.28,301.89,302.14,9997.0
16:03,302.07,302.16,301.77,301.88,10861.0
16:04,302.01,302.23,301.98,302.07,7815.0
16:05,302.2,302.29,301.96,301.96,11580.0
16:06,302.14,302.27,302.04,302.26,10651.0
16:07,301.95,302.13,301.83,302.13,10201.0
16:08,301.88,302.1,301.81,301.96,15258.0
16:09,301.73,301.93,301.67,301.87,16564.0
16:10,301.88,301.94,301.62,301.73,16430.0
16:11,301.45,301.98,301.45,301.88,24992.0
16:12,301.33,301.53,301.27,301.44,31587.0
16:13,301.28,301.38,301.1,301.33,17113.0
16:14,301.43,301.51,301.24,301.28,12915.0
16:15,301.74,301.76,301.32,301.39,23837.0
16:16,301.72,301.77,301.56,301.73,9074.0
16:17,301.58,301.76,301.58,301.73,10194.0
16:18,301.29,301.76,301.28,301.64,14125.0
16:19,301.42,301.59,301.29,301.33,14033.0
16:20,301.55,301.64,301.41,301.42,22916.0
16:21,301.68,301.81,301.58,301.62,24103.0
16:22,301.42,301.67,301.35,301.67,12069.0
16:23,301.22,301.51,301.2,301.43,10065.0
16:24,301.2,301.29,301.1,301.27,12112.0
16:25,301.21,301.35,301.11,301.2,16757.0
16:26,300.96,301.27,300.91,301.21,14513.0
16:27,300.72,301.02,300.69,300.9,26244.0
16:28,300.75,300.91,300.68,300.75,38543.0
16:29,300.95,300.99,300.74,300.74,22248.0
16:30,300.88,301.04,300.86,300.95,29236.0
16:31,300.8,301.07,300.76,300.88,25546.0
16:32,300.71,300.81,300.6,300.8,16119.0
16:33,300.38,300.78,300.25,300.66,21856.0
16:34,300.24,300.43,300.19,300.38,19991.0
16:35,299.88,300.22,299.85,300.17,24665.0
16:36,300.06,300.11,299.78,299.88,26158.0
16:37,299.94,300.16,299.89,300.06,18456.0
16:38,299.95,300.05,299.86,299.94,14463.0
16:39,300.05,300.06,299.87,299.89,21768.0
16:40,299.66,300.19,299.66,300.02,35616.0
16:41,299.64,299.7,299.46,299.63,19046.0
16:42,299.8,299.87,299.56,299.62,19880.0
16:43,299.51,299.79,299.48,299.79,18099.0
16:44,299.45,299.67,299.36,299.43,35577.0
16:45,299.52,299.65,299.32,299.36,25365.0
16:46,299.23,299.47,299.1,299.47,25891.0
16:47,299.14,299.36,299.05,299.27,37310.0
16:48,299.67,299.68,299.13,299.13,33482.0
16:49,299.29,299.73,299.25,299.67,30764.0
16:50,299.82,300.17,299.34,299.34,40632.0
16:51,299.53,299.84,299.48,299.83,34081.0
16:52,299.51,299.71,299.38,299.51,45615.0
16:53,299.39,299.54,299.33,299.53,43656.0
16:54,299.23,299.47,299.2,299.39,64625.0
16:55,299.36,299.77,299.12,299.2,79168.0
16:56,298.93,299.32,298.9,299.32,74957.0
16:57,298.83,299.17,298.83,298.93,95783.0
16:58,298.67,298.87,298.65,298.85,107580.0
16:59,298.42,298.8,298.19,298.71,241823.0
