Time,Close,High,Low,Open,Volume
09:30,310.1,310.6,309.88,310.39,206330.0
09:31,309.65,310.85,309.4,310.2,51145.0
09:32,310.06,310.06,309.0,309.73,40817.0
09:33,310.08,310.3,309.62,310.05,22653.0
09:34,310.67,310.76,310.03,310.03,21643.0
09:35,311.26,311.26,310.63,310.72,33128.0
09:36,311.27,311.53,311.07,311.26,36001.0
09:37,310.79,311.25,310.77,311.22,20223.0
09:38,309.96,310.79,309.96,310.69,23108.0
09:39,310.2,310.38,310.01,310.04,22128.0
09:40,309.9,310.35,309.62,310.28,17498.0
09:41,309.64,310.08,309.64,310.0,13425.0
09:42,309.53,309.84,309.53,309.62,20444.0
09:43,309.61,309.76,309.46,309.5,38002.0
09:44,310.02,310.16,309.7,309.75,19784.0
09:45,310.23,310.36,309.88,309.9,39337.0
09:46,310.08,310.33,309.95,310.27,19783.0
09:47,310.33,310.36,310.1,310.15,21779.0
09:48,310.33,310.5,310.23,310.29,20946.0
09:49,310.0,310.34,309.86,310.26,20826.0
09:50,309.85,310.1,309.68,309.95,23391.0
09:51,310.07,310.07,309.77,309.96,15241.0
09:52,309.99,310.01,309.71,310.01,10432.0
09:53,310.44,310.56,309.98,309.98,26281.0
09:54,310.36,310.55,310.3,310.43,22395.0
09:55,310.38,310.55,310.28,310.44,13769.0
09:56,310.77,310.84,310.36,310.36,15583.0
09:57,310.76,310.94,310.71,310.89,17510.0
09:58,310.81,310.99,310.75,310.87,13116.0
09:59,311.7,311.7,310.85,310.85,27340.0
10:00,311.49,311.95,311.49,311.68,30806.0
10:01,312.13,312.26,311.5,311.74,40745.0
10:02,311.94,312.26,311.83,312.15,14267.0
10:03,311.69,311.99,311.35,311.9,19785.0
10:04,311.39,311.54,311.3,311.54,15268.0
10:05,311.54,311.73,311.4,311.48,14734.0
10:06,311.33,311.68,311.28,311.68,17712.0
10:07,311.61,311.78,311.33,311.33,11255.0
10:08,311.6,311.65,311.44,311.51,14088.0
10:09,312.06,312.1,311.64,311.71,10792.0
10:10,312.04,312.31,312.04,312.12,17805.0
10:11,311.94,312.01,311.67,312.0,14174.0
10:12,311.77,311.9,311.67,311.84,10995.0
10:13,311.63,311.85,311.63,311.72,11739.0
10:14,311.74,311.8,311.7,311.79,5616.0
10:15,311.92,312.01,311.82,311.82,13904.0
10:16,311.45,312.06,311.4,311.98,22568.0
10:17,311.59,311.7,311.44,311.44,13541.0
10:18,311.62,311.68,311.45,311.53,13316.0
10:19,311.82,311.87,311.62,311.66,10679.0
10:20,311.77,311.99,311.74,311.8,9977.0
10:21,311.67,311.91,311.65,311.75,10316.0
10:22,311.64,311.77,311.53,311.66,8974.0
10:23,311.76,311.84,311.69,311.73,4276.0
10:24,311.83,311.89,311.66,311.76,17362.0
10:25,312.04,312.09,311.85,311.85,12469.0
10:26,312.09,312.21,312.03,312.07,25520.0
10:27,312.08,312.11,311.9,312.05,15345.0
10:28,311.92,312.16,311.81,312.05,10653.0
10:29,311.73,312.05,311.73,312.02,11331.0
10:30,311.84,311.86,311.66,311.71,7242.0
10:31,311.44,311.8,311.25,311.8,23388.0
10:32,311.56,311.63,311.51,311.53,7535.0
10:33,311.52,311.67,311.49,311.51,17804.0
10:34,311.63,311.7,311.38,311.63,14282.0
10:35,311.79,311.89,311.73,311.74,13122.0
10:36,312.03,312.03,311.8,311.8,6380.0
10:37,312.31,312.35,311.97,312.12,17669.0
10:38,312.12,312.29,312.1,312.23,12233.0
10:39,312.04,312.14,311.92,312.09,12499.0
10:40,312.2,312.26,311.98,312.07,8637.0
10:41,312.5,312.5,312.23,312.24,10790.0
10:42,312.54,312.64,312.49,312.49,16383.0
10:43,312.52,312.59,312.44,312.44,7459.0
10:44,312.39,312.74,312.37,312.46,15723.0
10:45,312.61,312.61,312.41,312.47,20490.0
10:46,312.62,312.64,312.51,312.55,14056.0
10:47,312.32,312.62,312.26,312.59,18357.0
10:48,312.05,312.4,312.05,312.33,20610.0
10:49,312.31,312.39,312.07,312.07,12727.0
10:50,312.3,312.41,312.22,312.22,7315.0
10:51,312.3,312.37,312.3,312.3,5691.0
10:52,312.14,312.36,312.13,312.3,15550.0
10:53,311.94,312.14,311.94,312.14,12171.0
10:54,312.27,312.29,311.96,311.99,9429.0
10:55,312.39,312.4,312.2,312.31,8810.0
10:56,312.37,312.55,312.29,312.43,18959.0
10:57,312.23,312.38,312.19,312.29,10449.0
10:58,312.19,312.26,312.18,312.22,7500.0
10:59,312.05,312.23,312.0,312.21,7375.0
11:00,312.2,312.25,312.05,312.05,11009.0
11:01,312.15,312.21,312.07,312.2,5936.0
11:02,311.85,312.12,311.85,312.09,9234.0
11:03,311.86,311.96,311.76,311.85,8167.0
11:04,311.86,311.92,311.76,311.86,7609.0
11:05,311.86,311.93,311.78,311.78,12468.0
11:06,312.32,312.37,311.91,311.93,16181.0
11:07,312.48,312.52,312.32,312.32,12325.0
11:08,312.73,312.74,312.54,312.54,15148.0
11:09,312.76,312.78,312.6,312.7,14243.0
11:10,312.5,312.7,312.38,312.7,16507.0
11:11,312.67,312.7,312.54,312.58,7210.0
11:12,312.61,312.67,312.57,312.67,10128.0
11:13,312.67,312.72,312.54,312.68,13705.0
11:14,312.7,312.74,312.65,312.72,5654.0
11:15,312.85,312.85,312.6,312.7,12982.0
11:16,312.82,312.83,312.76,312.82,8244.0
11:17,312.7,312.9,312.62,312.84,12988.0
11:18,312.74,312.8,312.66,312.75,8609.0
11:19,312.72,312.76,312.65,312.74,8766.0
11:20,312.73,312.91,312.71,312.71,19834.0
11:21,312.33,312.67,312.33,312.67,91044.0
11:22,312.2,312.37,312.2,312.37,12123.0
11:23,312.32,312.37,312.2,312.2,21451.0
11:24,312.31,312.34,312.21,312.32,6991.0
11:25,312.42,312.48,312.36,312.36,6654.0
11:26,312.59,312.7,312.46,312.46,10910.0
11:27,312.35,312.57,312.32,312.56,4586.0
11:28,312.21,312.35,312.2,312.33,12955.0
11:29,312.32,312.32,312.16,312.16,8632.0
11:30,312.3,312.39,312.23,312.32,8325.0
11:31,312.08,312.26,312.05,312.26,8051.0
11:32,311.9,312.07,311.86,312.07,15608.0
11:33,311.92,312.01,311.83,311.93,26583.0
11:34,311.86,311.97,311.85,311.92,9657.0
11:35,312.08,312.09,311.89,311.91,15415.0
11:36,312.23,312.4,312.1,312.13,14383.0
11:37,312.12,312.25,311.98,312.25,17213.0
11:38,312.11,312.15,312.06,312.08,4249.0
11:39,312.08,312.21,311.95,312.11,14147.0
11:40,312.21,312.27,312.08,312.09,12847.0
11:41,312.26,312.28,312.2,312.24,10090.0
11:42,312.4,312.4,312.22,312.26,17573.0
11:43,312.43,312.45,312.36,312.38,4907.0
11:44,312.43,312.45,312.34,312.4,9266.0
11:45,312.54,312.59,312.36,312.4,7850.0
11:46,312.46,312.56,312.42,312.54,20411.0
11:47,312.18,312.48,312.14,312.48,22021.0
11:48,312.27,312.28,312.18,312.22,10334.0
11:49,312.27,312.32,312.23,312.27,9815.0
11:50,312.36,312.38,312.21,312.27,19143.0
11:51,312.44,312.47,312.36,312.36,6409.0
11:52,312.57,312.6,312.48,312.51,6591.0
11:53,312.43,312.52,312.43,312.52,11158.0
11:54,312.46,312.55,312.43,312.52,10976.0
11:55,312.57,312.62,312.46,312.46,5858.0
11:56,312.58,312.6,312.45,312.57,12679.0
11:57,312.56,312.6,312.46,312.6,7449.0
11:58,312.46,312.64,312.46,312.53,7557.0
11:59,312.23,312.48,312.23,312.48,15639.0
12:00,312.29,312.33,312.22,312.27,8908.0
12:01,312.16,312.37,312.01,312.29,11169.0
12:02,311.61,312.14,311.61,312.14,13615.0
12:03,311.36,311.61,311.28,311.61,8244.0
12:04,311.29,311.4,311.22,311.36,20984.0
12:05,311.5,311.54,311.36,311.36,16176.0
12:06,311.34,311.6,311.34,311.56,10117.0
12:07,311.42,311.49,311.27,311.34,7607.0
12:08,311.62,311.62,311.42,311.42,4448.0
12:09,311.71,311.73,311.54,311.57,4098.0
12:10,311.65,311.73,311.54,311.68,23856.0
12:11,311.66,311.7,311.57,311.65,4888.0
12:12,311.81,311.88,311.62,311.66,34960.0
12:13,311.76,311.78,311.63,311.73,11433.0
12:14,311.65,311.82,311.61,311.82,10887.0
12:15,311.73,311.73,311.55,311.63,5346.0
12:16,311.7,311.71,311.6,311.71,7306.0
12:17,311.65,311.7,311.6,311.7,5158.0
12:18,311.61,311.63,311.45,311.63,22874.0
12:19,311.55,311.61,311.44,311.58,24670.0
12:20,311.4,311.51,311.4,311.51,23857.0
12:21,311.43,311.44,311.3,311.44,26198.0
12:22,311.52,311.62,311.34,311.39,38512.0
12:23,311.48,311.67,311.42,311.51,38579.0
12:24,311.15,311.49,311.02,311.48,20933.0
12:25,311.21,311.29,311.09,311.09,8055.0
12:26,311.23,311.24,311.08,311.22,8057.0
12:27,311.32,311.39,311.24,311.24,9260.0
12:28,311.24,311.3,311.14,311.3,11201.0
12:29,311.18,311.27,311.07,311.24,10418.0
12:30,311.26,311.35,311.12,311.19,4637.0
12:31,311.32,311.37,311.24,311.27,5211.0
12:32,311.33,311.33,311.29,311.31,3439.0
12:33,311.37,311.41,311.33,311.33,6596.0
12:34,311.18,311.34,311.1,311.28,12253.0
12:35,311.21,311.26,311.1,311.17,13494.0
12:36,310.96,311.22,310.96,311.22,12334.0
12:37,310.86,310.94,310.75,310.91,9716.0
12:38,310.81,310.9,310.75,310.9,6432.0
12:39,310.65,310.87,310.53,310.87,16412.0
12:40,310.55,310.66,310.39,310.66,17300.0
12:41,310.67,310.67,310.51,310.51,8737.0
12:42,310.79,310.79,310.66,310.66,4038.0
12:43,310.43,310.85,310.35,310.77,19749.0
12:44,310.53,310.62,310.4,310.47,27216.0
12:45,310.66,310.75,310.51,310.51,5761.0
12:46,310.42,310.66,310.39,310.66,19245.0
12:47,310.42,310.46,310.35,310.38,4583.0
12:48,310.61,310.61,310.35,310.42,6488.0
12:49,310.57,310.66,310.57,310.61,10977.0
12:50,310.63,310.76,310.57,310.57,8013.0
12:51,310.42,310.72,310.36,310.67,9017.0
12:52,310.4,310.42,310.4,310.42,2739.0
12:53,310.45,310.54,310.35,310.41,7467.0
12:54,310.61,310.66,310.4,310.4,9166.0
12:55,310.64,310.7,310.54,310.6,11663.0
12:56,310.66,310.66,310.53,310.66,7904.0
12:57,310.57,310.62,310.52,310.59,4837.0
12:58,310.41,310.67,310.39,310.67,14921.0
12:59,310.43,310.5,310.34,310.35,10903.0
13:00,310.61,310.62,310.45,310.45,6573.0
13:01,310.52,310.66,310.46,310.6,7966.0
13:02,310.52,310.52,310.51,310.51,2516.0
13:03,310.34,310.45,310.27,310.45,10190.0
13:04,310.21,310.32,310.21,310.28,13858.0
13:05,310.26,310.41,310.23,310.23,11702.0
13:06,310.23,310.33,310.22,310.25,6072.0
13:07,310.25,310.3,310.15,310.16,6997.0
13:08,310.3,310.33,310.24,310.24,5535.0
13:09,310.24,310.27,310.17,310.27,8785.0
13:10,310.07,310.27,310.01,310.26,7012.0
13:11,310.13,310.27,310.02,310.03,9444.0
13:12,309.83,310.21,309.8,310.18,32771.0
13:13,309.74,309.91,309.69,309.84,55042.0
13:14,310.0,310.01,309.68,309.74,16696.0
13:15,310.07,310.08,309.98,310.0,4563.0
13:16,310.12,310.15,309.96,310.08,11481.0
13:17,309.99,310.12,309.98,310.12,6295.0
13:18,309.89,309.97,309.77,309.94,13188.0
13:19,309.95,309.95,309.89,309.89,4534.0
13:20,309.87,309.97,309.76,309.92,12128.0
13:21,309.93,309.94,309.83,309.88,7466.0
13:22,310.02,310.06,309.92,309.92,10019.0
13:23,309.83,310.05,309.8,310.05,14869.0
13:24,310.09,310.1,309.85,309.9,8179.0
13:25,309.98,310.11,309.96,310.09,13951.0
13:26,309.98,310.1,309.98,310.1,6852.0
13:27,309.86,310.04,309.8,309.99,12066.0
13:28,309.92,309.95,309.86,309.86,5457.0
13:29,310.01,310.08,309.92,309.92,15579.0
13:30,310.12,310.12,309.95,310.02,8610.0
13:31,310.19,310.22,310.06,310.16,6157.0
13:32,310.26,310.32,310.18,310.25,13238.0
13:33,310.12,310.3,310.08,310.26,4243.0
13:34,310.11,310.11,310.09,310.09,2358.0
13:35,309.93,310.13,309.9,310.05,8094.0
13:36,309.8,309.94,309.76,309.94,6108.0
13:37,310.07,310.07,309.77,309.8,16248.0
13:38,310.03,310.1,309.96,310.07,7772.0
13:39,310.04,310.11,310.01,310.07,3845.0
13:40,310.0,310.15,309.94,310.06,17963.0
13:41,309.89,310.06,309.77,310.01,16566.0
13:42,309.87,310.03,309.87,309.9,10398.0
13:43,309.76,309.88,309.69,309.88,13413.0
13:44,309.72,309.92,309.72,309.83,11150.0
13:45,309.79,309.79,309.75,309.75,2927.0
13:46,309.65,309.82,309.65,309.8,8903.0
13:47,309.84,309.84,309.69,309.7,3825.0
13:48,309.89,309.92,309.78,309.78,6736.0
13:49,310.02,310.03,309.83,309.89,10935.0
13:50,309.88,309.98,309.88,309.98,9799.0
13:51,309.96,310.0,309.83,309.88,5549.0
13:52,310.04,310.1,309.95,309.95,6740.0
13:53,310.05,310.11,309.95,310.04,20085.0
13:54,310.25,310.26,310.05,310.05,8168.0
13:55,310.38,310.38,310.19,310.23,5141.0
13:56,310.5,310.58,310.26,310.26,8111.0
13:57,310.69,310.7,310.53,310.54,10340.0
13:58,310.65,310.74,310.61,310.7,5641.0
13:59,310.71,310.85,310.54,310.74,17887.0
14:00,311.17,311.99,310.79,310.93,33127.0
14:01,310.95,311.36,310.78,311.2,20792.0
14:02,311.51,311.62,311.08,311.16,19875.0
14:03,311.88,312.27,311.49,311.6,39631.0
14:04,312.69,312.69,311.83,311.94,95851.0
14:05,312.01,312.8,311.88,312.61,74648.0
14:06,311.76,312.46,311.76,312.0,48562.0
14:07,311.41,311.94,311.41,311.76,23371.0
14:08,311.52,311.54,311.06,311.48,34397.0
14:09,311.08,311.54,311.08,311.54,22213.0
14:10,310.7,311.11,310.63,311.03,20920.0
14:11,310.94,311.25,310.7,310.7,37448.0
14:12,310.44,311.29,310.4,310.96,34504.0
14:13,310.06,310.44,309.8,310.43,46341.0
14:14,309.4,310.33,309.4,310.09,31319.0
14:15,309.84,309.96,309.05,309.42,57435.0
14:16,310.1,310.1,309.47,309.75,16391.0
14:17,309.83,310.36,309.83,310.06,14847.0
14:18,310.47,310.47,309.94,309.95,17588.0
14:19,310.3,310.48,310.21,310.38,21191.0
14:20,310.06,310.45,309.91,310.24,16707.0
14:21,310.37,310.37,309.82,310.04,10969.0
14:22,310.86,310.86,310.38,310.38,13256.0
14:23,310.97,311.21,310.6,310.75,29939.0
14:24,311.19,311.23,310.93,311.07,10372.0
14:25,311.2,311.29,311.02,311.11,13655.0
14:26,311.33,311.46,311.11,311.11,11181.0
14:27,311.46,311.64,311.1,311.46,7228.0
14:28,312.01,312.23,311.61,311.65,9645.0
14:29,312.0,312.01,311.75,312.0,8330.0
14:30,311.81,312.15,311.59,312.0,15682.0
14:31,311.57,311.87,311.48,311.81,10094.0
14:32,311.07,311.59,310.82,311.57,15794.0
14:33,311.55,311.55,310.74,311.0,20132.0
14:34,311.23,311.6,311.23,311.53,15758.0
14:35,311.54,311.54,310.79,311.35,17238.0
14:36,311.24,311.8,311.23,311.51,16524.0
14:37,311.27,311.37,310.9,311.26,14637.0
14:38,311.19,311.52,311.17,311.29,17353.0
14:39,310.32,311.21,310.32,311.21,17405.0
14:40,310.51,310.93,310.1,310.31,30301.0
14:41,310.78,311.05,310.41,310.49,21244.0
14:42,310.04,310.52,309.55,310.5,32488.0
14:43,310.36,310.45,309.78,310.11,17116.0
14:44,310.21,310.38,309.92,310.36,11456.0
14:45,309.77,310.35,309.6,310.35,13791.0
14:46,309.67,309.9,309.39,309.67,16157.0
14:47,310.2,310.2,309.6,309.6,12486.0
14:48,310.7,310.82,310.07,310.21,22179.0
14:49,310.37,310.74,310.18,310.74,16205.0
14:50,310.12,310.7,309.88,310.24,29575.0
14:51,309.75,310.01,309.63,310.01,17064.0
14:52,309.44,309.85,309.25,309.7,11253.0
14:53,309.01,309.39,308.82,309.37,26515.0
14:54,309.27,309.27,308.77,308.92,24904.0
14:55,309.96,310.32,309.32,309.34,19811.0
14:56,310.27,310.57,309.86,309.93,17979.0
14:57,310.41,310.73,310.19,310.39,15168.0
14:58,310.76,310.86,310.42,310.58,9844.0
14:59,310.97,311.05,310.51,310.69,14324.0
15:00,311.02,311.5,310.81,310.98,15824.0
15:01,311.8,311.86,310.82,311.13,21904.0
15:02,311.63,311.8,311.43,311.71,15525.0
15:03,311.49,311.7,311.45,311.56,12285.0
15:04,311.78,311.82,311.4,311.5,17113.0
15:05,312.08,312.24,311.6,311.84,24790.0
15:06,312.09,312.2,311.78,312.1,16994.0
15:07,312.12,312.35,311.97,312.21,17627.0
15:08,312.32,312.56,312.1,312.1,20821.0
15:09,312.22,312.39,312.0,312.39,30456.0
15:10,312.24,312.72,312.12,312.3,25600.0
15:11,311.98,312.14,311.88,312.12,18830.0
15:12,311.85,312.02,311.74,311.82,12532.0
15:13,311.54,311.85,311.39,311.85,20333.0
15:14,311.33,311.47,311.22,311.45,13590.0
15:15,311.73,311.95,311.4,311.45,18485.0
15:16,311.95,312.01,311.66,311.83,24074.0
15:17,311.89,312.2,311.89,311.95,19360.0
15:18,311.49,311.98,311.38,311.89,39983.0
15:19,311.53,311.7,311.17,311.42,23721.0
15:20,311.74,311.74,311.35,311.54,52974.0
15:21,311.38,311.9,311.33,311.65,36046.0
15:22,311.51,311.61,311.3,311.36,32833.0
15:23,311.77,311.8,311.49,311.51,14122.0
15:24,311.9,312.05,311.78,311.78,18989.0
15:25,311.48,312.02,311.48,311.9,22885.0
15:26,311.73,311.74,311.4,311.41,15441.0
15:27,311.84,311.84,311.54,311.73,14297.0
15:28,311.9,311.96,311.76,311.85,12577.0
15:29,311.71,311.95,311.71,311.89,14798.0
15:30,311.73,312.0,311.6,311.7,25417.0
15:31,311.7,311.86,311.68,311.74,13048.0
15:32,311.78,311.92,311.65,311.79,22042.0
15:33,311.77,311.98,311.73,311.8,19338.0
15:34,311.81,311.89,311.64,311.78,35597.0
15:35,312.01,312.1,311.83,311.86,42225.0
15:36,312.16,312.29,311.92,311.97,37455.0
15:37,311.95,312.36,311.93,312.14,22828.0
15:38,312.06,312.17,311.82,311.92,17149.0
15:39,311.95,312.18,311.92,312.05,17754.0
15:40,312.05,312.05,311.83,311.92,17946.0
15:41,311.82,312.03,311.82,311.98,15125.0
15:42,311.8,311.95,311.77,311.84,17906.0
15:43,311.85,311.85,311.66,311.73,11325.0
15:44,311.69,311.87,311.62,311.83,19352.0
15:45,311.7,311.82,311.63,311.7,16597.0
15:46,311.63,311.65,311.44,311.64,19425.0
15:47,311.81,311.83,311.54,311.57,13856.0
15:48,311.82,311.91,311.62,311.83,16921.0
15:49,311.8,311.86,311.67,311.8,13614.0
15:50,312.08,312.09,311.58,311.81,41027.0
15:51,311.6,312.14,311.6,312.02,26631.0
15:52,311.36,311.76,311.36,311.67,42025.0
15:53,311.35,311.42,311.19,311.36,59448.0
15:54,311.43,311.5,311.33,311.35,30535.0
15:55,311.62,311.89,311.36,311.41,65228.0
15:56,311.14,311.71,311.14,311.71,48298.0
15:57,311.41,311.41,311.16,311.16,61666.0
15:58,311.45,311.52,311.34,311.4,87140.0
15:59,311.75,311.79,311.31,311.43,170238.0
