Time,Close,High,Low,Open,Volume
09:30,317.43,317.68,316.54,317.06,134990.0
09:31,317.3,317.62,316.99,317.52,24468.0
09:32,317.48,318.01,317.29,317.29,23583.0
09:33,317.0,317.56,316.98,317.56,19349.0
09:34,316.8,317.15,316.75,316.95,8886.0
09:35,316.77,317.11,316.5,316.64,16101.0
09:36,316.89,316.95,316.67,316.78,9933.0
09:37,316.76,317.16,316.76,316.99,19851.0
09:38,316.42,316.97,316.3,316.97,25316.0
09:39,316.65,316.79,316.36,316.42,16653.0
09:40,316.69,316.75,316.42,316.68,7356.0
09:41,316.38,316.72,316.35,316.64,17603.0
09:42,316.94,316.94,316.33,316.33,14345.0
09:43,316.59,316.89,316.59,316.89,12552.0
09:44,316.63,316.68,316.25,316.63,19521.0
09:45,316.63,316.79,316.48,316.64,25791.0
09:46,316.72,316.73,316.5,316.62,13695.0
09:47,316.86,316.86,316.66,316.76,7566.0
09:48,316.59,316.83,316.59,316.82,17260.0
09:49,316.26,316.66,316.26,316.6,16635.0
09:50,316.19,316.45,316.1,316.33,22830.0
09:51,316.25,316.31,316.11,316.18,10351.0
09:52,316.07,316.29,316.06,316.24,14540.0
09:53,315.71,316.12,315.65,316.12,29204.0
09:54,315.89,316.03,315.74,315.74,35247.0
09:55,315.96,315.98,315.64,315.88,17586.0
09:56,315.67,316.02,315.67,315.96,20300.0
09:57,315.72,315.83,315.6,315.6,18723.0
09:58,315.16,315.72,315.1,315.68,44944.0
09:59,315.31,315.58,315.1,315.16,42891.0
10:00,315.18,315.4,315.13,315.39,34757.0
10:01,315.08,315.27,315.06,315.15,12870.0
10:02,314.68,315.11,314.62,315.11,28255.0
10:03,314.54,314.82,314.54,314.75,32920.0
10:04,314.31,314.64,314.25,314.58,16673.0
10:05,314.23,314.3,313.96,314.25,28707.0
10:06,314.39,314.51,314.18,314.18,25777.0
10:07,314.73,314.75,314.35,314.39,18195.0
10:08,315.11,315.3,314.71,314.76,27769.0
10:09,315.08,315.39,315.06,315.11,26118.0
10:10,314.43,315.09,314.43,315.08,19350.0
10:11,314.61,314.62,314.36,314.54,15833.0
10:12,314.7,314.7,314.5,314.55,16049.0
10:13,315.07,315.07,314.64,314.67,23391.0
10:14,315.11,315.2,314.98,315.07,17971.0
10:15,315.1,315.21,314.95,315.14,24035.0
10:16,315.1,315.22,315.08,315.08,11718.0
10:17,315.05,315.21,315.0,315.1,23706.0
10:18,315.07,315.17,315.01,315.05,14358.0
10:19,315.12,315.22,315.03,315.13,11828.0
10:20,315.29,315.3,315.14,315.14,11731.0
10:21,315.57,315.59,315.24,315.25,18397.0
10:22,315.94,315.95,315.59,315.61,21745.0
10:23,315.92,315.95,315.83,315.9,11482.0
10:24,315.73,315.9,315.66,315.9,15664.0
10:25,315.41,315.66,315.28,315.66,13462.0
10:26,315.44,315.65,315.4,315.4,12961.0
10:27,315.54,315.62,315.49,315.49,11732.0
10:28,315.57,315.62,315.49,315.54,5027.0
10:29,315.38,315.57,315.33,315.57,15127.0
10:30,315.47,315.47,315.3,315.39,28822.0
10:31,315.62,315.64,315.47,315.47,10780.0
10:32,315.56,315.64,315.45,315.6,10217.0
10:33,315.66,315.67,315.56,315.56,11541.0
10:34,315.89,315.91,315.63,315.63,19690.0
10:35,315.86,316.05,315.84,315.84,17445.0
10:36,316.06,316.07,315.86,315.92,10311.0
10:37,315.67,316.05,315.67,316.03,11712.0
10:38,315.72,315.77,315.6,315.66,10527.0
10:39,315.76,315.77,315.7,315.72,7013.0
10:40,315.79,315.79,315.64,315.73,10818.0
10:41,315.68,315.77,315.66,315.77,6511.0
10:42,315.49,315.61,315.46,315.6,12725.0
10:43,315.5,315.69,315.5,315.59,7926.0
10:44,315.58,315.64,315.53,315.62,10882.0
10:45,315.76,315.78,315.59,315.65,5972.0
10:46,315.73,315.77,315.64,315.77,5413.0
10:47,315.79,315.89,315.73,315.77,8975.0
10:48,315.72,315.79,315.72,315.79,5388.0
10:49,315.42,315.73,315.37,315.73,10129.0
10:50,315.29,315.43,315.29,315.42,7394.0
10:51,315.08,315.29,315.06,315.29,6498.0
10:52,314.8,315.09,314.74,315.09,13915.0
10:53,314.65,314.88,314.61,314.83,9549.0
10:54,314.44,314.73,314.43,314.62,15896.0
10:55,314.35,314.42,314.32,314.42,10261.0
10:56,314.18,314.39,314.18,314.37,11500.0
10:57,314.26,314.28,314.16,314.16,9952.0
10:58,314.26,314.38,314.26,314.27,17628.0
10:59,314.49,314.53,314.28,314.29,14882.0
11:00,314.43,314.55,314.36,314.49,15727.0
11:01,314.41,314.45,314.34,314.45,6203.0
11:02,314.24,314.42,314.15,314.4,9177.0
11:03,314.14,314.27,314.14,314.27,10288.0
11:04,314.18,314.22,314.14,314.16,7518.0
11:05,313.7,314.12,313.66,314.12,27017.0
11:06,314.07,314.07,313.75,313.77,8239.0
11:07,314.43,314.43,314.15,314.15,13442.0
11:08,314.36,314.44,314.28,314.44,9590.0
11:09,314.38,314.48,314.33,314.42,20368.0
11:10,314.22,314.4,314.13,314.4,19076.0
11:11,314.15,314.31,314.15,314.2,10930.0
11:12,314.15,314.18,314.04,314.17,8745.0
11:13,314.15,314.2,314.09,314.11,5189.0
11:14,314.08,314.23,314.08,314.18,22074.0
11:15,314.14,314.14,314.01,314.05,13729.0
11:16,314.15,314.22,314.09,314.14,9060.0
11:17,313.97,314.12,313.89,314.11,37411.0
11:18,314.05,314.05,313.96,313.99,12361.0
11:19,314.12,314.15,313.98,314.0,10656.0
11:20,314.17,314.18,313.94,314.01,14581.0
11:21,314.48,314.48,314.15,314.15,14672.0
11:22,314.54,314.62,314.46,314.46,19688.0
11:23,314.66,314.74,314.52,314.52,8992.0
11:24,314.7,314.77,314.65,314.67,15294.0
11:25,314.87,314.87,314.7,314.78,15100.0
11:26,314.8,314.89,314.79,314.81,9278.0
11:27,314.86,314.86,314.76,314.78,4638.0
11:28,314.72,314.93,314.64,314.81,10070.0
11:29,314.74,314.83,314.68,314.71,10134.0
11:30,314.65,314.8,314.59,314.72,25156.0
11:31,314.55,314.68,314.51,314.61,11910.0
11:32,314.56,314.69,314.38,314.54,11268.0
11:33,314.73,314.73,314.57,314.57,7292.0
11:34,314.7,314.72,314.55,314.7,9980.0
11:35,314.61,314.75,314.57,314.68,11103.0
11:36,314.64,314.69,314.53,314.66,4522.0
11:37,314.79,314.84,314.68,314.68,8038.0
11:38,314.89,314.89,314.7,314.82,9026.0
11:39,314.87,314.94,314.77,314.94,8463.0
11:40,314.81,315.02,314.81,314.9,17394.0
11:41,314.84,314.84,314.72,314.8,9263.0
11:42,314.79,314.87,314.75,314.86,6609.0
11:43,314.93,314.93,314.79,314.84,11327.0
11:44,314.85,314.91,314.82,314.88,3752.0
11:45,314.67,314.76,314.62,314.76,6246.0
11:46,314.39,314.61,314.3,314.61,21793.0
11:47,314.52,314.54,314.45,314.46,5237.0
11:48,314.43,314.59,314.43,314.59,7824.0
11:49,314.4,314.51,314.4,314.43,9291.0
11:50,314.24,314.42,314.23,314.42,8872.0
11:51,314.34,314.34,314.2,314.2,5862.0
11:52,314.49,314.51,314.34,314.35,16571.0
11:53,314.53,314.59,314.46,314.47,12170.0
11:54,314.7,314.74,314.53,314.57,9535.0
11:55,314.74,314.81,314.63,314.72,15632.0
11:56,314.62,314.7,314.58,314.7,6827.0
11:57,314.62,314.7,314.6,314.62,6194.0
11:58,314.54,314.67,314.54,314.62,5754.0
11:59,314.72,314.72,314.54,314.54,4768.0
12:00,314.76,314.78,314.73,314.77,4888.0
12:01,314.62,314.7,314.56,314.7,5492.0
12:02,314.61,314.68,314.61,314.64,3710.0
12:03,314.64,314.64,314.54,314.57,3484.0
12:04,314.66,314.69,314.63,314.63,2456.0
12:05,314.56,314.68,314.56,314.68,5878.0
12:06,314.67,314.67,314.55,314.61,5969.0
12:07,314.7,314.71,314.65,314.66,2688.0
12:08,314.76,314.76,314.7,314.72,4983.0
12:09,314.72,314.75,314.7,314.75,6774.0
12:10,314.88,314.88,314.77,314.77,5523.0
12:11,314.8,314.9,314.79,314.9,7991.0
12:12,314.84,314.9,314.76,314.76,6682.0
12:13,314.82,314.89,314.82,314.83,4713.0
12:14,314.96,315.01,314.86,314.86,7951.0
12:15,314.93,314.99,314.87,314.99,9823.0
12:16,314.8,314.92,314.76,314.92,3745.0
12:17,314.82,314.85,314.75,314.79,12491.0
12:18,314.87,314.89,314.84,314.84,3311.0
12:19,314.85,314.89,314.83,314.85,11479.0
12:20,314.86,314.89,314.84,314.88,3712.0
12:21,315.0,315.01,314.91,314.91,7697.0
12:22,315.09,315.12,314.97,314.99,8878.0
12:23,315.06,315.15,315.06,315.09,8224.0
12:24,315.08,315.1,315.04,315.06,6727.0
12:25,315.06,315.19,315.06,315.09,8376.0
12:26,315.06,315.09,315.05,315.07,4834.0
12:27,314.96,315.01,314.92,315.01,8788.0
12:28,314.93,314.96,314.9,314.93,3589.0
12:29,314.89,314.95,314.86,314.93,5378.0
12:30,315.01,315.01,314.89,314.97,8314.0
12:31,314.99,315.03,314.99,315.01,2627.0
12:32,314.95,315.01,314.93,315.01,9966.0
12:33,314.87,314.93,314.87,314.93,2716.0
12:34,314.87,314.91,314.84,314.88,6534.0
12:35,314.89,314.89,314.84,314.87,8081.0
12:36,314.86,314.9,314.82,314.86,6513.0
12:37,315.0,315.02,314.85,314.85,7382.0
12:38,314.99,315.04,314.98,314.98,6880.0
12:39,314.92,315.02,314.91,315.01,4696.0
12:40,314.95,314.99,314.93,314.97,3914.0
12:41,315.02,315.03,314.93,315.01,6292.0
12:42,314.94,315.05,314.94,315.05,6478.0
12:43,314.91,315.05,314.91,315.0,4252.0
12:44,314.82,314.86,314.75,314.82,10150.0
12:45,314.76,314.82,314.75,314.82,8713.0
12:46,314.7,314.79,314.7,314.74,5766.0
12:47,314.71,314.75,314.7,314.75,1649.0
12:48,314.8,314.82,314.75,314.75,8699.0
12:49,314.84,314.85,314.76,314.77,5110.0
12:50,314.76,314.82,314.76,314.8,6251.0
12:51,314.64,314.74,314.63,314.74,8834.0
12:52,314.74,314.74,314.69,314.69,2807.0
12:53,314.71,314.79,314.7,314.71,6666.0
12:54,314.74,314.76,314.71,314.71,4022.0
12:55,314.72,314.79,314.72,314.75,5679.0
12:56,314.7,314.72,314.67,314.72,5101.0
12:57,314.56,314.73,314.56,314.73,10355.0
12:58,314.68,314.69,314.58,314.58,6592.0
12:59,314.78,314.84,314.67,314.67,7334.0
13:00,314.68,314.76,314.67,314.75,11170.0
13:01,314.57,314.68,314.56,314.68,3586.0
13:02,314.61,314.61,314.49,314.57,5290.0
13:03,314.66,314.69,314.49,314.56,6465.0
13:04,314.65,314.73,314.65,314.67,9021.0
13:05,314.61,314.7,314.61,314.68,4375.0
13:06,314.53,314.6,314.53,314.59,3096.0
13:07,314.59,314.6,314.51,314.51,4745.0
13:08,314.63,314.64,314.57,314.59,6235.0
13:09,314.62,314.64,314.6,314.61,2752.0
13:10,314.66,314.68,314.62,314.64,5433.0
13:11,314.7,314.73,314.66,314.7,7267.0
13:12,314.8,314.84,314.68,314.68,17833.0
13:13,314.79,314.86,314.78,314.8,5618.0
13:14,314.62,314.78,314.58,314.78,9048.0
13:15,314.54,314.66,314.51,314.66,5802.0
13:16,314.67,314.71,314.57,314.57,4721.0
13:17,314.71,314.75,314.69,314.69,6605.0
13:18,314.66,314.77,314.62,314.77,5786.0
13:19,314.63,314.76,314.63,314.76,4283.0
13:20,314.39,314.56,314.39,314.56,5542.0
13:21,314.19,314.38,314.17,314.38,8386.0
13:22,314.29,314.31,314.22,314.24,4675.0
13:23,314.29,314.31,314.26,314.28,6582.0
13:24,314.21,314.32,314.21,314.27,6870.0
13:25,314.16,314.21,314.16,314.21,2214.0
13:26,314.27,314.3,314.13,314.21,8270.0
13:27,314.14,314.24,314.14,314.22,3813.0
13:28,314.05,314.17,314.04,314.17,6451.0
13:29,314.08,314.12,314.05,314.11,7507.0
13:30,314.17,314.23,314.15,314.16,24696.0
13:31,314.19,314.26,314.14,314.18,7453.0
13:32,314.04,314.18,314.04,314.18,6836.0
13:33,314.39,314.41,314.08,314.12,9092.0
13:34,314.36,314.36,314.34,314.35,4839.0
13:35,314.37,314.39,314.32,314.36,4464.0
13:36,314.3,314.42,314.3,314.37,7373.0
13:37,314.4,314.42,314.3,314.3,4637.0
13:38,314.33,314.35,314.28,314.34,6055.0
13:39,314.4,314.4,314.32,314.36,5319.0
13:40,314.4,314.46,314.39,314.4,13269.0
13:41,314.38,314.42,314.34,314.41,7649.0
13:42,314.44,314.44,314.26,314.37,7224.0
13:43,314.38,314.48,314.38,314.44,3549.0
13:44,314.51,314.51,314.41,314.42,7510.0
13:45,314.54,314.61,314.48,314.48,6443.0
13:46,314.53,314.61,314.46,314.55,5289.0
13:47,314.52,314.54,314.49,314.51,3707.0
13:48,314.4,314.49,314.4,314.48,6078.0
13:49,314.45,314.45,314.38,314.39,6634.0
13:50,314.65,314.67,314.48,314.49,6461.0
13:51,314.56,314.7,314.56,314.66,9665.0
13:52,314.59,314.59,314.5,314.54,3672.0
13:53,314.56,314.62,314.51,314.6,5131.0
13:54,314.53,314.58,314.52,314.55,6230.0
13:55,314.45,314.55,314.45,314.48,7161.0
13:56,314.39,314.52,314.39,314.51,2980.0
13:57,314.43,314.5,314.39,314.39,7788.0
13:58,314.52,314.52,314.49,314.49,2174.0
13:59,314.49,314.52,314.45,314.45,4535.0
14:00,314.59,314.61,314.5,314.5,5775.0
14:01,314.6,314.61,314.58,314.59,14843.0
14:02,314.65,314.69,314.58,314.58,7877.0
14:03,314.65,314.68,314.63,314.64,7479.0
14:04,314.82,314.82,314.69,314.69,8488.0
14:05,314.82,314.86,314.81,314.86,3159.0
14:06,314.87,314.92,314.8,314.82,11177.0
14:07,314.78,314.87,314.76,314.87,5017.0
14:08,314.77,314.81,314.76,314.8,3860.0
14:09,314.58,314.67,314.58,314.66,5369.0
14:10,314.58,314.58,314.55,314.55,1108.0
14:11,314.74,314.77,314.58,314.58,6665.0
14:12,314.79,314.85,314.76,314.76,8493.0
14:13,314.82,314.89,314.79,314.79,3947.0
14:14,314.83,314.84,314.8,314.82,4057.0
14:15,314.82,314.88,314.82,314.82,4610.0
14:16,314.83,314.83,314.77,314.81,8340.0
14:17,314.79,314.84,314.79,314.8,5031.0
14:18,314.87,314.87,314.78,314.83,6497.0
14:19,314.87,314.87,314.85,314.85,3524.0
14:20,314.85,314.91,314.83,314.88,7479.0
14:21,314.89,314.9,314.85,314.85,5276.0
14:22,314.86,314.92,314.86,314.88,5223.0
14:23,314.86,314.9,314.84,314.88,6094.0
14:24,314.87,314.89,314.84,314.89,7232.0
14:25,314.93,314.95,314.85,314.88,9472.0
14:26,314.93,314.93,314.85,314.89,6331.0
14:27,314.92,314.99,314.91,314.94,8687.0
14:28,314.94,315.0,314.89,314.94,10958.0
14:29,315.01,315.09,314.94,314.94,13274.0
14:30,315.05,315.05,314.94,314.99,6762.0
14:31,315.05,315.05,315.02,315.03,3093.0
14:32,315.18,315.19,315.09,315.09,4813.0
14:33,315.38,315.38,315.18,315.21,10640.0
14:34,315.33,315.39,315.32,315.39,11831.0
14:35,315.25,315.3,315.21,315.3,6907.0
14:36,315.4,315.4,315.23,315.24,4769.0
14:37,315.39,315.44,315.34,315.42,7724.0
14:38,315.29,315.39,315.29,315.39,3022.0
14:39,315.29,315.29,315.25,315.29,3316.0
14:40,315.26,315.27,315.22,315.24,6905.0
14:41,315.38,315.39,315.27,315.29,9011.0
14:42,315.27,315.42,315.27,315.4,10385.0
14:43,315.28,315.31,315.26,315.26,4617.0
14:44,315.27,315.27,315.21,315.21,4633.0
14:45,315.27,315.27,315.22,315.27,7051.0
14:46,315.24,315.32,315.2,315.32,5054.0
14:47,315.23,315.28,315.21,315.27,8419.0
14:48,315.12,315.26,315.12,315.22,7729.0
14:49,315.09,315.17,315.04,315.17,6823.0
14:50,315.14,315.14,315.07,315.07,8890.0
14:51,315.09,315.21,315.06,315.16,11506.0
14:52,315.08,315.15,315.04,315.07,8426.0
14:53,315.08,315.08,315.03,315.06,4825.0
14:54,315.1,315.11,315.05,315.1,3670.0
14:55,315.14,315.14,315.08,315.11,4361.0
14:56,315.14,315.16,315.1,315.16,4812.0
14:57,315.26,315.27,315.09,315.09,9797.0
14:58,315.34,315.34,315.24,315.26,12630.0
14:59,315.37,315.37,315.26,315.31,7294.0
15:00,315.27,315.33,315.27,315.33,5444.0
15:01,315.29,315.29,315.23,315.26,1729.0
15:02,315.27,315.29,315.21,315.22,7800.0
15:03,315.27,315.31,315.23,315.27,10712.0
15:04,315.29,315.32,315.27,315.27,6116.0
15:05,315.18,315.35,315.18,315.31,8065.0
15:06,315.22,315.27,315.2,315.2,7339.0
15:07,315.15,315.17,315.11,315.16,3831.0
15:08,315.12,315.18,315.09,315.13,8276.0
15:09,315.04,315.14,315.02,315.12,8151.0
15:10,315.14,315.15,315.07,315.07,5897.0
15:11,315.09,315.14,315.06,315.11,7156.0
15:12,315.05,315.13,315.05,315.09,4362.0
15:13,314.96,315.08,314.92,315.08,16155.0
15:14,314.99,315.0,314.92,314.95,7991.0
15:15,314.62,315.02,314.59,314.99,19269.0
15:16,314.64,314.71,314.55,314.61,8832.0
15:17,314.62,314.71,314.48,314.7,12061.0
15:18,314.64,314.69,314.52,314.59,18619.0
15:19,314.64,314.71,314.57,314.65,8396.0
15:20,314.65,314.69,314.63,314.68,5032.0
15:21,314.64,314.7,314.61,314.66,9679.0
15:22,314.78,314.79,314.62,314.63,13538.0
15:23,314.88,314.88,314.75,314.77,10058.0
15:24,314.83,314.93,314.83,314.89,13087.0
15:25,314.89,314.9,314.82,314.85,7803.0
15:26,314.95,314.97,314.87,314.89,13034.0
15:27,314.98,315.01,314.94,314.95,13531.0
15:28,314.96,314.98,314.96,314.96,5169.0
15:29,315.04,315.04,314.96,314.97,8516.0
15:30,315.11,315.15,315.02,315.02,9945.0
15:31,315.14,315.14,315.09,315.11,9497.0
15:32,315.29,315.29,315.13,315.13,13878.0
15:33,315.35,315.35,315.25,315.31,11025.0
15:34,315.42,315.42,315.33,315.34,18048.0
15:35,315.39,315.48,315.39,315.45,16444.0
15:36,315.44,315.47,315.38,315.38,12315.0
15:37,315.5,315.52,315.38,315.43,14408.0
15:38,315.59,315.61,315.51,315.52,13155.0
15:39,315.55,315.6,315.51,315.6,7802.0
15:40,315.68,315.68,315.55,315.56,13230.0
15:41,315.65,315.76,315.6,315.66,15071.0
15:42,315.63,315.67,315.57,315.67,12668.0
15:43,315.73,315.75,315.66,315.66,36027.0
15:44,315.78,315.8,315.68,315.77,25189.0
15:45,315.88,315.91,315.76,315.81,16797.0
15:46,315.85,315.92,315.85,315.88,13764.0
15:47,315.97,315.99,315.82,315.82,9760.0
15:48,316.06,316.11,315.99,315.99,19445.0
15:49,315.98,316.05,315.96,316.05,12397.0
15:50,315.7,315.98,315.67,315.98,29512.0
15:51,315.52,315.81,315.45,315.73,28535.0
15:52,315.73,315.73,315.54,315.54,14944.0
15:53,315.64,315.72,315.59,315.7,12009.0
15:54,315.49,315.67,315.48,315.64,19590.0
15:55,315.6,315.68,315.49,315.52,23401.0
15:56,315.55,315.58,315.49,315.56,20475.0
15:57,315.52,315.77,315.5,315.54,48383.0
15:58,315.56,315.64,315.4,315.5,83858.0
15:59,315.73,315.73,315.55,315.57,122617.0
