Time,Close,High,Low,Open,Volume
09:30,303.99,305.0,303.2,305.0,586886.0
09:31,304.88,304.99,303.94,303.94,26176.0
09:32,304.54,305.05,304.44,304.79,36282.0
09:33,304.62,304.83,304.4,304.63,16070.0
09:34,304.61,304.78,304.44,304.62,25340.0
09:35,304.97,304.97,304.52,304.61,16004.0
09:36,305.43,305.45,304.77,304.97,41258.0
09:37,305.74,305.79,305.26,305.36,21709.0
09:38,305.71,305.9,305.66,305.7,32064.0
09:39,305.71,305.85,305.24,305.69,25390.0
09:40,306.12,306.12,305.36,305.73,31274.0
09:41,305.99,306.3,305.98,306.12,21510.0
09:42,305.87,306.08,305.84,305.99,20363.0
09:43,305.95,306.05,305.83,305.91,21170.0
09:44,305.79,306.02,305.78,305.88,30687.0
09:45,305.83,306.01,305.64,305.78,34800.0
09:46,306.0,306.14,305.68,305.83,36520.0
09:47,306.2,306.21,305.98,306.01,15727.0
09:48,306.49,306.51,306.09,306.19,26026.0
09:49,306.19,306.55,306.03,306.51,13129.0
09:50,305.84,306.2,305.84,306.2,14627.0
09:51,305.73,306.01,305.66,306.0,15256.0
09:52,305.38,305.8,305.25,305.8,18539.0
09:53,305.21,305.59,305.19,305.53,32954.0
09:54,305.02,305.27,305.02,305.2,15700.0
09:55,305.07,305.12,304.9,305.01,6450.0
09:56,304.91,305.11,304.74,305.02,16518.0
09:57,305.29,305.37,304.82,304.83,34964.0
09:58,305.27,305.3,304.99,305.13,12608.0
09:59,304.93,305.27,304.9,305.27,20497.0
10:00,305.17,305.17,304.8,304.93,21146.0
10:01,305.02,305.24,304.92,305.17,8256.0
10:02,305.01,305.26,304.93,304.99,22511.0
10:03,305.15,305.35,305.14,305.16,16828.0
10:04,305.29,305.37,304.99,305.09,19685.0
10:05,305.46,305.49,305.24,305.33,14452.0
10:06,305.62,305.76,305.45,305.45,14458.0
10:07,305.62,305.78,305.35,305.62,14254.0
10:08,306.14,306.14,305.57,305.57,15696.0
10:09,305.96,306.28,305.91,306.15,13405.0
10:10,305.95,306.02,305.81,305.93,30287.0
10:11,305.95,305.99,305.72,305.95,14063.0
10:12,306.14,306.35,305.87,305.91,9643.0
10:13,306.17,306.6,306.12,306.14,12398.0
10:14,305.79,306.27,305.72,306.17,6071.0
10:15,305.3,305.89,305.3,305.79,39174.0
10:16,305.41,305.47,305.2,305.27,17739.0
10:17,305.6,305.62,305.21,305.35,16837.0
10:18,305.9,305.95,305.51,305.59,18340.0
10:19,305.79,305.95,305.71,305.83,8303.0
10:20,305.9,306.0,305.79,305.79,15382.0
10:21,305.85,305.86,305.6,305.83,13372.0
10:22,305.8,305.99,305.7,305.86,6637.0
10:23,305.86,305.99,305.77,305.77,9336.0
10:24,305.64,305.86,305.58,305.86,13240.0
10:25,305.8,305.85,305.55,305.64,12758.0
10:26,305.86,305.92,305.63,305.8,10207.0
10:27,305.79,305.99,305.78,305.86,14104.0
10:28,305.92,306.02,305.8,305.85,26302.0
10:29,305.83,306.12,305.78,305.93,24637.0
10:30,305.97,306.01,305.69,305.83,15209.0
10:31,306.08,306.12,305.94,305.98,23219.0
10:32,306.05,306.12,305.98,306.04,17980.0
10:33,306.07,306.11,305.89,306.0,16040.0
10:34,306.17,306.17,306.06,306.12,14666.0
10:35,306.1,306.22,305.93,306.13,16423.0
10:36,306.14,306.18,305.96,306.1,11965.0
10:37,306.12,306.15,306.04,306.13,11990.0
10:38,306.17,306.27,306.08,306.08,11341.0
10:39,306.16,306.21,306.12,306.17,13155.0
10:40,306.24,306.3,306.14,306.2,11333.0
10:41,306.2,306.34,306.18,306.31,7227.0
10:42,306.02,306.2,306.01,306.19,12943.0
10:43,306.1,306.11,305.93,306.03,5459.0
10:44,305.95,306.19,305.95,306.1,12873.0
10:45,305.86,306.0,305.8,305.95,9764.0
10:46,305.92,306.0,305.81,305.88,5540.0
10:47,305.92,305.96,305.78,305.96,11333.0
10:48,305.79,305.95,305.76,305.91,7758.0
10:49,305.89,305.89,305.75,305.75,6547.0
10:50,305.87,305.92,305.73,305.8,18056.0
10:51,305.77,305.91,305.72,305.83,13618.0
10:52,305.91,305.92,305.79,305.8,10505.0
10:53,305.98,306.02,305.88,305.92,12215.0
10:54,306.08,306.08,305.93,305.98,7436.0
10:55,306.0,306.1,305.95,306.04,13569.0
10:56,305.9,306.01,305.78,306.01,10979.0
10:57,306.05,306.16,305.9,305.9,27874.0
10:58,306.09,306.16,306.05,306.09,12542.0
10:59,306.13,306.19,306.07,306.14,23340.0
11:00,306.26,306.36,306.11,306.14,20799.0
11:01,306.33,306.39,306.22,306.28,15997.0
11:02,306.57,306.59,306.28,306.35,20834.0
11:03,306.48,306.59,306.48,306.57,15686.0
11:04,306.44,306.56,306.39,306.43,14683.0
11:05,306.45,306.54,306.38,306.44,14913.0
11:06,306.42,306.49,306.41,306.41,9341.0
11:07,306.42,306.52,306.33,306.42,18797.0
11:08,306.43,306.54,306.41,306.48,6915.0
11:09,306.22,306.47,306.2,306.43,9925.0
11:10,306.38,306.4,306.18,306.26,33823.0
11:11,306.33,306.45,306.31,306.34,9240.0
11:12,306.36,306.36,306.2,306.29,10288.0
11:13,306.39,306.46,306.33,306.36,15015.0
11:14,306.4,306.42,306.33,306.39,15929.0
11:15,306.79,306.79,306.4,306.42,21669.0
11:16,306.75,306.91,306.75,306.77,21171.0
11:17,306.89,306.96,306.8,306.85,23269.0
11:18,306.9,307.02,306.9,306.91,17628.0
11:19,306.98,307.01,306.88,306.92,33660.0
11:20,307.09,307.12,306.98,306.98,16446.0
11:21,307.19,307.2,307.05,307.09,13416.0
11:22,307.15,307.21,307.09,307.18,8364.0
11:23,307.07,307.15,307.05,307.13,17207.0
11:24,307.05,307.11,307.03,307.07,12975.0
11:25,306.86,307.08,306.83,307.04,8095.0
11:26,306.82,306.86,306.78,306.86,11396.0
11:27,306.6,306.87,306.6,306.82,18493.0
11:28,306.4,306.62,306.36,306.62,31982.0
11:29,306.47,306.55,306.3,306.4,8033.0
11:30,306.41,306.56,306.36,306.55,5231.0
11:31,306.5,306.59,306.4,306.44,4036.0
11:32,306.69,306.79,306.42,306.51,59080.0
11:33,306.66,306.9,306.63,306.9,11204.0
11:34,306.88,306.95,306.67,306.67,3573.0
11:35,307.03,307.04,306.83,306.86,9473.0
11:36,307.19,307.23,307.08,307.08,10980.0
11:37,307.08,307.24,307.04,307.2,13722.0
11:38,307.07,307.09,306.87,307.03,8073.0
11:39,307.12,307.25,307.07,307.11,5731.0
11:40,307.44,307.44,307.14,307.16,11791.0
11:41,307.59,307.59,307.4,307.44,8493.0
11:42,307.39,307.59,307.33,307.52,19108.0
11:43,307.61,307.7,307.34,307.39,11024.0
11:44,307.64,307.67,307.55,307.64,11679.0
11:45,307.26,307.71,307.25,307.64,10597.0
11:46,307.4,307.4,307.26,307.33,9479.0
11:47,307.26,307.32,307.2,307.31,6118.0
11:48,307.15,307.33,307.15,307.21,10215.0
11:49,307.15,307.22,307.07,307.13,6231.0
11:50,307.2,307.2,307.06,307.15,22218.0
11:51,307.11,307.2,307.0,307.14,9826.0
11:52,307.19,307.26,307.05,307.12,18056.0
11:53,307.22,307.27,307.12,307.27,4599.0
11:54,307.16,307.22,307.11,307.17,11248.0
11:55,307.3,307.31,307.11,307.16,13445.0
11:56,307.26,307.33,307.17,307.28,10145.0
11:57,307.14,307.31,307.11,307.25,6459.0
11:58,307.0,307.17,306.93,307.17,13511.0
11:59,307.05,307.06,306.92,306.98,8378.0
12:00,307.08,307.19,307.05,307.1,11054.0
12:01,307.13,307.19,307.07,307.11,4187.0
12:02,307.07,307.19,307.04,307.07,12763.0
12:03,307.05,307.08,306.97,307.02,9591.0
12:04,306.97,307.08,306.97,307.07,5761.0
12:05,307.04,307.08,306.97,306.97,16722.0
12:06,307.13,307.28,307.02,307.05,12263.0
12:07,307.09,307.2,307.07,307.14,5641.0
12:08,307.26,307.26,306.98,307.13,7970.0
12:09,307.07,307.27,307.02,307.27,6873.0
12:10,306.99,307.28,306.98,307.11,8013.0
12:11,307.14,307.15,306.99,307.04,9444.0
12:12,307.23,307.29,307.15,307.24,11500.0
12:13,307.16,307.19,307.06,307.19,4436.0
12:14,306.89,307.11,306.89,307.11,8703.0
12:15,306.76,306.87,306.72,306.85,15448.0
12:16,306.83,306.86,306.74,306.77,9267.0
12:17,306.78,306.9,306.76,306.8,13819.0
12:18,306.64,306.89,306.61,306.89,16188.0
12:19,306.55,306.66,306.49,306.65,5151.0
12:20,306.66,306.74,306.55,306.58,8076.0
12:21,306.86,306.94,306.69,306.74,8994.0
12:22,306.66,306.84,306.6,306.84,5719.0
12:23,306.7,306.74,306.63,306.66,9393.0
12:24,306.78,306.79,306.66,306.71,7094.0
12:25,306.91,306.91,306.75,306.77,15899.0
12:26,306.95,306.95,306.8,306.88,11130.0
12:27,306.91,306.96,306.87,306.95,7476.0
12:28,306.85,306.96,306.84,306.92,7918.0
12:29,307.0,307.05,306.85,306.91,9707.0
12:30,307.11,307.18,306.96,306.96,10718.0
12:31,307.15,307.23,307.12,307.14,7775.0
12:32,307.33,307.39,307.11,307.12,7649.0
12:33,307.38,307.43,307.29,307.29,10311.0
12:34,307.48,307.48,307.37,307.4,10758.0
12:35,307.43,307.55,307.43,307.5,15651.0
12:36,307.33,307.44,307.27,307.43,4806.0
12:37,307.2,307.32,307.19,307.3,5555.0
12:38,307.27,307.32,307.14,307.18,13417.0
12:39,307.48,307.51,307.27,307.29,17748.0
12:40,307.48,307.61,307.45,307.51,12039.0
12:41,307.46,307.52,307.42,307.48,4337.0
12:42,307.48,307.52,307.41,307.51,5295.0
12:43,307.61,307.63,307.45,307.46,15975.0
12:44,307.66,307.71,307.56,307.61,14367.0
12:45,307.62,307.69,307.59,307.65,6757.0
12:46,307.57,307.66,307.55,307.59,8650.0
12:47,307.51,307.6,307.44,307.59,12962.0
12:48,307.55,307.61,307.44,307.51,19062.0
12:49,307.47,307.56,307.44,307.53,6567.0
12:50,307.6,307.62,307.45,307.45,10402.0
12:51,307.68,307.72,307.61,307.61,15871.0
12:52,307.66,307.79,307.66,307.7,5471.0
12:53,307.64,307.68,307.61,307.66,4365.0
12:54,307.66,307.67,307.6,307.64,7078.0
12:55,307.57,307.63,307.51,307.63,8605.0
12:56,307.6,307.63,307.57,307.6,11537.0
12:57,307.69,307.71,307.6,307.6,7888.0
12:58,307.5,307.67,307.48,307.67,5904.0
12:59,307.64,307.65,307.48,307.48,11346.0
13:00,307.71,307.8,307.63,307.63,10679.0
13:01,307.79,307.88,307.69,307.71,12433.0
13:02,307.82,307.94,307.77,307.79,7289.0
13:03,307.86,307.9,307.82,307.83,4180.0
13:04,307.83,307.9,307.81,307.9,3932.0
13:05,307.67,307.81,307.64,307.81,9570.0
13:06,307.52,307.72,307.52,307.66,6252.0
13:07,307.61,307.61,307.43,307.52,12852.0
13:08,307.66,307.68,307.57,307.57,5313.0
13:09,307.05,307.66,306.71,307.66,45477.0
13:10,307.42,307.49,307.05,307.05,16075.0
13:11,307.33,307.57,307.17,307.42,10396.0
13:12,307.39,307.61,307.31,307.32,15502.0
13:13,307.39,307.4,307.21,307.38,10402.0
13:14,307.52,307.59,307.29,307.39,8660.0
13:15,307.44,307.55,307.43,307.54,5989.0
13:16,307.45,307.54,307.36,307.46,12002.0
13:17,307.39,307.42,307.34,307.39,4924.0
13:18,307.33,307.39,307.3,307.34,5323.0
13:19,307.23,307.33,307.19,307.33,6555.0
13:20,307.08,307.22,307.05,307.2,11326.0
13:21,307.21,307.22,307.08,307.08,9220.0
13:22,307.35,307.38,307.21,307.21,15416.0
13:23,307.51,307.51,307.33,307.34,5832.0
13:24,307.35,307.47,307.24,307.47,9370.0
13:25,307.39,307.47,307.3,307.34,10769.0
13:26,307.36,307.47,307.25,307.39,16262.0
13:27,307.51,307.59,307.38,307.38,12089.0
13:28,307.39,307.54,307.28,307.49,8079.0
13:29,307.28,307.41,307.2,307.37,5947.0
13:30,307.29,307.33,307.23,307.28,11092.0
13:31,307.24,307.31,307.22,307.3,6948.0
13:32,307.18,307.27,307.11,307.27,5597.0
13:33,307.05,307.15,307.05,307.15,5655.0
13:34,307.07,307.12,307.03,307.08,8133.0
13:35,306.88,307.03,306.87,307.03,8282.0
13:36,306.89,306.94,306.86,306.93,12591.0
13:37,306.82,306.95,306.8,306.89,5103.0
13:38,306.89,306.92,306.76,306.82,8717.0
13:39,306.8,306.94,306.79,306.89,7360.0
13:40,306.76,306.82,306.71,306.79,4609.0
13:41,306.91,306.91,306.74,306.82,11750.0
13:42,306.9,306.97,306.88,306.91,10232.0
13:43,306.73,306.96,306.71,306.96,5843.0
13:44,306.65,306.75,306.6,306.71,9107.0
13:45,306.58,306.71,306.56,306.64,6286.0
13:46,306.71,306.75,306.59,306.59,15053.0
13:47,306.82,306.87,306.71,306.71,23023.0
13:48,306.94,306.94,306.84,306.86,9692.0
13:49,307.11,307.14,306.91,306.93,15854.0
13:50,307.14,307.18,307.1,307.11,5956.0
13:51,307.17,307.19,307.09,307.09,8865.0
13:52,306.99,307.12,306.99,307.11,5843.0
13:53,307.23,307.24,306.96,306.96,12354.0
13:54,307.15,307.28,307.12,307.22,5897.0
13:55,306.89,307.12,306.87,307.12,10529.0
13:56,306.9,306.96,306.83,306.89,15958.0
13:57,307.12,307.15,306.91,306.95,14248.0
13:58,307.11,307.2,307.09,307.12,6739.0
13:59,307.1,307.15,307.09,307.15,1652.0
14:00,307.2,307.22,307.09,307.16,8707.0
14:01,307.39,307.39,307.2,307.22,16962.0
14:02,307.29,307.43,307.25,307.34,9647.0
14:03,307.31,307.35,307.23,307.26,11711.0
14:04,307.14,307.29,307.14,307.29,8745.0
14:05,307.22,307.28,307.16,307.17,4485.0
14:06,307.11,307.2,307.09,307.2,6074.0
14:07,307.2,307.25,307.09,307.09,17493.0
14:08,307.11,307.2,307.11,307.2,4304.0
14:09,307.17,307.19,307.06,307.11,10712.0
14:10,307.17,307.18,307.12,307.16,7207.0
14:11,307.2,307.22,307.1,307.14,8230.0
14:12,307.34,307.34,307.2,307.2,9240.0
14:13,307.33,307.37,307.28,307.36,10778.0
14:14,307.36,307.43,307.33,307.34,8870.0
14:15,307.33,307.42,307.31,307.37,10028.0
14:16,307.45,307.46,307.36,307.38,9909.0
14:17,307.52,307.56,307.44,307.46,12950.0
14:18,307.49,307.55,307.49,307.52,147018.0
14:19,307.59,307.61,307.49,307.49,10788.0
14:20,307.51,307.63,307.51,307.59,10320.0
14:21,307.58,307.6,307.51,307.53,8627.0
14:22,307.57,307.63,307.5,307.58,14766.0
14:23,307.63,307.69,307.57,307.6,8434.0
14:24,307.62,307.66,307.59,307.59,4046.0
14:25,307.64,307.67,307.61,307.65,11144.0
14:26,307.68,307.7,307.62,307.62,4736.0
14:27,307.67,307.71,307.64,307.67,11723.0
14:28,307.62,307.67,307.62,307.64,7610.0
14:29,307.64,307.68,307.6,307.66,7590.0
14:30,307.65,307.72,307.6,307.62,11516.0
14:31,307.55,307.7,307.55,307.66,7265.0
14:32,307.63,307.65,307.56,307.56,17835.0
14:33,307.65,307.68,307.6,307.62,6526.0
14:34,307.64,307.66,307.6,307.64,10669.0
14:35,307.57,307.65,307.42,307.6,19844.0
14:36,307.52,307.62,307.49,307.54,7459.0
14:37,307.45,307.5,307.42,307.5,7901.0
14:38,307.48,307.51,307.42,307.47,8678.0
14:39,307.45,307.48,307.43,307.46,7243.0
14:40,307.48,307.48,307.43,307.47,7666.0
14:41,307.43,307.5,307.36,307.46,26283.0
14:42,307.57,307.6,307.41,307.41,8928.0
14:43,307.5,307.6,307.5,307.53,4387.0
14:44,307.57,307.57,307.48,307.53,8055.0
14:45,307.6,307.62,307.53,307.53,6073.0
14:46,307.65,307.66,307.56,307.6,12069.0
14:47,307.65,307.68,307.61,307.68,5339.0
14:48,307.62,307.68,307.59,307.64,8849.0
14:49,307.49,307.63,307.48,307.62,7925.0
14:50,307.57,307.61,307.49,307.51,9267.0
14:51,307.51,307.57,307.48,307.56,6611.0
14:52,307.54,307.55,307.48,307.49,3366.0
14:53,307.64,307.65,307.55,307.56,15195.0
14:54,307.63,307.68,307.6,307.63,19922.0
14:55,307.52,307.65,307.47,307.62,8228.0
14:56,307.49,307.53,307.46,307.52,4679.0
14:57,307.5,307.54,307.46,307.49,9737.0
14:58,307.56,307.58,307.48,307.52,7052.0
14:59,307.43,307.56,307.42,307.55,12587.0
15:00,307.53,307.53,307.34,307.43,11956.0
15:01,307.52,307.55,307.48,307.51,6409.0
15:02,307.64,307.64,307.48,307.52,10393.0
15:03,307.7,307.73,307.61,307.61,9071.0
15:04,307.67,307.75,307.64,307.72,14414.0
15:05,307.61,307.7,307.57,307.67,7955.0
15:06,307.54,307.62,307.51,307.6,7339.0
15:07,307.46,307.54,307.43,307.54,10797.0
15:08,307.49,307.52,307.41,307.44,9877.0
15:09,307.57,307.57,307.45,307.49,5774.0
15:10,307.62,307.66,307.53,307.57,13298.0
15:11,307.65,307.67,307.59,307.61,10229.0
15:12,307.77,307.8,307.64,307.65,13286.0
15:13,307.8,307.88,307.75,307.77,10578.0
15:14,307.81,307.85,307.76,307.79,12747.0
15:15,307.76,307.85,307.73,307.83,12698.0
15:16,307.94,308.0,307.76,307.76,22485.0
15:17,308.07,308.09,307.93,307.96,8491.0
15:18,307.97,308.09,307.93,308.06,17947.0
15:19,307.87,307.97,307.82,307.92,13276.0
15:20,307.89,307.92,307.87,307.89,6171.0
15:21,308.07,308.11,307.87,307.87,10739.0
15:22,308.03,308.13,308.03,308.09,11656.0
15:23,308.03,308.09,307.99,308.0,10563.0
15:24,307.91,308.04,307.89,308.04,8479.0
15:25,307.87,307.92,307.8,307.91,9445.0
15:26,307.9,307.92,307.86,307.89,7486.0
15:27,307.93,307.95,307.86,307.92,7905.0
15:28,307.93,307.97,307.89,307.92,14518.0
15:29,307.98,307.98,307.9,307.92,8571.0
15:30,308.2,308.23,307.95,307.95,21856.0
15:31,308.11,308.24,308.11,308.18,15697.0
15:32,308.16,308.16,308.08,308.12,16295.0
15:33,308.12,308.23,308.07,308.16,12938.0
15:34,308.25,308.25,308.11,308.12,10163.0
15:35,308.3,308.35,308.22,308.22,17005.0
15:36,308.23,308.31,308.2,308.3,10768.0
15:37,308.35,308.37,308.23,308.24,7668.0
15:38,308.4,308.44,308.34,308.34,13840.0
15:39,308.45,308.45,308.39,308.41,14981.0
15:40,308.27,308.44,308.18,308.42,25713.0
15:41,308.35,308.4,308.22,308.3,23556.0
15:42,308.45,308.5,308.33,308.34,25865.0
15:43,308.49,308.52,308.43,308.44,20644.0
15:44,308.44,308.52,308.43,308.48,26238.0
15:45,308.39,308.5,308.38,308.44,22601.0
15:46,308.4,308.42,308.36,308.42,14040.0
15:47,308.16,308.38,308.15,308.38,22502.0
15:48,308.2,308.29,308.17,308.18,16142.0
15:49,307.97,308.23,307.88,308.21,38782.0
15:50,308.07,308.32,307.88,307.95,35440.0
15:51,308.01,308.08,307.96,308.07,23018.0
15:52,307.92,308.07,307.92,308.04,19719.0
15:53,307.99,308.06,307.92,307.94,27873.0
15:54,308.22,308.26,308.02,308.02,37567.0
15:55,308.25,308.26,308.01,308.24,43584.0
15:56,308.3,308.42,308.21,308.27,42263.0
15:57,308.36,308.43,308.25,308.29,68887.0
15:58,308.06,308.43,308.05,308.37,114323.0
15:59,307.69,308.23,307.63,308.07,234627.0
