Time,Close,High,Low,Open,Volume
09:30,92.16,92.61,91.61,91.61,511518.0
09:31,92.5,92.69,92.24,92.24,80028.0
09:32,92.99,93.12,92.51,92.53,108314.0
09:33,92.82,93.07,92.8,92.99,60483.0
09:34,92.86,92.94,92.73,92.8,61436.0
09:35,93.04,93.15,92.84,92.86,155295.0
09:36,92.81,93.17,92.72,93.06,78657.0
09:37,92.61,92.97,92.59,92.8,83404.0
09:38,92.46,92.6,92.36,92.58,71244.0
09:39,92.22,92.55,92.15,92.47,59462.0
09:40,92.34,92.5,92.17,92.23,83203.0
09:41,92.2,92.4,92.2,92.33,138275.0
09:42,92.17,92.35,92.16,92.2,51984.0
09:43,92.42,92.5,92.14,92.15,64569.0
09:44,92.58,92.75,92.4,92.43,58070.0
09:45,92.23,92.55,92.12,92.54,56481.0
09:46,92.18,92.33,92.13,92.24,37922.0
09:47,92.25,92.4,92.14,92.18,42040.0
09:48,92.25,92.28,92.04,92.25,43234.0
09:49,91.93,92.25,91.9,92.25,49908.0
09:50,92.05,92.11,91.88,91.94,55479.0
09:51,92.04,92.15,92.0,92.04,36897.0
09:52,92.29,92.4,91.98,92.01,54709.0
09:53,92.13,92.36,92.03,92.28,51694.0
09:54,92.21,92.35,92.1,92.11,70034.0
09:55,92.32,92.37,92.16,92.21,26171.0
09:56,92.43,92.43,92.25,92.32,47073.0
09:57,92.31,92.43,92.26,92.41,22234.0
09:58,92.41,92.43,92.26,92.31,40392.0
09:59,92.35,92.46,92.33,92.43,63696.0
10:00,92.08,92.43,92.04,92.41,39540.0
10:01,92.09,92.21,92.08,92.12,47939.0
10:02,92.14,92.14,91.98,92.1,55363.0
10:03,92.08,92.14,92.03,92.14,37383.0
10:04,91.81,92.08,91.81,92.07,39636.0
10:05,91.83,91.95,91.75,91.85,34911.0
10:06,91.79,91.83,91.72,91.83,39129.0
10:07,91.79,91.85,91.67,91.76,21932.0
10:08,91.92,91.92,91.73,91.79,34780.0
10:09,92.11,92.11,91.82,91.91,62725.0
10:10,92.17,92.28,92.07,92.11,49846.0
10:11,92.03,92.3,91.98,92.15,58475.0
10:12,91.94,92.06,91.94,92.04,37814.0
10:13,92.08,92.13,91.92,91.94,27529.0
10:14,92.09,92.11,91.98,92.11,20305.0
10:15,92.13,92.18,92.05,92.09,38870.0
10:16,92.07,92.16,92.05,92.13,20331.0
10:17,92.1,92.15,92.04,92.06,45797.0
10:18,92.1,92.17,92.08,92.09,19565.0
10:19,92.01,92.16,91.99,92.11,57726.0
10:20,91.9,92.0,91.77,92.0,35700.0
10:21,91.85,91.96,91.85,91.89,33259.0
10:22,91.9,91.93,91.86,91.87,20705.0
10:23,91.71,91.89,91.71,91.89,33601.0
10:24,91.45,91.72,91.44,91.7,46183.0
10:25,91.58,91.59,91.35,91.42,48851.0
10:26,91.45,91.63,91.45,91.6,40517.0
10:27,91.56,91.58,91.46,91.47,39098.0
10:28,91.43,91.59,91.39,91.59,29299.0
10:29,91.42,91.46,91.4,91.41,29726.0
10:30,91.44,91.44,91.41,91.42,30188.0
10:31,91.44,91.48,91.36,91.47,26362.0
10:32,91.52,91.53,91.41,91.44,23489.0
10:33,91.27,91.51,91.27,91.51,54573.0
10:34,91.29,91.31,91.21,91.27,29985.0
10:35,91.35,91.36,91.18,91.26,37123.0
10:36,91.28,91.35,91.24,91.35,32255.0
10:37,91.16,91.28,91.14,91.28,33797.0
10:38,91.32,91.4,91.18,91.18,50122.0
10:39,91.31,91.36,91.3,91.33,25881.0
10:40,91.37,91.39,91.32,91.35,32444.0
10:41,91.22,91.41,91.22,91.39,35374.0
10:42,91.25,92.01,91.21,91.24,41551.0
10:43,91.25,91.27,91.22,91.22,19203.0
10:44,91.16,91.24,91.15,91.24,23013.0
10:45,91.05,91.19,91.04,91.18,51076.0
10:46,90.98,91.04,90.92,91.03,61305.0
10:47,90.98,91.01,90.96,90.98,28875.0
10:48,90.88,90.97,90.88,90.97,29861.0
10:49,90.89,90.9,90.83,90.89,38685.0
10:50,90.99,91.02,90.89,90.89,85844.0
10:51,90.92,91.04,90.89,91.0,49357.0
10:52,90.89,90.96,90.89,90.94,29391.0
10:53,90.97,90.97,90.9,90.92,27295.0
10:54,90.89,90.97,90.85,90.96,27652.0
10:55,91.0,91.02,90.88,90.9,62766.0
10:56,90.99,91.06,90.94,91.0,94920.0
10:57,90.97,91.01,90.88,91.0,58265.0
10:58,90.98,91.0,90.95,90.95,21892.0
10:59,90.89,91.0,90.89,90.97,38588.0
11:00,90.85,90.89,90.83,90.89,41052.0
11:01,90.97,90.98,90.85,90.87,31151.0
11:02,90.92,90.96,90.89,90.95,25321.0
11:03,90.93,90.96,90.9,90.93,30379.0
11:04,90.97,90.98,90.9,90.93,20979.0
11:05,90.91,90.99,90.9,90.99,27307.0
11:06,90.78,90.92,90.78,90.92,41976.0
11:07,90.7,90.83,90.68,90.78,51131.0
11:08,90.6,90.72,90.54,90.7,68986.0
11:09,90.61,90.67,90.59,90.6,30176.0
11:10,90.6,90.62,90.55,90.61,65517.0
11:11,90.54,90.61,90.53,90.6,36633.0
11:12,90.54,90.59,90.51,90.53,42468.0
11:13,90.61,90.63,90.54,90.55,34018.0
11:14,90.58,90.65,90.51,90.59,66644.0
11:15,90.58,90.6,90.49,90.55,71888.0
11:16,90.53,90.6,90.52,90.57,24123.0
11:17,90.54,90.63,90.51,90.53,38426.0
11:18,90.57,90.58,90.52,90.53,40802.0
11:19,90.61,90.61,90.48,90.57,71804.0
11:20,90.71,90.8,90.57,90.61,58334.0
11:21,90.79,90.81,90.68,90.71,27364.0
11:22,90.72,90.82,90.72,90.79,32593.0
11:23,90.83,90.87,90.76,90.76,33481.0
11:24,90.81,91.14,90.8,90.84,40035.0
11:25,90.73,90.82,90.72,90.81,17863.0
11:26,90.8,90.8,90.69,90.73,30369.0
11:27,90.75,90.83,90.73,90.82,14221.0
11:28,90.69,90.78,90.69,90.75,26145.0
11:29,90.76,90.76,90.7,90.71,15148.0
11:30,90.75,90.76,90.71,90.74,21732.0
11:31,90.77,90.79,90.69,90.74,36572.0
11:32,90.74,90.79,90.71,90.77,20626.0
11:33,90.71,90.77,90.69,90.72,17900.0
11:34,90.81,90.82,90.69,90.7,15864.0
11:35,90.67,90.8,90.67,90.8,16560.0
11:36,90.7,90.72,90.65,90.65,12053.0
11:37,90.7,90.73,90.68,90.71,11511.0
11:38,90.71,90.76,90.71,90.71,15638.0
11:39,90.85,90.86,90.73,90.73,19919.0
11:40,90.83,90.85,90.81,90.85,12965.0
11:41,90.81,90.83,90.79,90.82,13472.0
11:42,90.74,90.78,90.71,90.78,12897.0
11:43,90.8,90.8,90.67,90.74,24027.0
11:44,90.82,90.83,90.78,90.8,9475.0
11:45,90.69,90.81,90.69,90.81,13359.0
11:46,90.57,90.7,90.52,90.7,24884.0
11:47,90.55,90.62,90.55,90.57,21815.0
11:48,90.61,90.62,90.54,90.56,17576.0
11:49,90.62,90.63,90.56,90.59,18691.0
11:50,90.67,90.67,90.61,90.63,10613.0
11:51,90.68,90.72,90.64,90.66,17856.0
11:52,90.72,90.73,90.68,90.68,18133.0
11:53,90.71,90.73,90.7,90.71,18432.0
11:54,90.62,90.7,90.62,90.7,11878.0
11:55,90.63,90.67,90.63,90.64,15988.0
11:56,90.57,90.61,90.56,90.61,27501.0
11:57,90.47,90.58,90.47,90.58,54679.0
11:58,90.36,90.49,90.33,90.47,53369.0
11:59,90.4,90.42,90.36,90.36,24403.0
12:00,90.43,90.45,90.36,90.4,27088.0
12:01,90.42,90.5,90.42,90.44,71560.0
12:02,90.4,90.45,90.38,90.43,15192.0
12:03,90.4,90.4,90.33,90.4,30477.0
12:04,90.36,90.4,90.35,90.39,13258.0
12:05,90.48,90.49,90.36,90.36,23181.0
12:06,90.39,90.47,90.39,90.47,12215.0
12:07,90.33,90.41,90.3,90.4,23553.0
12:08,90.39,90.4,90.31,90.32,24692.0
12:09,90.42,90.43,90.38,90.38,13731.0
12:10,90.43,90.46,90.39,90.42,13814.0
12:11,90.38,90.47,90.38,90.45,28818.0
12:12,90.38,90.4,90.35,90.39,19782.0
12:13,90.49,90.49,90.39,90.39,33696.0
12:14,90.58,90.6,90.49,90.49,41543.0
12:15,90.62,90.63,90.57,90.57,19091.0
12:16,90.74,90.76,90.61,90.61,20880.0
12:17,90.67,90.73,90.67,90.73,26780.0
12:18,90.77,90.9,90.63,90.67,50340.0
12:19,90.81,90.82,90.75,90.76,29157.0
12:20,90.8,90.82,90.72,90.82,32180.0
12:21,90.84,90.85,90.78,90.79,31891.0
12:22,90.85,90.86,90.8,90.83,16113.0
12:23,90.95,90.96,90.85,90.85,20257.0
12:24,90.92,90.94,90.86,90.93,13904.0
12:25,90.94,90.97,90.9,90.93,15748.0
12:26,91.04,91.04,90.94,90.94,27689.0
12:27,90.83,91.04,90.83,91.04,31477.0
12:28,90.73,90.84,90.71,90.84,22461.0
12:29,90.77,90.8,90.73,90.73,13945.0
12:30,90.77,90.8,90.73,90.78,12411.0
12:31,90.81,90.81,90.77,90.78,7533.0
12:32,90.9,90.91,90.8,90.81,17376.0
12:33,90.79,90.89,90.79,90.89,20834.0
12:34,90.77,90.8,90.7,90.8,27930.0
12:35,90.85,90.85,90.72,90.77,20440.0
12:36,90.83,90.86,90.78,90.85,19492.0
12:37,90.85,90.88,90.82,90.83,7807.0
12:38,90.71,90.86,90.71,90.86,12004.0
12:39,90.75,90.77,90.68,90.7,11561.0
12:40,90.74,90.81,90.73,90.74,36435.0
12:41,90.71,90.75,90.67,90.74,25219.0
12:42,90.73,90.74,90.69,90.71,13010.0
12:43,90.69,90.76,90.67,90.75,11977.0
12:44,90.71,90.72,90.67,90.68,14829.0
12:45,90.71,90.75,90.71,90.72,13809.0
12:46,90.76,90.79,90.7,90.72,15419.0
12:47,90.78,90.78,90.75,90.77,15691.0
12:48,90.66,90.78,90.65,90.78,10865.0
12:49,90.67,90.69,90.64,90.67,9975.0
12:50,90.62,90.68,90.61,90.68,13917.0
12:51,90.71,90.73,90.61,90.63,15448.0
12:52,90.64,90.71,90.64,90.71,12316.0
12:53,90.63,90.66,90.61,90.63,14144.0
12:54,90.68,90.68,90.57,90.64,21499.0
12:55,90.79,90.79,90.67,90.67,11530.0
12:56,90.89,90.9,90.77,90.79,23164.0
12:57,90.84,90.93,90.84,90.9,13657.0
12:58,90.9,90.9,90.85,90.85,16956.0
12:59,90.91,90.93,90.87,90.9,11274.0
13:00,90.96,90.98,90.92,90.92,13843.0
13:01,90.92,90.98,90.92,90.96,22327.0
13:02,90.93,90.93,90.87,90.93,27653.0
13:03,90.94,90.96,90.91,90.93,14548.0
13:04,90.95,90.96,90.93,90.94,17921.0
13:05,90.88,90.96,90.83,90.95,20969.0
13:06,90.92,90.92,90.87,90.88,18228.0
13:07,90.93,90.97,90.92,90.92,12402.0
13:08,91.0,91.0,90.93,90.93,21163.0
13:09,90.96,90.99,90.95,90.99,9644.0
13:10,90.99,91.01,90.97,90.97,15971.0
13:11,90.97,90.99,90.96,90.99,7792.0
13:12,90.92,90.98,90.9,90.97,11823.0
13:13,90.94,90.95,90.89,90.92,12160.0
13:14,90.95,90.96,90.91,90.94,16297.0
13:15,90.91,90.95,90.89,90.95,8909.0
13:16,90.85,90.9,90.83,90.9,15042.0
13:17,90.84,90.86,90.82,90.85,6184.0
13:18,90.93,90.93,90.85,90.85,10491.0
13:19,90.95,90.95,90.9,90.94,10163.0
13:20,90.95,90.98,90.92,90.92,12014.0
13:21,90.96,90.99,90.95,90.96,9743.0
13:22,90.95,90.98,90.95,90.96,6151.0
13:23,91.03,91.03,90.96,90.96,21759.0
13:24,91.04,91.06,91.02,91.02,25843.0
13:25,91.11,91.14,91.04,91.04,108887.0
13:26,91.11,91.13,91.1,91.11,32569.0
13:27,91.04,91.11,91.02,91.11,58921.0
13:28,90.97,91.03,90.97,91.02,19114.0
13:29,91.01,91.02,90.97,90.97,16678.0
13:30,91.02,91.03,91.0,91.01,45845.0
13:31,90.98,91.04,90.97,91.02,45205.0
13:32,90.96,91.0,90.95,90.99,23656.0
13:33,90.93,90.97,90.89,90.96,19421.0
13:34,90.92,90.96,90.92,90.92,28155.0
13:35,90.87,90.93,90.87,90.93,24888.0
13:36,90.81,90.88,90.76,90.88,30187.0
13:37,90.83,90.84,90.79,90.81,28603.0
13:38,90.84,90.86,90.82,90.83,12727.0
13:39,90.9,90.92,90.83,90.85,17186.0
13:40,90.86,90.89,90.82,90.89,27859.0
13:41,90.89,90.93,90.86,90.86,26237.0
13:42,90.9,90.93,90.89,90.89,17365.0
13:43,90.9,90.96,90.9,90.9,28547.0
13:44,90.88,90.91,90.88,90.91,10949.0
13:45,90.88,90.91,90.86,90.89,17060.0
13:46,90.87,90.88,90.85,90.87,9488.0
13:47,90.78,90.87,90.78,90.87,19271.0
13:48,90.78,90.83,90.78,90.78,11210.0
13:49,90.77,90.8,90.77,90.79,15050.0
13:50,90.72,90.78,90.7,90.77,26073.0
13:51,90.74,90.78,90.71,90.73,26430.0
13:52,90.75,90.76,90.72,90.75,19265.0
13:53,90.74,90.78,90.73,90.76,19253.0
13:54,90.84,90.84,90.74,90.74,24538.0
13:55,90.93,90.96,90.85,90.88,15876.0
13:56,90.93,90.94,90.9,90.93,20187.0
13:57,90.91,90.95,90.89,90.92,28838.0
13:58,90.96,90.97,90.9,90.92,13266.0
13:59,90.95,91.01,90.95,90.96,20019.0
14:00,91.0,91.0,90.92,90.95,24922.0
14:01,91.0,91.01,90.97,90.99,21177.0
14:02,90.99,91.01,90.99,91.0,20697.0
14:03,91.01,91.01,90.96,91.0,35303.0
14:04,91.0,91.03,90.98,91.02,18371.0
14:05,90.92,91.0,90.92,91.0,20858.0
14:06,91.02,91.02,90.93,90.93,21334.0
14:07,90.97,91.02,90.97,91.01,25972.0
14:08,90.98,91.02,90.98,90.99,13131.0
14:09,90.95,90.99,90.92,90.99,16277.0
14:10,90.9,90.94,90.88,90.94,29794.0
14:11,90.89,90.92,90.88,90.9,15867.0
14:12,90.94,90.94,90.89,90.89,10769.0
14:13,90.93,90.98,90.9,90.94,14386.0
14:14,90.96,90.97,90.92,90.94,11632.0
14:15,90.96,90.97,90.92,90.96,16546.0
14:16,90.98,90.99,90.94,90.96,13994.0
14:17,90.97,91.0,90.96,90.98,10297.0
14:18,91.0,91.02,90.97,90.98,37736.0
14:19,90.9,91.0,90.89,91.0,19521.0
14:20,90.96,90.97,90.89,90.89,15704.0
14:21,90.98,90.99,90.95,90.96,13910.0
14:22,91.06,91.08,90.98,90.99,41459.0
14:23,91.03,91.06,91.02,91.05,22504.0
14:24,91.03,91.05,91.01,91.01,17301.0
14:25,90.98,91.02,90.96,91.01,21469.0
14:26,90.98,90.99,90.93,90.97,8242.0
14:27,90.97,90.99,90.96,90.98,10591.0
14:28,91.0,91.01,90.98,90.98,21264.0
14:29,90.99,91.01,90.97,91.01,13694.0
14:30,91.07,91.12,91.0,91.0,35957.0
14:31,91.06,91.09,91.02,91.06,42032.0
14:32,91.07,91.07,91.03,91.05,20465.0
14:33,91.09,91.09,91.06,91.07,30920.0
14:34,91.06,91.1,91.06,91.08,17796.0
14:35,91.07,91.09,91.05,91.07,21733.0
14:36,91.05,91.09,91.05,91.07,21961.0
14:37,91.03,91.06,91.02,91.05,24924.0
14:38,91.09,91.09,91.03,91.04,30224.0
14:39,91.19,91.22,91.08,91.09,48406.0
14:40,91.32,91.33,91.19,91.21,31179.0
14:41,91.36,91.4,91.29,91.32,45406.0
14:42,91.36,91.41,91.33,91.36,43618.0
14:43,91.29,91.39,91.28,91.37,27803.0
14:44,91.34,91.36,91.28,91.28,38482.0
14:45,91.25,91.34,91.23,91.34,48896.0
14:46,91.27,91.3,91.25,91.26,36516.0
14:47,91.18,91.32,91.11,91.29,56675.0
14:48,91.19,91.2,91.11,91.16,41088.0
14:49,91.2,91.21,91.14,91.19,45112.0
14:50,91.24,91.28,91.15,91.21,82985.0
14:51,91.23,91.25,91.21,91.25,25849.0
14:52,91.2,91.23,91.18,91.23,31681.0
14:53,91.54,91.54,91.21,91.21,55506.0
14:54,91.59,91.62,91.53,91.55,22655.0
14:55,91.59,91.68,91.58,91.6,22099.0
14:56,91.67,91.67,91.57,91.58,21416.0
14:57,91.61,91.72,91.6,91.67,23335.0
14:58,91.6,91.69,91.6,91.6,14870.0
14:59,91.72,91.75,91.62,91.62,16126.0
15:00,91.68,91.72,91.66,91.71,29978.0
15:01,91.7,91.72,91.68,91.68,20753.0
15:02,91.71,91.73,91.69,91.7,16650.0
15:03,91.76,91.79,91.67,91.7,37530.0
15:04,91.71,91.79,91.71,91.76,18752.0
15:05,91.67,91.72,91.65,91.72,21723.0
15:06,91.61,91.69,91.6,91.66,21317.0
15:07,91.6,91.62,91.54,91.62,20649.0
15:08,91.67,91.68,91.58,91.61,27108.0
15:09,91.71,91.72,91.64,91.65,27263.0
15:10,91.73,91.75,91.69,91.72,20873.0
15:11,91.72,91.75,91.65,91.74,23643.0
15:12,91.78,91.78,91.73,91.73,19772.0
15:13,91.77,91.8,91.75,91.77,16505.0
15:14,91.82,91.82,91.74,91.74,25243.0
15:15,91.81,91.84,91.8,91.84,28285.0
15:16,91.79,91.83,91.76,91.82,35141.0
15:17,91.74,91.79,91.73,91.79,31611.0
15:18,91.62,91.74,91.59,91.74,33846.0
15:19,91.62,91.65,91.59,91.61,18617.0
15:20,91.53,91.63,91.52,91.62,19250.0
15:21,91.49,91.52,91.45,91.52,32518.0
15:22,91.55,91.59,91.47,91.49,32421.0
15:23,91.5,91.55,91.48,91.54,30194.0
15:24,91.49,91.53,91.49,91.5,19265.0
15:25,91.53,91.56,91.46,91.48,56179.0
15:26,91.53,91.54,91.49,91.53,25022.0
15:27,91.69,91.7,91.53,91.53,39779.0
15:28,91.71,91.71,91.65,91.69,28545.0
15:29,91.72,91.81,91.7,91.72,27721.0
15:30,91.76,91.82,91.72,91.72,23660.0
15:31,91.8,91.8,91.72,91.75,16887.0
15:32,91.86,91.86,91.77,91.79,41239.0
15:33,91.79,91.87,91.77,91.85,28687.0
15:34,91.79,91.82,91.76,91.77,20927.0
15:35,91.77,91.83,91.76,91.79,35467.0
15:36,91.78,91.82,91.76,91.77,49314.0
15:37,91.83,91.86,91.75,91.78,31459.0
15:38,91.92,91.93,91.81,91.82,39225.0
15:39,91.93,91.96,91.91,91.92,72373.0
15:40,92.02,92.03,91.91,91.92,77984.0
15:41,91.94,92.19,91.93,92.03,97098.0
15:42,91.99,92.01,91.93,91.93,44726.0
15:43,91.93,92.01,91.88,92.01,58508.0
15:44,92.04,92.04,91.93,91.93,25268.0
15:45,92.1,92.1,92.03,92.04,34485.0
15:46,92.07,92.09,92.04,92.09,32130.0
15:47,92.05,92.13,92.05,92.09,27613.0
15:48,92.01,92.06,91.97,92.05,46565.0
15:49,91.77,92.01,91.75,92.0,122527.0
15:50,91.93,91.94,91.73,91.8,56081.0
15:51,91.98,91.99,91.88,91.93,67926.0
15:52,92.01,92.04,91.97,91.98,62796.0
15:53,92.01,92.07,92.0,92.02,60865.0
15:54,91.96,92.04,91.95,92.0,59916.0
15:55,92.04,92.06,91.91,91.96,96331.0
15:56,91.97,92.07,91.94,92.04,94089.0
15:57,91.96,92.01,91.93,91.97,83346.0
15:58,92.04,92.04,91.93,91.97,212988.0
15:59,92.0,92.06,91.98,92.03,298729.0
