Time,Close,High,Low,Open,Volume
09:30,89.89,90.32,89.81,90.06,762849.0
09:31,89.9,90.12,89.62,89.89,81409.0
09:32,89.87,90.05,89.75,89.88,67847.0
09:33,89.8,89.94,89.63,89.88,76909.0
09:34,90.09,90.13,89.84,89.84,77933.0
09:35,90.35,90.48,90.07,90.09,80297.0
09:36,90.62,90.79,90.36,90.36,66411.0
09:37,90.91,90.93,90.62,90.62,70181.0
09:38,90.88,91.0,90.77,90.94,79031.0
09:39,90.9,90.98,90.79,90.87,53164.0
09:40,90.99,91.02,90.77,90.91,47615.0
09:41,91.11,91.25,91.0,91.0,46793.0
09:42,91.05,91.13,90.89,91.11,68384.0
09:43,91.15,91.2,91.02,91.05,46006.0
09:44,91.34,91.37,91.11,91.12,52860.0
09:45,91.5,91.59,91.31,91.35,58276.0
09:46,91.6,91.68,91.48,91.5,48320.0
09:47,91.57,91.63,91.49,91.59,30460.0
09:48,91.68,91.76,91.54,91.61,31384.0
09:49,91.61,91.69,91.51,91.68,39789.0
09:50,91.57,91.73,91.54,91.61,41980.0
09:51,91.72,91.78,91.5,91.59,33756.0
09:52,91.62,91.8,91.6,91.72,33077.0
09:53,91.78,91.78,91.62,91.64,37695.0
09:54,91.68,91.82,91.67,91.77,43488.0
09:55,91.61,91.78,91.58,91.71,55157.0
09:56,91.68,91.8,91.56,91.61,56445.0
09:57,91.68,91.74,91.56,91.68,50272.0
09:58,91.49,91.72,91.49,91.7,46490.0
09:59,91.65,91.65,91.49,91.51,36351.0
10:00,91.51,91.6,91.43,91.6,49854.0
10:01,91.38,91.53,91.31,91.53,43925.0
10:02,91.47,91.49,91.39,91.4,23705.0
10:03,91.46,91.55,91.41,91.45,59069.0
10:04,91.41,91.49,91.34,91.45,17758.0
10:05,91.42,91.45,91.34,91.37,24618.0
10:06,91.62,91.63,91.43,91.43,57303.0
10:07,91.5,91.62,91.45,91.6,28313.0
10:08,91.57,91.64,91.5,91.51,25780.0
10:09,91.54,91.57,91.46,91.54,16963.0
10:10,91.49,91.58,91.49,91.54,29135.0
10:11,91.32,91.49,91.3,91.47,37220.0
10:12,91.2,91.31,91.16,91.31,51255.0
10:13,91.17,91.28,91.14,91.2,41968.0
10:14,91.16,91.2,91.01,91.2,42332.0
10:15,91.22,91.24,91.06,91.16,52593.0
10:16,91.28,91.38,91.23,91.27,46957.0
10:17,91.29,91.36,91.25,91.28,42726.0
10:18,91.3,91.36,91.26,91.32,19011.0
10:19,91.1,91.3,91.07,91.29,30407.0
10:20,91.14,91.2,91.08,91.1,31667.0
10:21,91.14,91.16,91.03,91.14,28496.0
10:22,91.17,91.21,91.13,91.14,18645.0
10:23,91.18,91.18,90.99,91.14,28854.0
10:24,91.16,91.18,91.11,91.18,30319.0
10:25,90.97,91.17,90.97,91.16,20591.0
10:26,91.15,91.22,90.97,90.97,28933.0
10:27,91.37,91.39,91.12,91.12,31183.0
10:28,91.53,91.53,91.36,91.38,36201.0
10:29,91.46,91.53,91.32,91.53,42942.0
10:30,91.48,91.53,91.44,91.44,35774.0
10:31,91.42,91.51,91.35,91.49,24466.0
10:32,91.46,91.5,91.39,91.41,26256.0
10:33,91.44,91.49,91.42,91.43,16153.0
10:34,91.47,91.54,91.41,91.45,22994.0
10:35,91.45,91.49,91.43,91.47,23382.0
10:36,91.54,91.57,91.4,91.43,32504.0
10:37,91.64,91.7,91.52,91.54,24486.0
10:38,91.57,91.66,91.52,91.66,19561.0
10:39,91.69,91.71,91.56,91.57,24188.0
10:40,91.68,91.81,91.66,91.69,24302.0
10:41,91.68,91.82,91.65,91.66,19770.0
10:42,91.9,91.93,91.68,91.68,120585.0
10:43,91.86,91.92,91.81,91.89,21043.0
10:44,91.93,91.93,91.81,91.85,35479.0
10:45,92.1,92.15,91.88,91.92,34668.0
10:46,92.27,92.29,92.08,92.08,27927.0
10:47,92.24,92.39,92.23,92.28,51485.0
10:48,92.33,92.35,92.14,92.22,63209.0
10:49,92.26,92.37,92.24,92.36,22521.0
10:50,92.3,92.3,92.19,92.26,26798.0
10:51,92.42,92.45,92.28,92.28,31454.0
10:52,92.42,92.49,92.38,92.43,25640.0
10:53,92.29,92.45,92.28,92.44,31034.0
10:54,92.3,92.35,92.25,92.27,31032.0
10:55,92.19,92.36,92.16,92.32,34564.0
10:56,92.04,92.19,92.0,92.19,34381.0
10:57,92.21,92.22,92.04,92.04,30525.0
10:58,92.22,92.25,92.19,92.23,16271.0
10:59,92.16,92.25,92.11,92.22,33686.0
11:00,92.1,92.17,92.07,92.15,30722.0
11:01,92.02,92.11,92.01,92.1,19720.0
11:02,92.04,92.08,92.01,92.03,19019.0
11:03,92.02,92.08,92.0,92.03,20529.0
11:04,91.95,92.04,91.93,92.02,100673.0
11:05,91.83,91.95,91.83,91.94,19415.0
11:06,91.93,91.99,91.84,91.84,26991.0
11:07,91.86,91.93,91.83,91.93,21397.0
11:08,92.02,92.04,91.86,91.87,39868.0
11:09,92.13,92.15,91.99,92.0,24693.0
11:10,92.13,92.15,92.08,92.12,18143.0
11:11,92.17,92.19,92.11,92.12,14795.0
11:12,92.07,92.17,92.07,92.15,30100.0
11:13,92.24,92.25,92.07,92.07,31047.0
11:14,92.16,92.24,92.12,92.23,23126.0
11:15,92.21,92.22,92.15,92.15,14172.0
11:16,92.26,92.28,92.2,92.21,15196.0
11:17,92.26,92.28,92.21,92.27,5490.0
11:18,92.22,92.28,92.2,92.26,13874.0
11:19,92.26,92.26,92.2,92.22,15578.0
11:20,92.16,92.27,92.14,92.25,24074.0
11:21,92.26,92.26,92.16,92.18,9679.0
11:22,92.29,92.3,92.24,92.26,7931.0
11:23,92.39,92.39,92.29,92.29,18243.0
11:24,92.43,92.43,92.35,92.4,18912.0
11:25,92.47,92.48,92.42,92.43,14627.0
11:26,92.48,92.5,92.46,92.48,10133.0
11:27,92.57,92.57,92.47,92.47,14713.0
11:28,92.6,92.62,92.54,92.57,20495.0
11:29,92.56,92.62,92.54,92.6,23740.0
11:30,92.54,92.6,92.51,92.57,18560.0
11:31,92.44,92.55,92.44,92.54,12379.0
11:32,92.45,92.54,92.44,92.46,21086.0
11:33,92.53,92.54,92.42,92.45,46996.0
11:34,92.54,92.54,92.48,92.52,6960.0
11:35,92.54,92.6,92.49,92.54,15666.0
11:36,92.57,92.59,92.54,92.54,15877.0
11:37,92.57,92.59,92.54,92.56,13498.0
11:38,92.51,92.61,92.5,92.57,16582.0
11:39,92.49,92.52,92.47,92.5,19938.0
11:40,92.46,92.53,92.45,92.5,18094.0
11:41,92.49,92.55,92.46,92.48,18513.0
11:42,92.32,92.47,92.3,92.47,20571.0
11:43,92.37,92.37,92.24,92.32,33063.0
11:44,92.39,92.39,92.32,92.38,12918.0
11:45,92.29,92.34,92.29,92.34,9694.0
11:46,92.23,92.3,92.21,92.3,15867.0
11:47,92.21,92.24,92.18,92.23,22120.0
11:48,92.31,92.31,92.14,92.2,21778.0
11:49,92.33,92.33,92.26,92.32,10645.0
11:50,92.37,92.39,92.33,92.33,11755.0
11:51,92.33,92.39,92.32,92.36,24058.0
11:52,92.29,92.33,92.25,92.33,28181.0
11:53,92.27,92.3,92.24,92.28,30124.0
11:54,92.3,92.31,92.18,92.25,18063.0
11:55,92.28,92.3,92.23,92.3,11352.0
11:56,92.37,92.4,92.28,92.28,17668.0
11:57,92.36,92.36,92.31,92.35,12874.0
11:58,92.32,92.36,92.29,92.34,9649.0
11:59,92.33,92.35,92.32,92.34,6137.0
12:00,92.28,92.39,92.28,92.34,26308.0
12:01,92.28,92.32,92.28,92.28,11417.0
12:02,92.33,92.33,92.26,92.28,10280.0
12:03,92.37,92.39,92.34,92.34,8470.0
12:04,92.34,92.37,92.32,92.36,26092.0
12:05,92.34,92.39,92.32,92.34,26285.0
12:06,92.38,92.38,92.32,92.35,14664.0
12:07,92.3,92.38,92.3,92.38,14075.0
12:08,92.32,92.34,92.3,92.31,13325.0
12:09,92.34,92.36,92.3,92.32,23626.0
12:10,92.43,92.45,92.32,92.32,31172.0
12:11,92.45,92.46,92.4,92.4,20932.0
12:12,92.46,92.46,92.38,92.44,24272.0
12:13,92.49,92.52,92.45,92.46,9326.0
12:14,92.42,92.51,92.41,92.51,11157.0
12:15,92.3,92.44,92.29,92.42,35051.0
12:16,92.44,92.44,92.32,92.33,17678.0
12:17,92.49,92.49,92.42,92.45,16610.0
12:18,92.47,92.51,92.44,92.5,8062.0
12:19,92.48,92.49,92.46,92.49,13053.0
12:20,92.42,92.49,92.42,92.48,12046.0
12:21,92.4,92.45,92.39,92.42,11544.0
12:22,92.41,92.44,92.38,92.41,18536.0
12:23,92.35,92.42,92.34,92.42,7141.0
12:24,92.3,92.35,92.3,92.35,8206.0
12:25,92.24,92.32,92.23,92.32,9001.0
12:26,92.16,92.24,92.16,92.24,13937.0
12:27,92.15,92.19,92.14,92.16,12482.0
12:28,92.15,92.18,92.11,92.14,27500.0
12:29,92.25,92.29,92.15,92.15,39755.0
12:30,92.16,92.23,92.16,92.23,12753.0
12:31,92.17,92.2,92.16,92.17,7245.0
12:32,92.12,92.18,92.11,92.16,12470.0
12:33,92.16,92.18,92.13,92.14,11596.0
12:34,92.16,92.18,92.13,92.17,8479.0
12:35,92.27,92.29,92.16,92.16,10276.0
12:36,92.26,92.3,92.25,92.25,8624.0
12:37,92.29,92.3,92.2,92.28,16441.0
12:38,92.4,92.43,92.29,92.29,10134.0
12:39,92.28,92.42,92.28,92.42,9485.0
12:40,92.16,92.3,92.14,92.3,10117.0
12:41,92.16,92.21,92.12,92.19,7649.0
12:42,92.09,92.17,92.06,92.14,10802.0
12:43,92.08,92.1,92.04,92.09,20712.0
12:44,92.08,92.09,92.05,92.08,10388.0
12:45,92.19,92.22,92.07,92.07,32695.0
12:46,92.08,92.19,92.08,92.17,11551.0
12:47,92.02,92.09,91.98,92.08,21431.0
12:48,92.03,92.05,91.99,92.02,55361.0
12:49,91.99,92.05,91.97,92.04,23647.0
12:50,91.93,92.03,91.92,92.0,27784.0
12:51,91.87,91.97,91.85,91.94,17523.0
12:52,91.96,91.98,91.88,91.88,23092.0
12:53,92.04,92.07,91.96,91.96,28969.0
12:54,92.07,92.08,92.03,92.06,9814.0
12:55,92.12,92.15,92.07,92.08,9403.0
12:56,92.04,92.12,92.04,92.12,6032.0
12:57,92.03,92.1,91.97,92.07,20273.0
12:58,92.0,92.03,91.96,92.03,13355.0
12:59,92.05,92.05,91.99,92.0,12569.0
13:00,91.97,92.07,91.97,92.04,11902.0
13:01,91.98,92.04,91.98,91.99,12071.0
13:02,91.88,91.97,91.85,91.97,15083.0
13:03,91.8,91.86,91.77,91.86,39880.0
13:04,91.81,91.85,91.78,91.78,11014.0
13:05,91.77,91.83,91.77,91.82,19409.0
13:06,91.89,91.95,91.78,91.78,28653.0
13:07,91.99,91.99,91.91,91.91,7904.0
13:08,91.92,91.97,91.91,91.97,10152.0
13:09,91.99,91.99,91.89,91.92,16099.0
13:10,91.94,92.04,91.94,91.98,25892.0
13:11,91.96,91.97,91.88,91.93,53892.0
13:12,91.99,92.07,91.96,91.96,53047.0
13:13,91.99,92.0,91.97,91.99,18320.0
13:14,92.03,92.07,91.99,92.01,38096.0
13:15,91.99,92.04,91.94,92.03,14807.0
13:16,91.91,92.03,91.88,91.98,13813.0
13:17,91.88,91.96,91.88,91.89,14769.0
13:18,91.87,91.92,91.86,91.87,8854.0
13:19,91.86,91.89,91.85,91.88,8082.0
13:20,91.81,91.87,91.8,91.85,7387.0
13:21,91.83,91.84,91.8,91.82,13289.0
13:22,91.75,91.83,91.74,91.82,12959.0
13:23,91.74,91.77,91.68,91.75,30426.0
13:24,91.78,91.79,91.74,91.75,13547.0
13:25,91.74,91.79,91.73,91.76,12492.0
13:26,91.76,91.76,91.73,91.74,8157.0
13:27,91.86,91.88,91.77,91.77,14447.0
13:28,91.83,91.85,91.8,91.85,10809.0
13:29,91.92,91.92,91.8,91.82,14065.0
13:30,91.97,91.98,91.87,91.9,27706.0
13:31,91.86,91.96,91.83,91.96,9049.0
13:32,91.9,91.94,91.85,91.85,13629.0
13:33,91.9,91.93,91.89,91.89,10739.0
13:34,91.88,91.9,91.85,91.9,8502.0
13:35,91.81,91.9,91.8,91.89,9774.0
13:36,91.75,91.81,91.73,91.81,9015.0
13:37,91.73,91.77,91.71,91.75,8802.0
13:38,91.59,91.71,91.59,91.71,25424.0
13:39,91.61,91.61,91.58,91.59,20825.0
13:40,91.63,91.65,91.6,91.61,10158.0
13:41,91.61,91.65,91.6,91.62,19184.0
13:42,91.55,91.6,91.55,91.59,14692.0
13:43,91.57,91.58,91.54,91.55,11053.0
13:44,91.58,91.61,91.57,91.57,12820.0
13:45,91.61,91.64,91.56,91.58,23978.0
13:46,91.54,91.59,91.53,91.58,10899.0
13:47,91.5,91.56,91.49,91.53,21307.0
13:48,91.55,91.55,91.49,91.5,47157.0
13:49,91.51,91.56,91.48,91.55,25274.0
13:50,91.54,91.56,91.5,91.5,27329.0
13:51,91.64,91.64,91.53,91.53,17540.0
13:52,91.65,91.67,91.61,91.64,23071.0
13:53,91.68,91.69,91.65,91.65,21376.0
13:54,91.69,91.72,91.67,91.67,34713.0
13:55,91.68,91.73,91.68,91.68,12584.0
13:56,91.69,91.7,91.65,91.68,13805.0
13:57,91.62,91.68,91.6,91.68,11526.0
13:58,91.66,91.66,91.61,91.61,10696.0
13:59,91.67,91.69,91.64,91.65,11989.0
14:00,91.73,91.74,91.66,91.67,43498.0
14:01,91.66,91.72,91.63,91.72,8980.0
14:02,91.69,91.72,91.66,91.66,10642.0
14:03,91.66,91.72,91.65,91.68,32802.0
14:04,91.61,91.68,91.58,91.68,19473.0
14:05,91.58,91.64,91.57,91.63,11261.0
14:06,91.68,91.7,91.58,91.58,19228.0
14:07,91.62,91.68,91.62,91.68,5866.0
14:08,91.57,91.62,91.56,91.62,13173.0
14:09,91.62,91.64,91.53,91.57,13990.0
14:10,91.67,91.69,91.6,91.63,12925.0
14:11,91.57,91.67,91.57,91.65,6652.0
14:12,91.67,91.67,91.58,91.59,12358.0
14:13,91.63,91.68,91.62,91.67,17686.0
14:14,91.67,91.68,91.61,91.63,12833.0
14:15,91.78,91.78,91.67,91.67,5740.0
14:16,91.81,91.82,91.76,91.76,17436.0
14:17,91.74,91.81,91.7,91.81,21126.0
14:18,91.8,91.81,91.75,91.75,9137.0
14:19,91.75,91.81,91.74,91.79,10382.0
14:20,91.81,91.82,91.75,91.77,19436.0
14:21,91.8,91.82,91.78,91.81,11044.0
14:22,91.85,91.85,91.79,91.8,11009.0
14:23,91.88,91.89,91.83,91.84,13269.0
14:24,91.9,91.92,91.81,91.87,26978.0
14:25,91.81,91.89,91.77,91.89,13456.0
14:26,91.79,91.84,91.78,91.81,9940.0
14:27,91.83,91.83,91.79,91.79,10091.0
14:28,91.82,91.84,91.8,91.83,8479.0
14:29,91.87,91.89,91.82,91.82,11366.0
14:30,91.93,91.93,91.87,91.88,8311.0
14:31,91.85,91.94,91.83,91.94,11483.0
14:32,91.86,91.9,91.81,91.84,13266.0
14:33,91.87,91.89,91.84,91.86,12653.0
14:34,91.86,91.93,91.86,91.88,10311.0
14:35,91.82,91.88,91.79,91.86,16074.0
14:36,91.8,91.83,91.77,91.79,16357.0
14:37,91.84,91.84,91.8,91.8,7172.0
14:38,91.85,91.89,91.82,91.85,11211.0
14:39,91.89,91.92,91.85,91.86,11087.0
14:40,91.86,91.9,91.85,91.89,11738.0
14:41,91.81,91.85,91.79,91.85,9717.0
14:42,91.82,91.83,91.79,91.8,7168.0
14:43,91.83,91.86,91.83,91.84,7774.0
14:44,91.83,91.85,91.82,91.83,14520.0
14:45,91.86,91.89,91.83,91.83,12528.0
14:46,91.94,91.95,91.88,91.88,13405.0
14:47,92.0,92.0,91.93,91.94,13894.0
14:48,91.87,92.0,91.87,92.0,16733.0
14:49,91.9,91.91,91.87,91.88,8300.0
14:50,91.93,91.93,91.88,91.88,9195.0
14:51,91.93,91.98,91.9,91.93,13807.0
14:52,92.0,92.01,91.93,91.93,11266.0
14:53,92.0,92.01,91.96,92.0,8844.0
14:54,91.93,92.01,91.91,92.01,17681.0
14:55,91.89,91.94,91.86,91.94,10344.0
14:56,91.9,91.92,91.87,91.89,8953.0
14:57,91.97,91.99,91.9,91.92,10754.0
14:58,91.94,91.98,91.94,91.98,9140.0
14:59,91.96,91.97,91.93,91.95,9554.0
15:00,91.92,92.0,91.92,91.97,31619.0
15:01,91.97,91.97,91.92,91.93,8982.0
15:02,92.0,92.02,91.97,91.97,16113.0
15:03,91.93,92.0,91.93,92.0,10320.0
15:04,91.93,91.95,91.92,91.93,12866.0
15:05,91.83,91.92,91.83,91.92,14056.0
15:06,91.83,91.88,91.82,91.85,15194.0
15:07,91.81,91.86,91.79,91.84,24969.0
15:08,91.81,91.83,91.79,91.81,10774.0
15:09,91.77,91.82,91.77,91.81,12765.0
15:10,91.86,91.9,91.78,91.78,11500.0
15:11,91.83,91.86,91.82,91.86,19292.0
15:12,91.82,91.83,91.78,91.82,11790.0
15:13,91.79,91.81,91.77,91.81,13966.0
15:14,91.78,91.79,91.77,91.79,8965.0
15:15,91.74,91.82,91.73,91.78,17060.0
15:16,91.75,91.75,91.68,91.75,37304.0
15:17,91.71,91.75,91.7,91.75,11125.0
15:18,91.66,91.71,91.64,91.7,21933.0
15:19,91.67,91.68,91.65,91.67,29332.0
15:20,91.62,91.68,91.61,91.68,21718.0
15:21,91.51,91.64,91.5,91.63,20105.0
15:22,91.48,91.54,91.45,91.53,25091.0
15:23,91.48,91.5,91.43,91.47,48114.0
15:24,91.56,91.57,91.46,91.49,17932.0
15:25,91.56,91.56,91.51,91.55,34857.0
15:26,91.58,91.64,91.47,91.55,79052.0
15:27,91.55,91.58,91.52,91.58,13606.0
15:28,91.59,91.62,91.54,91.55,25577.0
15:29,91.58,91.62,91.57,91.59,12985.0
15:30,91.57,91.58,91.54,91.58,21946.0
15:31,91.56,91.57,91.54,91.57,18327.0
15:32,91.62,91.62,91.55,91.56,25094.0
15:33,91.62,91.62,91.56,91.62,22265.0
15:34,91.61,91.65,91.59,91.63,18289.0
15:35,91.64,91.64,91.6,91.61,20726.0
15:36,91.53,91.65,91.52,91.64,65144.0
15:37,91.46,91.52,91.43,91.52,27811.0
15:38,91.46,91.51,91.44,91.46,25512.0
15:39,91.49,91.51,91.44,91.46,25348.0
15:40,91.44,91.5,91.42,91.48,21960.0
15:41,91.46,91.46,91.43,91.44,28370.0
15:42,91.46,91.48,91.46,91.46,24813.0
15:43,91.44,91.46,91.42,91.46,30816.0
15:44,91.45,91.47,91.43,91.44,24519.0
15:45,91.5,91.54,91.43,91.44,41306.0
15:46,91.52,91.54,91.5,91.5,47782.0
15:47,91.45,91.52,91.44,91.51,34311.0
15:48,91.39,91.49,91.39,91.46,57232.0
15:49,91.33,91.38,91.32,91.38,64980.0
15:50,91.43,91.43,91.33,91.34,87587.0
15:51,91.55,91.57,91.4,91.43,62909.0
15:52,91.54,91.56,91.51,91.56,78011.0
15:53,91.65,91.67,91.54,91.54,58715.0
15:54,91.64,91.67,91.61,91.64,80773.0
15:55,91.6,91.64,91.56,91.64,83800.0
15:56,91.57,91.62,91.56,91.6,91702.0
15:57,91.54,91.58,91.53,91.57,103779.0
15:58,91.58,91.59,91.51,91.53,192875.0
15:59,91.62,91.62,91.5,91.58,334516.0
