Time,Close,High,Low,Open,Volume
09:30,13.78,13.78,13.55,13.68,466038.0
09:31,13.67,13.77,13.67,13.76,91380.0
09:32,13.69,13.71,13.6,13.67,20562.0
09:33,13.73,13.75,13.64,13.66,50136.0
09:34,13.79,13.79,13.71,13.73,45787.0
09:35,13.83,13.86,13.78,13.79,86460.0
09:36,13.82,13.83,13.77,13.83,86865.0
09:37,13.77,13.82,13.76,13.82,34456.0
09:38,13.67,13.77,13.65,13.77,97466.0
09:39,13.66,13.71,13.65,13.67,44632.0
09:40,13.74,13.74,13.65,13.66,41960.0
09:41,13.72,13.75,13.7,13.73,21171.0
09:42,13.77,13.77,13.72,13.72,24695.0
09:43,13.74,13.77,13.74,13.77,17632.0
09:44,13.76,13.77,13.74,13.74,51723.0
09:45,13.79,13.8,13.76,13.76,42169.0
09:46,13.88,13.88,13.78,13.78,63944.0
09:47,13.88,13.9,13.87,13.87,49320.0
09:48,13.86,13.9,13.84,13.88,65717.0
09:49,13.88,13.89,13.85,13.86,23842.0
09:50,13.88,13.89,13.86,13.88,31962.0
09:51,13.91,13.91,13.87,13.88,30865.0
09:52,13.91,13.92,13.89,13.91,46044.0
09:53,13.9,13.93,13.9,13.91,52120.0
09:54,13.91,13.91,13.9,13.9,18640.0
09:55,13.9,13.94,13.89,13.91,42744.0
09:56,13.94,13.95,13.9,13.9,18591.0
09:57,13.94,13.97,13.93,13.93,43723.0
09:58,13.91,13.94,13.89,13.94,34664.0
09:59,13.92,13.93,13.9,13.91,19908.0
10:00,13.96,13.98,13.93,13.93,59826.0
10:01,13.97,13.98,13.95,13.97,82029.0
10:02,13.99,14.01,13.96,13.97,116728.0
10:03,13.94,13.99,13.94,13.99,36178.0
10:04,13.97,13.97,13.93,13.95,38102.0
10:05,13.97,13.98,13.94,13.97,25621.0
10:06,13.98,13.98,13.97,13.98,33529.0
10:07,13.99,14.0,13.98,13.98,20492.0
10:08,13.99,14.02,13.99,13.99,58179.0
10:09,14.02,14.02,13.98,13.99,58396.0
10:10,14.01,14.02,13.98,14.02,42723.0
10:11,13.99,14.02,13.99,14.02,24466.0
10:12,13.98,14.01,13.98,13.99,40593.0
10:13,13.98,13.99,13.96,13.97,19395.0
10:14,13.93,13.98,13.93,13.98,30545.0
10:15,13.93,13.94,13.92,13.93,53561.0
10:16,13.91,13.93,13.91,13.93,15975.0
10:17,13.88,13.92,13.87,13.91,34464.0
10:18,13.89,13.89,13.86,13.87,23493.0
10:19,13.89,13.9,13.88,13.9,11816.0
10:20,13.86,13.89,13.85,13.88,45217.0
10:21,13.85,13.87,13.84,13.87,48634.0
10:22,13.81,13.85,13.8,13.85,38775.0
10:23,13.78,13.81,13.78,13.81,44359.0
10:24,13.77,13.79,13.77,13.78,16735.0
10:25,13.75,13.77,13.74,13.77,56341.0
10:26,13.76,13.76,13.72,13.74,27190.0
10:27,13.73,13.77,13.71,13.76,20992.0
10:28,13.77,13.78,13.74,13.74,66355.0
10:29,13.76,13.77,13.76,13.77,16019.0
10:30,13.72,13.78,13.71,13.77,48571.0
10:31,13.74,13.74,13.7,13.72,18997.0
10:32,13.76,13.76,13.73,13.73,25094.0
10:33,13.77,13.79,13.75,13.75,42269.0
10:34,13.73,13.77,13.73,13.77,20030.0
10:35,13.74,13.74,13.72,13.74,17230.0
10:36,13.77,13.78,13.73,13.74,37557.0
10:37,13.75,13.78,13.75,13.77,24761.0
10:38,13.76,13.77,13.76,13.76,27353.0
10:39,13.77,13.78,13.76,13.76,10740.0
10:40,13.78,13.8,13.77,13.78,25338.0
10:41,13.8,13.8,13.77,13.78,18323.0
10:42,13.81,13.82,13.8,13.8,9310.0
10:43,13.8,13.81,13.78,13.81,38209.0
10:44,13.8,13.8,13.78,13.8,18554.0
10:45,13.81,13.81,13.8,13.8,8820.0
10:46,13.81,13.81,13.8,13.81,11061.0
10:47,13.81,13.81,13.8,13.8,35011.0
10:48,13.81,13.81,13.79,13.8,18016.0
10:49,13.82,13.83,13.81,13.81,14485.0
10:50,13.86,13.86,13.82,13.82,34535.0
10:51,13.89,13.89,13.86,13.86,17650.0
10:52,13.93,13.93,13.88,13.88,44162.0
10:53,13.9,13.94,13.9,13.94,26095.0
10:54,13.91,13.91,13.9,13.91,24997.0
10:55,13.92,13.92,13.9,13.9,18489.0
10:56,13.91,13.93,13.91,13.93,16429.0
10:57,13.91,13.92,13.91,13.92,4648.0
10:58,13.91,13.93,13.9,13.92,28985.0
10:59,13.9,13.9,13.89,13.9,25907.0
11:00,13.91,13.91,13.9,13.9,28356.0
11:01,13.91,13.92,13.9,13.91,29872.0
11:02,13.93,13.94,13.91,13.92,18731.0
11:03,13.92,13.93,13.9,13.92,13326.0
11:04,13.94,13.94,13.92,13.93,10418.0
11:05,13.93,13.95,13.93,13.94,22781.0
11:06,13.91,13.94,13.9,13.93,17142.0
11:07,13.88,13.9,13.88,13.9,14951.0
11:08,13.86,13.88,13.86,13.88,18815.0
11:09,13.89,13.89,13.86,13.86,15993.0
11:10,13.89,13.9,13.89,13.89,15045.0
11:11,13.87,13.89,13.87,13.89,8318.0
11:12,13.88,13.88,13.86,13.87,16348.0
11:13,13.89,13.89,13.87,13.88,9248.0
11:14,13.88,13.9,13.88,13.89,26070.0
11:15,13.88,13.9,13.86,13.89,33814.0
11:16,13.88,13.88,13.86,13.87,29749.0
11:17,13.89,13.89,13.86,13.88,24725.0
11:18,13.9,13.9,13.88,13.89,14107.0
11:19,13.89,13.9,13.89,13.9,5476.0
11:20,13.91,13.91,13.89,13.9,24706.0
11:21,13.93,13.93,13.91,13.92,11749.0
11:22,13.91,13.93,13.91,13.93,9560.0
11:23,13.9,13.93,13.9,13.91,29964.0
11:24,13.91,13.91,13.9,13.9,7390.0
11:25,13.95,13.96,13.9,13.91,56821.0
11:26,13.95,13.95,13.94,13.95,38152.0
11:27,13.94,13.97,13.94,13.96,30967.0
11:28,13.93,13.94,13.93,13.94,11378.0
11:29,13.95,13.95,13.93,13.93,21463.0
11:30,13.94,13.95,13.94,13.95,10861.0
11:31,13.98,13.98,13.94,13.94,34259.0
11:32,13.98,13.99,13.98,13.98,40510.0
11:33,14.01,14.01,13.96,13.98,72299.0
11:34,14.0,14.01,13.98,14.01,35384.0
11:35,14.0,14.0,13.99,13.99,31798.0
11:36,14.01,14.02,14.0,14.0,45097.0
11:37,13.99,14.01,13.99,14.01,13914.0
11:38,14.01,14.02,13.99,13.99,19561.0
11:39,14.02,14.02,14.01,14.01,37134.0
11:40,14.03,14.03,14.01,14.02,22607.0
11:41,13.99,14.03,13.99,14.03,103341.0
11:42,14.03,14.03,13.99,13.99,53210.0
11:43,14.02,14.03,14.02,14.02,21465.0
11:44,14.02,14.03,14.02,14.02,26521.0
11:45,14.03,14.04,14.01,14.01,35757.0
11:46,14.06,14.06,14.03,14.04,36525.0
11:47,14.06,14.06,14.05,14.06,35001.0
11:48,14.06,14.06,14.05,14.06,99581.0
11:49,14.05,14.07,14.04,14.06,67333.0
11:50,14.04,14.05,14.04,14.05,15362.0
11:51,14.03,14.05,14.03,14.04,14092.0
11:52,14.02,14.03,14.02,14.03,32772.0
11:53,14.03,14.04,14.02,14.02,43218.0
11:54,14.02,14.03,14.02,14.02,10307.0
11:55,14.03,14.03,14.01,14.02,37735.0
11:56,14.03,14.03,14.02,14.03,17243.0
11:57,14.02,14.03,14.02,14.03,22684.0
11:58,14.03,14.03,14.02,14.02,21037.0
11:59,14.05,14.06,14.02,14.03,56196.0
12:00,14.07,14.07,14.06,14.06,64064.0
12:01,14.08,14.1,14.06,14.07,49448.0
12:02,14.09,14.09,14.07,14.09,47873.0
12:03,14.06,14.09,14.05,14.08,66159.0
12:04,14.06,14.06,14.05,14.06,26723.0
12:05,14.06,14.09,14.06,14.07,77536.0
12:06,14.05,14.06,14.05,14.06,8341.0
12:07,14.04,14.05,14.04,14.05,16122.0
12:08,14.04,14.05,14.02,14.04,41209.0
12:09,14.03,14.05,14.03,14.05,25692.0
12:10,14.04,14.05,14.04,14.04,14444.0
12:11,14.05,14.05,14.04,14.05,9728.0
12:12,14.06,14.06,14.05,14.05,18860.0
12:13,14.05,14.06,14.04,14.06,33573.0
12:14,14.03,14.05,14.03,14.04,40426.0
12:15,14.01,14.03,14.0,14.03,78409.0
12:16,14.02,14.02,13.98,14.01,61365.0
12:17,14.02,14.03,14.02,14.02,15210.0
12:18,14.02,14.03,14.02,14.02,10943.0
12:19,14.02,14.02,14.01,14.02,24964.0
12:20,14.02,14.03,14.02,14.03,16526.0
12:21,14.05,14.05,14.02,14.03,35716.0
12:22,14.05,14.05,14.03,14.05,33214.0
12:23,14.06,14.07,14.05,14.05,66653.0
12:24,14.06,14.06,14.05,14.06,12003.0
12:25,14.06,14.06,14.06,14.06,12860.0
12:26,14.07,14.08,14.05,14.06,34339.0
12:27,14.09,14.09,14.07,14.07,26324.0
12:28,14.09,14.09,14.08,14.09,30010.0
12:29,14.1,14.11,14.09,14.09,44416.0
12:30,14.09,14.1,14.08,14.1,30220.0
12:31,14.1,14.11,14.09,14.09,118055.0
12:32,14.11,14.12,14.1,14.11,81759.0
12:33,14.1,14.11,14.09,14.11,17185.0
12:34,14.09,14.1,14.09,14.1,16817.0
12:35,14.11,14.12,14.09,14.1,54678.0
12:36,14.11,14.12,14.11,14.11,12359.0
12:37,14.11,14.12,14.11,14.11,14929.0
12:38,14.11,14.12,14.11,14.11,7731.0
12:39,14.13,14.13,14.11,14.12,18875.0
12:40,14.14,14.14,14.12,14.12,50731.0
12:41,14.14,14.14,14.13,14.14,9200.0
12:42,14.14,14.15,14.14,14.14,37979.0
12:43,14.14,14.15,14.14,14.15,98947.0
12:44,14.14,14.14,14.12,14.14,47228.0
12:45,14.15,14.15,14.14,14.14,64894.0
12:46,14.15,14.17,14.15,14.16,49161.0
12:47,14.15,14.16,14.13,14.16,54136.0
12:48,14.15,14.16,14.15,14.15,31862.0
12:49,14.15,14.17,14.15,14.15,33824.0
12:50,14.15,14.16,14.14,14.16,16071.0
12:51,14.14,14.15,14.14,14.15,18404.0
12:52,14.17,14.18,14.15,14.15,49750.0
12:53,14.16,14.18,14.16,14.18,27102.0
12:54,14.15,14.16,14.15,14.16,166703.0
12:55,14.15,14.15,14.14,14.15,23335.0
12:56,14.14,14.15,14.14,14.15,34644.0
12:57,14.15,14.15,14.14,14.15,22185.0
12:58,14.15,14.16,14.15,14.15,39737.0
12:59,14.14,14.16,14.13,14.15,50838.0
13:00,14.14,14.14,14.11,14.14,52646.0
13:01,14.15,14.16,14.14,14.14,20729.0
13:02,14.15,14.17,14.15,14.15,34449.0
13:03,14.15,14.15,14.15,14.15,21776.0
13:04,14.14,14.15,14.14,14.14,21865.0
13:05,14.15,14.16,14.14,14.14,32753.0
13:06,14.15,14.15,14.14,14.15,17632.0
13:07,14.15,14.15,14.14,14.15,15766.0
13:08,14.15,14.16,14.15,14.16,7342.0
13:09,14.16,14.16,14.15,14.16,7979.0
13:10,14.13,14.16,14.13,14.15,80214.0
13:11,14.15,14.16,14.13,14.13,25416.0
13:12,14.14,14.15,14.13,14.15,27686.0
13:13,14.15,14.15,14.14,14.15,42595.0
13:14,14.15,14.15,14.14,14.14,8534.0
13:15,14.14,14.15,14.13,14.15,24138.0
13:16,14.12,14.14,14.12,14.13,45476.0
13:17,14.14,14.14,14.12,14.12,18580.0
13:18,14.12,14.14,14.12,14.13,7860.0
13:19,14.12,14.13,14.12,14.12,11336.0
13:20,14.13,14.14,14.12,14.12,25089.0
13:21,14.13,14.14,14.13,14.13,16287.0
13:22,14.12,14.14,14.12,14.14,11773.0
13:23,14.12,14.13,14.12,14.12,2462.0
13:24,14.14,14.14,14.12,14.12,10497.0
13:25,14.14,14.14,14.14,14.14,8182.0
13:26,14.14,14.15,14.14,14.14,21664.0
13:27,14.12,14.15,14.12,14.14,36855.0
13:28,14.16,14.16,14.12,14.12,32306.0
13:29,14.16,14.18,14.15,14.16,27284.0
13:30,14.15,14.16,14.15,14.16,9301.0
13:31,14.15,14.16,14.15,14.15,5575.0
13:32,14.15,14.17,14.15,14.15,25856.0
13:33,14.16,14.16,14.15,14.15,9008.0
13:34,14.18,14.18,14.16,14.16,18477.0
13:35,14.14,14.17,14.14,14.17,18050.0
13:36,14.15,14.15,14.13,14.15,18039.0
13:37,14.14,14.15,14.14,14.15,8097.0
13:38,14.15,14.15,14.15,14.15,6323.0
13:39,14.14,14.15,14.14,14.15,11692.0
13:40,14.15,14.16,14.14,14.15,101315.0
13:41,14.15,14.15,14.14,14.15,21255.0
13:42,14.14,14.15,14.14,14.15,31638.0
13:43,14.14,14.14,14.13,14.13,3070.0
13:44,14.14,14.15,14.14,14.14,15431.0
13:45,14.15,14.15,14.14,14.15,19787.0
13:46,14.15,14.15,14.15,14.15,11164.0
13:47,14.18,14.18,14.15,14.15,25811.0
13:48,14.17,14.18,14.16,14.18,84191.0
13:49,14.16,14.18,14.16,14.18,16656.0
13:50,14.16,14.17,14.16,14.16,6234.0
13:51,14.16,14.17,14.16,14.16,10203.0
13:52,14.16,14.17,14.15,14.16,20090.0
13:53,14.18,14.18,14.16,14.16,31857.0
13:54,14.16,14.18,14.16,14.17,10668.0
13:55,14.17,14.17,14.16,14.16,26217.0
13:56,14.16,14.17,14.16,14.16,6372.0
13:57,14.16,14.17,14.16,14.16,10192.0
13:58,14.17,14.17,14.16,14.16,19019.0
13:59,14.19,14.19,14.17,14.17,21356.0
14:00,14.19,14.2,14.18,14.19,22131.0
14:01,14.17,14.19,14.17,14.19,11553.0
14:02,14.18,14.18,14.17,14.18,16110.0
14:03,14.19,14.19,14.17,14.18,17081.0
14:04,14.18,14.19,14.16,14.19,27027.0
14:05,14.16,14.18,14.16,14.18,9409.0
14:06,14.16,14.17,14.16,14.17,11234.0
14:07,14.17,14.17,14.16,14.17,4225.0
14:08,14.15,14.16,14.15,14.16,12926.0
14:09,14.15,14.15,14.14,14.15,27813.0
14:10,14.15,14.16,14.15,14.15,12978.0
14:11,14.15,14.15,14.14,14.14,28029.0
14:12,14.15,14.15,14.14,14.14,19350.0
14:13,14.15,14.16,14.15,14.16,21382.0
14:14,14.15,14.16,14.15,14.15,4907.0
14:15,14.15,14.15,14.14,14.15,15039.0
14:16,14.15,14.15,14.13,14.15,42587.0
14:17,14.14,14.15,14.14,14.15,12836.0
14:18,14.14,14.14,14.11,14.14,52947.0
14:19,14.14,14.14,14.12,14.14,23473.0
14:20,14.14,14.14,14.13,14.13,5135.0
14:21,14.12,14.14,14.11,14.14,27266.0
14:22,14.12,14.13,14.12,14.12,7790.0
14:23,14.12,14.12,14.1,14.12,25510.0
14:24,14.11,14.11,14.1,14.11,11384.0
14:25,14.1,14.11,14.09,14.11,23049.0
14:26,14.09,14.1,14.08,14.1,22069.0
14:27,14.12,14.12,14.09,14.09,23969.0
14:28,14.1,14.11,14.1,14.11,22799.0
14:29,14.09,14.1,14.09,14.1,23282.0
14:30,14.07,14.09,14.07,14.09,18379.0
14:31,14.07,14.08,14.06,14.07,21633.0
14:32,14.06,14.07,14.06,14.07,9006.0
14:33,14.06,14.07,14.05,14.06,46059.0
14:34,14.09,14.09,14.07,14.07,37833.0
14:35,14.1,14.1,14.09,14.09,26322.0
14:36,14.11,14.12,14.1,14.1,18209.0
14:37,14.11,14.12,14.11,14.12,19234.0
14:38,14.09,14.12,14.08,14.11,30280.0
14:39,14.1,14.1,14.08,14.08,13230.0
14:40,14.09,14.1,14.09,14.1,12726.0
14:41,14.06,14.09,14.06,14.09,17242.0
14:42,14.06,14.07,14.06,14.06,13315.0
14:43,14.08,14.09,14.06,14.06,22775.0
14:44,14.07,14.09,14.07,14.09,27098.0
14:45,14.07,14.09,14.07,14.07,20664.0
14:46,14.06,14.08,14.06,14.07,54916.0
14:47,14.09,14.09,14.05,14.06,17191.0
14:48,14.07,14.09,14.07,14.08,15205.0
14:49,14.07,14.08,14.06,14.07,23603.0
14:50,14.06,14.07,14.06,14.07,24157.0
14:51,14.05,14.06,14.05,14.06,37439.0
14:52,14.07,14.07,14.05,14.05,41829.0
14:53,14.08,14.08,14.06,14.06,25263.0
14:54,14.09,14.09,14.08,14.08,17876.0
14:55,14.06,14.09,14.06,14.08,13928.0
14:56,14.06,14.06,14.06,14.06,20642.0
14:57,14.06,14.07,14.06,14.06,15760.0
14:58,14.06,14.08,14.06,14.06,43737.0
14:59,14.06,14.06,14.06,14.06,13395.0
15:00,14.06,14.06,14.05,14.06,32073.0
15:01,14.06,14.07,14.06,14.07,36455.0
15:02,14.06,14.07,14.06,14.07,11046.0
15:03,14.09,14.09,14.06,14.07,24879.0
15:04,14.09,14.09,14.08,14.09,4716.0
15:05,14.09,14.1,14.09,14.09,20159.0
15:06,14.09,14.1,14.08,14.1,69169.0
15:07,14.1,14.1,14.09,14.09,41405.0
15:08,14.07,14.1,14.07,14.1,51823.0
15:09,14.07,14.09,14.07,14.08,90802.0
15:10,14.1,14.1,14.07,14.07,21511.0
15:11,14.1,14.11,14.1,14.1,19313.0
15:12,14.11,14.12,14.1,14.1,40826.0
15:13,14.1,14.11,14.1,14.11,51022.0
15:14,14.1,14.1,14.1,14.1,13417.0
15:15,14.1,14.1,14.09,14.1,28576.0
15:16,14.1,14.1,14.09,14.1,6192.0
15:17,14.07,14.1,14.07,14.09,14450.0
15:18,14.07,14.08,14.07,14.07,36040.0
15:19,14.07,14.07,14.06,14.07,40360.0
15:20,14.07,14.08,14.06,14.07,24659.0
15:21,14.06,14.08,14.06,14.07,16390.0
15:22,14.06,14.07,14.05,14.06,13172.0
15:23,14.06,14.06,14.05,14.05,24162.0
15:24,14.06,14.07,14.06,14.06,44460.0
15:25,14.06,14.07,14.06,14.06,57107.0
15:26,14.07,14.07,14.06,14.07,15752.0
15:27,14.07,14.08,14.07,14.07,45626.0
15:28,14.09,14.09,14.07,14.07,33251.0
15:29,14.09,14.09,14.08,14.08,20139.0
15:30,14.06,14.09,14.06,14.08,49040.0
15:31,14.05,14.06,14.04,14.06,20004.0
15:32,14.06,14.06,14.04,14.04,23708.0
15:33,14.03,14.06,14.03,14.06,45009.0
15:34,14.02,14.04,14.02,14.03,39823.0
15:35,14.03,14.05,14.03,14.03,78282.0
15:36,14.05,14.05,14.03,14.04,23220.0
15:37,14.03,14.05,14.03,14.05,61625.0
15:38,14.03,14.04,14.03,14.03,29489.0
15:39,14.04,14.05,14.03,14.03,41802.0
15:40,14.04,14.05,14.04,14.04,19949.0
15:41,14.05,14.05,14.04,14.05,26787.0
15:42,14.05,14.06,14.04,14.05,148524.0
15:43,14.06,14.07,14.05,14.05,45999.0
15:44,14.06,14.07,14.06,14.06,35430.0
15:45,14.06,14.07,14.05,14.06,56777.0
15:46,14.05,14.06,14.05,14.06,35044.0
15:47,14.03,14.06,14.03,14.06,72437.0
15:48,14.06,14.06,14.03,14.03,79029.0
15:49,14.07,14.07,14.05,14.05,79758.0
15:50,14.1,14.1,14.06,14.07,208618.0
15:51,14.09,14.11,14.08,14.1,139136.0
15:52,14.1,14.1,14.09,14.09,117504.0
15:53,14.1,14.11,14.09,14.1,85803.0
15:54,14.11,14.12,14.09,14.1,81008.0
15:55,14.15,14.15,14.09,14.11,222719.0
15:56,14.15,14.16,14.14,14.15,222110.0
15:57,14.15,14.16,14.12,14.15,401251.0
15:58,14.12,14.15,14.11,14.15,269337.0
15:59,14.13,14.14,14.12,14.13,266608.0
