Time,Close,High,Low,Open,Volume
09:30,14.43,14.53,14.32,14.48,621675.0
09:31,14.35,14.49,14.35,14.41,60526.0
09:32,14.39,14.4,14.28,14.37,117364.0
09:33,14.33,14.42,14.31,14.41,93909.0
09:34,14.35,14.44,14.31,14.33,116293.0
09:35,14.44,14.46,14.35,14.35,53753.0
09:36,14.55,14.59,14.39,14.42,116816.0
09:37,14.47,14.55,14.47,14.55,99593.0
09:38,14.52,14.53,14.45,14.46,69888.0
09:39,14.42,14.53,14.42,14.52,84836.0
09:40,14.38,14.42,14.35,14.42,65993.0
09:41,14.37,14.44,14.34,14.37,89246.0
09:42,14.35,14.4,14.35,14.37,28504.0
09:43,14.36,14.4,14.35,14.35,37754.0
09:44,14.34,14.4,14.33,14.38,90555.0
09:45,14.39,14.39,14.34,14.34,44375.0
09:46,14.36,14.4,14.32,14.39,80558.0
09:47,14.36,14.39,14.35,14.36,76694.0
09:48,14.38,14.39,14.35,14.37,67662.0
09:49,14.35,14.39,14.33,14.36,107298.0
09:50,14.37,14.4,14.33,14.36,64934.0
09:51,14.34,14.37,14.33,14.36,52907.0
09:52,14.28,14.35,14.26,14.34,73665.0
09:53,14.36,14.38,14.28,14.28,121392.0
09:54,14.31,14.36,14.31,14.36,47936.0
09:55,14.37,14.37,14.3,14.31,62088.0
09:56,14.33,14.39,14.31,14.37,71774.0
09:57,14.33,14.36,14.31,14.34,93458.0
09:58,14.3,14.34,14.3,14.34,46228.0
09:59,14.27,14.3,14.25,14.3,74893.0
10:00,14.32,14.32,14.25,14.26,89870.0
10:01,14.34,14.35,14.31,14.32,41594.0
10:02,14.34,14.35,14.29,14.35,41698.0
10:03,14.32,14.36,14.31,14.34,64440.0
10:04,14.26,14.32,14.26,14.31,32383.0
10:05,14.29,14.32,14.27,14.27,46859.0
10:06,14.35,14.35,14.28,14.29,33679.0
10:07,14.27,14.35,14.26,14.35,61262.0
10:08,14.28,14.29,14.26,14.27,31675.0
10:09,14.26,14.28,14.25,14.28,75489.0
10:10,14.31,14.31,14.26,14.26,69001.0
10:11,14.32,14.35,14.31,14.31,31589.0
10:12,14.3,14.34,14.29,14.32,46900.0
10:13,14.27,14.3,14.27,14.29,34149.0
10:14,14.27,14.3,14.26,14.28,22897.0
10:15,14.27,14.31,14.26,14.28,29596.0
10:16,14.26,14.28,14.25,14.26,83897.0
10:17,14.22,14.27,14.22,14.26,69785.0
10:18,14.23,14.23,14.19,14.23,114444.0
10:19,14.22,14.26,14.22,14.23,35208.0
10:20,14.31,14.31,14.22,14.23,73322.0
10:21,14.37,14.38,14.3,14.31,37026.0
10:22,14.44,14.45,14.38,14.38,35217.0
10:23,14.43,14.44,14.42,14.43,33111.0
10:24,14.41,14.44,14.41,14.43,19770.0
10:25,14.42,14.43,14.4,14.42,24494.0
10:26,14.36,14.43,14.36,14.42,28709.0
10:27,14.37,14.39,14.37,14.37,30426.0
10:28,14.42,14.42,14.36,14.37,18025.0
10:29,14.4,14.41,14.4,14.41,23947.0
10:30,14.36,14.42,14.35,14.41,38452.0
10:31,14.35,14.36,14.34,14.36,21994.0
10:32,14.28,14.35,14.28,14.34,26769.0
10:33,14.2,14.27,14.18,14.27,107633.0
10:34,14.2,14.22,14.2,14.2,46867.0
10:35,14.19,14.21,14.18,14.2,107948.0
10:36,14.15,14.2,14.15,14.19,71206.0
10:37,14.1,14.16,14.1,14.15,54448.0
10:38,14.06,14.11,14.06,14.1,238125.0
10:39,14.09,14.1,14.06,14.06,56796.0
10:40,14.09,14.11,14.07,14.09,32308.0
10:41,14.02,14.11,14.02,14.08,125406.0
10:42,14.06,14.06,14.02,14.02,34570.0
10:43,14.07,14.08,14.05,14.06,45135.0
10:44,14.02,14.08,14.02,14.07,65762.0
10:45,14.03,14.03,14.01,14.03,114998.0
10:46,14.03,14.04,13.98,14.04,254102.0
10:47,14.01,14.06,14.0,14.02,131462.0
10:48,13.98,14.01,13.96,14.0,99031.0
10:49,13.98,14.0,13.95,13.98,85051.0
10:50,14.01,14.04,13.97,13.98,82268.0
10:51,14.04,14.08,14.01,14.01,79267.0
10:52,14.04,14.04,14.01,14.04,49954.0
10:53,13.98,14.03,13.98,14.03,43081.0
10:54,14.06,14.06,13.99,13.99,35652.0
10:55,14.07,14.09,14.06,14.06,45471.0
10:56,13.98,14.07,13.98,14.07,74915.0
10:57,13.98,14.0,13.98,13.98,36500.0
10:58,13.97,13.99,13.96,13.98,16783.0
10:59,13.97,13.98,13.97,13.97,23319.0
11:00,13.95,13.98,13.95,13.97,91406.0
11:01,13.99,14.0,13.95,13.96,51801.0
11:02,14.02,14.04,13.99,13.99,54091.0
11:03,14.01,14.04,14.0,14.03,30015.0
11:04,14.01,14.01,13.99,14.0,31139.0
11:05,14.02,14.03,14.01,14.01,35928.0
11:06,14.03,14.06,14.02,14.03,40726.0
11:07,14.0,14.04,13.99,14.04,22485.0
11:08,14.03,14.04,13.99,13.99,15967.0
11:09,14.01,14.05,14.01,14.04,66840.0
11:10,13.98,14.02,13.98,14.02,35330.0
11:11,13.99,14.0,13.97,13.98,22741.0
11:12,13.99,14.01,13.98,14.0,25377.0
11:13,14.0,14.02,13.99,13.99,21825.0
11:14,14.01,14.02,13.99,14.0,26326.0
11:15,14.04,14.05,13.99,13.99,32238.0
11:16,14.03,14.05,14.02,14.04,28637.0
11:17,14.03,14.04,14.02,14.03,21502.0
11:18,14.0,14.03,13.99,14.03,40079.0
11:19,14.01,14.01,13.98,14.01,61595.0
11:20,13.98,14.02,13.97,14.02,22695.0
11:21,14.0,14.01,13.98,13.99,23119.0
11:22,13.94,13.99,13.94,13.99,92033.0
11:23,13.93,13.95,13.93,13.94,26176.0
11:24,13.93,13.94,13.92,13.94,30881.0
11:25,13.94,13.94,13.9,13.93,68836.0
11:26,13.96,13.97,13.93,13.94,48307.0
11:27,13.93,13.96,13.92,13.95,38850.0
11:28,13.92,13.94,13.92,13.94,63237.0
11:29,13.95,13.96,13.91,13.92,50308.0
11:30,13.94,13.95,13.93,13.95,17763.0
11:31,13.95,13.95,13.94,13.94,12274.0
11:32,13.95,13.95,13.94,13.94,32478.0
11:33,13.97,13.98,13.95,13.95,17725.0
11:34,13.95,13.97,13.94,13.97,36991.0
11:35,13.89,13.95,13.89,13.95,59098.0
11:36,13.93,13.93,13.89,13.89,36898.0
11:37,13.91,13.94,13.91,13.94,46074.0
11:38,13.93,13.93,13.9,13.91,26952.0
11:39,13.89,13.93,13.89,13.92,61453.0
11:40,13.88,13.89,13.87,13.89,33619.0
11:41,13.9,13.91,13.89,13.89,34361.0
11:42,13.9,13.91,13.88,13.9,29961.0
11:43,13.88,13.9,13.86,13.89,34813.0
11:44,13.85,13.88,13.83,13.88,120506.0
11:45,13.81,13.85,13.8,13.85,83939.0
11:46,13.84,13.84,13.8,13.81,95146.0
11:47,13.85,13.86,13.84,13.84,14257.0
11:48,13.85,13.85,13.84,13.85,27768.0
11:49,13.86,13.86,13.84,13.85,37827.0
11:50,13.89,13.91,13.85,13.87,177900.0
11:51,13.91,13.93,13.89,13.89,26289.0
11:52,13.99,14.0,13.91,13.91,80733.0
11:53,13.94,13.99,13.94,13.98,49938.0
11:54,13.95,13.95,13.94,13.94,5546.0
11:55,13.9,13.96,13.9,13.94,29984.0
11:56,13.85,13.91,13.85,13.9,31658.0
11:57,13.86,13.87,13.83,13.85,46471.0
11:58,13.9,13.9,13.86,13.88,17582.0
11:59,13.9,13.91,13.89,13.89,38077.0
12:00,13.93,13.94,13.91,13.91,43224.0
12:01,13.92,13.94,13.9,13.93,52540.0
12:02,13.94,13.94,13.91,13.92,7166.0
12:03,13.9,13.94,13.89,13.94,20620.0
12:04,13.91,13.92,13.89,13.89,14743.0
12:05,13.91,13.91,13.9,13.9,25042.0
12:06,13.93,13.93,13.9,13.91,14619.0
12:07,13.89,13.93,13.88,13.92,24790.0
12:08,13.88,13.91,13.86,13.89,37179.0
12:09,13.94,13.94,13.89,13.89,20907.0
12:10,13.95,13.97,13.93,13.94,45206.0
12:11,13.97,13.99,13.94,13.95,69670.0
12:12,13.95,13.98,13.94,13.97,14414.0
12:13,13.94,13.96,13.94,13.95,29060.0
12:14,13.94,13.95,13.93,13.94,29333.0
12:15,13.93,13.94,13.92,13.93,28065.0
12:16,13.92,13.93,13.92,13.93,10221.0
12:17,13.92,13.93,13.91,13.92,13918.0
12:18,13.94,13.94,13.92,13.92,11821.0
12:19,13.93,13.94,13.92,13.93,7921.0
12:20,13.93,13.94,13.93,13.93,10642.0
12:21,13.9,13.93,13.89,13.93,40194.0
12:22,13.9,13.9,13.89,13.89,15412.0
12:23,13.9,13.91,13.9,13.9,11448.0
12:24,13.89,13.9,13.89,13.9,14977.0
12:25,13.9,13.91,13.89,13.9,25216.0
12:26,13.89,13.91,13.88,13.9,27332.0
12:27,13.92,13.93,13.9,13.9,17669.0
12:28,13.93,13.93,13.91,13.91,15155.0
12:29,13.93,13.93,13.91,13.93,20978.0
12:30,13.91,13.93,13.91,13.91,16165.0
12:31,13.92,13.92,13.91,13.91,19162.0
12:32,13.95,13.96,13.91,13.91,41445.0
12:33,13.94,13.96,13.94,13.95,30479.0
12:34,13.93,13.95,13.9,13.95,33106.0
12:35,13.97,13.98,13.93,13.93,13497.0
12:36,13.98,13.98,13.95,13.97,11515.0
12:37,13.97,13.98,13.97,13.97,18357.0
12:38,13.98,13.99,13.97,13.97,15534.0
12:39,13.97,13.99,13.96,13.99,20953.0
12:40,13.96,13.97,13.96,13.96,8031.0
12:41,13.95,13.98,13.95,13.97,8481.0
12:42,13.99,13.99,13.95,13.95,22012.0
12:43,13.99,14.0,13.98,13.99,32929.0
12:44,13.99,13.99,13.97,13.99,69655.0
12:45,14.03,14.03,14.0,14.0,11379.0
12:46,14.06,14.06,14.02,14.03,54034.0
12:47,14.05,14.06,14.03,14.06,33312.0
12:48,14.04,14.05,14.04,14.05,4323.0
12:49,14.02,14.06,14.02,14.05,22046.0
12:50,14.04,14.05,14.02,14.02,4957.0
12:51,14.06,14.06,14.03,14.03,13711.0
12:52,14.07,14.07,14.04,14.06,20322.0
12:53,14.05,14.08,14.05,14.08,27782.0
12:54,14.07,14.07,14.05,14.05,17100.0
12:55,14.06,14.06,14.05,14.06,13548.0
12:56,14.05,14.07,14.05,14.06,30997.0
12:57,14.02,14.06,14.02,14.06,26985.0
12:58,14.03,14.05,14.02,14.02,37801.0
12:59,14.03,14.04,14.02,14.04,8797.0
13:00,14.03,14.04,14.03,14.03,15352.0
13:01,14.05,14.06,14.03,14.03,9162.0
13:02,14.02,14.06,14.02,14.06,42522.0
13:03,13.98,14.02,13.98,14.02,48354.0
13:04,13.95,13.98,13.94,13.98,16075.0
13:05,13.94,13.96,13.94,13.95,16274.0
13:06,13.92,13.94,13.92,13.94,16049.0
13:07,13.96,13.96,13.93,13.93,13646.0
13:08,13.96,13.98,13.94,13.95,13784.0
13:09,13.98,13.99,13.97,13.97,11813.0
13:10,13.99,13.99,13.98,13.98,5653.0
13:11,13.98,14.0,13.98,13.98,17056.0
13:12,13.99,13.99,13.98,13.98,4320.0
13:13,13.99,14.0,13.98,13.99,14120.0
13:14,14.0,14.0,13.98,13.99,22141.0
13:15,14.01,14.02,13.99,14.0,28564.0
13:16,14.02,14.02,14.01,14.02,6933.0
13:17,14.02,14.02,14.01,14.01,7154.0
13:18,14.02,14.02,14.0,14.02,21379.0
13:19,14.01,14.02,14.0,14.02,6702.0
13:20,14.04,14.05,14.0,14.01,13321.0
13:21,14.02,14.05,14.01,14.04,10922.0
13:22,14.03,14.03,14.02,14.03,9565.0
13:23,14.05,14.05,14.02,14.03,10026.0
13:24,14.06,14.07,14.05,14.05,6622.0
13:25,14.11,14.11,14.07,14.07,22911.0
13:26,14.13,14.13,14.11,14.11,19092.0
13:27,14.12,14.13,14.11,14.12,20006.0
13:28,14.12,14.13,14.12,14.12,13387.0
13:29,14.16,14.18,14.12,14.12,55248.0
13:30,14.19,14.19,14.15,14.16,36752.0
13:31,14.21,14.22,14.19,14.19,77494.0
13:32,14.22,14.22,14.2,14.21,17781.0
13:33,14.2,14.22,14.19,14.22,45398.0
13:34,14.21,14.22,14.2,14.21,15304.0
13:35,14.21,14.22,14.19,14.22,51236.0
13:36,14.22,14.23,14.2,14.21,30045.0
13:37,14.26,14.26,14.22,14.22,42367.0
13:38,14.23,14.26,14.23,14.26,77970.0
13:39,14.23,14.24,14.23,14.23,11293.0
13:40,14.22,14.24,14.22,14.23,23630.0
13:41,14.23,14.25,14.23,14.23,28335.0
13:42,14.26,14.26,14.23,14.24,18755.0
13:43,14.25,14.26,14.24,14.26,13588.0
13:44,14.24,14.25,14.24,14.25,7853.0
13:45,14.24,14.24,14.23,14.24,15703.0
13:46,14.2,14.24,14.2,14.23,19598.0
13:47,14.21,14.21,14.2,14.21,29850.0
13:48,14.2,14.22,14.19,14.2,28385.0
13:49,14.18,14.2,14.18,14.2,16435.0
13:50,14.18,14.19,14.17,14.18,16573.0
13:51,14.18,14.19,14.17,14.18,15823.0
13:52,14.19,14.19,14.18,14.19,4573.0
13:53,14.18,14.2,14.17,14.19,9860.0
13:54,14.18,14.19,14.17,14.17,17093.0
13:55,14.17,14.19,14.17,14.18,5086.0
13:56,14.16,14.17,14.16,14.17,10600.0
13:57,14.14,14.17,14.14,14.17,26625.0
13:58,14.16,14.16,14.15,14.15,8997.0
13:59,14.18,14.18,14.16,14.17,11906.0
14:00,14.18,14.19,14.17,14.18,9712.0
14:01,14.18,14.2,14.18,14.18,15175.0
14:02,14.17,14.18,14.17,14.17,8421.0
14:03,14.18,14.19,14.17,14.17,5317.0
14:04,14.2,14.2,14.17,14.17,8061.0
14:05,14.23,14.23,14.2,14.21,8726.0
14:06,14.22,14.24,14.22,14.23,7287.0
14:07,14.21,14.23,14.21,14.23,11071.0
14:08,14.2,14.22,14.2,14.21,16067.0
14:09,14.18,14.21,14.17,14.2,11826.0
14:10,14.2,14.21,14.19,14.19,6147.0
14:11,14.22,14.23,14.21,14.21,7923.0
14:12,14.23,14.23,14.22,14.23,3612.0
14:13,14.21,14.23,14.19,14.23,13857.0
14:14,14.19,14.21,14.19,14.21,9017.0
14:15,14.19,14.2,14.19,14.2,23064.0
14:16,14.2,14.2,14.19,14.19,9625.0
14:17,14.19,14.2,14.18,14.2,21320.0
14:18,14.22,14.23,14.18,14.19,37659.0
14:19,14.23,14.24,14.22,14.22,25110.0
14:20,14.23,14.24,14.23,14.23,11441.0
14:21,14.23,14.24,14.22,14.22,15700.0
14:22,14.26,14.27,14.23,14.23,73308.0
14:23,14.27,14.27,14.26,14.27,8387.0
14:24,14.26,14.27,14.25,14.27,4792.0
14:25,14.27,14.27,14.25,14.26,5584.0
14:26,14.27,14.27,14.26,14.27,5829.0
14:27,14.29,14.29,14.27,14.27,8803.0
14:28,14.31,14.31,14.28,14.29,16969.0
14:29,14.32,14.32,14.31,14.32,6505.0
14:30,14.28,14.32,14.28,14.32,102105.0
14:31,14.31,14.31,14.28,14.28,11594.0
14:32,14.35,14.35,14.31,14.31,20921.0
14:33,14.33,14.35,14.32,14.35,31700.0
14:34,14.34,14.34,14.32,14.33,5579.0
14:35,14.35,14.35,14.33,14.34,49693.0
14:36,14.31,14.35,14.31,14.34,30983.0
14:37,14.33,14.33,14.31,14.32,18736.0
14:38,14.34,14.34,14.32,14.33,16822.0
14:39,14.3,14.34,14.3,14.34,11904.0
14:40,14.3,14.31,14.3,14.31,6496.0
14:41,14.28,14.31,14.28,14.3,18474.0
14:42,14.28,14.29,14.27,14.28,32699.0
14:43,14.3,14.3,14.27,14.28,27395.0
14:44,14.29,14.31,14.29,14.3,26665.0
14:45,14.31,14.32,14.31,14.31,9696.0
14:46,14.29,14.31,14.29,14.31,27125.0
14:47,14.31,14.31,14.3,14.3,21329.0
14:48,14.28,14.31,14.28,14.31,24086.0
14:49,14.29,14.29,14.27,14.28,8267.0
14:50,14.31,14.32,14.28,14.28,6475.0
14:51,14.28,14.31,14.28,14.31,18207.0
14:52,14.27,14.28,14.26,14.28,18397.0
14:53,14.27,14.27,14.26,14.26,14032.0
14:54,14.31,14.31,14.28,14.28,6239.0
14:55,14.31,14.32,14.3,14.31,29199.0
14:56,14.39,14.39,14.3,14.31,93485.0
14:57,14.39,14.4,14.38,14.38,84957.0
14:58,14.39,14.4,14.39,14.39,21821.0
14:59,14.41,14.42,14.39,14.4,46329.0
15:00,14.44,14.46,14.42,14.42,90552.0
15:01,14.45,14.45,14.42,14.45,40317.0
15:02,14.44,14.45,14.43,14.44,14621.0
15:03,14.44,14.45,14.43,14.44,27268.0
15:04,14.44,14.46,14.44,14.45,40118.0
15:05,14.44,14.45,14.42,14.44,24932.0
15:06,14.41,14.44,14.41,14.44,27152.0
15:07,14.44,14.44,14.41,14.41,25911.0
15:08,14.43,14.44,14.42,14.44,34141.0
15:09,14.42,14.43,14.42,14.43,12890.0
15:10,14.43,14.44,14.4,14.41,92713.0
15:11,14.36,14.43,14.35,14.42,31590.0
15:12,14.35,14.38,14.35,14.36,45478.0
15:13,14.35,14.36,14.35,14.35,12496.0
15:14,14.32,14.36,14.32,14.35,68753.0
15:15,14.33,14.35,14.32,14.32,64544.0
15:16,14.32,14.33,14.28,14.32,106227.0
15:17,14.31,14.32,14.31,14.32,14520.0
15:18,14.34,14.34,14.31,14.31,30460.0
15:19,14.31,14.34,14.31,14.34,18289.0
15:20,14.31,14.32,14.3,14.31,24726.0
15:21,14.33,14.33,14.31,14.31,10115.0
15:22,14.32,14.32,14.31,14.32,53877.0
15:23,14.34,14.35,14.32,14.32,48289.0
15:24,14.31,14.34,14.31,14.34,16111.0
15:25,14.32,14.32,14.31,14.31,8000.0
15:26,14.32,14.35,14.32,14.32,17784.0
15:27,14.31,14.32,14.31,14.32,19099.0
15:28,14.3,14.31,14.29,14.31,32321.0
15:29,14.27,14.3,14.27,14.3,15897.0
15:30,14.28,14.29,14.26,14.27,39435.0
15:31,14.23,14.29,14.22,14.29,95168.0
15:32,14.23,14.23,14.2,14.22,45437.0
15:33,14.22,14.23,14.21,14.23,13798.0
15:34,14.27,14.27,14.22,14.23,42633.0
15:35,14.24,14.27,14.24,14.27,20247.0
15:36,14.23,14.25,14.22,14.24,25747.0
15:37,14.23,14.24,14.23,14.23,11252.0
15:38,14.22,14.23,14.21,14.23,33178.0
15:39,14.21,14.22,14.2,14.22,25705.0
15:40,14.19,14.21,14.19,14.21,39843.0
15:41,14.19,14.2,14.19,14.19,38852.0
15:42,14.15,14.2,14.15,14.19,62053.0
15:43,14.14,14.16,14.13,14.15,76581.0
15:44,14.14,14.14,14.13,14.14,11398.0
15:45,14.12,14.14,14.11,14.13,95637.0
15:46,14.08,14.12,14.08,14.12,74109.0
15:47,14.11,14.12,14.08,14.09,76822.0
15:48,14.1,14.12,14.1,14.11,53824.0
15:49,14.1,14.11,14.09,14.1,102552.0
15:50,14.14,14.15,14.1,14.1,166671.0
15:51,14.15,14.15,14.12,14.14,79987.0
15:52,14.17,14.18,14.14,14.15,48678.0
15:53,14.18,14.18,14.16,14.16,68685.0
15:54,14.14,14.18,14.14,14.17,48232.0
15:55,14.12,14.15,14.11,14.14,120460.0
15:56,14.11,14.16,14.11,14.12,143813.0
15:57,14.13,14.13,14.11,14.12,89415.0
15:58,14.14,14.15,14.12,14.13,303468.0
15:59,14.14,14.14,14.11,14.14,371756.0
