Time,Close,High,Low,Open,Volume
09:30,13.62,13.74,13.61,13.66,233463.0
09:31,13.59,13.67,13.56,13.62,47669.0
09:32,13.6,13.62,13.56,13.59,17711.0
09:33,13.67,13.69,13.6,13.6,25828.0
09:34,13.64,13.74,13.61,13.7,64103.0
09:35,13.63,13.66,13.6,13.64,13601.0
09:36,13.6,13.63,13.57,13.62,17725.0
09:37,13.6,13.61,13.57,13.6,18505.0
09:38,13.58,13.62,13.56,13.6,23806.0
09:39,13.55,13.59,13.52,13.59,15628.0
09:40,13.56,13.58,13.54,13.58,19508.0
09:41,13.55,13.59,13.53,13.55,26728.0
09:42,13.57,13.59,13.54,13.55,21355.0
09:43,13.56,13.59,13.55,13.57,32235.0
09:44,13.55,13.57,13.53,13.56,40692.0
09:45,13.59,13.59,13.52,13.56,52498.0
09:46,13.62,13.66,13.59,13.59,123770.0
09:47,13.66,13.68,13.61,13.62,29756.0
09:48,13.66,13.67,13.64,13.66,40187.0
09:49,13.66,13.69,13.66,13.66,34716.0
09:50,13.62,13.66,13.57,13.66,61903.0
09:51,13.64,13.64,13.6,13.61,21766.0
09:52,13.65,13.68,13.65,13.65,15535.0
09:53,13.69,13.69,13.65,13.66,21067.0
09:54,13.71,13.71,13.66,13.69,55693.0
09:55,13.72,13.73,13.68,13.7,73292.0
09:56,13.79,13.79,13.72,13.72,33077.0
09:57,13.74,13.78,13.73,13.78,33913.0
09:58,13.73,13.73,13.72,13.73,13869.0
09:59,13.74,13.76,13.73,13.73,20806.0
10:00,13.75,13.78,13.74,13.75,69454.0
10:01,13.75,13.8,13.73,13.75,57668.0
10:02,13.74,13.76,13.72,13.75,23218.0
10:03,13.69,13.73,13.68,13.73,33448.0
10:04,13.72,13.73,13.67,13.69,46682.0
10:05,13.74,13.78,13.73,13.73,28396.0
10:06,13.74,13.77,13.73,13.74,26019.0
10:07,13.73,13.75,13.73,13.74,17518.0
10:08,13.76,13.77,13.74,13.74,19022.0
10:09,13.77,13.77,13.75,13.75,24384.0
10:10,13.78,13.78,13.75,13.77,24934.0
10:11,13.82,13.84,13.78,13.78,36476.0
10:12,13.81,13.84,13.81,13.81,22916.0
10:13,13.83,13.85,13.8,13.81,36315.0
10:14,13.82,13.85,13.81,13.84,25520.0
10:15,13.86,13.86,13.82,13.82,49401.0
10:16,13.86,13.88,13.85,13.85,34450.0
10:17,13.87,13.88,13.84,13.86,43479.0
10:18,13.77,13.88,13.77,13.87,48693.0
10:19,13.74,13.78,13.73,13.77,21792.0
10:20,13.71,13.74,13.69,13.74,14942.0
10:21,13.74,13.77,13.72,13.72,39566.0
10:22,13.74,13.74,13.71,13.74,17787.0
10:23,13.71,13.74,13.71,13.74,67840.0
10:24,13.73,13.73,13.71,13.71,28675.0
10:25,13.71,13.73,13.7,13.73,14997.0
10:26,13.71,13.72,13.69,13.7,30776.0
10:27,13.73,13.73,13.7,13.7,37997.0
10:28,13.73,13.74,13.73,13.73,11671.0
10:29,13.73,13.76,13.73,13.73,47500.0
10:30,13.74,13.75,13.73,13.73,18449.0
10:31,13.73,13.74,13.72,13.73,17527.0
10:32,13.72,13.73,13.72,13.73,24962.0
10:33,13.71,13.73,13.7,13.73,25086.0
10:34,13.73,13.73,13.72,13.72,12854.0
10:35,13.74,13.74,13.72,13.72,15357.0
10:36,13.75,13.76,13.73,13.73,23474.0
10:37,13.78,13.78,13.75,13.75,29026.0
10:38,13.81,13.81,13.77,13.77,38799.0
10:39,13.76,13.81,13.76,13.81,33456.0
10:40,13.74,13.77,13.73,13.77,11075.0
10:41,13.73,13.75,13.73,13.74,22072.0
10:42,13.73,13.74,13.72,13.73,15286.0
10:43,13.74,13.74,13.72,13.74,26442.0
10:44,13.75,13.76,13.74,13.75,13849.0
10:45,13.71,13.76,13.69,13.76,28208.0
10:46,13.69,13.73,13.69,13.72,21601.0
10:47,13.69,13.7,13.69,13.7,8793.0
10:48,13.69,13.7,13.67,13.69,19947.0
10:49,13.68,13.69,13.68,13.69,17117.0
10:50,13.65,13.68,13.65,13.68,15058.0
10:51,13.61,13.66,13.6,13.65,44661.0
10:52,13.62,13.63,13.6,13.61,23905.0
10:53,13.61,13.63,13.6,13.62,23959.0
10:54,13.62,13.62,13.59,13.61,25338.0
10:55,13.58,13.62,13.57,13.62,37184.0
10:56,13.56,13.58,13.53,13.57,38640.0
10:57,13.56,13.56,13.53,13.55,37975.0
10:58,13.56,13.56,13.54,13.55,10290.0
10:59,13.57,13.57,13.56,13.56,8005.0
11:00,13.56,13.59,13.56,13.56,23416.0
11:01,13.56,13.57,13.55,13.56,19892.0
11:02,13.56,13.57,13.56,13.56,13943.0
11:03,13.55,13.56,13.53,13.56,47282.0
11:04,13.52,13.55,13.5,13.54,30513.0
11:05,13.49,13.54,13.49,13.51,41393.0
11:06,13.48,13.5,13.47,13.5,29384.0
11:07,13.52,13.52,13.48,13.48,31753.0
11:08,13.53,13.53,13.51,13.52,13128.0
11:09,13.52,13.55,13.52,13.53,15684.0
11:10,13.5,13.52,13.49,13.51,20471.0
11:11,13.5,13.52,13.49,13.5,8080.0
11:12,13.51,13.53,13.5,13.51,32379.0
11:13,13.52,13.53,13.51,13.51,40844.0
11:14,13.53,13.53,13.52,13.53,11240.0
11:15,13.52,13.54,13.52,13.53,18838.0
11:16,13.51,13.52,13.5,13.52,18416.0
11:17,13.52,13.52,13.51,13.52,23142.0
11:18,13.54,13.55,13.52,13.52,29464.0
11:19,13.51,13.53,13.5,13.53,40354.0
11:20,13.52,13.53,13.51,13.51,19478.0
11:21,13.53,13.54,13.52,13.52,14143.0
11:22,13.51,13.53,13.51,13.53,9852.0
11:23,13.5,13.52,13.47,13.52,29981.0
11:24,13.47,13.5,13.46,13.5,24219.0
11:25,13.45,13.46,13.44,13.46,40593.0
11:26,13.45,13.46,13.44,13.45,17305.0
11:27,13.49,13.51,13.45,13.45,38195.0
11:28,13.51,13.51,13.49,13.49,10148.0
11:29,13.48,13.5,13.47,13.5,28411.0
11:30,13.48,13.49,13.46,13.47,37734.0
11:31,13.47,13.49,13.46,13.48,17448.0
11:32,13.45,13.48,13.45,13.48,24293.0
11:33,13.45,13.47,13.44,13.45,8508.0
11:34,13.48,13.49,13.45,13.45,38474.0
11:35,13.46,13.47,13.44,13.47,10529.0
11:36,13.45,13.46,13.44,13.45,23018.0
11:37,13.47,13.48,13.45,13.45,12851.0
11:38,13.44,13.46,13.44,13.46,18078.0
11:39,13.44,13.46,13.44,13.44,12816.0
11:40,13.41,13.44,13.41,13.44,34929.0
11:41,13.44,13.44,13.42,13.42,16808.0
11:42,13.45,13.47,13.44,13.44,17058.0
11:43,13.46,13.46,13.44,13.45,22505.0
11:44,13.44,13.47,13.43,13.45,77815.0
11:45,13.47,13.47,13.44,13.44,9520.0
11:46,13.49,13.5,13.46,13.46,34748.0
11:47,13.47,13.49,13.47,13.49,13554.0
11:48,13.44,13.46,13.44,13.46,7163.0
11:49,13.44,13.44,13.43,13.44,47515.0
11:50,13.43,13.45,13.43,13.45,9800.0
11:51,13.46,13.46,13.43,13.43,23484.0
11:52,13.48,13.48,13.44,13.45,23068.0
11:53,13.48,13.49,13.48,13.48,19270.0
11:54,13.48,13.49,13.48,13.48,27590.0
11:55,13.48,13.49,13.48,13.48,23162.0
11:56,13.49,13.51,13.48,13.48,48774.0
11:57,13.51,13.51,13.48,13.49,27812.0
11:58,13.49,13.52,13.49,13.52,8679.0
11:59,13.5,13.51,13.49,13.49,17447.0
12:00,13.52,13.53,13.5,13.51,38244.0
12:01,13.55,13.55,13.51,13.51,16285.0
12:02,13.53,13.56,13.52,13.55,27523.0
12:03,13.51,13.53,13.51,13.53,14640.0
12:04,13.49,13.51,13.49,13.5,22112.0
12:05,13.48,13.49,13.46,13.49,29223.0
12:06,13.52,13.52,13.48,13.48,18137.0
12:07,13.49,13.52,13.49,13.52,8974.0
12:08,13.48,13.51,13.47,13.5,10655.0
12:09,13.48,13.49,13.48,13.48,7024.0
12:10,13.48,13.48,13.46,13.48,9509.0
12:11,13.49,13.5,13.48,13.48,5786.0
12:12,13.49,13.49,13.48,13.49,7475.0
12:13,13.48,13.48,13.47,13.48,13104.0
12:14,13.48,13.48,13.47,13.48,6522.0
12:15,13.47,13.48,13.45,13.48,30655.0
12:16,13.48,13.49,13.46,13.47,18548.0
12:17,13.46,13.51,13.46,13.49,23180.0
12:18,13.47,13.47,13.45,13.45,11254.0
12:19,13.44,13.47,13.44,13.47,38280.0
12:20,13.44,13.44,13.44,13.44,7226.0
12:21,13.45,13.46,13.44,13.44,35521.0
12:22,13.44,13.45,13.44,13.45,11639.0
12:23,13.46,13.47,13.44,13.45,39550.0
12:24,13.43,13.45,13.43,13.45,21475.0
12:25,13.43,13.43,13.41,13.43,7295.0
12:26,13.41,13.43,13.4,13.43,26945.0
12:27,13.43,13.43,13.41,13.41,15938.0
12:28,13.44,13.44,13.41,13.43,45442.0
12:29,13.43,13.44,13.41,13.44,19894.0
12:30,13.43,13.43,13.42,13.43,14370.0
12:31,13.44,13.44,13.43,13.44,8121.0
12:32,13.4,13.44,13.4,13.44,19055.0
12:33,13.38,13.4,13.37,13.4,59693.0
12:34,13.37,13.38,13.36,13.38,14286.0
12:35,13.35,13.37,13.35,13.37,21912.0
12:36,13.34,13.35,13.33,13.35,28867.0
12:37,13.32,13.35,13.31,13.35,94392.0
12:38,13.33,13.34,13.32,13.32,51808.0
12:39,13.32,13.34,13.32,13.33,30807.0
12:40,13.33,13.33,13.31,13.32,75696.0
12:41,13.38,13.38,13.33,13.33,17178.0
12:42,13.41,13.41,13.38,13.38,16491.0
12:43,13.42,13.44,13.41,13.42,10622.0
12:44,13.41,13.43,13.41,13.42,12384.0
12:45,13.39,13.43,13.37,13.42,24547.0
12:46,13.41,13.41,13.39,13.39,18240.0
12:47,13.45,13.46,13.41,13.42,21887.0
12:48,13.4,13.45,13.39,13.45,14496.0
12:49,13.4,13.42,13.39,13.4,17823.0
12:50,13.42,13.42,13.4,13.4,6337.0
12:51,13.42,13.44,13.42,13.42,20799.0
12:52,13.43,13.44,13.41,13.43,15245.0
12:53,13.42,13.44,13.42,13.44,15926.0
12:54,13.41,13.44,13.4,13.43,11421.0
12:55,13.41,13.43,13.41,13.42,8710.0
12:56,13.41,13.44,13.41,13.42,9257.0
12:57,13.42,13.44,13.41,13.42,10467.0
12:58,13.4,13.41,13.39,13.41,17557.0
12:59,13.41,13.42,13.4,13.4,6206.0
13:00,13.43,13.43,13.41,13.41,15049.0
13:01,13.41,13.43,13.41,13.42,7921.0
13:02,13.43,13.43,13.41,13.41,4566.0
13:03,13.42,13.44,13.42,13.43,7941.0
13:04,13.43,13.43,13.41,13.41,14753.0
13:05,13.42,13.44,13.4,13.43,15570.0
13:06,13.41,13.44,13.41,13.42,29648.0
13:07,13.4,13.42,13.39,13.42,10872.0
13:08,13.44,13.44,13.4,13.4,8941.0
13:09,13.44,13.45,13.44,13.44,8346.0
13:10,13.43,13.44,13.41,13.44,37514.0
13:11,13.44,13.45,13.43,13.43,37714.0
13:12,13.41,13.42,13.4,13.42,37168.0
13:13,13.43,13.44,13.41,13.41,14593.0
13:14,13.44,13.44,13.43,13.44,8440.0
13:15,13.41,13.44,13.41,13.44,3616.0
13:16,13.4,13.42,13.4,13.41,5910.0
13:17,13.4,13.41,13.4,13.41,10050.0
13:18,13.39,13.4,13.38,13.4,9023.0
13:19,13.39,13.4,13.38,13.39,7163.0
13:20,13.41,13.41,13.4,13.4,12050.0
13:21,13.44,13.44,13.41,13.41,18494.0
13:22,13.44,13.44,13.43,13.44,5030.0
13:23,13.41,13.45,13.4,13.44,23723.0
13:24,13.42,13.42,13.41,13.41,8246.0
13:25,13.42,13.43,13.42,13.43,6099.0
13:26,13.41,13.42,13.4,13.42,14822.0
13:27,13.38,13.41,13.38,13.41,20704.0
13:28,13.39,13.4,13.38,13.38,19298.0
13:29,13.36,13.38,13.36,13.38,22679.0
13:30,13.37,13.39,13.35,13.36,28155.0
13:31,13.4,13.4,13.37,13.38,19892.0
13:32,13.39,13.41,13.39,13.4,14179.0
13:33,13.39,13.39,13.38,13.39,3944.0
13:34,13.4,13.4,13.39,13.39,10593.0
13:35,13.43,13.44,13.4,13.4,15254.0
13:36,13.44,13.45,13.43,13.43,6041.0
13:37,13.45,13.46,13.44,13.44,14009.0
13:38,13.48,13.49,13.45,13.45,46871.0
13:39,13.45,13.48,13.44,13.48,12361.0
13:40,13.45,13.46,13.44,13.46,18120.0
13:41,13.41,13.44,13.41,13.44,23506.0
13:42,13.4,13.41,13.4,13.41,11313.0
13:43,13.38,13.4,13.38,13.4,15266.0
13:44,13.4,13.4,13.39,13.39,6129.0
13:45,13.38,13.39,13.37,13.39,10443.0
13:46,13.4,13.4,13.39,13.39,39859.0
13:47,13.41,13.41,13.4,13.4,6564.0
13:48,13.39,13.4,13.38,13.4,6141.0
13:49,13.38,13.38,13.37,13.38,11841.0
13:50,13.41,13.43,13.38,13.38,20374.0
13:51,13.44,13.44,13.4,13.41,9733.0
13:52,13.45,13.46,13.44,13.45,5108.0
13:53,13.45,13.47,13.45,13.45,27205.0
13:54,13.48,13.48,13.46,13.46,5057.0
13:55,13.48,13.49,13.47,13.47,17572.0
13:56,13.49,13.5,13.49,13.49,10003.0
13:57,13.48,13.5,13.48,13.49,16139.0
13:58,13.49,13.49,13.48,13.48,14280.0
13:59,13.48,13.48,13.47,13.48,24858.0
14:00,13.45,13.48,13.44,13.48,18808.0
14:01,13.46,13.46,13.45,13.45,10241.0
14:02,13.45,13.47,13.44,13.46,8136.0
14:03,13.45,13.47,13.45,13.45,8868.0
14:04,13.47,13.47,13.45,13.45,5925.0
14:05,13.45,13.46,13.45,13.46,4753.0
14:06,13.44,13.45,13.44,13.45,15400.0
14:07,13.44,13.45,13.44,13.44,8605.0
14:08,13.45,13.45,13.44,13.44,13540.0
14:09,13.44,13.46,13.44,13.45,15270.0
14:10,13.44,13.44,13.43,13.44,13100.0
14:11,13.44,13.45,13.44,13.45,7069.0
14:12,13.45,13.45,13.44,13.44,12095.0
14:13,13.45,13.46,13.45,13.45,5661.0
14:14,13.47,13.47,13.45,13.45,7991.0
14:15,13.45,13.48,13.44,13.47,10390.0
14:16,13.44,13.46,13.44,13.45,4725.0
14:17,13.44,13.44,13.43,13.44,18379.0
14:18,13.45,13.45,13.44,13.44,12989.0
14:19,13.46,13.47,13.44,13.45,13117.0
14:20,13.45,13.47,13.45,13.47,8073.0
14:21,13.48,13.48,13.46,13.46,14856.0
14:22,13.46,13.48,13.46,13.48,3864.0
14:23,13.45,13.46,13.44,13.46,27741.0
14:24,13.44,13.45,13.44,13.45,8998.0
14:25,13.41,13.44,13.41,13.44,10207.0
14:26,13.4,13.43,13.4,13.41,34578.0
14:27,13.4,13.42,13.4,13.4,14520.0
14:28,13.42,13.43,13.4,13.4,9978.0
14:29,13.41,13.43,13.41,13.42,21985.0
14:30,13.44,13.44,13.42,13.42,35664.0
14:31,13.42,13.45,13.42,13.45,16620.0
14:32,13.42,13.43,13.42,13.42,5792.0
14:33,13.41,13.42,13.41,13.42,7671.0
14:34,13.43,13.43,13.41,13.41,5518.0
14:35,13.44,13.45,13.43,13.43,25662.0
14:36,13.43,13.44,13.42,13.44,9293.0
14:37,13.42,13.43,13.42,13.42,7885.0
14:38,13.41,13.42,13.41,13.41,3893.0
14:39,13.41,13.41,13.41,13.41,6651.0
14:40,13.44,13.44,13.41,13.41,12879.0
14:41,13.41,13.43,13.4,13.43,9687.0
14:42,13.4,13.42,13.39,13.4,40158.0
14:43,13.4,13.41,13.4,13.4,10890.0
14:44,13.39,13.4,13.39,13.4,16371.0
14:45,13.4,13.4,13.4,13.4,4717.0
14:46,13.38,13.4,13.38,13.4,10981.0
14:47,13.38,13.4,13.38,13.39,9679.0
14:48,13.39,13.39,13.37,13.38,10346.0
14:49,13.4,13.4,13.39,13.39,7205.0
14:50,13.42,13.42,13.4,13.4,6601.0
14:51,13.44,13.44,13.42,13.42,11250.0
14:52,13.44,13.45,13.44,13.44,13598.0
14:53,13.46,13.47,13.44,13.44,48693.0
14:54,13.48,13.48,13.45,13.45,9560.0
14:55,13.49,13.5,13.48,13.48,19436.0
14:56,13.48,13.49,13.48,13.49,10912.0
14:57,13.45,13.48,13.45,13.48,6631.0
14:58,13.43,13.47,13.43,13.45,19462.0
14:59,13.44,13.45,13.44,13.44,52888.0
15:00,13.47,13.47,13.44,13.45,11537.0
15:01,13.48,13.48,13.47,13.47,13879.0
15:02,13.45,13.47,13.44,13.47,28409.0
15:03,13.45,13.46,13.45,13.45,5514.0
15:04,13.47,13.47,13.44,13.45,19125.0
15:05,13.44,13.46,13.44,13.46,19580.0
15:06,13.43,13.44,13.41,13.44,41409.0
15:07,13.42,13.44,13.42,13.44,10404.0
15:08,13.43,13.43,13.42,13.43,16978.0
15:09,13.44,13.44,13.42,13.42,8828.0
15:10,13.44,13.44,13.43,13.44,8035.0
15:11,13.45,13.45,13.44,13.44,24015.0
15:12,13.45,13.46,13.45,13.45,4152.0
15:13,13.47,13.47,13.44,13.45,13518.0
15:14,13.47,13.47,13.46,13.47,3992.0
15:15,13.47,13.48,13.47,13.47,9208.0
15:16,13.48,13.48,13.47,13.47,36591.0
15:17,13.49,13.49,13.48,13.49,14203.0
15:18,13.5,13.51,13.48,13.48,20819.0
15:19,13.52,13.52,13.51,13.51,10033.0
15:20,13.52,13.53,13.52,13.52,11747.0
15:21,13.52,13.53,13.52,13.52,17146.0
15:22,13.52,13.52,13.51,13.52,34397.0
15:23,13.48,13.51,13.48,13.51,33613.0
15:24,13.49,13.49,13.47,13.47,15811.0
15:25,13.47,13.49,13.47,13.49,13590.0
15:26,13.47,13.48,13.47,13.47,10678.0
15:27,13.48,13.49,13.48,13.48,12338.0
15:28,13.51,13.51,13.49,13.49,38640.0
15:29,13.49,13.51,13.49,13.51,28736.0
15:30,13.48,13.5,13.48,13.5,13032.0
15:31,13.47,13.49,13.47,13.48,17740.0
15:32,13.46,13.47,13.46,13.47,14147.0
15:33,13.48,13.48,13.46,13.46,26296.0
15:34,13.48,13.48,13.47,13.47,8865.0
15:35,13.49,13.49,13.47,13.48,10831.0
15:36,13.48,13.49,13.48,13.48,9793.0
15:37,13.51,13.51,13.48,13.48,13161.0
15:38,13.48,13.52,13.48,13.51,46872.0
15:39,13.46,13.49,13.45,13.49,25473.0
15:40,13.44,13.46,13.44,13.46,26217.0
15:41,13.42,13.44,13.42,13.44,16187.0
15:42,13.41,13.44,13.41,13.42,21580.0
15:43,13.4,13.41,13.4,13.41,48016.0
15:44,13.43,13.43,13.4,13.4,20615.0
15:45,13.4,13.43,13.4,13.43,27729.0
15:46,13.38,13.4,13.38,13.4,50442.0
15:47,13.38,13.39,13.37,13.38,65578.0
15:48,13.4,13.4,13.37,13.38,51001.0
15:49,13.38,13.4,13.38,13.4,20015.0
15:50,13.46,13.46,13.38,13.38,69490.0
15:51,13.48,13.48,13.45,13.45,31014.0
15:52,13.48,13.48,13.47,13.48,46509.0
15:53,13.47,13.48,13.46,13.47,50640.0
15:54,13.45,13.47,13.44,13.47,65066.0
15:55,13.48,13.49,13.45,13.45,61488.0
15:56,13.47,13.48,13.45,13.47,138641.0
15:57,13.48,13.49,13.47,13.48,69459.0
15:58,13.48,13.5,13.46,13.48,249217.0
15:59,13.48,13.49,13.47,13.48,271741.0
