Time,Close,High,Low,Open,Volume
09:30,13.12,13.16,13.04,13.15,446703.0
09:31,13.07,13.12,13.06,13.11,44217.0
09:32,13.16,13.18,13.07,13.07,49314.0
09:33,13.16,13.2,13.15,13.17,56940.0
09:34,13.22,13.22,13.15,13.16,58214.0
09:35,13.27,13.29,13.22,13.23,44868.0
09:36,13.24,13.29,13.24,13.26,101398.0
09:37,13.27,13.29,13.24,13.25,107487.0
09:38,13.24,13.26,13.18,13.26,48277.0
09:39,13.23,13.25,13.19,13.25,38765.0
09:40,13.22,13.25,13.19,13.24,23968.0
09:41,13.29,13.3,13.22,13.22,42605.0
09:42,13.25,13.32,13.24,13.3,78416.0
09:43,13.15,13.26,13.15,13.26,62421.0
09:44,13.12,13.15,13.11,13.15,74569.0
09:45,13.16,13.17,13.11,13.11,117922.0
09:46,13.17,13.2,13.15,13.15,34982.0
09:47,13.21,13.22,13.18,13.18,21241.0
09:48,13.2,13.22,13.19,13.2,20945.0
09:49,13.09,13.19,13.09,13.19,50743.0
09:50,13.09,13.1,13.06,13.08,49930.0
09:51,13.13,13.15,13.09,13.09,36754.0
09:52,13.17,13.19,13.13,13.14,43632.0
09:53,13.18,13.23,13.14,13.18,151159.0
09:54,13.15,13.2,13.15,13.19,28534.0
09:55,13.13,13.16,13.12,13.15,22919.0
09:56,13.18,13.18,13.13,13.13,16487.0
09:57,13.22,13.25,13.19,13.2,45793.0
09:58,13.23,13.24,13.21,13.23,23599.0
09:59,13.21,13.24,13.19,13.23,35847.0
10:00,13.26,13.26,13.19,13.22,103867.0
10:01,13.23,13.25,13.19,13.25,35868.0
10:02,13.23,13.24,13.22,13.23,23981.0
10:03,13.25,13.25,13.22,13.24,20523.0
10:04,13.25,13.26,13.23,13.24,17378.0
10:05,13.31,13.31,13.25,13.26,39192.0
10:06,13.28,13.32,13.28,13.31,52604.0
10:07,13.26,13.32,13.25,13.28,129573.0
10:08,13.22,13.25,13.21,13.25,20842.0
10:09,13.18,13.22,13.16,13.22,57695.0
10:10,13.21,13.21,13.16,13.17,23865.0
10:11,13.15,13.22,13.14,13.21,29234.0
10:12,13.16,13.18,13.12,13.15,41777.0
10:13,13.16,13.18,13.14,13.16,36438.0
10:14,13.19,13.2,13.16,13.16,12236.0
10:15,13.19,13.2,13.17,13.2,36298.0
10:16,13.19,13.2,13.16,13.19,25199.0
10:17,13.19,13.21,13.18,13.19,19292.0
10:18,13.22,13.22,13.18,13.19,56869.0
10:19,13.23,13.24,13.22,13.22,30357.0
10:20,13.23,13.23,13.2,13.23,19392.0
10:21,13.25,13.25,13.2,13.22,27362.0
10:22,13.25,13.27,13.22,13.25,45413.0
10:23,13.19,13.27,13.18,13.25,39407.0
10:24,13.18,13.19,13.16,13.18,25216.0
10:25,13.19,13.2,13.16,13.17,14427.0
10:26,13.19,13.2,13.16,13.19,21668.0
10:27,13.23,13.23,13.19,13.19,16192.0
10:28,13.23,13.26,13.22,13.23,20905.0
10:29,13.19,13.23,13.19,13.23,25798.0
10:30,13.22,13.22,13.18,13.2,26173.0
10:31,13.22,13.23,13.22,13.23,17428.0
10:32,13.2,13.22,13.2,13.22,32178.0
10:33,13.22,13.22,13.2,13.21,12087.0
10:34,13.21,13.22,13.2,13.22,25675.0
10:35,13.18,13.2,13.16,13.2,52369.0
10:36,13.18,13.19,13.16,13.18,25570.0
10:37,13.22,13.22,13.19,13.19,16131.0
10:38,13.2,13.22,13.2,13.21,18010.0
10:39,13.22,13.23,13.21,13.21,22076.0
10:40,13.21,13.22,13.2,13.22,16857.0
10:41,13.19,13.22,13.19,13.21,12161.0
10:42,13.19,13.19,13.18,13.19,29740.0
10:43,13.19,13.2,13.19,13.19,12010.0
10:44,13.19,13.21,13.19,13.2,12768.0
10:45,13.2,13.21,13.19,13.2,25126.0
10:46,13.19,13.21,13.18,13.2,28481.0
10:47,13.21,13.22,13.18,13.19,213979.0
10:48,13.2,13.22,13.19,13.22,47130.0
10:49,13.19,13.22,13.18,13.21,31996.0
10:50,13.19,13.19,13.19,13.19,5928.0
10:51,13.19,13.2,13.19,13.19,26101.0
10:52,13.19,13.2,13.19,13.19,4943.0
10:53,13.21,13.22,13.19,13.2,44702.0
10:54,13.19,13.21,13.19,13.2,21049.0
10:55,13.2,13.2,13.19,13.2,19304.0
10:56,13.19,13.21,13.19,13.2,24650.0
10:57,13.19,13.2,13.19,13.19,19820.0
10:58,13.2,13.21,13.19,13.19,38300.0
10:59,13.18,13.19,13.18,13.19,8269.0
11:00,13.2,13.21,13.18,13.18,15516.0
11:01,13.21,13.21,13.19,13.19,14956.0
11:02,13.2,13.21,13.2,13.2,15188.0
11:03,13.2,13.22,13.2,13.21,21577.0
11:04,13.21,13.21,13.19,13.2,13384.0
11:05,13.21,13.21,13.2,13.2,5872.0
11:06,13.22,13.22,13.2,13.2,54922.0
11:07,13.25,13.26,13.23,13.23,27062.0
11:08,13.25,13.25,13.24,13.25,15455.0
11:09,13.25,13.26,13.24,13.24,11396.0
11:10,13.24,13.25,13.23,13.24,11304.0
11:11,13.25,13.25,13.24,13.24,5664.0
11:12,13.27,13.27,13.24,13.24,13577.0
11:13,13.25,13.27,13.25,13.26,14318.0
11:14,13.25,13.25,13.23,13.24,32990.0
11:15,13.24,13.26,13.23,13.25,49195.0
11:16,13.23,13.24,13.23,13.24,14425.0
11:17,13.24,13.25,13.23,13.23,10103.0
11:18,13.23,13.25,13.23,13.24,23032.0
11:19,13.23,13.23,13.22,13.23,21500.0
11:20,13.23,13.23,13.22,13.23,8309.0
11:21,13.22,13.23,13.21,13.22,18966.0
11:22,13.22,13.22,13.21,13.22,8619.0
11:23,13.22,13.22,13.21,13.21,4349.0
11:24,13.22,13.22,13.21,13.22,17309.0
11:25,13.2,13.22,13.2,13.22,16499.0
11:26,13.23,13.23,13.18,13.2,56609.0
11:27,13.24,13.25,13.23,13.23,12099.0
11:28,13.26,13.26,13.24,13.24,18335.0
11:29,13.24,13.27,13.23,13.26,32400.0
11:30,13.22,13.24,13.22,13.24,10864.0
11:31,13.22,13.22,13.22,13.22,16575.0
11:32,13.2,13.22,13.2,13.22,7605.0
11:33,13.2,13.2,13.19,13.2,58312.0
11:34,13.24,13.24,13.21,13.21,30778.0
11:35,13.27,13.27,13.24,13.24,31586.0
11:36,13.3,13.3,13.27,13.27,33199.0
11:37,13.31,13.31,13.29,13.3,40047.0
11:38,13.31,13.31,13.3,13.31,24584.0
11:39,13.31,13.31,13.28,13.31,117686.0
11:40,13.31,13.32,13.31,13.31,9763.0
11:41,13.34,13.34,13.31,13.31,84970.0
11:42,13.34,13.35,13.33,13.33,31934.0
11:43,13.33,13.34,13.33,13.34,10043.0
11:44,13.33,13.34,13.33,13.33,18884.0
11:45,13.32,13.34,13.32,13.34,12318.0
11:46,13.3,13.32,13.3,13.32,19019.0
11:47,13.31,13.31,13.3,13.31,8012.0
11:48,13.3,13.3,13.3,13.3,2708.0
11:49,13.31,13.31,13.3,13.31,5416.0
11:50,13.34,13.34,13.3,13.31,29875.0
11:51,13.33,13.35,13.33,13.34,18669.0
11:52,13.34,13.35,13.33,13.34,19733.0
11:53,13.35,13.35,13.34,13.34,9125.0
11:54,13.33,13.35,13.33,13.35,6018.0
11:55,13.31,13.34,13.31,13.33,15433.0
11:56,13.32,13.33,13.32,13.32,7081.0
11:57,13.31,13.32,13.31,13.32,16651.0
11:58,13.32,13.32,13.31,13.32,9034.0
11:59,13.34,13.34,13.32,13.32,22112.0
12:00,13.35,13.36,13.34,13.34,25644.0
12:01,13.36,13.37,13.35,13.35,20816.0
12:02,13.35,13.36,13.34,13.36,24130.0
12:03,13.33,13.34,13.32,13.34,15477.0
12:04,13.34,13.34,13.33,13.34,5481.0
12:05,13.34,13.34,13.32,13.34,10578.0
12:06,13.31,13.34,13.31,13.33,8742.0
12:07,13.32,13.32,13.31,13.31,17433.0
12:08,13.32,13.33,13.32,13.33,5346.0
12:09,13.3,13.31,13.29,13.31,8418.0
12:10,13.31,13.32,13.29,13.29,22879.0
12:11,13.31,13.32,13.3,13.31,6943.0
12:12,13.3,13.32,13.3,13.31,10724.0
12:13,13.31,13.31,13.28,13.3,13148.0
12:14,13.32,13.32,13.31,13.31,11422.0
12:15,13.31,13.32,13.31,13.32,16562.0
12:16,13.34,13.34,13.32,13.32,13752.0
12:17,13.35,13.35,13.33,13.33,14581.0
12:18,13.35,13.35,13.35,13.35,1884.0
12:19,13.34,13.35,13.34,13.35,14910.0
12:20,13.35,13.36,13.32,13.34,66454.0
12:21,13.36,13.36,13.35,13.35,11171.0
12:22,13.36,13.36,13.35,13.35,18101.0
12:23,13.35,13.37,13.35,13.37,28340.0
12:24,13.37,13.37,13.35,13.35,14104.0
12:25,13.37,13.38,13.36,13.36,16676.0
12:26,13.36,13.37,13.36,13.36,13421.0
12:27,13.39,13.39,13.37,13.37,28333.0
12:28,13.39,13.4,13.38,13.39,17696.0
12:29,13.38,13.38,13.37,13.38,11871.0
12:30,13.39,13.39,13.38,13.38,7749.0
12:31,13.38,13.39,13.37,13.39,9412.0
12:32,13.36,13.38,13.36,13.38,18534.0
12:33,13.37,13.37,13.36,13.36,4660.0
12:34,13.36,13.38,13.36,13.36,20280.0
12:35,13.36,13.37,13.36,13.36,10746.0
12:36,13.36,13.36,13.35,13.36,14700.0
12:37,13.36,13.37,13.36,13.36,3157.0
12:38,13.36,13.37,13.36,13.36,17243.0
12:39,13.37,13.37,13.36,13.36,27132.0
12:40,13.39,13.39,13.37,13.37,32275.0
12:41,13.39,13.39,13.38,13.39,20056.0
12:42,13.39,13.39,13.39,13.39,5990.0
12:43,13.4,13.4,13.38,13.39,14835.0
12:44,13.38,13.4,13.38,13.4,31697.0
12:45,13.39,13.39,13.38,13.38,15204.0
12:46,13.35,13.39,13.35,13.39,27439.0
12:47,13.38,13.38,13.35,13.35,14035.0
12:48,13.4,13.4,13.36,13.37,30637.0
12:49,13.4,13.4,13.39,13.39,5740.0
12:50,13.39,13.4,13.39,13.4,13749.0
12:51,13.4,13.4,13.4,13.4,9726.0
12:52,13.4,13.41,13.39,13.4,39387.0
12:53,13.43,13.43,13.4,13.4,47456.0
12:54,13.44,13.44,13.42,13.43,30873.0
12:55,13.4,13.44,13.39,13.44,159826.0
12:56,13.41,13.41,13.4,13.4,34436.0
12:57,13.4,13.41,13.39,13.4,21072.0
12:58,13.4,13.4,13.39,13.4,5041.0
12:59,13.4,13.4,13.39,13.4,10316.0
13:00,13.4,13.41,13.4,13.4,8136.0
13:01,13.4,13.41,13.4,13.4,19510.0
13:02,13.4,13.4,13.39,13.4,3938.0
13:03,13.39,13.4,13.38,13.4,124935.0
13:04,13.38,13.39,13.37,13.39,10572.0
13:05,13.36,13.38,13.36,13.37,7411.0
13:06,13.4,13.4,13.36,13.36,17039.0
13:07,13.4,13.41,13.4,13.4,8370.0
13:08,13.4,13.4,13.39,13.4,17990.0
13:09,13.39,13.4,13.38,13.4,6605.0
13:10,13.39,13.39,13.38,13.39,12853.0
13:11,13.38,13.39,13.38,13.39,3565.0
13:12,13.39,13.4,13.38,13.39,24212.0
13:13,13.37,13.39,13.36,13.39,16505.0
13:14,13.39,13.4,13.38,13.38,16051.0
13:15,13.39,13.39,13.38,13.39,7068.0
13:16,13.36,13.39,13.36,13.39,15170.0
13:17,13.36,13.37,13.35,13.37,7346.0
13:18,13.36,13.37,13.36,13.37,3798.0
13:19,13.38,13.38,13.36,13.36,7804.0
13:20,13.38,13.38,13.37,13.38,5700.0
13:21,13.38,13.39,13.38,13.38,15325.0
13:22,13.36,13.38,13.36,13.38,8264.0
13:23,13.36,13.37,13.36,13.36,5192.0
13:24,13.36,13.37,13.36,13.36,7839.0
13:25,13.35,13.36,13.35,13.36,7703.0
13:26,13.35,13.36,13.35,13.35,8332.0
13:27,13.33,13.35,13.33,13.35,31680.0
13:28,13.32,13.34,13.32,13.34,12054.0
13:29,13.34,13.34,13.31,13.32,21181.0
13:30,13.34,13.35,13.33,13.34,12078.0
13:31,13.36,13.36,13.34,13.34,18737.0
13:32,13.38,13.38,13.35,13.36,8602.0
13:33,13.38,13.38,13.38,13.38,5259.0
13:34,13.36,13.38,13.36,13.38,14401.0
13:35,13.36,13.36,13.35,13.36,7429.0
13:36,13.38,13.38,13.35,13.35,7608.0
13:37,13.38,13.38,13.37,13.37,4180.0
13:38,13.36,13.38,13.36,13.38,9237.0
13:39,13.35,13.36,13.35,13.36,12443.0
13:40,13.35,13.35,13.34,13.35,10642.0
13:41,13.36,13.36,13.35,13.35,15157.0
13:42,13.38,13.38,13.36,13.37,20828.0
13:43,13.36,13.38,13.36,13.38,5959.0
13:44,13.37,13.37,13.36,13.36,3832.0
13:45,13.35,13.37,13.35,13.37,9932.0
13:46,13.35,13.35,13.35,13.35,8529.0
13:47,13.33,13.34,13.33,13.34,8901.0
13:48,13.34,13.34,13.32,13.33,8317.0
13:49,13.35,13.35,13.34,13.34,8215.0
13:50,13.35,13.35,13.34,13.35,14535.0
13:51,13.34,13.35,13.33,13.35,7364.0
13:52,13.33,13.34,13.32,13.34,13690.0
13:53,13.32,13.34,13.32,13.34,10986.0
13:54,13.34,13.34,13.33,13.33,30601.0
13:55,13.34,13.34,13.34,13.34,2765.0
13:56,13.34,13.34,13.33,13.34,4872.0
13:57,13.32,13.34,13.32,13.34,11905.0
13:58,13.34,13.34,13.32,13.32,23121.0
13:59,13.33,13.35,13.33,13.34,13199.0
14:00,13.34,13.35,13.34,13.34,9028.0
14:01,13.32,13.35,13.32,13.34,10384.0
14:02,13.33,13.33,13.32,13.33,6788.0
14:03,13.33,13.34,13.32,13.33,7929.0
14:04,13.34,13.34,13.34,13.34,13070.0
14:05,13.34,13.34,13.34,13.34,6657.0
14:06,13.34,13.34,13.33,13.34,8427.0
14:07,13.34,13.34,13.33,13.34,7576.0
14:08,13.35,13.36,13.34,13.34,39399.0
14:09,13.35,13.35,13.34,13.35,10997.0
14:10,13.34,13.35,13.34,13.35,10417.0
14:11,13.32,13.34,13.32,13.33,8638.0
14:12,13.32,13.32,13.32,13.32,4352.0
14:13,13.32,13.34,13.32,13.32,20686.0
14:14,13.32,13.32,13.32,13.32,3539.0
14:15,13.32,13.33,13.32,13.32,4375.0
14:16,13.31,13.33,13.31,13.32,17772.0
14:17,13.29,13.31,13.28,13.31,25626.0
14:18,13.29,13.29,13.27,13.28,63247.0
14:19,13.28,13.29,13.28,13.29,16368.0
14:20,13.28,13.29,13.28,13.28,6658.0
14:21,13.28,13.29,13.28,13.28,10131.0
14:22,13.27,13.3,13.26,13.28,37600.0
14:23,13.27,13.27,13.26,13.27,12949.0
14:24,13.26,13.27,13.26,13.27,8156.0
14:25,13.26,13.26,13.26,13.26,5377.0
14:26,13.26,13.26,13.25,13.25,11515.0
14:27,13.26,13.26,13.23,13.26,54765.0
14:28,13.26,13.27,13.26,13.26,25148.0
14:29,13.26,13.27,13.26,13.26,8716.0
14:30,13.27,13.27,13.26,13.27,7224.0
14:31,13.26,13.27,13.26,13.27,6667.0
14:32,13.27,13.27,13.26,13.26,26881.0
14:33,13.27,13.28,13.27,13.27,36786.0
14:34,13.27,13.27,13.27,13.27,4368.0
14:35,13.26,13.27,13.26,13.27,3612.0
14:36,13.27,13.27,13.26,13.27,7495.0
14:37,13.26,13.27,13.25,13.27,13010.0
14:38,13.28,13.28,13.26,13.26,22056.0
14:39,13.28,13.29,13.28,13.29,5148.0
14:40,13.29,13.29,13.27,13.29,20240.0
14:41,13.27,13.29,13.27,13.28,20553.0
14:42,13.26,13.27,13.26,13.27,27669.0
14:43,13.26,13.27,13.25,13.27,3251.0
14:44,13.27,13.27,13.26,13.26,5744.0
14:45,13.27,13.27,13.26,13.27,10658.0
14:46,13.27,13.27,13.26,13.26,10121.0
14:47,13.27,13.28,13.27,13.27,12674.0
14:48,13.27,13.27,13.27,13.27,5093.0
14:49,13.26,13.26,13.25,13.26,20901.0
14:50,13.27,13.27,13.26,13.26,18970.0
14:51,13.27,13.28,13.26,13.27,11767.0
14:52,13.27,13.27,13.26,13.27,9632.0
14:53,13.26,13.26,13.25,13.26,9663.0
14:54,13.27,13.27,13.26,13.26,9369.0
14:55,13.27,13.28,13.27,13.28,15731.0
14:56,13.26,13.27,13.26,13.26,19219.0
14:57,13.27,13.27,13.26,13.26,10184.0
14:58,13.27,13.28,13.27,13.27,10459.0
14:59,13.27,13.27,13.26,13.27,3070.0
15:00,13.27,13.27,13.27,13.27,15634.0
15:01,13.28,13.28,13.27,13.27,9246.0
15:02,13.28,13.29,13.28,13.28,10207.0
15:03,13.27,13.29,13.27,13.28,14465.0
15:04,13.27,13.28,13.27,13.27,6565.0
15:05,13.28,13.29,13.28,13.28,14738.0
15:06,13.29,13.3,13.28,13.29,40465.0
15:07,13.29,13.3,13.29,13.3,4663.0
15:08,13.3,13.3,13.29,13.3,4630.0
15:09,13.29,13.3,13.28,13.3,23553.0
15:10,13.28,13.29,13.28,13.28,5813.0
15:11,13.28,13.29,13.28,13.28,4766.0
15:12,13.3,13.3,13.28,13.28,26116.0
15:13,13.3,13.3,13.29,13.3,7743.0
15:14,13.3,13.31,13.3,13.3,32390.0
15:15,13.28,13.31,13.27,13.31,24345.0
15:16,13.28,13.29,13.27,13.27,11066.0
15:17,13.3,13.3,13.29,13.29,7347.0
15:18,13.3,13.3,13.29,13.3,3764.0
15:19,13.3,13.3,13.29,13.3,7047.0
15:20,13.3,13.3,13.29,13.3,7652.0
15:21,13.3,13.31,13.29,13.3,19729.0
15:22,13.31,13.31,13.3,13.31,21749.0
15:23,13.31,13.31,13.31,13.31,9430.0
15:24,13.3,13.31,13.3,13.31,25801.0
15:25,13.28,13.3,13.28,13.29,11139.0
15:26,13.27,13.28,13.27,13.28,15516.0
15:27,13.29,13.29,13.27,13.27,13850.0
15:28,13.29,13.29,13.28,13.29,5383.0
15:29,13.28,13.29,13.28,13.28,7932.0
15:30,13.28,13.29,13.27,13.29,24280.0
15:31,13.3,13.3,13.29,13.29,23266.0
15:32,13.3,13.31,13.29,13.3,25941.0
15:33,13.31,13.31,13.3,13.31,13430.0
15:34,13.31,13.31,13.31,13.31,12461.0
15:35,13.29,13.31,13.28,13.31,51478.0
15:36,13.33,13.33,13.28,13.28,43207.0
15:37,13.33,13.33,13.32,13.33,9992.0
15:38,13.34,13.34,13.32,13.32,15132.0
15:39,13.34,13.34,13.33,13.33,14393.0
15:40,13.34,13.34,13.33,13.34,13152.0
15:41,13.34,13.35,13.34,13.34,30915.0
15:42,13.31,13.34,13.31,13.33,52144.0
15:43,13.32,13.32,13.31,13.32,52639.0
15:44,13.34,13.34,13.32,13.32,20420.0
15:45,13.35,13.35,13.33,13.33,34255.0
15:46,13.35,13.35,13.34,13.35,19052.0
15:47,13.34,13.35,13.33,13.35,61984.0
15:48,13.35,13.36,13.34,13.34,52547.0
15:49,13.35,13.35,13.33,13.34,32173.0
15:50,13.31,13.35,13.31,13.34,146736.0
15:51,13.31,13.32,13.3,13.32,59201.0
15:52,13.31,13.32,13.3,13.31,72638.0
15:53,13.32,13.33,13.31,13.31,59481.0
15:54,13.34,13.34,13.32,13.32,48691.0
15:55,13.34,13.36,13.34,13.34,140612.0
15:56,13.34,13.35,13.33,13.34,93795.0
15:57,13.34,13.34,13.31,13.34,184326.0
15:58,13.31,13.35,13.3,13.34,212061.0
15:59,13.3,13.31,13.3,13.31,231183.0
