Time,Close,High,Low,Open,Volume
09:30,18.17,18.31,18.1,18.15,1985249.0
09:31,18.17,18.29,18.11,18.2,277057.0
09:32,18.39,18.39,18.14,18.18,301139.0
09:33,18.54,18.67,18.38,18.38,575414.0
09:34,18.51,18.63,18.48,18.54,211781.0
09:35,18.42,18.56,18.36,18.52,148922.0
09:36,18.45,18.45,18.41,18.42,151306.0
09:37,18.42,18.49,18.36,18.45,191399.0
09:38,18.73,18.86,18.41,18.41,454275.0
09:39,18.94,18.97,18.66,18.73,467717.0
09:40,18.83,18.98,18.79,18.94,323851.0
09:41,18.56,18.82,18.56,18.79,293556.0
09:42,18.57,18.65,18.5,18.56,154032.0
09:43,18.53,18.58,18.43,18.56,170689.0
09:44,18.41,18.53,18.32,18.53,298862.0
09:45,18.58,18.59,18.32,18.41,218785.0
09:46,18.28,18.62,18.26,18.59,180228.0
09:47,18.27,18.37,18.25,18.28,151314.0
09:48,18.33,18.33,18.25,18.27,140572.0
09:49,18.38,18.42,18.3,18.33,144738.0
09:50,18.39,18.42,18.35,18.4,96577.0
09:51,18.46,18.48,18.36,18.39,254205.0
09:52,18.62,18.64,18.45,18.46,221919.0
09:53,18.56,18.65,18.55,18.62,223555.0
09:54,18.62,18.63,18.54,18.56,218526.0
09:55,18.59,18.73,18.58,18.62,241745.0
09:56,18.44,18.61,18.43,18.6,138801.0
09:57,18.35,18.45,18.34,18.43,120165.0
09:58,18.37,18.4,18.33,18.34,87468.0
09:59,18.52,18.53,18.34,18.36,62574.0
10:00,18.42,18.55,18.42,18.53,78108.0
10:01,18.35,18.44,18.35,18.42,74298.0
10:02,18.36,18.4,18.33,18.36,104791.0
10:03,18.35,18.39,18.31,18.36,100791.0
10:04,18.38,18.43,18.35,18.36,131348.0
10:05,18.48,18.49,18.35,18.37,91090.0
10:06,18.41,18.49,18.41,18.48,104640.0
10:07,18.47,18.49,18.41,18.41,83590.0
10:08,18.41,18.48,18.4,18.48,92428.0
10:09,18.54,18.55,18.41,18.41,165857.0
10:10,18.52,18.54,18.5,18.53,109084.0
10:11,18.58,18.58,18.5,18.52,106549.0
10:12,18.55,18.6,18.55,18.58,131291.0
10:13,18.51,18.56,18.51,18.55,134451.0
10:14,18.47,18.52,18.42,18.51,197852.0
10:15,18.4,18.48,18.38,18.48,118829.0
10:16,18.44,18.47,18.39,18.39,150066.0
10:17,18.41,18.47,18.39,18.44,80224.0
10:18,18.34,18.42,18.33,18.41,182208.0
10:19,18.44,18.49,18.34,18.34,121153.0
10:20,18.48,18.48,18.39,18.44,88093.0
10:21,18.42,18.49,18.4,18.48,84311.0
10:22,18.39,18.43,18.37,18.41,63673.0
10:23,18.38,18.42,18.38,18.38,87857.0
10:24,18.43,18.44,18.37,18.38,101404.0
10:25,18.43,18.45,18.41,18.44,101158.0
10:26,18.34,18.44,18.34,18.43,129541.0
10:27,18.36,18.37,18.34,18.35,89082.0
10:28,18.35,18.38,18.35,18.36,85579.0
10:29,18.4,18.4,18.34,18.35,57082.0
10:30,18.35,18.4,18.35,18.39,78331.0
10:31,18.42,18.44,18.33,18.35,128714.0
10:32,18.44,18.45,18.41,18.42,135534.0
10:33,18.42,18.44,18.4,18.44,103744.0
10:34,18.36,18.42,18.36,18.42,79369.0
10:35,18.41,18.41,18.35,18.37,94705.0
10:36,18.39,18.44,18.39,18.41,62543.0
10:37,18.39,18.4,18.36,18.39,57426.0
10:38,18.36,18.41,18.36,18.38,90551.0
10:39,18.35,18.37,18.34,18.37,81579.0
10:40,18.32,18.36,18.32,18.35,130396.0
10:41,18.32,18.35,18.29,18.33,249874.0
10:42,18.4,18.4,18.32,18.33,56699.0
10:43,18.41,18.47,18.39,18.4,174954.0
10:44,18.42,18.43,18.4,18.42,81885.0
10:45,18.4,18.42,18.39,18.42,32340.0
10:46,18.6,18.6,18.39,18.4,237879.0
10:47,18.55,18.6,18.53,18.59,182341.0
10:48,18.52,18.56,18.52,18.55,98194.0
10:49,18.58,18.62,18.52,18.53,182741.0
10:50,18.64,18.65,18.55,18.59,95575.0
10:51,18.58,18.66,18.57,18.65,178338.0
10:52,18.56,18.59,18.54,18.58,101471.0
10:53,18.55,18.56,18.5,18.56,77126.0
10:54,18.52,18.56,18.52,18.54,45266.0
10:55,18.5,18.52,18.48,18.52,94021.0
10:56,18.5,18.57,18.49,18.5,94106.0
10:57,18.52,18.53,18.48,18.49,56502.0
10:58,18.5,18.55,18.5,18.52,55877.0
10:59,18.55,18.55,18.47,18.49,75876.0
11:00,18.53,18.56,18.53,18.55,41219.0
11:01,18.49,18.53,18.49,18.53,99675.0
11:02,18.55,18.55,18.49,18.5,35338.0
11:03,18.49,18.56,18.48,18.55,80185.0
11:04,18.48,18.54,18.46,18.49,94491.0
11:05,18.45,18.49,18.45,18.48,75682.0
11:06,18.5,18.5,18.44,18.45,127652.0
11:07,18.42,18.5,18.42,18.49,90052.0
11:08,18.42,18.47,18.42,18.43,67174.0
11:09,18.45,18.46,18.42,18.42,60893.0
11:10,18.42,18.48,18.42,18.44,98462.0
11:11,18.42,18.43,18.39,18.42,86018.0
11:12,18.42,18.43,18.4,18.42,74119.0
11:13,18.39,18.42,18.38,18.42,117585.0
11:14,18.35,18.39,18.32,18.39,123289.0
11:15,18.34,18.38,18.34,18.35,46220.0
11:16,18.33,18.35,18.32,18.34,83972.0
11:17,18.34,18.35,18.32,18.33,72785.0
11:18,18.42,18.42,18.35,18.35,76552.0
11:19,18.39,18.42,18.37,18.42,67676.0
11:20,18.37,18.39,18.35,18.38,41018.0
11:21,18.42,18.44,18.37,18.37,73553.0
11:22,18.45,18.46,18.41,18.42,92910.0
11:23,18.39,18.45,18.39,18.45,49486.0
11:24,18.41,18.41,18.37,18.39,67188.0
11:25,18.47,18.47,18.41,18.41,109558.0
11:26,18.52,18.52,18.44,18.46,138277.0
11:27,18.49,18.53,18.45,18.52,104084.0
11:28,18.48,18.49,18.44,18.48,84438.0
11:29,18.49,18.5,18.46,18.49,62535.0
11:30,18.44,18.49,18.43,18.49,41514.0
11:31,18.39,18.44,18.39,18.44,85640.0
11:32,18.42,18.42,18.38,18.4,59292.0
11:33,18.42,18.44,18.41,18.42,99889.0
11:34,18.38,18.44,18.38,18.42,129230.0
11:35,18.37,18.39,18.35,18.37,209213.0
11:36,18.34,18.38,18.33,18.38,112471.0
11:37,18.35,18.36,18.32,18.33,53134.0
11:38,18.38,18.39,18.35,18.36,38797.0
11:39,18.33,18.39,18.32,18.38,63859.0
11:40,18.33,18.33,18.27,18.32,300075.0
11:41,18.33,18.35,18.31,18.33,64649.0
11:42,18.32,18.33,18.3,18.33,65191.0
11:43,18.33,18.33,18.3,18.31,36768.0
11:44,18.35,18.35,18.3,18.33,76431.0
11:45,18.38,18.38,18.34,18.34,56794.0
11:46,18.35,18.41,18.35,18.37,70687.0
11:47,18.33,18.35,18.32,18.35,58340.0
11:48,18.3,18.33,18.29,18.33,48579.0
11:49,18.28,18.31,18.28,18.3,88038.0
11:50,18.31,18.33,18.28,18.28,69704.0
11:51,18.36,18.37,18.3,18.32,80313.0
11:52,18.38,18.39,18.36,18.36,79203.0
11:53,18.36,18.4,18.36,18.38,43108.0
11:54,18.34,18.37,18.34,18.36,70255.0
11:55,18.33,18.35,18.33,18.35,47818.0
11:56,18.33,18.34,18.32,18.33,42193.0
11:57,18.34,18.36,18.33,18.34,69310.0
11:58,18.35,18.36,18.33,18.34,54252.0
11:59,18.36,18.36,18.34,18.35,63947.0
12:00,18.38,18.39,18.34,18.36,48513.0
12:01,18.38,18.39,18.36,18.38,48282.0
12:02,18.39,18.39,18.36,18.38,50202.0
12:03,18.36,18.39,18.36,18.38,42424.0
12:04,18.39,18.41,18.36,18.36,57899.0
12:05,18.39,18.4,18.38,18.38,34520.0
12:06,18.37,18.39,18.36,18.39,34086.0
12:07,18.36,18.38,18.35,18.36,48046.0
12:08,18.37,18.38,18.35,18.36,50512.0
12:09,18.42,18.42,18.36,18.36,92330.0
12:10,18.42,18.44,18.41,18.42,125131.0
12:11,18.41,18.42,18.41,18.42,52135.0
12:12,18.42,18.45,18.42,18.42,69227.0
12:13,18.41,18.43,18.41,18.42,57452.0
12:14,18.44,18.44,18.41,18.41,117670.0
12:15,18.42,18.43,18.39,18.43,56261.0
12:16,18.4,18.44,18.4,18.42,77044.0
12:17,18.42,18.43,18.4,18.41,37990.0
12:18,18.42,18.43,18.42,18.42,72507.0
12:19,18.44,18.44,18.42,18.42,57814.0
12:20,18.42,18.43,18.39,18.43,74613.0
12:21,18.43,18.43,18.42,18.43,42880.0
12:22,18.42,18.44,18.42,18.43,41554.0
12:23,18.44,18.46,18.42,18.42,116297.0
12:24,18.48,18.49,18.44,18.44,328775.0
12:25,18.47,18.49,18.44,18.47,100789.0
12:26,18.49,18.49,18.47,18.48,63285.0
12:27,18.54,18.54,18.48,18.48,176666.0
12:28,18.55,18.55,18.53,18.55,64332.0
12:29,18.53,18.59,18.53,18.55,141111.0
12:30,18.55,18.56,18.53,18.53,67426.0
12:31,18.55,18.55,18.53,18.55,57884.0
12:32,18.53,18.57,18.53,18.54,65445.0
12:33,18.53,18.54,18.51,18.52,33813.0
12:34,18.55,18.57,18.52,18.53,158750.0
12:35,18.57,18.57,18.53,18.54,67328.0
12:36,18.56,18.57,18.5,18.57,140325.0
12:37,18.56,18.57,18.53,18.55,71084.0
12:38,18.58,18.59,18.55,18.55,54659.0
12:39,18.58,18.59,18.57,18.57,68723.0
12:40,18.57,18.58,18.56,18.58,81188.0
12:41,18.58,18.59,18.56,18.57,106142.0
12:42,18.57,18.59,18.56,18.58,52374.0
12:43,18.58,18.59,18.56,18.56,42336.0
12:44,18.62,18.64,18.57,18.58,153414.0
12:45,18.64,18.64,18.6,18.62,83916.0
12:46,18.67,18.67,18.63,18.64,143311.0
12:47,18.75,18.76,18.66,18.67,188935.0
12:48,18.73,18.76,18.71,18.75,114467.0
12:49,18.72,18.74,18.71,18.72,123893.0
12:50,18.73,18.74,18.72,18.72,54518.0
12:51,18.75,18.75,18.72,18.72,85289.0
12:52,18.73,18.75,18.72,18.75,87322.0
12:53,18.73,18.73,18.72,18.73,25621.0
12:54,18.71,18.74,18.7,18.73,72514.0
12:55,18.72,18.72,18.7,18.71,32390.0
12:56,18.7,18.72,18.67,18.72,78733.0
12:57,18.69,18.73,18.69,18.71,72731.0
12:58,18.7,18.71,18.69,18.69,22068.0
12:59,18.72,18.73,18.7,18.7,47599.0
13:00,18.7,18.72,18.7,18.71,38858.0
13:01,18.69,18.72,18.69,18.7,61029.0
13:02,18.64,18.69,18.62,18.69,168420.0
13:03,18.66,18.67,18.62,18.64,49865.0
13:04,18.66,18.66,18.64,18.66,26568.0
13:05,18.67,18.68,18.65,18.65,41140.0
13:06,18.69,18.7,18.67,18.67,83356.0
13:07,18.68,18.69,18.67,18.69,40741.0
13:08,18.7,18.7,18.68,18.68,33890.0
13:09,18.69,18.72,18.67,18.71,46331.0
13:10,18.67,18.7,18.67,18.7,26755.0
13:11,18.64,18.68,18.64,18.67,82815.0
13:12,18.67,18.68,18.64,18.64,58766.0
13:13,18.66,18.67,18.65,18.67,18380.0
13:14,18.65,18.66,18.64,18.66,47618.0
13:15,18.62,18.65,18.61,18.65,109017.0
13:16,18.68,18.68,18.61,18.61,69817.0
13:17,18.69,18.7,18.68,18.68,68634.0
13:18,18.68,18.7,18.67,18.69,22827.0
13:19,18.67,18.67,18.65,18.67,36823.0
13:20,18.6,18.67,18.6,18.67,69244.0
13:21,18.63,18.64,18.58,18.61,158399.0
13:22,18.65,18.66,18.61,18.62,51619.0
13:23,18.66,18.67,18.65,18.66,62860.0
13:24,18.65,18.66,18.63,18.66,54511.0
13:25,18.61,18.65,18.61,18.65,46509.0
13:26,18.62,18.63,18.61,18.61,38888.0
13:27,18.64,18.64,18.61,18.62,27053.0
13:28,18.63,18.64,18.61,18.64,64268.0
13:29,18.65,18.65,18.63,18.63,40012.0
13:30,18.66,18.67,18.64,18.64,69951.0
13:31,18.67,18.68,18.66,18.66,101569.0
13:32,18.68,18.68,18.66,18.66,77800.0
13:33,18.67,18.68,18.66,18.68,44359.0
13:34,18.67,18.67,18.66,18.67,23908.0
13:35,18.66,18.67,18.64,18.66,68014.0
13:36,18.65,18.66,18.62,18.65,39952.0
13:37,18.67,18.67,18.65,18.65,21619.0
13:38,18.66,18.67,18.65,18.67,22095.0
13:39,18.79,18.8,18.66,18.66,292099.0
13:40,18.7,18.79,18.7,18.78,105349.0
13:41,18.7,18.71,18.69,18.7,102575.0
13:42,18.66,18.71,18.66,18.69,31229.0
13:43,18.66,18.68,18.65,18.66,42301.0
13:44,18.67,18.67,18.64,18.65,28659.0
13:45,18.67,18.68,18.65,18.66,89617.0
13:46,18.69,18.7,18.67,18.67,64518.0
13:47,18.68,18.7,18.67,18.68,32530.0
13:48,18.67,18.68,18.67,18.67,22426.0
13:49,18.68,18.69,18.67,18.67,17304.0
13:50,18.68,18.69,18.68,18.68,13923.0
13:51,18.7,18.7,18.67,18.68,57246.0
13:52,18.72,18.73,18.7,18.7,47272.0
13:53,18.72,18.73,18.71,18.72,17518.0
13:54,18.7,18.72,18.7,18.72,15077.0
13:55,18.71,18.71,18.69,18.7,33379.0
13:56,18.71,18.73,18.7,18.7,21844.0
13:57,18.75,18.75,18.72,18.72,73553.0
13:58,18.78,18.79,18.75,18.75,60892.0
13:59,18.79,18.79,18.76,18.79,56271.0
14:00,18.77,18.79,18.76,18.78,79732.0
14:01,18.76,18.77,18.75,18.76,58261.0
14:02,18.78,18.8,18.75,18.76,149796.0
14:03,18.78,18.81,18.77,18.79,39466.0
14:04,18.75,18.79,18.75,18.78,58810.0
14:05,18.77,18.77,18.74,18.75,34902.0
14:06,18.78,18.79,18.77,18.77,67063.0
14:07,18.77,18.78,18.76,18.78,36761.0
14:08,18.78,18.79,18.77,18.78,19376.0
14:09,18.78,18.79,18.77,18.79,53553.0
14:10,18.78,18.79,18.78,18.78,22169.0
14:11,18.8,18.8,18.78,18.78,83238.0
14:12,18.85,18.85,18.78,18.8,152730.0
14:13,18.83,18.85,18.83,18.85,54334.0
14:14,18.86,18.89,18.83,18.83,177208.0
14:15,18.85,18.87,18.85,18.86,98146.0
14:16,18.78,18.87,18.78,18.85,279029.0
14:17,18.8,18.8,18.78,18.78,40584.0
14:18,18.84,18.85,18.79,18.8,90077.0
14:19,18.83,18.85,18.83,18.84,49215.0
14:20,18.8,18.83,18.8,18.83,54939.0
14:21,18.8,18.81,18.8,18.81,16744.0
14:22,18.77,18.81,18.77,18.8,45632.0
14:23,18.76,18.77,18.74,18.77,95024.0
14:24,18.79,18.8,18.76,18.77,79061.0
14:25,18.8,18.8,18.77,18.79,38855.0
14:26,18.78,18.82,18.78,18.8,62316.0
14:27,18.78,18.79,18.78,18.78,19284.0
14:28,18.78,18.78,18.76,18.78,44220.0
14:29,18.77,18.78,18.76,18.77,32393.0
14:30,18.8,18.8,18.77,18.77,39888.0
14:31,18.81,18.81,18.78,18.79,40940.0
14:32,18.8,18.81,18.79,18.8,35460.0
14:33,18.81,18.81,18.8,18.8,37477.0
14:34,18.8,18.81,18.79,18.81,38121.0
14:35,18.78,18.8,18.78,18.8,37298.0
14:36,18.76,18.8,18.76,18.78,49676.0
14:37,18.75,18.77,18.75,18.76,33645.0
14:38,18.76,18.76,18.75,18.75,45133.0
14:39,18.77,18.78,18.76,18.76,22201.0
14:40,18.78,18.81,18.77,18.77,87777.0
14:41,18.73,18.79,18.72,18.78,125219.0
14:42,18.69,18.73,18.68,18.72,117496.0
14:43,18.69,18.7,18.68,18.7,48503.0
14:44,18.72,18.73,18.66,18.68,159974.0
14:45,18.73,18.73,18.71,18.72,34167.0
14:46,18.71,18.74,18.71,18.72,71705.0
14:47,18.72,18.74,18.7,18.71,26631.0
14:48,18.74,18.75,18.72,18.73,52203.0
14:49,18.77,18.79,18.73,18.74,87698.0
14:50,18.78,18.79,18.77,18.77,33536.0
14:51,18.78,18.8,18.77,18.79,28451.0
14:52,18.78,18.79,18.78,18.78,21683.0
14:53,18.77,18.79,18.76,18.78,88782.0
14:54,18.84,18.84,18.77,18.78,105157.0
14:55,18.82,18.84,18.81,18.83,71191.0
14:56,18.82,18.82,18.79,18.82,102869.0
14:57,18.84,18.85,18.81,18.81,95495.0
14:58,18.85,18.86,18.83,18.84,38945.0
14:59,18.88,18.89,18.85,18.85,95220.0
15:00,18.86,18.88,18.84,18.87,75309.0
15:01,18.81,18.85,18.8,18.85,56718.0
15:02,18.81,18.82,18.78,18.81,74089.0
15:03,18.78,18.82,18.77,18.8,95757.0
15:04,18.8,18.8,18.77,18.77,57385.0
15:05,18.81,18.83,18.79,18.8,61518.0
15:06,18.82,18.82,18.8,18.82,69230.0
15:07,18.8,18.82,18.8,18.82,46183.0
15:08,18.81,18.82,18.8,18.8,32891.0
15:09,18.81,18.81,18.8,18.81,17760.0
15:10,18.78,18.8,18.78,18.8,64686.0
15:11,18.78,18.79,18.77,18.78,48875.0
15:12,18.79,18.79,18.77,18.77,52980.0
15:13,18.8,18.81,18.76,18.79,68543.0
15:14,18.8,18.81,18.78,18.81,70685.0
15:15,18.79,18.81,18.78,18.8,46021.0
15:16,18.79,18.8,18.76,18.8,97788.0
15:17,18.77,18.79,18.76,18.78,71735.0
15:18,18.78,18.78,18.76,18.77,51124.0
15:19,18.82,18.83,18.78,18.78,110659.0
15:20,18.82,18.83,18.81,18.81,47143.0
15:21,18.8,18.82,18.79,18.81,49639.0
15:22,18.8,18.8,18.78,18.8,37290.0
15:23,18.77,18.8,18.77,18.79,31705.0
15:24,18.73,18.78,18.72,18.77,132810.0
15:25,18.72,18.75,18.71,18.72,225919.0
15:26,18.68,18.72,18.68,18.72,160419.0
15:27,18.67,18.68,18.66,18.68,84610.0
15:28,18.69,18.7,18.67,18.67,60478.0
15:29,18.68,18.72,18.68,18.69,83924.0
15:30,18.68,18.7,18.67,18.68,96516.0
15:31,18.63,18.68,18.61,18.68,208730.0
15:32,18.62,18.64,18.62,18.64,64872.0
15:33,18.65,18.65,18.61,18.62,100753.0
15:34,18.58,18.65,18.57,18.65,184306.0
15:35,18.53,18.58,18.53,18.58,91175.0
15:36,18.51,18.54,18.5,18.54,195937.0
15:37,18.49,18.51,18.46,18.51,201863.0
15:38,18.47,18.51,18.47,18.49,126380.0
15:39,18.44,18.47,18.42,18.47,167121.0
15:40,18.48,18.48,18.43,18.43,177263.0
15:41,18.43,18.48,18.43,18.48,127362.0
15:42,18.43,18.44,18.41,18.43,146862.0
15:43,18.45,18.47,18.42,18.43,120835.0
15:44,18.44,18.46,18.43,18.45,133068.0
15:45,18.43,18.44,18.42,18.44,142181.0
15:46,18.41,18.44,18.41,18.42,120403.0
15:47,18.41,18.41,18.4,18.41,123111.0
15:48,18.41,18.42,18.39,18.41,276585.0
15:49,18.42,18.42,18.4,18.41,170846.0
15:50,18.51,18.56,18.42,18.42,545116.0
15:51,18.5,18.52,18.49,18.51,185479.0
15:52,18.52,18.53,18.48,18.5,156157.0
15:53,18.55,18.55,18.52,18.52,86090.0
15:54,18.52,18.58,18.5,18.55,241630.0
15:55,18.5,18.53,18.49,18.51,245191.0
15:56,18.57,18.57,18.5,18.5,357575.0
15:57,18.6,18.6,18.54,18.57,288967.0
15:58,18.68,18.68,18.59,18.6,699233.0
15:59,18.68,18.69,18.64,18.68,1107103.0
