Time,Close,High,Low,Open,Volume
09:30,721.59,722.28,720.18,721.25,368581.0
09:31,721.41,722.69,720.91,721.51,40624.0
09:32,723.0,723.0,721.92,722.02,17971.0
09:33,724.72,725.2,724.09,724.27,148703.0
09:34,724.17,724.99,723.71,724.66,36237.0
09:35,723.77,724.5,723.36,724.18,30500.0
09:36,721.93,724.0,721.43,723.59,27574.0
09:37,722.92,723.3,721.25,721.76,27348.0
09:38,723.09,723.95,722.81,723.26,26138.0
09:39,723.25,723.53,722.89,723.09,23369.0
09:40,723.86,723.99,723.01,723.65,35581.0
09:41,724.72,724.74,723.28,724.0,48886.0
09:42,724.25,724.95,723.83,724.82,49907.0
09:43,724.64,724.85,724.26,724.38,21999.0
09:44,724.74,725.27,724.46,724.78,46747.0
09:45,724.86,725.49,724.02,724.74,1.0
09:46,725.3,725.69,725.14,725.25,372213.0
09:47,725.79,726.0,725.31,725.5,54444.0
09:48,726.09,726.25,725.84,725.95,186223.0
09:49,727.02,727.27,726.0,726.28,49215.0
09:50,727.86,727.86,727.08,727.18,49409.0
09:51,728.53,729.18,727.75,727.91,83637.0
09:52,728.7,728.82,728.15,728.66,40187.0
09:53,729.75,729.75,728.14,728.67,53583.0
09:54,730.41,731.0,729.49,729.56,105714.0
09:55,728.83,731.23,728.38,730.59,58770.0
09:56,729.05,729.25,728.13,728.72,31754.0
09:57,728.26,729.4,728.26,729.05,27600.0
09:58,728.76,728.91,728.25,728.5,24372.0
09:59,729.49,729.49,728.57,728.71,1.0
10:00,729.32,729.83,729.14,729.29,36377.0
10:01,728.63,729.61,728.5,729.54,19369.0
10:02,728.97,729.25,728.51,729.06,12999.0
10:03,730.14,730.22,728.5,728.5,22287.0
10:04,731.08,731.13,729.95,730.06,72183.0
10:05,732.14,732.15,730.96,731.07,60071.0
10:06,731.36,731.94,731.04,731.94,58932.0
10:07,730.88,731.55,730.2,731.47,24923.0
10:08,730.34,731.21,730.17,730.88,37472.0
10:09,729.77,730.09,729.45,730.0,46430.0
10:10,730.56,730.95,729.74,729.95,36335.0
10:11,730.62,730.62,730.12,730.56,20663.0
10:12,731.87,731.87,730.42,730.67,44003.0
10:13,731.68,731.87,731.26,731.71,31166.0
10:14,731.78,732.17,731.47,731.77,78884.0
10:15,731.21,732.0,731.13,731.79,96640.0
10:16,731.41,731.7,731.01,731.22,17443.0
10:17,729.9,731.0,729.8,731.0,33628.0
10:18,730.58,731.26,729.75,729.9,32098.0
10:19,730.1,731.0,730.01,730.58,15864.0
10:20,730.27,730.38,729.8,730.08,45417.0
10:21,730.99,731.37,730.27,730.27,31030.0
10:22,731.26,731.41,730.98,731.11,19128.0
10:23,731.14,731.4,731.0,731.28,21045.0
10:24,731.06,731.37,730.69,731.01,16554.0
10:25,731.0,731.22,730.73,731.22,12488.0
10:26,731.43,731.49,730.77,731.1,22963.0
10:27,731.75,731.88,731.26,731.49,20496.0
10:28,731.83,732.27,731.65,731.9,30247.0
10:29,731.73,731.95,731.5,731.95,25594.0
10:30,731.95,732.12,731.68,731.69,33718.0
10:31,731.73,732.09,731.49,731.95,20037.0
10:32,731.39,731.72,731.17,731.68,30100.0
10:33,731.5,731.82,731.06,731.06,8838.0
10:34,731.54,731.65,731.49,731.52,6525.0
10:35,731.27,731.53,731.12,731.53,12717.0
10:36,730.67,731.5,730.5,731.36,17614.0
10:37,730.83,731.47,730.63,730.63,14651.0
10:38,731.0,731.29,730.77,731.2,17260.0
10:39,731.5,731.52,730.95,730.95,10470.0
10:40,731.56,732.0,731.41,731.41,30792.0
10:41,731.45,731.66,731.2,731.65,18720.0
10:42,731.0,731.65,730.95,731.34,16494.0
10:43,731.56,732.0,730.74,730.98,33505.0
10:44,731.59,732.13,731.53,731.72,24607.0
10:45,731.05,731.52,731.05,731.4,12051.0
10:46,731.7,731.7,731.25,731.25,16158.0
10:47,731.44,731.51,731.2,731.51,9188.0
10:48,731.12,731.5,731.01,731.2,17548.0
10:49,732.17,732.37,731.24,731.24,49291.0
10:50,731.83,732.18,731.66,732.18,14746.0
10:51,731.64,731.93,731.46,731.93,46539.0
10:52,731.72,731.74,731.53,731.62,22693.0
10:53,731.95,732.32,731.52,731.62,28652.0
10:54,731.71,731.88,731.66,731.66,8875.0
10:55,731.83,732.0,731.48,731.69,49609.0
10:56,730.58,731.82,730.56,731.71,26479.0
10:57,731.27,731.42,730.28,730.7,24039.0
10:58,731.4,731.5,731.2,731.37,12502.0
10:59,731.35,731.97,731.35,731.55,28047.0
11:00,730.96,731.31,730.54,731.31,22957.0
11:01,731.06,731.28,730.9,731.15,11414.0
11:02,731.2,731.39,731.03,731.06,6338.0
11:03,730.65,731.3,730.65,731.19,8837.0
11:04,730.89,731.09,730.57,730.79,17179.0
11:05,730.19,730.99,730.19,730.89,17172.0
11:06,730.41,730.58,730.19,730.31,12479.0
11:07,730.07,730.36,729.67,730.1,26103.0
11:08,729.68,730.11,729.4,729.79,10753.0
11:09,729.45,729.73,729.27,729.64,6893.0
11:10,729.79,730.0,729.21,729.41,14398.0
11:11,729.34,729.65,729.27,729.55,14681.0
11:12,729.09,729.32,729.09,729.32,9542.0
11:13,729.16,729.19,728.92,729.17,20300.0
11:14,729.16,729.2,728.81,729.16,13128.0
11:15,729.47,729.53,729.0,729.01,22491.0
11:16,729.28,729.65,729.21,729.51,10663.0
11:17,729.82,729.97,729.3,729.4,23501.0
11:18,730.29,730.37,729.82,729.82,8345.0
11:19,730.06,730.33,730.01,730.14,12019.0
11:20,730.15,730.59,730.01,730.11,16306.0
11:21,730.36,730.6,730.14,730.15,13766.0
11:22,730.66,730.75,730.39,730.4,11965.0
11:23,730.74,730.81,730.65,730.66,11678.0
11:24,731.25,731.29,730.77,730.9,25173.0
11:25,731.27,731.36,731.0,731.19,13970.0
11:26,731.25,731.31,731.08,731.26,8837.0
11:27,730.41,730.98,730.4,730.98,15030.0
11:28,730.15,730.31,729.96,730.22,19428.0
11:29,729.93,730.35,729.93,730.19,5630.0
11:30,730.23,730.51,730.1,730.1,12664.0
11:31,729.94,730.15,729.88,730.09,10506.0
11:32,730.09,730.23,729.83,729.93,13456.0
11:33,730.14,730.27,730.0,730.0,7207.0
11:34,730.18,730.3,730.0,730.3,8221.0
11:35,731.09,731.31,730.17,730.25,69810.0
11:36,730.32,731.39,729.94,731.34,41802.0
11:37,729.41,730.18,729.38,730.12,21833.0
11:38,728.76,729.5,728.66,729.41,32167.0
11:39,729.09,729.09,728.66,728.73,16978.0
11:40,729.05,729.36,729.02,729.09,12524.0
11:41,729.05,729.3,728.84,729.11,10870.0
11:42,729.62,729.62,728.65,729.04,20788.0
11:43,729.5,729.9,729.5,729.75,11522.0
11:44,729.5,729.5,729.21,729.21,4436.0
11:45,729.32,729.74,729.25,729.74,8761.0
11:46,729.32,729.46,729.31,729.31,5242.0
11:47,729.54,729.69,729.42,729.68,6815.0
11:48,729.66,729.95,729.53,729.53,12410.0
11:49,729.89,729.89,729.55,729.65,7471.0
11:50,730.7,730.7,729.68,729.68,18166.0
11:51,730.61,731.1,730.51,730.53,15588.0
11:52,730.74,731.19,730.15,730.67,19642.0
11:53,730.11,730.59,730.01,730.48,7287.0
11:54,730.64,730.64,730.15,730.27,8987.0
11:55,729.74,730.65,729.74,730.64,12086.0
11:56,729.94,730.27,729.68,729.92,8819.0
11:57,730.16,730.18,729.85,729.97,6741.0
11:58,730.42,730.59,730.42,730.5,3636.0
11:59,730.1,730.5,730.1,730.41,9818.0
12:00,729.8,730.23,729.8,730.23,5539.0
12:01,729.31,729.88,729.31,729.55,25017.0
12:02,729.38,729.56,729.16,729.45,34942.0
12:03,729.69,729.73,729.01,729.38,36051.0
12:04,729.71,729.93,729.57,729.67,71467.0
12:05,729.9,730.25,729.46,729.57,22557.0
12:06,729.62,730.12,729.62,730.04,9658.0
12:07,729.2,729.84,729.16,729.84,6811.0
12:08,729.06,729.12,728.96,729.0,5521.0
12:09,729.0,729.22,729.0,729.0,6610.0
12:10,729.23,729.39,729.0,729.0,6080.0
12:11,728.67,729.18,728.5,729.18,16489.0
12:12,728.71,729.0,728.5,728.76,14237.0
12:13,729.01,729.01,728.66,728.72,3709.0
12:14,728.93,729.06,728.72,728.8,7390.0
12:15,729.8,729.8,728.97,729.11,9589.0
12:16,729.25,729.68,729.25,729.4,12953.0
12:17,728.84,729.5,728.84,729.49,7865.0
12:18,729.17,729.17,728.82,729.02,6338.0
12:19,729.61,729.8,729.17,729.17,6584.0
12:20,729.52,729.8,729.4,729.61,8942.0
12:21,729.72,729.73,729.61,729.65,4054.0
12:22,729.7,729.85,729.57,729.72,7655.0
12:23,729.88,729.94,729.76,729.76,6612.0
12:24,730.07,730.29,729.81,730.05,7045.0
12:25,730.56,730.71,730.03,730.05,9781.0
12:26,731.08,731.09,730.26,730.6,23729.0
12:27,731.35,731.39,731.0,731.01,11040.0
12:28,731.46,731.71,731.46,731.46,15157.0
12:29,731.13,731.38,731.07,731.38,8896.0
12:30,730.88,731.19,730.88,731.11,6411.0
12:31,731.12,731.17,730.84,730.97,10170.0
12:32,730.67,731.2,730.67,731.2,26432.0
12:33,730.39,730.79,730.39,730.73,8999.0
12:34,730.73,730.85,730.61,730.61,3257.0
12:35,730.42,730.63,730.39,730.61,10229.0
12:36,730.16,730.44,730.16,730.42,14100.0
12:37,730.78,730.91,730.15,730.32,10102.0
12:38,730.81,730.88,730.58,730.75,9290.0
12:39,730.88,730.95,730.73,730.83,6819.0
12:40,730.71,730.86,730.67,730.78,5723.0
12:41,730.7,730.86,730.7,730.76,8846.0
12:42,730.85,731.0,730.68,730.71,8673.0
12:43,730.65,730.88,730.6,730.88,7471.0
12:44,730.31,730.71,730.31,730.65,11563.0
12:45,730.19,730.44,730.11,730.44,10440.0
12:46,730.24,730.24,730.01,730.21,14422.0
12:47,730.07,730.35,730.07,730.34,9513.0
12:48,730.25,730.31,730.25,730.26,5257.0
12:49,730.64,730.69,730.28,730.35,9862.0
12:50,731.19,731.19,730.44,730.49,10800.0
12:51,730.8,731.23,730.6,731.16,20182.0
12:52,730.53,730.79,730.53,730.56,5714.0
12:53,730.35,730.5,730.24,730.35,7356.0
12:54,730.19,730.47,730.05,730.47,5479.0
12:55,729.9,730.19,729.83,730.19,7192.0
12:56,730.02,730.21,729.89,729.98,7476.0
12:57,730.16,730.17,729.99,730.07,3351.0
12:58,730.11,730.31,730.07,730.24,5002.0
12:59,730.19,730.32,730.19,730.24,5514.0
13:00,730.19,730.43,730.19,730.25,4800.0
13:01,730.54,730.59,730.13,730.13,9102.0
13:02,730.59,730.76,730.56,730.64,12618.0
13:03,730.9,731.0,730.64,730.76,7191.0
13:04,730.97,731.04,730.82,730.83,8673.0
13:05,731.14,731.23,730.99,731.03,5476.0
13:06,730.91,731.17,730.86,731.05,9671.0
13:07,730.93,730.93,730.7,730.91,5418.0
13:08,730.86,730.86,730.71,730.78,5028.0
13:09,730.82,730.94,730.71,730.76,6084.0
13:10,730.69,730.96,730.69,730.84,7884.0
13:11,730.9,730.94,730.72,730.84,15908.0
13:12,730.98,731.17,730.93,730.95,11704.0
13:13,730.95,731.0,730.86,731.0,4790.0
13:14,730.85,730.98,730.8,730.95,6692.0
13:15,730.88,730.91,730.67,730.82,7977.0
13:16,730.99,731.01,730.91,730.98,5711.0
13:17,731.67,731.67,730.51,730.91,32613.0
13:18,731.89,731.97,731.37,731.67,7535.0
13:19,732.5,732.55,731.88,731.88,80538.0
13:20,732.17,732.49,732.14,732.48,18228.0
13:21,732.1,732.3,732.08,732.21,4205.0
13:22,732.2,732.22,732.09,732.18,7054.0
13:23,731.96,732.3,731.94,732.19,9327.0
13:24,732.09,732.09,731.95,731.96,2834.0
13:25,732.29,732.32,731.87,731.88,11388.0
13:26,732.4,732.5,732.24,732.4,5664.0
13:27,732.04,732.46,731.92,732.46,13214.0
13:28,732.23,732.42,732.03,732.03,14207.0
13:29,732.0,732.35,732.0,732.35,10537.0
13:30,732.16,732.24,732.0,732.12,9383.0
13:31,732.4,732.4,732.19,732.19,5742.0
13:32,732.1,732.45,732.01,732.44,14823.0
13:33,732.21,732.27,731.9,732.11,21257.0
13:34,732.17,732.2,732.02,732.06,7047.0
13:35,732.18,732.3,732.09,732.16,12766.0
13:36,732.42,732.72,732.14,732.18,24987.0
13:37,732.28,732.46,732.0,732.45,11098.0
13:38,732.24,732.31,732.14,732.21,8040.0
13:39,732.26,732.34,732.14,732.34,6496.0
13:40,732.49,732.66,732.26,732.26,6953.0
13:41,732.62,732.75,732.54,732.69,11899.0
13:42,733.06,733.2,732.7,732.71,31238.0
13:43,733.12,733.16,732.88,733.03,14190.0
13:44,732.91,733.14,732.82,733.14,18578.0
13:45,733.28,733.28,732.84,732.86,13062.0
13:46,732.92,733.19,732.92,733.17,7112.0
13:47,733.05,733.15,732.97,732.97,4056.0
13:48,733.28,733.28,732.99,733.05,5685.0
13:49,733.01,733.35,733.01,733.22,14498.0
13:50,732.89,733.25,732.89,733.08,12957.0
13:51,732.47,732.81,732.45,732.79,11693.0
13:52,732.81,732.83,732.3,732.3,17285.0
13:53,732.69,732.74,732.53,732.74,10114.0
13:54,732.78,732.78,732.53,732.64,56357.0
13:55,732.78,732.78,732.53,732.53,5297.0
13:56,732.83,732.93,732.67,732.78,11639.0
13:57,732.87,732.93,732.72,732.83,8627.0
13:58,732.89,733.01,732.78,732.82,13144.0
13:59,733.1,733.24,732.71,732.71,16914.0
14:00,733.11,733.28,732.82,733.18,14761.0
14:01,733.26,733.49,733.01,733.09,15069.0
14:02,733.44,733.53,733.01,733.17,9981.0
14:03,733.09,733.5,733.08,733.41,9985.0
14:04,733.08,733.19,732.84,733.07,8064.0
14:05,732.83,733.08,732.83,732.97,21357.0
14:06,732.81,732.99,732.72,732.94,23077.0
14:07,733.44,733.45,732.84,732.88,20436.0
14:08,733.42,733.56,733.39,733.48,12933.0
14:09,733.36,733.52,733.25,733.41,8520.0
14:10,733.17,733.47,732.86,733.38,23415.0
14:11,733.12,733.4,732.91,733.08,7367.0
14:12,733.1,733.23,733.01,733.23,13202.0
14:13,732.9,733.08,732.87,733.08,7433.0
14:14,732.68,732.9,732.68,732.9,4692.0
14:15,732.79,732.79,732.59,732.78,5987.0
14:16,732.75,732.79,732.68,732.75,5317.0
14:17,732.66,732.75,732.58,732.66,14159.0
14:18,732.66,732.81,732.57,732.7,11741.0
14:19,732.89,732.89,732.48,732.48,5683.0
14:20,733.1,733.2,732.78,732.78,14982.0
14:21,732.95,733.09,732.93,733.03,7368.0
14:22,732.76,732.98,732.76,732.93,9505.0
14:23,732.69,732.97,732.69,732.77,5907.0
14:24,732.8,732.94,732.8,732.84,2760.0
14:25,732.79,732.93,732.79,732.83,6539.0
14:26,732.9,733.0,732.7,732.79,9444.0
14:27,732.72,732.85,732.63,732.85,10474.0
14:28,732.91,732.91,732.61,732.71,7449.0
14:29,733.15,733.15,732.74,732.91,11990.0
14:30,733.11,733.3,732.91,733.14,19028.0
14:31,733.05,733.23,732.91,733.2,9647.0
14:32,733.06,733.4,732.83,733.04,24783.0
14:33,733.16,733.21,732.87,733.2,12151.0
14:34,733.35,733.39,733.03,733.12,9052.0
14:35,733.41,733.44,733.11,733.28,14523.0
14:36,733.67,733.7,733.28,733.43,15616.0
14:37,733.53,733.57,733.26,733.52,8672.0
14:38,733.61,733.76,733.29,733.53,13015.0
14:39,733.29,733.77,733.18,733.66,10540.0
14:40,732.82,733.28,732.76,733.28,6603.0
14:41,732.79,732.94,732.67,732.67,4740.0
14:42,732.99,733.0,732.67,732.92,9013.0
14:43,732.72,733.05,732.54,732.96,12539.0
14:44,732.46,732.72,732.46,732.72,10335.0
14:45,732.04,732.25,731.94,732.25,14682.0
14:46,731.5,732.04,731.5,732.04,19095.0
14:47,731.59,731.63,731.33,731.41,14276.0
14:48,731.74,731.75,731.34,731.59,17048.0
14:49,732.02,732.27,731.58,731.7,17264.0
14:50,732.13,732.21,732.03,732.12,8637.0
14:51,732.08,732.18,731.93,732.11,25570.0
14:52,732.0,732.18,732.0,732.18,8020.0
14:53,732.03,732.12,731.92,732.12,10926.0
14:54,732.0,732.05,731.91,732.03,16995.0
14:55,732.03,732.21,731.91,731.99,17815.0
14:56,732.19,732.19,732.02,732.08,6721.0
14:57,732.32,732.48,732.17,732.2,7701.0
14:58,732.54,732.55,732.38,732.54,5748.0
14:59,732.28,732.49,732.28,732.47,13402.0
15:00,732.62,732.62,732.32,732.32,10000.0
15:01,732.74,732.9,732.63,732.68,8247.0
15:02,733.0,733.0,732.72,732.72,7747.0
15:03,733.11,733.23,732.9,732.9,8376.0
15:04,733.33,733.38,733.04,733.16,11832.0
15:05,733.44,733.47,733.29,733.44,5421.0
15:06,733.71,733.71,733.29,733.35,10193.0
15:07,733.68,733.71,733.49,733.71,6564.0
15:08,733.56,733.77,733.56,733.62,5938.0
15:09,733.32,733.57,733.25,733.57,9733.0
15:10,733.3,733.38,733.17,733.28,8151.0
15:11,732.99,733.34,732.89,733.18,13552.0
15:12,732.97,733.08,732.92,732.92,12447.0
15:13,732.7,732.97,732.6,732.96,15062.0
15:14,732.67,732.7,732.54,732.7,7266.0
15:15,732.16,732.65,732.1,732.54,24188.0
15:16,732.94,732.94,732.27,732.41,9382.0
15:17,732.77,732.87,732.5,732.76,9816.0
15:18,732.6,732.81,732.5,732.71,18401.0
15:19,732.65,732.9,732.55,732.61,10319.0
15:20,732.66,732.77,732.62,732.67,18683.0
15:21,732.41,732.78,732.38,732.67,33919.0
15:22,732.06,732.52,732.01,732.52,11182.0
15:23,732.04,732.24,731.88,731.99,9510.0
15:24,732.28,732.36,732.12,732.12,10441.0
15:25,732.49,732.69,732.35,732.35,6407.0
15:26,732.67,732.7,732.43,732.49,9656.0
15:27,733.02,733.08,732.62,732.7,23530.0
15:28,733.11,733.13,733.02,733.02,5252.0
15:29,733.02,733.22,733.02,733.13,12695.0
15:30,732.76,733.08,732.72,733.08,8734.0
15:31,732.62,732.73,732.49,732.73,7124.0
15:32,732.63,732.63,732.42,732.56,10206.0
15:33,732.48,732.57,732.42,732.54,6378.0
15:34,732.49,732.49,732.37,732.49,12426.0
15:35,732.34,732.54,732.22,732.54,7799.0
15:36,732.66,732.74,732.32,732.45,18469.0
15:37,732.6,732.67,732.52,732.6,13160.0
15:38,732.44,732.55,732.33,732.54,10950.0
15:39,731.97,732.54,731.81,732.54,47047.0
15:40,732.11,732.11,731.84,731.97,18258.0
15:41,732.02,732.4,731.98,732.12,30872.0
15:42,731.8,732.09,731.8,732.02,14501.0
15:43,731.52,731.84,731.52,731.78,18764.0
15:44,731.96,731.96,731.52,731.59,37295.0
15:45,731.83,732.0,731.68,732.0,15376.0
15:46,732.04,732.5,731.86,731.86,35889.0
15:47,732.15,732.37,732.02,732.04,11263.0
15:48,731.92,732.26,731.87,732.04,28104.0
15:49,732.12,732.24,731.83,731.85,17799.0
15:50,732.1,732.25,731.97,732.16,24402.0
15:51,732.3,732.62,732.0,732.13,90553.0
15:52,732.04,732.28,731.81,732.14,27317.0
15:53,732.46,732.58,732.0,732.0,36880.0
15:54,732.6,732.87,732.37,732.45,34837.0
15:55,731.75,732.56,731.62,732.56,51625.0
15:56,731.89,731.99,731.6,731.78,39809.0
15:57,731.92,731.97,731.72,731.8,55289.0
15:58,732.12,732.2,731.89,731.93,66857.0
15:59,732.39,732.63,732.03,732.06,151573.0
