Time,Close,High,Low,Open,Volume
09:30,610.26,613.07,610.2,613.07,565311.0
09:31,610.93,611.84,610.0,610.22,83929.0
09:32,610.63,611.5,609.69,611.06,72244.0
09:33,612.33,612.39,610.37,610.6,64022.0
09:34,613.81,613.97,611.8,612.23,84436.0
09:35,615.5,615.67,613.54,614.0,108902.0
09:36,612.34,615.43,612.21,615.43,90699.0
09:37,610.3,612.48,610.3,612.23,84041.0
09:38,611.3,611.69,610.01,610.47,97503.0
09:39,611.79,612.0,611.13,611.25,58722.0
09:40,613.31,613.32,611.56,611.7,110505.0
09:41,613.46,614.45,612.7,613.32,108347.0
09:42,613.57,614.27,613.22,613.46,64356.0
09:43,611.71,613.84,611.31,613.64,143497.0
09:44,611.43,611.98,611.18,611.83,34605.0
09:45,610.79,611.72,610.23,611.35,57923.0
09:46,611.34,611.6,610.3,610.76,51061.0
09:47,610.57,611.52,610.43,611.46,39381.0
09:48,610.55,610.86,609.8,610.65,54029.0
09:49,612.03,612.09,610.48,610.52,50951.0
09:50,612.32,613.06,611.92,611.92,47600.0
09:51,613.52,613.61,612.0,612.24,73703.0
09:52,614.15,614.23,612.81,613.53,66831.0
09:53,613.26,614.32,613.25,614.1,58487.0
09:54,613.16,613.71,612.9,613.28,45741.0
09:55,613.46,614.11,612.9,613.18,43580.0
09:56,614.3,614.54,613.15,613.46,70770.0
09:57,615.31,615.39,613.84,614.38,81986.0
09:58,614.33,615.58,614.23,615.34,67868.0
09:59,614.15,614.58,613.64,614.33,50549.0
10:00,614.4,615.0,613.89,613.89,42070.0
10:01,614.09,614.93,614.09,614.48,41004.0
10:02,613.74,614.09,613.33,614.09,31896.0
10:03,613.82,614.39,613.51,613.83,29022.0
10:04,612.55,613.88,612.24,613.75,42471.0
10:05,612.62,612.95,612.46,612.66,37758.0
10:06,612.78,613.46,612.37,612.7,51739.0
10:07,615.04,615.2,612.73,612.78,72647.0
10:08,615.96,616.18,614.86,615.11,59108.0
10:09,617.0,617.33,616.02,616.02,73182.0
10:10,615.85,617.15,615.63,617.1,46928.0
10:11,616.04,616.25,615.64,615.88,32331.0
10:12,616.81,616.95,616.06,616.09,45211.0
10:13,616.6,616.8,616.27,616.68,38145.0
10:14,616.32,617.65,616.24,616.6,63212.0
10:15,616.69,617.0,616.24,616.37,25321.0
10:16,617.04,617.38,616.69,616.69,35782.0
10:17,616.08,617.05,615.9,617.05,44522.0
10:18,615.66,616.5,615.51,616.09,32829.0
10:19,615.04,616.11,615.02,615.76,30978.0
10:20,614.96,615.23,614.6,615.04,30827.0
10:21,614.62,615.38,614.37,614.97,21837.0
10:22,614.73,615.01,614.41,614.6,24975.0
10:23,614.5,615.15,614.21,614.73,31026.0
10:24,615.05,615.15,614.47,614.59,33516.0
10:25,615.24,615.33,614.64,614.94,28830.0
10:26,614.95,615.79,614.53,615.22,34470.0
10:27,614.76,615.09,614.38,614.95,19899.0
10:28,614.36,614.84,614.06,614.78,27899.0
10:29,614.54,614.79,614.34,614.56,13731.0
10:30,614.2,614.53,613.65,614.53,43585.0
10:31,614.46,614.53,613.9,614.12,22180.0
10:32,614.47,614.68,613.98,614.35,21217.0
10:33,614.16,614.78,614.11,614.44,32875.0
10:34,612.68,614.21,612.53,614.15,41283.0
10:35,614.13,614.48,612.62,612.73,47758.0
10:36,614.09,614.42,613.73,614.27,24290.0
10:37,614.17,614.76,613.86,614.03,27410.0
10:38,614.68,614.8,614.07,614.24,18868.0
10:39,614.64,615.2,614.37,614.78,31544.0
10:40,614.29,614.76,614.27,614.66,17680.0
10:41,613.57,614.34,613.5,614.29,37029.0
10:42,612.94,613.72,612.87,613.46,24903.0
10:43,612.58,613.11,612.38,613.01,42174.0
10:44,613.07,613.16,612.41,612.53,31924.0
10:45,612.22,613.15,612.01,613.14,33895.0
10:46,611.91,612.31,611.58,612.2,44301.0
10:47,611.97,612.18,611.57,611.81,42438.0
10:48,612.06,612.06,611.67,612.04,33054.0
10:49,611.88,612.1,611.67,612.04,28347.0
10:50,610.51,611.93,610.51,611.92,54110.0
10:51,609.79,610.78,609.35,610.57,106356.0
10:52,609.44,609.88,609.36,609.79,58163.0
10:53,610.06,610.27,609.36,609.36,52447.0
10:54,609.74,610.05,609.21,610.03,44029.0
10:55,609.61,609.8,609.32,609.77,36040.0
10:56,609.85,610.01,609.43,609.61,63162.0
10:57,609.53,609.81,609.37,609.78,32291.0
10:58,610.22,610.36,609.5,609.58,36037.0
10:59,610.82,610.99,609.71,610.15,48429.0
11:00,610.52,611.24,610.11,610.75,31753.0
11:01,609.95,610.6,609.78,610.47,34027.0
11:02,609.75,610.29,609.75,609.9,23471.0
11:03,609.32,609.9,609.16,609.69,60138.0
11:04,609.26,609.51,608.88,609.28,55686.0
11:05,609.03,609.51,608.91,609.39,25102.0
11:06,608.58,609.17,608.52,609.07,55827.0
11:07,608.67,609.08,608.5,608.64,41143.0
11:08,608.62,608.95,608.52,608.72,27062.0
11:09,608.34,608.9,608.26,608.62,47103.0
11:10,607.07,608.29,607.01,608.29,77703.0
11:11,607.71,607.76,607.0,607.07,53192.0
11:12,608.41,608.48,607.51,607.6,25778.0
11:13,609.09,609.42,608.25,608.42,25482.0
11:14,609.43,609.5,608.76,609.15,36247.0
11:15,609.55,610.03,609.49,609.49,95139.0
11:16,609.2,609.55,608.77,609.55,24919.0
11:17,608.78,609.13,608.68,609.09,20303.0
11:18,609.12,609.12,608.5,608.74,25549.0
11:19,608.81,609.14,608.42,609.08,22900.0
11:20,608.06,609.19,608.05,608.77,48268.0
11:21,607.45,608.63,607.42,608.14,34119.0
11:22,607.35,607.61,607.2,607.44,35901.0
11:23,607.41,607.95,607.2,607.39,37640.0
11:24,606.7,607.69,606.7,607.43,59019.0
11:25,606.61,606.95,606.33,606.68,43076.0
11:26,606.79,607.6,606.6,606.6,36363.0
11:27,606.88,606.95,606.53,606.71,31006.0
11:28,606.87,607.25,606.74,606.81,32093.0
11:29,606.95,607.32,606.5,606.72,50969.0
11:30,607.45,607.86,606.8,606.9,48246.0
11:31,607.76,607.98,607.3,607.45,26983.0
11:32,607.89,608.11,607.49,607.76,38197.0
11:33,608.26,608.47,607.75,607.94,56804.0
11:34,608.3,608.66,608.12,608.33,33928.0
11:35,608.31,609.09,608.2,608.37,37907.0
11:36,608.06,608.49,607.95,608.36,19727.0
11:37,608.02,608.75,607.9,608.12,16766.0
11:38,608.17,608.41,607.84,608.08,16109.0
11:39,607.47,608.23,607.42,608.18,18794.0
11:40,607.51,607.68,607.0,607.5,17641.0
11:41,607.14,607.79,607.12,607.58,14280.0
11:42,607.46,607.66,607.08,607.14,15089.0
11:43,607.22,607.67,607.1,607.4,26616.0
11:44,607.72,607.84,607.1,607.32,17241.0
11:45,608.5,608.75,607.66,607.7,21833.0
11:46,609.07,609.2,608.5,608.55,30351.0
11:47,609.55,609.77,608.94,609.07,38127.0
11:48,608.41,609.43,608.11,609.43,19512.0
11:49,608.97,609.08,608.4,608.61,15878.0
11:50,608.17,609.15,608.05,608.95,18564.0
11:51,609.28,609.47,608.17,608.17,15407.0
11:52,609.64,609.75,608.56,609.28,24994.0
11:53,609.12,609.81,608.93,609.64,19438.0
11:54,609.2,609.55,608.95,609.21,21077.0
11:55,609.47,609.64,609.14,609.2,19388.0
11:56,609.13,609.53,609.05,609.41,28599.0
11:57,609.38,609.53,609.08,609.28,31555.0
11:58,609.25,609.37,608.71,609.35,32606.0
11:59,609.85,610.1,608.9,609.17,28349.0
12:00,610.23,610.35,609.71,609.81,28681.0
12:01,609.35,610.34,609.33,610.24,22021.0
12:02,608.61,609.72,608.53,609.46,15946.0
12:03,609.46,609.5,608.72,608.83,19428.0
12:04,609.82,610.0,609.2,609.41,20643.0
12:05,609.8,609.95,609.3,609.95,19640.0
12:06,610.12,610.13,609.68,609.8,17574.0
12:07,610.0,610.5,609.86,609.96,25072.0
12:08,610.07,610.27,609.99,610.14,12782.0
12:09,608.85,610.23,608.65,610.14,23500.0
12:10,608.54,609.22,608.38,608.84,17457.0
12:11,608.9,609.2,608.12,608.54,15711.0
12:12,609.0,609.46,608.91,608.99,20649.0
12:13,609.06,609.13,608.6,609.0,15014.0
12:14,608.47,609.0,608.41,608.99,15303.0
12:15,608.75,608.77,608.28,608.46,24819.0
12:16,608.74,608.86,608.25,608.75,20271.0
12:17,608.91,609.31,608.6,608.74,16245.0
12:18,608.48,608.86,607.9,608.86,22574.0
12:19,608.18,608.75,608.05,608.5,16571.0
12:20,607.84,608.42,607.84,608.18,16675.0
12:21,607.58,608.22,607.43,607.91,28391.0
12:22,608.35,608.43,607.58,607.61,44250.0
12:23,608.97,609.0,608.18,608.42,30165.0
12:24,608.8,609.0,608.55,608.97,15260.0
12:25,608.74,608.88,608.33,608.85,26239.0
12:26,608.4,608.86,608.08,608.82,14831.0
12:27,608.32,608.67,608.3,608.47,17936.0
12:28,608.48,608.6,608.27,608.35,22547.0
12:29,608.79,608.92,608.45,608.45,20271.0
12:30,609.27,609.34,608.84,608.84,12469.0
12:31,608.78,609.28,608.53,609.22,15178.0
12:32,608.73,609.04,608.5,608.8,19784.0
12:33,608.21,608.82,608.09,608.64,44541.0
12:34,607.85,608.5,607.7,608.16,34591.0
12:35,607.3,607.9,607.18,607.9,24418.0
12:36,607.24,607.3,606.81,607.25,36233.0
12:37,607.09,607.43,606.86,607.24,15037.0
12:38,607.2,607.36,606.84,607.09,23503.0
12:39,607.6,607.72,607.13,607.21,23434.0
12:40,607.45,607.69,607.36,607.6,20695.0
12:41,606.84,607.57,606.81,607.45,31223.0
12:42,606.92,607.16,606.72,606.91,19164.0
12:43,606.71,607.06,606.64,606.91,23981.0
12:44,606.74,606.98,606.64,606.69,16666.0
12:45,606.2,606.72,605.88,606.68,35678.0
12:46,606.55,606.55,605.8,606.25,26807.0
12:47,606.29,606.61,606.23,606.59,10165.0
12:48,606.86,607.0,606.35,606.41,14987.0
12:49,606.83,607.08,606.53,606.83,17719.0
12:50,607.12,607.22,606.75,606.8,13300.0
12:51,606.76,607.22,606.62,607.11,11613.0
12:52,606.35,606.8,606.35,606.73,15184.0
12:53,606.5,606.63,606.2,606.49,26345.0
12:54,606.78,606.83,606.42,606.42,11207.0
12:55,606.99,607.05,606.43,606.78,15294.0
12:56,607.04,607.16,606.66,607.0,13250.0
12:57,606.7,607.07,606.5,607.02,14036.0
12:58,607.0,607.0,606.31,606.66,22232.0
12:59,606.69,606.97,606.64,606.95,13075.0
13:00,606.27,606.77,606.12,606.77,25313.0
13:01,606.18,606.33,606.07,606.33,13870.0
13:02,606.28,606.4,605.94,606.14,19226.0
13:03,605.94,606.33,605.88,606.26,19302.0
13:04,605.97,606.36,605.85,606.01,13432.0
13:05,606.02,606.4,605.91,605.97,15188.0
13:06,606.17,606.3,605.89,605.93,23052.0
13:07,606.9,606.99,606.11,606.11,27614.0
13:08,606.39,606.99,606.21,606.87,14628.0
13:09,606.41,606.66,606.31,606.39,9598.0
13:10,606.47,606.59,606.08,606.36,10922.0
13:11,606.4,606.6,606.21,606.38,19899.0
13:12,606.78,607.09,606.4,606.4,23660.0
13:13,606.47,606.97,606.41,606.82,15324.0
13:14,606.9,607.09,606.4,606.46,22330.0
13:15,606.53,607.14,606.5,607.02,14628.0
13:16,605.9,606.59,605.9,606.53,22955.0
13:17,605.69,606.0,605.6,605.96,20922.0
13:18,605.91,605.95,605.67,605.67,15653.0
13:19,605.97,606.02,605.27,605.88,31709.0
13:20,605.94,606.15,605.8,606.02,19815.0
13:21,605.43,605.87,605.31,605.85,19986.0
13:22,605.79,605.83,605.5,605.5,15806.0
13:23,605.96,606.25,605.65,605.79,25741.0
13:24,605.9,606.07,605.75,605.93,13992.0
13:25,604.64,605.91,604.56,605.91,68392.0
13:26,605.16,605.18,604.65,604.69,19965.0
13:27,605.23,605.45,604.83,605.08,24155.0
13:28,604.58,605.23,604.54,605.23,55162.0
13:29,604.91,605.12,604.37,604.56,40724.0
13:30,604.93,605.13,604.45,604.88,15987.0
13:31,605.27,605.48,604.85,604.85,19863.0
13:32,605.55,605.7,605.11,605.2,17284.0
13:33,605.05,605.63,604.68,605.63,23651.0
13:34,604.92,605.0,604.69,604.93,20365.0
13:35,604.41,605.06,604.3,604.92,21588.0
13:36,603.9,604.66,603.83,604.43,29525.0
13:37,603.89,604.05,603.55,603.92,40135.0
13:38,604.03,604.08,603.56,603.78,38540.0
13:39,604.16,604.4,603.86,604.08,34936.0
13:40,604.1,604.23,603.68,604.12,37329.0
13:41,603.59,604.06,603.48,604.06,35495.0
13:42,603.14,603.84,603.0,603.54,60775.0
13:43,604.55,604.56,603.07,603.17,57582.0
13:44,604.78,605.3,604.49,604.55,30037.0
13:45,605.35,605.46,604.69,604.78,42647.0
13:46,603.97,605.36,603.8,605.36,52392.0
13:47,604.58,604.58,603.75,603.87,38619.0
13:48,603.95,604.81,603.75,604.58,18326.0
13:49,603.43,603.92,603.3,603.92,24374.0
13:50,603.62,603.68,603.21,603.45,50929.0
13:51,604.13,604.4,603.46,603.68,29064.0
13:52,604.14,604.2,603.61,604.04,14691.0
13:53,604.26,604.43,603.82,604.05,10037.0
13:54,604.13,604.49,603.94,604.39,14085.0
13:55,604.22,604.54,604.14,604.14,13925.0
13:56,604.72,604.82,604.17,604.17,11484.0
13:57,604.17,604.72,604.17,604.56,15819.0
13:58,604.36,604.69,604.23,604.23,22976.0
13:59,604.5,604.5,604.1,604.5,14187.0
14:00,604.85,604.92,604.5,604.59,14540.0
14:01,604.49,604.93,604.37,604.79,13530.0
14:02,604.46,604.52,604.13,604.48,18157.0
14:03,604.58,604.65,604.17,604.38,17924.0
14:04,604.84,604.9,604.48,604.69,14632.0
14:05,605.08,605.26,604.88,604.9,20770.0
14:06,605.32,605.5,605.03,605.12,21236.0
14:07,605.03,605.64,604.93,605.38,14340.0
14:08,604.91,605.11,604.84,604.92,11746.0
14:09,605.42,605.51,604.94,604.94,18726.0
14:10,605.04,605.59,604.93,605.36,12521.0
14:11,605.15,605.46,605.08,605.1,12741.0
14:12,605.16,605.32,605.12,605.13,15978.0
14:13,605.18,605.34,604.94,605.18,18553.0
14:14,605.39,605.44,605.07,605.18,14169.0
14:15,605.45,605.56,605.12,605.39,12928.0
14:16,605.33,605.53,605.0,605.46,12262.0
14:17,605.5,605.7,605.33,605.33,8873.0
14:18,605.99,605.99,605.36,605.5,26187.0
14:19,605.64,605.99,605.53,605.99,9551.0
14:20,606.08,606.12,605.61,605.65,19313.0
14:21,606.12,606.39,605.98,606.1,20488.0
14:22,606.73,606.81,606.12,606.15,25393.0
14:23,606.77,607.0,606.62,606.73,26517.0
14:24,606.7,606.75,606.24,606.75,20791.0
14:25,607.43,607.62,606.6,606.64,42849.0
14:26,606.99,607.52,606.7,607.43,29279.0
14:27,606.71,607.4,606.66,606.91,19728.0
14:28,606.86,607.09,606.75,606.75,24148.0
14:29,607.09,607.3,606.82,606.85,13924.0
14:30,606.2,607.19,606.13,607.07,25742.0
14:31,606.47,606.86,605.94,606.34,26273.0
14:32,606.85,606.92,606.49,606.49,10396.0
14:33,607.16,607.33,606.66,606.79,21308.0
14:34,606.96,607.32,606.69,607.17,26180.0
14:35,606.98,607.25,606.72,606.96,22301.0
14:36,607.44,607.6,606.97,606.97,36125.0
14:37,607.46,607.8,607.3,607.44,23749.0
14:38,606.5,607.48,606.39,607.48,20152.0
14:39,607.17,607.23,606.47,606.6,22236.0
14:40,606.78,607.21,606.6,607.12,13011.0
14:41,606.67,606.85,606.4,606.77,12745.0
14:42,606.87,606.87,606.31,606.67,15716.0
14:43,607.03,607.05,606.73,606.84,18651.0
14:44,606.75,607.04,606.52,606.98,13686.0
14:45,606.38,606.98,606.31,606.83,13631.0
14:46,606.4,606.48,606.13,606.35,15866.0
14:47,605.77,606.47,605.77,606.39,24195.0
14:48,605.37,606.01,605.26,605.9,22560.0
14:49,605.73,605.8,605.37,605.37,18294.0
14:50,606.16,606.4,605.8,605.8,13483.0
14:51,605.94,606.34,605.87,606.2,14446.0
14:52,606.49,606.62,605.89,605.89,13912.0
14:53,606.46,606.55,606.17,606.55,17616.0
14:54,606.47,606.63,606.27,606.45,23446.0
14:55,606.15,606.38,605.5,606.38,19666.0
14:56,606.81,606.93,606.12,606.25,28863.0
14:57,606.74,607.09,606.7,606.74,21491.0
14:58,607.03,607.16,606.63,606.72,22790.0
14:59,606.81,607.15,606.59,607.12,15892.0
15:00,606.99,606.99,606.38,606.58,14052.0
15:01,606.33,607.05,606.2,607.0,24813.0
15:02,605.82,606.42,605.82,606.33,16670.0
15:03,606.25,606.41,605.82,605.82,20956.0
15:04,605.85,606.18,605.52,606.18,15188.0
15:05,605.54,606.02,605.5,605.84,21613.0
15:06,605.59,605.91,605.41,605.57,18693.0
15:07,605.51,605.95,605.47,605.71,22746.0
15:08,606.14,606.36,605.4,605.46,28339.0
15:09,606.06,606.27,605.84,606.09,15546.0
15:10,605.97,606.18,605.78,606.06,22028.0
15:11,606.29,606.54,605.97,605.97,21740.0
15:12,606.64,606.71,606.17,606.2,21771.0
15:13,606.65,606.86,606.33,606.74,18609.0
15:14,606.17,606.65,606.12,606.6,16640.0
15:15,605.98,606.39,605.78,606.18,20436.0
15:16,606.3,606.57,606.07,606.08,26815.0
15:17,605.76,606.3,605.74,606.23,19032.0
15:18,605.9,606.05,605.58,605.75,16869.0
15:19,605.53,605.94,605.34,605.9,21744.0
15:20,605.12,605.55,604.93,605.55,36930.0
15:21,605.26,605.49,604.84,605.2,24027.0
15:22,605.18,605.63,605.0,605.37,17830.0
15:23,604.8,605.18,604.6,605.04,20678.0
15:24,604.91,604.98,604.64,604.82,16889.0
15:25,605.36,605.5,604.56,604.9,28095.0
15:26,605.01,605.5,604.99,605.39,25788.0
15:27,605.56,605.6,604.9,605.01,44019.0
15:28,605.52,605.65,605.13,605.53,18138.0
15:29,605.94,606.09,605.45,605.59,30076.0
15:30,606.08,606.4,605.92,605.97,24107.0
15:31,606.13,606.46,605.98,606.09,26313.0
15:32,606.5,606.65,606.19,606.38,18259.0
15:33,606.89,606.94,606.18,606.42,32741.0
15:34,606.74,607.1,606.6,606.89,44458.0
15:35,607.15,607.2,606.67,606.72,31879.0
15:36,607.14,607.14,606.67,607.12,32745.0
15:37,606.87,607.19,606.79,607.09,38158.0
15:38,607.36,607.36,606.81,606.81,33260.0
15:39,607.34,607.51,606.88,607.33,38527.0
15:40,607.32,607.43,607.14,607.41,32526.0
15:41,607.83,607.95,607.27,607.28,42114.0
15:42,607.38,607.92,607.36,607.7,19401.0
15:43,607.17,607.64,606.85,607.58,25357.0
15:44,607.73,607.89,607.16,607.23,31949.0
15:45,608.08,608.15,607.58,607.7,39126.0
15:46,607.67,608.13,607.5,607.98,30843.0
15:47,607.83,607.88,607.5,607.61,33886.0
15:48,607.52,607.87,607.36,607.86,32048.0
15:49,606.77,607.68,606.77,607.57,31471.0
15:50,607.59,607.75,606.79,606.95,48176.0
15:51,608.19,608.29,607.48,607.61,45356.0
15:52,607.73,608.15,607.25,608.15,34435.0
15:53,607.61,607.94,607.42,607.72,42118.0
15:54,607.7,607.8,606.77,607.66,55249.0
15:55,608.97,609.2,607.73,607.73,75980.0
15:56,609.06,609.63,608.85,608.94,83721.0
15:57,609.43,609.63,608.88,609.06,82456.0
15:58,609.57,609.64,609.43,609.47,101021.0
15:59,609.97,610.0,609.35,609.63,241448.0
