Time,Close,High,Low,Open,Volume
09:30,666.26,666.99,662.47,664.5,1082834.0
09:31,667.32,667.61,664.79,666.15,79255.0
09:32,665.33,667.86,665.22,667.32,55815.0
09:33,665.72,666.54,665.16,665.44,61279.0
09:34,666.32,666.61,665.65,665.79,33846.0
09:35,668.71,669.41,666.07,666.22,78559.0
09:36,668.2,669.72,668.07,668.64,66477.0
09:37,667.53,668.33,667.01,668.21,36633.0
09:38,667.41,667.97,667.05,667.62,26560.0
09:39,666.87,667.71,666.72,667.42,30964.0
09:40,665.53,667.04,664.49,666.82,43123.0
09:41,665.26,665.64,664.63,665.29,30428.0
09:42,664.6,665.31,663.57,665.25,38770.0
09:43,664.78,665.4,664.29,664.29,37921.0
09:44,664.72,665.21,663.95,664.82,37747.0
09:45,664.87,665.05,664.5,664.77,35661.0
09:46,664.58,665.18,664.54,664.86,21639.0
09:47,663.86,664.53,663.65,664.5,27101.0
09:48,663.72,664.17,663.3,663.85,45733.0
09:49,663.87,664.32,663.47,663.72,41134.0
09:50,664.62,664.7,663.66,663.84,18127.0
09:51,664.11,664.78,663.62,664.62,24158.0
09:52,664.74,664.95,664.21,664.21,34234.0
09:53,664.22,665.24,664.18,664.68,29397.0
09:54,663.01,664.33,662.92,664.28,30017.0
09:55,663.0,663.2,662.41,663.03,45066.0
09:56,663.25,663.46,662.48,663.0,23011.0
09:57,663.56,663.68,662.8,663.26,23950.0
09:58,664.37,664.37,663.65,663.73,18967.0
09:59,664.38,664.56,663.86,664.16,30639.0
10:00,664.63,665.37,664.29,664.37,33960.0
10:01,664.89,665.06,664.22,664.58,17756.0
10:02,665.53,665.57,664.78,664.94,54048.0
10:03,665.68,665.88,665.26,665.63,22120.0
10:04,666.09,666.15,665.54,665.64,26629.0
10:05,666.7,666.84,665.97,666.25,28365.0
10:06,666.57,666.93,666.12,666.72,43558.0
10:07,666.91,667.03,666.38,666.65,23439.0
10:08,666.44,667.07,666.17,666.8,24836.0
10:09,666.61,666.83,666.3,666.44,20024.0
10:10,666.33,666.98,666.15,666.54,21838.0
10:11,667.47,667.62,666.2,666.32,33053.0
10:12,667.52,668.15,667.08,667.47,52144.0
10:13,668.22,668.42,667.48,667.66,39865.0
10:14,668.01,668.61,667.78,668.3,32951.0
10:15,669.1,669.1,668.01,668.1,57095.0
10:16,669.48,669.53,668.86,669.01,53094.0
10:17,670.71,670.8,669.33,669.4,91204.0
10:18,671.46,671.7,670.69,670.69,79823.0
10:19,672.11,672.5,671.09,671.55,88825.0
10:20,671.65,672.21,671.1,672.05,71101.0
10:21,671.7,672.36,671.34,671.72,57629.0
10:22,671.75,672.18,671.24,671.73,43610.0
10:23,671.96,672.5,671.73,671.79,47895.0
10:24,672.97,673.04,671.68,671.9,66723.0
10:25,672.75,673.5,672.51,673.0,75904.0
10:26,671.95,672.85,671.82,672.68,48488.0
10:27,670.96,672.11,670.86,671.92,76976.0
10:28,670.75,671.31,670.57,670.96,55356.0
10:29,670.98,671.09,670.46,670.8,36984.0
10:30,671.99,672.0,670.92,670.98,40435.0
10:31,671.75,672.25,671.4,671.96,37648.0
10:32,671.81,672.3,671.61,671.8,25248.0
10:33,672.31,672.33,671.66,671.81,26438.0
10:34,672.21,672.5,671.79,672.33,31784.0
10:35,672.25,673.0,672.18,672.21,57873.0
10:36,671.42,672.27,671.29,672.27,24357.0
10:37,671.02,671.55,670.86,671.38,23524.0
10:38,670.58,670.99,670.3,670.96,33876.0
10:39,670.7,670.99,670.58,670.58,18821.0
10:40,671.3,671.47,670.71,670.81,31108.0
10:41,670.76,671.32,670.52,671.32,30342.0
10:42,670.62,670.88,670.53,670.75,20771.0
10:43,670.25,670.79,670.18,670.65,33390.0
10:44,670.33,670.66,670.11,670.25,21213.0
10:45,669.47,670.3,669.24,670.3,35276.0
10:46,669.72,669.76,669.35,669.5,23017.0
10:47,669.99,670.1,669.51,669.72,19379.0
10:48,670.18,670.2,669.69,669.87,16971.0
10:49,670.39,670.4,670.0,670.23,16726.0
10:50,669.92,670.47,669.74,670.34,18427.0
10:51,669.89,670.29,669.61,669.88,15687.0
10:52,669.59,670.36,669.45,669.81,26219.0
10:53,669.2,669.77,669.2,669.63,19873.0
10:54,669.46,669.7,668.95,669.19,22861.0
10:55,669.13,669.52,669.07,669.43,15227.0
10:56,668.61,669.22,668.31,669.05,33069.0
10:57,668.69,669.04,668.55,668.59,19781.0
10:58,668.7,668.91,668.25,668.67,14617.0
10:59,668.82,668.96,668.44,668.79,13934.0
11:00,669.3,669.47,668.8,668.8,17240.0
11:01,669.21,669.29,668.67,669.29,15650.0
11:02,669.01,669.2,668.77,669.19,8989.0
11:03,668.9,669.09,668.72,668.81,12652.0
11:04,668.8,669.25,668.8,668.92,14283.0
11:05,669.3,669.59,668.75,668.78,17811.0
11:06,669.62,669.82,669.25,669.38,15239.0
11:07,668.77,669.71,668.62,669.71,27533.0
11:08,668.95,669.23,668.31,668.8,22823.0
11:09,668.91,669.21,668.67,669.11,13212.0
11:10,669.28,669.43,668.72,668.97,13849.0
11:11,669.58,669.72,668.93,669.16,13535.0
11:12,669.36,669.7,669.04,669.58,19184.0
11:13,669.45,669.6,669.1,669.36,8544.0
11:14,668.85,669.41,668.7,669.41,14174.0
11:15,668.41,668.84,668.2,668.71,24516.0
11:16,668.19,668.51,668.08,668.43,19835.0
11:17,668.3,668.45,667.65,668.19,29528.0
11:18,668.34,668.46,667.96,668.19,20683.0
11:19,668.32,668.5,667.97,668.32,12927.0
11:20,668.35,668.44,667.93,668.09,18243.0
11:21,668.32,668.56,668.2,668.41,21081.0
11:22,668.46,668.57,668.22,668.35,18489.0
11:23,668.52,668.8,668.28,668.31,18378.0
11:24,669.11,669.23,668.37,668.47,18333.0
11:25,669.45,669.66,669.05,669.09,26323.0
11:26,669.49,669.52,669.01,669.39,19539.0
11:27,669.18,669.39,669.04,669.39,7732.0
11:28,668.79,669.11,668.51,669.1,13059.0
11:29,668.65,668.77,668.3,668.69,13006.0
11:30,668.57,668.7,668.42,668.65,8936.0
11:31,668.03,668.7,668.0,668.48,16546.0
11:32,668.69,668.69,667.84,668.08,14086.0
11:33,669.34,669.48,668.27,668.59,22367.0
11:34,669.11,669.52,668.76,669.36,28629.0
11:35,669.53,669.67,669.1,669.22,30398.0
11:36,669.41,669.71,669.05,669.53,25023.0
11:37,669.37,669.52,668.91,669.41,13100.0
11:38,669.12,669.38,669.01,669.38,14142.0
11:39,669.09,669.41,669.08,669.17,8918.0
11:40,668.9,669.08,668.78,669.04,19104.0
11:41,668.69,669.02,668.58,668.89,15264.0
11:42,669.22,669.34,668.7,668.75,18295.0
11:43,669.27,669.37,669.11,669.16,9827.0
11:44,669.33,669.56,669.12,669.21,18368.0
11:45,670.68,670.76,669.33,669.33,55135.0
11:46,670.99,671.0,670.55,670.68,23121.0
11:47,670.35,671.0,669.8,670.8,21453.0
11:48,670.47,670.58,670.19,670.49,9994.0
11:49,670.7,670.8,670.15,670.43,14125.0
11:50,670.6,670.88,670.48,670.79,13976.0
11:51,671.4,671.45,670.53,670.58,127522.0
11:52,671.94,672.09,671.29,671.29,54202.0
11:53,671.93,672.0,671.69,671.91,45894.0
11:54,671.97,672.05,671.72,671.91,19157.0
11:55,672.64,672.68,671.84,671.88,36709.0
11:56,672.91,673.18,672.6,672.65,49794.0
11:57,672.71,673.12,672.61,672.86,32995.0
11:58,673.0,673.05,672.6,672.6,13938.0
11:59,672.13,673.1,672.05,672.98,41571.0
12:00,671.61,672.18,671.55,672.15,39016.0
12:01,671.3,671.62,671.1,671.62,29628.0
12:02,671.49,671.52,671.01,671.25,16907.0
12:03,672.37,672.45,671.42,671.42,204126.0
12:04,672.33,672.69,672.2,672.36,20651.0
12:05,672.27,672.32,671.95,672.22,12769.0
12:06,672.57,672.59,672.19,672.32,14172.0
12:07,672.36,672.7,672.36,672.61,28458.0
12:08,672.55,672.65,672.32,672.42,33886.0
12:09,673.19,673.45,672.56,672.6,77413.0
12:10,673.41,673.67,673.0,673.11,39198.0
12:11,673.23,673.44,672.8,673.44,38300.0
12:12,673.21,673.31,672.88,673.18,23455.0
12:13,673.4,673.56,673.08,673.16,22289.0
12:14,673.47,673.65,673.39,673.49,26443.0
12:15,673.43,673.73,673.38,673.5,26158.0
12:16,673.17,673.7,672.95,673.47,35684.0
12:17,673.4,673.6,673.09,673.17,17352.0
12:18,673.29,673.6,673.29,673.38,18216.0
12:19,673.58,673.66,673.34,673.36,13625.0
12:20,673.58,673.71,673.5,673.54,20987.0
12:21,674.19,674.19,673.37,673.5,46649.0
12:22,674.27,674.69,674.08,674.08,265158.0
12:23,674.18,674.41,673.95,674.31,21660.0
12:24,674.59,674.68,674.15,674.22,18164.0
12:25,673.94,674.68,673.65,674.6,28579.0
12:26,673.62,673.94,673.4,673.84,34575.0
12:27,673.49,673.56,673.09,673.52,19332.0
12:28,673.72,673.8,673.4,673.49,19622.0
12:29,673.64,673.83,673.51,673.75,11729.0
12:30,673.6,673.79,673.51,673.72,14728.0
12:31,673.45,673.73,673.33,673.62,16202.0
12:32,673.23,673.55,673.1,673.43,11539.0
12:33,673.2,673.35,672.78,673.04,21276.0
12:34,673.17,673.3,673.03,673.15,12090.0
12:35,672.86,673.22,672.81,673.17,11913.0
12:36,672.43,672.94,672.38,672.9,22224.0
12:37,673.0,673.11,672.27,672.36,15866.0
12:38,673.39,673.5,672.98,673.01,14386.0
12:39,673.28,673.8,673.27,673.49,18353.0
12:40,672.86,673.46,672.86,673.37,9332.0
12:41,673.2,673.32,672.89,672.89,7420.0
12:42,673.16,673.28,673.04,673.19,11222.0
12:43,673.11,673.28,673.0,673.18,7949.0
12:44,672.95,673.26,672.95,673.08,14316.0
12:45,673.12,673.19,672.46,672.89,15420.0
12:46,672.91,673.28,672.87,673.11,9592.0
12:47,672.96,673.1,672.86,673.01,4020.0
12:48,672.64,673.12,672.64,673.08,8439.0
12:49,673.18,673.27,672.68,672.68,12221.0
12:50,673.42,673.55,673.12,673.12,16509.0
12:51,673.49,673.49,673.25,673.39,13570.0
12:52,673.79,674.03,673.34,673.46,22661.0
12:53,673.65,673.81,673.6,673.79,10559.0
12:54,673.79,673.84,673.62,673.67,13087.0
12:55,673.56,673.9,673.5,673.78,14548.0
12:56,673.43,673.59,673.33,673.54,8597.0
12:57,673.51,673.58,673.33,673.46,8865.0
12:58,673.54,673.61,673.4,673.54,9617.0
12:59,673.52,673.65,673.46,673.48,11921.0
13:00,673.65,673.76,673.49,673.49,9052.0
13:01,673.3,673.73,673.26,673.71,15357.0
13:02,673.23,673.35,673.03,673.34,12447.0
13:03,672.91,673.3,672.88,673.23,13416.0
13:04,673.03,673.08,672.72,672.88,9526.0
13:05,673.13,673.31,673.06,673.06,8386.0
13:06,672.51,673.11,672.5,673.1,9810.0
13:07,672.58,672.68,672.2,672.44,19982.0
13:08,672.35,672.68,672.31,672.58,13123.0
13:09,672.35,672.48,672.2,672.34,13264.0
13:10,672.04,672.39,671.76,672.34,21718.0
13:11,672.4,672.54,672.08,672.08,16537.0
13:12,672.48,672.53,672.11,672.43,12699.0
13:13,672.2,672.49,672.1,672.49,8673.0
13:14,672.2,672.29,672.03,672.25,5192.0
13:15,671.76,672.24,671.76,672.24,11880.0
13:16,671.84,671.99,671.71,671.81,7333.0
13:17,672.2,672.27,672.0,672.1,7335.0
13:18,671.9,672.24,671.84,672.24,8074.0
13:19,671.81,671.91,671.66,671.91,7008.0
13:20,671.12,672.0,671.04,671.88,30928.0
13:21,670.93,671.09,670.79,671.04,26209.0
13:22,670.89,670.96,670.67,670.83,11874.0
13:23,671.39,671.44,670.83,670.83,12374.0
13:24,671.23,671.46,671.19,671.39,12209.0
13:25,671.64,671.64,671.08,671.23,12801.0
13:26,671.87,672.0,671.58,671.58,13606.0
13:27,671.75,671.98,671.73,671.87,9557.0
13:28,672.08,672.2,671.77,671.8,12304.0
13:29,672.0,672.14,671.94,672.08,7087.0
13:30,672.11,672.27,671.91,672.05,17158.0
13:31,671.83,672.26,671.83,672.14,13517.0
13:32,671.73,671.89,671.66,671.88,6641.0
13:33,671.88,671.93,671.72,671.72,7644.0
13:34,671.8,671.96,671.73,671.85,5734.0
13:35,671.68,671.9,671.5,671.84,9309.0
13:36,671.75,671.86,671.54,671.71,5519.0
13:37,671.7,671.84,671.55,671.74,5263.0
13:38,671.88,671.88,671.62,671.79,6198.0
13:39,671.92,671.97,671.69,671.8,6147.0
13:40,672.1,672.18,671.8,671.87,19004.0
13:41,672.36,672.44,672.16,672.16,17583.0
13:42,672.85,672.89,672.36,672.36,21510.0
13:43,673.05,673.05,672.74,672.85,17347.0
13:44,673.43,673.48,672.92,673.01,16884.0
13:45,672.82,673.43,672.8,673.33,13710.0
13:46,672.59,672.94,672.4,672.88,13460.0
13:47,672.36,672.74,672.31,672.52,4854.0
13:48,672.37,672.46,672.16,672.32,7773.0
13:49,672.7,672.8,672.45,672.45,6275.0
13:50,671.79,672.8,671.71,672.69,13963.0
13:51,671.71,671.81,671.58,671.77,7590.0
13:52,672.12,672.37,671.52,671.71,13826.0
13:53,672.02,672.17,671.94,672.1,6836.0
13:54,672.2,672.38,672.02,672.03,10727.0
13:55,672.22,672.31,672.09,672.2,16960.0
13:56,672.28,672.38,672.04,672.31,10959.0
13:57,672.26,672.32,672.14,672.14,9584.0
13:58,672.31,672.37,672.15,672.21,18616.0
13:59,671.96,672.2,671.91,672.14,24583.0
14:00,671.51,672.06,671.51,671.98,25546.0
14:01,671.8,671.9,671.37,671.47,14337.0
14:02,671.65,671.9,671.56,671.78,6161.0
14:03,671.57,671.85,671.54,671.7,9462.0
14:04,671.48,671.69,671.46,671.69,10522.0
14:05,671.6,671.6,671.44,671.44,4763.0
14:06,671.67,671.83,671.59,671.61,5067.0
14:07,671.77,671.8,671.63,671.71,3875.0
14:08,671.51,671.89,671.44,671.8,15407.0
14:09,671.49,671.67,671.44,671.44,8924.0
14:10,671.6,671.6,671.27,671.46,9842.0
14:11,671.68,671.73,671.57,671.59,5966.0
14:12,671.38,671.6,671.36,671.57,9723.0
14:13,671.3,671.43,671.2,671.4,11420.0
14:14,671.42,671.54,671.34,671.37,6610.0
14:15,671.51,671.53,671.25,671.41,7324.0
14:16,671.05,671.58,671.01,671.45,15088.0
14:17,670.62,671.06,670.56,671.06,17648.0
14:18,670.97,670.98,670.39,670.56,16766.0
14:19,670.55,670.97,670.55,670.92,11704.0
14:20,670.53,670.82,670.52,670.55,11201.0
14:21,670.26,670.57,670.25,670.57,23945.0
14:22,670.06,670.33,670.01,670.25,14573.0
14:23,670.31,670.38,670.05,670.05,17553.0
14:24,671.27,671.27,670.3,670.34,53917.0
14:25,671.41,671.48,671.02,671.24,17971.0
14:26,672.31,672.34,671.38,671.41,36843.0
14:27,672.71,672.84,672.32,672.36,33894.0
14:28,672.14,672.82,672.02,672.74,18155.0
14:29,672.54,672.6,672.2,672.26,12850.0
14:30,672.58,672.75,672.48,672.53,15830.0
14:31,672.61,672.8,672.5,672.51,13297.0
14:32,672.7,672.8,672.55,672.56,13133.0
14:33,672.93,673.04,672.66,672.66,24423.0
14:34,673.12,673.13,672.81,672.88,25325.0
14:35,672.86,673.17,672.71,673.08,19841.0
14:36,673.26,673.33,672.82,672.91,17329.0
14:37,673.34,673.34,672.96,673.27,27601.0
14:38,673.14,673.41,673.14,673.22,17653.0
14:39,673.23,673.39,673.05,673.1,17288.0
14:40,673.5,673.82,673.23,673.23,30243.0
14:41,673.63,673.63,673.4,673.46,18292.0
14:42,673.09,673.65,673.09,673.62,13936.0
14:43,672.79,673.12,672.79,673.11,24784.0
14:44,673.01,673.03,672.6,672.78,103322.0
14:45,672.88,673.02,672.76,673.02,9458.0
14:46,672.73,672.92,672.63,672.92,10479.0
14:47,672.78,672.98,672.62,672.73,10778.0
14:48,672.82,672.92,672.66,672.82,8777.0
14:49,672.78,672.92,672.7,672.84,16561.0
14:50,673.09,673.13,672.72,672.77,15685.0
14:51,673.18,673.3,673.03,673.15,17552.0
14:52,673.18,673.42,673.14,673.14,10190.0
14:53,673.08,673.27,673.07,673.16,12265.0
14:54,673.25,673.26,673.05,673.07,10471.0
14:55,673.17,673.22,673.0,673.19,12731.0
14:56,673.12,673.23,672.84,673.11,27044.0
14:57,673.23,673.25,672.98,673.1,13757.0
14:58,673.17,673.22,673.04,673.22,8968.0
14:59,673.1,673.25,673.09,673.15,11689.0
15:00,672.85,673.17,672.66,673.1,31397.0
15:01,671.63,672.86,671.59,672.86,26279.0
15:02,671.76,671.79,671.59,671.59,15778.0
15:03,672.16,672.18,671.77,671.77,16749.0
15:04,671.84,672.16,671.76,672.16,16883.0
15:05,671.66,671.94,671.49,671.83,22921.0
15:06,671.36,671.78,671.29,671.77,16573.0
15:07,671.16,671.36,670.91,671.36,23159.0
15:08,671.34,671.42,671.12,671.16,8667.0
15:09,671.02,671.41,671.01,671.34,11769.0
15:10,671.0,671.1,670.8,671.0,14809.0
15:11,671.65,671.65,671.08,671.08,15582.0
15:12,671.68,671.82,671.59,671.73,18895.0
15:13,671.89,671.93,671.6,671.76,7103.0
15:14,672.17,672.22,671.83,671.88,11928.0
15:15,672.15,672.38,672.04,672.19,19760.0
15:16,672.32,672.35,672.13,672.15,8858.0
15:17,672.41,672.45,672.25,672.28,12118.0
15:18,672.46,672.46,672.25,672.4,10968.0
15:19,672.66,672.75,672.42,672.46,22166.0
15:20,672.57,672.62,672.37,672.62,15661.0
15:21,672.71,672.71,672.45,672.52,20705.0
15:22,672.62,672.73,672.48,672.71,14559.0
15:23,672.88,672.98,672.59,672.62,28702.0
15:24,673.16,673.19,672.8,672.9,17812.0
15:25,673.28,673.37,673.1,673.2,16509.0
15:26,673.39,673.42,672.98,673.24,24065.0
15:27,672.72,673.37,672.72,673.37,24263.0
15:28,672.69,672.84,672.61,672.66,22061.0
15:29,672.71,672.76,672.59,672.67,16556.0
15:30,672.72,672.96,672.69,672.7,22955.0
15:31,672.63,672.93,672.5,672.75,29489.0
15:32,673.65,673.65,672.67,672.7,37916.0
15:33,673.59,673.74,673.37,673.62,28798.0
15:34,673.44,673.62,673.3,673.59,16777.0
15:35,673.58,673.7,673.3,673.4,18464.0
15:36,673.58,673.6,673.41,673.54,13661.0
15:37,673.71,673.74,673.41,673.52,23802.0
15:38,673.66,673.8,673.52,673.7,20369.0
15:39,673.14,673.65,673.12,673.59,24549.0
15:40,672.57,673.12,672.52,673.12,33001.0
15:41,672.45,672.81,672.35,672.61,29837.0
15:42,673.25,673.25,672.22,672.45,38202.0
15:43,673.03,673.33,672.92,673.22,24519.0
15:44,673.33,673.38,672.98,673.0,19098.0
15:45,672.97,673.27,672.97,673.27,19081.0
15:46,672.88,673.03,672.85,672.97,17537.0
15:47,672.6,672.99,672.55,672.91,26863.0
15:48,672.76,672.81,672.41,672.62,17563.0
15:49,672.52,672.74,672.41,672.68,33497.0
15:50,672.37,672.71,672.3,672.5,5553971.0
15:51,672.64,672.64,672.4,672.4,1.0
15:52,672.46,672.69,672.2,672.64,41117.0
15:53,672.19,673.02,672.19,672.41,56812.0
15:54,672.33,672.98,671.72,672.17,58974.0
15:55,672.85,673.0,672.16,672.46,59674.0
15:56,672.93,672.98,672.68,672.85,46233.0
15:57,673.24,673.29,672.86,672.94,74197.0
15:58,673.24,673.43,673.18,673.18,82654.0
15:59,673.46,673.8,673.18,673.28,179282.0
