Time,Close,High,Low,Open,Volume
09:30,627.79,628.99,627.08,628.41,430382.0
09:31,627.27,628.1,626.8,627.72,58989.0
09:32,627.2,627.79,626.68,627.45,54220.0
09:33,626.5,627.25,626.23,627.09,47238.0
09:34,625.71,626.65,625.51,626.52,33839.0
09:35,625.33,626.25,625.1,625.64,55645.0
09:36,623.82,625.25,623.76,625.15,56985.0
09:37,624.0,624.22,623.2,623.94,99286.0
09:38,623.85,624.16,623.47,623.88,39020.0
09:39,623.23,624.11,622.87,623.87,41556.0
09:40,623.38,623.82,623.1,623.17,53642.0
09:41,623.02,623.36,622.75,623.1,30065.0
09:42,622.86,623.27,622.68,623.1,39179.0
09:43,622.89,623.58,622.8,622.9,28653.0
09:44,622.1,623.68,621.89,622.95,65838.0
09:45,620.27,622.11,620.27,622.05,96348.0
09:46,619.87,620.66,619.3,620.24,97554.0
09:47,619.49,620.0,619.44,619.98,50466.0
09:48,619.11,619.58,618.4,619.38,67974.0
09:49,619.78,619.87,618.74,619.04,49212.0
09:50,620.22,620.7,619.69,619.76,68310.0
09:51,620.92,621.25,620.18,620.18,46602.0
09:52,620.9,621.25,620.67,620.84,44316.0
09:53,621.19,621.33,620.65,620.9,30308.0
09:54,619.72,621.25,619.6,621.18,75681.0
09:55,619.43,620.14,619.0,619.73,77555.0
09:56,618.79,620.24,618.6,619.43,90664.0
09:57,619.02,619.09,618.37,618.7,49114.0
09:58,619.49,619.99,618.96,619.01,62285.0
09:59,618.73,619.51,618.57,619.51,91723.0
10:00,619.75,619.88,618.21,618.73,89609.0
10:01,619.5,620.37,619.4,619.78,59744.0
10:02,618.37,619.48,618.12,619.48,72343.0
10:03,618.13,618.77,617.77,618.29,107903.0
10:04,618.13,618.32,617.76,618.3,52285.0
10:05,617.88,618.19,617.6,618.1,69581.0
10:06,617.93,618.11,617.6,618.0,101831.0
10:07,617.59,617.95,617.25,617.95,63950.0
10:08,616.63,617.79,616.47,617.62,80947.0
10:09,616.94,617.16,616.58,616.59,97554.0
10:10,616.34,617.22,616.25,616.97,87615.0
10:11,616.25,616.33,615.62,616.33,87997.0
10:12,616.53,616.63,615.83,616.25,87047.0
10:13,615.55,616.61,615.28,616.6,111102.0
10:14,616.34,616.86,615.08,615.59,104930.0
10:15,616.2,617.0,616.02,616.35,86725.0
10:16,616.95,617.2,615.98,616.23,68519.0
10:17,616.28,617.2,616.14,616.97,79271.0
10:18,616.06,616.38,615.47,616.28,52854.0
10:19,615.97,616.39,615.71,616.24,30305.0
10:20,615.49,616.03,615.16,615.97,73375.0
10:21,615.66,615.72,615.3,615.52,39948.0
10:22,615.04,616.11,614.8,615.71,90977.0
10:23,615.81,615.81,614.8,615.03,71836.0
10:24,615.17,615.97,614.98,615.83,54679.0
10:25,615.15,615.35,615.0,615.15,44642.0
10:26,614.82,615.31,614.77,615.15,65156.0
10:27,614.1,614.87,614.04,614.84,90455.0
10:28,614.73,615.05,614.0,614.04,84750.0
10:29,614.59,614.99,614.58,614.73,86668.0
10:30,615.64,615.84,614.41,614.58,62504.0
10:31,615.74,616.4,615.47,615.64,62469.0
10:32,615.39,615.85,615.09,615.79,43197.0
10:33,615.18,615.69,615.06,615.45,37464.0
10:34,613.26,615.23,613.17,615.23,88231.0
10:35,611.29,613.31,611.11,613.27,128319.0
10:36,609.68,611.41,609.4,611.23,170682.0
10:37,610.66,610.81,609.0,609.75,178558.0
10:38,611.33,611.99,610.72,610.76,110850.0
10:39,612.56,612.77,611.35,611.41,80553.0
10:40,611.34,612.72,610.98,612.69,82284.0
10:41,612.26,612.7,611.49,611.5,50138.0
10:42,612.37,612.71,611.87,612.37,43382.0
10:43,612.36,612.43,611.92,612.34,52647.0
10:44,611.62,612.72,611.56,612.38,44776.0
10:45,611.37,611.86,610.91,611.55,59052.0
10:46,611.29,611.37,610.49,611.31,55222.0
10:47,611.06,611.99,611.01,611.33,41072.0
10:48,610.47,611.23,610.2,611.15,38829.0
10:49,610.73,610.92,610.2,610.5,37041.0
10:50,611.02,611.29,610.64,610.73,39942.0
10:51,610.89,611.5,610.78,611.01,39112.0
10:52,610.69,611.78,610.46,610.83,52128.0
10:53,610.05,610.75,609.96,610.75,78712.0
10:54,609.51,610.06,609.15,610.0,74936.0
10:55,609.49,610.32,609.41,609.52,47244.0
10:56,609.76,609.8,609.01,609.48,55952.0
10:57,609.51,610.01,609.34,609.67,81206.0
10:58,609.02,609.53,609.0,609.4,49089.0
10:59,609.19,609.51,608.53,609.0,101259.0
11:00,609.43,610.18,609.07,609.18,57491.0
11:01,608.77,609.54,608.68,609.47,54758.0
11:02,610.08,610.33,608.5,608.7,87668.0
11:03,609.59,610.05,609.38,610.0,42398.0
11:04,610.3,610.3,609.11,609.57,41110.0
11:05,610.52,610.83,609.98,610.08,52513.0
11:06,611.13,611.17,610.33,610.46,44907.0
11:07,610.32,611.29,610.0,611.11,62254.0
11:08,611.19,611.25,610.25,610.32,31649.0
11:09,610.82,611.3,610.55,611.18,44173.0
11:10,610.17,610.71,610.05,610.7,33371.0
11:11,609.69,610.26,609.6,610.18,39952.0
11:12,610.18,610.22,609.5,609.69,29074.0
11:13,609.66,610.27,609.66,610.2,40189.0
11:14,608.93,609.75,608.76,609.75,67020.0
11:15,608.9,609.48,608.86,608.99,50270.0
11:16,608.53,609.21,608.12,608.83,64680.0
11:17,608.28,608.62,608.11,608.57,44374.0
11:18,608.53,608.75,607.77,608.34,79142.0
11:19,608.72,608.99,608.4,608.4,37558.0
11:20,609.1,609.28,608.68,608.75,48463.0
11:21,608.92,609.19,608.55,609.12,38918.0
11:22,609.44,609.54,608.8,608.9,47452.0
11:23,610.05,610.08,609.3,609.55,44459.0
11:24,609.42,610.18,609.15,610.06,27894.0
11:25,609.83,609.88,609.26,609.36,30486.0
11:26,610.25,610.42,609.72,609.87,44687.0
11:27,610.76,610.8,610.21,610.26,50713.0
11:28,610.41,610.71,609.85,610.65,46491.0
11:29,610.79,611.02,610.3,610.34,59785.0
11:30,610.46,610.83,610.28,610.81,37009.0
11:31,610.74,611.04,610.25,610.47,43072.0
11:32,611.17,611.32,610.74,610.74,42645.0
11:33,611.14,611.24,610.8,611.17,42179.0
11:34,610.77,611.49,610.77,611.18,43880.0
11:35,611.14,611.22,610.69,610.93,38511.0
11:36,611.62,611.65,611.05,611.09,32219.0
11:37,611.18,612.0,611.17,611.63,43476.0
11:38,610.47,611.3,610.25,611.19,56858.0
11:39,609.71,610.54,609.65,610.43,51523.0
11:40,609.38,610.04,609.24,609.73,47865.0
11:41,609.63,609.69,608.8,609.4,43135.0
11:42,609.71,610.12,609.52,609.63,30051.0
11:43,609.32,609.73,609.25,609.71,26034.0
11:44,609.09,609.29,608.83,609.25,49034.0
11:45,609.28,609.45,609.0,609.03,18903.0
11:46,609.7,609.79,609.14,609.27,15986.0
11:47,608.98,609.69,608.9,609.68,32113.0
11:48,608.53,609.01,608.15,608.95,46524.0
11:49,609.47,609.62,608.45,608.53,35894.0
11:50,609.91,610.01,609.37,609.39,47099.0
11:51,610.27,610.41,609.53,609.78,41635.0
11:52,610.42,610.66,610.04,610.36,18783.0
11:53,610.5,610.53,610.01,610.51,29390.0
11:54,610.15,610.6,610.01,610.47,21915.0
11:55,610.62,610.7,610.14,610.14,20234.0
11:56,610.72,610.91,610.52,610.67,25275.0
11:57,611.14,611.43,610.75,610.76,27007.0
11:58,610.64,611.16,610.28,611.09,23006.0
11:59,610.97,611.15,610.49,610.66,17124.0
12:00,610.76,611.13,610.73,611.06,20710.0
12:01,611.2,611.39,610.75,610.81,25375.0
12:02,611.14,611.34,611.05,611.15,19456.0
12:03,611.11,611.42,610.7,611.15,27516.0
12:04,611.45,611.55,610.92,611.06,16952.0
12:05,611.25,611.88,611.03,611.46,23276.0
12:06,611.55,611.88,611.22,611.23,37450.0
12:07,611.44,611.61,611.07,611.52,25706.0
12:08,611.21,611.67,611.2,611.49,25844.0
12:09,611.34,611.48,611.21,611.21,23134.0
12:10,611.21,611.53,610.9,611.36,19122.0
12:11,611.71,612.1,611.22,611.22,27253.0
12:12,612.4,612.4,611.86,611.92,27139.0
12:13,613.01,613.07,612.33,612.4,39706.0
12:14,612.88,613.12,612.64,613.02,37489.0
12:15,613.35,613.48,612.7,612.88,33896.0
12:16,612.67,613.4,612.55,613.31,3997837.0
12:17,612.3,612.82,612.07,612.67,1.0
12:18,612.18,612.43,612.08,612.26,16957.0
12:19,611.83,612.17,611.63,612.14,36055.0
12:20,612.13,612.21,611.51,611.66,34805.0
12:21,612.77,612.93,612.04,612.17,13699.0
12:22,612.65,613.1,612.53,612.76,16263.0
12:23,612.76,612.81,612.37,612.61,22493.0
12:24,613.09,613.15,612.74,612.77,21218.0
12:25,613.13,613.53,613.06,613.06,32602.0
12:26,613.42,613.48,612.91,613.06,25868.0
12:27,613.33,613.52,613.09,613.44,21924.0
12:28,613.68,613.75,613.29,613.29,24309.0
12:29,613.73,613.78,613.5,613.68,18964.0
12:30,613.73,614.0,613.47,613.82,25441.0
12:31,613.64,613.89,613.41,613.7,20278.0
12:32,614.18,614.39,613.68,613.68,20717.0
12:33,614.27,614.3,613.87,614.07,23055.0
12:34,614.59,614.63,614.18,614.33,24966.0
12:35,614.89,614.89,614.47,614.6,19703.0
12:36,614.97,615.05,614.6,614.87,35372.0
12:37,615.33,615.58,614.91,614.91,31544.0
12:38,615.41,615.49,615.22,615.39,21522.0
12:39,615.41,615.6,615.22,615.39,22522.0
12:40,615.55,615.66,615.36,615.36,25251.0
12:41,615.71,616.09,615.42,615.48,33149.0
12:42,615.62,615.7,615.48,615.69,20952.0
12:43,615.81,615.93,615.36,615.64,22856.0
12:44,615.34,615.82,615.12,615.76,24132.0
12:45,615.7,615.85,614.98,615.22,33360.0
12:46,615.52,615.71,615.41,615.62,13515.0
12:47,615.52,615.87,615.34,615.63,23202.0
12:48,615.05,615.58,615.03,615.55,22185.0
12:49,614.73,615.15,614.51,615.0,34753.0
12:50,614.41,614.73,614.16,614.73,27067.0
12:51,614.68,614.88,614.02,614.59,21637.0
12:52,614.65,615.34,614.6,614.6,30356.0
12:53,614.68,614.84,614.5,614.6,9364.0
12:54,614.51,614.77,614.45,614.7,11749.0
12:55,614.83,614.86,614.32,614.54,22476.0
12:56,614.55,614.92,614.41,614.83,17318.0
12:57,614.89,614.9,614.53,614.55,22977.0
12:58,615.28,615.36,614.75,614.76,17242.0
12:59,615.05,615.21,614.74,615.21,17662.0
13:00,615.19,615.24,614.79,615.24,22469.0
13:01,615.08,615.25,614.57,615.09,23431.0
13:02,614.93,615.3,614.9,615.03,37100.0
13:03,615.18,615.28,614.81,614.92,17333.0
13:04,615.14,615.23,614.85,615.23,13340.0
13:05,614.68,615.29,614.56,615.2,14364.0
13:06,614.73,614.96,614.72,614.79,8377.0
13:07,614.19,614.81,614.03,614.73,22241.0
13:08,613.86,614.36,613.85,614.22,23872.0
13:09,613.55,613.86,613.32,613.79,23053.0
13:10,613.82,613.95,613.5,613.5,17099.0
13:11,613.71,613.94,613.52,613.83,13543.0
13:12,613.86,613.86,613.52,613.66,13611.0
13:13,613.83,614.07,613.61,613.84,17013.0
13:14,614.14,614.14,613.79,613.81,12936.0
13:15,614.4,614.4,613.95,614.14,15554.0
13:16,614.59,614.6,614.26,614.32,15304.0
13:17,614.91,614.98,614.56,614.62,16728.0
13:18,615.06,615.06,614.52,614.87,18599.0
13:19,614.93,615.05,614.75,614.99,16702.0
13:20,614.45,614.87,614.14,614.81,25109.0
13:21,614.1,614.46,614.01,614.4,10329.0
13:22,613.85,614.06,613.6,614.06,19006.0
13:23,614.09,614.17,613.9,613.9,9325.0
13:24,613.49,614.11,613.43,614.04,17304.0
13:25,613.16,613.78,613.13,613.42,17350.0
13:26,612.51,613.31,612.51,613.16,25891.0
13:27,612.29,612.63,612.04,612.63,21012.0
13:28,611.77,612.33,611.59,612.33,41737.0
13:29,611.7,611.9,611.42,611.76,25786.0
13:30,611.68,611.82,611.41,611.7,27876.0
13:31,611.72,611.94,611.49,611.66,21584.0
13:32,611.59,611.75,611.39,611.72,27129.0
13:33,611.64,611.8,611.54,611.54,21327.0
13:34,611.43,611.66,611.42,611.64,26634.0
13:35,611.36,611.63,611.1,611.44,31458.0
13:36,610.62,611.4,610.55,611.37,43744.0
13:37,611.16,611.27,610.57,610.61,46900.0
13:38,611.09,611.23,611.01,611.2,26032.0
13:39,611.64,611.8,611.04,611.06,46707.0
13:40,611.85,612.2,611.64,611.66,35619.0
13:41,612.02,612.03,611.58,611.82,29937.0
13:42,611.84,612.2,611.69,611.97,22363.0
13:43,612.19,612.3,611.67,611.88,19731.0
13:44,611.7,612.2,611.7,612.19,20587.0
13:45,611.45,611.92,611.28,611.69,16960.0
13:46,611.39,611.7,611.29,611.54,17856.0
13:47,611.59,611.67,611.05,611.41,18793.0
13:48,611.87,612.07,611.5,611.59,17192.0
13:49,612.11,612.2,611.75,611.96,15338.0
13:50,612.63,612.63,612.18,612.18,17798.0
13:51,613.18,613.18,612.5,612.62,19274.0
13:52,612.94,613.18,612.94,613.12,18539.0
13:53,612.87,613.07,612.7,612.94,17744.0
13:54,612.9,613.25,612.85,612.92,21127.0
13:55,612.65,613.03,612.61,612.9,15072.0
13:56,612.75,612.75,612.3,612.61,18526.0
13:57,612.64,612.83,612.5,612.72,10911.0
13:58,612.77,612.92,612.58,612.74,12857.0
13:59,612.95,612.97,612.72,612.79,16826.0
14:00,612.62,613.05,612.51,612.95,14877.0
14:01,612.88,612.89,612.5,612.66,21113.0
14:02,612.72,612.91,612.6,612.82,9803.0
14:03,612.78,612.91,612.69,612.72,9270.0
14:04,612.63,612.9,612.56,612.81,23794.0
14:05,612.47,612.67,612.12,612.59,25897.0
14:06,612.57,612.6,612.26,612.31,17607.0
14:07,612.5,612.76,612.41,612.7,21975.0
14:08,612.78,612.93,612.47,612.47,19379.0
14:09,613.3,613.43,612.85,612.85,23393.0
14:10,613.48,613.6,613.16,613.28,22883.0
14:11,613.79,613.79,613.27,613.43,23084.0
14:12,613.78,613.87,613.58,613.68,16839.0
14:13,613.74,613.98,613.69,613.77,29448.0
14:14,613.53,613.9,613.41,613.74,28311.0
14:15,613.52,613.62,613.3,613.57,15338.0
14:16,613.31,613.67,613.18,613.5,18620.0
14:17,613.3,613.46,613.18,613.46,12557.0
14:18,613.37,613.59,613.23,613.3,21479.0
14:19,613.43,613.51,613.31,613.37,16013.0
14:20,613.42,613.65,613.3,613.43,15981.0
14:21,612.94,613.31,612.84,613.3,18011.0
14:22,613.3,613.38,612.94,612.94,12282.0
14:23,613.34,613.69,613.16,613.3,17963.0
14:24,613.06,613.41,613.06,613.34,13502.0
14:25,613.8,613.85,613.16,613.18,19399.0
14:26,613.77,613.93,613.7,613.76,10226.0
14:27,613.08,613.71,613.01,613.7,16513.0
14:28,612.59,613.26,612.53,613.08,19867.0
14:29,612.77,612.93,612.52,612.63,15783.0
14:30,613.07,613.17,612.69,612.73,19169.0
14:31,612.69,613.16,612.58,613.07,20755.0
14:32,612.79,612.97,612.51,612.69,18773.0
14:33,612.95,613.0,612.6,612.81,13125.0
14:34,613.42,613.49,612.95,612.95,15898.0
14:35,613.2,613.51,613.13,613.35,15555.0
14:36,613.21,613.43,613.13,613.16,10637.0
14:37,613.22,613.36,613.15,613.23,16311.0
14:38,613.4,613.49,613.22,613.25,13765.0
14:39,613.46,613.62,613.33,613.39,21338.0
14:40,613.23,613.54,613.06,613.48,10061.0
14:41,613.89,613.89,613.24,613.33,12155.0
14:42,613.73,613.94,613.71,613.86,13513.0
14:43,613.77,613.81,613.62,613.69,11072.0
14:44,613.88,614.05,613.64,613.73,20884.0
14:45,613.48,613.88,613.46,613.82,12515.0
14:46,613.12,613.5,613.01,613.48,16428.0
14:47,613.22,613.38,613.12,613.12,10510.0
14:48,613.14,613.36,613.06,613.25,13307.0
14:49,613.12,613.34,613.09,613.11,9635.0
14:50,612.91,613.13,612.75,613.13,22162.0
14:51,612.82,613.1,612.66,612.83,18406.0
14:52,612.75,612.98,612.69,612.79,15378.0
14:53,612.93,613.1,612.75,612.75,10037.0
14:54,612.84,612.97,612.79,612.91,8035.0
14:55,612.73,612.92,612.62,612.89,16824.0
14:56,612.54,612.88,612.53,612.71,13450.0
14:57,612.23,612.69,612.2,612.59,14876.0
14:58,611.09,612.19,611.09,612.19,37280.0
14:59,611.94,612.05,611.2,611.22,25733.0
15:00,612.23,612.36,611.74,611.9,19454.0
15:01,611.69,612.35,611.44,612.28,23336.0
15:02,611.49,611.73,611.46,611.68,21325.0
15:03,611.35,611.54,610.95,611.5,30709.0
15:04,611.34,611.5,610.98,611.33,28385.0
15:05,611.24,611.45,611.07,611.31,26109.0
15:06,611.0,611.24,610.92,611.2,31410.0
15:07,611.07,611.27,610.98,610.98,20803.0
15:08,611.39,611.52,610.98,611.01,21188.0
15:09,611.21,611.51,611.14,611.34,43148.0
15:10,611.07,611.37,611.0,611.07,25113.0
15:11,611.0,611.31,610.95,611.07,38085.0
15:12,611.24,611.3,610.86,611.05,57797.0
15:13,611.0,611.4,610.86,611.2,27470.0
15:14,610.63,611.04,610.24,611.0,64887.0
15:15,610.98,611.41,610.59,610.62,27932.0
15:16,610.35,611.03,610.35,610.97,40992.0
15:17,610.65,610.99,610.26,610.32,30050.0
15:18,610.55,610.96,610.53,610.63,42165.0
15:19,610.68,610.73,610.53,610.61,21048.0
15:20,610.78,610.83,610.37,610.69,38942.0
15:21,610.94,610.97,610.74,610.8,32416.0
15:22,610.74,610.94,610.56,610.94,18317.0
15:23,610.91,610.97,610.53,610.77,21404.0
15:24,611.1,611.14,610.6,610.92,42744.0
15:25,610.81,611.22,610.75,611.11,43334.0
15:26,609.9,610.75,609.81,610.75,80514.0
15:27,609.84,610.19,609.7,609.88,52409.0
15:28,610.62,610.93,609.61,609.84,65958.0
15:29,611.29,611.36,610.61,610.74,26984.0
15:30,611.23,611.44,610.86,611.3,46544.0
15:31,611.85,611.85,611.16,611.22,31252.0
15:32,611.91,612.07,611.62,611.85,45765.0
15:33,611.5,611.93,611.25,611.92,52508.0
15:34,610.75,611.59,610.7,611.47,41109.0
15:35,610.75,610.86,610.16,610.78,59795.0
15:36,610.31,610.78,610.14,610.75,30723.0
15:37,609.93,610.41,609.8,610.4,39280.0
15:38,609.88,610.34,609.83,609.88,43422.0
15:39,610.26,610.4,609.75,609.84,36022.0
15:40,610.26,610.64,609.96,610.29,31213.0
15:41,610.09,610.37,610.02,610.17,27441.0
15:42,610.08,610.16,609.76,610.09,46000.0
15:43,609.91,610.13,609.75,610.03,31309.0
15:44,609.79,609.92,609.26,609.88,63134.0
15:45,608.63,609.86,608.63,609.79,83907.0
15:46,608.85,609.31,608.57,608.66,55062.0
15:47,609.34,609.4,608.84,608.91,40827.0
15:48,609.68,609.71,609.33,609.34,34115.0
15:49,608.95,609.61,608.67,609.55,41951.0
15:50,608.73,609.36,608.64,608.95,52451.0
15:51,608.88,609.13,608.57,608.79,71816.0
15:52,609.37,609.37,608.77,608.96,51310.0
15:53,608.62,609.5,608.51,609.34,73673.0
15:54,608.49,608.7,608.0,608.52,104373.0
15:55,608.68,609.34,608.15,608.52,141674.0
15:56,607.92,608.68,607.88,608.68,97223.0
15:57,608.6,608.78,607.82,607.92,113475.0
15:58,608.25,608.74,607.79,608.54,133420.0
15:59,609.13,609.13,608.12,608.25,237043.0
