Time,Close,High,Low,Open,Volume
09:30,759.29,760.03,757.5,757.95,635809.0
09:31,759.65,760.28,758.0,759.24,24441.0
09:32,757.84,760.49,757.0,760.24,43222.0
09:33,757.51,758.83,756.99,757.67,27513.0
09:34,757.58,758.0,756.64,757.47,41294.0
09:35,759.01,759.9,757.57,758.2,19979.0
09:36,756.53,759.43,756.48,758.87,54719.0
09:37,757.3,757.3,755.49,756.65,34499.0
09:38,757.51,757.81,756.99,757.44,17104.0
09:39,758.34,759.74,757.97,757.97,24893.0
09:40,759.3,759.4,758.54,758.64,14437.0
09:41,758.05,759.57,757.82,759.57,22485.0
09:42,757.65,759.03,757.49,757.88,20462.0
09:43,757.35,758.55,757.14,757.71,25581.0
09:44,757.56,757.78,757.09,757.29,12653.0
09:45,757.44,757.89,757.35,757.53,19409.0
09:46,757.11,758.74,757.01,757.45,31619.0
09:47,756.52,757.36,756.35,757.0,12144.0
09:48,757.49,757.49,756.54,756.77,9536.0
09:49,756.59,758.0,756.48,757.49,28896.0
09:50,756.26,756.68,756.0,756.68,15499.0
09:51,755.94,756.77,755.66,756.51,18122.0
09:52,756.07,756.23,755.31,755.94,44018.0
09:53,756.09,756.6,755.43,756.3,18432.0
09:54,756.05,756.38,755.82,755.82,14283.0
09:55,756.03,756.25,755.88,756.07,14983.0
09:56,754.26,756.23,754.26,756.15,19127.0
09:57,755.3,755.99,754.0,754.21,15769.0
09:58,755.13,755.34,754.78,755.3,14698.0
09:59,755.36,755.85,754.78,754.91,20159.0
10:00,754.38,755.39,754.0,755.16,18347.0
10:01,754.13,754.58,753.42,754.0,16698.0
10:02,755.64,755.64,753.96,754.3,13524.0
10:03,756.68,756.68,755.08,755.21,11569.0
10:04,757.74,757.74,756.57,756.96,9217.0
10:05,755.76,757.51,755.68,757.51,17763.0
10:06,756.78,757.0,755.82,755.82,10662.0
10:07,756.73,756.99,756.56,756.6,5328.0
10:08,757.28,757.54,756.88,756.88,10954.0
10:09,756.67,757.28,756.67,757.28,4532.0
10:10,755.97,756.46,755.97,756.41,4170.0
10:11,754.96,756.0,754.19,756.0,17967.0
10:12,755.22,755.36,754.86,755.15,10085.0
10:13,755.59,755.6,754.78,754.96,16504.0
10:14,755.72,755.83,755.27,755.52,12671.0
10:15,755.25,755.62,754.79,755.62,6325.0
10:16,756.81,756.88,755.0,755.15,14613.0
10:17,757.47,757.47,756.63,756.83,7147.0
10:18,757.08,757.25,756.82,757.25,5300.0
10:19,756.52,757.34,756.42,757.07,8050.0
10:20,756.54,756.81,756.22,756.53,5281.0
10:21,756.92,756.92,756.18,756.59,5781.0
10:22,756.51,756.78,756.35,756.77,4809.0
10:23,756.39,756.98,756.38,756.41,4540.0
10:24,756.54,756.6,756.01,756.24,10221.0
10:25,757.13,757.15,756.4,756.4,10615.0
10:26,756.67,757.05,756.67,757.02,6724.0
10:27,756.78,756.88,756.5,756.72,7076.0
10:28,756.35,756.66,756.14,756.64,9520.0
10:29,757.18,757.24,756.23,756.4,7916.0
10:30,757.64,757.76,757.0,757.05,11081.0
10:31,756.91,757.72,756.91,757.61,17744.0
10:32,757.51,757.51,757.07,757.07,6848.0
10:33,757.53,757.72,756.89,757.42,8867.0
10:34,757.45,757.89,757.1,757.59,13437.0
10:35,757.8,758.08,757.31,757.31,9020.0
10:36,758.5,758.68,758.1,758.12,250261.0
10:37,757.72,758.7,757.46,758.43,18003.0
10:38,758.01,758.09,757.72,757.72,6187.0
10:39,758.26,758.52,758.11,758.11,7291.0
10:40,758.28,758.53,758.2,758.29,8616.0
10:41,757.88,758.45,757.88,758.28,5733.0
10:42,757.6,758.15,757.56,757.97,8719.0
10:43,757.25,757.68,757.12,757.39,3864.0
10:44,757.41,757.51,757.22,757.24,7359.0
10:45,756.45,757.15,756.41,757.15,10777.0
10:46,756.46,756.59,756.33,756.45,5269.0
10:47,756.43,756.5,756.19,756.5,7296.0
10:48,756.9,757.24,756.04,756.23,11229.0
10:49,757.03,757.59,756.92,757.28,10364.0
10:50,757.1,757.28,756.84,756.91,3617.0
10:51,757.53,757.71,756.92,757.11,5252.0
10:52,757.98,757.98,757.49,757.49,3900.0
10:53,757.55,758.0,757.43,757.84,8711.0
10:54,756.88,757.55,756.8,757.55,10128.0
10:55,756.74,756.84,756.5,756.84,9077.0
10:56,756.62,756.85,755.77,756.59,17089.0
10:57,756.36,756.54,756.28,756.54,8396.0
10:58,756.68,756.68,756.29,756.29,3852.0
10:59,755.98,756.49,755.74,756.49,7719.0
11:00,756.4,756.4,755.2,755.62,8060.0
11:01,756.14,756.61,755.74,756.38,8995.0
11:02,756.18,756.26,755.89,755.92,5738.0
11:03,756.64,756.64,756.19,756.19,11675.0
11:04,756.93,757.0,756.41,756.43,4588.0
11:05,757.72,757.75,756.95,756.95,11453.0
11:06,757.72,758.02,757.61,757.61,10897.0
11:07,759.0,759.09,758.2,758.2,21057.0
11:08,758.38,759.08,758.38,758.73,13883.0
11:09,758.47,758.71,758.3,758.4,8192.0
11:10,758.86,759.08,758.1,758.53,10527.0
11:11,759.55,759.58,758.7,758.86,11266.0
11:12,759.32,759.7,759.19,759.28,10934.0
11:13,759.4,759.68,759.01,759.5,19138.0
11:14,758.8,759.58,758.69,759.27,13653.0
11:15,758.79,758.97,758.62,758.97,8066.0
11:16,759.42,759.62,758.8,758.8,12739.0
11:17,759.54,759.92,759.37,759.37,9470.0
11:18,759.46,759.72,759.21,759.54,9306.0
11:19,759.02,759.73,758.83,759.63,8019.0
11:20,758.8,759.0,758.6,759.0,8589.0
11:21,757.98,758.98,757.97,758.89,14048.0
11:22,758.08,758.21,757.8,757.98,6275.0
11:23,758.08,758.25,757.89,758.08,8336.0
11:24,757.54,758.02,757.5,758.02,11367.0
11:25,757.34,757.6,756.81,757.6,15782.0
11:26,757.38,757.45,757.02,757.05,5801.0
11:27,758.0,758.38,757.14,757.14,10238.0
11:28,758.2,758.37,757.76,757.76,13506.0
11:29,757.74,758.31,757.72,758.25,7810.0
11:30,757.39,757.64,757.14,757.5,8765.0
11:31,757.4,757.79,757.36,757.36,5471.0
11:32,757.13,757.64,757.13,757.32,4970.0
11:33,757.58,757.58,757.35,757.38,5056.0
11:34,757.2,757.59,757.11,757.58,5798.0
11:35,757.01,757.24,756.97,757.24,5473.0
11:36,757.0,757.17,757.0,757.16,10307.0
11:37,757.6,757.79,756.99,756.99,7549.0
11:38,757.57,757.99,757.46,757.65,7296.0
11:39,757.73,757.73,757.41,757.57,4476.0
11:40,758.03,758.22,757.77,757.78,6430.0
11:41,757.72,757.77,757.53,757.77,4363.0
11:42,758.45,758.48,758.05,758.05,7041.0
11:43,758.53,758.73,758.2,758.58,13702.0
11:44,758.4,758.74,758.21,758.55,9032.0
11:45,758.42,758.75,758.36,758.46,9175.0
11:46,757.94,758.55,757.5,758.34,10179.0
11:47,757.83,758.52,757.65,758.07,7758.0
11:48,757.39,758.0,757.29,757.78,5762.0
11:49,757.29,757.67,757.29,757.49,4144.0
11:50,756.64,757.26,756.64,757.15,9560.0
11:51,756.29,756.94,756.17,756.78,17145.0
11:52,756.16,756.32,755.94,756.32,8898.0
11:53,756.39,756.66,756.03,756.34,16210.0
11:54,756.12,756.4,756.0,756.34,9875.0
11:55,755.8,756.22,755.66,755.96,12273.0
11:56,755.77,755.96,755.63,755.63,4865.0
11:57,756.4,756.4,755.62,755.94,12863.0
11:58,755.91,756.65,755.65,756.28,6458.0
11:59,755.54,755.97,755.4,755.77,7643.0
12:00,755.82,756.23,755.53,755.54,6117.0
12:01,756.22,756.65,755.94,755.94,7077.0
12:02,754.88,755.92,754.88,755.92,31820.0
12:03,754.68,755.1,754.5,755.0,27996.0
12:04,754.6,754.82,754.51,754.61,4019.0
12:05,754.35,754.9,754.35,754.65,7060.0
12:06,754.64,755.0,754.42,754.42,8403.0
12:07,754.72,755.02,754.56,754.79,8559.0
12:08,754.05,754.96,753.94,754.76,12418.0
12:09,754.14,754.62,754.08,754.27,7375.0
12:10,753.59,754.39,753.59,754.19,9480.0
12:11,753.27,753.55,753.11,753.55,13163.0
12:12,753.22,753.22,752.53,753.15,11189.0
12:13,753.68,753.85,753.08,753.19,8279.0
12:14,754.25,754.36,753.59,753.59,4158.0
12:15,754.55,754.67,753.93,754.12,10159.0
12:16,754.7,755.0,754.4,754.55,18259.0
12:17,754.55,755.01,754.53,754.7,18497.0
12:18,754.59,755.09,754.35,754.63,13370.0
12:19,754.7,754.76,754.4,754.4,3767.0
12:20,755.03,755.17,754.47,754.47,4813.0
12:21,755.26,755.43,755.01,755.16,8366.0
12:22,755.84,755.84,755.26,755.27,6277.0
12:23,756.72,756.84,755.79,755.85,14664.0
12:24,756.89,756.89,756.61,756.71,4668.0
12:25,756.77,757.0,756.27,756.84,10502.0
12:26,757.05,757.22,756.71,756.78,19624.0
12:27,756.99,757.21,756.67,757.08,8673.0
12:28,757.22,757.6,756.75,756.94,12447.0
12:29,757.11,757.31,756.85,757.17,5504.0
12:30,757.09,757.37,756.99,757.17,11365.0
12:31,756.35,756.98,756.32,756.98,4497.0
12:32,756.41,756.72,756.18,756.45,11957.0
12:33,755.64,756.36,755.41,756.36,3526.0
12:34,754.82,755.88,754.82,755.64,21182.0
12:35,755.0,755.21,754.51,755.02,16419.0
12:36,754.44,754.95,754.43,754.8,4439.0
12:37,754.83,754.94,754.68,754.83,4082.0
12:38,754.1,754.83,754.1,754.83,3902.0
12:39,754.15,754.38,753.85,754.03,7571.0
12:40,754.44,754.68,753.62,754.16,32349.0
12:41,754.71,755.21,754.26,754.26,10597.0
12:42,755.29,755.33,754.72,754.72,6242.0
12:43,754.89,755.46,754.84,755.29,6678.0
12:44,754.97,755.14,754.8,754.9,6535.0
12:45,754.46,755.1,754.32,754.94,6440.0
12:46,754.42,754.59,754.33,754.42,7811.0
12:47,754.83,754.9,754.45,754.59,9160.0
12:48,755.06,755.06,754.65,754.83,7452.0
12:49,754.25,755.04,754.25,755.04,2970.0
12:50,753.72,754.29,753.68,754.29,10430.0
12:51,753.97,754.1,753.71,753.71,5623.0
12:52,753.76,753.97,753.76,753.97,2928.0
12:53,753.64,753.76,753.56,753.73,3774.0
12:54,753.53,753.72,753.38,753.67,11883.0
12:55,753.46,753.57,753.29,753.35,4422.0
12:56,753.47,753.67,753.26,753.49,10957.0
12:57,753.3,753.54,753.3,753.51,15578.0
12:58,752.98,753.46,752.97,753.3,13337.0
12:59,752.9,753.03,752.53,752.81,6632.0
13:00,753.77,753.98,752.9,752.9,12343.0
13:01,753.56,753.79,753.1,753.78,5038.0
13:02,754.08,754.22,753.82,753.82,4232.0
13:03,753.78,753.9,753.55,753.88,13370.0
13:04,753.95,754.19,753.85,754.14,4610.0
13:05,753.5,754.04,753.42,754.04,3024.0
13:06,753.06,753.4,752.96,753.36,3271.0
13:07,753.2,753.26,752.95,752.95,4647.0
13:08,753.28,753.52,752.97,753.05,17436.0
13:09,753.51,753.82,753.21,753.28,3716.0
13:10,753.82,754.07,753.5,753.57,14146.0
13:11,753.71,753.84,753.51,753.8,4732.0
13:12,753.89,754.02,753.5,753.7,4681.0
13:13,753.67,754.06,753.67,753.86,9419.0
13:14,753.53,753.8,753.3,753.8,6194.0
13:15,753.04,753.37,752.94,753.11,6486.0
13:16,752.96,753.18,752.76,753.17,7918.0
13:17,753.02,753.02,752.68,752.77,4660.0
13:18,753.09,753.43,753.03,753.03,3713.0
13:19,752.89,753.26,752.87,753.24,3299.0
13:20,753.16,753.16,752.95,752.95,4078.0
13:21,753.27,753.28,753.13,753.17,3283.0
13:22,753.68,753.68,753.15,753.17,6370.0
13:23,754.29,754.58,753.71,753.71,12548.0
13:24,754.76,754.94,754.07,754.58,7263.0
13:25,754.76,754.76,754.74,754.75,2494.0
13:26,754.56,754.92,754.49,754.92,4009.0
13:27,754.3,754.54,754.13,754.36,7989.0
13:28,754.5,754.52,754.29,754.36,4084.0
13:29,754.9,754.93,754.57,754.7,4837.0
13:30,755.48,755.48,754.89,754.89,5637.0
13:31,755.7,755.75,755.47,755.52,5633.0
13:32,755.85,756.0,755.6,755.76,6940.0
13:33,755.7,755.9,755.65,755.9,5306.0
13:34,755.47,755.8,755.47,755.8,9523.0
13:35,754.66,755.58,754.64,755.53,18404.0
13:36,754.82,755.16,754.75,754.89,3120.0
13:37,754.64,754.79,754.58,754.77,5373.0
13:38,754.62,754.78,754.54,754.64,6051.0
13:39,754.41,754.54,754.2,754.54,4474.0
13:40,754.14,754.52,754.12,754.52,3980.0
13:41,754.59,754.73,754.34,754.34,2903.0
13:42,754.46,754.6,754.41,754.6,2267.0
13:43,754.5,754.64,754.5,754.64,2703.0
13:44,754.61,754.76,754.43,754.5,5720.0
13:45,754.69,754.69,754.6,754.62,1829.0
13:46,754.49,754.78,754.41,754.78,3639.0
13:47,754.74,754.8,754.49,754.49,4299.0
13:48,754.77,754.8,754.7,754.74,3394.0
13:49,754.86,755.0,754.65,754.78,11084.0
13:50,754.19,754.66,754.19,754.45,5599.0
13:51,753.86,754.39,753.67,754.2,8225.0
13:52,754.7,754.7,753.94,754.19,10895.0
13:53,754.53,755.1,754.53,754.63,6690.0
13:54,754.55,755.0,754.55,754.77,3393.0
13:55,754.78,755.0,754.59,754.74,2963.0
13:56,754.62,754.99,754.59,754.76,3982.0
13:57,754.71,754.86,754.64,754.71,1604.0
13:58,754.65,754.83,754.49,754.71,3715.0
13:59,754.4,754.4,754.23,754.4,3177.0
14:00,754.56,754.56,754.3,754.34,5036.0
14:01,754.35,754.55,754.21,754.48,11667.0
14:02,754.36,754.44,754.21,754.44,3745.0
14:03,754.03,754.36,754.03,754.36,5317.0
14:04,754.25,754.25,753.74,754.08,5556.0
14:05,754.78,754.8,754.0,754.32,7763.0
14:06,754.94,754.94,754.68,754.8,9150.0
14:07,754.79,754.92,754.62,754.92,5511.0
14:08,754.91,754.93,754.69,754.79,5556.0
14:09,754.86,755.0,754.74,754.96,6353.0
14:10,754.73,754.86,754.59,754.86,6131.0
14:11,754.59,754.77,754.57,754.77,2943.0
14:12,754.69,755.0,754.53,754.86,14520.0
14:13,754.73,755.14,754.7,754.72,30263.0
14:14,754.67,754.72,754.54,754.68,2535.0
14:15,754.72,755.02,754.65,754.65,16000.0
14:16,754.3,754.79,754.3,754.72,5960.0
14:17,754.34,754.59,754.31,754.31,3187.0
14:18,754.4,754.41,754.35,754.35,2124.0
14:19,754.77,754.8,754.37,754.54,4910.0
14:20,754.62,754.9,754.62,754.7,7547.0
14:21,754.76,754.76,754.51,754.59,6756.0
14:22,754.97,754.97,754.6,754.7,5619.0
14:23,755.0,755.12,754.9,754.99,10474.0
14:24,755.0,755.43,754.99,755.03,6711.0
14:25,754.88,755.16,754.88,755.0,5746.0
14:26,755.28,755.28,754.92,754.92,3547.0
14:27,755.0,755.4,754.95,755.3,7788.0
14:28,755.07,755.27,755.03,755.08,4476.0
14:29,755.16,755.27,755.15,755.27,8867.0
14:30,755.48,755.48,755.47,755.47,2660.0
14:31,755.88,755.88,755.73,755.73,2293.0
14:32,755.53,755.92,755.51,755.92,7148.0
14:33,755.7,755.73,755.68,755.72,6769.0
14:34,755.8,755.82,755.6,755.62,7442.0
14:35,755.91,755.91,755.52,755.52,8114.0
14:36,755.66,755.66,755.6,755.6,1104.0
14:37,755.86,755.92,755.66,755.72,4532.0
14:38,756.16,756.27,755.97,755.99,4277.0
14:39,756.29,756.39,756.16,756.18,5224.0
14:40,756.5,756.6,756.38,756.45,3981.0
14:41,756.54,756.63,756.47,756.47,7326.0
14:42,756.66,756.78,756.48,756.48,7724.0
14:43,756.59,756.63,756.45,756.56,4399.0
14:44,756.56,756.73,756.52,756.59,4115.0
14:45,756.92,756.92,756.67,756.68,4904.0
14:46,756.96,757.06,756.9,756.9,12732.0
14:47,756.85,757.17,756.76,756.96,7535.0
14:48,756.81,757.03,756.5,756.95,9936.0
14:49,757.01,757.15,756.67,756.69,9288.0
14:50,757.21,757.46,757.07,757.07,8475.0
14:51,757.0,757.35,756.92,757.12,9557.0
14:52,757.4,757.42,757.08,757.08,8901.0
14:53,757.72,757.72,757.25,757.28,7230.0
14:54,757.84,758.0,757.71,757.71,10511.0
14:55,757.93,757.98,757.76,757.76,8905.0
14:56,757.94,758.06,757.8,757.98,12157.0
14:57,757.9,758.05,757.7,757.94,8864.0
14:58,757.93,758.04,757.72,757.9,8177.0
14:59,758.1,758.2,757.86,757.94,8345.0
15:00,758.3,758.68,758.15,758.2,8600.0
15:01,758.49,758.62,758.45,758.46,5838.0
15:02,758.47,758.65,758.4,758.53,4533.0
15:03,758.77,758.85,758.46,758.46,7802.0
15:04,758.93,759.0,758.76,758.88,6769.0
15:05,759.28,759.28,758.93,759.05,9688.0
15:06,758.91,759.36,758.91,759.27,11347.0
15:07,759.14,759.19,758.35,758.91,11749.0
15:08,759.28,759.34,759.0,759.0,6124.0
15:09,759.19,759.29,759.03,759.29,6455.0
15:10,759.16,759.5,759.14,759.14,6252.0
15:11,758.94,759.23,758.91,759.17,7893.0
15:12,758.64,759.03,758.58,758.91,6376.0
15:13,758.24,758.76,758.09,758.63,8702.0
15:14,758.17,758.28,758.03,758.04,10929.0
15:15,757.85,758.11,757.71,758.1,12795.0
15:16,758.34,758.5,757.71,757.85,16422.0
15:17,758.22,758.58,758.22,758.5,9548.0
15:18,758.59,758.6,758.12,758.31,10156.0
15:19,758.55,758.65,758.41,758.58,6320.0
15:20,758.2,758.64,758.12,758.64,7011.0
15:21,758.29,758.54,758.16,758.38,7711.0
15:22,758.7,758.7,758.32,758.53,9031.0
15:23,758.94,758.94,758.63,758.63,7899.0
15:24,759.02,759.02,758.69,758.82,8287.0
15:25,759.54,759.61,758.99,758.99,23205.0
15:26,759.24,759.63,759.02,759.54,16881.0
15:27,759.0,759.19,758.93,759.19,5288.0
15:28,759.02,759.15,758.69,758.96,7723.0
15:29,759.43,759.43,758.89,758.89,5781.0
15:30,759.79,759.79,759.29,759.29,11487.0
15:31,759.71,759.89,759.5,759.5,13573.0
15:32,759.26,759.88,759.26,759.71,12057.0
15:33,759.5,759.5,759.24,759.24,9035.0
15:34,759.6,759.78,759.46,759.46,8089.0
15:35,759.69,759.89,759.57,759.79,15105.0
15:36,759.75,759.79,759.65,759.66,7125.0
15:37,759.67,759.92,759.49,759.72,11202.0
15:38,759.78,759.78,759.5,759.67,8135.0
15:39,759.69,759.86,759.49,759.86,9763.0
15:40,759.91,759.97,759.56,759.66,10058.0
15:41,759.72,759.91,759.59,759.82,11917.0
15:42,758.72,759.84,758.72,759.73,25916.0
15:43,758.74,758.91,758.54,758.79,9574.0
15:44,758.91,759.01,758.52,758.89,16390.0
15:45,758.1,759.04,758.06,758.91,18887.0
15:46,758.0,758.22,757.81,758.1,12756.0
15:47,758.1,758.12,757.82,758.02,7998.0
15:48,758.53,758.54,758.18,758.22,14225.0
15:49,758.78,758.78,758.35,758.55,17882.0
15:50,759.37,760.11,758.95,758.95,37867.0
15:51,759.89,760.26,759.37,759.48,29739.0
15:52,759.38,759.9,759.32,759.88,28950.0
15:53,759.2,759.43,759.0,759.38,28877.0
15:54,759.45,759.57,759.08,759.45,29939.0
15:55,760.26,760.34,759.38,759.53,65951.0
15:56,760.34,760.5,760.05,760.16,51640.0
15:57,760.34,760.62,760.19,760.34,51501.0
15:58,760.79,760.79,760.29,760.4,81393.0
15:59,760.71,761.11,760.51,760.78,129945.0
