Time,Close,High,Low,Open,Volume
09:30,721.0,721.0,717.61,721.0,330778.0
09:31,720.34,721.35,718.4,721.35,31779.0
09:32,720.48,721.15,718.9,720.39,46492.0
09:33,720.61,720.95,719.4,719.42,61204.0
09:34,720.71,720.92,720.05,720.61,27122.0
09:35,720.04,721.0,719.07,720.87,29448.0
09:36,719.24,720.82,719.24,720.52,31167.0
09:37,719.25,720.35,719.25,719.55,19685.0
09:38,721.86,722.05,719.88,719.88,43978.0
09:39,721.03,722.05,721.0,722.0,30206.0
09:40,720.36,721.18,720.12,720.75,17660.0
09:41,720.27,720.56,719.51,720.27,25519.0
09:42,720.53,721.41,720.27,720.27,16477.0
09:43,720.83,720.85,720.09,720.72,10741.0
09:44,722.21,722.98,721.0,721.0,95736.0
09:45,723.99,723.99,722.0,722.0,56556.0
09:46,724.6,724.6,723.02,723.99,84811.0
09:47,723.27,724.38,722.43,724.38,82857.0
09:48,724.63,725.49,723.26,723.27,100378.0
09:49,724.31,724.85,724.02,724.75,33639.0
09:50,724.1,724.54,723.43,724.35,50120.0
09:51,723.23,724.7,722.5,724.41,40190.0
09:52,724.31,724.38,723.22,723.22,22594.0
09:53,724.24,724.31,723.26,724.28,22194.0
09:54,723.45,724.32,723.15,724.24,19739.0
09:55,723.67,724.0,722.6,723.45,40419.0
09:56,723.93,724.55,723.52,723.8,29073.0
09:57,723.69,723.95,723.16,723.74,23579.0
09:58,723.18,723.68,722.84,723.68,15882.0
09:59,722.25,723.3,722.25,723.0,17641.0
10:00,721.35,722.71,721.06,722.3,34193.0
10:01,722.36,722.56,720.52,721.3,21156.0
10:02,724.22,724.22,722.1,722.25,37260.0
10:03,723.15,724.15,723.11,724.03,35512.0
10:04,723.16,723.44,722.69,723.44,17456.0
10:05,723.75,724.59,722.96,723.2,38559.0
10:06,722.56,724.05,722.56,723.8,23902.0
10:07,721.15,722.33,721.0,722.28,28119.0
10:08,721.74,722.15,721.21,721.22,16404.0
10:09,720.42,721.77,720.42,721.72,26007.0
10:10,721.26,721.29,720.33,720.54,18704.0
10:11,720.59,721.18,720.21,721.14,14953.0
10:12,720.49,720.92,719.6,720.56,24473.0
10:13,720.5,721.73,720.5,720.64,20347.0
10:14,720.7,720.85,720.51,720.74,10108.0
10:15,720.5,720.98,720.11,720.72,21279.0
10:16,720.97,721.27,720.66,720.66,13029.0
10:17,721.32,721.4,720.7,721.11,18206.0
10:18,722.51,722.55,721.22,721.49,25375.0
10:19,721.47,722.53,721.47,722.49,27116.0
10:20,721.13,721.65,721.13,721.46,16033.0
10:21,721.45,721.76,721.06,721.48,12819.0
10:22,721.86,721.86,721.45,721.45,9855.0
10:23,721.55,722.0,721.55,721.61,19824.0
10:24,720.88,722.0,720.88,721.6,16841.0
10:25,721.41,721.42,720.88,721.32,13068.0
10:26,720.12,721.36,720.12,721.36,17222.0
10:27,720.47,720.64,719.82,720.12,12064.0
10:28,719.79,720.57,719.65,720.53,19655.0
10:29,719.93,720.04,719.26,720.04,15183.0
10:30,719.87,720.34,719.77,719.84,16660.0
10:31,720.39,720.51,719.86,720.05,20192.0
10:32,719.97,720.4,719.95,720.4,10840.0
10:33,720.0,720.3,719.58,720.09,10532.0
10:34,719.66,720.07,719.5,719.73,11983.0
10:35,720.04,720.12,719.43,719.5,16166.0
10:36,720.09,720.38,719.74,719.88,10721.0
10:37,720.51,720.8,719.88,720.02,10033.0
10:38,719.93,720.78,719.92,720.59,12546.0
10:39,719.39,720.14,719.39,720.0,13168.0
10:40,719.46,719.58,719.02,719.48,20445.0
10:41,720.89,720.89,719.54,719.58,10220.0
10:42,721.45,721.54,721.0,721.0,22705.0
10:43,721.65,722.0,721.46,721.46,9999.0
10:44,721.76,721.87,721.43,721.69,11356.0
10:45,721.98,722.0,721.61,721.61,11265.0
10:46,721.72,721.89,721.4,721.89,23783.0
10:47,721.31,721.78,721.29,721.77,15064.0
10:48,720.76,721.42,720.76,721.18,10529.0
10:49,721.56,721.56,720.73,720.95,10615.0
10:50,720.53,721.47,720.4,721.44,13331.0
10:51,720.73,720.97,720.26,720.26,9397.0
10:52,720.67,720.96,720.49,720.64,13404.0
10:53,721.48,721.56,721.09,721.18,5931.0
10:54,721.77,721.77,720.72,721.47,16712.0
10:55,721.77,721.88,721.37,721.68,12232.0
10:56,721.36,721.99,721.35,721.85,9938.0
10:57,721.48,721.77,721.17,721.47,15467.0
10:58,721.44,721.81,721.13,721.51,10005.0
10:59,721.09,721.6,720.84,721.6,5208.0
11:00,721.13,721.3,720.92,721.3,5190.0
11:01,721.11,721.61,721.0,721.25,9350.0
11:02,720.84,721.35,720.83,721.19,9219.0
11:03,720.95,721.4,720.95,721.08,9903.0
11:04,721.14,721.26,720.5,721.26,8221.0
11:05,720.99,721.35,720.66,721.02,12042.0
11:06,720.62,720.72,719.93,720.36,12149.0
11:07,720.43,720.77,720.33,720.71,6847.0
11:08,721.22,721.24,720.65,720.72,6217.0
11:09,721.77,721.8,721.24,721.43,10317.0
11:10,721.3,721.84,721.1,721.69,12315.0
11:11,721.52,721.52,721.0,721.1,15315.0
11:12,721.35,721.7,721.05,721.05,10292.0
11:13,722.11,722.11,721.56,721.65,16280.0
11:14,721.7,722.11,721.59,722.11,10135.0
11:15,720.91,721.88,720.81,721.52,11236.0
11:16,720.55,720.87,720.55,720.87,5085.0
11:17,720.79,720.87,720.34,720.5,11171.0
11:18,721.26,721.26,720.6,720.74,12730.0
11:19,720.87,721.46,720.86,721.38,9080.0
11:20,720.3,720.92,720.11,720.84,8879.0
11:21,720.16,720.51,720.16,720.27,6811.0
11:22,720.55,720.77,720.13,720.13,9195.0
11:23,720.07,720.71,719.98,720.42,18249.0
11:24,720.25,720.25,719.53,719.82,49479.0
11:25,720.22,720.22,719.63,719.84,13084.0
11:26,719.86,720.16,719.65,719.73,16816.0
11:27,719.5,719.91,719.33,719.91,16018.0
11:28,718.9,719.54,718.61,719.54,35601.0
11:29,719.12,719.24,718.72,718.72,19289.0
11:30,718.12,719.07,718.11,719.07,24584.0
11:31,718.5,718.79,717.81,718.13,23834.0
11:32,719.3,719.38,718.47,718.72,12722.0
11:33,719.3,719.5,718.74,719.15,10004.0
11:34,720.08,720.4,719.2,719.2,17436.0
11:35,719.22,720.29,719.21,720.29,17810.0
11:36,719.62,719.75,719.03,719.22,12872.0
11:37,720.18,720.29,719.61,719.61,7689.0
11:38,720.04,720.3,719.85,720.24,14406.0
11:39,719.96,720.11,719.7,719.96,4754.0
11:40,719.1,719.96,718.82,719.96,36661.0
11:41,718.35,718.85,718.35,718.84,14099.0
11:42,718.34,718.5,718.02,718.5,14468.0
11:43,718.41,718.41,717.9,718.06,17067.0
11:44,718.24,718.55,718.24,718.37,16951.0
11:45,717.56,718.07,717.34,718.07,14695.0
11:46,717.18,717.8,717.18,717.45,12029.0
11:47,717.7,718.16,717.28,717.28,12956.0
11:48,717.74,717.88,717.48,717.48,17830.0
11:49,717.28,717.72,717.06,717.64,17959.0
11:50,718.06,718.44,717.23,717.31,17490.0
11:51,718.27,718.5,717.75,718.07,14972.0
11:52,718.64,718.87,718.22,718.27,12207.0
11:53,718.29,718.64,718.07,718.64,11421.0
11:54,718.42,718.42,718.01,718.29,7720.0
11:55,718.35,718.54,718.16,718.42,7509.0
11:56,717.63,718.51,717.5,718.35,8960.0
11:57,717.75,717.97,717.47,717.76,16385.0
11:58,717.32,718.0,717.05,717.86,19874.0
11:59,718.01,718.01,717.24,717.24,12837.0
12:00,717.6,717.76,716.99,717.73,26864.0
12:01,717.63,717.89,717.09,717.57,8804.0
12:02,716.73,717.96,716.5,717.7,9002.0
12:03,716.74,717.06,716.52,716.74,6755.0
12:04,717.15,717.69,716.0,716.54,16784.0
12:05,717.41,718.0,717.15,717.15,11824.0
12:06,717.38,717.79,716.93,717.19,10783.0
12:07,716.47,717.37,716.27,717.22,14982.0
12:08,716.28,716.98,716.24,716.47,26600.0
12:09,716.32,716.5,716.2,716.42,7169.0
12:10,716.35,716.46,716.13,716.18,8325.0
12:11,715.88,716.7,715.52,716.35,14833.0
12:12,716.81,717.0,716.0,716.15,7803.0
12:13,716.22,716.79,716.01,716.79,10749.0
12:14,716.66,716.66,715.92,716.23,16950.0
12:15,716.49,716.89,716.24,716.6,17338.0
12:16,715.75,716.32,715.75,716.02,7652.0
12:17,715.18,715.9,715.09,715.5,15655.0
12:18,714.78,715.33,714.78,715.33,20360.0
12:19,714.26,714.68,714.0,714.55,19840.0
12:20,714.01,714.47,713.85,714.47,19997.0
12:21,714.41,714.81,713.87,714.16,15634.0
12:22,714.54,714.72,714.12,714.52,13818.0
12:23,714.51,715.1,714.39,714.88,9499.0
12:24,714.55,714.55,714.39,714.5,5067.0
12:25,713.68,714.8,713.68,714.72,11439.0
12:26,712.86,713.78,712.85,713.63,23404.0
12:27,713.19,713.51,712.8,713.0,9788.0
12:28,713.25,713.45,713.0,713.31,13438.0
12:29,713.15,713.57,712.95,713.43,17503.0
12:30,711.35,712.5,710.81,712.5,29532.0
12:31,711.68,711.96,711.35,711.57,11325.0
12:32,709.56,711.28,709.54,711.28,30864.0
12:33,710.73,710.78,709.86,709.94,18682.0
12:34,710.51,710.9,709.93,710.62,15711.0
12:35,711.13,712.17,710.76,710.91,23892.0
12:36,711.47,711.47,710.56,710.56,10662.0
12:37,710.91,711.6,710.91,711.34,11125.0
12:38,711.23,711.38,710.48,710.66,11819.0
12:39,710.75,711.41,710.62,711.41,12910.0
12:40,710.22,710.84,710.08,710.62,12549.0
12:41,711.55,711.69,710.54,710.54,17893.0
12:42,711.02,711.62,710.74,711.59,10570.0
12:43,711.59,711.68,711.01,711.33,7396.0
12:44,710.92,711.4,710.92,711.35,9312.0
12:45,710.22,710.88,710.18,710.88,8711.0
12:46,710.14,710.9,709.97,710.24,27397.0
12:47,710.99,711.49,710.27,710.27,15117.0
12:48,710.8,711.3,710.5,710.81,14314.0
12:49,711.27,711.62,710.9,710.9,19416.0
12:50,712.38,712.44,711.01,711.3,26471.0
12:51,711.49,712.46,711.2,712.44,15554.0
12:52,711.25,711.53,710.85,711.41,15764.0
12:53,711.56,711.92,711.31,711.32,10876.0
12:54,711.26,711.79,711.25,711.58,11616.0
12:55,711.37,711.61,711.22,711.52,30030.0
12:56,711.73,712.29,711.17,711.35,27153.0
12:57,711.9,712.0,711.66,711.9,17152.0
12:58,712.77,713.06,712.23,712.23,17805.0
12:59,713.24,713.33,712.88,712.88,24301.0
13:00,713.41,713.65,713.0,713.34,7665.0
13:01,712.51,713.2,712.51,712.94,34894.0
13:02,711.82,712.74,711.82,712.31,13037.0
13:03,711.27,712.06,711.15,712.06,11021.0
13:04,711.3,711.58,710.82,711.21,25000.0
13:05,710.64,711.67,710.56,711.31,30612.0
13:06,710.13,711.01,710.13,710.52,16800.0
13:07,711.07,711.8,710.21,710.46,22797.0
13:08,711.99,712.29,710.61,711.0,12869.0
13:09,711.4,712.16,711.25,711.91,14999.0
13:10,711.12,711.48,711.0,711.11,8780.0
13:11,712.13,712.13,711.4,711.41,5348.0
13:12,712.31,712.7,712.05,712.23,15695.0
13:13,712.17,712.69,712.05,712.45,13096.0
13:14,712.09,712.4,712.01,712.05,10719.0
13:15,711.78,712.05,711.5,711.87,12548.0
13:16,711.89,712.11,711.71,711.97,11975.0
13:17,712.59,712.76,711.88,711.89,15544.0
13:18,713.14,713.63,712.47,712.47,16157.0
13:19,712.53,713.49,712.53,713.29,16945.0
13:20,712.17,713.07,711.98,712.44,18239.0
13:21,711.36,711.86,710.69,711.86,53242.0
13:22,711.44,711.73,711.2,711.2,6693.0
13:23,710.59,711.52,710.5,711.52,14341.0
13:24,710.95,711.35,710.57,710.57,11264.0
13:25,711.33,711.33,710.83,711.16,10192.0
13:26,711.48,711.48,710.97,711.33,7652.0
13:27,712.1,712.25,711.24,711.42,12609.0
13:28,711.95,712.29,711.95,712.13,6913.0
13:29,711.95,712.2,711.76,712.06,5880.0
13:30,712.26,712.73,711.82,711.82,18472.0
13:31,711.47,712.17,711.32,712.17,9437.0
13:32,712.07,712.07,711.06,711.39,10348.0
13:33,711.82,712.0,711.52,711.7,4433.0
13:34,711.56,711.68,711.29,711.68,16268.0
13:35,711.27,711.76,711.12,711.64,10335.0
13:36,710.95,711.46,710.78,711.46,12300.0
13:37,710.96,711.22,710.87,710.91,11013.0
13:38,711.05,711.27,710.91,711.15,10426.0
13:39,710.02,711.1,710.01,711.0,15474.0
13:40,709.66,710.18,709.2,710.0,30849.0
13:41,709.19,709.86,709.06,709.73,16801.0
13:42,709.37,709.99,709.22,709.38,19799.0
13:43,708.99,709.4,708.91,709.4,19531.0
13:44,709.35,709.53,709.03,709.03,77498.0
13:45,708.89,709.38,708.57,709.37,24148.0
13:46,709.25,709.32,708.95,709.08,14651.0
13:47,709.48,709.51,708.89,709.09,12935.0
13:48,709.61,709.75,709.37,709.5,16175.0
13:49,709.68,709.75,709.37,709.59,7332.0
13:50,709.27,709.86,709.14,709.55,13741.0
13:51,709.43,709.52,709.27,709.48,3918.0
13:52,708.96,709.5,708.9,709.36,13541.0
13:53,708.65,708.99,708.38,708.99,18440.0
13:54,708.45,708.83,708.44,708.67,19805.0
13:55,709.41,709.41,708.51,708.62,33263.0
13:56,709.25,709.45,708.98,709.34,6755.0
13:57,708.99,709.59,708.99,709.41,9864.0
13:58,709.62,709.87,708.83,709.03,13511.0
13:59,709.8,709.89,709.47,709.55,5612.0
14:00,709.1,709.59,709.1,709.59,6371.0
14:01,709.08,709.2,708.73,709.12,7330.0
14:02,709.27,709.45,709.07,709.09,6367.0
14:03,708.8,709.37,708.67,709.25,13172.0
14:04,708.06,708.78,708.06,708.78,11357.0
14:05,707.66,708.34,707.34,708.17,32204.0
14:06,707.63,707.79,707.34,707.48,16503.0
14:07,707.26,707.61,707.11,707.52,21943.0
14:08,707.47,707.7,707.31,707.31,16528.0
14:09,707.12,707.4,707.0,707.39,27747.0
14:10,706.9,707.45,706.78,707.28,26975.0
14:11,706.65,706.96,706.4,706.9,21203.0
14:12,705.43,706.59,705.22,706.45,23713.0
14:13,705.76,705.77,704.64,705.45,27146.0
14:14,705.1,705.8,705.1,705.8,14118.0
14:15,704.39,705.01,704.26,705.01,48187.0
14:16,704.59,704.71,703.88,704.13,24621.0
14:17,705.57,705.89,704.47,704.58,24211.0
14:18,705.31,705.62,705.07,705.34,17628.0
14:19,704.15,705.3,704.0,705.27,22587.0
14:20,704.32,704.7,704.04,704.28,25454.0
14:21,705.14,705.25,704.04,704.52,22901.0
14:22,705.73,705.96,704.89,705.1,22636.0
14:23,706.17,706.17,705.27,705.49,16933.0
14:24,705.44,706.09,705.2,706.0,27293.0
14:25,705.3,706.0,705.21,705.69,10870.0
14:26,704.94,705.57,704.6,705.41,13672.0
14:27,704.75,705.11,704.68,705.04,9993.0
14:28,704.9,704.91,704.65,704.71,8802.0
14:29,705.44,705.44,704.83,704.83,10851.0
14:30,705.39,705.68,704.84,705.43,21173.0
14:31,704.8,705.22,704.39,705.22,15533.0
14:32,705.12,705.12,704.53,704.53,13002.0
14:33,705.06,705.29,705.06,705.29,4543.0
14:34,704.59,704.95,704.36,704.87,17143.0
14:35,706.01,706.08,704.39,704.65,30529.0
14:36,706.25,706.38,705.94,705.95,11121.0
14:37,706.5,706.5,705.99,706.1,17025.0
14:38,706.41,706.89,706.29,706.77,39583.0
14:39,706.29,706.77,706.12,706.41,14058.0
14:40,706.4,706.58,706.31,706.56,4827.0
14:41,706.41,706.9,706.07,706.5,26100.0
14:42,706.64,706.64,706.09,706.33,12426.0
14:43,707.5,707.7,706.56,706.71,16390.0
14:44,707.4,708.26,707.25,707.6,17087.0
14:45,707.98,708.43,707.64,707.64,14153.0
14:46,708.38,708.5,707.88,708.06,10481.0
14:47,708.48,708.89,708.2,708.2,17398.0
14:48,708.21,708.43,708.08,708.33,10127.0
14:49,708.39,708.4,707.86,708.22,11537.0
14:50,708.43,708.43,707.56,708.26,20335.0
14:51,708.55,708.55,707.98,708.16,10923.0
14:52,709.08,709.08,708.44,708.63,11580.0
14:53,709.08,709.28,708.73,709.03,22194.0
14:54,709.58,709.58,709.07,709.38,6986.0
14:55,709.22,709.75,709.12,709.52,13518.0
14:56,709.14,709.46,709.03,709.07,15403.0
14:57,708.83,709.14,708.75,709.14,18622.0
14:58,708.92,709.25,708.9,708.95,11590.0
14:59,709.04,709.26,708.79,709.0,7610.0
15:00,708.86,709.21,708.6,708.71,8884.0
15:01,709.32,709.71,708.96,708.96,12904.0
15:02,708.75,709.37,708.37,709.36,22303.0
15:03,708.88,709.04,708.83,708.95,3400.0
15:04,709.08,709.3,708.66,708.88,8321.0
15:05,708.88,709.18,708.74,709.06,3835.0
15:06,709.58,709.67,708.73,708.73,9005.0
15:07,709.44,709.77,709.35,709.56,12965.0
15:08,709.3,709.66,709.04,709.04,7615.0
15:09,709.57,709.71,708.87,709.23,14410.0
15:10,710.47,710.5,709.57,709.69,22004.0
15:11,709.52,710.24,709.52,710.24,23783.0
15:12,709.51,709.56,709.26,709.53,21083.0
15:13,708.91,709.43,708.61,709.29,17094.0
15:14,709.08,709.23,708.99,709.0,21750.0
15:15,709.36,709.76,709.01,709.14,24594.0
15:16,708.93,709.54,708.77,709.54,12836.0
15:17,708.5,708.75,708.18,708.73,14256.0
15:18,708.19,708.8,708.17,708.25,15050.0
15:19,708.22,708.35,708.0,708.17,15384.0
15:20,707.76,708.55,707.49,708.27,21751.0
15:21,707.2,707.9,707.06,707.9,24693.0
15:22,707.48,707.49,706.91,707.2,13550.0
15:23,707.68,707.92,707.4,707.54,9031.0
15:24,708.39,708.79,707.65,707.65,11085.0
15:25,708.52,708.76,708.38,708.51,9238.0
15:26,708.58,708.75,708.34,708.6,16442.0
15:27,708.03,708.42,708.03,708.27,9735.0
15:28,708.85,708.85,708.47,708.49,8149.0
15:29,708.56,708.71,708.47,708.51,10337.0
15:30,707.99,708.86,707.93,708.56,15526.0
15:31,708.03,708.33,708.03,708.22,8343.0
15:32,708.16,708.38,707.88,708.03,4377.0
15:33,708.07,708.22,707.86,708.22,9290.0
15:34,708.2,708.34,707.81,708.04,8164.0
15:35,708.35,708.35,707.72,708.15,14604.0
15:36,709.41,709.63,708.25,708.25,18767.0
15:37,709.19,709.62,709.09,709.43,25623.0
15:38,709.54,709.6,709.22,709.23,22006.0
15:39,709.54,709.55,709.18,709.45,15521.0
15:40,710.27,710.31,709.66,709.78,20443.0
15:41,709.72,710.38,709.35,710.26,13581.0
15:42,709.93,709.93,709.51,709.72,17268.0
15:43,709.45,710.1,709.29,709.84,12340.0
15:44,709.95,709.95,709.29,709.31,10426.0
15:45,710.14,710.22,709.66,709.66,24867.0
15:46,709.36,710.1,709.28,710.1,16997.0
15:47,709.71,709.85,709.54,709.54,10563.0
15:48,709.89,710.03,709.54,709.84,22498.0
15:49,711.1,711.1,710.13,710.13,38016.0
15:50,711.56,712.0,710.8,711.04,43150.0
15:51,711.55,711.67,711.27,711.58,26770.0
15:52,712.09,712.2,711.22,711.33,32796.0
15:53,711.77,712.3,711.77,712.09,27000.0
15:54,712.51,712.62,711.77,711.82,41448.0
15:55,711.75,713.0,711.22,712.55,81150.0
15:56,711.46,711.82,711.38,711.74,40882.0
15:57,711.16,711.73,710.86,711.52,105052.0
15:58,711.78,711.84,711.24,711.26,81658.0
15:59,712.06,712.26,711.42,711.84,154128.0
