Time,Close,High,Low,Open,Volume
09:30,627.1,629.56,626.91,628.12,538968.0
09:31,627.1,629.56,626.91,628.12,538968.0
09:32,627.1,629.56,626.91,628.12,538968.0
09:33,627.1,629.56,626.91,628.12,538968.0
09:34,627.1,629.56,626.91,628.12,538968.0
09:35,627.1,629.56,626.91,628.12,538968.0
09:36,627.1,629.56,626.91,628.12,538968.0
09:37,627.1,629.56,626.91,628.12,538968.0
09:38,627.1,629.56,626.91,628.12,538968.0
09:39,627.1,629.56,626.91,628.12,538968.0
09:40,627.1,629.56,626.91,628.12,538968.0
09:41,627.1,629.56,626.91,628.12,538968.0
09:42,627.1,629.56,626.91,628.12,538968.0
09:43,627.1,629.56,626.91,628.12,538968.0
09:44,627.1,629.56,626.91,628.12,538968.0
09:45,627.1,629.56,626.91,628.12,538968.0
09:46,627.1,629.56,626.91,628.12,538968.0
09:47,627.1,629.56,626.91,628.12,538968.0
09:48,627.1,629.56,626.91,628.12,538968.0
09:49,627.1,629.56,626.91,628.12,538968.0
09:50,627.1,629.56,626.91,628.12,538968.0
09:51,627.1,629.56,626.91,628.12,538968.0
09:52,627.1,629.56,626.91,628.12,538968.0
09:53,627.1,629.56,626.91,628.12,538968.0
09:54,627.1,629.56,626.91,628.12,538968.0
09:55,627.1,629.56,626.91,628.12,538968.0
09:56,627.1,629.56,626.91,628.12,538968.0
09:57,627.1,629.56,626.91,628.12,538968.0
09:58,627.1,629.56,626.91,628.12,538968.0
09:59,627.1,629.56,626.91,628.12,538968.0
10:00,627.1,629.56,626.91,628.12,538968.0
10:01,627.1,629.56,626.91,628.12,538968.0
10:02,627.1,629.56,626.91,628.12,538968.0
10:03,627.1,629.56,626.91,628.12,538968.0
10:04,627.1,629.56,626.91,628.12,538968.0
10:05,627.1,629.56,626.91,628.12,538968.0
10:06,627.1,629.56,626.91,628.12,538968.0
10:07,627.1,629.56,626.91,628.12,538968.0
10:08,627.1,629.56,626.91,628.12,538968.0
10:09,627.1,629.56,626.91,628.12,538968.0
10:10,627.1,629.56,626.91,628.12,538968.0
10:11,627.1,629.56,626.91,628.12,538968.0
10:12,627.1,629.56,626.91,628.12,538968.0
10:13,627.1,629.56,626.91,628.12,538968.0
10:14,627.1,629.56,626.91,628.12,538968.0
10:15,627.1,629.56,626.91,628.12,538968.0
10:16,627.1,629.56,626.91,628.12,538968.0
10:17,627.1,629.56,626.91,628.12,538968.0
10:18,627.1,629.56,626.91,628.12,538968.0
10:19,627.1,629.56,626.91,628.12,538968.0
10:20,627.1,629.56,626.91,628.12,538968.0
10:21,627.1,629.56,626.91,628.12,538968.0
10:22,627.1,629.56,626.91,628.12,538968.0
10:23,627.1,629.56,626.91,628.12,538968.0
10:24,627.1,629.56,626.91,628.12,538968.0
10:25,627.1,629.56,626.91,628.12,538968.0
10:26,627.1,629.56,626.91,628.12,538968.0
10:27,627.1,629.56,626.91,628.12,538968.0
10:28,627.1,629.56,626.91,628.12,538968.0
10:29,627.1,629.56,626.91,628.12,538968.0
10:30,627.1,629.56,626.91,628.12,538968.0
10:31,626.22,627.55,625.87,627.28,50919.0
10:32,626.35,627.0,625.82,626.28,35990.0
10:33,626.78,626.9,625.86,626.35,49317.0
10:34,626.75,627.46,626.43,626.78,70116.0
10:35,625.4,627.22,625.26,626.68,37453.0
10:36,625.83,625.96,625.2,625.47,43877.0
10:37,626.0,626.45,625.62,625.66,44756.0
10:38,626.22,626.46,625.31,625.99,24318.0
10:39,625.11,626.34,625.05,626.22,35316.0
10:40,625.71,625.71,625.04,625.19,51801.0
10:41,624.77,625.76,624.72,625.66,58615.0
10:42,625.52,625.55,624.38,624.81,73651.0
10:43,625.17,626.12,624.88,625.5,43161.0
10:44,625.85,626.45,625.22,625.22,34438.0
10:45,624.36,625.87,624.11,624.36,41606.0
10:46,624.14,624.45,623.49,624.28,62701.0
10:47,624.85,625.12,624.19,624.36,28732.0
10:48,625.01,625.5,624.69,625.0,25281.0
10:49,624.48,625.38,624.35,625.15,37268.0
10:50,624.29,624.73,623.65,624.5,50930.0
10:51,624.56,624.57,623.95,624.34,33922.0
10:52,624.96,625.5,624.33,624.45,32997.0
10:53,624.97,625.25,624.48,624.96,23718.0
10:54,624.31,624.98,624.26,624.91,20069.0
10:55,623.92,624.54,623.9,624.27,30206.0
10:56,625.38,625.68,623.92,623.94,55467.0
10:57,625.48,625.83,625.27,625.49,42238.0
10:58,625.92,626.23,625.38,625.56,24571.0
10:59,625.83,626.11,625.6,625.92,25580.0
11:00,625.49,626.15,625.43,625.82,17477.0
11:01,625.89,626.0,625.49,625.53,22288.0
11:02,625.74,626.05,625.39,625.89,17591.0
11:03,625.6,626.18,625.58,625.86,22835.0
11:04,625.23,625.8,625.01,625.7,25813.0
11:05,624.67,625.53,624.5,625.26,20597.0
11:06,623.3,624.9,623.3,624.6,32962.0
11:07,623.9,624.07,623.48,623.48,18177.0
11:08,624.41,624.66,623.76,623.79,20456.0
11:09,624.41,624.67,624.02,624.52,23160.0
11:10,623.58,624.66,623.58,624.45,16681.0
11:11,623.2,623.58,622.7,623.55,44135.0
11:12,623.19,623.95,622.95,623.08,25286.0
11:13,622.95,623.24,622.69,623.01,26117.0
11:14,623.55,623.7,622.95,622.99,19995.0
11:15,622.39,623.5,622.25,623.5,21734.0
11:16,622.96,623.36,622.35,622.4,20913.0
11:17,622.85,623.22,622.44,623.1,29393.0
11:18,622.87,623.38,622.69,622.81,25581.0
11:19,622.87,623.16,622.74,622.96,21024.0
11:20,623.04,623.16,622.74,622.96,26962.0
11:21,622.91,623.36,622.84,622.97,27992.0
11:22,622.98,623.42,622.5,622.91,19510.0
11:23,622.42,622.98,622.3,622.81,22069.0
11:24,622.88,623.0,622.25,622.33,26044.0
11:25,623.11,623.27,622.82,622.92,22261.0
11:26,622.21,622.96,622.03,622.92,44413.0
11:27,622.39,622.89,622.05,622.19,65100.0
11:28,622.22,622.54,621.81,622.33,34595.0
11:29,622.37,622.79,622.18,622.28,20783.0
11:30,621.4,622.37,621.26,622.37,39707.0
11:31,621.14,621.72,621.0,621.54,30620.0
11:32,620.29,621.22,620.23,621.1,39272.0
11:33,620.11,620.46,619.6,620.23,114440.0
11:34,620.09,620.52,619.7,620.0,42993.0
11:35,619.75,620.28,619.67,620.24,34979.0
11:36,619.79,620.0,619.4,619.65,36326.0
11:37,620.76,620.85,619.77,619.85,76008.0
11:38,620.59,621.0,620.36,620.79,32340.0
11:39,621.36,621.42,620.72,620.72,27505.0
11:40,621.4,621.55,621.05,621.36,17827.0
11:41,621.87,621.87,621.25,621.41,27058.0
11:42,621.41,621.91,621.3,621.82,43738.0
11:43,621.09,621.53,621.01,621.41,26894.0
11:44,621.68,621.77,620.98,621.08,24470.0
11:45,621.42,621.7,621.21,621.68,15941.0
11:46,620.77,621.45,620.67,621.45,23074.0
11:47,620.51,620.81,620.37,620.81,26119.0
11:48,620.83,621.06,620.12,620.58,27788.0
11:49,621.41,621.41,620.6,620.83,21008.0
11:50,621.08,621.43,620.76,621.41,15297.0
11:51,621.68,621.68,621.16,621.16,16221.0
11:52,620.7,621.58,620.6,621.58,11010.0
11:53,621.15,621.25,620.63,620.73,18279.0
11:54,621.41,621.48,620.92,621.11,12955.0
11:55,621.3,621.56,621.25,621.41,12866.0
11:56,621.5,621.62,621.25,621.25,20992.0
11:57,621.63,621.79,621.17,621.4,11868.0
11:58,621.75,622.36,621.63,621.71,30459.0
11:59,622.31,622.46,621.72,621.75,30383.0
12:00,622.53,622.55,622.15,622.45,15940.0
12:01,622.71,622.75,622.38,622.52,20396.0
12:02,622.93,623.05,622.71,622.71,25524.0
12:03,622.93,623.2,622.86,622.97,20669.0
12:04,622.81,623.14,622.75,622.96,20470.0
12:05,622.89,623.14,622.64,622.81,15094.0
12:06,622.88,623.01,622.4,622.8,15825.0
12:07,623.16,623.25,622.88,623.0,12840.0
12:08,623.06,623.21,622.96,623.1,27811.0
12:09,623.33,623.44,622.96,623.18,14417.0
12:10,623.48,623.53,623.24,623.24,10510.0
12:11,623.53,623.75,623.39,623.44,14418.0
12:12,623.36,623.58,623.26,623.58,9630.0
12:13,623.53,623.76,623.37,623.42,10917.0
12:14,623.73,623.9,623.51,623.57,26355.0
12:15,623.76,623.81,623.35,623.63,21819.0
12:16,623.76,623.81,623.47,623.79,14865.0
12:17,623.6,623.81,623.5,623.76,15107.0
12:18,623.64,623.81,623.42,623.52,14840.0
12:19,623.83,623.88,623.57,623.65,16928.0
12:20,623.64,623.91,623.36,623.83,14781.0
12:21,623.59,623.8,623.36,623.75,9385.0
12:22,623.57,623.66,623.19,623.66,11578.0
12:23,623.82,623.96,623.49,623.58,24176.0
12:24,623.45,623.85,623.4,623.76,16763.0
12:25,623.62,623.8,623.09,623.54,14685.0
12:26,623.37,623.68,623.32,623.62,12216.0
12:27,623.19,623.31,622.75,623.3,31119.0
12:28,622.89,623.24,622.82,623.21,16082.0
12:29,622.37,622.88,622.29,622.88,12761.0
12:30,622.12,622.68,621.73,622.4,18659.0
12:31,622.42,622.48,622.0,622.12,12084.0
12:32,622.32,622.54,622.23,622.47,12422.0
12:33,622.54,622.7,622.07,622.38,29209.0
12:34,622.89,623.0,622.46,622.62,7719.0
12:35,622.92,623.09,622.73,622.91,10686.0
12:36,623.64,623.85,622.82,622.94,14865.0
12:37,623.24,623.76,623.0,623.7,16738.0
12:38,623.36,623.43,623.0,623.16,7812.0
12:39,623.13,623.29,623.05,623.27,6935.0
12:40,622.97,623.36,622.93,623.13,9418.0
12:41,623.32,623.33,623.02,623.02,11322.0
12:42,623.6,623.6,623.23,623.32,8940.0
12:43,623.64,623.72,623.49,623.49,10464.0
12:44,623.5,623.59,623.34,623.59,8002.0
12:45,623.63,623.8,623.47,623.48,9433.0
12:46,623.79,623.97,623.57,623.57,18198.0
12:47,623.7,623.89,623.56,623.69,15463.0
12:48,623.55,623.72,623.3,623.72,15356.0
12:49,623.97,623.97,623.44,623.44,11296.0
12:50,623.79,624.2,623.65,623.9,18469.0
12:51,623.93,624.05,623.82,623.92,7903.0
12:52,624.0,624.09,623.75,623.84,7521.0
12:53,624.05,624.1,623.83,623.83,8647.0
12:54,624.08,624.49,623.97,623.97,16675.0
12:55,623.74,624.29,623.7,624.09,12180.0
12:56,623.65,624.0,623.4,623.78,16013.0
12:57,623.22,623.67,623.21,623.65,12804.0
12:58,623.22,623.51,623.18,623.31,11203.0
12:59,623.43,623.43,623.15,623.22,9988.0
13:00,623.79,624.01,623.45,623.47,14917.0
13:01,624.19,624.31,623.73,623.9,13771.0
13:02,623.99,624.4,623.88,624.29,16348.0
13:03,624.2,624.38,623.98,623.98,19907.0
13:04,624.32,624.32,624.16,624.32,12696.0
13:05,625.38,625.5,624.28,624.28,32702.0
13:06,624.99,625.6,624.95,625.39,16362.0
13:07,624.56,624.98,624.52,624.97,12668.0
13:08,624.46,624.65,624.26,624.62,14080.0
13:09,624.47,624.69,624.41,624.46,6231.0
13:10,624.24,624.57,624.17,624.5,12092.0
13:11,624.25,624.35,623.97,624.23,13250.0
13:12,623.99,624.24,623.97,624.08,7931.0
13:13,624.46,624.51,624.01,624.17,14612.0
13:14,624.48,624.62,624.28,624.5,20064.0
13:15,624.96,625.0,624.43,624.51,23127.0
13:16,625.03,625.1,624.59,624.92,22175.0
13:17,625.04,625.24,624.88,625.03,27782.0
13:18,624.95,625.25,624.91,625.02,17199.0
13:19,624.95,625.13,624.79,624.91,14701.0
13:20,624.83,624.96,624.61,624.95,8750.0
13:21,624.5,624.91,624.37,624.83,9929.0
13:22,624.18,624.6,624.14,624.6,11243.0
13:23,623.83,624.22,623.74,624.13,15217.0
13:24,623.77,623.96,623.69,623.81,14935.0
13:25,623.25,623.81,623.2,623.81,18618.0
13:26,623.38,623.5,622.81,623.37,18619.0
13:27,623.0,623.37,623.0,623.34,15057.0
13:28,623.32,623.45,622.99,622.99,12987.0
13:29,623.38,623.39,623.16,623.32,11815.0
13:30,623.6,623.67,623.28,623.37,7702.0
13:31,623.67,623.85,623.51,623.55,8649.0
13:32,623.78,624.0,623.6,623.74,16230.0
13:33,623.95,624.11,623.71,623.83,13934.0
13:34,623.82,623.88,623.69,623.88,7429.0
13:35,623.9,623.98,623.77,623.88,10009.0
13:36,623.91,624.15,623.82,623.91,9377.0
13:37,623.88,624.0,623.79,623.88,7992.0
13:38,624.26,624.34,623.89,623.93,8104.0
13:39,623.75,624.18,623.75,624.18,10470.0
13:40,623.97,623.97,623.63,623.82,6755.0
13:41,623.82,624.0,623.7,623.79,4611.0
13:42,623.84,624.16,623.75,623.81,6123.0
13:43,624.03,624.09,623.84,623.84,5355.0
13:44,624.16,624.28,623.9,624.01,9014.0
13:45,623.89,624.19,623.89,624.09,8782.0
13:46,624.19,624.2,623.81,623.96,8328.0
13:47,624.21,624.25,624.02,624.13,8146.0
13:48,624.34,624.62,624.18,624.26,13101.0
13:49,624.26,624.62,624.26,624.38,14825.0
13:50,623.94,624.34,623.94,624.21,10646.0
13:51,624.02,624.15,623.9,624.08,7694.0
13:52,624.35,624.65,623.9,624.0,27753.0
13:53,624.4,624.55,624.25,624.51,6988.0
13:54,624.03,624.41,623.95,624.25,11305.0
13:55,624.15,624.48,624.02,624.06,12114.0
13:56,624.22,624.44,624.0,624.09,10387.0
13:57,624.03,624.33,623.9,624.23,10415.0
13:58,623.8,624.13,623.7,624.13,6982.0
13:59,623.95,624.14,623.61,623.78,11943.0
14:00,624.07,624.19,623.95,623.97,6379.0
14:01,623.85,624.14,623.85,624.02,8077.0
14:02,623.78,624.06,623.66,623.88,6346.0
14:03,623.72,623.85,623.55,623.79,7369.0
14:04,623.92,623.98,623.56,623.73,8991.0
14:05,624.02,624.1,623.89,624.0,8452.0
14:06,624.07,624.11,623.83,623.96,14976.0
14:07,623.91,624.12,623.91,624.03,9554.0
14:08,623.74,624.01,623.67,623.99,13557.0
14:09,623.4,623.8,623.34,623.73,12979.0
14:10,623.84,623.86,623.3,623.41,10787.0
14:11,623.63,623.98,623.63,623.9,6298.0
14:12,623.67,623.78,623.5,623.51,12111.0
14:13,623.89,623.96,623.6,623.63,8842.0
14:14,623.63,623.95,623.6,623.91,4990.0
14:15,623.86,623.96,623.66,623.72,7700.0
14:16,623.98,624.03,623.67,623.86,17348.0
14:17,623.96,624.1,623.88,624.08,9500.0
14:18,624.28,624.36,623.86,624.05,15671.0
14:19,624.39,624.42,624.17,624.24,17794.0
14:20,624.46,624.55,624.32,624.39,12559.0
14:21,624.54,624.65,624.3,624.52,14374.0
14:22,624.37,624.57,624.22,624.43,15733.0
14:23,624.12,624.39,624.12,624.32,13427.0
14:24,624.06,624.25,623.8,624.11,30641.0
14:25,624.13,624.2,624.03,624.1,10641.0
14:26,624.24,624.51,624.12,624.16,16860.0
14:27,624.02,624.27,623.85,624.24,10714.0
14:28,624.38,624.38,623.89,623.97,11790.0
14:29,624.13,624.32,624.05,624.32,11705.0
14:30,624.13,624.16,623.99,624.13,7368.0
14:31,623.98,624.24,623.96,624.11,15946.0
14:32,623.79,624.03,623.68,624.0,12952.0
14:33,623.63,623.96,623.58,623.71,19487.0
14:34,623.76,623.76,623.4,623.63,17958.0
14:35,623.76,623.78,623.6,623.62,7357.0
14:36,623.66,623.78,623.46,623.71,10398.0
14:37,623.72,623.84,623.55,623.62,22439.0
14:38,623.75,624.01,623.75,623.77,13825.0
14:39,624.01,624.06,623.75,623.75,12005.0
14:40,624.14,624.26,623.96,623.96,6775.0
14:41,624.19,624.41,624.03,624.1,9558.0
14:42,623.7,624.32,623.57,624.13,14050.0
14:43,624.03,624.12,623.65,623.7,18668.0
14:44,624.07,624.24,624.03,624.03,14354.0
14:45,624.19,624.4,624.0,624.14,9938.0
14:46,624.09,624.3,623.92,624.19,8401.0
14:47,624.06,624.22,624.0,624.02,10486.0
14:48,624.28,624.43,624.05,624.18,13400.0
14:49,624.58,624.8,624.22,624.23,13449.0
14:50,624.5,624.61,624.29,624.61,10299.0
14:51,624.36,624.54,624.3,624.54,10987.0
14:52,624.72,624.78,624.38,624.45,15872.0
14:53,624.82,625.03,624.63,624.8,11540.0
14:54,625.03,625.11,624.77,624.89,9429.0
14:55,625.65,625.78,625.11,625.15,22996.0
14:56,625.46,625.69,625.35,625.64,17332.0
14:57,625.41,625.69,625.41,625.5,11406.0
14:58,625.64,625.71,625.41,625.44,8324.0
14:59,625.51,625.71,625.5,625.63,9057.0
15:00,625.37,625.65,625.25,625.44,16449.0
15:01,625.06,625.39,625.0,625.3,8407.0
15:02,625.26,625.26,625.04,625.12,8507.0
15:03,625.26,625.32,625.08,625.26,10015.0
15:04,625.54,625.64,625.21,625.31,10621.0
15:05,625.53,625.65,625.45,625.54,7694.0
15:06,625.31,625.48,625.26,625.48,9891.0
15:07,625.6,625.6,625.22,625.3,8382.0
15:08,625.54,625.6,625.4,625.46,4891.0
15:09,625.32,625.65,625.24,625.42,9490.0
15:10,625.62,625.73,625.26,625.37,11984.0
15:11,625.36,625.78,625.32,625.62,22105.0
15:12,625.8,625.84,625.28,625.28,10033.0
15:13,625.85,625.85,625.57,625.78,15434.0
15:14,625.72,626.15,625.67,625.85,24756.0
15:15,625.39,625.75,625.29,625.72,25450.0
15:16,625.56,625.56,625.1,625.28,20553.0
15:17,625.15,625.6,625.15,625.49,10265.0
15:18,625.12,625.35,624.76,625.15,14655.0
15:19,625.09,625.25,624.99,625.09,10940.0
15:20,624.83,625.22,624.81,625.09,9406.0
15:21,624.57,624.8,624.44,624.8,10526.0
15:22,624.57,624.7,624.44,624.57,10816.0
15:23,624.39,624.6,624.15,624.57,13781.0
15:24,624.45,624.6,624.3,624.42,14955.0
15:25,624.57,624.57,624.03,624.4,21786.0
15:26,624.71,625.02,624.47,624.47,17621.0
15:27,624.99,625.17,624.65,624.78,11950.0
15:28,625.01,625.19,624.75,624.92,12893.0
15:29,625.02,625.4,624.83,624.92,12805.0
15:30,625.39,625.49,625.0,625.15,11249.0
15:31,625.45,625.53,625.24,625.42,9143.0
15:32,625.38,625.55,625.28,625.47,9152.0
15:33,625.57,625.8,625.28,625.35,12544.0
15:34,625.55,625.75,625.48,625.61,8819.0
15:35,625.31,625.69,625.14,625.63,12460.0
15:36,625.82,625.91,625.27,625.31,10873.0
15:37,625.92,626.14,625.73,625.8,9799.0
15:38,626.09,626.09,625.86,625.93,5143.0
15:39,625.9,626.04,625.75,626.04,11251.0
15:40,625.98,626.41,625.9,625.99,13163.0
15:41,626.12,626.19,625.82,625.98,7124.0
15:42,626.09,626.23,625.86,626.1,8774.0
15:43,626.02,626.14,625.92,626.12,5325.0
15:44,625.92,626.16,625.92,626.0,8146.0
15:45,625.9,626.1,625.8,626.07,11847.0
15:46,625.76,626.0,625.73,625.8,6070.0
15:47,625.72,626.03,625.45,625.82,13397.0
15:48,625.94,626.08,625.71,625.74,10659.0
15:49,625.98,626.04,625.74,626.02,6395.0
15:50,626.0,626.04,625.81,625.91,10444.0
15:51,625.95,626.01,625.8,625.86,7081.0
15:52,626.24,626.26,625.89,625.96,11294.0
15:53,626.75,626.82,626.18,626.23,22041.0
15:54,626.57,626.78,626.31,626.72,11910.0
15:55,626.7,626.84,626.52,626.63,11715.0
15:56,626.49,626.79,626.28,626.6,9445.0
15:57,625.89,626.51,625.8,626.47,17837.0
15:58,625.73,625.9,625.54,625.9,10775.0
15:59,625.9,625.91,625.66,625.81,7366.0
16:00,625.88,625.95,625.66,625.85,8353.0
16:01,625.91,626.02,625.79,625.91,7612.0
16:02,625.94,626.03,625.86,625.96,6455.0
16:03,625.93,626.1,625.89,625.99,16058.0
16:04,625.76,625.95,625.74,625.95,9279.0
16:05,625.6,625.77,625.49,625.72,13856.0
16:06,625.49,625.64,625.29,625.6,12964.0
16:07,625.44,625.56,625.31,625.48,9050.0
16:08,625.38,625.56,625.29,625.44,11772.0
16:09,625.27,625.49,625.18,625.4,8919.0
16:10,625.52,625.52,625.18,625.18,11296.0
16:11,625.5,625.55,625.38,625.48,25240.0
16:12,625.67,625.7,625.47,625.54,17954.0
16:13,625.64,625.82,625.51,625.75,11083.0
16:14,625.89,626.01,625.62,625.71,11112.0
16:15,625.85,626.15,625.84,625.89,16737.0
16:16,625.79,625.92,625.68,625.83,6126.0
16:17,625.9,626.02,625.69,625.73,8187.0
16:18,626.17,626.28,625.98,625.98,9525.0
16:19,626.11,626.27,625.91,626.17,7148.0
16:20,626.29,626.45,626.03,626.09,14848.0
16:21,626.24,626.43,626.23,626.26,8673.0
16:22,626.17,626.37,626.03,626.26,9810.0
16:23,626.08,626.33,625.97,626.25,8248.0
16:24,626.38,626.4,625.95,626.01,14384.0
16:25,626.35,626.55,626.24,626.32,11257.0
16:26,626.4,626.54,626.3,626.41,8729.0
16:27,626.6,626.66,626.16,626.3,15367.0
16:28,626.48,626.55,626.18,626.53,7618.0
16:29,626.65,626.71,626.45,626.51,14155.0
16:30,626.54,626.68,626.31,626.56,22107.0
16:31,626.43,626.55,626.18,626.54,12513.0
16:32,626.91,627.01,626.5,626.51,21006.0
16:33,626.94,627.11,626.9,626.9,14579.0
16:34,626.96,626.96,626.74,626.88,15466.0
16:35,626.72,626.99,626.61,626.95,17279.0
16:36,626.46,626.95,626.43,626.77,16778.0
16:37,626.78,626.78,626.29,626.44,24797.0
16:38,626.65,626.8,626.57,626.75,8579.0
16:39,626.72,626.82,626.57,626.66,11033.0
16:40,627.02,627.05,626.55,626.75,16711.0
16:41,626.8,627.19,626.8,627.09,17463.0
16:42,626.94,627.02,626.58,626.8,13790.0
16:43,626.89,627.18,626.78,626.97,16468.0
16:44,626.95,627.08,626.88,626.96,27196.0
16:45,627.18,627.27,626.87,626.96,19873.0
16:46,627.09,627.25,626.87,627.25,11857.0
16:47,627.11,627.33,627.1,627.1,20478.0
16:48,627.26,627.29,627.0,627.1,20537.0
16:49,627.4,627.65,627.2,627.22,23217.0
16:50,627.57,627.83,627.07,627.48,45510.0
16:51,627.36,627.57,627.22,627.49,31272.0
16:52,627.7,627.7,627.22,627.28,32564.0
16:53,627.83,628.0,627.58,627.69,42283.0
16:54,627.23,627.9,626.86,627.8,42996.0
16:55,627.07,627.69,626.39,627.24,65742.0
16:56,627.78,627.88,627.0,627.08,67582.0
16:57,627.11,627.85,627.11,627.78,60652.0
16:58,627.13,627.22,626.84,627.12,93405.0
16:59,627.18,627.44,626.73,627.07,184485.0
