Time,Close,High,Low,Open,Volume
09:30,668.44,674.89,668.02,674.67,1730900.0
09:31,665.69,668.86,665.5,668.44,345916.0
09:32,667.85,669.6,665.35,665.54,186413.0
09:33,663.76,668.15,663.56,667.79,231480.0
09:34,662.54,663.76,660.56,663.55,281927.0
09:35,662.42,664.5,662.2,662.51,182380.0
09:36,662.56,663.65,661.5,662.5,205968.0
09:37,664.24,664.9,661.27,662.5,163650.0
09:38,664.99,666.0,664.24,664.32,136263.0
09:39,661.86,665.37,661.81,665.02,165362.0
09:40,661.47,662.0,660.3,661.81,190089.0
09:41,661.65,662.0,660.84,661.73,150755.0
09:42,660.5,662.0,660.3,661.67,95820.0
09:43,660.67,661.29,660.0,660.3,147847.0
09:44,660.69,660.94,660.0,660.5,134807.0
09:45,661.83,663.0,660.5,660.58,153120.0
09:46,661.91,662.98,661.28,661.88,119037.0
09:47,661.25,662.98,661.25,661.94,88503.0
09:48,659.11,661.89,659.04,661.32,221361.0
09:49,657.99,659.68,657.14,659.06,252768.0
09:50,656.28,658.06,656.25,657.93,3796475.0
09:51,654.61,656.85,654.5,656.27,1.0
09:52,655.04,656.24,654.44,654.61,251532.0
09:53,655.9,657.4,654.54,654.85,230730.0
09:54,656.5,656.5,654.27,655.68,187940.0
09:55,658.86,659.48,655.78,656.5,194160.0
09:56,659.6,659.95,658.27,659.09,134409.0
09:57,659.79,659.89,658.3,659.51,174682.0
09:58,659.47,660.5,659.02,659.8,202672.0
09:59,661.17,661.41,659.3,659.47,101046.0
10:00,660.66,661.59,660.46,661.33,101296.0
10:01,660.49,660.93,659.3,660.74,145453.0
10:02,661.54,662.16,660.44,660.49,97733.0
10:03,661.57,661.91,660.69,661.44,85578.0
10:04,660.05,661.22,659.56,661.1,80377.0
10:05,659.37,660.71,659.1,660.17,73252.0
10:06,659.75,660.07,659.15,659.57,73070.0
10:07,660.03,660.16,659.27,659.66,57877.0
10:08,661.42,661.42,660.12,660.16,65794.0
10:09,660.97,662.2,660.9,661.36,75605.0
10:10,660.3,661.17,660.07,661.02,64476.0
10:11,660.78,661.15,660.14,660.37,57513.0
10:12,661.71,661.85,660.83,660.9,56152.0
10:13,660.61,661.77,660.46,661.71,68263.0
10:14,660.53,660.97,660.2,660.83,69849.0
10:15,660.21,661.35,660.1,660.49,76144.0
10:16,659.98,660.74,659.61,660.22,100120.0
10:17,659.82,660.5,659.79,659.79,63645.0
10:18,658.65,659.87,658.51,659.82,136215.0
10:19,658.0,659.01,657.0,658.62,128435.0
10:20,658.32,658.42,657.52,658.02,70741.0
10:21,658.57,659.0,658.25,658.59,69301.0
10:22,659.01,659.5,658.57,658.57,71210.0
10:23,659.13,659.99,658.77,659.07,54159.0
10:24,658.08,659.4,657.8,659.17,75729.0
10:25,657.17,658.1,656.5,658.08,81887.0
10:26,658.02,658.29,657.0,657.17,59445.0
10:27,657.06,658.42,657.03,658.0,69809.0
10:28,657.17,657.5,656.64,657.09,83975.0
10:29,657.99,658.35,656.66,657.16,71279.0
10:30,659.03,659.34,657.98,658.11,89203.0
10:31,658.91,659.1,658.05,658.91,55445.0
10:32,659.35,660.0,658.91,658.92,58928.0
10:33,659.69,659.7,658.67,659.35,53489.0
10:34,660.0,660.4,659.56,659.66,83735.0
10:35,659.47,660.12,659.34,659.97,54763.0
10:36,658.84,659.8,658.8,659.37,58408.0
10:37,658.2,659.35,657.77,658.84,68760.0
10:38,658.12,658.32,657.38,658.15,61537.0
10:39,658.79,659.01,657.9,657.96,51023.0
10:40,658.5,658.91,658.4,658.79,39184.0
10:41,656.82,658.63,656.82,658.63,74204.0
10:42,655.9,657.0,655.58,656.8,185974.0
10:43,656.2,656.37,655.2,656.25,143131.0
10:44,655.24,656.36,655.08,656.17,118740.0
10:45,654.71,655.26,653.16,655.26,317373.0
10:46,655.04,655.51,654.34,654.73,137454.0
10:47,655.47,655.85,654.66,655.12,100174.0
10:48,656.49,656.54,655.05,655.41,101649.0
10:49,656.46,656.68,656.0,656.46,68168.0
10:50,657.48,657.75,656.45,656.49,71780.0
10:51,657.39,657.94,657.25,657.59,61184.0
10:52,656.94,657.44,656.32,657.28,67920.0
10:53,658.01,658.23,657.0,657.0,75844.0
10:54,657.92,658.09,657.17,657.96,61150.0
10:55,658.13,658.24,657.37,657.99,50723.0
10:56,658.25,658.3,657.74,658.0,41507.0
10:57,659.38,659.58,658.3,658.44,66796.0
10:58,659.75,660.04,659.36,659.41,71948.0
10:59,659.88,660.02,659.57,659.68,56397.0
11:00,658.97,659.91,658.88,659.91,73674.0
11:01,659.03,659.26,658.25,658.92,67192.0
11:02,659.81,660.05,658.91,659.03,52895.0
11:03,657.82,659.95,657.72,659.87,70799.0
11:04,657.74,657.92,657.5,657.76,90510.0
11:05,657.08,657.88,657.01,657.82,70715.0
11:06,657.74,657.9,657.07,657.07,51759.0
11:07,657.5,657.91,657.2,657.82,88376.0
11:08,657.63,657.8,657.21,657.58,39804.0
11:09,656.6,657.86,656.58,657.55,63130.0
11:10,657.19,657.19,656.14,656.74,68237.0
11:11,657.54,657.84,656.8,657.03,45348.0
11:12,658.12,658.42,657.5,657.59,85223.0
11:13,658.73,658.86,657.91,658.08,58809.0
11:14,657.79,658.73,657.71,658.73,46808.0
11:15,657.51,657.99,657.37,657.7,41329.0
11:16,657.55,657.92,657.39,657.4,36532.0
11:17,657.47,657.99,657.4,657.66,32428.0
11:18,657.69,657.99,657.4,657.51,32836.0
11:19,657.89,658.1,657.71,657.74,38136.0
11:20,658.04,658.07,657.7,657.89,45613.0
11:21,657.91,658.06,657.5,658.0,45283.0
11:22,657.35,658.23,657.32,657.97,77295.0
11:23,657.66,658.46,657.35,657.45,40133.0
11:24,657.76,657.85,657.37,657.74,25790.0
11:25,657.45,657.85,657.05,657.74,42657.0
11:26,656.88,657.99,656.8,657.6,38521.0
11:27,656.71,657.39,656.58,656.79,39094.0
11:28,656.47,656.84,656.07,656.61,46051.0
11:29,656.48,656.51,655.8,656.4,70725.0
11:30,657.12,657.12,656.21,656.49,37563.0
11:31,657.09,657.19,656.68,657.01,51099.0
11:32,657.28,658.09,657.08,657.09,78930.0
11:33,657.05,657.68,656.85,657.34,46499.0
11:34,657.62,657.64,656.66,656.97,29979.0
11:35,657.41,658.0,657.29,657.73,50980.0
11:36,657.49,657.71,657.22,657.46,26746.0
11:37,656.8,657.44,656.74,657.4,41745.0
11:38,656.85,657.3,656.61,656.79,41160.0
11:39,656.62,657.03,656.61,656.88,30833.0
11:40,656.65,656.74,656.2,656.74,46977.0
11:41,657.08,657.34,656.6,656.6,47912.0
11:42,657.12,657.42,656.98,657.0,41990.0
11:43,656.48,657.2,656.45,657.08,57394.0
11:44,657.51,657.52,656.25,656.44,69203.0
11:45,657.7,658.03,657.15,657.51,100108.0
11:46,656.5,657.82,656.46,657.68,39854.0
11:47,657.14,657.23,656.36,656.38,37441.0
11:48,656.77,657.14,656.37,657.08,30928.0
11:49,656.71,656.98,656.59,656.84,25685.0
11:50,656.77,657.3,656.4,656.72,63267.0
11:51,657.0,657.28,656.63,656.63,28674.0
11:52,656.4,657.2,656.25,656.91,49991.0
11:53,656.51,656.93,656.04,656.45,47386.0
11:54,656.43,656.72,656.27,656.34,39923.0
11:55,655.76,656.63,655.71,656.57,51615.0
11:56,655.65,655.73,655.16,655.7,82830.0
11:57,654.95,655.81,654.73,655.72,118984.0
11:58,654.32,654.99,654.29,654.95,79640.0
11:59,653.21,654.38,653.21,654.38,151253.0
12:00,652.4,653.35,651.86,653.2,208826.0
12:01,653.35,653.48,652.21,652.43,103110.0
12:02,652.74,653.47,652.6,653.2,93692.0
12:03,652.36,652.88,651.6,652.76,124479.0
12:04,652.72,653.1,652.22,652.38,115748.0
12:05,654.13,654.29,652.71,652.71,67240.0
12:06,654.31,654.4,653.64,654.21,68769.0
12:07,653.4,654.62,653.4,654.32,79934.0
12:08,654.5,654.5,653.5,653.5,67100.0
12:09,654.33,655.0,654.2,654.32,59407.0
12:10,654.72,654.98,654.3,654.59,56195.0
12:11,654.58,654.79,654.38,654.67,36282.0
12:12,654.7,654.9,654.4,654.6,28607.0
12:13,654.09,654.82,653.98,654.73,52912.0
12:14,653.82,654.24,653.76,654.09,38261.0
12:15,653.15,653.95,652.78,653.93,57287.0
12:16,652.05,653.29,652.04,653.12,84775.0
12:17,652.55,652.78,652.06,652.06,65331.0
12:18,651.36,652.68,651.3,652.54,80924.0
12:19,650.67,651.48,650.63,651.41,166843.0
12:20,650.4,650.9,650.0,650.7,216622.0
12:21,651.01,651.5,650.37,650.37,124997.0
12:22,651.6,651.83,650.92,651.13,79183.0
12:23,651.53,652.23,651.41,651.46,63735.0
12:24,651.16,651.54,650.75,651.53,98547.0
12:25,652.47,652.47,651.15,651.15,75938.0
12:26,652.88,652.93,652.35,652.49,59468.0
12:27,652.22,652.88,652.05,652.78,59372.0
12:28,651.96,652.2,651.67,652.12,44510.0
12:29,652.0,652.01,651.67,651.91,34006.0
12:30,652.64,652.67,651.93,651.93,76675.0
12:31,652.07,652.61,651.7,652.61,67567.0
12:32,653.2,653.39,652.01,652.08,64145.0
12:33,653.71,653.91,653.09,653.2,61764.0
12:34,653.58,654.0,653.55,653.71,50954.0
12:35,654.08,654.2,653.61,653.65,56609.0
12:36,654.15,654.2,653.56,654.1,55819.0
12:37,653.58,654.14,653.49,654.01,32628.0
12:38,654.54,654.55,653.57,653.63,64207.0
12:39,654.77,655.0,654.4,654.52,46087.0
12:40,653.83,654.84,653.71,654.81,38479.0
12:41,653.88,654.39,653.16,653.8,52543.0
12:42,654.69,654.89,653.85,653.86,52843.0
12:43,653.42,654.88,653.42,654.7,44182.0
12:44,652.75,653.61,652.7,653.46,90086.0
12:45,653.57,653.9,652.72,652.75,54295.0
12:46,653.53,653.79,653.05,653.37,29132.0
12:47,653.91,654.07,653.39,653.39,23700.0
12:48,654.02,654.33,653.88,653.94,24269.0
12:49,654.1,654.1,653.69,654.0,26586.0
12:50,653.65,654.5,653.53,654.17,34863.0
12:51,653.07,653.77,653.0,653.65,44098.0
12:52,652.43,653.13,652.35,653.07,52330.0
12:53,652.4,652.46,652.02,652.36,34042.0
12:54,651.93,652.57,651.89,652.39,47561.0
12:55,652.6,652.83,651.94,651.95,36936.0
12:56,652.66,652.81,652.29,652.55,33198.0
12:57,652.09,652.7,651.88,652.65,50258.0
12:58,652.21,652.36,651.54,652.09,55770.0
12:59,652.9,653.25,652.2,652.35,48574.0
13:00,651.84,652.83,651.72,652.82,38560.0
13:01,651.64,652.0,651.52,651.84,88592.0
13:02,651.91,651.98,651.4,651.71,52723.0
13:03,652.2,652.5,651.75,651.75,46853.0
13:04,651.31,652.2,651.22,652.2,61342.0
13:05,651.1,651.4,651.06,651.38,64758.0
13:06,651.46,651.73,650.73,651.17,114502.0
13:07,652.28,652.28,651.27,651.52,57877.0
13:08,651.72,652.5,651.62,652.29,43579.0
13:09,652.09,652.43,651.32,651.67,52628.0
13:10,652.6,652.6,652.08,652.11,63889.0
13:11,652.13,652.68,652.02,652.52,45670.0
13:12,652.25,652.7,651.82,652.02,44293.0
13:13,652.97,653.02,652.09,652.25,37526.0
13:14,653.16,653.66,652.76,653.01,62532.0
13:15,652.66,653.43,652.51,653.4,60827.0
13:16,652.34,653.0,652.3,652.71,31170.0
13:17,652.42,652.99,651.97,652.25,40427.0
13:18,652.04,652.57,651.94,652.48,44193.0
13:19,652.55,652.63,651.54,652.06,36227.0
13:20,651.84,652.63,651.8,652.53,44020.0
13:21,651.8,652.0,651.4,651.93,39893.0
13:22,651.5,651.88,651.4,651.72,32401.0
13:23,651.19,651.64,651.19,651.51,42296.0
13:24,651.29,651.45,651.0,651.26,47540.0
13:25,652.62,652.7,651.28,651.28,54172.0
13:26,652.6,652.8,652.19,652.62,104959.0
13:27,652.58,653.1,652.56,652.65,63677.0
13:28,652.6,653.0,652.18,652.58,41636.0
13:29,652.99,653.03,651.93,652.5,56780.0
13:30,654.23,654.26,652.99,652.99,78285.0
13:31,654.73,654.98,654.18,654.23,70279.0
13:32,654.02,654.7,653.8,654.7,42354.0
13:33,654.04,654.26,653.82,654.1,37842.0
13:34,653.91,654.51,653.8,654.14,35210.0
13:35,654.4,654.72,653.88,653.88,38854.0
13:36,653.52,654.46,653.32,654.31,31490.0
13:37,653.4,653.74,653.1,653.59,34433.0
13:38,654.05,654.1,653.39,653.45,41332.0
13:39,653.89,654.25,653.8,654.02,25377.0
13:40,653.37,654.1,653.16,653.9,35907.0
13:41,653.3,653.67,653.18,653.43,36293.0
13:42,653.57,653.68,653.31,653.34,21628.0
13:43,653.9,654.18,653.55,653.6,22040.0
13:44,654.2,654.2,653.85,653.99,30898.0
13:45,653.7,654.32,653.7,654.25,23995.0
13:46,654.0,654.07,653.69,653.78,27951.0
13:47,653.8,654.57,653.61,654.02,179380.0
13:48,652.98,653.84,652.7,653.84,39005.0
13:49,652.92,653.31,652.71,652.89,37078.0
13:50,652.93,653.18,652.75,652.88,37144.0
13:51,652.89,653.02,652.51,653.02,36754.0
13:52,652.34,653.02,652.29,652.89,36297.0
13:53,652.18,652.42,651.77,652.28,62977.0
13:54,652.51,652.54,652.19,652.22,29541.0
13:55,652.59,652.67,652.13,652.54,34897.0
13:56,652.84,652.97,652.6,652.65,40786.0
13:57,652.84,652.97,652.7,652.83,281839.0
13:58,652.49,652.92,652.23,652.92,43107.0
13:59,652.91,653.14,652.53,652.53,37793.0
14:00,653.07,653.35,652.94,652.94,72999.0
14:01,653.47,653.54,652.9,653.25,54108.0
14:02,653.05,653.4,653.04,653.27,44137.0
14:03,652.74,653.1,652.46,653.07,29299.0
14:04,652.61,652.98,652.5,652.79,38623.0
14:05,651.88,652.59,651.62,652.58,47898.0
14:06,651.1,651.9,651.09,651.8,65532.0
14:07,651.0,651.2,650.78,651.15,87199.0
14:08,651.7,651.7,651.04,651.04,79459.0
14:09,651.52,652.0,651.36,651.69,58648.0
14:10,651.47,652.02,651.35,651.52,52317.0
14:11,651.75,651.81,651.48,651.55,49752.0
14:12,651.54,651.81,651.4,651.79,56229.0
14:13,651.32,651.59,651.05,651.54,37567.0
14:14,651.52,651.6,651.24,651.24,28979.0
14:15,651.44,651.79,651.44,651.52,44260.0
14:16,651.71,651.78,651.42,651.48,26977.0
14:17,651.07,651.72,651.0,651.65,52428.0
14:18,651.04,651.13,650.81,651.04,39085.0
14:19,650.51,651.05,650.51,651.0,63693.0
14:20,650.47,650.57,650.3,650.5,85663.0
14:21,650.77,650.93,650.46,650.47,64494.0
14:22,650.61,650.92,650.43,650.76,68855.0
14:23,650.59,650.7,650.2,650.51,70784.0
14:24,650.14,650.8,650.08,650.51,71816.0
14:25,650.08,650.19,650.03,650.12,133776.0
14:26,649.38,650.2,648.17,650.07,527422.0
14:27,648.07,649.31,648.06,649.31,119871.0
14:28,647.47,648.15,647.4,648.12,172059.0
14:29,648.27,648.54,647.1,647.49,115681.0
14:30,647.86,648.27,647.79,648.15,95043.0
14:31,647.41,648.2,647.2,647.8,88769.0
14:32,646.46,647.65,646.13,647.3,181807.0
14:33,647.01,647.31,646.23,646.46,136709.0
14:34,646.25,647.06,645.85,647.01,129846.0
14:35,646.95,647.3,646.06,646.36,82850.0
14:36,647.12,647.3,646.81,646.92,111524.0
14:37,646.68,647.15,646.2,647.07,118636.0
14:38,646.56,647.04,646.3,646.7,64301.0
14:39,647.87,647.9,646.61,646.71,84965.0
14:40,648.1,648.16,647.66,647.89,72863.0
14:41,647.98,648.16,647.66,648.16,82260.0
14:42,647.82,648.4,647.82,648.0,62088.0
14:43,647.99,648.07,647.39,647.9,48309.0
14:44,647.16,648.08,647.07,648.0,52793.0
14:45,646.82,647.19,646.4,647.15,124026.0
14:46,647.38,647.56,646.78,646.82,49079.0
14:47,647.24,647.47,647.04,647.41,39052.0
14:48,647.6,647.8,647.2,647.3,35122.0
14:49,647.57,647.63,647.3,647.59,44450.0
14:50,646.76,647.55,646.67,647.5,55050.0
14:51,647.57,647.75,646.67,646.85,73921.0
14:52,647.31,648.0,647.09,647.64,53312.0
14:53,647.19,647.61,647.03,647.23,78679.0
14:54,647.0,647.27,646.86,647.15,40617.0
14:55,645.98,647.12,645.89,647.12,98864.0
14:56,646.24,646.25,645.57,645.97,98565.0
14:57,647.2,647.23,646.03,646.17,76586.0
14:58,648.16,648.16,647.16,647.24,50574.0
14:59,648.72,649.12,648.11,648.11,65760.0
15:00,649.24,649.5,648.43,648.6,85801.0
15:01,649.32,649.69,649.11,649.21,77471.0
15:02,649.69,650.5,649.36,649.36,99683.0
15:03,649.49,649.75,648.8,649.66,57451.0
15:04,649.87,650.15,649.36,649.53,51056.0
15:05,650.34,650.47,649.63,649.83,76332.0
15:06,650.46,650.72,650.0,650.34,65176.0
15:07,650.1,650.62,650.04,650.43,57351.0
15:08,649.86,650.39,649.85,650.11,82839.0
15:09,649.76,650.53,649.48,649.85,78339.0
15:10,649.73,650.14,649.48,649.78,63425.0
15:11,649.38,650.0,649.27,649.73,65150.0
15:12,648.57,649.33,648.27,649.33,78992.0
15:13,648.9,649.25,648.51,648.57,68513.0
15:14,648.81,649.36,648.5,648.85,52749.0
15:15,648.96,649.29,648.5,648.62,49845.0
15:16,649.09,649.39,648.77,648.87,54888.0
15:17,649.47,649.6,648.88,649.17,39734.0
15:18,650.16,650.45,649.54,649.54,68465.0
15:19,650.18,650.45,650.14,650.16,39727.0
15:20,650.22,650.51,650.2,650.28,49453.0
15:21,650.8,650.97,650.06,650.22,49297.0
15:22,650.87,650.98,650.65,650.91,37402.0
15:23,651.27,651.59,650.83,650.93,76863.0
15:24,651.06,651.31,651.01,651.28,34799.0
15:25,651.16,651.45,650.96,651.08,68544.0
15:26,651.24,651.52,651.13,651.17,48981.0
15:27,651.6,651.67,650.72,651.25,65667.0
15:28,652.11,652.4,651.61,651.67,85247.0
15:29,652.29,652.32,651.76,652.14,59842.0
15:30,651.24,652.35,650.85,652.29,71700.0
15:31,651.26,651.37,650.61,651.03,57340.0
15:32,650.89,651.3,650.81,651.22,41233.0
15:33,650.91,651.0,650.5,650.8,55700.0
15:34,651.84,651.84,650.91,650.91,51354.0
15:35,651.12,651.96,651.12,651.84,46087.0
15:36,651.69,651.84,650.8,651.01,46604.0
15:37,651.64,651.85,651.56,651.69,42171.0
15:38,651.23,651.99,651.13,651.57,49509.0
15:39,651.34,651.62,651.2,651.3,45464.0
15:40,650.89,651.55,650.89,651.35,51972.0
15:41,649.84,651.0,649.67,650.89,125632.0
15:42,650.09,650.34,649.79,649.85,76082.0
15:43,650.07,650.62,649.61,650.03,71902.0
15:44,650.05,650.25,649.77,650.03,55589.0
15:45,649.54,650.17,649.28,650.0,101027.0
15:46,649.85,649.98,649.41,649.55,69080.0
15:47,649.91,649.99,649.68,649.85,71808.0
15:48,649.23,650.0,649.02,649.95,89122.0
15:49,649.15,649.31,649.0,649.31,98442.0
15:50,648.41,649.5,647.59,649.22,207077.0
15:51,649.2,649.36,648.28,648.42,110729.0
15:52,648.99,649.47,648.92,649.28,128836.0
15:53,648.98,649.3,648.45,648.98,114592.0
15:54,649.45,649.8,648.1,648.85,141306.0
15:55,649.45,650.69,648.83,649.29,183910.0
15:56,649.26,649.53,649.11,649.38,170042.0
15:57,648.78,649.4,648.15,649.25,203596.0
15:58,648.92,649.06,648.26,648.77,208859.0
15:59,648.34,649.3,648.0,648.97,422193.0
