Time,Close,High,Low,Open,Volume
09:30,767.69,769.29,766.59,769.25,1.0
09:31,766.7,768.73,766.2,767.9,38549.0
09:32,767.97,769.0,765.62,766.02,24748.0
09:33,766.09,768.1,765.66,767.18,18720.0
09:34,764.0,766.19,763.87,765.93,59336.0
09:35,763.27,764.57,762.44,764.57,36981.0
09:36,763.75,763.89,763.25,763.44,19866.0
09:37,764.4,765.11,763.33,763.43,18043.0
09:38,764.02,764.41,763.56,763.75,14578.0
09:39,764.2,765.0,764.15,764.46,17515.0
09:40,763.23,764.52,763.0,764.22,14110.0
09:41,763.55,763.73,762.86,763.18,12954.0
09:42,763.41,764.15,763.29,763.82,10804.0
09:43,762.89,763.49,762.4,763.41,22585.0
09:44,762.53,763.51,762.5,763.03,20540.0
09:45,762.32,762.67,761.78,762.32,33401.0
09:46,761.89,762.96,761.87,762.76,12900.0
09:47,761.01,761.94,760.8,761.88,18891.0
09:48,760.88,761.1,760.5,760.74,19411.0
09:49,760.74,761.81,760.53,760.98,14731.0
09:50,760.9,761.5,760.52,760.66,25882.0
09:51,759.84,761.2,759.66,761.04,37570.0
09:52,759.49,760.01,759.15,760.01,28473.0
09:53,761.27,761.53,759.35,759.52,28874.0
09:54,760.31,761.43,760.04,761.43,25805.0
09:55,760.12,760.5,759.29,760.31,28030.0
09:56,759.88,760.93,759.86,760.0,25190.0
09:57,759.3,760.33,759.22,759.66,18666.0
09:58,760.07,760.07,759.02,759.34,25310.0
09:59,759.66,759.98,759.48,759.98,12900.0
10:00,760.27,760.43,759.05,759.6,22967.0
10:01,761.1,761.54,760.03,760.36,17530.0
10:02,760.36,761.21,760.32,760.82,15428.0
10:03,760.65,760.9,760.31,760.55,13699.0
10:04,760.61,760.76,760.12,760.47,34254.0
10:05,761.48,761.65,760.0,760.65,25249.0
10:06,762.22,762.71,761.31,761.38,28050.0
10:07,761.24,762.35,761.24,762.22,22046.0
10:08,760.78,761.54,760.54,761.4,16097.0
10:09,761.68,761.79,760.8,760.94,12155.0
10:10,762.68,762.88,761.37,761.44,13783.0
10:11,763.33,763.33,762.55,762.72,18957.0
10:12,763.27,763.43,763.0,763.36,20878.0
10:13,764.11,764.17,763.3,763.45,14659.0
10:14,764.83,765.0,764.14,764.26,28534.0
10:15,764.68,765.0,764.35,764.83,25645.0
10:16,764.96,765.06,764.65,764.65,34655.0
10:17,765.02,765.29,764.54,764.72,21633.0
10:18,765.44,765.64,764.93,765.04,34028.0
10:19,764.96,765.45,764.81,765.0,11080.0
10:20,764.14,765.08,763.54,764.96,21106.0
10:21,764.98,765.04,764.1,764.1,12321.0
10:22,765.03,765.28,764.55,764.98,13487.0
10:23,765.14,765.24,764.86,764.97,10638.0
10:24,764.52,764.94,764.52,764.75,13299.0
10:25,764.83,764.83,764.27,764.66,12025.0
10:26,764.69,765.3,764.62,764.62,9937.0
10:27,765.36,765.64,764.84,764.84,11081.0
10:28,765.76,765.76,765.1,765.28,26650.0
10:29,765.42,765.83,765.0,765.65,12307.0
10:30,765.7,765.78,765.23,765.52,11719.0
10:31,766.2,766.42,765.72,765.72,10312.0
10:32,766.23,766.38,765.52,765.89,13860.0
10:33,765.85,766.47,765.85,766.11,8671.0
10:34,765.91,766.19,765.8,765.88,7737.0
10:35,766.26,766.49,765.62,765.95,14979.0
10:36,766.84,766.84,766.28,766.32,11910.0
10:37,768.31,768.48,766.88,766.88,18892.0
10:38,767.54,768.39,767.54,768.29,17022.0
10:39,768.09,768.21,767.3,767.49,10249.0
10:40,768.08,768.22,767.92,768.03,12246.0
10:41,770.28,770.3,768.15,768.15,50789.0
10:42,769.34,770.6,769.16,770.25,26667.0
10:43,769.14,769.74,768.62,769.34,20383.0
10:44,768.95,769.24,768.37,768.81,18813.0
10:45,768.12,768.99,767.98,768.99,17247.0
10:46,766.8,768.12,766.8,767.99,13337.0
10:47,768.34,768.34,767.08,767.14,13808.0
10:48,767.47,768.4,767.47,768.34,12494.0
10:49,768.14,768.14,767.28,767.42,8038.0
10:50,767.64,768.05,767.37,768.05,11896.0
10:51,768.17,768.41,767.57,767.64,16783.0
10:52,768.57,768.82,768.06,768.14,8012.0
10:53,768.36,768.81,767.95,768.54,13151.0
10:54,768.54,768.77,768.13,768.13,5876.0
10:55,768.51,769.16,768.5,768.7,10064.0
10:56,768.2,768.9,768.2,768.76,4944.0
10:57,768.22,768.45,767.63,768.45,8830.0
10:58,768.61,768.77,768.21,768.22,7826.0
10:59,768.35,768.75,768.35,768.73,5371.0
11:00,768.66,768.95,768.56,768.75,9975.0
11:01,769.53,769.85,768.61,768.76,15984.0
11:02,769.05,769.45,769.05,769.27,6633.0
11:03,769.42,769.76,769.0,769.03,6426.0
11:04,770.09,770.25,769.46,769.63,11695.0
11:05,770.46,770.46,770.0,770.09,15546.0
11:06,770.33,770.48,769.96,770.48,8215.0
11:07,769.61,770.39,769.46,770.34,14546.0
11:08,769.17,769.49,768.73,769.27,6065.0
11:09,769.62,769.7,768.8,768.8,7481.0
11:10,769.4,769.77,769.31,769.58,5564.0
11:11,769.53,769.7,769.39,769.7,4917.0
11:12,770.16,770.24,769.72,769.72,9299.0
11:13,769.8,770.28,769.79,770.16,8252.0
11:14,769.66,769.92,769.66,769.87,5594.0
11:15,768.45,769.61,768.4,769.61,10779.0
11:16,768.0,768.56,767.67,768.38,15466.0
11:17,768.15,768.24,767.9,768.03,12282.0
11:18,768.22,768.34,767.98,767.98,6415.0
11:19,768.05,768.38,768.04,768.38,7516.0
11:20,768.17,768.17,767.85,768.0,7176.0
11:21,768.58,768.58,767.78,768.02,9388.0
11:22,768.84,768.84,768.49,768.62,4476.0
11:23,768.46,769.08,768.46,768.86,6875.0
11:24,768.1,768.7,768.09,768.55,8003.0
11:25,767.68,768.34,767.68,768.29,5161.0
11:26,767.67,767.87,767.47,767.69,8468.0
11:27,767.77,768.09,767.58,767.69,7847.0
11:28,767.93,767.93,767.69,767.79,7484.0
11:29,768.01,768.12,767.76,767.94,8547.0
11:30,767.64,768.04,767.64,768.01,5236.0
11:31,767.41,767.84,767.32,767.65,8796.0
11:32,766.79,767.41,766.68,767.41,10477.0
11:33,766.61,767.08,766.25,766.83,13540.0
11:34,766.86,766.98,766.57,766.64,5068.0
11:35,766.89,766.91,766.58,766.71,5255.0
11:36,766.83,767.0,766.7,766.85,7407.0
11:37,766.07,766.59,766.07,766.49,6900.0
11:38,766.25,766.34,766.13,766.2,6819.0
11:39,766.3,766.42,766.16,766.18,7096.0
11:40,766.17,766.27,766.05,766.05,4307.0
11:41,766.2,766.32,766.15,766.22,10661.0
11:42,766.65,766.76,766.33,766.36,10302.0
11:43,767.11,767.2,766.62,766.64,10820.0
11:44,767.92,767.92,767.17,767.17,9853.0
11:45,768.27,768.36,767.9,767.92,8608.0
11:46,768.32,768.62,768.13,768.21,10980.0
11:47,767.95,768.6,767.76,768.32,16697.0
11:48,767.6,768.15,767.42,767.79,7824.0
11:49,767.4,767.79,767.29,767.61,12204.0
11:50,766.83,767.21,766.81,767.21,5386.0
11:51,767.24,767.36,766.76,766.76,10463.0
11:52,767.1,767.35,767.1,767.18,3589.0
11:53,766.59,767.11,766.59,767.11,4689.0
11:54,766.66,766.68,766.28,766.35,7291.0
11:55,766.4,766.74,766.35,766.66,5471.0
11:56,766.31,766.49,766.3,766.41,4393.0
11:57,766.31,766.4,766.18,766.18,11583.0
11:58,766.65,766.65,766.18,766.31,7696.0
11:59,767.07,767.19,766.97,767.04,5020.0
12:00,767.11,767.29,767.09,767.21,5850.0
12:01,767.27,767.61,767.17,767.24,5970.0
12:02,767.39,767.47,767.23,767.27,5318.0
12:03,766.8,767.27,766.8,767.18,4867.0
12:04,766.93,767.02,766.75,766.8,4411.0
12:05,766.41,766.98,766.41,766.93,7244.0
12:06,766.68,766.7,766.34,766.4,6017.0
12:07,766.29,766.6,766.21,766.51,5978.0
12:08,766.36,766.37,766.16,766.17,6108.0
12:09,766.57,766.76,766.22,766.38,11568.0
12:10,766.39,766.69,766.26,766.45,4095.0
12:11,766.45,766.75,766.34,766.51,15603.0
12:12,765.96,766.4,765.83,766.4,9589.0
12:13,766.16,766.22,765.86,766.0,5113.0
12:14,766.26,766.26,766.06,766.07,4869.0
12:15,766.39,766.58,766.2,766.24,9266.0
12:16,766.16,766.36,766.06,766.36,10712.0
12:17,766.1,766.16,766.0,766.16,7350.0
12:18,766.14,766.32,766.03,766.1,12487.0
12:19,765.67,766.1,765.67,766.05,11765.0
12:20,765.54,765.67,765.42,765.67,12108.0
12:21,765.53,765.67,765.47,765.67,8023.0
12:22,765.46,765.58,765.32,765.53,6518.0
12:23,765.46,765.65,765.36,765.46,7044.0
12:24,764.72,765.31,764.64,765.31,8547.0
12:25,764.52,764.73,764.27,764.73,14817.0
12:26,764.75,764.89,764.46,764.53,10081.0
12:27,764.1,764.86,764.0,764.64,7111.0
12:28,764.16,764.29,764.12,764.18,6318.0
12:29,764.11,764.28,763.89,764.07,6439.0
12:30,764.45,764.54,764.11,764.13,6256.0
12:31,764.71,764.71,764.48,764.64,6143.0
12:32,764.71,764.83,764.56,764.72,3463.0
12:33,764.57,764.61,764.28,764.56,4867.0
12:34,764.67,764.68,764.39,764.5,5531.0
12:35,764.05,764.7,763.93,763.99,11151.0
12:36,764.03,764.08,763.9,764.0,5540.0
12:37,764.5,764.71,764.14,764.14,7079.0
12:38,764.72,764.91,764.5,764.5,6992.0
12:39,764.46,764.79,764.34,764.79,5851.0
12:40,764.25,764.48,764.25,764.45,3541.0
12:41,763.48,764.26,763.47,764.26,12052.0
12:42,763.6,763.67,763.24,763.56,5695.0
12:43,763.84,763.93,763.48,763.48,6026.0
12:44,763.93,764.0,763.55,763.92,5806.0
12:45,763.91,764.02,763.59,764.0,9739.0
12:46,764.09,764.27,763.79,763.79,18237.0
12:47,764.22,764.34,764.15,764.18,4738.0
12:48,763.98,764.41,763.91,764.41,4802.0
12:49,764.1,764.28,763.99,763.99,6562.0
12:50,763.89,764.2,763.89,764.11,5452.0
12:51,764.01,764.09,763.8,763.87,7254.0
12:52,763.78,764.05,763.78,764.01,4407.0
12:53,763.75,763.96,763.68,763.96,7289.0
12:54,763.71,763.87,763.7,763.78,2902.0
12:55,763.01,763.68,762.65,763.68,15183.0
12:56,763.55,763.88,762.92,762.92,10199.0
12:57,763.58,763.68,763.43,763.63,5603.0
12:58,763.96,763.96,763.76,763.85,4518.0
12:59,763.52,763.85,763.52,763.73,3503.0
13:00,763.24,763.56,763.1,763.56,3905.0
13:01,763.63,763.63,763.28,763.28,4242.0
13:02,763.9,764.26,763.47,763.48,7429.0
13:03,763.29,763.88,763.29,763.88,4674.0
13:04,763.57,763.67,763.31,763.31,3093.0
13:05,763.91,764.16,763.62,763.64,8699.0
13:06,763.92,764.1,763.85,763.91,5264.0
13:07,764.1,764.2,763.9,764.09,8921.0
13:08,763.3,763.99,763.07,763.99,8774.0
13:09,763.67,763.67,763.12,763.29,4318.0
13:10,762.94,763.49,762.94,763.42,3660.0
13:11,762.74,763.05,762.63,762.91,6633.0
13:12,762.57,762.91,762.57,762.64,6335.0
13:13,762.81,762.89,762.68,762.7,4197.0
13:14,762.47,762.8,762.47,762.68,4657.0
13:15,762.5,762.64,762.38,762.48,8529.0
13:16,762.54,762.86,762.44,762.44,5581.0
13:17,762.47,762.61,762.33,762.44,4232.0
13:18,762.29,762.42,762.22,762.34,5290.0
13:19,762.19,762.38,762.11,762.31,8147.0
13:20,761.51,762.33,761.5,762.33,11082.0
13:21,761.58,762.05,761.53,761.84,12658.0
13:22,762.24,762.24,761.77,761.77,5276.0
13:23,762.56,762.62,762.22,762.33,7913.0
13:24,762.37,762.76,762.17,762.76,13531.0
13:25,761.55,762.35,761.5,762.18,16083.0
13:26,761.01,761.76,761.01,761.57,10425.0
13:27,760.64,761.3,760.64,761.0,10559.0
13:28,760.91,760.96,760.34,760.63,18534.0
13:29,760.64,760.96,760.57,760.89,9742.0
13:30,760.36,760.74,760.27,760.5,21591.0
13:31,760.08,760.72,760.04,760.49,16672.0
13:32,760.67,760.67,760.08,760.12,9800.0
13:33,760.29,760.95,760.21,760.6,16155.0
13:34,760.15,760.59,760.0,760.48,18225.0
13:35,759.4,760.1,759.28,760.1,23964.0
13:36,759.46,759.55,759.21,759.4,19270.0
13:37,759.8,759.95,759.23,759.23,14554.0
13:38,759.78,760.09,759.77,759.94,17851.0
13:39,759.71,760.04,759.54,759.74,10558.0
13:40,759.72,760.08,759.6,759.84,12177.0
13:41,758.45,759.72,758.39,759.72,29916.0
13:42,758.88,759.08,758.44,758.45,36806.0
13:43,759.07,759.23,758.51,758.53,27713.0
13:44,759.87,759.96,758.91,759.4,21191.0
13:45,759.84,760.19,759.71,759.95,11131.0
13:46,759.83,760.51,759.72,759.84,14873.0
13:47,760.54,760.8,759.86,759.86,10174.0
13:48,760.9,761.13,760.42,760.6,15433.0
13:49,761.09,761.39,760.85,760.85,11700.0
13:50,761.2,761.5,760.57,760.61,7527.0
13:51,760.93,761.44,760.68,761.15,5990.0
13:52,760.33,761.13,760.25,760.77,8063.0
13:53,760.59,760.59,760.17,760.26,6754.0
13:54,760.7,761.13,760.7,760.83,5365.0
13:55,761.04,761.08,760.91,760.91,3942.0
13:56,760.92,761.21,760.87,761.21,2884.0
13:57,761.42,761.46,761.04,761.04,8899.0
13:58,761.4,761.41,761.11,761.11,5707.0
13:59,761.28,761.42,761.19,761.42,6402.0
14:00,761.41,761.52,761.21,761.41,9065.0
14:01,761.65,761.72,761.41,761.63,8513.0
14:02,761.9,762.15,761.75,761.75,6814.0
14:03,761.24,761.82,761.24,761.67,5719.0
14:04,761.16,761.44,761.16,761.18,5139.0
14:05,760.84,761.04,760.67,761.04,6093.0
14:06,760.74,761.22,760.65,760.84,6502.0
14:07,761.09,761.09,760.49,760.72,4189.0
14:08,760.89,761.0,760.74,760.91,6613.0
14:09,760.88,761.33,760.88,761.22,4068.0
14:10,760.44,760.96,760.38,760.85,12075.0
14:11,760.19,760.69,760.17,760.55,6489.0
14:12,760.1,760.43,760.1,760.26,5360.0
14:13,759.7,760.27,759.57,760.24,9589.0
14:14,759.17,759.83,759.01,759.81,8001.0
14:15,759.29,759.33,758.84,759.0,17173.0
14:16,759.2,759.44,759.2,759.36,7824.0
14:17,758.86,759.27,758.86,759.25,4938.0
14:18,758.91,759.05,758.88,758.91,8141.0
14:19,758.6,759.01,758.52,758.82,9611.0
14:20,758.64,758.86,758.44,758.8,16415.0
14:21,758.48,758.66,758.47,758.62,7336.0
14:22,758.38,758.49,758.13,758.35,15708.0
14:23,757.86,758.7,757.77,758.45,22051.0
14:24,757.85,758.05,757.85,757.94,6430.0
14:25,758.0,758.04,757.75,757.97,13827.0
14:26,757.38,757.85,757.38,757.75,12654.0
14:27,757.09,757.55,757.0,757.38,15315.0
14:28,755.55,757.0,754.82,757.0,63122.0
14:29,756.0,756.09,755.52,755.61,23002.0
14:30,755.85,756.0,755.49,755.9,19452.0
14:31,756.02,756.05,755.58,755.69,15655.0
14:32,755.61,756.13,755.5,755.97,15690.0
14:33,755.7,755.78,755.48,755.61,6787.0
14:34,755.71,755.89,755.62,755.7,4741.0
14:35,755.26,755.78,755.26,755.73,11719.0
14:36,755.35,755.41,755.17,755.2,13007.0
14:37,754.5,755.33,754.47,755.33,15229.0
14:38,754.14,754.65,754.13,754.5,15904.0
14:39,753.36,754.27,753.29,754.13,17897.0
14:40,754.03,754.17,753.28,753.28,20628.0
14:41,753.85,754.0,753.6,754.0,12578.0
14:42,753.49,753.81,753.33,753.7,12783.0
14:43,753.5,753.61,753.42,753.61,9306.0
14:44,753.27,753.85,753.21,753.47,14124.0
14:45,753.1,753.43,753.1,753.34,15552.0
14:46,753.39,753.42,753.03,753.03,10218.0
14:47,752.91,753.18,752.82,753.15,2284383.0
14:48,752.81,753.1,752.71,752.88,16747.0
14:49,753.13,753.2,752.66,752.81,29921.0
14:50,753.08,753.24,753.01,753.13,18124.0
14:51,753.3,753.38,753.12,753.21,13769.0
14:52,752.86,753.54,752.66,753.35,23239.0
14:53,752.74,752.87,752.5,752.74,13089.0
14:54,752.83,753.1,752.68,752.72,29630.0
14:55,753.32,753.32,752.5,752.75,42504.0
14:56,752.25,753.29,752.16,753.25,31286.0
14:57,752.45,752.65,752.33,752.53,13010.0
14:58,751.53,752.49,751.53,752.38,26744.0
14:59,751.77,751.89,751.51,751.72,23807.0
15:00,751.8,752.04,751.58,751.66,38149.0
15:01,751.91,751.94,751.66,751.9,20347.0
15:02,751.7,752.02,751.59,751.88,42869.0
15:03,752.18,752.41,751.07,751.64,66713.0
15:04,752.12,752.37,751.89,752.18,20819.0
15:05,751.86,752.72,751.86,752.19,24975.0
15:06,752.26,752.26,751.9,751.9,9733.0
15:07,752.89,753.35,752.31,752.31,198016.0
15:08,752.77,752.88,752.49,752.84,16828.0
15:09,752.15,753.11,752.15,752.76,27244.0
15:10,752.67,752.84,752.18,752.18,27111.0
15:11,752.8,752.84,752.55,752.58,14029.0
15:12,753.24,753.31,752.82,752.82,17075.0
15:13,753.22,753.44,753.12,753.26,12412.0
15:14,752.85,753.19,752.77,753.17,9164.0
15:15,753.18,753.18,752.93,752.93,9487.0
15:16,753.43,753.53,753.04,753.04,17474.0
15:17,753.62,753.62,753.41,753.51,12288.0
15:18,753.76,753.92,753.6,753.6,15206.0
15:19,753.51,753.9,753.4,753.83,25775.0
15:20,753.3,753.66,753.25,753.52,11901.0
15:21,753.48,753.48,753.02,753.19,14510.0
15:22,753.49,753.67,753.32,753.33,12120.0
15:23,753.79,753.92,753.19,753.32,14661.0
15:24,753.55,753.82,753.5,753.7,13092.0
15:25,753.63,753.7,753.47,753.55,9435.0
15:26,754.3,754.5,753.59,753.61,25025.0
15:27,754.48,754.6,754.03,754.36,33198.0
15:28,754.71,754.71,754.33,754.43,18494.0
15:29,754.93,754.94,754.68,754.68,24244.0
15:30,755.07,755.15,754.77,754.93,22678.0
15:31,755.2,755.51,755.06,755.11,28920.0
15:32,755.14,755.4,755.06,755.21,19528.0
15:33,755.15,755.44,754.99,754.99,11960.0
15:34,754.9,755.34,754.67,755.19,27808.0
15:35,755.08,755.13,754.62,754.81,17126.0
15:36,755.07,755.3,754.87,755.0,16626.0
15:37,755.45,755.51,755.1,755.1,21032.0
15:38,755.71,755.75,755.33,755.33,22118.0
15:39,755.38,755.63,755.32,755.63,18089.0
15:40,755.83,755.95,755.31,755.4,23531.0
15:41,755.22,755.89,755.22,755.89,25889.0
15:42,755.01,755.29,754.91,755.21,20045.0
15:43,754.72,755.05,754.6,755.05,23305.0
15:44,754.59,754.89,754.59,754.72,13743.0
15:45,753.7,754.72,753.7,754.7,30213.0
15:46,754.27,754.55,753.55,753.71,49587.0
15:47,753.28,754.46,753.12,754.21,29590.0
15:48,753.69,753.7,753.11,753.2,25235.0
15:49,753.04,753.51,753.04,753.51,21120.0
15:50,753.4,753.66,753.04,753.09,32651.0
15:51,752.85,753.58,752.6,753.26,57354.0
15:52,751.87,753.02,751.77,752.72,70383.0
15:53,752.32,752.69,751.77,751.84,83386.0
15:54,753.45,753.5,752.18,752.34,66788.0
15:55,756.01,756.19,753.35,753.39,81266.0
15:56,756.71,756.89,755.94,755.96,73270.0
15:57,756.28,756.74,756.08,756.74,57783.0
15:58,756.05,756.41,756.05,756.36,75692.0
15:59,755.23,756.16,755.1,756.11,186063.0
