Time,Close,High,Low,Open,Volume
09:30,736.48,738.5,735.78,736.26,457325.0
09:31,734.61,737.03,734.25,736.72,63103.0
09:32,734.61,735.52,734.29,734.61,57106.0
09:33,735.77,735.77,734.62,734.74,14054.0
09:34,735.22,736.33,734.98,735.16,56970.0
09:35,736.58,736.98,735.41,735.82,66214.0
09:36,736.04,737.18,735.75,736.88,40029.0
09:37,735.21,736.32,734.74,735.98,29417.0
09:38,734.44,735.45,734.05,735.06,45784.0
09:39,734.84,735.4,734.37,734.59,28012.0
09:40,733.92,735.1,733.87,734.99,36010.0
09:41,734.99,734.99,733.71,733.92,33360.0
09:42,734.91,735.62,734.39,734.8,51541.0
09:43,734.64,735.08,733.82,735.08,19801.0
09:44,735.22,735.4,734.74,734.74,18180.0
09:45,734.09,735.0,733.42,734.9,33690.0
09:46,734.9,735.21,733.69,733.84,30083.0
09:47,734.76,734.97,734.43,734.77,24756.0
09:48,733.36,734.71,733.36,734.53,18110.0
09:49,732.98,733.67,732.59,733.49,55777.0
09:50,733.48,733.71,732.68,732.96,30064.0
09:51,734.46,734.63,733.48,733.52,19495.0
09:52,734.05,734.64,734.05,734.5,21138.0
09:53,734.35,734.46,733.73,733.91,23656.0
09:54,735.08,735.23,734.58,734.58,47077.0
09:55,733.85,734.92,733.72,734.92,15132.0
09:56,733.3,734.32,733.3,734.03,42389.0
09:57,733.3,733.77,733.15,733.51,24283.0
09:58,733.17,733.41,732.51,733.41,33542.0
09:59,734.18,734.18,732.9,733.27,38985.0
10:00,733.43,734.45,733.38,734.18,53199.0
10:01,732.52,733.15,732.39,733.07,35650.0
10:02,732.2,732.41,731.5,732.41,49332.0
10:03,732.12,732.37,731.7,732.16,24829.0
10:04,731.89,732.28,731.75,732.1,16414.0
10:05,732.36,732.42,731.9,731.94,24973.0
10:06,733.63,733.79,732.4,732.4,31956.0
10:07,732.36,733.78,732.35,733.66,17255.0
10:08,732.39,732.65,732.02,732.5,17413.0
10:09,731.72,732.75,731.72,732.44,14120.0
10:10,731.83,731.98,731.28,731.84,24042.0
10:11,731.84,731.96,731.48,731.91,14076.0
10:12,731.85,732.43,731.45,732.0,17299.0
10:13,732.4,732.4,731.4,731.72,11477.0
10:14,732.45,732.95,732.23,732.23,14304.0
10:15,732.36,732.55,732.12,732.55,20086.0
10:16,732.07,732.33,732.0,732.19,9324.0
10:17,732.8,733.0,732.33,732.33,13223.0
10:18,733.15,733.15,732.72,732.95,8358.0
10:19,733.05,733.5,733.05,733.09,16488.0
10:20,733.6,733.6,733.19,733.19,8425.0
10:21,733.3,733.59,732.76,733.53,12279.0
10:22,733.88,734.0,733.2,733.26,12296.0
10:23,732.6,733.59,732.6,733.53,17574.0
10:24,733.09,733.27,732.95,732.99,5616.0
10:25,733.1,733.2,732.73,733.09,12274.0
10:26,732.76,733.41,732.72,733.21,16341.0
10:27,732.98,733.08,732.69,732.69,7882.0
10:28,732.76,733.24,732.6,732.98,9963.0
10:29,732.79,733.08,732.5,732.88,15939.0
10:30,732.65,732.78,732.47,732.78,10437.0
10:31,732.7,732.88,732.5,732.73,9331.0
10:32,732.61,732.9,732.61,732.77,14514.0
10:33,732.68,732.9,732.25,732.26,8998.0
10:34,732.71,732.85,732.39,732.61,9555.0
10:35,732.64,732.96,732.53,732.81,13698.0
10:36,733.01,733.12,732.71,732.71,7636.0
10:37,733.78,733.78,733.05,733.12,7341.0
10:38,733.09,733.78,733.09,733.43,10560.0
10:39,732.95,733.09,732.81,733.01,6460.0
10:40,733.35,733.58,733.05,733.05,10647.0
10:41,733.61,733.74,733.35,733.35,8981.0
10:42,733.72,733.79,733.56,733.64,8204.0
10:43,733.0,733.8,733.0,733.8,13010.0
10:44,732.86,733.16,732.7,733.16,15584.0
10:45,732.4,733.02,732.02,732.86,18421.0
10:46,732.32,732.68,732.02,732.43,17427.0
10:47,731.8,732.13,731.5,732.0,27488.0
10:48,731.77,732.0,731.63,731.8,22644.0
10:49,731.88,731.98,731.4,731.77,30395.0
10:50,731.48,731.84,731.27,731.84,10750.0
10:51,731.59,731.69,731.18,731.49,11374.0
10:52,731.4,731.75,731.4,731.59,15635.0
10:53,731.6,731.72,731.49,731.57,17239.0
10:54,731.38,732.27,731.24,731.71,39822.0
10:55,732.14,732.41,731.19,731.19,17121.0
10:56,731.86,732.14,731.65,732.02,8494.0
10:57,731.33,732.0,731.0,731.86,20530.0
10:58,731.29,731.52,731.12,731.33,9020.0
10:59,731.1,731.36,731.1,731.29,8735.0
11:00,731.24,731.83,731.21,731.21,16851.0
11:01,731.1,731.32,731.0,731.22,12724.0
11:02,730.82,731.07,730.7,731.0,12751.0
11:03,730.34,730.74,729.8,730.74,37549.0
11:04,731.1,731.4,730.23,730.3,47394.0
11:05,731.85,731.86,730.85,731.08,25654.0
11:06,732.04,732.2,731.62,731.88,13835.0
11:07,732.27,732.64,731.77,731.97,30818.0
11:08,731.83,732.15,731.47,732.12,8572.0
11:09,732.15,732.3,731.58,731.93,10354.0
11:10,732.28,732.5,732.13,732.24,8217.0
11:11,732.34,732.34,732.11,732.33,20611.0
11:12,731.91,732.28,731.69,732.23,20575.0
11:13,730.97,732.24,730.82,731.91,20442.0
11:14,730.8,731.29,730.8,730.92,23049.0
11:15,730.28,730.76,730.21,730.5,20582.0
11:16,729.87,730.19,729.84,730.1,23518.0
11:17,729.15,730.07,728.81,729.9,39149.0
11:18,729.34,729.72,728.92,729.1,37391.0
11:19,729.11,729.52,728.8,729.06,43701.0
11:20,728.96,729.35,728.8,729.19,23945.0
11:21,729.22,729.5,729.18,729.48,19074.0
11:22,729.36,729.51,728.82,729.31,22232.0
11:23,729.3,729.53,729.0,729.46,15450.0
11:24,729.51,729.9,729.3,729.3,12445.0
11:25,729.75,729.75,729.34,729.49,11555.0
11:26,729.71,729.98,729.4,729.4,10876.0
11:27,729.62,729.68,729.5,729.6,8031.0
11:28,730.21,730.28,729.61,729.62,18824.0
11:29,730.31,730.69,729.99,729.99,10025.0
11:30,730.72,730.98,730.41,730.41,9382.0
11:31,730.51,731.0,730.06,730.65,19078.0
11:32,730.15,730.28,730.0,730.28,10739.0
11:33,730.2,730.41,729.94,730.15,20103.0
11:34,730.6,730.82,730.14,730.14,13230.0
11:35,730.6,730.76,730.25,730.44,9751.0
11:36,730.58,730.79,730.54,730.6,6058.0
11:37,729.65,730.76,729.5,730.76,12971.0
11:38,730.07,730.07,729.47,729.5,14933.0
11:39,730.48,730.73,730.24,730.24,10754.0
11:40,730.65,730.82,730.33,730.48,22693.0
11:41,731.26,731.27,730.79,730.79,11592.0
11:42,731.22,731.45,731.16,731.16,14091.0
11:43,730.86,731.4,730.86,731.32,9151.0
11:44,730.48,730.98,730.28,730.64,9832.0
11:45,729.62,730.62,729.62,730.35,22597.0
11:46,729.8,730.01,729.8,729.91,11408.0
11:47,729.56,729.77,729.36,729.75,20598.0
11:48,729.46,729.72,729.23,729.51,26127.0
11:49,729.55,729.77,729.3,729.77,16084.0
11:50,730.57,730.57,729.71,729.71,9916.0
11:51,731.44,731.47,730.55,730.55,17318.0
11:52,731.32,731.47,731.0,731.31,19934.0
11:53,730.98,731.24,730.98,731.24,6014.0
11:54,731.14,731.29,731.08,731.12,6161.0
11:55,731.52,731.52,731.14,731.14,20226.0
11:56,731.58,731.76,731.45,731.45,17316.0
11:57,731.79,731.87,731.71,731.71,10419.0
11:58,731.36,731.87,731.25,731.74,9555.0
11:59,731.45,731.73,731.38,731.38,6908.0
12:00,731.81,731.83,731.51,731.51,6456.0
12:01,731.92,732.05,731.5,731.7,13430.0
12:02,732.45,732.5,731.86,731.99,15217.0
12:03,732.34,732.36,732.19,732.33,7970.0
12:04,732.1,732.24,732.0,732.2,5669.0
12:05,732.0,732.18,731.96,732.18,7912.0
12:06,732.05,732.1,731.79,732.03,11456.0
12:07,732.37,732.37,731.9,731.9,5294.0
12:08,732.43,732.43,732.0,732.25,18145.0
12:09,732.24,732.49,732.09,732.43,7041.0
12:10,732.15,732.34,732.1,732.34,4877.0
12:11,732.66,732.66,732.06,732.16,11153.0
12:12,732.4,732.7,732.4,732.7,7270.0
12:13,732.5,732.62,732.43,732.43,9043.0
12:14,733.29,733.38,732.31,732.7,24287.0
12:15,733.84,733.87,733.2,733.25,36835.0
12:16,734.2,734.49,733.89,733.89,36073.0
12:17,733.59,733.99,733.08,733.9,25184.0
12:18,734.0,734.02,733.53,733.59,11336.0
12:19,734.08,734.33,733.93,734.07,13752.0
12:20,733.56,734.27,733.54,734.08,20761.0
12:21,733.13,733.52,732.53,733.52,33560.0
12:22,734.14,734.15,733.32,733.32,7370.0
12:23,734.04,734.15,733.93,734.05,14632.0
12:24,734.07,734.2,733.95,734.1,16716.0
12:25,733.77,734.12,733.75,734.12,8472.0
12:26,733.73,733.91,733.49,733.81,8312.0
12:27,733.59,733.77,733.52,733.74,16972.0
12:28,733.85,733.86,733.42,733.59,7839.0
12:29,733.73,734.0,733.73,733.84,9276.0
12:30,733.73,733.87,733.32,733.87,13812.0
12:31,733.76,733.9,733.46,733.51,5234.0
12:32,733.74,733.9,733.68,733.72,10373.0
12:33,733.65,733.9,733.46,733.89,7261.0
12:34,733.67,733.95,733.53,733.65,161090.0
12:35,734.01,734.18,733.53,733.67,32992.0
12:36,733.98,734.17,733.76,734.1,8793.0
12:37,734.13,734.2,734.02,734.08,8153.0
12:38,733.95,734.19,733.93,734.11,13290.0
12:39,733.98,734.11,733.91,733.94,9314.0
12:40,733.78,734.0,733.78,733.99,6597.0
12:41,733.89,733.89,733.36,733.78,20174.0
12:42,733.81,734.2,733.67,733.9,11226.0
12:43,734.11,734.11,733.82,734.0,3929.0
12:44,734.07,734.18,734.0,734.1,14362.0
12:45,733.94,734.04,733.81,734.04,6858.0
12:46,734.09,734.28,733.86,733.88,7524.0
12:47,734.44,734.45,734.03,734.08,25636.0
12:48,734.29,734.42,734.15,734.42,9006.0
12:49,734.5,734.5,734.34,734.45,4059.0
12:50,734.55,734.75,734.36,734.36,13421.0
12:51,734.3,734.62,734.21,734.62,5082.0
12:52,733.56,734.27,733.56,734.21,20800.0
12:53,733.8,733.8,733.2,733.59,19098.0
12:54,733.12,733.36,732.81,733.36,14996.0
12:55,732.96,733.25,732.86,733.07,11272.0
12:56,732.77,732.9,732.4,732.84,12944.0
12:57,731.91,732.8,731.91,732.76,15434.0
12:58,732.0,732.45,731.91,731.91,13320.0
12:59,731.93,732.15,731.73,732.1,21189.0
13:00,731.66,732.02,731.33,731.95,16705.0
13:01,731.12,731.66,731.04,731.42,19296.0
13:02,730.93,731.59,730.93,731.59,8440.0
13:03,730.37,731.0,730.34,730.99,14915.0
13:04,730.34,730.68,730.16,730.45,23578.0
13:05,730.17,730.43,729.78,730.38,23888.0
13:06,730.29,730.65,730.29,730.5,9646.0
13:07,730.3,730.42,730.0,730.2,7964.0
13:08,730.49,730.69,730.34,730.65,9763.0
13:09,731.0,731.0,730.33,730.33,5493.0
13:10,731.72,732.13,730.99,731.0,23898.0
13:11,732.07,732.34,731.78,731.83,13485.0
13:12,732.46,732.46,732.2,732.22,10057.0
13:13,732.88,733.0,732.49,732.49,20876.0
13:14,732.86,733.0,732.65,732.8,8708.0
13:15,732.49,733.0,732.25,732.78,15176.0
13:16,732.63,732.64,732.2,732.47,7898.0
13:17,732.2,732.82,732.01,732.75,12065.0
13:18,732.01,732.38,732.01,732.38,3796.0
13:19,731.63,732.13,731.49,732.13,8299.0
13:20,731.99,732.01,731.41,731.5,10346.0
13:21,731.28,732.08,731.17,731.97,9512.0
13:22,731.3,731.55,731.15,731.17,8719.0
13:23,731.88,731.9,731.48,731.48,4138.0
13:24,732.23,732.63,731.83,731.83,12725.0
13:25,731.52,732.03,731.52,732.03,7803.0
13:26,731.7,731.7,731.25,731.38,11150.0
13:27,731.73,731.8,731.24,731.42,7786.0
13:28,732.35,732.35,731.63,731.7,22561.0
13:29,732.68,732.8,731.98,731.98,5758.0
13:30,733.18,733.2,732.77,732.82,12241.0
13:31,733.09,733.28,733.01,733.18,15386.0
13:32,732.67,733.03,732.5,733.03,4354.0
13:33,732.69,732.73,732.64,732.66,5934.0
13:34,732.77,732.83,732.64,732.64,4957.0
13:35,732.91,732.99,732.9,732.9,7074.0
13:36,732.59,732.8,732.47,732.75,6921.0
13:37,731.88,732.52,731.88,732.52,14075.0
13:38,732.0,732.09,731.7,731.91,7756.0
13:39,732.15,732.35,731.92,731.95,10507.0
13:40,732.56,732.56,731.93,731.93,9331.0
13:41,733.01,733.15,732.2,732.58,8487.0
13:42,732.59,733.02,732.55,733.01,9605.0
13:43,732.71,732.86,732.71,732.71,5256.0
13:44,732.45,732.81,732.45,732.59,3729.0
13:45,732.19,732.61,732.16,732.56,8885.0
13:46,732.26,732.26,732.13,732.13,6631.0
13:47,732.67,732.75,732.25,732.26,7366.0
13:48,732.62,732.63,732.45,732.57,6533.0
13:49,732.71,732.84,732.64,732.67,3732.0
13:50,732.67,732.84,732.58,732.84,4534.0
13:51,732.76,732.9,732.7,732.7,2115.0
13:52,732.7,732.73,732.48,732.73,8727.0
13:53,733.19,733.2,732.85,732.85,4087.0
13:54,732.8,733.11,732.8,733.01,3205.0
13:55,733.0,733.1,732.84,732.84,5776.0
13:56,732.98,733.09,732.8,733.09,4965.0
13:57,733.19,733.19,732.85,732.98,2529.0
13:58,733.14,733.14,732.65,732.85,6105.0
13:59,733.19,733.19,733.01,733.09,2948.0
14:00,733.15,733.16,733.05,733.16,4218.0
14:01,733.17,733.17,733.09,733.13,3637.0
14:02,733.21,733.33,733.09,733.25,9885.0
14:03,732.53,733.11,732.53,733.11,10927.0
14:04,732.66,732.73,732.52,732.6,5570.0
14:05,732.51,732.69,732.4,732.61,7185.0
14:06,732.43,732.59,732.3,732.59,9011.0
14:07,732.73,732.8,732.61,732.62,4508.0
14:08,732.9,733.05,732.9,733.05,3563.0
14:09,733.07,733.07,732.79,732.79,3866.0
14:10,733.04,733.21,732.95,733.06,44843.0
14:11,733.27,733.3,733.09,733.12,7835.0
14:12,733.04,733.33,733.04,733.33,7384.0
14:13,732.66,733.03,732.66,733.02,4742.0
14:14,732.74,732.74,732.61,732.66,3767.0
14:15,732.72,732.85,732.6,732.6,4834.0
14:16,732.9,732.9,732.69,732.69,3643.0
14:17,732.6,732.85,732.46,732.85,2869.0
14:18,732.5,732.79,732.36,732.63,4524.0
14:19,732.41,732.42,732.19,732.37,8389.0
14:20,732.39,732.52,732.39,732.45,2454.0
14:21,732.44,732.51,732.06,732.47,14379.0
14:22,732.72,732.9,732.45,732.45,3890.0
14:23,732.95,732.95,732.77,732.78,5331.0
14:24,732.91,732.98,732.82,732.98,4280.0
14:25,732.99,733.0,732.82,732.91,7841.0
14:26,732.96,733.02,732.9,733.01,8022.0
14:27,732.92,733.16,732.79,733.16,4534.0
14:28,732.83,732.94,732.61,732.85,9498.0
14:29,732.99,732.99,732.83,732.86,1130.0
14:30,732.99,733.02,732.84,732.91,5779.0
14:31,732.99,732.99,732.86,732.91,6384.0
14:32,732.84,732.87,732.79,732.87,7147.0
14:33,732.92,732.92,732.64,732.8,3965.0
14:34,732.7,732.92,732.68,732.92,5931.0
14:35,732.77,732.82,732.7,732.7,19386.0
14:36,732.71,732.88,732.71,732.77,3323.0
14:37,732.52,732.56,732.36,732.56,7738.0
14:38,732.55,732.58,732.42,732.58,6098.0
14:39,732.57,732.59,732.47,732.59,4457.0
14:40,732.27,732.3,732.19,732.26,1295.0
14:41,732.73,732.75,732.27,732.27,11012.0
14:42,732.37,732.86,732.37,732.7,8106.0
14:43,732.16,732.32,732.12,732.32,5231.0
14:44,732.24,732.24,732.01,732.01,3607.0
14:45,732.2,732.29,732.1,732.1,3425.0
14:46,732.28,732.32,732.1,732.1,4152.0
14:47,732.2,732.2,732.2,732.2,4520.0
14:48,732.2,732.32,732.2,732.32,1936.0
14:49,732.22,732.32,732.22,732.3,5074.0
14:50,732.24,732.36,732.19,732.22,6766.0
14:51,732.11,732.26,732.11,732.19,3093.0
14:52,732.17,732.26,732.12,732.26,4910.0
14:53,732.08,732.08,732.05,732.05,2808.0
14:54,732.15,732.25,732.01,732.25,4539.0
14:55,732.23,732.29,732.19,732.19,6149.0
14:56,732.6,732.75,732.37,732.37,2835.0
14:57,732.64,732.65,732.47,732.58,4448.0
14:58,732.47,732.64,732.47,732.55,2354.0
14:59,732.47,732.6,732.47,732.57,5703.0
15:00,732.44,732.46,732.41,732.41,176067.0
15:01,732.62,732.73,732.58,732.73,4303.0
15:02,732.7,732.7,732.52,732.65,4876.0
15:03,732.84,732.84,732.64,732.7,12239.0
15:04,732.94,733.0,732.72,732.75,26494.0
15:05,732.55,732.76,732.51,732.76,8518.0
15:06,732.91,733.27,732.77,732.87,15101.0
15:07,733.22,733.22,732.75,732.8,7395.0
15:08,733.09,733.31,733.07,733.21,8782.0
15:09,733.12,733.38,733.09,733.09,15194.0
15:10,733.13,733.29,732.96,733.29,6757.0
15:11,733.2,733.2,732.92,733.06,5338.0
15:12,733.39,733.45,733.07,733.13,13818.0
15:13,733.08,733.41,733.08,733.41,4179.0
15:14,733.38,733.43,733.28,733.42,7567.0
15:15,733.15,733.45,733.15,733.3,5489.0
15:16,733.08,733.27,733.0,733.15,10060.0
15:17,732.87,732.97,732.81,732.81,7014.0
15:18,732.9,732.95,732.81,732.94,6506.0
15:19,733.38,733.38,732.89,732.89,8032.0
15:20,733.49,733.49,733.26,733.38,8383.0
15:21,733.54,733.55,733.43,733.43,6529.0
15:22,733.75,733.88,733.5,733.65,8460.0
15:23,733.86,733.86,733.62,733.75,6984.0
15:24,733.62,733.88,733.62,733.73,10008.0
15:25,733.75,733.85,733.65,733.73,3609.0
15:26,733.83,733.92,733.68,733.68,8334.0
15:27,733.82,733.88,733.61,733.75,6242.0
15:28,734.03,734.19,733.88,733.89,13085.0
15:29,733.89,733.93,733.7,733.93,6649.0
15:30,733.55,733.68,733.38,733.63,13609.0
15:31,733.21,733.36,733.18,733.27,8999.0
15:32,733.3,733.48,733.3,733.48,6405.0
15:33,733.43,733.47,733.28,733.47,4687.0
15:34,733.34,733.41,733.2,733.41,7001.0
15:35,733.19,733.44,733.19,733.34,17267.0
15:36,733.18,733.44,733.1,733.33,11678.0
15:37,733.2,733.27,733.17,733.2,8929.0
15:38,733.27,733.5,733.14,733.14,5795.0
15:39,733.2,733.4,733.17,733.4,5701.0
15:40,733.36,733.55,733.08,733.18,15113.0
15:41,733.31,733.58,733.31,733.35,5782.0
15:42,733.49,733.5,733.16,733.47,9120.0
15:43,733.4,733.5,733.29,733.45,8836.0
15:44,733.5,733.56,733.28,733.41,10323.0
15:45,733.41,733.79,733.35,733.54,15778.0
15:46,732.69,733.46,732.51,733.24,23581.0
15:47,733.37,733.37,732.69,732.9,28475.0
15:48,733.37,733.48,733.24,733.25,11088.0
15:49,733.32,733.39,733.32,733.33,10477.0
15:50,733.28,733.4,732.68,733.28,22544.0
15:51,733.91,733.94,733.25,733.39,16707.0
15:52,733.6,733.88,733.18,733.88,26150.0
15:53,733.28,733.54,733.27,733.5,17241.0
15:54,733.24,733.73,732.57,733.35,36953.0
15:55,733.71,733.71,733.0,733.11,29560.0
15:56,733.88,733.93,733.52,733.67,36481.0
15:57,733.95,734.25,733.83,733.87,55006.0
15:58,734.0,734.2,733.92,733.92,47495.0
15:59,733.25,734.03,733.01,733.94,136272.0
