Time,Close,High,Low,Open,Volume
09:30,753.67,755.62,752.31,755.32,580651.0
09:31,750.68,752.49,748.37,752.34,280638.0
09:32,750.78,752.75,749.51,752.67,181754.0
09:33,750.87,753.02,750.66,753.0,82871.0
09:34,753.07,753.07,750.37,750.89,73217.0
09:35,753.02,753.65,751.85,753.0,83806.0
09:36,751.34,753.05,750.56,752.9,59823.0
09:37,751.17,752.18,750.9,750.95,36034.0
09:38,750.99,751.61,750.8,750.86,28021.0
09:39,751.16,751.64,750.73,751.44,32597.0
09:40,751.62,751.67,750.75,751.43,29273.0
09:41,751.55,752.41,750.73,751.65,26716.0
09:42,750.5,752.3,750.47,751.65,75298.0
09:43,751.29,752.29,750.5,750.82,31712.0
09:44,751.25,751.85,750.9,751.46,17188.0
09:45,751.1,751.64,750.44,751.07,1.0
09:46,752.92,752.92,750.98,750.98,327085.0
09:47,752.89,753.17,752.46,752.98,20329.0
09:48,753.75,754.14,752.9,752.9,38126.0
09:49,753.6,754.0,753.3,753.75,25858.0
09:50,752.25,753.75,751.44,753.75,42387.0
09:51,752.38,752.95,752.0,752.52,25505.0
09:52,752.41,753.05,751.84,752.28,16836.0
09:53,752.5,752.78,751.88,752.75,25717.0
09:54,753.1,753.1,752.24,752.29,24822.0
09:55,752.47,753.11,752.22,752.89,12508.0
09:56,752.72,752.72,752.12,752.5,9186.0
09:57,754.15,754.25,752.7,752.7,30454.0
09:58,754.36,754.53,753.96,754.2,29642.0
09:59,754.16,755.08,754.16,754.3,45838.0
10:00,754.62,755.0,753.71,754.44,34250.0
10:01,755.02,755.25,754.4,754.85,21956.0
10:02,754.59,754.69,754.53,754.63,23570.0
10:03,755.16,755.45,754.69,754.8,24543.0
10:04,755.36,755.5,754.94,755.15,11179.0
10:05,756.46,756.46,755.24,755.58,30424.0
10:06,756.54,757.07,756.25,756.25,37260.0
10:07,756.84,756.94,756.4,756.6,29298.0
10:08,756.27,757.0,755.85,756.78,21290.0
10:09,755.33,756.33,755.04,755.97,11354.0
10:10,754.8,755.34,754.57,755.23,13707.0
10:11,754.47,755.11,754.22,754.75,17319.0
10:12,753.17,754.46,753.17,754.17,23073.0
10:13,753.53,754.09,753.2,753.21,16177.0
10:14,753.12,753.97,752.83,753.74,32718.0
10:15,753.22,753.44,752.82,753.0,16448.0
10:16,752.68,753.22,752.41,753.22,22391.0
10:17,754.03,754.03,752.73,752.73,158346.0
10:18,753.32,754.08,753.15,754.08,20470.0
10:19,753.6,754.2,753.38,753.53,32054.0
10:20,753.55,754.4,753.55,753.69,11095.0
10:21,753.76,754.33,753.36,753.71,9800.0
10:22,752.48,753.58,752.31,753.58,54560.0
10:23,752.72,752.96,752.24,752.24,8687.0
10:24,753.04,753.2,752.59,752.59,10431.0
10:25,752.9,753.04,752.57,753.04,14808.0
10:26,752.85,753.06,752.73,752.92,8002.0
10:27,752.96,753.09,752.44,752.91,8423.0
10:28,752.84,753.03,752.7,752.78,7479.0
10:29,753.01,753.29,752.93,753.01,14436.0
10:30,753.11,753.31,752.8,752.99,10047.0
10:31,752.91,753.18,752.73,753.0,10016.0
10:32,753.16,753.16,752.61,752.89,8928.0
10:33,752.74,752.99,752.74,752.97,4559.0
10:34,753.11,753.43,752.63,752.74,13875.0
10:35,753.53,753.84,753.03,753.03,17182.0
10:36,753.99,754.0,753.4,753.4,8836.0
10:37,754.09,754.4,753.91,754.1,13192.0
10:38,753.94,754.1,753.86,754.1,13211.0
10:39,753.66,753.67,753.48,753.55,8716.0
10:40,753.77,754.04,753.47,753.97,7138.0
10:41,753.42,753.79,753.29,753.79,7408.0
10:42,753.52,753.96,753.48,753.66,10070.0
10:43,752.86,753.62,752.72,753.62,9068.0
10:44,752.79,753.11,752.62,752.86,21831.0
10:45,752.21,753.43,752.21,752.93,10172.0
10:46,752.25,752.68,752.21,752.48,6976.0
10:47,751.58,751.92,751.53,751.66,36942.0
10:48,750.91,751.17,750.85,750.85,66907.0
10:49,751.97,752.42,750.72,750.81,46143.0
10:50,751.26,752.49,751.25,752.11,22254.0
10:51,751.04,751.5,751.0,751.38,29212.0
10:52,751.0,751.17,750.83,751.17,13555.0
10:53,751.03,751.16,750.57,751.0,19290.0
10:54,751.12,751.55,751.12,751.2,10096.0
10:55,750.18,751.34,750.05,751.01,23027.0
10:56,750.91,750.91,750.2,750.2,14988.0
10:57,750.69,751.24,750.59,750.7,16999.0
10:58,751.36,751.47,750.84,751.02,9030.0
10:59,752.45,752.61,751.31,751.31,24859.0
11:00,752.96,752.96,752.45,752.45,8301.0
11:01,753.28,753.5,752.79,752.79,14030.0
11:02,753.23,753.45,753.11,753.16,10363.0
11:03,752.89,753.35,752.89,753.17,16447.0
11:04,752.08,752.9,751.93,752.9,9302.0
11:05,752.26,752.49,752.09,752.09,8580.0
11:06,752.43,752.49,752.24,752.26,8398.0
11:07,752.77,752.77,752.48,752.55,5417.0
11:08,752.72,753.52,752.72,752.81,21702.0
11:09,752.15,752.68,752.15,752.68,9221.0
11:10,751.74,752.49,751.74,752.49,21997.0
11:11,751.81,751.81,751.4,751.75,12608.0
11:12,752.06,752.06,751.8,751.8,5582.0
11:13,752.15,752.2,751.88,752.0,9027.0
11:14,752.14,752.34,752.0,752.06,6628.0
11:15,752.28,752.5,752.15,752.34,8208.0
11:16,753.53,753.53,752.47,752.47,9276.0
11:17,753.75,753.75,753.38,753.75,16664.0
11:18,753.91,754.0,753.63,753.66,14381.0
11:19,754.0,754.07,753.78,753.78,1.0
11:20,753.8,754.04,753.68,754.0,9863.0
11:21,753.6,753.81,753.51,753.66,9559.0
11:22,752.95,754.17,752.69,753.87,11476.0
11:23,752.66,753.07,752.61,752.72,7462.0
11:24,752.19,752.63,752.19,752.62,17032.0
11:25,752.0,752.34,752.0,752.34,13756.0
11:26,751.41,751.94,751.41,751.92,5484.0
11:27,751.97,752.22,751.32,751.42,22037.0
11:28,751.92,752.2,751.72,751.97,14000.0
11:29,752.26,752.6,751.77,751.92,20302.0
11:30,752.13,752.63,751.97,752.48,9885.0
11:31,752.1,752.21,751.81,751.97,16245.0
11:32,751.22,752.05,751.13,752.05,21161.0
11:33,751.18,751.7,751.1,751.11,8455.0
11:34,751.1,751.15,751.03,751.13,892274.0
11:35,750.67,751.09,750.33,751.09,16201.0
11:36,749.79,750.65,749.56,750.46,44252.0
11:37,750.42,750.56,749.66,750.01,25045.0
11:38,749.56,750.33,749.56,750.33,11617.0
11:39,749.82,750.12,749.67,749.73,17014.0
11:40,749.93,750.4,749.77,749.79,20062.0
11:41,749.77,749.96,749.66,749.87,20175.0
11:42,749.72,750.0,749.69,749.8,10383.0
11:43,749.83,750.01,749.68,749.72,11781.0
11:44,749.33,749.96,749.33,749.83,30666.0
11:45,749.63,749.7,749.2,749.54,11109.0
11:46,749.14,749.6,749.0,749.54,22974.0
11:47,749.39,749.63,749.0,749.0,11926.0
11:48,748.9,749.26,748.89,749.26,9841.0
11:49,749.11,749.19,748.88,748.89,9296.0
11:50,749.31,749.4,749.0,749.11,13854.0
11:51,749.55,749.66,749.28,749.34,9404.0
11:52,749.98,749.98,749.33,749.57,21672.0
11:53,749.24,750.44,749.24,749.95,35898.0
11:54,749.81,750.12,749.27,749.29,18692.0
11:55,750.18,750.18,749.8,749.8,7716.0
11:56,750.09,750.39,749.9,750.04,17131.0
11:57,750.35,750.54,750.02,750.02,10609.0
11:58,750.41,750.82,750.25,750.47,16892.0
11:59,750.6,750.99,750.25,750.41,10680.0
12:00,750.92,750.93,750.33,750.59,11525.0
12:01,751.23,751.39,750.88,750.93,17587.0
12:02,751.28,751.5,751.01,751.4,15710.0
12:03,750.76,751.24,750.76,751.1,14377.0
12:04,751.04,751.25,750.75,750.75,6383.0
12:05,750.82,751.22,750.82,751.22,6362.0
12:06,751.6,751.6,750.82,750.82,16235.0
12:07,751.52,751.76,751.44,751.6,14272.0
12:08,751.7,751.7,751.53,751.53,6003.0
12:09,751.47,751.65,751.34,751.47,15966.0
12:10,751.45,751.53,751.45,751.53,3082.0
12:11,751.48,751.69,751.41,751.57,6299.0
12:12,751.47,751.61,751.47,751.57,5399.0
12:13,751.51,751.58,751.48,751.54,7761.0
12:14,751.23,751.5,750.97,751.5,10060.0
12:15,751.41,751.76,751.34,751.34,7096.0
12:16,751.64,751.67,751.47,751.47,4211.0
12:17,751.33,751.86,751.33,751.59,10992.0
12:18,751.23,751.45,751.0,751.32,9911.0
12:19,751.85,751.92,751.08,751.08,6699.0
12:20,752.27,752.33,751.7,751.7,13235.0
12:21,752.87,752.9,752.3,752.34,24356.0
12:22,753.1,753.2,752.96,752.98,13857.0
12:23,752.3,753.07,752.3,753.07,25049.0
12:24,752.49,752.77,752.26,752.28,14730.0
12:25,752.7,752.79,752.46,752.52,13054.0
12:26,752.48,753.1,752.45,752.74,10644.0
12:27,752.08,752.51,752.08,752.51,11034.0
12:28,751.73,751.93,751.01,751.92,28597.0
12:29,751.88,752.06,751.72,751.8,16707.0
12:30,752.36,752.7,751.93,751.95,12719.0
12:31,752.31,752.67,752.31,752.44,5486.0
12:32,752.67,752.67,752.28,752.28,7471.0
12:33,752.35,752.71,752.35,752.62,6506.0
12:34,752.38,752.5,751.99,752.43,3214.0
12:35,752.55,752.77,752.55,752.58,8665.0
12:36,752.77,752.9,752.45,752.5,4332.0
12:37,752.78,752.91,752.77,752.77,7703.0
12:38,752.27,752.73,752.14,752.73,11931.0
12:39,752.23,752.29,752.02,752.14,7773.0
12:40,752.18,752.23,752.02,752.23,6737.0
12:41,751.84,752.2,751.84,752.09,11936.0
12:42,751.77,751.82,751.43,751.69,11267.0
12:43,751.91,752.0,751.72,751.81,5825.0
12:44,751.84,751.98,751.74,751.88,6311.0
12:45,751.73,751.91,751.73,751.78,6874.0
12:46,751.34,751.97,751.31,751.82,9813.0
12:47,751.21,751.44,751.11,751.44,7690.0
12:48,751.47,751.56,751.16,751.16,7492.0
12:49,751.28,751.54,751.28,751.38,8392.0
12:50,751.04,751.36,750.76,751.13,23619.0
12:51,750.58,751.04,750.5,751.04,20613.0
12:52,750.51,750.79,750.2,750.5,17421.0
12:53,750.98,750.98,750.62,750.66,8000.0
12:54,751.52,751.55,751.06,751.06,11218.0
12:55,751.58,751.58,751.53,751.53,3538.0
12:56,751.63,751.78,751.49,751.49,9780.0
12:57,751.97,752.11,751.52,751.82,7166.0
12:58,751.6,751.89,751.6,751.89,6269.0
12:59,751.74,751.74,751.57,751.66,4448.0
13:00,751.89,752.07,751.7,751.94,4380.0
13:01,751.72,752.39,751.72,752.18,6344.0
13:02,751.89,752.08,751.79,752.06,7197.0
13:03,751.89,751.91,751.88,751.88,2077.0
13:04,752.4,752.4,751.96,752.04,18855.0
13:05,752.27,752.43,752.12,752.43,7575.0
13:06,752.28,752.42,752.27,752.27,3875.0
13:07,752.74,752.8,752.21,752.21,15870.0
13:08,752.68,752.77,752.29,752.77,9782.0
13:09,753.09,753.26,752.56,752.56,18136.0
13:10,752.78,753.24,752.73,753.11,10683.0
13:11,753.04,753.06,752.91,752.94,5651.0
13:12,753.46,753.58,753.06,753.06,15942.0
13:13,752.71,753.48,752.71,753.48,11701.0
13:14,753.12,753.31,752.95,753.05,9180.0
13:15,752.65,753.26,752.65,753.12,15988.0
13:16,752.62,752.67,752.5,752.52,6869.0
13:17,752.57,752.66,752.57,752.66,1786.0
13:18,752.35,752.56,752.35,752.54,4600.0
13:19,752.46,752.46,752.46,752.46,2057.0
13:20,752.28,752.28,752.22,752.28,5089.0
13:21,752.41,752.5,752.06,752.08,4256.0
13:22,752.68,752.68,752.42,752.54,3876.0
13:23,752.25,752.79,752.25,752.79,6457.0
13:24,752.4,752.4,752.18,752.35,5311.0
13:25,752.64,752.64,752.26,752.31,10765.0
13:26,752.82,752.9,752.42,752.47,14190.0
13:27,753.08,753.08,752.69,752.69,5097.0
13:28,753.1,753.34,753.1,753.14,3074.0
13:29,753.02,753.17,752.99,753.06,7527.0
13:30,753.22,753.32,753.1,753.2,7515.0
13:31,753.05,753.3,752.75,753.3,11812.0
13:32,753.1,753.28,752.76,752.8,11793.0
13:33,753.34,753.42,753.23,753.27,6495.0
13:34,753.34,753.39,753.17,753.29,10645.0
13:35,753.32,753.47,753.06,753.39,11790.0
13:36,753.5,753.5,753.26,753.5,9889.0
13:37,753.86,753.92,753.49,753.6,30339.0
13:38,753.61,754.25,753.61,753.68,36496.0
13:39,752.92,753.5,752.81,753.46,10329.0
13:40,753.41,753.46,752.96,752.98,6946.0
13:41,753.31,753.36,752.88,753.36,4987.0
13:42,752.9,753.07,752.88,753.07,5347.0
13:43,753.34,753.39,752.87,752.87,5084.0
13:44,753.58,753.61,753.31,753.41,3570.0
13:45,753.74,754.2,753.59,753.67,9834.0
13:46,753.81,753.9,753.66,753.77,5483.0
13:47,753.18,753.54,752.99,753.54,12406.0
13:48,752.92,753.27,752.92,753.27,6929.0
13:49,752.57,752.86,752.5,752.62,7144.0
13:50,752.14,752.72,752.09,752.7,7514.0
13:51,752.25,752.27,751.91,752.11,9371.0
13:52,752.59,752.6,752.33,752.39,3885.0
13:53,752.88,752.88,752.38,752.62,16615.0
13:54,753.46,753.46,752.89,752.91,8964.0
13:55,753.34,753.6,753.23,753.55,3040.0
13:56,753.97,753.97,753.49,753.5,8077.0
13:57,753.86,754.12,753.75,753.93,8487.0
13:58,753.88,753.89,753.62,753.85,12804.0
13:59,754.06,754.4,753.77,753.87,19255.0
14:00,754.03,754.11,753.85,754.09,5742.0
14:01,753.9,753.99,753.75,753.93,8885.0
14:02,753.88,754.05,753.8,753.82,8270.0
14:03,753.91,753.91,753.91,753.91,8235.0
14:04,753.82,753.97,753.7,753.92,10381.0
14:05,753.93,754.21,753.78,753.78,16945.0
14:06,754.13,754.13,753.86,753.87,7373.0
14:07,754.66,754.79,754.09,754.13,19214.0
14:08,754.76,754.87,754.58,754.59,10193.0
14:09,754.98,755.06,754.77,754.77,16307.0
14:10,755.0,755.0,754.77,754.86,14915.0
14:11,755.24,755.38,755.09,755.12,20693.0
14:12,754.93,755.37,754.92,755.15,16320.0
14:13,754.9,755.14,754.79,754.79,30154.0
14:14,754.65,754.73,754.11,754.73,15834.0
14:15,754.68,754.9,754.67,754.7,6355.0
14:16,754.3,754.63,754.11,754.61,7459.0
14:17,754.45,754.57,754.36,754.36,3306.0
14:18,754.39,754.62,754.37,754.5,7105.0
14:19,754.19,754.54,754.19,754.35,8806.0
14:20,754.31,754.4,754.31,754.32,6107.0
14:21,754.32,754.48,754.16,754.16,8454.0
14:22,754.71,754.8,754.41,754.41,6896.0
14:23,754.71,754.92,754.61,754.76,6841.0
14:24,754.81,754.81,754.61,754.63,5964.0
14:25,754.97,755.04,754.82,754.82,13812.0
14:26,754.37,754.83,754.32,754.83,5419.0
14:27,754.09,754.45,754.09,754.14,6546.0
14:28,754.22,754.24,754.01,754.18,4737.0
14:29,754.01,754.21,753.69,754.13,16432.0
14:30,754.12,754.3,754.03,754.04,10889.0
14:31,753.83,754.2,753.74,754.12,11723.0
14:32,753.97,754.09,753.83,753.83,13695.0
14:33,754.01,754.01,753.99,753.99,3896.0
14:34,753.75,753.96,753.75,753.95,8535.0
14:35,753.94,754.01,753.78,753.82,5800.0
14:36,753.69,754.06,753.69,753.84,12683.0
14:37,753.36,753.68,753.31,753.65,18648.0
14:38,753.3,753.36,753.05,753.25,12465.0
14:39,753.22,753.24,753.05,753.17,13765.0
14:40,753.01,753.18,753.01,753.18,2795.0
14:41,753.16,753.23,753.04,753.18,7142.0
14:42,753.03,753.21,753.02,753.06,7429.0
14:43,753.02,753.18,752.91,753.02,18995.0
14:44,753.04,753.29,753.0,753.0,10552.0
14:45,752.85,753.2,752.68,752.95,20383.0
14:46,752.84,752.98,752.65,752.7,7922.0
14:47,752.72,752.91,752.69,752.84,8783.0
14:48,752.65,752.8,752.61,752.8,8771.0
14:49,752.57,752.79,752.57,752.73,9799.0
14:50,752.46,752.83,752.46,752.62,11727.0
14:51,752.33,752.48,752.27,752.35,6139.0
14:52,752.09,752.48,752.06,752.48,22792.0
14:53,752.27,752.29,752.09,752.13,7487.0
14:54,752.09,752.22,751.93,752.22,12559.0
14:55,752.23,752.23,751.99,751.99,6202.0
14:56,752.29,752.29,752.06,752.07,29923.0
14:57,751.7,752.35,751.7,752.28,15896.0
14:58,751.68,752.04,751.68,751.82,15892.0
14:59,751.78,751.81,751.53,751.71,19858.0
15:00,751.71,751.93,751.63,751.63,10143.0
15:01,751.76,751.92,751.71,751.71,15514.0
15:02,751.93,752.02,751.7,751.8,46354.0
15:03,751.83,751.91,751.65,751.85,16975.0
15:04,751.85,751.99,751.81,751.88,8151.0
15:05,751.88,751.88,751.65,751.85,9536.0
15:06,752.05,752.13,751.84,751.84,8584.0
15:07,752.32,752.33,751.93,752.03,12951.0
15:08,751.98,752.51,751.96,752.51,9415.0
15:09,751.6,752.09,751.55,752.09,13293.0
15:10,751.78,751.97,751.51,751.6,13568.0
15:11,751.76,751.86,751.66,751.78,7405.0
15:12,751.93,751.94,751.65,751.85,11405.0
15:13,751.74,751.75,751.66,751.74,4817.0
15:14,751.87,751.95,751.31,751.64,15351.0
15:15,751.88,752.0,751.83,751.87,7632.0
15:16,752.16,752.31,751.98,752.0,11607.0
15:17,752.67,752.87,752.23,752.23,17827.0
15:18,752.73,752.84,752.67,752.74,7780.0
15:19,752.7,752.84,752.59,752.71,15634.0
15:20,752.39,752.81,752.38,752.7,13927.0
15:21,752.3,752.47,752.12,752.3,20751.0
15:22,752.05,752.36,751.85,752.17,19250.0
15:23,752.51,752.53,752.22,752.22,12289.0
15:24,752.58,752.58,752.54,752.54,3329.0
15:25,753.03,753.14,752.62,752.67,14923.0
15:26,753.13,753.13,752.97,753.06,11546.0
15:27,752.97,753.09,752.69,753.09,10785.0
15:28,752.89,753.06,752.89,752.99,10305.0
15:29,753.05,753.05,752.82,752.84,9861.0
15:30,753.22,753.45,753.03,753.05,25402.0
15:31,753.47,753.47,753.13,753.17,19652.0
15:32,752.8,753.28,752.8,753.28,11340.0
15:33,752.98,753.04,752.81,752.81,7369.0
15:34,752.85,753.04,752.67,753.04,13983.0
15:35,752.48,752.76,752.41,752.76,24187.0
15:36,752.46,752.6,752.33,752.6,10395.0
15:37,752.46,752.59,752.39,752.46,9439.0
15:38,752.04,752.47,751.9,752.45,17941.0
15:39,752.18,752.47,751.9,752.0,21428.0
15:40,752.28,752.66,752.11,752.24,19332.0
15:41,752.06,752.42,751.99,752.37,10082.0
15:42,752.22,752.22,752.04,752.11,8744.0
15:43,752.14,752.28,752.07,752.07,10454.0
15:44,752.42,752.5,752.24,752.24,10237.0
15:45,752.59,752.87,752.34,752.34,12813.0
15:46,752.82,752.87,752.63,752.68,9374.0
15:47,752.89,752.97,752.77,752.85,11477.0
15:48,753.0,753.0,752.8,752.8,12222.0
15:49,752.84,753.16,752.8,752.99,15796.0
15:50,751.95,752.8,751.0,752.8,59660.0
15:51,751.29,752.15,751.29,751.92,29465.0
15:52,751.96,752.08,751.12,751.3,25418.0
15:53,751.74,751.95,751.5,751.95,18758.0
15:54,751.27,752.0,751.27,751.76,41755.0
15:55,750.83,751.66,750.62,751.66,64475.0
15:56,751.24,751.24,750.67,750.8,54617.0
15:57,751.37,751.56,751.11,751.26,42124.0
15:58,751.29,751.41,751.11,751.4,58064.0
15:59,750.75,751.75,750.5,751.23,148534.0
