Time,Close,High,Low,Open,Volume
09:30,654.42,657.65,653.63,656.0,1155316.0
09:31,652.63,655.68,652.38,654.32,117658.0
09:32,654.36,655.02,652.0,652.49,111375.0
09:33,656.68,656.87,654.7,654.71,117316.0
09:34,653.71,656.96,652.94,656.68,171781.0
09:35,654.74,655.22,653.69,653.71,115740.0
09:36,654.7,656.96,654.2,654.85,126838.0
09:37,655.35,656.37,654.2,654.55,99660.0
09:38,654.99,656.0,654.58,655.3,79524.0
09:39,653.9,655.2,653.5,654.89,74236.0
09:40,654.76,655.14,653.75,653.84,110012.0
09:41,654.39,654.96,653.95,654.71,72170.0
09:42,652.94,654.43,652.01,654.43,123613.0
09:43,654.36,654.49,652.77,653.02,80409.0
09:44,653.68,654.59,653.24,654.49,60591.0
09:45,653.2,654.04,652.29,653.68,80532.0
09:46,653.79,654.55,653.13,653.21,81561.0
09:47,654.05,654.77,653.58,653.93,70234.0
09:48,654.6,655.2,653.66,653.94,82657.0
09:49,654.98,655.22,654.26,654.65,79668.0
09:50,654.17,655.74,654.08,654.94,84311.0
09:51,655.36,655.47,653.72,654.18,57215.0
09:52,655.36,655.85,655.16,655.36,97466.0
09:53,656.5,656.51,655.35,655.35,72787.0
09:54,655.75,657.06,655.5,656.53,86623.0
09:55,655.7,656.24,655.4,655.83,47659.0
09:56,655.6,655.91,654.55,655.7,82459.0
09:57,656.66,656.68,655.35,655.6,86938.0
09:58,656.38,656.79,655.75,656.55,54363.0
09:59,656.19,656.6,655.9,656.39,39836.0
10:00,655.53,656.27,654.9,656.27,58882.0
10:01,655.59,655.62,654.73,655.55,46469.0
10:02,656.64,656.68,655.2,655.43,76100.0
10:03,657.69,657.93,656.41,656.5,101050.0
10:04,655.87,657.96,655.87,657.78,94936.0
10:05,657.25,657.42,655.8,655.96,49879.0
10:06,657.81,658.48,657.08,657.33,111481.0
10:07,657.98,659.0,657.4,657.71,114791.0
10:08,658.2,659.33,657.41,658.05,109239.0
10:09,657.85,658.4,657.42,658.4,57749.0
10:10,658.34,658.57,657.77,657.89,74957.0
10:11,658.73,659.0,658.2,658.26,68340.0
10:12,658.71,658.89,657.82,658.69,62117.0
10:13,658.21,658.76,657.91,658.72,61002.0
10:14,656.97,658.57,656.87,658.21,81894.0
10:15,655.02,657.17,655.02,656.97,89777.0
10:16,654.87,655.16,654.43,655.11,61485.0
10:17,654.3,655.0,654.06,654.8,43716.0
10:18,654.3,654.69,653.85,654.15,56660.0
10:19,654.84,654.96,654.22,654.38,32264.0
10:20,653.24,654.79,653.1,654.79,67595.0
10:21,653.0,653.99,652.8,653.36,53917.0
10:22,652.21,653.11,651.59,653.0,78231.0
10:23,651.82,653.12,651.8,652.3,67488.0
10:24,652.22,652.4,651.5,651.85,63628.0
10:25,650.39,652.34,650.28,652.1,103585.0
10:26,649.12,650.49,649.08,650.29,144039.0
10:27,647.73,649.18,647.59,649.12,139868.0
10:28,647.58,648.09,647.34,647.73,80379.0
10:29,648.51,648.71,647.21,647.59,97627.0
10:30,647.73,648.51,647.18,648.51,67970.0
10:31,646.33,647.76,646.2,647.69,112573.0
10:32,647.05,647.46,646.01,646.31,76399.0
10:33,647.34,647.64,646.72,647.0,69853.0
10:34,647.43,647.98,647.05,647.35,51934.0
10:35,647.56,647.74,647.27,647.52,62748.0
10:36,648.98,648.98,647.28,647.54,78695.0
10:37,649.54,649.85,648.27,648.89,66932.0
10:38,649.84,650.0,649.4,649.51,69040.0
10:39,649.08,650.1,648.95,649.84,58229.0
10:40,649.27,649.58,648.56,648.82,43488.0
10:41,649.96,650.59,648.93,649.22,59374.0
10:42,649.5,650.48,649.0,649.99,36501.0
10:43,651.07,651.16,649.6,649.62,66386.0
10:44,650.28,651.61,650.01,651.14,55384.0
10:45,651.09,651.16,650.19,650.38,36785.0
10:46,650.67,651.2,650.63,650.97,31937.0
10:47,650.69,651.25,650.6,650.71,38463.0
10:48,650.49,650.82,650.3,650.8,35679.0
10:49,650.56,651.25,650.5,650.68,30893.0
10:50,650.08,651.0,649.88,650.49,32283.0
10:51,650.55,650.69,650.04,650.16,30933.0
10:52,650.73,650.98,650.3,650.55,27947.0
10:53,651.35,651.97,650.47,650.71,38410.0
10:54,651.16,651.48,650.7,651.32,26745.0
10:55,650.99,651.77,650.95,651.09,41773.0
10:56,651.37,651.65,651.07,651.14,37128.0
10:57,651.85,652.15,651.39,651.39,37966.0
10:58,652.27,652.27,651.56,651.76,25156.0
10:59,651.63,652.58,651.63,652.24,32972.0
11:00,651.34,651.93,650.9,651.67,33573.0
11:01,651.61,651.9,651.35,651.45,28496.0
11:02,651.09,651.61,650.9,651.61,26829.0
11:03,650.51,651.22,650.19,651.07,29750.0
11:04,650.53,650.91,650.44,650.53,19701.0
11:05,649.95,650.58,649.56,650.57,36986.0
11:06,649.51,650.3,649.3,650.07,31137.0
11:07,650.32,650.55,649.31,649.69,19823.0
11:08,650.37,650.57,650.0,650.32,24151.0
11:09,649.87,650.5,649.51,650.41,32726.0
11:10,650.42,650.55,649.76,649.92,21503.0
11:11,651.12,651.5,650.31,650.45,33494.0
11:12,650.09,651.31,650.0,651.02,22858.0
11:13,649.83,650.28,649.6,650.23,27581.0
11:14,649.42,649.89,649.19,649.83,26105.0
11:15,648.56,649.53,648.37,649.49,36174.0
11:16,648.99,649.31,648.49,648.49,30499.0
11:17,649.78,649.93,649.05,649.06,20904.0
11:18,649.67,650.01,649.38,649.7,21252.0
11:19,650.17,650.29,649.59,649.62,23056.0
11:20,650.36,650.71,650.1,650.1,33483.0
11:21,651.06,651.07,650.25,650.36,22900.0
11:22,650.86,651.1,650.85,651.04,23928.0
11:23,651.07,651.44,650.86,650.91,31238.0
11:24,650.58,651.06,650.49,651.02,29376.0
11:25,650.17,650.58,650.15,650.47,20207.0
11:26,650.02,650.59,649.76,650.17,23955.0
11:27,650.19,650.19,649.5,650.02,18689.0
11:28,650.17,650.25,649.63,649.99,18933.0
11:29,649.88,650.19,649.85,650.14,13466.0
11:30,649.84,649.95,649.38,649.85,24926.0
11:31,650.57,650.75,649.75,649.86,20963.0
11:32,650.63,651.05,650.56,650.68,39391.0
11:33,650.58,650.74,650.5,650.63,12721.0
11:34,650.75,650.92,650.55,650.58,18923.0
11:35,650.5,650.95,650.5,650.82,18395.0
11:36,650.85,651.08,650.44,650.48,19550.0
11:37,650.64,650.85,650.15,650.85,14854.0
11:38,650.99,651.1,650.53,650.55,18519.0
11:39,651.58,651.72,650.98,650.99,26711.0
11:40,651.64,652.0,651.51,651.52,27975.0
11:41,651.18,651.71,651.14,651.66,21444.0
11:42,651.81,651.93,651.19,651.23,15823.0
11:43,652.25,652.5,651.8,651.9,33498.0
11:44,651.87,652.28,651.44,652.24,24774.0
11:45,652.75,652.98,651.87,651.94,39572.0
11:46,652.49,653.0,652.38,652.82,58819.0
11:47,651.54,652.84,651.54,652.48,50764.0
11:48,651.38,651.76,651.04,651.54,28028.0
11:49,650.76,651.49,650.61,651.35,23528.0
11:50,651.24,651.25,650.6,650.76,19886.0
11:51,651.7,652.0,651.34,651.34,28849.0
11:52,651.51,651.75,651.3,651.75,31641.0
11:53,651.3,651.7,651.26,651.52,11123.0
11:54,651.39,651.64,651.15,651.46,16024.0
11:55,651.17,651.75,650.79,651.36,24938.0
11:56,651.3,651.67,651.02,651.22,29788.0
11:57,651.59,651.79,651.25,651.28,17525.0
11:58,651.7,652.0,651.59,651.59,16961.0
11:59,651.77,651.87,651.62,651.77,13741.0
12:00,651.6,651.87,650.85,651.7,29734.0
12:01,650.8,651.67,650.68,651.41,26711.0
12:02,651.06,651.2,650.65,650.85,17691.0
12:03,650.76,651.17,650.53,651.1,18877.0
12:04,651.54,651.79,650.76,650.77,22605.0
12:05,651.77,651.96,651.45,651.56,14230.0
12:06,651.68,652.1,651.68,651.88,28854.0
12:07,652.08,652.19,651.64,651.73,29376.0
12:08,652.25,652.55,652.09,652.19,20689.0
12:09,652.45,652.62,652.17,652.24,13614.0
12:10,652.36,653.0,652.32,652.45,19842.0
12:11,651.92,652.56,651.9,652.44,17884.0
12:12,652.17,652.17,651.72,652.01,22028.0
12:13,652.09,652.42,652.08,652.1,13552.0
12:14,652.08,652.25,651.71,652.08,22220.0
12:15,651.88,652.15,651.78,652.01,12200.0
12:16,651.48,651.98,651.0,651.93,33751.0
12:17,651.65,651.8,651.29,651.55,31236.0
12:18,652.08,652.21,651.5,651.56,33515.0
12:19,652.01,652.34,651.8,652.16,31802.0
12:20,651.88,652.21,651.36,652.01,25055.0
12:21,651.84,651.93,651.5,651.84,20864.0
12:22,651.18,651.83,651.07,651.72,26292.0
12:23,651.49,651.49,650.99,651.15,15681.0
12:24,650.91,651.53,650.66,651.53,17480.0
12:25,649.66,650.91,649.61,650.91,44829.0
12:26,649.64,649.95,649.27,649.57,29710.0
12:27,650.0,650.2,649.64,649.64,20410.0
12:28,650.02,650.1,649.6,649.97,16890.0
12:29,650.17,650.32,649.87,650.03,16385.0
12:30,650.66,650.66,650.14,650.17,13011.0
12:31,650.66,650.7,650.35,650.53,22398.0
12:32,650.55,650.79,650.55,650.66,9389.0
12:33,650.59,650.85,650.5,650.59,15261.0
12:34,650.55,650.78,650.42,650.59,15656.0
12:35,650.53,650.86,650.3,650.6,20917.0
12:36,650.71,650.75,650.31,650.56,30169.0
12:37,650.34,650.93,650.25,650.63,20884.0
12:38,650.04,650.45,649.7,650.42,22769.0
12:39,649.58,650.0,649.51,650.0,20019.0
12:40,649.52,649.65,649.03,649.58,26891.0
12:41,649.74,649.78,649.29,649.45,16964.0
12:42,649.7,649.76,649.42,649.68,19152.0
12:43,649.21,649.94,649.15,649.7,18913.0
12:44,649.06,649.6,648.88,649.26,30372.0
12:45,649.13,649.21,648.8,649.13,27119.0
12:46,648.98,649.38,648.88,649.1,27396.0
12:47,649.1,649.26,648.9,648.97,19564.0
12:48,649.13,649.38,649.07,649.13,26581.0
12:49,648.86,649.25,648.77,649.07,18063.0
12:50,648.74,648.98,648.64,648.9,20444.0
12:51,648.55,648.8,648.49,648.79,25316.0
12:52,647.79,648.55,647.6,648.54,59896.0
12:53,647.64,647.77,647.31,647.76,46543.0
12:54,648.61,648.61,647.4,647.66,56079.0
12:55,648.74,648.95,648.41,648.52,74090.0
12:56,648.95,649.08,648.49,648.73,46664.0
12:57,648.5,649.56,648.43,648.94,74443.0
12:58,648.12,648.62,648.07,648.51,28173.0
12:59,648.52,648.88,648.14,648.15,39159.0
13:00,648.3,648.48,648.27,648.42,35553.0
13:01,647.89,648.38,647.35,648.3,60189.0
13:02,647.48,648.15,647.45,647.84,45507.0
13:03,647.51,647.74,647.3,647.5,68808.0
13:04,647.58,647.79,647.48,647.53,40923.0
13:05,647.46,647.64,647.1,647.59,59765.0
13:06,647.37,647.76,647.36,647.45,55903.0
13:07,646.93,647.53,646.88,647.44,62945.0
13:08,646.83,647.02,646.52,646.93,60622.0
13:09,646.39,647.09,646.12,646.83,73659.0
13:10,646.05,646.44,645.05,646.39,137136.0
13:11,645.01,646.19,644.6,646.05,151062.0
13:12,644.64,645.28,644.6,645.09,91145.0
13:13,644.85,645.1,644.5,644.67,316921.0
13:14,644.61,644.99,644.31,644.85,65003.0
13:15,644.82,644.82,643.84,644.6,92619.0
13:16,645.68,645.82,644.73,644.74,61724.0
13:17,645.95,646.08,645.46,645.76,50609.0
13:18,645.78,646.06,645.67,646.06,37459.0
13:19,646.12,646.3,645.84,645.85,33456.0
13:20,645.49,646.15,645.25,645.96,30485.0
13:21,644.09,645.51,643.88,645.51,86160.0
13:22,643.91,644.29,643.5,644.09,69679.0
13:23,644.07,644.37,643.5,643.81,45673.0
13:24,643.22,644.19,643.0,643.95,73128.0
13:25,643.7,643.88,643.22,643.29,41989.0
13:26,644.25,644.35,643.51,643.68,41645.0
13:27,644.7,644.7,643.4,644.23,37212.0
13:28,644.18,644.66,643.76,644.6,28590.0
13:29,644.14,644.29,644.01,644.16,24935.0
13:30,644.14,644.57,644.05,644.05,28183.0
13:31,643.73,644.23,643.4,644.22,36230.0
13:32,644.14,644.23,643.55,643.73,32284.0
13:33,643.46,644.07,643.2,644.05,29620.0
13:34,644.08,644.2,643.47,643.47,28929.0
13:35,644.35,644.48,643.89,644.12,29377.0
13:36,644.82,644.98,644.26,644.3,39980.0
13:37,644.9,644.93,644.42,644.78,32637.0
13:38,645.09,645.3,644.86,644.86,26112.0
13:39,645.32,645.32,644.9,645.0,29426.0
13:40,645.66,645.8,645.2,645.2,47950.0
13:41,645.66,646.0,645.54,645.58,27309.0
13:42,644.82,645.9,644.7,645.76,45490.0
13:43,644.86,645.06,644.58,644.7,26382.0
13:44,644.73,645.05,644.26,644.9,33972.0
13:45,644.49,644.85,644.28,644.73,32632.0
13:46,643.77,644.72,643.61,644.6,42105.0
13:47,643.7,644.16,643.7,643.7,34178.0
13:48,643.86,643.96,643.63,643.76,26667.0
13:49,644.07,644.15,643.7,643.8,30744.0
13:50,643.91,644.06,643.62,644.02,25570.0
13:51,643.69,644.0,643.61,643.91,19012.0
13:52,643.65,643.7,643.25,643.64,49323.0
13:53,643.47,644.0,643.4,643.67,37993.0
13:54,643.2,643.68,643.06,643.47,41343.0
13:55,642.91,643.4,642.67,643.19,58084.0
13:56,642.75,643.2,642.69,642.91,39346.0
13:57,642.87,642.98,642.5,642.74,41134.0
13:58,642.47,642.88,642.16,642.87,55227.0
13:59,642.52,642.58,642.41,642.49,24307.0
14:00,642.35,643.0,642.14,642.55,58001.0
14:01,642.13,642.37,642.07,642.34,36881.0
14:02,641.77,642.29,641.56,642.22,82829.0
14:03,642.02,642.15,641.74,641.83,60137.0
14:04,641.78,642.15,641.73,642.01,52642.0
14:05,641.67,642.15,641.6,641.81,49641.0
14:06,642.05,642.15,641.67,641.81,34029.0
14:07,642.7,643.04,641.94,642.09,66789.0
14:08,642.67,642.75,641.66,642.48,108321.0
14:09,642.91,642.97,641.85,642.66,50982.0
14:10,643.45,643.45,642.29,642.82,48636.0
14:11,644.09,644.15,643.24,643.41,59153.0
14:12,644.4,644.75,644.0,644.0,53002.0
14:13,643.1,644.38,643.02,644.32,65698.0
14:14,642.83,643.14,642.61,643.1,31308.0
14:15,643.22,643.51,642.5,642.81,31709.0
14:16,643.55,643.7,643.2,643.23,26265.0
14:17,643.27,643.74,643.27,643.61,18895.0
14:18,643.34,643.4,643.05,643.27,15405.0
14:19,643.32,643.59,643.17,643.29,13255.0
14:20,643.53,643.95,643.33,643.4,26755.0
14:21,643.93,644.0,643.6,643.67,20850.0
14:22,643.79,643.95,643.59,643.91,18791.0
14:23,643.82,643.95,643.62,643.86,15562.0
14:24,644.41,644.48,643.78,643.83,28796.0
14:25,644.15,644.64,644.15,644.44,27087.0
14:26,644.26,644.61,644.04,644.12,16934.0
14:27,643.83,644.53,643.83,644.36,23031.0
14:28,644.39,644.41,643.73,643.89,20546.0
14:29,644.46,644.5,644.11,644.35,18690.0
14:30,644.79,644.9,644.39,644.46,28155.0
14:31,644.74,644.89,644.4,644.83,21045.0
14:32,644.7,644.87,644.36,644.7,30496.0
14:33,644.64,644.87,644.54,644.65,22028.0
14:34,644.44,644.65,644.41,644.65,16160.0
14:35,644.54,644.65,644.0,644.47,24169.0
14:36,644.84,644.9,644.54,644.56,16346.0
14:37,644.25,644.82,644.15,644.82,28592.0
14:38,644.47,644.53,644.18,644.25,19319.0
14:39,644.53,644.58,644.24,644.4,16213.0
14:40,644.47,644.61,644.3,644.56,19613.0
14:41,644.42,644.68,644.37,644.52,17747.0
14:42,644.05,644.43,643.87,644.4,24512.0
14:43,644.62,644.65,643.99,644.09,16422.0
14:44,644.35,644.63,644.11,644.56,19248.0
14:45,644.13,644.46,644.02,644.37,16867.0
14:46,644.08,644.24,644.02,644.09,15859.0
14:47,643.88,644.18,643.82,644.04,22832.0
14:48,643.79,644.0,643.6,643.87,22104.0
14:49,644.25,644.25,643.75,643.79,20818.0
14:50,644.53,644.93,644.09,644.25,30933.0
14:51,644.93,644.99,644.39,644.47,25862.0
14:52,644.86,645.01,644.73,644.85,24803.0
14:53,645.07,645.08,644.74,644.82,18441.0
14:54,644.88,645.14,644.8,644.97,15649.0
14:55,645.54,645.59,644.71,644.8,25362.0
14:56,645.86,646.07,645.5,645.5,32657.0
14:57,645.96,646.12,645.78,645.89,32104.0
14:58,645.05,646.06,644.98,645.92,47983.0
14:59,645.35,645.41,644.67,644.95,24753.0
15:00,645.61,645.7,645.17,645.37,17074.0
15:01,645.66,645.79,645.34,645.61,15319.0
15:02,645.3,645.66,645.12,645.66,16591.0
15:03,645.27,645.47,645.12,645.31,21937.0
15:04,645.63,645.74,645.21,645.28,13772.0
15:05,645.91,645.98,645.48,645.57,21864.0
15:06,645.83,646.28,645.72,645.98,26454.0
15:07,645.49,645.83,645.47,645.8,26189.0
15:08,645.48,645.67,645.36,645.49,27969.0
15:09,644.84,645.55,644.66,645.55,62436.0
15:10,643.71,644.86,643.71,644.78,44008.0
15:11,643.84,644.16,643.76,643.8,30165.0
15:12,643.44,643.84,643.2,643.84,35983.0
15:13,643.48,643.55,643.22,643.49,31442.0
15:14,642.73,643.47,642.67,643.4,48098.0
15:15,642.99,643.62,642.73,642.79,32024.0
15:16,643.05,643.4,642.9,642.99,19047.0
15:17,642.72,643.17,642.5,643.06,38155.0
15:18,642.8,642.88,642.55,642.71,47857.0
15:19,642.93,643.0,642.67,642.8,23974.0
15:20,642.51,642.96,642.51,642.9,41510.0
15:21,641.96,642.65,641.92,642.5,53729.0
15:22,641.93,642.2,641.77,641.95,70582.0
15:23,642.31,642.39,641.89,641.92,81937.0
15:24,642.03,642.36,641.95,642.28,22211.0
15:25,642.15,642.21,641.95,642.0,22765.0
15:26,642.64,642.69,642.06,642.14,42542.0
15:27,642.69,643.01,642.49,642.64,32927.0
15:28,642.88,642.93,642.53,642.78,21462.0
15:29,642.37,642.99,642.28,642.88,43140.0
15:30,642.55,642.76,642.12,642.37,44848.0
15:31,641.71,642.6,641.41,642.56,54347.0
15:32,641.38,641.79,641.2,641.62,77542.0
15:33,640.97,641.4,640.4,641.4,111840.0
15:34,640.55,641.02,640.34,640.97,55510.0
15:35,640.72,641.01,640.39,640.51,47926.0
15:36,640.8,640.83,640.5,640.75,50290.0
15:37,640.78,641.38,640.63,640.84,59409.0
15:38,641.27,641.34,640.75,640.78,26054.0
15:39,640.29,641.32,640.22,641.27,43377.0
15:40,640.86,640.92,640.25,640.31,44156.0
15:41,640.6,640.92,640.11,640.86,57136.0
15:42,639.97,640.62,639.5,640.6,135892.0
15:43,639.93,640.08,639.75,639.96,50953.0
15:44,640.41,640.48,639.56,639.92,80309.0
15:45,640.14,640.97,640.07,640.33,62190.0
15:46,639.93,640.3,639.66,640.17,44588.0
15:47,639.93,640.0,639.71,639.98,45733.0
15:48,639.54,639.99,639.11,639.91,57359.0
15:49,640.33,640.49,639.46,639.56,76593.0
15:50,638.37,640.32,638.25,640.18,126707.0
15:51,638.74,638.8,638.18,638.43,74079.0
15:52,638.32,639.01,638.2,638.77,76882.0
15:53,638.68,638.85,638.03,638.24,72404.0
15:54,637.45,638.75,636.96,638.58,140914.0
15:55,637.95,638.39,636.21,637.36,165342.0
15:56,637.36,638.06,637.27,637.95,124126.0
15:57,637.89,638.03,637.2,637.34,124532.0
15:58,637.48,637.94,637.25,637.88,167901.0
15:59,637.72,637.73,636.9,637.44,343340.0
