Time,Close,High,Low,Open,Volume
09:30,780.54,781.98,779.0,781.28,501685.0
09:31,779.37,781.61,778.66,780.57,46118.0
09:32,781.28,782.93,780.16,781.12,122296.0
09:33,783.19,784.26,781.66,781.66,198473.0
09:34,783.11,784.95,781.6,783.18,65367.0
09:35,781.28,783.93,781.28,782.89,82773.0
09:36,782.0,782.35,780.64,781.46,57206.0
09:37,781.9,783.96,781.57,782.2,30660.0
09:38,782.05,783.01,781.62,781.9,41122.0
09:39,784.5,784.66,781.93,782.09,63948.0
09:40,782.39,785.73,782.11,784.66,97972.0
09:41,781.89,782.83,781.05,782.76,55568.0
09:42,784.09,784.43,782.28,782.28,56634.0
09:43,783.28,785.0,783.2,783.95,45647.0
09:44,783.34,783.51,782.22,783.09,31346.0
09:45,784.58,784.58,783.0,783.5,1.0
09:46,783.26,784.78,782.98,784.31,490625.0
09:47,781.85,783.32,781.26,783.32,39053.0
09:48,781.73,782.16,780.65,781.93,28596.0
09:49,782.84,782.99,781.51,781.82,31913.0
09:50,782.96,783.21,782.56,782.99,25477.0
09:51,783.25,783.95,782.68,782.82,27454.0
09:52,783.8,784.18,783.1,783.32,19871.0
09:53,782.3,783.92,781.63,783.81,31952.0
09:54,782.43,782.58,781.97,782.42,19924.0
09:55,781.98,783.16,781.86,782.41,26114.0
09:56,781.51,781.99,781.38,781.55,13164.0
09:57,780.72,781.24,780.24,781.0,34317.0
09:58,780.57,781.0,779.92,780.87,40790.0
09:59,780.27,780.69,780.0,780.25,33719.0
10:00,780.12,780.99,779.91,780.62,45407.0
10:01,781.84,781.99,779.7,779.7,42753.0
10:02,782.25,782.5,780.7,781.76,26730.0
10:03,781.69,782.69,781.32,782.0,30118.0
10:04,780.45,781.88,780.45,781.88,11924.0
10:05,780.69,780.86,780.09,780.6,22211.0
10:06,780.19,781.02,780.19,780.52,24072.0
10:07,780.25,780.47,779.75,780.17,28987.0
10:08,780.89,781.0,780.06,780.39,16222.0
10:09,779.91,781.12,779.8,780.89,61014.0
10:10,779.6,779.96,779.5,779.8,21011.0
10:11,779.63,779.95,779.0,779.5,38581.0
10:12,779.46,780.15,779.43,779.56,51643.0
10:13,779.21,779.49,778.93,779.46,25426.0
10:14,779.53,779.7,779.0,779.0,21761.0
10:15,779.49,779.55,778.75,779.55,38119.0
10:16,780.02,780.31,779.34,779.34,33303.0
10:17,779.44,780.1,779.43,780.09,23735.0
10:18,780.03,780.07,779.34,779.71,21330.0
10:19,780.38,780.59,779.83,779.83,17359.0
10:20,780.23,780.78,780.16,780.16,18828.0
10:21,780.09,780.34,779.81,780.32,15298.0
10:22,780.17,780.6,779.95,780.12,16256.0
10:23,779.7,780.19,779.4,779.76,8606.0
10:24,779.61,780.07,779.57,779.74,17140.0
10:25,779.53,780.01,779.53,779.61,20537.0
10:26,779.72,779.88,779.33,779.4,10376.0
10:27,779.71,780.05,779.58,779.58,21677.0
10:28,779.73,780.09,779.67,779.67,25994.0
10:29,779.89,779.94,779.6,779.78,8435.0
10:30,779.12,779.91,779.12,779.89,16703.0
10:31,779.23,779.43,778.77,779.43,30002.0
10:32,778.53,779.38,778.45,779.28,23425.0
10:33,778.84,779.09,778.27,778.51,26328.0
10:34,778.87,779.0,778.56,778.84,12605.0
10:35,778.69,779.02,778.23,778.99,15213.0
10:36,778.66,779.05,778.61,778.83,7304.0
10:37,778.96,779.1,778.5,778.75,20155.0
10:38,778.72,779.0,778.51,778.9,12918.0
10:39,778.85,779.1,778.46,778.65,19187.0
10:40,779.16,779.33,778.85,779.0,18193.0
10:41,779.29,779.58,779.07,779.16,23434.0
10:42,779.16,779.27,779.1,779.2,12519.0
10:43,778.5,779.24,778.4,779.08,14062.0
10:44,778.41,778.7,778.35,778.6,20621.0
10:45,778.61,778.67,778.09,778.39,15800.0
10:46,778.98,779.49,778.64,778.64,15080.0
10:47,779.31,779.31,778.93,779.15,11456.0
10:48,779.84,779.9,779.3,779.34,13112.0
10:49,779.54,780.1,779.42,779.94,28336.0
10:50,779.9,779.9,779.42,779.59,10563.0
10:51,780.0,780.2,779.9,779.9,22683.0
10:52,779.72,780.05,779.46,779.98,18988.0
10:53,780.32,780.5,779.64,779.72,28253.0
10:54,780.27,780.39,780.12,780.13,14545.0
10:55,780.63,780.7,780.11,780.32,29520.0
10:56,780.53,780.82,780.2,780.59,54866.0
10:57,780.71,780.84,780.51,780.51,15719.0
10:58,780.49,781.01,780.42,780.8,38114.0
10:59,779.91,780.67,779.64,780.44,36521.0
11:00,779.65,779.76,779.44,779.74,12410.0
11:01,779.82,779.82,779.42,779.54,7024.0
11:02,779.63,780.17,779.36,779.66,15384.0
11:03,779.16,779.75,779.15,779.71,26795.0
11:04,778.74,779.16,778.6,779.16,27553.0
11:05,778.11,778.59,777.54,778.59,38406.0
11:06,778.02,778.25,777.83,778.05,12355.0
11:07,778.38,778.92,777.83,777.97,13896.0
11:08,778.83,779.28,778.28,778.37,12845.0
11:09,778.66,779.29,778.64,778.96,14953.0
11:10,779.15,779.15,778.54,778.6,17485.0
11:11,778.86,779.24,778.22,779.11,41175.0
11:12,778.8,779.01,778.3,778.91,13681.0
11:13,779.01,779.27,778.78,778.8,10268.0
11:14,778.92,779.02,778.49,779.0,21704.0
11:15,778.1,779.02,777.7,778.84,22968.0
11:16,777.86,778.19,777.78,777.93,24765.0
11:17,777.7,778.12,777.68,778.04,16098.0
11:18,777.28,777.86,777.28,777.73,10707.0
11:19,777.69,777.73,777.23,777.35,16813.0
11:20,777.9,778.02,777.58,777.72,17979.0
11:21,778.03,778.07,777.73,777.89,16954.0
11:22,777.88,778.07,777.76,777.82,19827.0
11:23,778.1,778.12,777.84,777.88,26100.0
11:24,778.53,778.66,778.0,778.05,20698.0
11:25,777.98,778.43,777.91,778.32,12635.0
11:26,777.66,778.03,777.62,777.99,12709.0
11:27,778.09,778.09,777.45,777.66,14592.0
11:28,777.79,778.37,777.78,778.15,6447.0
11:29,778.08,778.17,777.63,777.87,34688.0
11:30,777.9,778.16,777.63,777.96,14428.0
11:31,777.96,778.19,777.74,777.95,17806.0
11:32,777.7,778.09,777.5,778.02,27212.0
11:33,777.33,777.82,777.03,777.74,16515.0
11:34,776.56,777.4,776.42,777.35,39227.0
11:35,776.2,776.63,776.2,776.44,30016.0
11:36,775.87,776.28,775.86,776.21,25161.0
11:37,776.22,776.4,775.84,775.98,23095.0
11:38,776.96,777.03,776.23,776.23,22331.0
11:39,776.72,777.02,776.72,776.91,17802.0
11:40,776.92,777.05,776.83,776.89,5570.0
11:41,776.65,776.95,776.46,776.88,9045.0
11:42,776.38,776.8,776.23,776.66,9310.0
11:43,776.47,776.61,776.09,776.26,12975.0
11:44,776.77,776.89,776.42,776.42,14630.0
11:45,776.95,777.03,776.85,776.97,7812.0
11:46,777.03,777.19,776.87,777.05,23409.0
11:47,777.12,777.12,776.88,777.1,5914.0
11:48,777.05,777.35,776.86,777.06,12865.0
11:49,776.72,777.02,776.64,777.02,12749.0
11:50,776.46,776.72,776.46,776.65,6679.0
11:51,776.22,776.51,776.08,776.51,12865.0
11:52,775.89,776.22,775.8,776.21,11738.0
11:53,775.96,776.0,775.69,775.97,9119.0
11:54,775.8,776.05,775.77,775.9,15124.0
11:55,775.85,775.88,775.76,775.76,8532.0
11:56,775.59,775.76,775.43,775.76,20315.0
11:57,775.5,775.61,775.38,775.58,9123.0
11:58,775.36,775.63,775.33,775.56,15859.0
11:59,774.74,775.33,774.74,775.3,53925.0
12:00,774.99,775.19,774.74,774.86,18879.0
12:01,774.74,775.17,774.74,775.09,10754.0
12:02,774.6,775.0,774.22,774.78,33787.0
12:03,774.9,775.18,774.59,774.63,22508.0
12:04,774.61,775.14,774.22,774.98,21174.0
12:05,774.47,774.64,774.28,774.52,6192.0
12:06,774.66,774.71,774.39,774.51,13467.0
12:07,774.6,774.67,774.21,774.67,17667.0
12:08,774.01,774.65,773.9,774.63,20253.0
12:09,774.94,775.14,774.0,774.03,22951.0
12:10,774.77,775.12,774.57,775.01,11761.0
12:11,774.67,774.94,774.51,774.94,20493.0
12:12,773.93,774.55,773.76,774.5,17704.0
12:13,773.85,774.09,773.71,773.83,22783.0
12:14,773.7,773.88,773.6,773.77,15513.0
12:15,773.17,773.47,773.09,773.41,24732.0
12:16,773.0,773.15,772.5,773.0,27806.0
12:17,772.8,773.24,772.8,773.09,28107.0
12:18,772.98,773.12,772.88,772.94,19940.0
12:19,772.97,773.17,772.94,773.16,20393.0
12:20,773.03,773.1,772.86,773.0,16507.0
12:21,773.14,773.37,773.0,773.03,62192.0
12:22,772.93,773.17,772.88,773.06,30529.0
12:23,772.35,773.1,772.35,773.0,24133.0
12:24,772.73,772.73,772.42,772.42,14511.0
12:25,772.41,772.8,772.1,772.73,54096.0
12:26,773.16,773.18,772.37,772.39,27898.0
12:27,773.0,773.24,772.83,773.16,25924.0
12:28,772.92,773.19,772.88,773.0,28737.0
12:29,772.53,772.82,772.5,772.6,6575.0
12:30,772.35,772.63,772.07,772.43,18800.0
12:31,772.41,772.42,772.16,772.23,15017.0
12:32,772.14,772.49,772.14,772.47,13823.0
12:33,772.92,773.19,772.15,772.15,12452.0
12:34,772.82,773.02,772.59,772.77,13530.0
12:35,772.48,772.8,772.45,772.7,13275.0
12:36,772.66,772.87,772.48,772.48,10277.0
12:37,772.89,772.97,772.6,772.68,11310.0
12:38,773.09,773.18,772.62,772.89,20945.0
12:39,772.92,773.12,772.81,773.02,29460.0
12:40,773.17,773.45,772.8,772.92,43460.0
12:41,773.02,773.24,772.8,773.17,40079.0
12:42,772.59,772.92,772.4,772.9,13141.0
12:43,772.17,772.54,772.17,772.54,11340.0
12:44,771.83,772.3,771.73,772.15,35018.0
12:45,771.54,771.93,771.32,771.76,36064.0
12:46,771.53,771.8,771.46,771.54,18726.0
12:47,771.3,771.5,770.95,771.5,25407.0
12:48,771.67,771.7,771.22,771.3,13537.0
12:49,771.83,771.91,771.36,771.66,11401.0
12:50,771.64,771.98,771.48,771.85,13834.0
12:51,771.76,772.0,771.59,771.72,17003.0
12:52,771.72,771.95,771.5,771.8,18300.0
12:53,771.62,772.04,771.62,771.7,15411.0
12:54,771.63,771.76,771.59,771.76,5602.0
12:55,771.18,771.7,771.18,771.5,112255.0
12:56,771.13,771.5,771.13,771.34,11548.0
12:57,770.99,771.4,770.9,771.4,11707.0
12:58,770.88,771.09,770.88,771.0,13745.0
12:59,770.83,770.97,770.71,770.92,16252.0
13:00,770.4,770.79,770.3,770.79,20097.0
13:01,770.28,770.52,770.14,770.4,15276.0
13:02,770.25,770.5,770.25,770.5,6372.0
13:03,770.98,771.08,770.25,770.25,33150.0
13:04,770.86,771.03,770.81,770.96,15149.0
13:05,771.27,771.47,770.7,770.9,12927.0
13:06,770.78,771.26,770.62,771.17,12893.0
13:07,770.82,770.99,770.62,770.8,22359.0
13:08,770.36,770.89,770.36,770.83,13330.0
13:09,770.36,770.49,770.1,770.45,18409.0
13:10,770.79,770.79,770.31,770.36,12689.0
13:11,770.74,770.77,770.53,770.77,11282.0
13:12,770.6,770.8,770.6,770.67,10611.0
13:13,771.02,771.04,770.51,770.66,12890.0
13:14,770.51,771.02,770.51,770.84,12637.0
13:15,770.96,770.98,770.58,770.72,13727.0
13:16,770.97,771.14,770.8,770.96,11494.0
13:17,771.7,771.8,770.9,770.9,17353.0
13:18,771.66,771.82,771.46,771.46,12087.0
13:19,771.77,772.1,771.75,771.97,14568.0
13:20,771.82,772.0,771.66,771.85,8459.0
13:21,771.75,771.99,771.75,771.82,14674.0
13:22,772.5,772.51,771.47,771.74,15989.0
13:23,772.01,772.65,772.01,772.58,17168.0
13:24,771.6,772.18,771.6,772.16,14415.0
13:25,771.58,771.7,771.37,771.7,12611.0
13:26,772.22,772.22,771.41,771.52,21988.0
13:27,772.44,772.5,772.09,772.16,26517.0
13:28,772.14,772.52,772.08,772.35,16746.0
13:29,772.36,772.4,772.13,772.2,8420.0
13:30,772.32,772.39,772.1,772.29,13169.0
13:31,772.41,772.61,772.2,772.31,20206.0
13:32,772.89,772.99,772.35,772.35,18708.0
13:33,772.83,773.04,772.39,772.8,19533.0
13:34,772.92,773.01,772.71,772.86,10731.0
13:35,772.81,773.01,772.63,772.76,15497.0
13:36,772.51,773.08,772.49,773.0,33487.0
13:37,772.9,773.04,772.56,772.74,12133.0
13:38,772.95,773.09,772.83,772.9,30130.0
13:39,772.74,772.95,772.49,772.95,12017.0
13:40,772.96,773.06,772.73,772.85,17252.0
13:41,772.95,773.15,772.68,772.85,11058.0
13:42,772.88,772.92,772.73,772.9,13842.0
13:43,773.33,773.42,772.86,772.98,53892.0
13:44,773.07,773.45,773.02,773.33,19028.0
13:45,772.7,773.07,772.7,773.07,9144.0
13:46,772.51,772.59,772.2,772.59,12053.0
13:47,772.48,772.57,772.33,772.5,6508.0
13:48,772.44,772.44,772.39,772.4,3822.0
13:49,772.69,772.69,772.25,772.35,9206.0
13:50,772.77,772.77,772.44,772.51,5425.0
13:51,772.7,772.7,772.41,772.43,4523.0
13:52,772.38,772.61,772.31,772.61,7663.0
13:53,771.73,772.42,771.58,772.29,17708.0
13:54,771.69,771.77,771.62,771.73,6653.0
13:55,771.5,771.68,771.4,771.6,11089.0
13:56,771.47,771.64,771.43,771.59,9135.0
13:57,771.18,771.47,771.09,771.47,36208.0
13:58,771.84,771.86,771.12,771.13,24099.0
13:59,772.12,772.12,771.72,771.97,9467.0
14:00,771.76,772.18,771.66,772.18,7830.0
14:01,771.27,771.59,771.27,771.55,5137.0
14:02,770.63,771.35,770.38,771.21,33907.0
14:03,770.4,770.74,770.3,770.59,26133.0
14:04,770.52,770.62,770.36,770.42,9032.0
14:05,770.55,770.67,770.26,770.52,97780.0
14:06,770.36,770.67,770.31,770.55,32175.0
14:07,770.21,770.67,770.2,770.27,22064.0
14:08,770.14,770.28,770.05,770.21,20198.0
14:09,770.09,770.21,770.01,770.19,12531.0
14:10,770.15,770.24,769.8,770.05,75763.0
14:11,770.0,770.26,769.87,770.26,33975.0
14:12,770.19,770.25,770.06,770.06,14987.0
14:13,770.14,770.17,770.08,770.08,32307.0
14:14,770.1,770.1,770.1,770.1,49627.0
14:15,769.98,770.12,769.88,770.09,12515.0
14:16,769.82,770.03,769.65,770.03,16386.0
14:17,770.11,770.11,769.82,769.83,10731.0
14:18,770.05,770.39,770.0,770.0,11821.0
14:19,770.16,770.32,770.05,770.05,14008.0
14:20,770.08,770.16,769.85,770.16,15148.0
14:21,769.98,770.21,769.87,770.08,12984.0
14:22,769.62,769.98,769.58,769.98,11357.0
14:23,769.73,769.78,769.59,769.69,7639.0
14:24,769.7,769.95,769.55,769.72,6570.0
14:25,769.75,769.78,769.54,769.54,5858.0
14:26,770.0,770.17,769.81,769.84,12439.0
14:27,769.96,769.96,769.84,769.84,6091.0
14:28,769.98,769.98,769.69,769.96,9879.0
14:29,770.11,770.11,769.76,769.93,15741.0
14:30,769.95,770.25,769.95,770.25,14211.0
14:31,769.8,769.98,769.76,769.91,4679.0
14:32,769.93,769.93,769.66,769.78,10926.0
14:33,769.95,770.09,769.82,769.87,11743.0
14:34,769.85,769.98,769.85,769.9,7089.0
14:35,769.79,769.88,769.74,769.83,7676.0
14:36,769.86,769.91,769.71,769.78,3506.0
14:37,769.9,770.0,769.87,769.88,10043.0
14:38,770.07,770.12,769.91,770.01,1.0
14:39,770.07,770.07,770.07,770.07,580.0
14:40,770.05,770.08,770.03,770.08,2228968.0
14:41,769.7,770.03,769.65,770.03,11320.0
14:42,769.88,769.92,769.64,769.64,10985.0
14:43,769.68,769.94,769.68,769.94,5653.0
14:44,769.77,769.8,769.7,769.78,5208.0
14:45,769.6,769.84,769.6,769.77,10363.0
14:46,769.99,770.14,769.67,769.67,19467.0
14:47,769.9,770.03,769.85,769.99,10075.0
14:48,769.74,769.84,769.72,769.82,3929.0
14:49,769.79,769.84,769.77,769.84,7225.0
14:50,769.85,769.9,769.62,769.72,14236.0
14:51,769.87,769.99,769.8,769.8,4510.0
14:52,769.85,769.97,769.75,769.9,5905.0
14:53,769.69,770.01,769.6,769.85,15754.0
14:54,769.09,769.66,769.07,769.6,31151.0
14:55,768.8,769.2,768.8,769.1,20233.0
14:56,769.2,769.21,768.81,768.91,16799.0
14:57,769.28,769.32,769.24,769.24,15862.0
14:58,768.22,769.26,768.21,769.19,29855.0
14:59,768.71,768.71,768.17,768.24,12819.0
15:00,768.88,769.14,768.59,768.59,13490.0
15:01,769.09,769.32,768.95,768.99,10694.0
15:02,769.1,769.15,768.59,769.1,19042.0
15:03,768.59,769.22,768.56,769.01,14265.0
15:04,768.67,768.75,768.54,768.57,10367.0
15:05,768.64,768.83,768.53,768.53,9839.0
15:06,768.51,768.66,768.5,768.58,12993.0
15:07,768.5,768.61,768.34,768.43,8120.0
15:08,768.94,768.94,768.46,768.46,15329.0
15:09,769.17,769.2,768.85,768.96,13565.0
15:10,769.03,769.15,768.93,769.08,15340.0
15:11,769.4,769.41,769.14,769.17,10156.0
15:12,769.15,769.36,769.0,769.33,11774.0
15:13,769.19,769.33,769.1,769.1,8938.0
15:14,769.39,769.52,769.23,769.25,12302.0
15:15,769.66,769.8,769.38,769.4,15108.0
15:16,769.5,769.73,769.4,769.66,17606.0
15:17,769.45,769.45,769.12,769.4,9147.0
15:18,769.66,769.68,769.4,769.41,9599.0
15:19,769.41,769.71,769.41,769.65,14165.0
15:20,768.82,769.3,768.63,769.3,27631.0
15:21,768.88,768.89,768.69,768.89,6303.0
15:22,768.77,769.02,768.69,768.88,23854.0
15:23,768.29,768.81,768.29,768.81,15142.0
15:24,768.25,768.34,768.0,768.3,27027.0
15:25,768.22,768.3,768.17,768.29,10966.0
15:26,768.37,768.37,768.09,768.09,21130.0
15:27,768.05,768.32,768.05,768.23,14445.0
15:28,767.98,768.15,767.85,768.08,31741.0
15:29,768.06,768.13,767.91,767.96,15769.0
15:30,767.71,768.04,767.6,768.04,24677.0
15:31,768.52,768.52,767.75,767.75,23959.0
15:32,768.51,768.54,768.37,768.42,84981.0
15:33,768.41,768.61,768.25,768.52,12867.0
15:34,768.71,769.04,768.48,768.48,29660.0
15:35,768.63,768.63,768.5,768.6,8381.0
15:36,768.21,768.55,768.21,768.55,11259.0
15:37,768.32,768.47,768.2,768.24,12372.0
15:38,768.14,768.29,768.03,768.24,12928.0
15:39,768.12,768.17,767.92,768.11,19365.0
15:40,768.01,768.37,768.0,768.14,41223.0
15:41,768.2,768.28,767.78,767.97,21677.0
15:42,768.22,768.28,768.0,768.2,24397.0
15:43,768.42,768.5,768.18,768.18,13116.0
15:44,768.4,768.49,768.3,768.42,13102.0
15:45,768.38,768.48,768.24,768.34,11370.0
15:46,768.33,768.56,768.25,768.39,15446.0
15:47,768.56,768.56,768.27,768.27,13429.0
15:48,768.54,768.85,768.54,768.66,19860.0
15:49,768.73,768.77,768.61,768.63,12058.0
15:50,768.16,769.5,768.1,768.76,59329.0
15:51,767.22,768.26,767.22,768.22,67387.0
15:52,768.1,768.1,766.85,767.3,56028.0
15:53,767.8,767.95,767.4,767.91,27889.0
15:54,766.0,767.78,765.2,767.78,96276.0
15:55,766.27,766.37,765.47,766.0,89596.0
15:56,765.49,766.38,765.38,766.38,93500.0
15:57,765.16,765.55,764.47,765.44,188586.0
15:58,764.55,765.19,764.53,765.14,179589.0
15:59,765.1,765.2,764.5,764.55,320302.0
