Time,Close,High,Low,Open,Volume
09:30,753.22,755.99,750.39,753.45,392764.0
09:31,753.44,753.96,752.0,753.53,72626.0
09:32,752.84,753.89,750.88,753.38,114990.0
09:33,751.96,753.4,751.96,753.0,41308.0
09:34,751.47,752.6,751.0,751.6,97039.0
09:35,751.89,752.01,749.88,751.54,61077.0
09:36,750.0,752.5,749.25,751.89,64231.0
09:37,748.49,750.62,747.8,750.28,61448.0
09:38,748.17,749.04,747.64,748.3,58668.0
09:39,749.22,749.31,747.77,748.47,93320.0
09:40,747.16,749.4,746.68,749.26,46958.0
09:41,747.16,748.54,746.63,747.36,39671.0
09:42,745.76,747.56,745.76,747.28,24490.0
09:43,744.88,746.65,744.55,746.0,39617.0
09:44,745.71,746.47,744.76,744.76,26017.0
09:45,747.28,747.5,745.02,745.53,73917.0
09:46,749.19,749.42,747.14,747.22,43485.0
09:47,748.5,749.05,748.3,749.05,37480.0
09:48,748.99,749.26,748.03,748.7,27094.0
09:49,748.74,749.61,748.74,749.25,39799.0
09:50,749.28,750.05,748.96,749.0,22533.0
09:51,749.1,750.0,748.49,749.72,26503.0
09:52,748.18,748.53,747.61,748.0,19575.0
09:53,748.57,748.73,747.71,747.9,18961.0
09:54,748.8,749.0,748.3,748.84,11750.0
09:55,749.6,749.85,748.37,748.74,22551.0
09:56,749.95,750.32,749.49,749.83,70378.0
09:57,748.94,750.15,748.38,750.14,25951.0
09:58,747.31,749.02,747.3,748.64,13058.0
09:59,746.43,747.59,746.12,747.31,29212.0
10:00,745.76,746.87,745.0,746.44,32871.0
10:01,746.64,747.17,745.63,745.66,30459.0
10:02,746.2,747.17,746.2,746.61,30600.0
10:03,746.62,746.92,746.08,746.33,20798.0
10:04,747.35,747.46,746.64,746.92,18519.0
10:05,748.0,748.01,747.41,747.41,16331.0
10:06,748.26,748.73,747.85,748.0,24112.0
10:07,748.42,748.64,748.29,748.43,12318.0
10:08,749.11,749.91,748.5,748.54,63771.0
10:09,749.22,749.56,748.82,749.37,23430.0
10:10,748.88,749.01,747.61,749.01,33727.0
10:11,749.36,749.96,748.62,748.95,16172.0
10:12,747.61,749.09,747.47,749.09,17101.0
10:13,747.62,748.13,747.28,747.32,16476.0
10:14,747.82,747.94,747.32,747.57,33243.0
10:15,748.92,749.69,747.0,747.82,39534.0
10:16,748.22,749.2,747.93,748.94,54891.0
10:17,748.42,749.39,747.9,748.22,62144.0
10:18,747.08,748.7,747.08,748.7,39223.0
10:19,748.33,748.73,747.07,747.21,45914.0
10:20,747.62,748.43,746.87,748.28,44286.0
10:21,748.02,748.64,747.7,747.7,25667.0
10:22,747.46,748.45,747.32,748.19,23572.0
10:23,747.14,747.73,746.86,747.39,30786.0
10:24,747.41,747.41,746.95,747.13,33253.0
10:25,746.66,747.24,746.45,747.06,21479.0
10:26,747.5,747.5,746.57,746.66,29654.0
10:27,746.24,747.4,746.13,747.16,22909.0
10:28,745.82,746.79,745.61,746.35,27305.0
10:29,747.11,747.47,745.72,745.72,25300.0
10:30,748.12,748.12,746.92,747.13,27027.0
10:31,747.2,748.15,747.01,748.15,16109.0
10:32,747.34,747.98,747.21,747.21,13098.0
10:33,747.21,747.73,747.21,747.27,11086.0
10:34,747.97,748.19,747.39,747.39,15487.0
10:35,747.49,748.16,747.42,748.0,18372.0
10:36,747.74,747.74,747.4,747.6,15759.0
10:37,747.9,748.24,747.48,747.87,20705.0
10:38,747.98,748.25,747.7,747.75,19328.0
10:39,747.96,748.06,747.47,747.92,11559.0
10:40,747.5,747.98,747.34,747.85,13179.0
10:41,749.3,749.3,747.58,747.62,19454.0
10:42,750.18,750.35,749.19,749.27,26114.0
10:43,748.74,750.35,748.54,750.03,19371.0
10:44,748.72,749.2,748.5,748.5,14214.0
10:45,748.52,749.07,748.48,748.56,15249.0
10:46,748.67,749.3,748.59,748.59,6004.0
10:47,749.7,749.99,748.87,748.87,16287.0
10:48,750.5,750.5,749.75,749.99,16280.0
10:49,750.09,750.34,749.5,750.22,17287.0
10:50,749.18,750.08,749.08,750.0,18862.0
10:51,749.1,750.09,748.8,749.36,27029.0
10:52,749.15,749.16,748.41,748.92,13949.0
10:53,748.93,749.2,748.84,749.02,8971.0
10:54,748.62,749.03,748.45,748.93,8280.0
10:55,749.2,749.22,748.61,748.61,15374.0
10:56,749.43,749.82,748.75,749.0,21914.0
10:57,749.21,749.5,749.1,749.24,18904.0
10:58,749.04,749.43,749.0,749.21,9330.0
10:59,749.01,749.09,748.87,748.9,11713.0
11:00,748.92,749.21,748.5,748.93,12378.0
11:01,748.28,749.0,748.26,748.71,16741.0
11:02,748.24,748.59,748.24,748.31,11191.0
11:03,748.69,748.69,748.22,748.49,16470.0
11:04,749.01,749.05,748.66,748.91,13898.0
11:05,749.01,749.2,748.79,748.9,13662.0
11:06,748.62,749.13,748.62,748.88,8017.0
11:07,748.49,748.71,748.17,748.59,7057.0
11:08,748.15,748.79,748.11,748.52,15146.0
11:09,748.08,748.23,747.81,748.12,20567.0
11:10,748.39,748.88,747.95,747.97,11317.0
11:11,749.92,749.98,748.35,748.52,22706.0
11:12,750.18,750.18,749.55,749.82,6420.0
11:13,750.23,750.25,749.39,750.2,14141.0
11:14,750.0,750.37,749.39,750.34,15359.0
11:15,750.12,750.69,749.78,749.79,12099.0
11:16,751.04,751.04,749.74,749.74,8317.0
11:17,751.93,752.06,750.91,750.91,19337.0
11:18,751.84,752.15,751.46,752.0,14043.0
11:19,752.39,752.58,751.68,751.8,12622.0
11:20,752.21,752.86,751.81,752.58,19529.0
11:21,752.26,752.58,752.0,752.14,29355.0
11:22,751.84,752.56,751.51,752.56,11275.0
11:23,752.53,752.94,751.76,751.87,10183.0
11:24,752.33,752.9,752.11,752.14,8475.0
11:25,752.08,752.51,751.55,752.17,18343.0
11:26,751.75,752.35,751.75,752.34,8980.0
11:27,752.5,753.0,751.92,752.02,7658.0
11:28,752.85,753.1,752.53,752.91,5790.0
11:29,752.31,753.1,752.23,752.83,8132.0
11:30,752.39,752.97,752.23,752.41,13794.0
11:31,752.47,752.7,752.27,752.43,5557.0
11:32,752.27,752.59,752.16,752.25,5827.0
11:33,753.45,753.56,752.45,752.45,16544.0
11:34,753.9,754.27,753.51,753.51,11726.0
11:35,754.43,754.79,753.96,753.96,12604.0
11:36,754.61,754.84,754.18,754.54,9310.0
11:37,755.0,755.0,754.26,754.76,11929.0
11:38,755.15,755.39,755.01,755.02,11614.0
11:39,756.14,756.32,755.15,755.15,19156.0
11:40,756.09,756.19,755.69,756.13,9895.0
11:41,756.38,756.48,755.87,756.02,21576.0
11:42,755.94,756.24,755.71,756.1,11230.0
11:43,755.51,756.19,755.38,756.11,11306.0
11:44,755.36,755.49,754.78,755.26,7993.0
11:45,755.07,755.46,755.05,755.32,12653.0
11:46,755.1,755.4,754.91,755.14,9232.0
11:47,754.96,755.04,754.57,755.03,7129.0
11:48,754.76,755.23,754.75,755.1,6947.0
11:49,754.92,755.0,754.68,754.89,7469.0
11:50,754.88,754.97,754.46,754.97,9493.0
11:51,754.83,755.0,754.65,754.93,8112.0
11:52,754.77,755.1,754.46,754.98,17995.0
11:53,754.61,754.89,754.42,754.89,5029.0
11:54,754.87,755.1,754.56,754.61,8710.0
11:55,754.82,754.97,754.77,754.83,3420.0
11:56,754.85,754.99,754.41,754.82,9742.0
11:57,754.24,754.93,754.24,754.85,8776.0
11:58,753.93,754.38,753.81,754.18,8869.0
11:59,754.35,754.35,753.71,753.92,10598.0
12:00,755.59,755.99,754.19,754.19,11413.0
12:01,755.96,755.96,755.48,755.82,9487.0
12:02,755.94,756.77,755.81,756.0,13228.0
12:03,755.44,755.98,755.43,755.98,4405.0
12:04,755.12,755.67,755.12,755.6,7104.0
12:05,755.32,755.74,755.13,755.5,5868.0
12:06,755.33,755.64,755.25,755.6,3486.0
12:07,754.98,755.5,754.87,755.41,5618.0
12:08,755.0,755.07,754.6,754.6,5525.0
12:09,754.9,755.31,754.75,755.29,5038.0
12:10,755.67,755.8,755.24,755.24,5184.0
12:11,756.01,756.24,755.36,755.65,10283.0
12:12,756.33,756.33,755.92,755.92,5865.0
12:13,756.22,756.38,756.0,756.09,7250.0
12:14,755.96,756.3,755.73,756.2,4224.0
12:15,756.6,756.64,755.78,756.14,11759.0
12:16,756.01,756.69,756.01,756.44,10273.0
12:17,756.16,756.55,755.93,756.25,6767.0
12:18,756.59,756.67,756.16,756.18,7883.0
12:19,756.39,756.6,756.2,756.26,5204.0
12:20,756.44,756.61,756.22,756.57,5423.0
12:21,755.33,756.34,755.33,756.34,7951.0
12:22,754.62,755.05,754.4,754.94,5429.0
12:23,754.63,754.85,754.48,754.82,6014.0
12:24,755.27,755.27,754.6,754.8,7832.0
12:25,754.63,755.41,754.63,755.16,7481.0
12:26,754.15,754.7,754.1,754.7,5228.0
12:27,753.96,754.27,753.96,754.25,7429.0
12:28,754.13,754.53,754.0,754.04,7342.0
12:29,754.13,754.39,754.1,754.2,9619.0
12:30,755.0,755.02,754.21,754.21,4851.0
12:31,754.8,754.92,754.61,754.92,7180.0
12:32,754.06,754.56,754.04,754.51,15986.0
12:33,753.41,753.78,753.12,753.74,4038.0
12:34,753.76,753.86,753.28,753.41,9950.0
12:35,753.75,754.2,753.75,753.95,3208.0
12:36,753.85,753.85,753.57,753.63,2742.0
12:37,753.53,753.89,753.3,753.89,3755.0
12:38,753.3,753.56,753.23,753.43,5388.0
12:39,752.36,753.25,752.32,753.13,16767.0
12:40,751.19,752.39,751.19,752.39,12434.0
12:41,751.26,751.7,751.24,751.52,11870.0
12:42,751.34,751.58,751.0,751.39,13518.0
12:43,751.94,752.16,751.18,751.34,14356.0
12:44,751.67,752.08,751.67,751.99,2783.0
12:45,751.68,751.74,751.31,751.55,9166.0
12:46,751.47,751.77,751.47,751.6,5713.0
12:47,751.25,751.67,751.25,751.62,2967.0
12:48,750.78,751.62,750.56,751.37,8222.0
12:49,750.95,750.95,750.29,750.58,11474.0
12:50,750.49,750.87,750.37,750.87,8517.0
12:51,750.52,750.7,750.37,750.4,7752.0
12:52,750.45,750.58,750.39,750.56,7049.0
12:53,749.85,750.25,749.62,750.25,17946.0
12:54,750.24,750.24,749.58,749.83,7508.0
12:55,750.08,750.28,749.94,750.28,4711.0
12:56,750.14,750.28,749.89,750.28,5849.0
12:57,750.1,750.64,750.1,750.14,9195.0
12:58,750.17,750.34,750.11,750.34,2922.0
12:59,750.29,750.29,750.0,750.0,5872.0
13:00,750.29,750.61,749.91,750.07,3524.0
13:01,750.56,750.69,750.26,750.26,5097.0
13:02,751.02,751.27,750.42,750.71,8936.0
13:03,750.76,751.04,750.76,751.03,4716.0
13:04,750.93,750.99,750.71,750.84,5523.0
13:05,750.86,751.1,750.55,750.93,7464.0
13:06,750.95,751.13,750.95,750.95,5037.0
13:07,750.62,750.95,750.55,750.95,3575.0
13:08,751.43,751.43,750.55,750.57,11602.0
13:09,751.23,751.24,751.0,751.0,3489.0
13:10,751.23,751.23,750.7,751.11,5679.0
13:11,750.4,751.05,750.37,751.05,5264.0
13:12,751.26,751.26,750.34,750.34,15757.0
13:13,751.73,751.77,751.61,751.62,3883.0
13:14,751.0,751.68,750.67,751.68,10598.0
13:15,750.9,750.9,750.33,750.43,5696.0
13:16,750.83,750.91,750.68,750.68,2109.0
13:17,751.29,751.29,750.7,750.7,12880.0
13:18,750.95,751.22,750.86,751.13,6353.0
13:19,750.65,750.83,750.51,750.83,3247.0
13:20,750.92,751.0,750.62,750.86,7211.0
13:21,750.15,750.78,750.05,750.73,8081.0
13:22,749.89,750.47,749.84,750.34,6217.0
13:23,749.67,750.22,749.47,749.98,12055.0
13:24,749.61,749.78,749.3,749.73,8488.0
13:25,750.14,750.14,749.6,749.6,7114.0
13:26,750.17,750.49,749.81,749.95,7871.0
13:27,750.34,750.68,750.27,750.32,8469.0
13:28,749.88,750.44,749.85,750.44,8580.0
13:29,749.46,750.01,749.3,749.88,3723.0
13:30,749.53,749.79,749.23,749.63,10248.0
13:31,749.2,749.95,749.2,749.69,4086.0
13:32,749.18,749.28,748.95,749.03,7413.0
13:33,749.24,749.96,749.01,749.01,7163.0
13:34,749.48,749.73,749.33,749.33,3682.0
13:35,749.51,749.65,749.22,749.45,5313.0
13:36,748.89,749.55,748.75,749.35,7909.0
13:37,748.7,748.92,748.66,748.89,5183.0
13:38,748.98,749.02,748.8,748.87,6313.0
13:39,748.69,749.24,748.69,749.24,3648.0
13:40,748.34,748.69,748.17,748.65,6715.0
13:41,747.98,748.56,747.82,748.37,16413.0
13:42,747.49,748.02,747.32,748.02,16210.0
13:43,747.84,747.97,747.37,747.67,15437.0
13:44,747.77,748.07,747.77,747.84,4451.0
13:45,747.65,747.77,747.47,747.77,4269.0
13:46,747.54,748.0,747.32,747.55,7600.0
13:47,747.44,747.56,747.22,747.44,7805.0
13:48,747.48,747.67,747.48,747.51,3491.0
13:49,746.77,747.55,746.59,747.53,26655.0
13:50,747.57,747.57,746.67,746.67,9516.0
13:51,747.18,747.48,747.0,747.48,4025.0
13:52,747.13,747.29,746.78,747.28,14262.0
13:53,747.61,747.61,747.19,747.29,6433.0
13:54,747.55,747.8,747.12,747.35,13047.0
13:55,747.46,748.0,747.31,747.72,9335.0
13:56,747.28,747.59,747.27,747.43,8167.0
13:57,747.04,747.31,746.25,747.21,26562.0
13:58,747.3,747.54,747.0,747.18,23869.0
13:59,747.31,747.61,747.24,747.3,10622.0
14:00,746.69,747.66,746.49,747.62,9169.0
14:01,746.92,747.31,746.89,746.89,9821.0
14:02,746.6,747.16,746.39,747.16,12211.0
14:03,746.78,747.15,746.78,747.01,6627.0
14:04,746.68,747.25,746.66,746.82,11120.0
14:05,748.0,748.0,746.83,747.0,12918.0
14:06,748.38,748.5,747.82,748.05,8844.0
14:07,747.69,748.52,747.68,748.3,9722.0
14:08,747.84,748.01,747.54,747.84,10357.0
14:09,748.13,748.31,747.72,748.07,7930.0
14:10,749.06,749.07,748.26,748.26,9913.0
14:11,748.97,749.3,748.74,749.0,9749.0
14:12,749.13,749.6,748.8,748.97,8980.0
14:13,749.47,749.47,749.02,749.18,5238.0
14:14,749.89,750.0,749.31,749.31,7183.0
14:15,750.15,750.29,749.78,749.84,9654.0
14:16,749.69,750.15,749.69,750.11,9227.0
14:17,749.99,750.0,749.76,749.86,7635.0
14:18,749.76,750.32,749.73,750.0,16567.0
14:19,749.81,750.09,749.75,749.76,9132.0
14:20,749.84,749.96,749.59,749.66,4421.0
14:21,749.7,750.0,749.7,749.98,5545.0
14:22,749.76,749.95,749.57,749.84,4849.0
14:23,749.46,749.81,749.12,749.53,3781.0
14:24,749.53,749.95,749.52,749.75,4258.0
14:25,750.28,750.53,749.65,749.8,16133.0
14:26,749.67,750.4,749.64,750.26,7189.0
14:27,749.84,750.02,749.37,749.66,6917.0
14:28,749.51,749.78,749.51,749.78,3099.0
14:29,749.78,750.0,749.57,749.72,9532.0
14:30,749.66,750.01,749.56,749.61,6278.0
14:31,750.07,750.07,749.6,749.6,5065.0
14:32,749.89,750.4,749.89,750.05,4884.0
14:33,749.42,749.89,749.42,749.89,4357.0
14:34,750.02,750.21,749.72,749.72,6628.0
14:35,750.31,750.41,750.03,750.03,4964.0
14:36,750.1,750.33,749.84,750.15,7107.0
14:37,750.27,750.27,749.91,750.06,5352.0
14:38,750.47,750.47,750.13,750.26,6740.0
14:39,750.8,750.96,750.53,750.72,6905.0
14:40,751.26,751.31,750.65,750.65,11131.0
14:41,751.37,751.37,751.05,751.1,8820.0
14:42,750.73,751.38,750.72,751.36,19592.0
14:43,750.77,750.89,750.58,750.81,9253.0
14:44,750.47,750.62,749.96,750.55,15106.0
14:45,749.86,750.41,749.86,750.41,4871.0
14:46,749.55,750.12,749.13,749.84,8441.0
14:47,749.48,749.88,749.39,749.77,4958.0
14:48,750.01,750.15,749.63,749.72,6610.0
14:49,750.15,750.52,749.83,749.99,5092.0
14:50,749.98,750.16,749.73,750.16,5084.0
14:51,749.93,750.0,749.79,749.9,5942.0
14:52,749.69,749.74,749.5,749.74,3693.0
14:53,750.02,750.02,749.78,749.87,4480.0
14:54,750.08,750.4,750.01,750.1,4964.0
14:55,750.26,750.35,750.1,750.27,6207.0
14:56,749.94,750.3,749.94,750.14,7629.0
14:57,749.9,749.91,749.69,749.87,3827.0
14:58,750.04,750.07,749.77,749.77,2827.0
14:59,750.03,750.16,749.9,750.05,6413.0
15:00,750.16,750.24,749.99,750.04,5196.0
15:01,749.93,750.23,749.84,750.23,4198.0
15:02,750.05,750.2,750.01,750.07,5477.0
15:03,750.0,750.0,749.81,749.99,5061.0
15:04,750.18,750.22,750.04,750.04,4303.0
15:05,750.52,750.75,750.18,750.19,8453.0
15:06,750.54,750.75,750.45,750.62,11123.0
15:07,750.01,750.5,750.0,750.5,4288.0
15:08,750.29,750.39,749.77,750.01,7582.0
15:09,750.17,750.17,750.07,750.07,2607.0
15:10,750.23,750.4,750.06,750.2,5265.0
15:11,750.65,750.75,750.39,750.4,5898.0
15:12,750.5,750.8,750.5,750.8,3602.0
15:13,750.23,750.74,750.23,750.5,7744.0
15:14,750.04,750.32,750.0,750.2,5216.0
15:15,750.01,750.16,749.85,750.0,7050.0
15:16,749.7,749.93,749.7,749.93,6713.0
15:17,749.77,749.84,749.7,749.74,5596.0
15:18,749.9,749.98,749.83,749.98,3979.0
15:19,749.74,750.03,749.74,749.98,7335.0
15:20,749.95,750.0,749.7,749.72,6911.0
15:21,749.67,749.99,749.5,749.99,9396.0
15:22,749.64,749.73,749.53,749.58,6716.0
15:23,749.26,749.6,749.2,749.6,6072.0
15:24,748.68,749.28,748.54,749.2,11501.0
15:25,749.26,749.62,748.53,748.85,13498.0
15:26,749.17,749.5,749.05,749.41,9504.0
15:27,749.0,749.27,749.0,749.27,8009.0
15:28,749.14,749.35,748.86,749.08,10125.0
15:29,749.49,749.49,749.16,749.2,7116.0
15:30,749.83,749.93,749.44,749.56,8326.0
15:31,749.76,749.84,749.65,749.72,4995.0
15:32,749.83,749.96,749.74,749.82,7298.0
15:33,749.67,749.92,749.67,749.89,5432.0
15:34,749.5,749.7,749.24,749.7,10640.0
15:35,749.49,749.57,749.25,749.25,8978.0
15:36,749.6,749.86,749.43,749.86,9754.0
15:37,749.25,749.44,749.21,749.43,10273.0
15:38,749.14,749.52,749.11,749.52,7490.0
15:39,749.18,749.37,749.04,749.21,7843.0
15:40,749.29,749.3,748.98,749.15,19375.0
15:41,748.98,749.18,748.86,749.1,11832.0
15:42,748.9,749.05,748.82,748.85,14988.0
15:43,748.78,748.98,748.73,748.98,9030.0
15:44,749.02,749.04,748.81,748.81,16303.0
15:45,748.86,749.25,748.85,748.97,11811.0
15:46,749.08,749.14,748.91,749.01,7042.0
15:47,748.96,749.06,748.91,749.01,8652.0
15:48,749.06,749.29,748.8,748.91,13861.0
15:49,749.46,749.47,749.14,749.18,6120.0
15:50,749.2,749.8,749.12,749.5,19814.0
15:51,749.22,749.58,749.13,749.13,19201.0
15:52,749.22,749.4,749.18,749.29,18551.0
15:53,749.5,749.63,749.22,749.44,25526.0
15:54,748.75,749.9,748.74,749.63,31073.0
15:55,749.16,749.26,748.84,748.97,29664.0
15:56,749.29,749.42,749.1,749.17,27141.0
15:57,749.6,749.64,749.29,749.38,25799.0
15:58,749.56,749.82,749.45,749.59,2522701.0
15:59,748.91,749.63,748.87,749.56,1.0
