Time,Close,High,Low,Open,Volume
09:30,643.72,644.44,638.47,639.54,467759.0
09:31,641.65,643.72,641.5,643.36,85186.0
09:32,640.5,642.32,640.31,641.99,51288.0
09:33,640.25,640.81,639.8,640.5,46438.0
09:34,640.53,640.6,638.84,640.14,58883.0
09:35,639.8,640.86,639.63,640.47,40634.0
09:36,639.86,640.8,639.5,639.88,41863.0
09:37,640.76,640.91,639.19,639.75,51316.0
09:38,640.96,641.11,640.45,640.7,38459.0
09:39,639.01,640.96,639.01,640.96,35735.0
09:40,639.26,640.1,639.0,639.16,41700.0
09:41,639.54,639.8,638.56,639.23,30432.0
09:42,639.28,639.74,638.75,639.51,21577.0
09:43,638.15,639.31,638.06,639.27,49580.0
09:44,638.45,638.51,637.76,638.08,60565.0
09:45,639.41,639.42,638.0,638.52,24928.0
09:46,639.16,639.78,639.05,639.54,29101.0
09:47,640.15,640.25,639.15,639.27,40103.0
09:48,639.8,641.13,639.7,640.3,35376.0
09:49,639.51,640.41,639.41,639.82,23105.0
09:50,640.36,640.42,639.29,639.53,32584.0
09:51,640.58,640.75,639.9,640.49,21273.0
09:52,641.43,641.74,640.45,640.63,26922.0
09:53,641.78,641.97,641.04,641.59,36303.0
09:54,642.09,642.37,641.78,641.85,33005.0
09:55,643.41,643.5,641.89,642.07,51081.0
09:56,644.66,645.0,643.45,643.45,55968.0
09:57,644.89,645.0,644.22,644.5,37170.0
09:58,644.17,645.08,643.91,644.89,36196.0
09:59,644.7,644.76,643.88,644.23,32546.0
10:00,644.5,644.98,644.42,644.81,28803.0
10:01,644.86,645.27,644.5,644.5,28823.0
10:02,645.03,645.24,644.7,644.73,35002.0
10:03,644.6,645.13,644.41,645.05,24599.0
10:04,644.79,645.29,644.6,644.6,21692.0
10:05,644.58,645.0,644.43,644.79,20551.0
10:06,644.12,644.55,644.01,644.55,19494.0
10:07,644.97,644.99,644.01,644.07,15216.0
10:08,644.74,645.1,644.5,644.78,23519.0
10:09,644.7,645.17,644.7,644.9,14877.0
10:10,644.7,644.78,644.13,644.78,21762.0
10:11,644.88,644.94,644.35,644.71,18287.0
10:12,644.52,644.94,644.1,644.81,15971.0
10:13,644.83,644.83,644.1,644.47,16327.0
10:14,644.41,644.74,644.25,644.74,15806.0
10:15,643.91,644.48,643.85,644.48,32120.0
10:16,644.16,644.19,643.73,643.91,25690.0
10:17,644.26,644.61,644.0,644.21,15906.0
10:18,644.18,644.48,643.92,644.39,12779.0
10:19,643.89,644.29,643.75,644.07,12249.0
10:20,642.94,644.01,642.7,643.81,24953.0
10:21,642.41,642.91,642.11,642.91,17621.0
10:22,642.64,642.85,642.33,642.33,14400.0
10:23,642.6,643.02,642.53,642.63,16321.0
10:24,642.75,642.94,642.52,642.6,13587.0
10:25,641.72,642.78,641.63,642.74,26265.0
10:26,641.16,641.74,641.1,641.7,17140.0
10:27,640.92,641.34,640.22,641.11,23959.0
10:28,640.38,641.14,640.25,640.83,18730.0
10:29,639.49,640.35,639.37,640.35,38753.0
10:30,639.29,639.58,639.11,639.44,41524.0
10:31,639.75,639.83,639.16,639.22,23632.0
10:32,640.23,640.36,639.63,639.75,26920.0
10:33,639.9,640.7,639.9,640.21,39988.0
10:34,639.0,639.88,639.0,639.88,38629.0
10:35,639.23,639.35,638.4,639.0,81117.0
10:36,639.88,640.13,638.97,639.35,38290.0
10:37,639.64,640.25,639.62,639.88,39142.0
10:38,640.29,640.35,639.46,639.65,22268.0
10:39,640.4,640.7,640.15,640.33,22976.0
10:40,639.94,640.82,639.87,640.48,29685.0
10:41,639.48,640.16,639.42,639.89,35952.0
10:42,639.8,640.28,639.39,639.47,25687.0
10:43,639.47,639.89,639.23,639.89,15462.0
10:44,639.42,639.5,639.03,639.3,15693.0
10:45,639.55,639.75,639.38,639.54,10139.0
10:46,639.36,639.75,639.32,639.58,13435.0
10:47,639.7,639.7,639.34,639.46,14743.0
10:48,639.64,639.75,639.27,639.55,14409.0
10:49,639.78,639.96,639.3,639.56,27439.0
10:50,639.94,640.22,639.73,639.86,21466.0
10:51,640.3,640.38,639.83,640.02,16176.0
10:52,640.96,641.0,640.23,640.23,22103.0
10:53,641.03,641.3,640.91,640.97,20191.0
10:54,641.48,641.7,641.0,641.07,21023.0
10:55,641.23,641.48,640.98,641.48,18194.0
10:56,641.22,641.48,641.02,641.29,17615.0
10:57,641.61,641.78,641.16,641.28,15292.0
10:58,642.27,642.27,641.61,641.61,23476.0
10:59,642.46,642.69,642.1,642.4,28828.0
11:00,642.05,642.58,642.05,642.48,20105.0
11:01,642.15,642.5,642.15,642.15,13903.0
11:02,641.63,642.15,641.5,642.15,21528.0
11:03,641.91,641.98,641.46,641.52,11042.0
11:04,642.13,642.25,641.84,641.92,12359.0
11:05,641.95,642.2,641.68,642.12,13605.0
11:06,641.53,642.01,641.45,641.91,12417.0
11:07,641.22,641.5,641.11,641.5,13477.0
11:08,641.26,641.37,641.03,641.14,9323.0
11:09,641.66,641.87,641.1,641.23,27484.0
11:10,641.71,641.87,641.4,641.57,9901.0
11:11,641.2,641.65,641.04,641.65,14116.0
11:12,641.14,641.39,640.84,641.13,9550.0
11:13,641.11,641.47,640.98,641.15,10179.0
11:14,640.82,641.1,640.67,641.1,12460.0
11:15,640.22,640.7,640.14,640.7,19611.0
11:16,640.49,640.66,640.22,640.29,20540.0
11:17,641.03,641.03,640.22,640.4,12159.0
11:18,641.64,641.85,640.85,640.86,11007.0
11:19,641.59,641.88,641.48,641.72,10522.0
11:20,642.29,642.34,641.53,641.59,14693.0
11:21,642.05,642.51,642.05,642.34,28462.0
11:22,642.0,642.26,641.87,642.01,17585.0
11:23,642.01,642.22,641.93,642.05,8094.0
11:24,641.93,642.34,641.68,642.1,14895.0
11:25,642.15,642.4,641.82,641.96,26340.0
11:26,642.6,642.6,642.15,642.35,14336.0
11:27,642.53,642.61,642.41,642.6,8802.0
11:28,642.5,642.52,642.26,642.52,8262.0
11:29,642.73,642.77,642.33,642.5,7308.0
11:30,643.31,643.46,642.78,642.78,14953.0
11:31,643.33,643.54,643.22,643.39,10292.0
11:32,643.3,643.52,643.17,643.26,8311.0
11:33,643.05,643.3,642.76,643.3,9520.0
11:34,643.19,643.29,642.83,643.0,4400.0
11:35,643.28,643.43,643.0,643.23,9396.0
11:36,643.01,643.35,642.96,643.31,6904.0
11:37,643.28,643.4,643.01,643.01,10372.0
11:38,643.42,643.48,643.1,643.24,8659.0
11:39,643.34,643.5,643.26,643.44,7926.0
11:40,643.35,643.47,643.16,643.35,8704.0
11:41,643.96,644.03,643.44,643.44,18997.0
11:42,644.19,644.3,643.87,643.95,15216.0
11:43,644.59,644.67,644.2,644.24,10939.0
11:44,644.42,644.86,644.38,644.61,18708.0
11:45,644.16,644.44,643.94,644.44,9954.0
11:46,644.26,644.37,644.06,644.16,7648.0
11:47,644.44,644.44,644.11,644.3,8410.0
11:48,643.96,644.49,643.93,644.39,9374.0
11:49,643.82,644.02,643.68,644.02,6099.0
11:50,643.71,643.96,643.62,643.83,7582.0
11:51,643.73,643.86,643.68,643.77,7209.0
11:52,643.78,643.9,643.68,643.79,5106.0
11:53,643.88,643.95,643.62,643.7,21338.0
11:54,643.62,643.89,643.57,643.89,12453.0
11:55,643.4,643.74,643.4,643.74,8621.0
11:56,643.15,643.53,643.12,643.43,12278.0
11:57,643.14,643.3,643.13,643.15,7655.0
11:58,643.24,643.31,643.06,643.14,7305.0
11:59,643.17,643.23,643.03,643.14,6523.0
12:00,643.28,643.34,642.85,643.2,13572.0
12:01,643.52,643.69,643.21,643.31,7528.0
12:02,643.32,643.49,643.23,643.45,8054.0
12:03,643.17,643.41,643.08,643.33,8692.0
12:04,643.68,643.68,643.26,643.26,6220.0
12:05,643.3,643.76,643.25,643.62,7817.0
12:06,643.59,643.65,643.29,643.29,8290.0
12:07,643.68,643.77,643.5,643.62,7347.0
12:08,643.5,643.7,643.48,643.64,4196.0
12:09,643.23,643.59,643.22,643.52,10460.0
12:10,643.41,643.46,643.22,643.23,8306.0
12:11,643.24,643.55,643.2,643.37,9346.0
12:12,643.29,643.42,643.2,643.24,3582.0
12:13,643.25,643.45,643.14,643.29,7137.0
12:14,643.22,643.4,643.18,643.24,5301.0
12:15,642.84,643.3,642.8,643.3,14263.0
12:16,643.05,643.15,642.61,642.88,9287.0
12:17,642.83,643.25,642.83,643.13,8577.0
12:18,642.95,643.14,642.94,643.05,3447.0
12:19,643.03,643.1,642.81,642.89,6644.0
12:20,642.81,642.96,642.76,642.96,6092.0
12:21,642.97,642.99,642.79,642.83,4576.0
12:22,643.02,643.17,642.97,643.0,9362.0
12:23,642.81,643.16,642.81,643.03,3865.0
12:24,642.92,642.92,642.71,642.71,4709.0
12:25,642.94,643.11,642.78,642.91,5517.0
12:26,643.1,643.16,642.88,642.9,4137.0
12:27,643.59,643.71,643.18,643.18,8856.0
12:28,643.63,643.7,643.47,643.67,6407.0
12:29,643.51,643.76,643.45,643.52,9981.0
12:30,643.16,643.68,643.1,643.53,10340.0
12:31,643.34,643.51,643.14,643.16,8879.0
12:32,643.06,643.43,643.05,643.3,9141.0
12:33,642.89,643.03,642.81,643.01,11532.0
12:34,643.0,643.11,642.75,642.96,8153.0
12:35,643.29,643.32,643.03,643.03,5635.0
12:36,643.42,643.45,643.24,643.26,6441.0
12:37,643.42,643.53,643.33,643.38,6458.0
12:38,643.25,643.41,643.13,643.36,3973.0
12:39,643.3,643.36,643.19,643.3,5885.0
12:40,643.54,643.7,643.31,643.31,6058.0
12:41,643.63,643.7,643.5,643.55,6414.0
12:42,643.7,643.74,643.5,643.61,9096.0
12:43,643.61,643.81,643.6,643.7,6778.0
12:44,643.73,643.79,643.57,643.57,5066.0
12:45,643.96,644.02,643.78,643.78,8894.0
12:46,643.74,644.0,643.72,643.98,7851.0
12:47,643.37,643.72,643.37,643.6,12528.0
12:48,643.57,643.61,643.42,643.45,9963.0
12:49,643.51,643.62,643.5,643.57,9268.0
12:50,642.96,643.51,642.96,643.49,11088.0
12:51,643.08,643.14,642.96,642.96,7082.0
12:52,643.36,643.36,643.01,643.01,4762.0
12:53,643.4,643.5,643.26,643.26,8126.0
12:54,643.27,643.51,643.24,643.42,5546.0
12:55,643.22,643.44,643.22,643.27,5600.0
12:56,643.28,643.44,643.13,643.34,4707.0
12:57,643.39,643.55,643.27,643.27,14331.0
12:58,643.6,643.77,643.39,643.39,6627.0
12:59,643.62,643.71,643.52,643.63,3749.0
13:00,643.73,643.8,643.58,643.59,4609.0
13:01,643.76,643.86,643.68,643.78,4866.0
13:02,643.67,643.91,643.67,643.8,6158.0
13:03,643.73,643.95,643.61,643.61,5830.0
13:04,643.67,643.78,643.5,643.73,6585.0
13:05,643.64,643.83,643.6,643.76,6539.0
13:06,643.49,643.77,643.41,643.66,6877.0
13:07,643.49,643.58,643.37,643.49,7500.0
13:08,643.64,643.64,643.36,643.45,5214.0
13:09,643.58,643.75,643.58,643.62,8781.0
13:10,643.55,643.62,643.46,643.53,7174.0
13:11,643.77,643.86,643.46,643.59,9571.0
13:12,643.94,643.95,643.68,643.68,3383.0
13:13,643.89,644.24,643.88,643.94,8490.0
13:14,643.61,643.82,643.58,643.8,5773.0
13:15,643.69,643.75,643.48,643.55,5251.0
13:16,643.45,643.7,643.35,643.69,6849.0
13:17,643.16,643.5,643.14,643.5,9750.0
13:18,643.16,643.19,642.93,643.1,11472.0
13:19,643.15,643.2,643.04,643.16,6674.0
13:20,642.35,643.14,642.35,643.14,19873.0
13:21,642.21,642.51,642.21,642.33,13787.0
13:22,641.98,642.21,641.93,642.15,20472.0
13:23,641.85,642.02,641.74,642.0,17853.0
13:24,641.95,642.05,641.8,641.8,19096.0
13:25,641.93,642.05,641.85,641.95,5409.0
13:26,641.98,642.05,641.77,641.93,18349.0
13:27,641.77,641.98,641.77,641.95,8500.0
13:28,641.74,641.79,641.6,641.73,14710.0
13:29,641.67,641.78,641.44,641.74,12949.0
13:30,641.84,641.96,641.68,641.68,16237.0
13:31,642.19,642.19,641.74,641.82,9756.0
13:32,641.81,642.2,641.66,642.19,10795.0
13:33,642.12,642.19,641.82,641.85,8478.0
13:34,642.04,642.23,641.98,642.23,7723.0
13:35,641.95,642.12,641.92,642.04,8275.0
13:36,641.74,642.0,641.68,641.96,14960.0
13:37,641.6,641.74,641.45,641.74,11982.0
13:38,641.6,641.62,641.47,641.56,8973.0
13:39,641.59,641.83,641.53,641.59,17946.0
13:40,641.38,641.53,641.32,641.52,8000.0
13:41,641.44,641.5,641.23,641.39,11060.0
13:42,641.27,641.47,641.2,641.47,7780.0
13:43,641.56,641.7,641.28,641.3,9075.0
13:44,641.81,641.85,641.59,641.59,7570.0
13:45,641.94,642.04,641.72,641.79,11711.0
13:46,642.28,642.41,642.05,642.07,14569.0
13:47,642.24,642.27,642.07,642.24,10447.0
13:48,642.2,642.34,642.17,642.21,7642.0
13:49,642.13,642.21,642.09,642.19,7176.0
13:50,642.39,642.42,642.14,642.17,11155.0
13:51,642.57,642.57,642.22,642.4,11647.0
13:52,642.43,642.58,642.39,642.55,11363.0
13:53,642.34,642.51,642.28,642.43,12577.0
13:54,642.17,642.36,642.14,642.3,10252.0
13:55,642.08,642.3,642.08,642.13,7316.0
13:56,642.45,642.5,642.09,642.09,8248.0
13:57,642.59,642.69,642.45,642.45,7387.0
13:58,642.53,642.57,642.46,642.57,6634.0
13:59,642.72,642.87,642.48,642.56,12060.0
14:00,642.47,642.71,642.44,642.7,6904.0
14:01,642.4,642.48,642.23,642.44,8116.0
14:02,642.28,642.4,642.2,642.4,8439.0
14:03,642.44,642.44,642.27,642.32,5664.0
14:04,641.92,642.41,641.87,642.39,10148.0
14:05,641.66,641.96,641.63,641.92,10444.0
14:06,641.85,641.87,641.42,641.62,10644.0
14:07,641.71,641.99,641.71,641.86,10562.0
14:08,641.73,641.92,641.7,641.73,13104.0
14:09,641.88,641.98,641.62,641.82,10091.0
14:10,641.9,641.9,641.71,641.81,5059.0
14:11,641.82,642.0,641.75,641.76,5327.0
14:12,641.6,641.79,641.3,641.78,15794.0
14:13,641.75,641.86,641.56,641.56,7776.0
14:14,641.77,641.96,641.76,641.81,12366.0
14:15,641.63,641.81,641.4,641.77,13624.0
14:16,641.65,641.72,641.44,641.52,11882.0
14:17,641.95,641.95,641.71,641.71,14707.0
14:18,642.1,642.15,641.94,641.95,6911.0
14:19,642.34,642.42,641.85,642.04,12906.0
14:20,642.54,642.67,642.34,642.35,15441.0
14:21,642.79,642.79,642.36,642.57,18879.0
14:22,642.85,643.15,642.77,642.8,29464.0
14:23,642.77,642.87,642.46,642.86,9656.0
14:24,642.64,642.75,642.51,642.67,9224.0
14:25,642.54,642.67,642.24,642.49,12350.0
14:26,642.36,642.56,642.32,642.5,9259.0
14:27,642.93,642.93,642.24,642.34,11394.0
14:28,642.51,642.94,642.51,642.94,6922.0
14:29,642.34,642.56,642.3,642.51,7535.0
14:30,642.09,642.38,642.0,642.3,9441.0
14:31,642.03,642.31,642.03,642.08,9892.0
14:32,641.48,642.12,641.33,642.03,28820.0
14:33,641.76,641.76,641.04,641.41,23143.0
14:34,641.48,641.67,641.43,641.67,10160.0
14:35,641.53,641.8,641.41,641.49,15179.0
14:36,641.89,641.89,641.29,641.29,5805.0
14:37,641.99,642.22,641.83,641.85,16059.0
14:38,641.49,642.05,641.45,641.98,6124.0
14:39,641.76,641.76,641.41,641.43,6574.0
14:40,641.64,641.92,641.58,641.75,4528.0
14:41,641.22,641.64,641.16,641.64,9341.0
14:42,641.15,641.39,641.09,641.27,9890.0
14:43,641.39,641.39,641.04,641.16,5722.0
14:44,641.39,641.43,641.25,641.28,4674.0
14:45,641.36,641.53,641.31,641.39,6104.0
14:46,641.24,641.69,641.07,641.47,10920.0
14:47,641.46,641.46,641.07,641.24,8242.0
14:48,641.24,641.51,641.24,641.42,5895.0
14:49,641.02,641.13,640.75,641.12,12460.0
14:50,641.05,641.22,640.88,641.04,7524.0
14:51,640.8,641.02,640.72,641.02,6553.0
14:52,640.82,641.05,640.7,640.83,8197.0
14:53,641.07,641.24,640.82,640.82,7777.0
14:54,641.21,641.5,641.11,641.16,10007.0
14:55,640.66,641.24,640.55,641.24,20865.0
14:56,640.66,640.86,640.63,640.8,8331.0
14:57,640.57,640.86,640.57,640.7,10643.0
14:58,640.45,640.74,640.45,640.65,13049.0
14:59,640.36,640.51,640.05,640.48,12922.0
15:00,640.45,640.45,640.11,640.37,14137.0
15:01,639.85,640.45,639.56,640.38,22724.0
15:02,639.3,639.86,639.3,639.83,22696.0
15:03,639.73,639.73,639.26,639.26,16219.0
15:04,639.61,639.9,639.39,639.81,17774.0
15:05,640.1,640.23,639.58,639.64,8025.0
15:06,640.01,640.26,639.98,640.09,17005.0
15:07,640.1,640.21,639.94,640.01,10085.0
15:08,640.16,640.26,640.05,640.16,8645.0
15:09,640.32,640.45,640.17,640.17,17335.0
15:10,640.89,641.12,640.4,640.4,15147.0
15:11,640.96,641.12,640.85,640.88,9536.0
15:12,640.71,641.06,640.64,640.97,16096.0
15:13,640.3,640.7,640.21,640.66,14315.0
15:14,640.37,640.38,640.25,640.28,16687.0
15:15,640.67,640.78,640.2,640.4,11296.0
15:16,641.04,641.14,640.52,640.67,20445.0
15:17,640.98,641.09,640.8,641.05,17742.0
15:18,640.94,641.14,640.85,640.97,5962.0
15:19,641.18,641.38,640.78,640.93,20596.0
15:20,641.12,641.2,640.87,641.19,13387.0
15:21,641.33,641.37,641.05,641.12,7997.0
15:22,641.18,641.33,641.07,641.29,10612.0
15:23,641.28,641.39,641.08,641.12,9165.0
15:24,641.17,641.45,641.14,641.28,7803.0
15:25,641.04,641.22,640.88,641.14,11755.0
15:26,641.07,641.25,640.98,641.04,9040.0
15:27,640.83,641.02,640.78,641.0,8754.0
15:28,640.99,641.03,640.61,640.8,14148.0
15:29,641.23,641.28,640.92,641.05,7929.0
15:30,641.45,641.6,641.27,641.27,9944.0
15:31,641.2,641.57,641.2,641.45,12200.0
15:32,640.82,641.21,640.78,641.21,11525.0
15:33,641.03,641.08,640.8,640.86,12194.0
15:34,641.31,641.31,640.98,640.99,9552.0
15:35,641.5,641.5,641.22,641.28,14547.0
15:36,641.59,641.62,641.33,641.44,15040.0
15:37,641.54,641.7,641.5,641.62,15390.0
15:38,642.14,642.21,641.58,641.58,33428.0
15:39,642.28,642.39,642.12,642.13,16109.0
15:40,642.02,642.4,642.0,642.32,20460.0
15:41,641.8,642.04,641.73,641.99,13928.0
15:42,641.81,641.94,641.65,641.82,17538.0
15:43,642.14,642.14,641.78,641.82,19445.0
15:44,642.11,642.18,641.94,642.06,11921.0
15:45,642.04,642.25,641.95,642.15,10539.0
15:46,641.79,642.06,641.72,642.0,18328.0
15:47,641.88,642.01,641.75,641.81,12819.0
15:48,641.92,642.12,641.86,641.92,9440.0
15:49,642.02,642.15,641.91,641.91,11295.0
15:50,641.46,642.36,641.42,642.12,29389.0
15:51,641.04,641.72,641.03,641.44,41428.0
15:52,640.56,641.07,640.49,641.04,29960.0
15:53,640.37,640.69,640.26,640.59,51534.0
15:54,640.52,640.84,639.66,640.28,48856.0
15:55,640.48,640.56,639.67,640.52,64528.0
15:56,640.26,640.48,640.09,640.45,53642.0
15:57,640.45,640.7,640.1,640.29,57325.0
15:58,640.35,640.46,640.24,640.44,93457.0
15:59,640.91,641.09,640.14,640.35,234206.0
