Time,Close,High,Low,Open,Volume
09:30,187.88,190.54,187.87,190.49,1216617.0
09:31,186.29,188.32,185.95,187.89,514727.0
09:32,186.0,186.29,185.58,186.24,342974.0
09:33,186.02,186.72,185.66,186.02,441704.0
09:34,186.07,186.16,184.8,186.03,502328.0
09:35,187.12,187.33,185.95,186.08,408745.0
09:36,186.44,187.34,186.25,187.14,268352.0
09:37,185.97,186.64,185.7,186.45,226691.0
09:38,186.62,186.66,185.9,185.91,182926.0
09:39,187.13,187.36,186.59,186.59,301145.0
09:40,187.63,187.95,187.12,187.12,315220.0
09:41,187.45,187.76,186.73,187.66,330305.0
09:42,187.0,187.55,186.77,187.48,198912.0
09:43,186.9,187.13,186.55,186.98,159485.0
09:44,186.91,187.24,186.62,186.86,129624.0
09:45,186.99,187.28,186.75,186.86,151250.0
09:46,185.64,187.18,185.55,186.85,416544.0
09:47,185.28,185.91,185.02,185.6,248875.0
09:48,184.9,185.36,184.55,185.22,280233.0
09:49,184.96,185.14,184.72,184.88,200331.0
09:50,185.46,185.53,184.6,184.96,221925.0
09:51,185.54,185.72,185.34,185.5,181435.0
09:52,185.33,185.52,185.03,185.52,142755.0
09:53,185.69,185.72,185.16,185.37,148853.0
09:54,185.6,185.96,185.5,185.66,147476.0
09:55,185.19,185.72,184.96,185.58,192274.0
09:56,185.4,185.47,184.9,185.19,159751.0
09:57,185.21,185.4,184.89,185.37,102780.0
09:58,185.78,185.82,184.84,185.23,140324.0
09:59,185.46,185.8,185.25,185.8,120234.0
10:00,186.59,186.6,185.31,185.44,194855.0
10:01,186.65,186.77,186.35,186.57,209067.0
10:02,186.57,186.76,186.2,186.63,153384.0
10:03,186.98,186.98,186.52,186.57,165242.0
10:04,187.37,187.39,186.84,186.96,176878.0
10:05,186.38,187.38,186.24,187.37,211916.0
10:06,186.34,186.51,186.06,186.38,120814.0
10:07,186.35,186.37,186.1,186.3,93999.0
10:08,186.59,186.65,186.18,186.35,104838.0
10:09,186.94,187.21,186.54,186.59,154184.0
10:10,186.59,187.09,186.44,186.91,105097.0
10:11,186.51,186.71,186.06,186.59,113103.0
10:12,185.7,186.55,185.46,186.54,148209.0
10:13,185.51,185.81,185.1,185.69,136911.0
10:14,185.33,185.51,185.18,185.45,89432.0
10:15,185.03,185.42,184.91,185.35,149010.0
10:16,185.36,185.5,185.06,185.06,165564.0
10:17,185.34,185.79,185.33,185.36,134707.0
10:18,185.13,185.65,184.9,185.33,136053.0
10:19,185.14,185.18,184.85,185.13,124807.0
10:20,185.25,185.48,185.03,185.14,153287.0
10:21,185.32,185.47,184.96,185.29,131818.0
10:22,184.87,185.65,184.87,185.34,106963.0
10:23,185.02,185.21,184.82,184.9,81652.0
10:24,185.15,185.29,184.95,185.02,79006.0
10:25,184.82,185.14,184.6,185.14,116638.0
10:26,184.98,185.14,184.82,184.85,93792.0
10:27,185.28,185.34,184.89,184.96,94197.0
10:28,185.87,185.99,185.26,185.26,151467.0
10:29,185.52,185.95,185.45,185.87,105948.0
10:30,184.86,185.69,184.82,185.55,123047.0
10:31,184.2,185.01,184.11,184.88,260236.0
10:32,184.17,184.34,184.0,184.18,204848.0
10:33,184.42,184.51,184.05,184.17,119810.0
10:34,184.05,184.44,183.93,184.43,238318.0
10:35,184.02,184.16,183.88,184.04,148311.0
10:36,183.24,184.05,183.11,184.0,254633.0
10:37,183.33,183.39,183.17,183.23,173760.0
10:38,183.24,183.43,183.14,183.3,131797.0
10:39,183.66,183.77,182.92,183.2,211443.0
10:40,183.38,184.07,183.22,183.66,204958.0
10:41,183.45,183.71,183.31,183.38,88786.0
10:42,183.18,183.57,183.02,183.4,100166.0
10:43,183.12,183.35,182.89,183.2,119735.0
10:44,183.3,183.32,182.95,183.12,96058.0
10:45,183.7,183.75,183.2,183.3,129088.0
10:46,183.49,183.75,183.26,183.73,91303.0
10:47,183.64,183.7,183.26,183.51,81550.0
10:48,183.55,183.82,183.46,183.7,104574.0
10:49,183.55,183.74,183.16,183.55,96601.0
10:50,183.15,183.7,182.96,183.54,105497.0
10:51,182.75,183.3,182.75,183.17,101890.0
10:52,182.19,182.88,182.02,182.76,225824.0
10:53,182.03,182.25,181.88,182.25,218823.0
10:54,182.34,182.36,182.0,182.01,117447.0
10:55,182.49,182.65,182.29,182.34,146581.0
10:56,182.66,182.78,182.46,182.48,106689.0
10:57,182.62,182.93,182.56,182.65,117573.0
10:58,182.07,182.69,182.03,182.65,128136.0
10:59,182.43,182.45,182.03,182.03,79533.0
11:00,182.4,182.57,182.22,182.43,104782.0
11:01,182.02,182.49,181.78,182.47,144474.0
11:02,182.48,182.51,182.05,182.05,89086.0
11:03,182.1,182.48,181.96,182.47,115604.0
11:04,181.98,182.24,181.87,182.09,89713.0
11:05,182.0,182.04,181.75,181.98,109638.0
11:06,182.34,182.4,181.9,181.99,148969.0
11:07,182.19,182.34,182.1,182.34,75292.0
11:08,182.19,182.38,182.1,182.2,55697.0
11:09,182.07,182.28,182.01,182.18,76706.0
11:10,181.71,182.22,181.6,182.1,145342.0
11:11,181.61,182.04,181.55,181.68,128749.0
11:12,181.6,181.71,181.55,181.63,90662.0
11:13,181.66,181.75,181.34,181.56,120211.0
11:14,181.43,181.67,181.28,181.66,122531.0
11:15,182.04,182.07,181.42,181.46,160540.0
11:16,182.23,182.31,181.84,182.04,137240.0
11:17,182.13,182.27,182.0,182.21,81862.0
11:18,182.11,182.31,182.02,182.12,74067.0
11:19,182.62,182.62,182.12,182.12,114420.0
11:20,182.67,182.88,182.58,182.61,127735.0
11:21,182.57,182.68,182.27,182.67,92960.0
11:22,182.36,182.65,182.19,182.56,76317.0
11:23,182.18,182.43,182.11,182.35,53224.0
11:24,182.28,182.28,182.0,182.21,61462.0
11:25,182.43,182.44,182.18,182.28,65695.0
11:26,182.27,182.48,182.21,182.41,58766.0
11:27,182.34,182.39,182.15,182.22,61196.0
11:28,182.43,182.44,182.16,182.32,53426.0
11:29,182.66,182.79,182.38,182.4,101080.0
11:30,183.14,183.15,182.46,182.66,139934.0
11:31,182.99,183.19,182.91,183.13,118878.0
11:32,183.39,183.39,182.98,183.01,110982.0
11:33,182.9,183.46,182.76,183.4,145774.0
11:34,183.09,183.09,182.7,182.91,146106.0
11:35,183.07,183.16,182.88,183.1,115760.0
11:36,183.26,183.32,182.9,183.05,60886.0
11:37,183.18,183.35,183.09,183.27,64067.0
11:38,182.61,183.18,182.52,183.18,104909.0
11:39,182.54,182.82,182.52,182.63,89734.0
11:40,182.25,182.69,181.95,182.56,131618.0
11:41,181.95,182.4,181.9,182.27,84203.0
11:42,182.13,182.26,181.88,181.88,51538.0
11:43,181.99,182.26,181.97,182.11,57967.0
11:44,181.62,182.05,181.43,181.96,112351.0
11:45,181.52,181.82,181.43,181.64,76188.0
11:46,181.26,181.53,181.0,181.5,206548.0
11:47,181.02,181.34,181.0,181.28,87671.0
11:48,180.5,181.08,180.43,181.01,230904.0
11:49,180.89,180.94,180.4,180.51,122692.0
11:50,181.24,181.24,180.85,180.87,107615.0
11:51,181.34,181.43,181.06,181.26,87110.0
11:52,181.5,181.77,181.33,181.35,101028.0
11:53,181.42,181.53,181.21,181.49,69318.0
11:54,181.18,181.6,181.15,181.44,66128.0
11:55,181.52,181.56,181.09,181.18,63045.0
11:56,181.74,181.9,181.37,181.52,56648.0
11:57,181.92,182.04,181.67,181.67,61445.0
11:58,181.71,181.91,181.49,181.91,103313.0
11:59,181.94,181.97,181.71,181.72,70789.0
12:00,181.66,182.01,181.56,181.93,65760.0
12:01,181.69,181.87,181.58,181.73,50761.0
12:02,181.62,181.73,181.54,181.65,42572.0
12:03,181.93,181.97,181.58,181.64,45975.0
12:04,181.94,182.04,181.73,181.92,40407.0
12:05,182.15,182.28,181.96,181.96,114795.0
12:06,182.38,182.5,182.17,182.18,77854.0
12:07,182.41,182.45,182.13,182.27,65727.0
12:08,182.2,182.63,182.1,182.4,75921.0
12:09,182.09,182.37,182.07,182.16,52755.0
12:10,182.1,182.13,181.86,182.12,62907.0
12:11,182.12,182.22,182.02,182.11,44881.0
12:12,182.1,182.27,182.05,182.13,42965.0
12:13,182.31,182.34,182.13,182.15,33214.0
12:14,182.42,182.42,182.25,182.28,49681.0
12:15,182.64,182.72,182.38,182.39,69360.0
12:16,182.44,182.68,182.4,182.63,43920.0
12:17,181.9,182.43,181.81,182.42,75196.0
12:18,181.79,182.1,181.72,181.9,72166.0
12:19,181.96,182.03,181.81,181.82,45109.0
12:20,182.07,182.16,181.88,181.97,44031.0
12:21,182.04,182.16,181.92,182.05,40084.0
12:22,181.88,182.26,181.88,182.05,43890.0
12:23,181.88,181.95,181.75,181.86,48300.0
12:24,182.1,182.13,181.88,181.91,33728.0
12:25,182.25,182.36,182.12,182.12,55630.0
12:26,182.07,182.31,181.93,182.23,39421.0
12:27,182.03,182.2,181.91,182.07,38011.0
12:28,181.99,182.11,181.94,182.02,32287.0
12:29,182.13,182.13,181.86,182.0,42698.0
12:30,182.04,182.33,182.02,182.1,53977.0
12:31,182.11,182.22,181.98,182.01,31263.0
12:32,182.2,182.29,182.1,182.14,34931.0
12:33,182.3,182.32,182.17,182.24,40329.0
12:34,182.3,182.37,182.15,182.3,43693.0
12:35,182.48,182.59,182.22,182.22,78956.0
12:36,182.74,182.74,182.48,182.51,57661.0
12:37,182.85,182.92,182.72,182.76,72912.0
12:38,182.91,182.91,182.81,182.88,54379.0
12:39,183.01,183.12,182.91,182.91,89888.0
12:40,183.1,183.2,182.94,182.99,74960.0
12:41,182.81,183.14,182.73,183.12,80098.0
12:42,182.6,182.95,182.58,182.8,123582.0
12:43,182.47,182.63,182.41,182.62,46674.0
12:44,182.31,182.49,182.22,182.49,73019.0
12:45,182.43,182.48,182.27,182.33,65119.0
12:46,182.17,182.41,182.02,182.41,63353.0
12:47,182.13,182.29,182.12,182.2,53013.0
12:48,182.12,182.15,181.98,182.12,56836.0
12:49,181.85,182.15,181.72,182.1,71655.0
12:50,181.68,181.84,181.57,181.84,68159.0
12:51,181.76,181.94,181.49,181.7,72573.0
12:52,182.29,182.29,181.74,181.75,70957.0
12:53,182.15,182.48,182.06,182.26,83088.0
12:54,182.34,182.38,182.1,182.18,40945.0
12:55,182.42,182.49,182.12,182.34,56378.0
12:56,182.39,182.43,182.23,182.43,27763.0
12:57,182.73,182.75,182.36,182.37,65486.0
12:58,182.87,182.96,182.59,182.71,70806.0
12:59,182.59,182.87,182.55,182.87,84350.0
13:00,182.6,182.76,182.52,182.68,42314.0
13:01,182.29,182.64,182.26,182.62,68183.0
13:02,182.26,182.41,182.18,182.29,53406.0
13:03,182.48,182.5,182.2,182.26,44826.0
13:04,182.58,182.62,182.38,182.51,36153.0
13:05,182.6,182.65,182.41,182.62,36924.0
13:06,182.53,182.67,182.5,182.66,32395.0
13:07,182.46,182.55,182.33,182.53,32970.0
13:08,182.36,182.58,182.36,182.46,29908.0
13:09,182.12,182.38,182.06,182.38,52615.0
13:10,182.29,182.4,182.15,182.15,44903.0
13:11,181.99,182.36,181.88,182.28,45095.0
13:12,182.24,182.26,181.98,181.98,38734.0
13:13,182.29,182.33,182.1,182.22,34120.0
13:14,182.3,182.33,182.17,182.27,21056.0
13:15,182.42,182.43,182.24,182.28,37507.0
13:16,182.34,182.43,182.24,182.42,38840.0
13:17,182.6,182.74,182.33,182.34,72613.0
13:18,182.77,182.79,182.58,182.62,34778.0
13:19,182.86,183.01,182.74,182.77,58635.0
13:20,182.62,182.88,182.59,182.88,58599.0
13:21,182.63,182.73,182.51,182.61,62181.0
13:22,182.29,182.63,182.12,182.63,66175.0
13:23,182.27,182.44,182.22,182.33,54268.0
13:24,182.24,182.34,182.2,182.26,39894.0
13:25,182.37,182.44,182.24,182.24,37607.0
13:26,182.3,182.39,182.22,182.37,27369.0
13:27,182.15,182.38,182.11,182.36,42076.0
13:28,182.06,182.15,181.89,182.13,68621.0
13:29,182.23,182.35,182.05,182.06,47034.0
13:30,182.34,182.41,182.16,182.23,78575.0
13:31,182.29,182.4,182.19,182.35,26504.0
13:32,182.1,182.26,181.9,182.26,65809.0
13:33,182.19,182.2,182.05,182.1,41220.0
13:34,182.07,182.24,182.04,182.19,21270.0
13:35,182.16,182.23,182.07,182.09,27640.0
13:36,182.1,182.28,182.06,182.17,33243.0
13:37,182.32,182.33,182.08,182.08,61058.0
13:38,182.24,182.35,182.19,182.34,19883.0
13:39,182.35,182.36,182.2,182.26,22121.0
13:40,182.65,182.66,182.37,182.37,43578.0
13:41,182.63,182.67,182.57,182.62,36655.0
13:42,182.41,182.65,182.35,182.61,38726.0
13:43,182.54,182.62,182.37,182.4,35876.0
13:44,182.2,182.53,182.18,182.53,43095.0
13:45,182.01,182.23,181.84,182.2,93655.0
13:46,181.99,182.1,181.9,182.02,51717.0
13:47,181.95,182.05,181.82,181.96,34906.0
13:48,182.06,182.22,181.96,181.96,55896.0
13:49,181.91,182.05,181.75,182.05,50049.0
13:50,181.82,182.01,181.76,181.88,41623.0
13:51,181.92,182.03,181.82,181.82,36882.0
13:52,182.01,182.08,181.87,181.91,48946.0
13:53,181.87,182.07,181.82,182.01,30866.0
13:54,181.95,181.99,181.82,181.85,29197.0
13:55,182.13,182.2,181.94,181.95,58878.0
13:56,182.09,182.17,181.98,182.13,35816.0
13:57,182.06,182.14,182.05,182.06,26885.0
13:58,181.97,182.09,181.9,182.05,31417.0
13:59,181.94,182.01,181.94,182.01,33540.0
14:00,181.79,181.96,181.76,181.96,57751.0
14:01,181.89,182.0,181.8,181.8,23565.0
14:02,181.88,181.93,181.78,181.88,29984.0
14:03,182.06,182.14,181.91,181.91,37351.0
14:04,181.68,182.08,181.67,182.06,48417.0
14:05,181.65,181.75,181.47,181.66,87943.0
14:06,181.42,181.67,181.36,181.67,117154.0
14:07,181.45,181.46,181.2,181.44,88259.0
14:08,181.47,181.56,181.37,181.45,61027.0
14:09,181.62,181.68,181.47,181.5,38443.0
14:10,181.56,181.64,181.4,181.62,45464.0
14:11,181.69,181.7,181.37,181.57,69635.0
14:12,181.61,181.75,181.55,181.68,36920.0
14:13,181.54,181.7,181.42,181.63,40470.0
14:14,181.32,181.57,181.31,181.52,48567.0
14:15,181.31,181.35,181.16,181.35,73685.0
14:16,181.63,181.66,181.28,181.29,82092.0
14:17,181.43,181.64,181.37,181.64,35078.0
14:18,181.43,181.48,181.29,181.44,33043.0
14:19,181.51,181.58,181.42,181.42,28573.0
14:20,181.59,181.76,181.55,181.55,48595.0
14:21,181.49,181.6,181.46,181.58,43374.0
14:22,181.61,181.65,181.48,181.51,34026.0
14:23,181.64,181.75,181.54,181.6,51473.0
14:24,181.64,181.69,181.59,181.64,26021.0
14:25,181.98,182.07,181.64,181.64,65234.0
14:26,181.9,181.98,181.77,181.98,36149.0
14:27,181.72,181.87,181.71,181.87,43367.0
14:28,181.52,181.75,181.33,181.75,65187.0
14:29,181.75,181.75,181.51,181.54,45376.0
14:30,181.57,181.86,181.51,181.76,45125.0
14:31,181.52,181.67,181.48,181.54,33746.0
14:32,181.24,181.54,181.16,181.49,54387.0
14:33,181.18,181.28,181.06,181.24,70871.0
14:34,181.55,181.56,181.12,181.15,60378.0
14:35,181.45,181.54,181.37,181.54,35344.0
14:36,181.85,181.85,181.44,181.48,79644.0
14:37,181.91,182.03,181.84,181.87,48686.0
14:38,181.9,181.96,181.85,181.9,33500.0
14:39,181.78,181.94,181.71,181.91,42347.0
14:40,181.76,181.81,181.65,181.77,32725.0
14:41,182.1,182.14,181.78,181.85,41656.0
14:42,182.13,182.2,182.05,182.13,46911.0
14:43,182.28,182.3,182.06,182.11,68836.0
14:44,182.04,182.27,181.97,182.27,53632.0
14:45,182.12,182.15,181.95,182.02,41065.0
14:46,182.08,182.15,182.03,182.09,26382.0
14:47,182.26,182.3,182.09,182.09,32424.0
14:48,182.32,182.39,182.17,182.27,44899.0
14:49,182.13,182.34,182.09,182.31,41689.0
14:50,182.08,182.14,181.89,182.12,43021.0
14:51,182.1,182.13,181.93,182.04,18522.0
14:52,182.02,182.29,182.02,182.12,92300.0
14:53,182.04,182.17,181.95,182.02,35857.0
14:54,182.19,182.2,181.97,182.07,30876.0
14:55,182.14,182.25,182.08,182.19,29544.0
14:56,182.26,182.34,182.18,182.2,40102.0
14:57,182.24,182.37,182.2,182.26,61926.0
14:58,182.15,182.34,182.12,182.22,35936.0
14:59,182.32,182.39,182.18,182.2,42272.0
15:00,182.18,182.45,182.11,182.29,54732.0
15:01,181.89,182.28,181.79,182.23,64890.0
15:02,181.99,182.2,181.9,181.92,49611.0
15:03,182.16,182.26,181.98,182.01,11999471.0
15:04,182.13,182.2,182.06,182.17,1.0
15:05,182.03,182.18,181.97,182.13,51248.0
15:06,181.61,182.05,181.51,182.05,98863.0
15:07,181.76,181.84,181.62,181.62,41761.0
15:08,181.85,181.88,181.66,181.74,40760.0
15:09,181.68,181.87,181.64,181.86,50240.0
15:10,181.51,181.73,181.49,181.68,52245.0
15:11,181.5,181.64,181.44,181.51,44407.0
15:12,181.47,181.54,181.42,181.51,53868.0
15:13,181.54,181.6,181.45,181.47,37304.0
15:14,181.83,181.9,181.55,181.55,53052.0
15:15,181.8,181.9,181.64,181.83,47760.0
15:16,181.8,181.86,181.67,181.8,35102.0
15:17,181.96,182.06,181.82,181.82,47551.0
15:18,182.08,182.11,181.89,181.98,63477.0
15:19,182.19,182.26,182.06,182.11,51639.0
15:20,181.99,182.17,181.87,182.17,41782.0
15:21,182.34,182.37,181.99,182.0,62444.0
15:22,182.23,182.4,182.2,182.34,69906.0
15:23,182.29,182.33,182.07,182.21,49973.0
15:24,182.3,182.37,182.14,182.34,60741.0
15:25,182.3,182.38,182.2,182.31,36801.0
15:26,182.17,182.32,182.12,182.31,38491.0
15:27,182.1,182.14,181.96,182.13,54904.0
15:28,182.22,182.3,182.05,182.12,40219.0
15:29,182.33,182.35,182.23,182.23,59796.0
15:30,182.31,182.35,182.15,182.3,46202.0
15:31,182.71,182.71,182.32,182.32,199121.0
15:32,182.95,183.0,182.67,182.75,176331.0
15:33,182.93,183.04,182.82,182.95,67639.0
15:34,182.98,183.03,182.85,182.94,68179.0
15:35,182.88,183.05,182.85,183.0,59366.0
15:36,182.75,182.9,182.65,182.89,69162.0
15:37,182.67,182.82,182.66,182.74,42036.0
15:38,182.76,182.87,182.69,182.7,53122.0
15:39,182.73,182.79,182.69,182.76,34086.0
15:40,182.92,182.92,182.73,182.73,53020.0
15:41,182.98,183.01,182.9,182.93,80116.0
15:42,182.99,183.03,182.86,182.98,85978.0
15:43,183.08,183.15,182.88,182.99,67885.0
15:44,183.31,183.32,183.05,183.09,79944.0
15:45,183.53,183.54,183.22,183.32,95830.0
15:46,183.09,183.53,183.04,183.53,97033.0
15:47,183.44,183.46,183.1,183.1,67967.0
15:48,183.42,183.45,183.33,183.45,61643.0
15:49,183.67,183.76,183.41,183.43,108125.0
15:50,184.19,184.24,183.68,183.68,166107.0
15:51,184.07,184.25,184.05,184.2,121482.0
15:52,183.95,184.11,183.95,184.07,133941.0
15:53,183.96,184.04,183.75,183.93,152524.0
15:54,184.1,184.33,183.9,183.96,245159.0
15:55,184.3,184.54,184.1,184.11,234219.0
15:56,184.12,184.34,184.09,184.29,153984.0
15:57,184.12,184.22,184.03,184.11,193927.0
15:58,184.13,184.22,184.09,184.14,239954.0
15:59,184.18,184.32,184.09,184.13,14216162.0
