Time,Close,High,Low,Open,Volume
09:30,185.44,186.83,184.87,186.4,1654692.0
09:31,185.53,185.97,185.0,185.42,260037.0
09:32,185.81,185.97,185.5,185.57,208446.0
09:33,185.61,186.0,185.36,185.83,207942.0
09:34,185.88,186.14,185.57,185.61,189790.0
09:35,185.77,186.01,185.73,185.88,61393.0
09:36,185.5,185.91,185.41,185.85,365729.0
09:37,185.93,185.99,185.35,185.49,141877.0
09:38,185.87,186.16,185.81,185.9,181930.0
09:39,185.72,186.06,185.67,185.9,107574.0
09:40,185.36,185.89,185.2,185.71,174557.0
09:41,184.65,185.45,184.45,185.4,435879.0
09:42,184.43,184.79,184.35,184.66,283853.0
09:43,184.6,184.76,184.37,184.42,187066.0
09:44,184.26,184.86,184.22,184.6,235819.0
09:45,184.0,184.27,183.84,184.23,1.0
09:46,184.45,184.48,183.9,183.99,1961602.0
09:47,184.52,184.58,184.23,184.45,188212.0
09:48,183.93,184.58,183.74,184.52,272707.0
09:49,183.67,184.11,183.57,183.95,226158.0
09:50,182.74,183.68,182.57,183.65,541356.0
09:51,182.6,183.01,182.32,182.73,375504.0
09:52,182.61,182.76,182.25,182.57,293816.0
09:53,182.43,182.75,182.1,182.62,309694.0
09:54,181.75,182.47,181.56,182.47,482234.0
09:55,181.81,181.99,181.49,181.73,455849.0
09:56,181.21,182.08,181.2,181.8,454040.0
09:57,180.88,181.49,180.82,181.21,480934.0
09:58,180.31,181.1,180.17,180.88,636161.0
09:59,180.33,180.44,179.91,180.33,736081.0
10:00,179.37,180.42,179.0,180.4,857500.0
10:01,178.83,179.53,178.55,179.37,711276.0
10:02,178.32,179.05,178.13,178.85,590626.0
10:03,177.8,178.55,177.8,178.31,784784.0
10:04,178.8,178.99,177.77,177.79,722463.0
10:05,178.31,178.77,178.03,178.76,599146.0
10:06,178.25,178.49,177.8,178.31,616931.0
10:07,178.18,178.5,177.84,178.24,541380.0
10:08,177.05,178.18,176.95,178.15,898570.0
10:09,177.12,177.26,176.75,177.07,607459.0
10:10,176.93,177.26,176.63,177.14,706382.0
10:11,176.51,176.92,176.22,176.92,568881.0
10:12,177.22,177.3,176.3,176.5,707799.0
10:13,177.39,177.75,177.22,177.23,773542.0
10:14,178.11,178.13,177.34,177.44,708189.0
10:15,178.7,178.94,178.07,178.12,777384.0
10:16,179.11,179.24,178.42,178.71,615950.0
10:17,178.69,179.16,178.63,179.14,592981.0
10:18,178.55,178.73,177.97,178.7,531051.0
10:19,178.63,178.71,178.41,178.52,324491.0
10:20,178.95,179.06,178.31,178.59,354644.0
10:21,178.8,179.1,178.56,178.93,303667.0
10:22,178.92,178.95,178.64,178.81,228379.0
10:23,177.49,178.89,177.45,178.88,670339.0
10:24,177.93,178.14,177.38,177.5,416706.0
10:25,178.14,178.15,177.7,177.96,220205.0
10:26,178.94,179.04,178.11,178.13,369065.0
10:27,178.87,179.06,178.74,178.93,298002.0
10:28,178.71,179.0,178.67,178.88,261964.0
10:29,178.88,178.95,178.66,178.7,192884.0
10:30,179.49,179.54,178.82,178.84,471322.0
10:31,180.1,180.1,179.33,179.45,570851.0
10:32,179.82,180.09,179.71,180.08,473629.0
10:33,179.93,180.19,179.74,179.82,380276.0
10:34,180.36,180.45,179.92,179.92,345495.0
10:35,180.35,180.41,180.06,180.35,370884.0
10:36,180.47,180.5,180.14,180.37,228003.0
10:37,180.86,181.01,180.5,180.5,485438.0
10:38,180.74,181.0,180.65,180.85,454345.0
10:39,180.98,181.15,180.7,180.74,343849.0
10:40,180.81,181.03,180.7,180.97,330224.0
10:41,180.52,180.85,180.33,180.81,416223.0
10:42,180.29,180.53,180.06,180.52,333292.0
10:43,180.19,180.4,180.03,180.29,189232.0
10:44,180.21,180.37,180.08,180.19,123263.0
10:45,179.96,180.36,179.88,180.24,312871.0
10:46,179.56,179.97,179.44,179.96,282268.0
10:47,179.1,179.77,179.05,179.57,318073.0
10:48,178.69,179.24,178.68,179.11,271838.0
10:49,178.13,178.78,178.12,178.67,307374.0
10:50,178.32,178.34,177.91,178.11,374619.0
10:51,178.59,178.6,178.19,178.3,289066.0
10:52,178.79,178.86,178.58,178.58,254139.0
10:53,178.76,178.91,178.6,178.82,206856.0
10:54,179.12,179.16,178.64,178.73,216839.0
10:55,179.33,179.38,179.09,179.12,191309.0
10:56,179.2,179.39,179.09,179.34,179351.0
10:57,179.46,179.62,179.09,179.18,238403.0
10:58,179.12,179.54,179.08,179.48,209481.0
10:59,178.92,179.4,178.89,179.12,231554.0
11:00,178.84,178.94,178.5,178.92,222341.0
11:01,179.04,179.13,178.81,178.84,146347.0
11:02,179.02,179.23,179.02,179.05,146653.0
11:03,179.26,179.49,179.03,179.03,191367.0
11:04,179.25,179.45,179.2,179.26,175332.0
11:05,179.64,179.67,179.13,179.24,150011.0
11:06,179.73,179.83,179.63,179.65,197751.0
11:07,179.97,180.07,179.7,179.75,250424.0
11:08,179.65,180.05,179.65,179.94,182123.0
11:09,179.81,179.82,179.61,179.64,143758.0
11:10,179.53,179.83,179.4,179.81,152959.0
11:11,180.03,180.05,179.55,179.55,165994.0
11:12,180.39,180.4,180.03,180.03,204948.0
11:13,180.37,180.48,180.37,180.37,177433.0
11:14,180.21,180.99,180.14,180.37,382613.0
11:15,180.39,180.5,180.17,180.21,130725.0
11:16,180.35,180.45,180.26,180.39,113910.0
11:17,180.38,180.39,180.13,180.37,110623.0
11:18,180.42,180.46,180.13,180.36,139192.0
11:19,180.41,180.51,180.32,180.42,117177.0
11:20,180.29,180.44,180.28,180.43,86316.0
11:21,180.55,180.55,180.22,180.31,106642.0
11:22,180.68,180.71,180.49,180.52,111517.0
11:23,180.71,180.83,180.68,180.69,140763.0
11:24,180.77,180.83,180.62,180.7,116844.0
11:25,180.55,180.76,180.49,180.76,107690.0
11:26,180.4,180.58,180.34,180.58,128798.0
11:27,180.35,180.53,180.33,180.36,123610.0
11:28,180.39,180.46,180.25,180.39,113404.0
11:29,180.5,180.63,180.32,180.38,120756.0
11:30,180.12,180.63,180.03,180.46,133660.0
11:31,180.31,180.33,180.11,180.11,89832.0
11:32,180.3,180.32,180.13,180.29,77243.0
11:33,179.94,180.32,179.92,180.31,176961.0
11:34,180.15,180.21,179.83,179.91,135061.0
11:35,180.39,180.4,180.17,180.17,101315.0
11:36,180.33,180.42,180.23,180.36,104295.0
11:37,180.26,180.48,180.17,180.32,112119.0
11:38,180.3,180.3,180.04,180.27,84040.0
11:39,180.07,180.33,180.07,180.3,87139.0
11:40,179.94,180.16,179.73,180.06,212804.0
11:41,179.99,180.06,179.77,179.97,140635.0
11:42,179.87,180.09,179.84,180.0,146177.0
11:43,179.88,180.01,179.76,179.88,67480.0
11:44,179.74,179.98,179.7,179.89,104177.0
11:45,179.87,179.92,179.7,179.74,73633.0
11:46,180.15,180.24,179.79,179.88,123180.0
11:47,179.85,180.2,179.85,180.16,85613.0
11:48,179.58,179.93,179.55,179.87,153717.0
11:49,179.85,179.87,179.56,179.56,114256.0
11:50,179.88,179.99,179.73,179.85,101981.0
11:51,180.1,180.15,179.89,179.89,104800.0
11:52,180.09,180.18,180.05,180.09,62263.0
11:53,180.14,180.21,180.06,180.12,86155.0
11:54,180.14,180.19,180.07,180.15,50044.0
11:55,180.09,180.15,180.0,180.15,67326.0
11:56,180.3,180.31,180.08,180.08,84208.0
11:57,180.3,180.38,180.23,180.31,108732.0
11:58,180.39,180.45,180.32,180.32,100448.0
11:59,180.69,180.75,180.4,180.4,137422.0
12:00,180.61,180.73,180.54,180.71,123789.0
12:01,180.64,180.67,180.56,180.62,79390.0
12:02,180.41,180.69,180.38,180.65,112033.0
12:03,180.52,180.57,180.41,180.41,116080.0
12:04,180.28,180.51,180.2,180.49,106294.0
12:05,180.08,180.33,180.05,180.28,130707.0
12:06,180.1,180.17,179.92,180.1,176683.0
12:07,180.04,180.19,179.99,180.1,99835.0
12:08,179.8,180.1,179.78,180.02,112073.0
12:09,179.93,179.98,179.81,179.81,102845.0
12:10,179.64,179.97,179.61,179.94,148790.0
12:11,179.69,179.83,179.56,179.62,83427.0
12:12,179.55,179.75,179.47,179.7,131733.0
12:13,179.54,179.68,179.42,179.57,146107.0
12:14,179.45,179.57,179.34,179.55,85503.0
12:15,179.49,179.54,179.4,179.46,66328.0
12:16,179.5,179.53,179.37,179.5,109852.0
12:17,179.31,179.58,179.26,179.5,188142.0
12:18,179.27,179.37,179.2,179.31,95946.0
12:19,179.66,179.72,179.26,179.27,117689.0
12:20,179.42,179.67,179.42,179.67,82947.0
12:21,179.21,179.43,179.12,179.41,113933.0
12:22,179.17,179.35,179.17,179.23,61024.0
12:23,179.12,179.24,179.09,179.18,106614.0
12:24,178.87,179.15,178.82,179.15,205618.0
12:25,178.81,178.96,178.79,178.87,162567.0
12:26,178.49,178.77,178.4,178.77,188852.0
12:27,178.98,179.04,178.49,178.49,145306.0
12:28,179.01,179.05,178.94,178.98,110612.0
12:29,178.82,179.03,178.71,178.99,106030.0
12:30,178.66,178.88,178.65,178.81,118838.0
12:31,178.69,178.77,178.62,178.67,97656.0
12:32,178.91,178.95,178.66,178.71,87592.0
12:33,179.02,179.09,178.86,178.91,111007.0
12:34,178.93,179.06,178.8,179.02,93582.0
12:35,178.83,178.94,178.81,178.94,66861.0
12:36,178.49,178.85,178.46,178.82,170230.0
12:37,178.47,178.57,178.42,178.51,82875.0
12:38,178.45,178.55,178.4,178.46,95202.0
12:39,178.22,178.5,178.2,178.45,171056.0
12:40,177.87,178.26,177.82,178.21,343585.0
12:41,178.07,178.07,177.87,177.89,266615.0
12:42,178.0,178.16,177.98,178.04,117914.0
12:43,177.89,178.11,177.85,177.99,139454.0
12:44,177.6,177.91,177.54,177.86,228781.0
12:45,177.75,177.75,177.5,177.61,189351.0
12:46,177.67,177.95,177.57,177.74,155816.0
12:47,177.52,177.8,177.47,177.68,202166.0
12:48,177.69,177.8,177.53,177.55,169141.0
12:49,177.47,177.76,177.44,177.7,179619.0
12:50,177.42,177.55,177.38,177.47,122821.0
12:51,177.77,177.78,177.42,177.42,161940.0
12:52,177.81,177.89,177.74,177.76,153673.0
12:53,177.85,177.92,177.73,177.82,161300.0
12:54,178.03,178.03,177.79,177.84,156606.0
12:55,178.21,178.42,178.0,178.02,191732.0
12:56,177.69,178.24,177.56,178.23,223397.0
12:57,177.73,177.84,177.6,177.69,124119.0
12:58,177.6,177.78,177.56,177.75,120162.0
12:59,177.52,177.73,177.47,177.58,143794.0
13:00,176.87,177.53,176.79,177.5,529393.0
13:01,176.62,177.01,176.54,176.87,270287.0
13:02,176.05,176.7,175.89,176.64,639549.0
13:03,175.89,176.09,175.76,176.04,398209.0
13:04,176.25,176.38,175.74,175.87,327998.0
13:05,175.9,176.48,175.85,176.23,245852.0
13:06,175.93,176.2,175.64,175.93,265479.0
13:07,176.45,176.49,175.87,175.91,243887.0
13:08,176.62,176.66,176.37,176.46,213088.0
13:09,176.63,176.74,176.46,176.63,181433.0
13:10,176.76,176.77,176.46,176.6,155705.0
13:11,176.91,177.11,176.72,176.76,220700.0
13:12,177.24,177.26,176.9,176.92,162258.0
13:13,177.11,177.35,177.07,177.23,164549.0
13:14,177.26,177.3,177.08,177.11,132271.0
13:15,177.15,177.37,177.01,177.26,121784.0
13:16,176.8,177.21,176.8,177.16,202945.0
13:17,176.58,176.97,176.5,176.78,177763.0
13:18,176.46,176.7,176.35,176.57,159379.0
13:19,176.18,176.44,176.14,176.43,214599.0
13:20,175.93,176.29,175.84,176.19,247543.0
13:21,175.7,175.97,175.55,175.94,239215.0
13:22,176.24,176.3,175.6,175.71,215340.0
13:23,176.18,176.37,176.17,176.24,190700.0
13:24,175.91,176.27,175.78,176.17,164987.0
13:25,175.48,175.99,175.26,175.93,353882.0
13:26,175.32,175.53,175.25,175.47,245999.0
13:27,174.91,175.46,174.69,175.33,902089.0
13:28,174.9,175.0,174.5,174.9,369401.0
13:29,174.96,175.0,174.78,174.87,234041.0
13:30,174.99,175.13,174.7,174.96,224772.0
13:31,175.13,175.34,174.85,175.01,233318.0
13:32,175.35,175.37,174.86,175.13,285376.0
13:33,175.04,175.41,174.85,175.31,248370.0
13:34,175.02,175.16,175.01,175.04,155910.0
13:35,175.02,175.25,174.98,175.02,172602.0
13:36,174.84,175.28,174.74,175.04,230774.0
13:37,174.49,174.96,174.34,174.84,350303.0
13:38,174.5,174.69,174.45,174.51,199150.0
13:39,174.09,174.49,173.91,174.49,673344.0
13:40,173.92,174.24,173.8,174.09,278693.0
13:41,173.04,174.0,172.94,173.93,621967.0
13:42,173.05,173.23,172.92,173.1,372024.0
13:43,173.1,173.22,172.56,173.06,464601.0
13:44,173.17,173.33,173.0,173.11,284169.0
13:45,172.84,173.32,172.6,173.21,384090.0
13:46,172.08,173.0,172.01,172.85,512436.0
13:47,172.49,172.55,171.94,172.09,487460.0
13:48,172.42,172.65,172.27,172.51,252419.0
13:49,172.29,172.64,172.09,172.43,259257.0
13:50,172.33,172.4,172.16,172.25,232748.0
13:51,172.37,172.5,172.04,172.32,253221.0
13:52,172.28,172.82,172.11,172.38,296948.0
13:53,171.89,172.31,171.56,172.24,415866.0
13:54,171.4,172.0,171.39,171.86,457448.0
13:55,172.46,172.64,171.38,171.41,539064.0
13:56,172.41,172.58,172.22,172.45,304040.0
13:57,172.47,172.82,172.3,172.41,310905.0
13:58,172.3,172.88,172.25,172.47,366171.0
13:59,172.49,172.61,172.29,172.29,231499.0
14:00,172.21,172.8,172.15,172.53,270962.0
14:01,172.04,172.36,171.6,172.25,371232.0
14:02,171.78,172.34,171.71,172.09,237014.0
14:03,171.06,171.82,170.93,171.76,535006.0
14:04,171.16,171.28,170.95,171.03,348347.0
14:05,171.01,171.48,170.78,171.14,367362.0
14:06,171.01,171.09,170.77,171.01,210274.0
14:07,171.07,171.35,171.0,171.03,256198.0
14:08,171.1,171.3,170.93,171.1,189168.0
14:09,171.28,171.66,171.08,171.08,225468.0
14:10,172.15,172.16,171.25,171.27,265219.0
14:11,172.52,172.63,172.14,172.16,331754.0
14:12,172.63,172.74,172.32,172.52,392895.0
14:13,172.6,172.79,172.55,172.65,244653.0
14:14,172.73,172.76,172.48,172.61,204457.0
14:15,172.9,173.0,172.65,172.76,282236.0
14:16,172.69,173.07,172.65,172.9,244249.0
14:17,172.62,172.74,172.42,172.67,261954.0
14:18,172.51,172.66,172.36,172.61,203576.0
14:19,172.99,172.99,172.5,172.5,259560.0
14:20,172.93,173.25,172.86,172.97,277975.0
14:21,173.15,173.22,172.91,172.94,210262.0
14:22,173.41,173.42,173.02,173.14,321741.0
14:23,173.41,173.46,173.02,173.41,239840.0
14:24,173.27,173.43,173.17,173.39,200969.0
14:25,173.41,173.46,173.25,173.26,159858.0
14:26,173.79,173.85,173.39,173.42,314206.0
14:27,173.75,173.88,173.61,173.81,316942.0
14:28,173.75,174.0,173.72,173.73,380106.0
14:29,174.09,174.2,173.74,173.76,465519.0
14:30,174.4,174.44,174.04,174.1,311864.0
14:31,174.0,174.43,174.0,174.42,352790.0
14:32,173.55,174.06,173.53,174.0,315819.0
14:33,173.92,174.0,173.52,173.59,251761.0
14:34,174.09,174.16,173.83,173.95,195102.0
14:35,174.15,174.43,174.04,174.11,293331.0
14:36,174.22,174.26,173.96,174.15,187927.0
14:37,174.33,174.47,174.11,174.21,217076.0
14:38,174.49,174.55,174.3,174.3,248223.0
14:39,174.63,174.65,174.36,174.51,216152.0
14:40,174.6,174.66,174.2,174.63,238613.0
14:41,174.63,174.75,174.54,174.64,204611.0
14:42,174.76,174.79,174.33,174.62,226651.0
14:43,174.62,174.88,174.62,174.77,241886.0
14:44,174.6,174.72,174.56,174.61,149351.0
14:45,173.94,174.65,173.79,174.59,350451.0
14:46,173.82,174.1,173.8,173.94,232442.0
14:47,173.78,173.99,173.56,173.82,215428.0
14:48,173.69,173.89,173.68,173.82,135396.0
14:49,173.13,173.73,173.12,173.68,312568.0
14:50,173.29,173.35,173.05,173.13,173799.0
14:51,173.47,173.5,173.26,173.31,140634.0
14:52,173.34,173.49,173.18,173.46,121549.0
14:53,173.25,173.46,173.25,173.34,139215.0
14:54,173.7,173.7,173.23,173.26,154628.0
14:55,173.88,173.94,173.58,173.68,199201.0
14:56,174.24,174.24,173.86,173.87,179139.0
14:57,174.24,174.34,174.05,174.24,221500.0
14:58,174.21,174.24,174.08,174.23,135299.0
14:59,174.35,174.36,174.18,174.2,135316.0
15:00,174.26,174.4,174.2,174.35,121809.0
15:01,174.32,174.48,174.23,174.27,143851.0
15:02,174.26,174.38,174.16,174.31,161775.0
15:03,174.32,174.38,174.17,174.26,114022.0
15:04,174.27,174.35,174.21,174.32,112441.0
15:05,174.55,174.6,174.19,174.28,194086.0
15:06,174.54,174.6,174.46,174.55,125599.0
15:07,174.53,174.6,174.51,174.54,91703.0
15:08,174.45,174.53,174.34,174.53,123907.0
15:09,174.66,174.66,174.43,174.46,169289.0
15:10,174.67,174.73,174.56,174.65,139600.0
15:11,175.24,175.25,174.63,174.67,237128.0
15:12,175.03,175.24,174.95,175.23,208653.0
15:13,174.76,175.03,174.67,175.03,185928.0
15:14,174.9,174.98,174.68,174.77,154991.0
15:15,174.56,174.92,174.56,174.92,184643.0
15:16,174.81,174.9,174.57,174.59,165596.0
15:17,174.85,174.91,174.76,174.8,93371.0
15:18,174.83,174.93,174.76,174.85,136352.0
15:19,174.96,175.09,174.83,174.87,148136.0
15:20,174.9,175.05,174.9,174.97,108037.0
15:21,175.07,175.09,174.92,174.93,114718.0
15:22,174.97,175.25,174.95,175.08,173379.0
15:23,174.76,174.97,174.63,174.96,210557.0
15:24,174.73,174.93,174.7,174.74,129669.0
15:25,174.94,174.96,174.67,174.73,127079.0
15:26,175.12,175.14,174.87,174.94,176311.0
15:27,174.95,175.12,174.93,175.12,133307.0
15:28,175.04,175.15,174.88,174.92,178722.0
15:29,175.08,175.15,175.02,175.04,103236.0
15:30,174.98,175.15,174.91,175.09,124811.0
15:31,174.61,175.07,174.58,174.99,234822.0
15:32,174.41,174.68,174.4,174.61,234406.0
15:33,174.48,174.57,174.38,174.41,138902.0
15:34,174.39,174.49,174.33,174.46,153962.0
15:35,174.28,174.42,174.2,174.39,191757.0
15:36,174.46,174.47,174.22,174.25,154541.0
15:37,174.26,174.65,174.21,174.46,184756.0
15:38,174.24,174.33,174.13,174.27,187422.0
15:39,174.14,174.36,174.12,174.24,127763.0
15:40,174.26,174.31,174.11,174.13,153909.0
15:41,174.3,174.45,174.25,174.29,119929.0
15:42,174.21,174.44,174.15,174.32,136971.0
15:43,174.26,174.3,174.19,174.22,112727.0
15:44,174.04,174.2,174.02,174.2,195229.0
15:45,174.23,174.28,173.98,174.03,200929.0
15:46,174.23,174.32,174.15,174.22,137939.0
15:47,173.98,174.24,173.96,174.24,227808.0
15:48,173.98,174.1,173.87,173.98,194806.0
15:49,174.0,174.03,173.94,173.97,128842.0
15:50,173.47,173.99,173.39,173.94,333408.0
15:51,173.53,173.66,173.43,173.44,335314.0
15:52,173.61,173.63,173.48,173.53,342891.0
15:53,173.46,173.95,173.43,173.6,368625.0
15:54,173.54,173.59,173.38,173.45,287920.0
15:55,173.78,173.81,173.35,173.54,362952.0
15:56,173.65,173.96,173.61,173.78,415886.0
15:57,173.44,173.65,173.33,173.64,504070.0
15:58,173.41,173.46,173.14,173.43,459185.0
15:59,173.06,173.47,171.45,173.4,1014798.0
