Time,Close,High,Low,Open,Volume
09:30,175.13,176.13,175.01,175.49,1255459.0
09:31,175.57,176.34,175.11,175.11,211154.0
09:32,175.9,175.91,175.05,175.56,171986.0
09:33,176.65,176.87,175.76,175.9,324600.0
09:34,175.96,176.69,175.89,176.63,143214.0
09:35,176.4,176.41,175.59,175.98,164685.0
09:36,176.55,176.6,175.73,176.32,175255.0
09:37,176.67,176.84,176.28,176.55,200353.0
09:38,176.98,177.05,176.35,176.7,230133.0
09:39,176.28,176.96,176.15,176.96,175172.0
09:40,176.97,177.01,176.2,176.3,141242.0
09:41,176.37,177.03,176.25,176.93,136223.0
09:42,176.24,176.51,176.02,176.32,138372.0
09:43,176.24,176.29,175.95,176.2,129892.0
09:44,176.74,176.8,176.2,176.22,136790.0
09:45,177.1,177.17,176.66,176.74,210041.0
09:46,176.5,177.15,176.31,177.1,168440.0
09:47,176.41,176.53,176.09,176.5,136490.0
09:48,176.8,176.82,176.41,176.41,105065.0
09:49,176.77,176.83,176.46,176.76,104876.0
09:50,177.29,177.29,176.52,176.8,165459.0
09:51,177.36,177.43,177.12,177.27,245018.0
09:52,177.18,177.54,177.14,177.4,197509.0
09:53,177.4,177.49,177.15,177.22,109051.0
09:54,177.43,177.63,177.36,177.4,130491.0
09:55,177.73,177.8,177.43,177.47,222215.0
09:56,177.83,177.9,177.45,177.75,132422.0
09:57,177.52,177.79,177.43,177.79,101191.0
09:58,177.57,177.63,177.43,177.52,148068.0
09:59,177.98,177.98,177.5,177.6,123068.0
10:00,177.36,178.06,177.29,177.99,254416.0
10:01,177.26,177.59,177.17,177.36,160346.0
10:02,177.61,177.74,177.04,177.26,127555.0
10:03,178.05,178.14,177.54,177.66,179413.0
10:04,178.21,178.25,177.94,178.11,150861.0
10:05,177.97,178.31,177.9,178.2,138524.0
10:06,177.97,178.0,177.67,177.92,114019.0
10:07,177.54,178.15,177.46,177.97,197943.0
10:08,177.77,177.83,177.46,177.51,95197.0
10:09,178.03,178.09,177.63,177.76,191347.0
10:10,177.73,178.13,177.66,178.12,112838.0
10:11,177.75,177.83,177.64,177.71,63909.0
10:12,177.97,178.13,177.68,177.77,122792.0
10:13,178.13,178.26,177.92,177.92,95867.0
10:14,177.9,178.14,177.83,178.13,116849.0
10:15,178.12,178.26,177.72,177.86,122405.0
10:16,177.99,178.29,177.8,178.14,116153.0
10:17,177.96,178.03,177.73,177.99,111584.0
10:18,177.75,178.13,177.73,177.98,84878.0
10:19,177.2,177.8,177.05,177.8,251417.0
10:20,177.54,177.63,177.17,177.17,122119.0
10:21,177.7,177.77,177.29,177.53,81429.0
10:22,178.02,178.13,177.63,177.71,131375.0
10:23,178.63,178.69,178.0,178.03,304383.0
10:24,178.86,178.89,178.49,178.62,230172.0
10:25,178.57,178.91,178.52,178.87,142970.0
10:26,178.65,178.8,178.55,178.57,79298.0
10:27,178.8,178.84,178.45,178.67,111075.0
10:28,178.7,178.87,178.65,178.83,67966.0
10:29,178.79,178.98,178.72,178.78,90045.0
10:30,178.94,179.1,178.61,178.79,171655.0
10:31,178.73,179.0,178.72,178.94,120355.0
10:32,178.82,178.95,178.72,178.77,106870.0
10:33,178.82,178.89,178.76,178.82,87140.0
10:34,178.94,179.05,178.83,178.86,125655.0
10:35,178.93,179.07,178.81,178.93,92651.0
10:36,179.13,179.18,178.88,178.97,123597.0
10:37,179.45,179.45,179.06,179.14,151906.0
10:38,179.35,179.54,179.26,179.43,196800.0
10:39,179.35,179.47,179.3,179.35,88049.0
10:40,179.33,179.43,179.2,179.38,94496.0
10:41,179.26,179.4,179.21,179.35,58717.0
10:42,179.16,179.29,179.11,179.25,71503.0
10:43,178.85,179.16,178.8,179.16,125658.0
10:44,178.97,178.99,178.74,178.86,79013.0
10:45,178.98,179.0,178.58,178.94,94563.0
10:46,179.29,179.32,178.75,178.99,296520.0
10:47,179.38,179.46,179.28,179.32,89538.0
10:48,179.65,179.71,179.33,179.37,165155.0
10:49,179.81,179.83,179.64,179.66,128426.0
10:50,179.77,179.83,179.64,179.83,95659.0
10:51,179.72,179.79,179.54,179.77,67307.0
10:52,179.59,179.79,179.58,179.73,65389.0
10:53,179.46,179.58,179.4,179.55,86491.0
10:54,179.31,179.56,179.3,179.49,75199.0
10:55,179.63,179.82,179.32,179.33,120581.0
10:56,179.6,179.67,179.46,179.58,110056.0
10:57,180.02,180.09,179.57,179.64,313669.0
10:58,180.0,180.13,179.95,180.02,134994.0
10:59,180.09,180.12,179.93,180.0,90209.0
11:00,180.07,180.13,179.95,180.11,106103.0
11:01,179.7,180.1,179.65,180.06,161459.0
11:02,179.77,179.79,179.53,179.67,96986.0
11:03,179.57,180.0,179.55,179.8,99170.0
11:04,179.57,179.65,179.51,179.55,72762.0
11:05,179.47,179.62,179.34,179.55,98711.0
11:06,179.61,179.74,179.43,179.43,84370.0
11:07,179.45,179.62,179.31,179.62,59993.0
11:08,179.57,179.66,179.44,179.45,70463.0
11:09,179.5,179.6,179.46,179.56,45001.0
11:10,179.59,179.65,179.41,179.51,70292.0
11:11,179.53,179.67,179.45,179.58,53295.0
11:12,179.19,179.53,179.16,179.53,87227.0
11:13,179.28,179.38,179.17,179.2,51814.0
11:14,179.31,179.35,179.22,179.28,55146.0
11:15,179.45,179.48,179.26,179.33,46261.0
11:16,179.49,179.58,179.34,179.42,77631.0
11:17,179.23,179.47,179.23,179.45,60927.0
11:18,179.34,179.36,179.17,179.25,70723.0
11:19,179.42,179.45,179.27,179.31,43643.0
11:20,179.05,179.43,179.05,179.41,51492.0
11:21,179.04,179.15,179.02,179.07,61681.0
11:22,179.24,179.33,178.96,179.05,96174.0
11:23,179.26,179.37,179.15,179.23,71605.0
11:24,179.19,179.4,179.18,179.26,69663.0
11:25,179.21,179.21,179.05,179.19,41765.0
11:26,179.26,179.28,179.17,179.18,38755.0
11:27,179.35,179.53,179.24,179.27,131671.0
11:28,179.6,179.72,179.34,179.35,97198.0
11:29,179.87,179.88,179.54,179.58,96853.0
11:30,179.92,179.99,179.73,179.84,70021.0
11:31,179.9,180.08,179.88,179.92,122817.0
11:32,180.02,180.04,179.77,179.91,85861.0
11:33,180.26,180.26,179.96,180.01,124207.0
11:34,180.03,180.38,180.03,180.23,136679.0
11:35,180.24,180.29,180.05,180.06,65462.0
11:36,180.11,180.34,180.08,180.23,102862.0
11:37,180.09,180.14,179.93,180.11,100672.0
11:38,180.32,180.42,180.02,180.08,139262.0
11:39,180.01,180.38,180.01,180.35,74409.0
11:40,179.93,180.07,179.92,180.03,72376.0
11:41,180.01,180.05,179.85,179.94,77529.0
11:42,179.85,180.01,179.82,180.0,47467.0
11:43,179.28,179.84,179.26,179.82,111434.0
11:44,178.88,179.31,178.8,179.28,176299.0
11:45,179.12,179.24,178.86,178.88,105163.0
11:46,179.35,179.38,179.08,179.11,92603.0
11:47,179.48,179.53,179.29,179.36,76714.0
11:48,179.54,179.62,179.36,179.47,89336.0
11:49,179.48,179.56,179.4,179.5,55985.0
11:50,179.54,179.55,179.34,179.49,52296.0
11:51,179.71,179.78,179.54,179.6,69571.0
11:52,179.83,179.85,179.64,179.71,47219.0
11:53,179.96,180.02,179.77,179.84,150156.0
11:54,179.88,180.03,179.8,179.98,78011.0
11:55,179.93,179.99,179.77,179.86,48685.0
11:56,180.14,180.18,179.91,179.95,103015.0
11:57,180.08,180.2,180.02,180.14,64077.0
11:58,180.05,180.11,179.99,180.06,47280.0
11:59,180.01,180.09,179.91,180.04,50724.0
12:00,179.93,180.01,179.9,180.01,45954.0
12:01,179.87,179.99,179.81,179.93,55569.0
12:02,179.92,180.0,179.82,179.87,50111.0
12:03,179.82,179.96,179.82,179.91,29852.0
12:04,179.81,179.85,179.71,179.8,43768.0
12:05,179.71,179.94,179.67,179.84,40163.0
12:06,179.78,179.92,179.71,179.74,49732.0
12:07,179.95,180.0,179.8,179.85,49095.0
12:08,179.97,179.99,179.77,179.93,48297.0
12:09,179.98,180.01,179.87,179.97,53303.0
12:10,179.78,179.97,179.73,179.97,29308.0
12:11,180.07,180.09,179.78,179.78,44366.0
12:12,179.93,180.08,179.87,180.07,33954.0
12:13,179.95,179.96,179.88,179.94,26314.0
12:14,179.9,179.96,179.81,179.96,40257.0
12:15,179.95,179.98,179.82,179.82,28069.0
12:16,180.03,180.03,179.87,179.95,59357.0
12:17,180.04,180.06,179.89,180.01,67367.0
12:18,180.17,180.18,179.97,180.03,52394.0
12:19,180.05,180.25,180.0,180.2,95741.0
12:20,180.1,180.1,179.98,180.05,42604.0
12:21,179.99,180.14,179.97,180.07,33842.0
12:22,180.17,180.2,179.93,180.0,48680.0
12:23,179.98,180.19,179.96,180.17,56510.0
12:24,179.98,180.17,179.96,179.96,33974.0
12:25,179.84,179.97,179.83,179.97,30291.0
12:26,179.88,179.88,179.73,179.83,36567.0
12:27,179.68,179.87,179.68,179.85,45748.0
12:28,179.63,179.7,179.54,179.68,58659.0
12:29,179.75,179.78,179.64,179.67,28057.0
12:30,179.84,179.97,179.79,179.79,63718.0
12:31,179.91,179.91,179.81,179.82,30259.0
12:32,180.18,180.18,179.86,179.91,59509.0
12:33,179.95,180.24,179.93,180.19,78060.0
12:34,179.96,180.0,179.93,179.95,30559.0
12:35,179.88,179.95,179.86,179.94,23172.0
12:36,180.07,180.09,179.89,179.89,39824.0
12:37,180.22,180.23,180.04,180.07,67764.0
12:38,180.25,180.25,180.07,180.21,68262.0
12:39,180.3,180.36,180.21,180.23,80487.0
12:40,180.17,180.4,180.13,180.32,98241.0
12:41,180.2,180.29,180.17,180.19,48889.0
12:42,180.31,180.35,180.18,180.2,30464.0
12:43,180.21,180.4,180.18,180.32,89827.0
12:44,180.35,180.36,180.23,180.23,33264.0
12:45,180.46,180.49,180.23,180.31,107498.0
12:46,180.35,180.62,180.34,180.45,167873.0
12:47,180.32,180.4,180.14,180.38,61880.0
12:48,180.21,180.32,180.21,180.32,44707.0
12:49,180.07,180.3,180.05,180.22,53852.0
12:50,180.2,180.22,180.06,180.07,34381.0
12:51,180.29,180.34,180.17,180.2,49209.0
12:52,180.39,180.48,180.16,180.27,68178.0
12:53,180.47,180.52,180.37,180.39,64244.0
12:54,180.71,180.73,180.46,180.48,91336.0
12:55,180.72,180.74,180.62,180.7,107562.0
12:56,180.64,180.86,180.62,180.72,134264.0
12:57,180.74,180.74,180.63,180.64,42161.0
12:58,180.81,181.0,180.72,180.74,178783.0
12:59,180.95,181.0,180.8,180.82,67786.0
13:00,180.98,180.98,180.83,180.93,67881.0
13:01,181.02,181.09,180.97,180.97,133984.0
13:02,180.85,181.01,180.84,181.01,51436.0
13:03,180.87,180.95,180.78,180.84,39332.0
13:04,180.89,180.97,180.86,180.87,41338.0
13:05,180.8,180.91,180.8,180.91,59066.0
13:06,180.88,180.88,180.77,180.8,35264.0
13:07,180.77,181.0,180.72,180.87,88745.0
13:08,180.53,180.77,180.46,180.72,149386.0
13:09,180.83,180.99,180.39,180.49,79249.0
13:10,180.97,180.97,180.69,180.84,95612.0
13:11,181.01,181.12,180.93,180.97,76121.0
13:12,181.13,181.17,180.97,181.01,48646.0
13:13,181.23,181.28,181.08,181.13,118783.0
13:14,181.17,181.26,181.14,181.2,53299.0
13:15,181.17,181.21,181.09,181.18,54200.0
13:16,181.32,181.35,181.17,181.18,86511.0
13:17,181.51,181.52,181.31,181.31,130965.0
13:18,181.35,181.56,181.31,181.51,99314.0
13:19,181.29,181.38,181.25,181.38,56223.0
13:20,181.34,181.34,181.23,181.28,41118.0
13:21,181.15,181.37,181.14,181.33,64023.0
13:22,181.21,181.21,181.04,181.14,56741.0
13:23,181.23,181.27,181.12,181.22,43720.0
13:24,181.33,181.38,181.24,181.24,57078.0
13:25,181.07,181.31,181.07,181.31,55268.0
13:26,180.91,181.08,180.82,181.08,76856.0
13:27,180.84,180.95,180.83,180.92,51544.0
13:28,180.8,180.88,180.74,180.86,50042.0
13:29,180.8,180.94,180.73,180.81,59038.0
13:30,180.78,180.82,180.58,180.82,71754.0
13:31,180.79,180.81,180.69,180.77,36706.0
13:32,180.82,180.94,180.75,180.77,55336.0
13:33,180.97,181.11,180.8,180.85,98122.0
13:34,181.03,181.11,180.89,180.97,63549.0
13:35,181.11,181.28,181.0,181.02,88720.0
13:36,181.25,181.34,181.09,181.12,59943.0
13:37,181.29,181.31,181.15,181.23,41292.0
13:38,181.4,181.44,181.25,181.3,47190.0
13:39,181.18,181.39,181.18,181.39,63624.0
13:40,181.06,181.21,181.0,181.18,64718.0
13:41,181.01,181.14,180.98,181.07,53425.0
13:42,181.21,181.21,180.99,181.03,58120.0
13:43,181.07,181.24,181.04,181.2,41026.0
13:44,181.15,181.17,181.06,181.06,24441.0
13:45,181.13,181.24,181.11,181.14,30337.0
13:46,181.2,181.28,181.11,181.11,33977.0
13:47,181.12,181.28,181.1,181.19,25996.0
13:48,181.08,181.23,181.05,181.12,46717.0
13:49,181.2,181.2,181.04,181.1,22787.0
13:50,181.07,181.2,181.05,181.2,27057.0
13:51,181.13,181.15,181.03,181.05,27463.0
13:52,181.06,181.22,181.05,181.15,44060.0
13:53,181.04,181.11,181.0,181.08,53505.0
13:54,181.01,181.09,180.95,181.04,41344.0
13:55,181.01,181.05,180.91,181.01,42701.0
13:56,181.1,181.14,181.01,181.01,30228.0
13:57,181.06,181.2,181.04,181.07,52132.0
13:58,181.08,181.08,180.93,181.04,26842.0
13:59,180.99,181.1,180.98,181.08,31428.0
14:00,181.0,181.04,180.99,180.99,29007.0
14:01,180.88,181.01,180.83,180.97,47923.0
14:02,180.82,180.91,180.8,180.91,26477.0
14:03,180.9,180.91,180.78,180.83,45695.0
14:04,180.86,181.0,180.81,180.9,47042.0
14:05,180.78,180.9,180.75,180.87,32374.0
14:06,180.77,180.86,180.72,180.78,58749.0
14:07,180.85,180.9,180.74,180.77,75524.0
14:08,180.74,180.85,180.7,180.84,48760.0
14:09,180.96,180.96,180.68,180.76,48261.0
14:10,180.74,180.97,180.71,180.94,45269.0
14:11,180.71,180.76,180.67,180.75,43407.0
14:12,180.79,180.79,180.69,180.73,38556.0
14:13,180.85,180.87,180.72,180.79,31228.0
14:14,180.81,180.87,180.73,180.87,29102.0
14:15,180.63,180.89,180.57,180.78,67187.0
14:16,180.83,180.84,180.64,180.64,36003.0
14:17,180.8,180.95,180.78,180.81,38028.0
14:18,180.65,180.8,180.59,180.8,40400.0
14:19,180.76,180.77,180.62,180.66,30943.0
14:20,180.71,180.8,180.63,180.77,49481.0
14:21,180.73,180.75,180.62,180.72,40411.0
14:22,180.74,180.77,180.7,180.73,24301.0
14:23,180.69,180.79,180.67,180.76,28863.0
14:24,180.71,180.75,180.65,180.68,20326.0
14:25,180.68,180.72,180.62,180.69,33233.0
14:26,180.54,180.68,180.54,180.68,32917.0
14:27,180.65,180.66,180.5,180.51,49386.0
14:28,180.83,180.87,180.65,180.66,56313.0
14:29,180.79,180.88,180.76,180.81,27876.0
14:30,180.77,180.83,180.65,180.77,38003.0
14:31,180.76,180.87,180.71,180.78,32736.0
14:32,180.83,180.88,180.75,180.79,35374.0
14:33,180.61,180.83,180.61,180.81,35959.0
14:34,180.61,180.7,180.61,180.63,19343.0
14:35,180.43,180.6,180.43,180.58,78817.0
14:36,180.57,180.58,180.44,180.45,32920.0
14:37,180.54,180.61,180.53,180.59,33405.0
14:38,180.43,180.58,180.36,180.55,62349.0
14:39,180.48,180.51,180.43,180.43,43225.0
14:40,180.4,180.53,180.37,180.47,38324.0
14:41,180.45,180.51,180.38,180.39,38135.0
14:42,180.44,180.51,180.4,180.45,27511.0
14:43,180.48,180.54,180.41,180.43,33782.0
14:44,180.57,180.57,180.46,180.48,30226.0
14:45,180.59,180.69,180.55,180.57,41253.0
14:46,180.65,180.68,180.58,180.58,28875.0
14:47,180.65,180.67,180.59,180.64,22379.0
14:48,180.53,180.68,180.51,180.66,36179.0
14:49,180.47,180.51,180.42,180.5,42074.0
14:50,180.63,180.63,180.47,180.47,35499.0
14:51,180.63,180.68,180.58,180.62,37466.0
14:52,180.72,180.75,180.63,180.63,31282.0
14:53,180.75,180.81,180.71,180.72,35720.0
14:54,180.69,180.78,180.64,180.74,30778.0
14:55,180.72,180.79,180.67,180.69,35900.0
14:56,180.88,180.88,180.72,180.72,43913.0
14:57,180.82,180.92,180.81,180.9,49969.0
14:58,180.78,180.89,180.78,180.86,20070.0
14:59,180.81,180.87,180.78,180.78,29032.0
15:00,180.82,180.88,180.77,180.82,31488.0
15:01,180.62,180.81,180.59,180.81,70642.0
15:02,180.73,180.73,180.6,180.61,41212.0
15:03,180.86,180.88,180.76,180.76,38708.0
15:04,180.92,180.94,180.87,180.89,41915.0
15:05,180.88,180.93,180.82,180.93,35757.0
15:06,181.04,181.13,180.9,180.91,95880.0
15:07,181.02,181.08,180.91,181.0,86597.0
15:08,180.89,181.03,180.86,181.03,36151.0
15:09,181.09,181.12,180.87,180.89,53492.0
15:10,181.09,181.1,181.04,181.09,27707.0
15:11,181.1,181.11,180.99,181.08,39980.0
15:12,181.03,181.14,181.01,181.1,43838.0
15:13,181.06,181.06,180.96,181.03,27952.0
15:14,181.14,181.15,181.04,181.07,93866.0
15:15,181.11,181.2,181.07,181.13,83776.0
15:16,181.07,181.14,181.06,181.12,30760.0
15:17,181.07,181.19,181.02,181.07,54463.0
15:18,181.16,181.16,181.04,181.07,39342.0
15:19,181.13,181.23,181.1,181.14,76817.0
15:20,181.22,181.23,181.09,181.14,61447.0
15:21,181.19,181.24,181.12,181.21,50575.0
15:22,181.18,181.29,181.15,181.2,108859.0
15:23,181.07,181.19,181.05,181.18,34377.0
15:24,181.24,181.26,181.07,181.07,43834.0
15:25,181.2,181.26,181.15,181.25,50083.0
15:26,181.16,181.2,181.12,181.2,42433.0
15:27,181.15,181.19,181.1,181.17,32831.0
15:28,181.13,181.19,181.1,181.14,42144.0
15:29,181.15,181.18,181.08,181.14,31424.0
15:30,180.99,181.16,180.96,181.16,40839.0
15:31,181.02,181.04,180.96,180.99,38187.0
15:32,181.22,181.23,181.02,181.02,40599.0
15:33,181.15,181.24,181.13,181.2,43740.0
15:34,181.14,181.15,181.09,181.15,27244.0
15:35,181.09,181.18,181.09,181.13,36662.0
15:36,180.94,181.13,180.93,181.1,48859.0
15:37,181.02,181.02,180.94,180.96,44541.0
15:38,180.98,181.06,180.95,181.04,47101.0
15:39,180.9,181.01,180.85,180.98,72735.0
15:40,180.88,180.91,180.81,180.89,80910.0
15:41,180.86,180.93,180.86,180.91,47317.0
15:42,180.87,180.9,180.83,180.88,43130.0
15:43,180.9,180.92,180.86,180.87,29549.0
15:44,180.92,180.94,180.87,180.9,40133.0
15:45,180.86,180.96,180.8,180.91,82655.0
15:46,180.84,180.86,180.77,180.85,49319.0
15:47,180.81,180.84,180.71,180.82,47294.0
15:48,180.96,180.98,180.82,180.82,85301.0
15:49,181.06,181.09,180.93,180.96,119220.0
15:50,180.75,181.04,180.55,181.02,150093.0
15:51,180.59,180.8,180.54,180.78,108314.0
15:52,180.64,180.69,180.53,180.59,111369.0
15:53,180.8,180.93,180.62,180.65,105556.0
15:54,180.86,181.0,180.71,180.79,115769.0
15:55,180.58,180.81,180.4,180.81,130786.0
15:56,180.57,180.65,180.53,180.6,80726.0
15:57,180.61,180.63,180.48,180.57,152156.0
15:58,180.66,180.76,180.57,180.6,225371.0
15:59,180.5,180.68,180.27,180.66,306903.0
