Time,Close,High,Low,Open,Volume
09:30,178.73,179.02,178.0,178.93,1046053.0
09:31,178.39,178.98,178.17,178.67,161743.0
09:32,179.19,179.34,178.44,178.44,176988.0
09:33,179.98,180.04,178.91,179.23,214474.0
09:34,179.77,180.12,179.47,180.03,175931.0
09:35,179.23,179.7,179.2,179.66,119194.0
09:36,178.74,179.43,178.55,179.27,135303.0
09:37,178.33,179.09,178.32,178.74,141712.0
09:38,178.19,178.74,178.17,178.32,204291.0
09:39,177.88,178.35,177.85,178.2,166373.0
09:40,178.03,178.41,177.85,177.87,167374.0
09:41,178.13,178.62,177.96,177.96,144741.0
09:42,178.57,178.61,178.18,178.18,135302.0
09:43,178.15,178.79,178.11,178.56,128848.0
09:44,177.33,178.24,177.33,178.17,234459.0
09:45,176.98,177.52,176.79,177.39,252090.0
09:46,177.01,177.26,176.6,176.95,209873.0
09:47,177.24,177.35,176.87,176.9,171904.0
09:48,177.23,177.48,176.94,177.22,166448.0
09:49,177.42,177.54,177.15,177.23,124150.0
09:50,177.48,177.83,177.35,177.47,214360.0
09:51,176.99,177.52,176.81,177.48,140782.0
09:52,177.27,177.38,176.97,176.99,132187.0
09:53,177.08,177.29,176.9,177.27,90051.0
09:54,177.0,177.27,176.9,177.1,73539.0
09:55,176.8,177.21,176.6,177.03,117425.0
09:56,177.01,177.13,176.76,176.82,89007.0
09:57,176.87,177.08,176.76,176.97,88703.0
09:58,177.2,177.25,176.8,176.87,105670.0
09:59,177.27,177.34,177.11,177.23,111768.0
10:00,177.87,177.89,177.2,177.23,198021.0
10:01,177.51,177.92,177.5,177.81,160786.0
10:02,177.75,177.8,177.41,177.55,76792.0
10:03,177.63,177.91,177.53,177.72,99139.0
10:04,177.38,177.92,177.24,177.6,116433.0
10:05,176.83,177.45,176.8,177.43,119748.0
10:06,175.76,176.93,175.62,176.82,334763.0
10:07,175.88,176.08,175.65,175.79,191576.0
10:08,176.16,176.48,175.8,175.89,239830.0
10:09,176.32,176.39,176.06,176.15,154184.0
10:10,175.99,176.6,175.94,176.34,170903.0
10:11,175.77,176.08,175.65,176.02,155439.0
10:12,175.94,176.17,175.77,175.8,122106.0
10:13,175.79,175.95,175.42,175.93,214723.0
10:14,176.23,176.4,175.76,175.77,151869.0
10:15,176.13,176.34,175.97,176.27,107789.0
10:16,176.34,176.56,176.23,176.25,135177.0
10:17,176.22,176.55,176.22,176.36,113822.0
10:18,176.18,176.36,176.1,176.18,105093.0
10:19,176.44,176.5,176.11,176.21,89157.0
10:20,176.77,176.77,176.33,176.47,116665.0
10:21,176.81,176.86,176.61,176.76,95423.0
10:22,176.45,176.87,176.4,176.79,89600.0
10:23,176.4,176.64,176.37,176.42,77329.0
10:24,176.25,176.49,176.12,176.43,145429.0
10:25,175.71,176.22,175.62,176.22,153966.0
10:26,175.03,175.73,174.91,175.71,327650.0
10:27,175.39,175.45,175.02,175.05,210497.0
10:28,175.38,175.63,175.13,175.38,204310.0
10:29,175.51,175.57,175.34,175.38,131649.0
10:30,175.49,175.6,175.18,175.51,159434.0
10:31,175.22,175.51,175.06,175.51,141149.0
10:32,175.22,175.54,175.01,175.19,144220.0
10:33,175.39,175.56,175.2,175.2,95220.0
10:34,175.02,175.45,174.96,175.37,94400.0
10:35,175.44,175.49,174.95,174.99,99940.0
10:36,175.72,175.88,175.34,175.42,146183.0
10:37,176.21,176.23,175.73,175.74,127491.0
10:38,176.79,176.85,176.14,176.2,214064.0
10:39,176.95,177.03,176.77,176.79,144402.0
10:40,177.26,177.28,176.79,176.91,171670.0
10:41,177.56,177.58,177.17,177.29,134853.0
10:42,177.63,177.7,177.4,177.61,175435.0
10:43,177.38,177.65,177.22,177.63,155114.0
10:44,177.41,177.55,177.26,177.35,70004.0
10:45,176.85,177.49,176.81,177.39,194217.0
10:46,176.93,177.07,176.78,176.82,75940.0
10:47,176.48,177.06,176.42,176.95,115870.0
10:48,176.62,176.68,176.45,176.5,62738.0
10:49,176.1,176.64,176.05,176.6,99805.0
10:50,175.9,176.17,175.83,176.14,98773.0
10:51,176.26,176.4,175.83,175.92,103889.0
10:52,176.29,176.38,176.11,176.27,94489.0
10:53,176.19,176.48,176.16,176.3,112192.0
10:54,176.18,176.35,176.13,176.21,49623.0
10:55,176.21,176.37,176.08,176.12,57270.0
10:56,176.07,176.21,175.84,176.18,66911.0
10:57,176.06,176.24,175.99,176.01,55192.0
10:58,175.94,176.18,175.93,176.05,59614.0
10:59,175.66,176.01,175.58,175.95,98385.0
11:00,175.65,175.83,175.62,175.66,64016.0
11:01,175.81,175.94,175.64,175.68,47961.0
11:02,176.08,176.15,175.79,175.81,96393.0
11:03,176.23,176.3,175.98,176.12,83075.0
11:04,176.45,176.58,176.23,176.26,101850.0
11:05,176.54,176.59,176.35,176.44,67993.0
11:06,176.68,176.89,176.49,176.51,112334.0
11:07,176.85,176.94,176.71,176.73,78520.0
11:08,176.73,176.88,176.63,176.83,58311.0
11:09,176.75,176.86,176.64,176.73,43014.0
11:10,176.75,176.92,176.67,176.82,54405.0
11:11,176.63,176.8,176.52,176.74,85986.0
11:12,176.24,176.65,176.21,176.63,107342.0
11:13,176.18,176.41,176.13,176.24,56698.0
11:14,176.0,176.34,175.98,176.14,63636.0
11:15,176.12,176.24,175.96,176.0,51179.0
11:16,176.42,176.44,176.07,176.09,58032.0
11:17,176.21,176.46,176.12,176.42,59778.0
11:18,176.29,176.29,176.07,176.24,38458.0
11:19,176.44,176.51,176.23,176.29,52127.0
11:20,176.54,176.65,176.46,176.47,70229.0
11:21,176.33,176.59,176.26,176.54,46803.0
11:22,176.32,176.41,176.1,176.32,52805.0
11:23,176.16,176.37,176.04,176.33,42871.0
11:24,176.29,176.4,176.06,176.15,41407.0
11:25,176.67,176.67,176.29,176.33,65183.0
11:26,177.0,177.02,176.64,176.65,87017.0
11:27,177.16,177.24,176.98,177.01,89619.0
11:28,176.93,177.21,176.85,177.19,118416.0
11:29,176.85,176.98,176.8,176.94,76483.0
11:30,176.95,176.99,176.75,176.86,74736.0
11:31,176.84,177.04,176.74,176.97,35240.0
11:32,176.91,177.02,176.76,176.83,32236.0
11:33,176.78,177.04,176.58,176.96,58902.0
11:34,176.88,176.92,176.73,176.77,49585.0
11:35,176.94,177.1,176.84,176.88,68643.0
11:36,176.92,177.09,176.87,176.97,30735.0
11:37,176.8,177.03,176.8,176.92,33428.0
11:38,176.87,177.02,176.74,176.8,46973.0
11:39,176.69,176.9,176.66,176.87,35090.0
11:40,176.82,176.95,176.71,176.71,62794.0
11:41,176.85,176.87,176.69,176.83,23687.0
11:42,176.7,176.91,176.62,176.85,47197.0
11:43,176.95,176.97,176.67,176.67,39183.0
11:44,177.01,177.1,176.91,176.95,82249.0
11:45,176.82,177.0,176.71,177.0,62229.0
11:46,176.96,176.98,176.73,176.8,29872.0
11:47,176.91,177.0,176.87,176.97,37343.0
11:48,177.09,177.09,176.85,176.87,32859.0
11:49,177.2,177.23,177.04,177.1,60896.0
11:50,177.07,177.22,177.06,177.2,41849.0
11:51,177.25,177.29,177.06,177.06,31488.0
11:52,177.22,177.35,177.2,177.28,47212.0
11:53,177.19,177.22,177.08,177.21,38085.0
11:54,177.36,177.46,177.2,177.22,61925.0
11:55,177.3,177.43,177.2,177.37,72942.0
11:56,177.2,177.38,177.1,177.33,42529.0
11:57,176.91,177.26,176.84,177.2,66618.0
11:58,176.41,176.95,176.4,176.88,101629.0
11:59,176.26,176.43,176.2,176.41,105566.0
12:00,175.96,176.29,175.86,176.27,95480.0
12:01,176.39,176.51,175.94,175.96,82784.0
12:02,176.4,176.41,176.25,176.37,64521.0
12:03,176.35,176.5,176.3,176.39,72599.0
12:04,176.68,176.71,176.34,176.35,74561.0
12:05,176.43,176.76,176.33,176.67,65463.0
12:06,176.48,176.72,176.46,176.48,37773.0
12:07,176.45,176.55,176.32,176.46,38344.0
12:08,176.4,176.54,176.37,176.44,41164.0
12:09,176.42,176.53,176.34,176.38,22204.0
12:10,176.39,176.51,176.29,176.41,32476.0
12:11,176.36,176.48,176.33,176.38,25414.0
12:12,176.54,176.58,176.37,176.38,31037.0
12:13,176.65,176.65,176.42,176.54,25377.0
12:14,176.49,176.67,176.43,176.65,62306.0
12:15,176.56,176.66,176.46,176.49,28873.0
12:16,176.41,176.62,176.27,176.59,44411.0
12:17,176.5,176.55,176.41,176.41,22587.0
12:18,176.49,176.57,176.35,176.49,31136.0
12:19,176.88,176.96,176.49,176.5,74665.0
12:20,177.04,177.05,176.76,176.87,65913.0
12:21,177.42,177.51,177.02,177.04,72688.0
12:22,177.24,177.45,177.18,177.43,77806.0
12:23,177.19,177.35,177.14,177.24,41619.0
12:24,177.42,177.5,177.21,177.21,47951.0
12:25,177.5,177.59,177.42,177.44,57201.0
12:26,177.44,177.55,177.41,177.51,39267.0
12:27,177.15,177.46,177.11,177.42,65040.0
12:28,177.06,177.3,176.95,177.16,58685.0
12:29,177.32,177.34,177.06,177.06,36809.0
12:30,177.4,177.44,177.2,177.31,41568.0
12:31,177.51,177.54,177.4,177.41,47844.0
12:32,177.39,177.55,177.31,177.51,47444.0
12:33,177.09,177.38,177.03,177.38,43529.0
12:34,177.17,177.24,177.05,177.11,41859.0
12:35,177.23,177.23,176.94,177.19,51703.0
12:36,177.05,177.34,177.03,177.25,35070.0
12:37,177.21,177.24,177.05,177.05,48457.0
12:38,177.07,177.25,177.04,177.17,47546.0
12:39,176.93,177.1,176.85,177.05,68104.0
12:40,176.86,176.99,176.83,176.9,49477.0
12:41,177.02,177.05,176.83,176.85,42195.0
12:42,177.04,177.1,176.96,177.02,40566.0
12:43,177.24,177.27,177.01,177.05,80077.0
12:44,177.32,177.45,177.23,177.23,54339.0
12:45,177.16,177.36,177.11,177.32,56643.0
12:46,177.17,177.4,177.14,177.18,48341.0
12:47,177.13,177.29,177.1,177.21,24312.0
12:48,176.96,177.14,176.91,177.14,42889.0
12:49,177.02,177.06,176.8,176.95,61871.0
12:50,177.15,177.15,176.92,177.02,25250.0
12:51,177.24,177.27,177.1,177.15,27110.0
12:52,177.16,177.32,177.12,177.24,45539.0
12:53,177.12,177.18,177.07,177.17,23950.0
12:54,177.15,177.15,177.09,177.13,15067.0
12:55,176.98,177.17,176.95,177.11,21482.0
12:56,176.97,177.07,176.95,176.95,17220.0
12:57,176.98,177.08,176.85,176.96,36464.0
12:58,177.15,177.2,176.99,176.99,53675.0
12:59,177.09,177.2,177.06,177.11,30575.0
13:00,177.04,177.16,177.02,177.05,32367.0
13:01,177.16,177.2,177.04,177.04,23243.0
13:02,177.03,177.2,177.01,177.19,29897.0
13:03,177.1,177.13,177.0,177.03,24441.0
13:04,177.09,177.12,177.02,177.1,12084.0
13:05,177.13,177.13,176.96,177.07,29662.0
13:06,176.98,177.14,176.92,177.14,48228.0
13:07,176.9,176.94,176.77,176.94,42358.0
13:08,176.9,177.0,176.86,176.9,21893.0
13:09,176.98,177.0,176.87,176.89,54007.0
13:10,176.96,177.0,176.93,176.98,38362.0
13:11,177.05,177.2,176.96,176.96,44043.0
13:12,176.89,177.02,176.88,177.02,31360.0
13:13,176.85,176.97,176.77,176.89,40118.0
13:14,176.91,176.92,176.81,176.84,25538.0
13:15,176.72,176.9,176.65,176.89,48942.0
13:16,176.62,176.76,176.55,176.69,52226.0
13:17,176.83,176.85,176.58,176.62,57501.0
13:18,176.8,176.9,176.75,176.83,30434.0
13:19,176.95,176.96,176.84,176.86,22466.0
13:20,176.83,176.96,176.75,176.96,42760.0
13:21,176.74,176.93,176.67,176.84,32072.0
13:22,176.76,176.83,176.7,176.74,24925.0
13:23,176.84,176.85,176.67,176.75,22398.0
13:24,176.97,176.99,176.79,176.83,31868.0
13:25,176.87,177.0,176.86,176.97,30739.0
13:26,176.98,177.0,176.85,176.9,18224.0
13:27,177.37,177.38,176.96,176.97,9032549.0
13:28,177.53,177.54,177.28,177.36,1.0
13:29,177.39,177.52,177.34,177.51,54655.0
13:30,177.31,177.42,177.21,177.42,45329.0
13:31,177.18,177.39,177.16,177.3,42578.0
13:32,177.3,177.31,177.1,177.19,27471.0
13:33,177.38,177.38,177.23,177.27,25824.0
13:34,177.59,177.61,177.38,177.4,39450.0
13:35,177.61,177.66,177.58,177.62,46929.0
13:36,177.71,177.73,177.56,177.61,41828.0
13:37,177.79,177.8,177.67,177.69,50568.0
13:38,177.68,177.85,177.64,177.79,51703.0
13:39,177.45,177.71,177.45,177.67,46856.0
13:40,177.58,177.63,177.46,177.49,33431.0
13:41,177.47,177.59,177.37,177.58,41225.0
13:42,177.44,177.49,177.36,177.46,23792.0
13:43,177.57,177.62,177.45,177.46,31888.0
13:44,177.63,177.68,177.53,177.6,21853.0
13:45,177.5,177.63,177.47,177.63,23180.0
13:46,177.42,177.61,177.38,177.57,29582.0
13:47,177.3,177.48,177.26,177.45,29224.0
13:48,177.49,177.51,177.27,177.3,37878.0
13:49,177.37,177.49,177.34,177.48,20546.0
13:50,177.41,177.41,177.31,177.37,23939.0
13:51,177.48,177.51,177.32,177.4,23310.0
13:52,177.46,177.6,177.44,177.49,37157.0
13:53,177.45,177.48,177.4,177.46,19310.0
13:54,177.33,177.47,177.32,177.45,21408.0
13:55,177.39,177.52,177.31,177.31,27924.0
13:56,177.34,177.42,177.21,177.39,30499.0
13:57,177.48,177.56,177.31,177.35,33005.0
13:58,177.48,177.56,177.39,177.46,24104.0
13:59,177.6,177.62,177.47,177.49,31160.0
14:00,177.53,177.67,177.49,177.6,35795.0
14:01,177.54,177.65,177.54,177.54,23019.0
14:02,177.49,177.59,177.46,177.57,20927.0
14:03,177.55,177.55,177.48,177.51,19569.0
14:04,177.55,177.63,177.54,177.54,25049.0
14:05,177.36,177.61,177.35,177.53,28321.0
14:06,177.37,177.43,177.28,177.4,23753.0
14:07,177.4,177.42,177.29,177.32,30721.0
14:08,177.42,177.5,177.36,177.41,25562.0
14:09,177.32,177.43,177.32,177.42,16092.0
14:10,177.08,177.31,177.08,177.3,31481.0
14:11,177.15,177.27,177.08,177.08,33326.0
14:12,177.38,177.4,177.14,177.16,26631.0
14:13,177.48,177.5,177.37,177.37,36016.0
14:14,177.63,177.65,177.49,177.5,31465.0
14:15,177.8,177.86,177.61,177.62,105850.0
14:16,177.77,177.83,177.72,177.81,75114.0
14:17,177.71,177.79,177.68,177.74,26265.0
14:18,177.68,177.73,177.62,177.73,40257.0
14:19,177.56,177.71,177.55,177.69,31819.0
14:20,177.42,177.58,177.41,177.57,46429.0
14:21,177.56,177.63,177.41,177.41,39472.0
14:22,177.66,177.67,177.52,177.54,22541.0
14:23,177.72,177.72,177.59,177.68,25906.0
14:24,177.77,177.84,177.7,177.71,28121.0
14:25,177.82,177.85,177.72,177.78,37819.0
14:26,177.7,177.82,177.68,177.8,57978.0
14:27,177.55,177.7,177.54,177.7,35223.0
14:28,177.57,177.65,177.51,177.55,29434.0
14:29,177.71,177.72,177.57,177.57,33783.0
14:30,178.0,178.0,177.74,177.75,58330.0
14:31,177.93,178.02,177.91,177.99,73282.0
14:32,177.86,177.96,177.86,177.93,32702.0
14:33,177.75,177.9,177.66,177.86,51149.0
14:34,177.76,177.8,177.65,177.75,28470.0
14:35,177.83,177.91,177.74,177.76,42870.0
14:36,177.68,177.92,177.67,177.85,33588.0
14:37,177.65,177.7,177.6,177.68,33538.0
14:38,177.79,177.81,177.59,177.65,62253.0
14:39,177.82,177.86,177.77,177.79,31502.0
14:40,177.77,177.91,177.76,177.82,60656.0
14:41,177.71,177.82,177.68,177.77,41719.0
14:42,177.91,177.94,177.74,177.75,39283.0
14:43,177.9,177.99,177.85,177.88,44454.0
14:44,177.88,177.94,177.85,177.9,30586.0
14:45,177.74,177.87,177.6,177.87,87929.0
14:46,177.7,177.79,177.61,177.72,22581.0
14:47,177.92,177.97,177.71,177.73,47586.0
14:48,178.15,178.2,177.95,177.97,115835.0
14:49,178.11,178.2,178.11,178.15,36593.0
14:50,178.02,178.13,177.97,178.12,45298.0
14:51,178.12,178.12,178.01,178.06,57491.0
14:52,178.23,178.23,178.08,178.13,43320.0
14:53,178.14,178.23,178.08,178.23,43673.0
14:54,178.14,178.18,178.08,178.14,20197.0
14:55,178.19,178.25,178.1,178.13,30171.0
14:56,178.18,178.2,178.12,178.18,21827.0
14:57,178.18,178.31,178.16,178.18,36202.0
14:58,178.24,178.31,178.16,178.19,38327.0
14:59,178.18,178.27,178.15,178.25,34560.0
15:00,178.08,178.21,178.01,178.2,57447.0
15:01,178.12,178.2,178.03,178.06,56290.0
15:02,178.18,178.26,178.1,178.11,42941.0
15:03,178.23,178.24,178.13,178.18,34822.0
15:04,178.08,178.25,178.07,178.22,60649.0
15:05,178.06,178.13,178.02,178.09,23205.0
15:06,177.86,178.06,177.86,178.06,108428.0
15:07,177.81,177.91,177.8,177.86,50705.0
15:08,177.8,177.9,177.77,177.81,40547.0
15:09,177.89,177.91,177.81,177.82,39917.0
15:10,177.95,177.96,177.83,177.87,37849.0
15:11,177.96,177.98,177.87,177.94,35586.0
15:12,178.11,178.14,177.97,178.0,46935.0
15:13,178.05,178.15,178.01,178.1,43956.0
15:14,177.91,178.1,177.89,178.05,40630.0
15:15,177.85,177.93,177.76,177.91,50412.0
15:16,178.11,178.13,177.85,177.85,48514.0
15:17,178.04,178.1,177.99,178.1,35636.0
15:18,178.02,178.04,177.98,178.04,25557.0
15:19,177.92,178.05,177.86,178.02,52847.0
15:20,177.92,178.05,177.91,177.94,35301.0
15:21,177.82,177.97,177.79,177.93,45928.0
15:22,177.89,177.91,177.78,177.82,30779.0
15:23,177.95,178.0,177.87,177.89,28833.0
15:24,177.82,177.95,177.78,177.94,39165.0
15:25,177.91,177.91,177.82,177.82,28945.0
15:26,177.9,177.91,177.8,177.9,30130.0
15:27,177.91,177.94,177.81,177.89,46885.0
15:28,177.84,177.93,177.82,177.93,31694.0
15:29,177.86,177.91,177.81,177.83,45020.0
15:30,177.83,177.91,177.76,177.88,64131.0
15:31,177.85,177.92,177.78,177.83,64621.0
15:32,177.76,177.93,177.75,177.89,45893.0
15:33,177.62,177.76,177.62,177.76,64171.0
15:34,177.65,177.68,177.56,177.61,46627.0
15:35,177.56,177.69,177.55,177.66,42359.0
15:36,177.52,177.64,177.48,177.57,47830.0
15:37,177.48,177.56,177.47,177.49,35827.0
15:38,177.62,177.68,177.48,177.48,46693.0
15:39,177.49,177.66,177.47,177.61,34680.0
15:40,177.4,177.5,177.38,177.49,58342.0
15:41,177.37,177.41,177.26,177.38,61261.0
15:42,177.25,177.4,177.2,177.39,64390.0
15:43,177.26,177.31,177.15,177.26,67006.0
15:44,177.4,177.43,177.25,177.26,66236.0
15:45,177.48,177.55,177.39,177.41,67065.0
15:46,177.3,177.46,177.28,177.46,66356.0
15:47,177.46,177.48,177.25,177.29,80851.0
15:48,177.63,177.68,177.44,177.46,66445.0
15:49,177.7,177.7,177.57,177.65,54868.0
15:50,177.51,177.67,177.47,177.67,94939.0
15:51,177.4,177.57,177.34,177.49,83750.0
15:52,177.4,177.49,177.34,177.38,44139.0
15:53,177.61,177.62,177.4,177.4,58169.0
15:54,177.83,177.96,177.59,177.6,98134.0
15:55,177.81,177.91,177.74,177.86,97112.0
15:56,177.66,177.9,177.65,177.82,93126.0
15:57,177.68,177.79,177.64,177.66,103932.0
15:58,177.64,177.68,177.6,177.67,118808.0
15:59,177.55,177.66,177.53,177.65,309759.0
