Time,Close,High,Low,Open,Volume
09:30,175.88,177.1,175.65,176.0,2527820.0
09:31,175.23,176.74,175.08,175.84,269960.0
09:32,174.93,175.49,174.68,175.27,258317.0
09:33,174.24,175.01,174.11,174.94,213860.0
09:34,174.09,174.72,173.88,174.24,339757.0
09:35,173.82,174.48,173.7,174.11,260025.0
09:36,172.56,174.0,172.46,173.87,423206.0
09:37,171.77,172.81,171.77,172.55,548878.0
09:38,171.67,172.09,171.42,171.77,372611.0
09:39,172.43,172.72,171.53,171.72,327096.0
09:40,172.77,173.11,172.3,172.44,247348.0
09:41,172.47,173.02,172.38,172.8,169173.0
09:42,171.69,172.59,171.63,172.47,249878.0
09:43,171.14,171.8,170.82,171.7,365351.0
09:44,171.35,171.65,170.96,171.19,233987.0
09:45,171.77,171.93,170.86,171.38,1.0
09:46,172.12,172.37,171.67,171.76,2646809.0
09:47,172.35,172.38,172.01,172.16,146492.0
09:48,172.7,172.85,172.22,172.37,172685.0
09:49,172.6,173.1,172.53,172.71,253625.0
09:50,172.6,172.9,172.5,172.59,139432.0
09:51,172.43,172.8,172.19,172.57,121638.0
09:52,172.75,173.24,172.38,172.41,219319.0
09:53,173.38,173.4,172.74,172.81,123525.0
09:54,173.24,173.6,173.06,173.38,206516.0
09:55,173.43,173.7,173.22,173.3,156057.0
09:56,173.21,173.47,173.17,173.45,114807.0
09:57,173.0,173.59,173.0,173.25,126385.0
09:58,173.0,173.05,172.55,173.04,124036.0
09:59,172.95,173.21,172.8,172.97,105458.0
10:00,173.09,173.15,172.83,172.93,80285.0
10:01,172.95,173.37,172.8,173.04,141348.0
10:02,173.26,173.33,172.8,172.95,75045.0
10:03,173.22,173.32,173.0,173.26,68875.0
10:04,173.77,173.88,173.18,173.25,167085.0
10:05,173.65,174.0,173.65,173.78,186062.0
10:06,173.98,174.0,173.47,173.66,153538.0
10:07,174.03,174.21,173.87,173.96,168071.0
10:08,174.38,174.43,173.97,174.09,133017.0
10:09,173.9,174.39,173.79,174.38,152336.0
10:10,174.11,174.11,173.68,173.94,112741.0
10:11,174.13,174.27,173.96,174.1,94353.0
10:12,174.58,174.58,174.03,174.13,86409.0
10:13,174.54,174.9,174.42,174.59,144018.0
10:14,174.65,174.82,174.54,174.54,72489.0
10:15,174.44,174.93,174.4,174.65,120701.0
10:16,175.04,175.06,174.41,174.43,135499.0
10:17,175.52,175.57,174.89,175.01,254668.0
10:18,175.83,175.88,175.47,175.48,172859.0
10:19,175.85,176.16,175.77,175.82,221234.0
10:20,176.37,176.47,175.79,175.86,228507.0
10:21,176.9,177.05,176.37,176.37,261899.0
10:22,177.4,177.67,176.83,176.9,448171.0
10:23,177.87,178.07,177.38,177.42,339829.0
10:24,177.65,178.0,177.54,177.85,205924.0
10:25,178.24,178.29,177.62,177.64,313727.0
10:26,178.42,178.46,178.1,178.21,264614.0
10:27,177.74,178.44,177.66,178.43,309250.0
10:28,178.03,178.11,177.61,177.73,212126.0
10:29,178.28,178.32,177.9,178.0,152596.0
10:30,177.79,178.39,177.78,178.25,199606.0
10:31,177.73,177.99,177.57,177.82,149179.0
10:32,177.66,178.01,177.64,177.75,150458.0
10:33,177.89,177.91,177.41,177.69,232965.0
10:34,177.99,178.06,177.71,177.84,128526.0
10:35,178.25,178.4,177.99,178.01,224158.0
10:36,179.17,179.2,178.21,178.25,471541.0
10:37,179.05,179.28,178.9,179.16,289867.0
10:38,179.18,179.51,179.02,179.06,297391.0
10:39,179.35,179.38,179.1,179.2,164252.0
10:40,178.91,179.38,178.85,179.36,198421.0
10:41,178.73,178.95,178.5,178.9,169230.0
10:42,178.57,178.77,178.38,178.73,122310.0
10:43,178.77,178.87,178.5,178.55,122500.0
10:44,179.08,179.14,178.73,178.76,169032.0
10:45,179.19,179.31,178.9,179.1,188410.0
10:46,179.23,179.42,179.15,179.21,147088.0
10:47,178.51,179.23,178.51,179.19,166165.0
10:48,178.51,178.66,178.23,178.53,202461.0
10:49,178.3,178.55,178.12,178.5,108734.0
10:50,178.36,178.44,178.09,178.36,103118.0
10:51,177.9,178.36,177.87,178.36,142996.0
10:52,177.94,178.2,177.71,177.88,138839.0
10:53,178.31,178.35,177.89,177.9,110053.0
10:54,178.68,178.82,178.28,178.28,137230.0
10:55,178.71,178.91,178.66,178.68,119968.0
10:56,178.9,178.99,178.54,178.68,120033.0
10:57,178.86,179.15,178.83,178.9,146933.0
10:58,178.94,178.98,178.72,178.86,97541.0
10:59,178.76,178.96,178.72,178.91,98865.0
11:00,178.89,179.14,178.7,178.76,106291.0
11:01,179.17,179.19,178.9,178.9,102535.0
11:02,179.11,179.2,178.91,179.17,89278.0
11:03,179.63,179.79,179.12,179.14,360750.0
11:04,180.08,180.13,179.59,179.62,355702.0
11:05,180.12,180.3,180.02,180.02,267546.0
11:06,180.11,180.18,180.0,180.11,200321.0
11:07,179.94,180.13,179.83,180.11,171088.0
11:08,179.65,180.03,179.62,179.92,171729.0
11:09,179.65,179.72,179.51,179.65,153558.0
11:10,179.82,179.98,179.62,179.63,176072.0
11:11,180.08,180.17,179.82,179.82,204442.0
11:12,180.16,180.22,179.84,180.07,218466.0
11:13,180.1,180.18,179.91,180.16,112336.0
11:14,180.15,180.48,179.99,180.12,288805.0
11:15,179.98,180.17,179.85,180.15,202254.0
11:16,180.15,180.25,179.82,179.97,125486.0
11:17,180.29,180.3,179.94,180.15,110913.0
11:18,180.07,180.45,180.0,180.28,130821.0
11:19,179.99,180.09,179.91,180.07,100614.0
11:20,179.99,180.15,179.78,180.01,112662.0
11:21,180.09,180.17,179.72,180.0,93837.0
11:22,180.21,180.33,180.03,180.12,80702.0
11:23,179.97,180.22,179.85,180.2,77813.0
11:24,180.25,180.26,179.8,179.98,83165.0
11:25,180.24,180.36,180.13,180.24,85348.0
11:26,180.03,180.3,180.0,180.25,79329.0
11:27,179.96,180.07,179.84,180.01,73652.0
11:28,180.05,180.05,179.88,179.94,65737.0
11:29,179.96,180.04,179.91,180.0,69944.0
11:30,179.87,180.15,179.7,179.99,138335.0
11:31,179.87,180.23,179.84,179.87,98819.0
11:32,179.94,180.04,179.82,179.89,39089.0
11:33,180.02,180.2,179.94,179.94,70903.0
11:34,179.99,180.15,179.97,180.04,56082.0
11:35,179.68,179.9,179.63,179.9,116361.0
11:36,179.64,179.77,179.54,179.68,95489.0
11:37,179.45,179.62,179.33,179.62,87301.0
11:38,179.33,179.47,179.07,179.43,101080.0
11:39,179.07,179.39,178.84,179.36,146482.0
11:40,179.23,179.34,178.87,179.09,96997.0
11:41,179.3,179.52,179.19,179.26,59002.0
11:42,179.12,179.33,179.03,179.33,59903.0
11:43,179.41,179.44,179.06,179.12,56822.0
11:44,179.41,179.69,179.31,179.36,84750.0
11:45,179.7,179.71,179.34,179.44,67833.0
11:46,179.62,179.81,179.62,179.66,53070.0
11:47,179.63,179.77,179.56,179.64,63208.0
11:48,179.33,179.64,179.23,179.62,57344.0
11:49,179.25,179.35,179.2,179.33,37566.0
11:50,179.55,179.6,179.24,179.25,74005.0
11:51,179.41,179.5,179.34,179.5,45224.0
11:52,179.37,179.46,179.34,179.4,39239.0
11:53,179.54,179.59,179.32,179.33,52379.0
11:54,179.27,179.56,179.27,179.56,58284.0
11:55,178.8,179.25,178.76,179.25,93863.0
11:56,178.73,178.91,178.59,178.78,100564.0
11:57,178.45,178.74,178.4,178.73,172018.0
11:58,178.5,178.58,178.32,178.46,87515.0
11:59,178.43,178.63,178.4,178.5,58862.0
12:00,178.45,178.53,178.4,178.49,67606.0
12:01,178.55,178.66,178.2,178.43,111452.0
12:02,178.54,178.62,178.43,178.5,48225.0
12:03,178.61,178.68,178.53,178.56,57112.0
12:04,178.49,178.63,178.24,178.57,74756.0
12:05,178.54,178.6,178.42,178.53,43217.0
12:06,178.26,178.56,178.25,178.54,48682.0
12:07,178.21,178.28,177.96,178.25,109676.0
12:08,178.34,178.5,178.2,178.24,51708.0
12:09,178.27,178.37,178.19,178.35,26880.0
12:10,178.14,178.43,178.07,178.22,84225.0
12:11,178.31,178.35,178.08,178.14,51226.0
12:12,178.16,178.31,178.09,178.31,29843.0
12:13,178.13,178.19,178.0,178.17,55909.0
12:14,178.2,178.21,177.96,178.11,75417.0
12:15,178.24,178.32,178.07,178.23,52572.0
12:16,178.56,178.56,178.15,178.22,72876.0
12:17,178.44,178.56,178.36,178.55,48424.0
12:18,178.51,178.56,178.28,178.45,55509.0
12:19,178.64,178.73,178.46,178.49,74080.0
12:20,179.13,179.14,178.57,178.66,128647.0
12:21,179.22,179.33,179.1,179.1,138213.0
12:22,179.01,179.28,179.0,179.23,113073.0
12:23,179.12,179.19,178.84,179.02,93367.0
12:24,179.28,179.46,179.13,179.15,83119.0
12:25,179.42,179.42,179.22,179.22,79699.0
12:26,179.71,179.75,179.35,179.38,103406.0
12:27,179.67,179.77,179.54,179.71,103341.0
12:28,179.49,179.73,179.33,179.71,86925.0
12:29,179.55,179.58,179.45,179.48,33007.0
12:30,179.84,179.95,179.56,179.58,100924.0
12:31,179.79,179.89,179.68,179.84,72539.0
12:32,179.8,179.88,179.58,179.79,44753.0
12:33,179.83,179.89,179.79,179.86,36388.0
12:34,180.01,180.03,179.8,179.82,101803.0
12:35,180.08,180.11,179.9,180.0,68673.0
12:36,180.21,180.25,180.07,180.07,97772.0
12:37,180.52,180.64,180.23,180.24,177666.0
12:38,180.49,180.63,180.36,180.53,127458.0
12:39,180.52,180.66,180.25,180.48,87415.0
12:40,180.72,180.73,180.5,180.54,93528.0
12:41,180.61,180.9,180.6,180.73,137667.0
12:42,180.94,181.0,180.63,180.63,188476.0
12:43,181.02,181.05,180.84,180.9,104082.0
12:44,181.14,181.33,181.01,181.02,192382.0
12:45,181.04,181.16,181.02,181.12,86084.0
12:46,181.02,181.04,180.86,181.02,142443.0
12:47,181.12,181.2,180.96,181.03,71265.0
12:48,181.33,181.34,180.88,181.09,116193.0
12:49,181.15,181.34,181.12,181.32,71425.0
12:50,181.36,181.4,181.04,181.15,119456.0
12:51,181.57,181.6,181.34,181.36,187557.0
12:52,181.59,181.65,181.46,181.59,86009.0
12:53,181.65,181.72,181.5,181.58,116952.0
12:54,181.64,181.77,181.6,181.66,87627.0
12:55,181.5,181.59,181.38,181.58,106824.0
12:56,181.21,181.52,181.15,181.5,126775.0
12:57,181.43,181.48,181.12,181.25,88972.0
12:58,181.38,181.58,181.35,181.43,99516.0
12:59,181.19,181.38,181.1,181.37,73826.0
13:00,180.91,181.19,180.81,181.17,153898.0
13:01,180.67,181.04,180.66,180.9,105620.0
13:02,180.81,180.91,180.66,180.7,78747.0
13:03,180.98,180.98,180.74,180.79,40959.0
13:04,181.19,181.23,180.87,180.97,68919.0
13:05,181.39,181.46,181.04,181.15,133932.0
13:06,181.5,181.56,181.35,181.4,118357.0
13:07,181.52,181.65,181.47,181.52,79028.0
13:08,181.67,181.75,181.37,181.5,115157.0
13:09,181.81,181.87,181.61,181.68,95723.0
13:10,181.64,181.91,181.62,181.82,92421.0
13:11,181.85,181.87,181.52,181.64,101074.0
13:12,182.02,182.08,181.83,181.83,208820.0
13:13,181.87,182.05,181.84,182.03,83011.0
13:14,181.73,181.93,181.68,181.86,92255.0
13:15,181.79,181.88,181.72,181.73,44966.0
13:16,181.79,181.93,181.77,181.79,56458.0
13:17,181.77,181.88,181.64,181.77,49981.0
13:18,181.79,181.87,181.71,181.77,40676.0
13:19,181.57,181.79,181.52,181.78,80544.0
13:20,181.91,181.96,181.55,181.59,86259.0
13:21,181.98,182.09,181.83,181.89,117062.0
13:22,181.77,181.96,181.77,181.96,47594.0
13:23,181.74,181.8,181.61,181.79,41599.0
13:24,181.79,181.85,181.66,181.74,44975.0
13:25,181.95,181.96,181.8,181.8,53052.0
13:26,181.65,181.93,181.63,181.93,41939.0
13:27,181.73,181.73,181.55,181.62,59524.0
13:28,181.77,181.91,181.74,181.75,49517.0
13:29,181.71,181.77,181.63,181.77,37795.0
13:30,182.0,182.02,181.7,181.73,89914.0
13:31,181.96,182.22,181.95,182.01,146801.0
13:32,181.98,182.09,181.91,181.95,66769.0
13:33,181.83,181.96,181.8,181.96,49235.0
13:34,181.7,181.89,181.66,181.83,51178.0
13:35,181.73,181.78,181.56,181.66,65751.0
13:36,181.72,181.83,181.63,181.7,55781.0
13:37,181.57,181.71,181.46,181.7,102692.0
13:38,181.57,181.58,181.39,181.57,59503.0
13:39,181.61,181.67,181.42,181.58,79483.0
13:40,181.66,181.82,181.57,181.59,74295.0
13:41,181.77,181.83,181.65,181.7,38928.0
13:42,181.66,181.82,181.54,181.81,44709.0
13:43,181.8,181.82,181.6,181.65,43604.0
13:44,181.64,181.8,181.59,181.77,36797.0
13:45,181.24,181.65,181.2,181.64,105052.0
13:46,181.05,181.26,180.99,181.26,103172.0
13:47,181.18,181.18,180.93,181.0,65502.0
13:48,181.15,181.22,181.1,181.17,66316.0
13:49,181.23,181.32,181.11,181.14,56572.0
13:50,181.34,181.42,181.24,181.25,66179.0
13:51,181.28,181.34,181.28,181.32,38438.0
13:52,181.26,181.37,181.23,181.27,69694.0
13:53,181.02,181.25,180.94,181.23,66892.0
13:54,181.1,181.11,180.9,181.02,60498.0
13:55,181.05,181.25,181.05,181.1,64977.0
13:56,181.15,181.2,181.01,181.03,56820.0
13:57,181.05,181.19,181.0,181.15,67419.0
13:58,180.94,181.04,180.89,181.04,68226.0
13:59,181.01,181.07,180.93,180.93,45833.0
14:00,181.28,181.28,180.88,181.04,103039.0
14:01,181.45,181.45,181.23,181.24,109990.0
14:02,181.16,181.48,181.13,181.43,56453.0
14:03,181.08,181.24,181.02,181.15,76413.0
14:04,181.23,181.24,181.07,181.07,50020.0
14:05,181.24,181.29,181.12,181.26,41812.0
14:06,181.28,181.35,181.22,181.24,39125.0
14:07,181.39,181.5,181.24,181.24,51316.0
14:08,181.27,181.41,181.22,181.4,35422.0
14:09,181.43,181.43,181.26,181.27,35335.0
14:10,181.35,181.5,181.23,181.44,61202.0
14:11,181.48,181.56,181.34,181.37,57185.0
14:12,181.57,181.6,181.47,181.48,44625.0
14:13,181.61,181.66,181.52,181.57,47148.0
14:14,181.5,181.69,181.5,181.63,35346.0
14:15,181.6,181.66,181.55,181.56,34985.0
14:16,181.69,181.69,181.5,181.61,37437.0
14:17,181.52,181.77,181.51,181.69,52623.0
14:18,181.6,181.71,181.54,181.54,25595.0
14:19,181.51,181.74,181.47,181.62,25696.0
14:20,181.45,181.57,181.39,181.51,32820.0
14:21,181.29,181.46,181.24,181.46,57624.0
14:22,181.44,181.48,181.23,181.29,42925.0
14:23,181.62,181.68,181.42,181.42,49967.0
14:24,181.74,181.84,181.58,181.64,51150.0
14:25,181.59,181.74,181.47,181.72,38004.0
14:26,181.67,181.75,181.58,181.58,36510.0
14:27,181.64,181.71,181.6,181.66,17845.0
14:28,181.81,181.83,181.64,181.65,44509.0
14:29,181.77,181.87,181.73,181.8,48685.0
14:30,181.7,181.88,181.7,181.82,29122.0
14:31,181.88,181.91,181.67,181.71,51211.0
14:32,181.92,181.94,181.74,181.89,73044.0
14:33,181.85,181.97,181.85,181.9,43883.0
14:34,181.9,181.96,181.83,181.84,46416.0
14:35,181.88,181.98,181.8,181.9,46899.0
14:36,181.92,181.94,181.8,181.89,44489.0
14:37,181.9,181.97,181.82,181.89,39286.0
14:38,181.96,182.0,181.73,181.89,109014.0
14:39,181.94,182.01,181.84,181.96,60870.0
14:40,181.95,182.04,181.86,181.95,68711.0
14:41,181.96,182.0,181.85,181.98,46532.0
14:42,181.78,182.01,181.75,181.88,49170.0
14:43,181.98,181.99,181.81,181.81,46094.0
14:44,181.96,182.02,181.9,181.98,53108.0
14:45,182.0,182.1,181.9,181.97,86879.0
14:46,181.91,182.12,181.89,181.99,57140.0
14:47,181.96,182.01,181.84,181.9,43515.0
14:48,182.13,182.14,181.94,181.98,75176.0
14:49,182.14,182.34,182.11,182.13,134152.0
14:50,182.11,182.3,182.07,182.15,69462.0
14:51,182.15,182.17,182.04,182.11,31753.0
14:52,181.88,182.17,181.84,182.17,50706.0
14:53,181.98,182.03,181.85,181.89,50717.0
14:54,182.0,182.01,181.85,181.9,26897.0
14:55,181.87,182.0,181.78,182.0,63782.0
14:56,181.57,181.88,181.55,181.86,79299.0
14:57,181.44,181.68,181.44,181.59,65562.0
14:58,181.32,181.51,181.32,181.45,58891.0
14:59,181.36,181.4,181.28,181.34,57303.0
15:00,181.5,181.56,181.33,181.33,82796.0
15:01,181.41,181.53,181.34,181.51,38726.0
15:02,181.35,181.47,181.3,181.43,36066.0
15:03,181.14,181.35,181.12,181.35,49969.0
15:04,181.09,181.22,181.08,181.11,49210.0
15:05,181.16,181.24,181.08,181.08,49694.0
15:06,181.0,181.18,180.98,181.16,40743.0
15:07,181.06,181.15,181.01,181.03,38849.0
15:08,181.04,181.13,180.98,181.08,37079.0
15:09,180.92,181.1,180.91,181.04,61433.0
15:10,181.15,181.15,180.91,180.92,53151.0
15:11,181.24,181.33,181.06,181.13,55639.0
15:12,180.96,181.27,180.96,181.26,41030.0
15:13,180.72,181.03,180.72,180.98,80154.0
15:14,180.71,180.73,180.61,180.7,88795.0
15:15,180.8,180.85,180.66,180.72,64472.0
15:16,180.84,180.87,180.77,180.82,53422.0
15:17,180.97,180.97,180.76,180.82,59822.0
15:18,181.05,181.13,180.96,180.96,90225.0
15:19,180.9,181.05,180.9,181.03,64145.0
15:20,181.42,181.44,180.93,180.95,121297.0
15:21,181.42,181.49,181.37,181.42,74731.0
15:22,181.35,181.46,181.23,181.41,54995.0
15:23,181.42,181.46,181.35,181.35,57671.0
15:24,181.52,181.57,181.41,181.41,51591.0
15:25,181.53,181.57,181.46,181.49,28287.0
15:26,181.43,181.51,181.38,181.51,45505.0
15:27,181.33,181.54,181.31,181.41,46653.0
15:28,181.18,181.35,181.14,181.32,60213.0
15:29,180.96,181.19,180.95,181.19,61727.0
15:30,180.82,181.08,180.79,180.97,64824.0
15:31,180.76,180.96,180.76,180.82,59431.0
15:32,180.86,180.89,180.75,180.75,61788.0
15:33,180.74,180.91,180.66,180.87,55877.0
15:34,180.66,180.76,180.56,180.75,50831.0
15:35,180.73,180.79,180.63,180.68,81923.0
15:36,180.62,180.72,180.55,180.71,85555.0
15:37,179.79,180.62,179.58,180.6,344910.0
15:38,179.82,179.86,179.45,179.78,192718.0
15:39,179.95,180.02,179.7,179.8,230640.0
15:40,179.8,180.05,179.65,179.91,133715.0
15:41,179.54,179.91,179.5,179.81,99288.0
15:42,179.49,179.7,179.42,179.49,96903.0
15:43,179.26,179.55,179.23,179.55,113245.0
15:44,178.91,179.25,178.61,179.24,232107.0
15:45,178.93,179.06,178.54,178.95,153887.0
15:46,179.61,179.73,178.95,178.95,135082.0
15:47,179.46,179.63,179.31,179.62,96694.0
15:48,179.24,179.49,179.16,179.46,74227.0
15:49,179.57,179.61,179.18,179.22,90412.0
15:50,179.04,179.64,179.04,179.63,127198.0
15:51,179.1,179.27,178.97,179.06,180172.0
15:52,179.31,179.38,179.06,179.1,84521.0
15:53,179.32,179.48,179.25,179.36,79708.0
15:54,179.72,179.93,179.24,179.31,189012.0
15:55,179.61,180.0,179.51,179.65,235521.0
15:56,179.78,179.8,179.58,179.6,170820.0
15:57,179.74,180.04,179.71,179.77,254140.0
15:58,179.91,179.94,179.76,179.76,192459.0
15:59,179.73,179.95,179.68,179.9,354408.0
