Time,Close,High,Low,Open,Volume
09:30,169.65,170.14,168.29,168.31,1677951.0
09:31,168.79,169.72,168.5,169.64,260994.0
09:32,170.35,170.6,168.83,168.84,428900.0
09:33,170.41,170.98,170.1,170.36,163741.0
09:34,169.86,170.39,169.2,170.39,174506.0
09:35,169.77,170.26,169.52,169.86,147123.0
09:36,170.31,170.39,169.6,169.89,161136.0
09:37,170.66,170.95,170.09,170.37,169982.0
09:38,170.33,170.9,169.94,170.65,156963.0
09:39,170.43,170.9,170.19,170.36,115244.0
09:40,170.88,170.97,170.34,170.36,204918.0
09:41,169.9,171.27,169.88,170.88,325409.0
09:42,168.75,170.01,168.65,170.0,1936916.0
09:43,168.7,168.83,168.25,168.75,1.0
09:44,167.67,168.72,167.46,168.72,314388.0
09:45,168.67,169.06,167.57,167.79,255591.0
09:46,168.11,169.0,168.11,168.62,196022.0
09:47,168.08,168.48,167.5,168.15,206930.0
09:48,169.08,169.17,168.12,168.14,179650.0
09:49,168.09,169.5,168.03,169.08,201546.0
09:50,168.48,168.59,167.71,168.17,176103.0
09:51,168.36,169.22,168.25,168.52,135705.0
09:52,168.12,168.49,167.9,168.36,127928.0
09:53,168.14,168.55,168.05,168.15,100303.0
09:54,167.96,168.58,167.92,168.18,141724.0
09:55,167.52,167.97,166.95,167.92,343738.0
09:56,167.48,167.67,167.08,167.5,201651.0
09:57,167.99,168.21,167.32,167.46,175982.0
09:58,167.74,168.02,167.4,167.96,226645.0
09:59,167.55,167.69,167.24,167.66,113335.0
10:00,167.57,168.07,167.43,167.51,120012.0
10:01,166.93,167.67,166.88,167.67,169201.0
10:02,166.4,166.98,166.13,166.95,328230.0
10:03,166.36,166.57,165.82,166.4,201694.0
10:04,165.96,166.54,165.66,166.44,203927.0
10:05,166.63,166.75,165.92,165.97,194803.0
10:06,167.25,167.46,166.56,166.62,188514.0
10:07,167.63,168.28,167.26,167.34,206554.0
10:08,167.55,167.96,167.21,167.62,153078.0
10:09,167.16,167.52,166.57,167.52,133847.0
10:10,166.92,167.68,166.92,167.1,114975.0
10:11,166.25,166.96,166.15,166.92,111303.0
10:12,165.97,166.62,165.92,166.31,147984.0
10:13,167.18,167.23,166.01,166.01,146751.0
10:14,167.12,167.37,166.89,167.11,105112.0
10:15,166.57,167.15,166.24,167.05,131749.0
10:16,166.1,166.6,166.09,166.58,92582.0
10:17,166.1,166.35,165.85,166.12,131367.0
10:18,166.75,166.82,166.1,166.15,152896.0
10:19,167.28,167.34,166.6,166.74,122808.0
10:20,168.26,168.35,167.24,167.28,193117.0
10:21,168.37,168.8,168.15,168.24,159183.0
10:22,168.47,168.49,168.08,168.35,97484.0
10:23,168.54,168.88,168.42,168.49,128335.0
10:24,168.0,168.6,167.64,168.58,118300.0
10:25,168.12,168.22,167.59,168.02,79516.0
10:26,168.74,168.79,167.99,168.03,102166.0
10:27,168.54,168.99,168.53,168.68,105412.0
10:28,168.16,168.79,167.81,168.57,141787.0
10:29,167.93,168.44,167.85,168.15,97937.0
10:30,168.27,168.56,167.85,167.96,113836.0
10:31,167.82,168.4,167.78,168.29,77317.0
10:32,168.37,168.67,167.74,167.85,101948.0
10:33,167.85,168.5,167.7,168.4,84627.0
10:34,167.69,167.93,167.44,167.87,96383.0
10:35,167.01,167.64,166.92,167.64,90775.0
10:36,166.9,167.18,166.81,167.04,63638.0
10:37,167.27,167.6,166.78,166.9,130460.0
10:38,167.59,167.73,167.27,167.27,74480.0
10:39,167.7,167.72,167.13,167.54,106560.0
10:40,167.45,167.78,167.21,167.72,57698.0
10:41,168.1,168.12,167.17,167.4,108612.0
10:42,167.44,168.12,167.3,168.11,110779.0
10:43,167.21,167.79,167.17,167.41,76136.0
10:44,167.48,167.72,166.91,167.2,80271.0
10:45,167.13,167.5,167.06,167.4,86307.0
10:46,167.21,167.4,167.0,167.12,51664.0
10:47,166.96,167.28,166.77,167.16,70617.0
10:48,166.88,167.05,166.79,166.96,47046.0
10:49,166.85,166.99,166.8,166.86,39244.0
10:50,166.55,166.84,166.27,166.83,108574.0
10:51,167.16,167.16,166.51,166.54,109212.0
10:52,167.28,167.48,166.91,167.15,119949.0
10:53,166.72,167.39,166.69,167.32,94610.0
10:54,167.3,167.4,166.7,166.77,79405.0
10:55,167.54,167.73,167.14,167.33,79554.0
10:56,167.16,167.7,167.1,167.55,74253.0
10:57,167.51,167.6,167.17,167.17,70036.0
10:58,166.96,167.49,166.91,167.49,65128.0
10:59,166.82,167.17,166.79,166.96,55535.0
11:00,167.05,167.1,166.63,166.81,82683.0
11:01,166.04,167.05,165.97,167.04,124257.0
11:02,166.12,166.38,165.9,166.0,118599.0
11:03,166.26,166.41,165.92,166.11,97827.0
11:04,166.44,166.45,166.07,166.24,73451.0
11:05,166.51,166.67,166.27,166.49,87893.0
11:06,166.59,166.67,166.26,166.48,72589.0
11:07,167.12,167.23,166.55,166.56,135557.0
11:08,167.33,167.45,167.12,167.12,118869.0
11:09,167.52,167.58,167.14,167.34,127038.0
11:10,167.73,167.82,167.41,167.51,124052.0
11:11,168.31,168.48,167.72,167.72,158321.0
11:12,167.85,168.37,167.69,168.29,148023.0
11:13,168.2,168.24,167.85,167.85,73996.0
11:14,168.04,168.5,167.81,168.18,116476.0
11:15,167.75,168.09,167.46,168.05,86878.0
11:16,168.24,168.34,167.63,167.77,76705.0
11:17,168.23,168.28,168.0,168.21,59540.0
11:18,168.63,168.74,168.14,168.21,107447.0
11:19,168.71,168.88,168.29,168.67,123659.0
11:20,168.85,168.92,168.45,168.66,86331.0
11:21,168.93,169.27,168.73,168.88,192492.0
11:22,169.08,169.35,168.93,168.96,84746.0
11:23,169.29,169.32,168.86,169.09,99089.0
11:24,169.23,169.59,169.21,169.29,112778.0
11:25,169.47,169.57,169.16,169.18,66981.0
11:26,169.66,169.75,169.32,169.51,107225.0
11:27,169.8,169.97,169.62,169.67,100509.0
11:28,169.93,170.07,169.81,169.81,126212.0
11:29,169.73,169.99,169.66,169.93,97801.0
11:30,169.84,169.92,169.58,169.73,85094.0
11:31,169.9,170.04,169.68,169.86,88211.0
11:32,170.05,170.05,169.75,169.97,76798.0
11:33,170.16,170.22,169.73,170.05,121325.0
11:34,170.19,170.37,170.03,170.21,100197.0
11:35,170.4,170.4,169.89,170.21,107016.0
11:36,170.5,170.52,170.18,170.39,132449.0
11:37,170.46,170.65,170.35,170.47,101506.0
11:38,170.61,170.68,170.32,170.44,77043.0
11:39,170.07,170.64,169.92,170.61,117937.0
11:40,169.93,170.11,169.79,170.07,100546.0
11:41,169.89,169.98,169.65,169.92,75166.0
11:42,170.04,170.33,169.9,169.93,83662.0
11:43,170.11,170.3,169.93,170.04,47659.0
11:44,170.27,170.3,170.0,170.12,74150.0
11:45,170.26,170.42,170.1,170.28,64911.0
11:46,169.9,170.23,169.79,170.23,69448.0
11:47,169.57,170.06,169.5,169.92,93832.0
11:48,170.16,170.31,169.4,169.58,123511.0
11:49,169.76,170.25,169.64,170.22,68540.0
11:50,169.91,169.91,169.54,169.74,61834.0
11:51,169.54,170.13,169.54,169.93,70817.0
11:52,169.53,169.81,169.48,169.58,57943.0
11:53,169.56,169.79,169.45,169.54,44261.0
11:54,169.96,169.97,169.49,169.61,73639.0
11:55,170.25,170.26,169.93,169.97,127848.0
11:56,170.15,170.18,169.85,170.18,60640.0
11:57,170.4,170.52,170.04,170.15,98585.0
11:58,169.94,170.5,169.88,170.43,58990.0
11:59,170.12,170.26,169.95,169.99,48845.0
12:00,170.26,170.33,170.01,170.12,41463.0
12:01,170.31,170.31,169.88,170.15,51252.0
12:02,170.75,170.84,170.32,170.32,111139.0
12:03,170.45,170.77,170.27,170.77,70318.0
12:04,170.26,170.61,170.09,170.46,53609.0
12:05,170.17,170.38,170.09,170.26,52736.0
12:06,169.79,170.17,169.75,170.1,76261.0
12:07,169.95,170.18,169.75,169.75,72747.0
12:08,170.01,170.01,169.8,169.98,38294.0
12:09,169.83,170.05,169.71,170.01,52639.0
12:10,170.04,170.24,169.8,169.84,60100.0
12:11,170.07,170.17,169.89,170.04,54572.0
12:12,170.22,170.39,170.04,170.14,70582.0
12:13,170.36,170.39,170.1,170.21,40510.0
12:14,169.81,170.35,169.75,170.3,54759.0
12:15,170.07,170.22,169.78,169.85,45811.0
12:16,170.11,170.26,169.95,170.04,37266.0
12:17,169.83,170.14,169.68,170.13,55083.0
12:18,169.92,170.19,169.8,169.83,60812.0
12:19,169.86,170.0,169.76,169.92,36914.0
12:20,170.23,170.31,169.81,169.87,70900.0
12:21,170.22,170.39,170.03,170.2,77953.0
12:22,169.82,170.29,169.7,170.24,53576.0
12:23,169.57,169.85,169.57,169.79,67672.0
12:24,169.62,169.8,169.46,169.61,53357.0
12:25,169.84,169.96,169.54,169.64,70022.0
12:26,169.74,169.89,169.57,169.85,37045.0
12:27,169.08,169.79,169.08,169.75,84585.0
12:28,169.1,169.25,168.94,169.12,75440.0
12:29,169.15,169.22,169.07,169.12,43426.0
12:30,169.02,169.21,169.0,169.14,45660.0
12:31,169.18,169.2,168.95,169.04,55388.0
12:32,168.83,169.16,168.82,169.12,54910.0
12:33,168.96,169.06,168.75,168.79,87878.0
12:34,169.35,169.4,168.85,168.91,78693.0
12:35,169.39,169.64,169.22,169.3,91060.0
12:36,169.64,169.72,169.32,169.35,73525.0
12:37,169.65,169.83,169.52,169.63,69163.0
12:38,170.27,170.31,169.6,169.68,119018.0
12:39,170.49,170.55,170.08,170.3,134901.0
12:40,170.89,171.21,170.53,170.53,157740.0
12:41,171.08,171.14,170.85,170.91,86893.0
12:42,171.48,171.61,171.02,171.05,117465.0
12:43,171.51,171.88,171.37,171.43,148456.0
12:44,171.55,171.63,171.34,171.49,74617.0
12:45,171.04,171.58,171.03,171.54,82285.0
12:46,170.73,171.24,170.64,171.04,97721.0
12:47,171.08,171.12,170.77,170.82,94198.0
12:48,171.23,171.4,171.03,171.09,86122.0
12:49,171.25,171.33,171.07,171.22,61481.0
12:50,170.81,171.23,170.74,171.2,69379.0
12:51,170.98,171.05,170.76,170.88,73638.0
12:52,171.28,171.37,170.92,170.98,94222.0
12:53,171.71,171.8,171.18,171.28,140732.0
12:54,171.87,171.89,171.57,171.7,109102.0
12:55,171.57,171.89,171.41,171.89,126384.0
12:56,172.19,172.28,171.58,171.6,138326.0
12:57,172.32,172.38,172.03,172.22,117917.0
12:58,172.72,172.83,172.31,172.34,258715.0
12:59,172.02,172.83,171.98,172.74,149373.0
13:00,172.04,172.43,171.98,172.14,84839.0
13:01,172.07,172.22,171.94,172.0,75215.0
13:02,171.66,172.13,171.66,172.07,110529.0
13:03,171.95,172.18,171.65,171.65,78276.0
13:04,171.87,172.06,171.83,171.92,46834.0
13:05,171.94,172.0,171.64,171.83,82957.0
13:06,171.97,172.17,171.85,171.98,39345.0
13:07,172.11,172.2,171.94,172.02,47252.0
13:08,172.07,172.32,171.9,172.12,70931.0
13:09,171.81,172.14,171.7,172.07,91384.0
13:10,171.93,172.03,171.69,171.82,54152.0
13:11,171.84,172.01,171.61,171.93,61568.0
13:12,171.92,171.97,171.72,171.83,42522.0
13:13,171.8,172.17,171.8,171.91,56582.0
13:14,171.46,171.86,171.43,171.83,102730.0
13:15,171.35,171.49,171.06,171.49,80396.0
13:16,171.43,171.56,171.22,171.34,87149.0
13:17,171.06,171.43,170.94,171.4,76306.0
13:18,171.18,171.33,171.1,171.1,48097.0
13:19,171.28,171.33,171.03,171.09,41385.0
13:20,170.59,171.24,170.57,171.24,86281.0
13:21,170.96,170.98,170.59,170.62,85703.0
13:22,171.0,171.0,170.76,170.93,63806.0
13:23,170.91,171.08,170.77,171.03,43103.0
13:24,170.85,170.92,170.65,170.92,41627.0
13:25,170.56,170.83,170.4,170.83,67151.0
13:26,170.41,170.62,170.2,170.56,93158.0
13:27,170.77,170.97,170.41,170.41,89747.0
13:28,170.34,170.79,170.31,170.79,52216.0
13:29,170.2,170.46,170.15,170.38,73964.0
13:30,170.53,170.7,170.17,170.17,62342.0
13:31,170.4,170.54,170.22,170.41,47054.0
13:32,170.47,170.6,170.41,170.41,56800.0
13:33,170.6,170.74,170.4,170.44,69799.0
13:34,170.73,170.78,170.51,170.61,83559.0
13:35,170.38,170.79,170.23,170.68,63564.0
13:36,170.19,170.46,170.05,170.42,58409.0
13:37,170.1,170.2,169.76,170.18,100832.0
13:38,170.18,170.22,169.9,170.08,51441.0
13:39,170.28,170.44,170.18,170.21,33656.0
13:40,170.86,170.89,170.29,170.29,96004.0
13:41,170.88,170.97,170.68,170.83,81239.0
13:42,170.9,170.98,170.72,170.88,78815.0
13:43,170.62,170.93,170.29,170.87,81316.0
13:44,170.32,170.72,170.31,170.65,33557.0
13:45,170.4,170.66,170.29,170.33,48021.0
13:46,170.52,170.71,170.4,170.4,32300.0
13:47,170.39,170.56,170.27,170.51,25558.0
13:48,170.12,170.48,170.08,170.39,50341.0
13:49,170.37,170.47,169.95,170.12,52238.0
13:50,170.29,170.45,170.24,170.4,24103.0
13:51,170.39,170.48,170.24,170.29,26674.0
13:52,170.6,170.7,170.35,170.45,45207.0
13:53,170.34,170.62,170.34,170.62,29583.0
13:54,170.35,170.42,170.3,170.37,23471.0
13:55,169.89,170.26,169.88,170.26,57771.0
13:56,169.68,169.95,169.55,169.88,62418.0
13:57,169.47,169.73,169.39,169.69,75421.0
13:58,169.02,169.51,168.96,169.48,126007.0
13:59,169.39,169.41,169.04,169.05,79887.0
14:00,169.4,169.57,169.31,169.4,98930.0
14:01,169.41,169.88,169.38,169.4,128672.0
14:02,169.48,169.52,169.13,169.41,80628.0
14:03,169.19,169.52,168.97,169.5,71897.0
14:04,169.2,169.29,169.11,169.18,44220.0
14:05,169.39,169.45,169.16,169.16,52250.0
14:06,169.41,169.45,169.24,169.37,41262.0
14:07,169.36,169.51,169.18,169.36,32529.0
14:08,169.32,169.38,169.09,169.32,58321.0
14:09,169.58,169.73,169.2,169.33,67798.0
14:10,169.39,169.66,169.3,169.64,49287.0
14:11,169.35,169.53,169.22,169.41,47735.0
14:12,169.46,169.58,169.39,169.39,37516.0
14:13,169.52,169.6,169.22,169.43,41510.0
14:14,169.42,169.65,169.4,169.56,39748.0
14:15,169.17,169.5,169.01,169.46,59357.0
14:16,168.96,169.3,168.75,169.21,78637.0
14:17,168.71,168.95,168.54,168.92,82810.0
14:18,168.9,168.93,168.65,168.73,66904.0
14:19,169.3,169.35,168.85,168.94,90768.0
14:20,169.12,169.5,169.12,169.33,40647.0
14:21,169.03,169.28,168.93,169.14,44525.0
14:22,169.11,169.23,169.03,169.07,28840.0
14:23,168.84,169.11,168.67,169.09,55217.0
14:24,168.83,168.86,168.65,168.83,31402.0
14:25,168.91,169.01,168.79,168.87,42690.0
14:26,168.72,169.0,168.71,168.97,30408.0
14:27,168.46,168.74,168.44,168.7,101642.0
14:28,168.21,168.46,168.19,168.44,62113.0
14:29,168.5,168.53,168.16,168.23,81498.0
14:30,168.62,168.7,168.43,168.48,50824.0
14:31,168.49,168.75,168.48,168.65,49531.0
14:32,168.33,168.54,168.24,168.52,57563.0
14:33,168.27,168.41,168.13,168.37,67948.0
14:34,168.4,168.41,168.16,168.26,74172.0
14:35,168.78,168.87,168.31,168.44,96539.0
14:36,168.9,168.97,168.71,168.8,58764.0
14:37,168.99,169.28,168.91,168.92,99693.0
14:38,169.26,169.29,168.86,169.02,74099.0
14:39,169.79,169.86,169.26,169.29,103964.0
14:40,169.76,170.0,169.6,169.79,112723.0
14:41,169.65,169.83,169.57,169.76,80319.0
14:42,169.29,169.62,169.24,169.62,56598.0
14:43,169.24,169.4,169.15,169.31,52933.0
14:44,168.72,169.27,168.65,169.23,70751.0
14:45,169.01,169.04,168.72,168.73,70417.0
14:46,169.01,169.07,168.82,168.99,48542.0
14:47,169.62,169.76,169.01,169.01,83701.0
14:48,169.44,169.65,169.29,169.6,62812.0
14:49,169.5,169.59,169.38,169.45,31104.0
14:50,169.51,169.66,169.34,169.48,64896.0
14:51,169.33,169.55,169.14,169.51,44508.0
14:52,169.24,169.39,169.15,169.35,32181.0
14:53,168.91,169.22,168.81,169.22,60869.0
14:54,168.84,168.98,168.77,168.93,36219.0
14:55,168.95,168.98,168.52,168.81,84027.0
14:56,169.15,169.19,168.83,168.95,61558.0
14:57,169.14,169.32,169.0,169.21,67138.0
14:58,169.15,169.3,169.07,169.12,29899.0
14:59,169.68,169.72,169.18,169.18,102701.0
15:00,169.74,169.86,169.5,169.69,69378.0
15:01,169.36,169.79,169.34,169.78,72559.0
15:02,169.24,169.57,169.1,169.36,51016.0
15:03,169.12,169.38,169.1,169.26,46277.0
15:04,169.06,169.22,169.0,169.12,48505.0
15:05,168.9,169.1,168.82,169.02,54479.0
15:06,169.07,169.17,168.75,168.86,71940.0
15:07,168.8,169.13,168.77,169.09,44571.0
15:08,168.73,168.96,168.72,168.84,40003.0
15:09,168.85,168.91,168.7,168.76,32294.0
15:10,168.72,168.96,168.67,168.74,37961.0
15:11,168.83,168.87,168.54,168.72,60153.0
15:12,168.92,169.02,168.78,168.9,51073.0
15:13,168.78,168.91,168.71,168.91,37505.0
15:14,168.86,168.93,168.66,168.81,31386.0
15:15,169.04,169.07,168.79,168.88,49941.0
15:16,169.17,169.25,169.01,169.01,67669.0
15:17,169.08,169.44,169.06,169.19,73231.0
15:18,168.77,169.09,168.74,169.09,68206.0
15:19,168.63,168.82,168.55,168.75,32823.0
15:20,168.93,168.94,168.68,168.8,40922.0
15:21,168.9,169.07,168.84,168.94,56063.0
15:22,168.71,168.92,168.71,168.9,33055.0
15:23,168.7,168.79,168.59,168.7,38966.0
15:24,168.45,168.71,168.35,168.7,93981.0
15:25,168.19,168.46,168.07,168.44,75587.0
15:26,168.2,168.33,168.01,168.2,67826.0
15:27,168.07,168.24,168.06,168.16,38185.0
15:28,168.14,168.14,167.88,168.07,102039.0
15:29,168.57,168.59,168.12,168.12,78661.0
15:30,168.67,168.79,168.28,168.54,112223.0
15:31,168.34,168.68,168.24,168.66,87835.0
15:32,168.09,168.35,168.06,168.35,56593.0
15:33,168.01,168.1,167.85,168.05,111381.0
15:34,167.89,168.05,167.79,168.02,77650.0
15:35,167.98,168.17,167.93,167.96,54625.0
15:36,168.02,168.11,167.84,167.95,52926.0
15:37,168.32,168.38,168.05,168.05,93046.0
15:38,168.53,168.62,168.31,168.34,73553.0
15:39,168.51,168.58,168.33,168.52,60750.0
15:40,168.28,168.6,168.26,168.49,60446.0
15:41,168.3,168.43,168.22,168.27,48823.0
15:42,168.23,168.4,168.16,168.29,52923.0
15:43,168.4,168.45,168.08,168.25,47653.0
15:44,168.3,168.45,168.26,168.36,51931.0
15:45,168.47,168.51,168.23,168.35,70331.0
15:46,168.04,168.5,167.99,168.5,89609.0
15:47,168.38,168.4,167.97,168.05,59987.0
15:48,168.34,168.45,168.17,168.37,61646.0
15:49,168.07,168.41,168.07,168.34,58139.0
15:50,168.68,168.72,168.07,168.07,115225.0
15:51,168.72,168.86,168.5,168.68,78070.0
15:52,168.54,168.81,168.52,168.74,63748.0
15:53,168.36,168.59,168.3,168.56,85741.0
15:54,168.02,168.4,167.96,168.31,141576.0
15:55,167.65,168.02,167.63,168.02,206249.0
15:56,167.41,167.67,167.37,167.67,161047.0
15:57,167.52,167.61,167.36,167.42,176742.0
15:58,167.39,167.59,167.29,167.53,228699.0
15:59,167.33,167.51,167.25,167.41,411972.0
