Time,Close,High,Low,Open,Volume
09:30,157.48,158.3,157.2,157.47,1207139.0
09:31,157.48,158.3,157.2,157.47,1207139.0
09:32,157.48,158.3,157.2,157.47,1207139.0
09:33,157.48,158.3,157.2,157.47,1207139.0
09:34,157.48,158.3,157.2,157.47,1207139.0
09:35,157.48,158.3,157.2,157.47,1207139.0
09:36,157.48,158.3,157.2,157.47,1207139.0
09:37,157.48,158.3,157.2,157.47,1207139.0
09:38,157.48,158.3,157.2,157.47,1207139.0
09:39,157.48,158.3,157.2,157.47,1207139.0
09:40,157.48,158.3,157.2,157.47,1207139.0
09:41,157.48,158.3,157.2,157.47,1207139.0
09:42,157.48,158.3,157.2,157.47,1207139.0
09:43,157.48,158.3,157.2,157.47,1207139.0
09:44,157.48,158.3,157.2,157.47,1207139.0
09:45,157.48,158.3,157.2,157.47,1207139.0
09:46,157.48,158.3,157.2,157.47,1207139.0
09:47,157.48,158.3,157.2,157.47,1207139.0
09:48,157.48,158.3,157.2,157.47,1207139.0
09:49,157.48,158.3,157.2,157.47,1207139.0
09:50,157.48,158.3,157.2,157.47,1207139.0
09:51,157.48,158.3,157.2,157.47,1207139.0
09:52,157.48,158.3,157.2,157.47,1207139.0
09:53,157.48,158.3,157.2,157.47,1207139.0
09:54,157.48,158.3,157.2,157.47,1207139.0
09:55,157.48,158.3,157.2,157.47,1207139.0
09:56,157.48,158.3,157.2,157.47,1207139.0
09:57,157.48,158.3,157.2,157.47,1207139.0
09:58,157.48,158.3,157.2,157.47,1207139.0
09:59,157.48,158.3,157.2,157.47,1207139.0
10:00,157.48,158.3,157.2,157.47,1207139.0
10:01,157.48,158.3,157.2,157.47,1207139.0
10:02,157.48,158.3,157.2,157.47,1207139.0
10:03,157.48,158.3,157.2,157.47,1207139.0
10:04,157.48,158.3,157.2,157.47,1207139.0
10:05,157.48,158.3,157.2,157.47,1207139.0
10:06,157.48,158.3,157.2,157.47,1207139.0
10:07,157.48,158.3,157.2,157.47,1207139.0
10:08,157.48,158.3,157.2,157.47,1207139.0
10:09,157.48,158.3,157.2,157.47,1207139.0
10:10,157.48,158.3,157.2,157.47,1207139.0
10:11,157.48,158.3,157.2,157.47,1207139.0
10:12,157.48,158.3,157.2,157.47,1207139.0
10:13,157.48,158.3,157.2,157.47,1207139.0
10:14,157.48,158.3,157.2,157.47,1207139.0
10:15,157.48,158.3,157.2,157.47,1207139.0
10:16,157.48,158.3,157.2,157.47,1207139.0
10:17,157.48,158.3,157.2,157.47,1207139.0
10:18,157.48,158.3,157.2,157.47,1207139.0
10:19,157.48,158.3,157.2,157.47,1207139.0
10:20,157.48,158.3,157.2,157.47,1207139.0
10:21,157.48,158.3,157.2,157.47,1207139.0
10:22,157.48,158.3,157.2,157.47,1207139.0
10:23,157.48,158.3,157.2,157.47,1207139.0
10:24,157.48,158.3,157.2,157.47,1207139.0
10:25,157.48,158.3,157.2,157.47,1207139.0
10:26,157.48,158.3,157.2,157.47,1207139.0
10:27,157.48,158.3,157.2,157.47,1207139.0
10:28,157.48,158.3,157.2,157.47,1207139.0
10:29,157.48,158.3,157.2,157.47,1207139.0
10:30,157.48,158.3,157.2,157.47,1207139.0
10:31,158.25,158.43,157.44,157.48,223464.0
10:32,159.4,159.54,158.2,158.2,303194.0
10:33,159.8,160.33,159.2,159.4,250007.0
10:34,160.3,160.56,159.8,159.8,264616.0
10:35,160.46,160.84,159.91,160.26,252955.0
10:36,160.38,160.58,160.11,160.51,177235.0
10:37,159.91,160.75,159.8,160.4,207394.0
10:38,159.34,159.96,159.08,159.9,254138.0
10:39,159.02,159.38,158.88,159.28,170151.0
10:40,158.93,159.21,158.69,159.04,175367.0
10:41,159.23,159.51,158.77,158.9,174196.0
10:42,159.24,159.65,159.01,159.26,185375.0
10:43,158.3,159.18,158.23,159.16,166476.0
10:44,158.21,158.4,157.85,158.31,184426.0
10:45,158.62,158.9,158.07,158.21,158199.0
10:46,158.25,158.87,158.12,158.6,118195.0
10:47,158.9,158.92,158.07,158.27,113252.0
10:48,158.5,159.13,158.4,158.79,130008.0
10:49,157.45,158.49,157.36,158.49,170090.0
10:50,157.51,157.56,157.0,157.45,201773.0
10:51,157.72,158.09,157.42,157.45,146348.0
10:52,158.34,158.61,157.78,157.8,139416.0
10:53,158.65,159.04,158.24,158.3,167512.0
10:54,158.1,158.92,158.06,158.6,130546.0
10:55,157.8,158.3,157.74,158.1,133832.0
10:56,157.87,157.99,157.5,157.76,99013.0
10:57,157.97,158.26,157.77,157.89,108013.0
10:58,157.99,158.41,157.75,157.97,114056.0
10:59,158.5,158.5,157.93,158.05,114551.0
11:00,159.47,159.51,158.37,158.54,212448.0
11:01,159.55,159.66,159.26,159.47,132424.0
11:02,159.88,160.07,159.55,159.55,203185.0
11:03,160.06,160.26,159.71,159.9,111069.0
11:04,160.1,160.12,159.84,160.12,131140.0
11:05,160.93,161.04,160.04,160.09,216199.0
11:06,160.95,161.11,160.5,160.92,155238.0
11:07,160.73,161.07,160.47,160.95,97511.0
11:08,160.38,160.73,160.1,160.7,146109.0
11:09,160.23,160.58,160.07,160.45,82250.0
11:10,160.34,160.65,160.19,160.2,76380.0
11:11,160.25,160.33,159.92,160.27,112620.0
11:12,160.73,160.84,159.92,160.35,178927.0
11:13,160.2,160.72,160.17,160.7,74290.0
11:14,160.66,160.78,160.21,160.29,90871.0
11:15,160.93,161.23,160.67,160.67,136877.0
11:16,161.29,161.29,160.6,160.94,148972.0
11:17,161.38,161.65,161.05,161.29,242871.0
11:18,161.26,161.58,161.09,161.4,94345.0
11:19,161.13,161.52,160.88,161.27,108555.0
11:20,161.24,161.6,161.06,161.13,117247.0
11:21,161.1,161.23,160.84,161.19,155636.0
11:22,160.91,161.21,160.73,161.14,80183.0
11:23,161.09,161.32,160.95,160.95,88908.0
11:24,160.88,161.08,160.66,161.07,88306.0
11:25,160.93,161.05,160.61,160.88,83286.0
11:26,160.91,161.02,160.64,160.93,69354.0
11:27,161.33,161.46,160.8,160.88,136726.0
11:28,161.27,161.5,161.16,161.32,149207.0
11:29,161.31,161.43,161.06,161.27,63564.0
11:30,161.06,161.39,160.86,161.34,112585.0
11:31,161.29,161.31,161.09,161.16,56380.0
11:32,161.13,161.37,161.09,161.29,46617.0
11:33,161.15,161.23,160.96,161.15,43730.0
11:34,161.29,161.33,161.0,161.17,59765.0
11:35,161.48,161.52,161.1,161.29,75107.0
11:36,161.44,161.58,161.25,161.52,109780.0
11:37,161.33,161.63,161.29,161.46,84957.0
11:38,161.52,161.63,161.06,161.33,82839.0
11:39,162.07,162.1,161.55,161.55,179841.0
11:40,162.14,162.2,161.88,162.05,142574.0
11:41,161.94,162.16,161.88,162.16,145449.0
11:42,161.94,162.14,161.78,161.96,78117.0
11:43,161.95,162.0,161.8,161.92,57921.0
11:44,161.58,161.96,161.5,161.96,75273.0
11:45,162.12,162.13,161.6,161.62,90683.0
11:46,161.56,162.14,161.48,162.12,98119.0
11:47,161.48,161.73,161.3,161.59,77645.0
11:48,161.37,161.54,161.36,161.48,59145.0
11:49,161.66,161.66,161.37,161.4,52049.0
11:50,161.63,161.76,161.48,161.62,60033.0
11:51,161.46,161.65,161.4,161.65,83240.0
11:52,161.3,161.57,161.2,161.44,102682.0
11:53,161.51,161.59,161.33,161.37,66044.0
11:54,161.03,161.57,161.03,161.49,95906.0
11:55,160.78,161.2,160.76,161.02,110869.0
11:56,161.01,161.09,160.72,160.77,98573.0
11:57,160.95,161.09,160.69,161.0,100177.0
11:58,160.94,161.07,160.9,160.95,50568.0
11:59,161.27,161.31,160.93,160.94,64718.0
12:00,161.62,161.65,161.25,161.25,130584.0
12:01,161.78,161.78,161.57,161.58,83079.0
12:02,161.47,161.85,161.36,161.76,134272.0
12:03,162.04,162.11,161.51,161.51,119327.0
12:04,162.21,162.27,161.81,162.02,135904.0
12:05,162.16,162.34,162.04,162.21,97042.0
12:06,162.08,162.19,162.01,162.15,55954.0
12:07,162.15,162.22,162.04,162.09,53474.0
12:08,162.15,162.21,161.91,162.15,93387.0
12:09,162.31,162.4,162.0,162.15,88244.0
12:10,161.96,162.33,161.87,162.32,71411.0
12:11,161.97,162.08,161.87,161.93,55660.0
12:12,162.44,162.46,161.97,161.97,66995.0
12:13,162.33,162.63,162.23,162.44,124640.0
12:14,162.32,162.42,162.24,162.31,54324.0
12:15,162.05,162.34,161.94,162.32,73158.0
12:16,162.07,162.2,161.89,162.02,63859.0
12:17,162.11,162.25,161.95,162.1,71639.0
12:18,162.07,162.18,161.97,162.13,43259.0
12:19,162.1,162.14,161.91,162.07,47488.0
12:20,162.23,162.31,162.09,162.1,49394.0
12:21,162.44,162.52,162.07,162.23,83645.0
12:22,162.6,162.63,162.42,162.43,103802.0
12:23,162.56,162.63,162.41,162.6,78621.0
12:24,162.6,162.61,162.41,162.55,55640.0
12:25,162.6,162.84,162.43,162.61,114144.0
12:26,162.6,162.73,162.5,162.73,60307.0
12:27,162.67,162.79,162.52,162.62,81311.0
12:28,162.71,162.86,162.63,162.63,80974.0
12:29,162.34,162.75,162.32,162.71,80206.0
12:30,162.55,162.57,162.25,162.35,72622.0
12:31,162.25,162.55,162.16,162.53,79829.0
12:32,162.18,162.27,162.04,162.25,80373.0
12:33,162.51,162.55,162.16,162.18,83149.0
12:34,162.63,162.78,162.53,162.53,61959.0
12:35,162.35,162.63,162.23,162.63,46775.0
12:36,162.63,162.64,162.3,162.35,50344.0
12:37,162.75,162.82,162.51,162.67,100751.0
12:38,162.63,162.76,162.51,162.73,49532.0
12:39,162.72,162.72,162.57,162.63,43598.0
12:40,162.81,162.88,162.66,162.73,55286.0
12:41,162.9,163.05,162.74,162.84,110296.0
12:42,162.82,162.97,162.8,162.86,64571.0
12:43,162.9,162.96,162.81,162.83,59154.0
12:44,162.88,162.99,162.86,162.91,88707.0
12:45,163.09,163.12,162.81,162.84,86015.0
12:46,162.84,163.11,162.79,163.1,61097.0
12:47,162.9,163.02,162.83,162.88,61441.0
12:48,162.94,163.06,162.76,162.9,51869.0
12:49,162.85,162.97,162.75,162.93,40369.0
12:50,162.82,163.0,162.75,162.85,69262.0
12:51,162.88,162.99,162.79,162.82,31107.0
12:52,162.93,162.94,162.8,162.88,33903.0
12:53,163.17,163.2,162.92,162.92,80112.0
12:54,163.1,163.19,163.05,163.17,62236.0
12:55,162.95,163.1,162.77,163.1,76307.0
12:56,162.93,163.03,162.89,162.95,31039.0
12:57,162.74,162.97,162.68,162.91,34577.0
12:58,162.7,162.83,162.61,162.73,181992.0
12:59,162.78,162.86,162.67,162.67,76642.0
13:00,162.85,163.08,162.79,162.81,73621.0
13:01,162.98,163.05,162.83,162.84,47415.0
13:02,162.85,163.07,162.85,162.99,30864.0
13:03,162.83,162.91,162.71,162.88,57534.0
13:04,163.02,163.07,162.81,162.81,37530.0
13:05,162.89,163.06,162.8,163.02,33710.0
13:06,162.93,162.95,162.75,162.89,35245.0
13:07,163.1,163.14,162.93,162.95,52127.0
13:08,163.02,163.14,162.86,163.08,35219.0
13:09,162.9,163.02,162.81,163.0,35631.0
13:10,162.96,163.11,162.85,162.9,43674.0
13:11,162.96,163.04,162.83,162.96,40686.0
13:12,162.92,162.99,162.79,162.94,39951.0
13:13,163.08,163.17,162.93,162.93,56139.0
13:14,163.1,163.2,163.06,163.06,52948.0
13:15,163.27,163.29,163.03,163.07,45938.0
13:16,163.33,163.4,163.24,163.28,76283.0
13:17,163.2,163.36,163.2,163.31,58895.0
13:18,163.14,163.25,163.13,163.2,41747.0
13:19,163.41,163.46,163.17,163.17,102803.0
13:20,163.44,163.52,163.25,163.39,76771.0
13:21,163.56,163.6,163.38,163.44,63591.0
13:22,163.68,163.77,163.56,163.56,6064089.0
13:23,163.65,163.7,163.55,163.68,1.0
13:24,163.77,163.84,163.65,163.66,73369.0
13:25,163.78,163.8,163.6,163.76,63627.0
13:26,163.67,163.85,163.62,163.81,69386.0
13:27,163.89,163.92,163.66,163.66,76403.0
13:28,163.78,163.93,163.73,163.91,40558.0
13:29,163.66,163.78,163.62,163.78,47243.0
13:30,163.62,163.79,163.62,163.63,58563.0
13:31,163.62,163.68,163.56,163.65,48733.0
13:32,163.62,163.65,163.52,163.62,55997.0
13:33,163.92,163.94,163.56,163.6,71849.0
13:34,163.96,163.98,163.85,163.92,61146.0
13:35,163.92,164.0,163.78,163.96,78901.0
13:36,163.94,163.98,163.81,163.96,56533.0
13:37,163.84,163.96,163.78,163.92,67782.0
13:38,164.34,164.35,163.8,163.84,177838.0
13:39,164.52,164.54,164.31,164.35,178107.0
13:40,164.52,164.67,164.42,164.53,115663.0
13:41,164.53,164.56,164.42,164.51,87721.0
13:42,164.54,164.63,164.39,164.53,65959.0
13:43,164.63,164.64,164.46,164.54,67901.0
13:44,164.54,164.67,164.51,164.64,53955.0
13:45,164.63,164.66,164.49,164.54,47967.0
13:46,164.47,164.64,164.41,164.63,76133.0
13:47,164.41,164.55,164.37,164.46,76278.0
13:48,164.38,164.53,164.35,164.43,57693.0
13:49,164.37,164.43,164.28,164.37,6522847.0
13:50,164.5,164.55,164.34,164.37,1.0
13:51,164.31,164.49,164.22,164.49,63766.0
13:52,164.35,164.37,164.2,164.3,84458.0
13:53,164.43,164.49,164.33,164.33,73095.0
13:54,164.54,164.65,164.44,164.44,58968.0
13:55,164.29,164.54,164.29,164.54,67780.0
13:56,164.38,164.42,164.21,164.27,65845.0
13:57,164.25,164.41,164.24,164.36,36929.0
13:58,164.31,164.4,164.21,164.26,49098.0
13:59,164.5,164.53,164.33,164.33,69428.0
14:00,164.62,164.69,164.48,164.5,59351.0
14:01,164.47,164.72,164.45,164.63,86065.0
14:02,164.64,164.68,164.47,164.47,49572.0
14:03,164.52,164.69,164.52,164.65,56789.0
14:04,164.59,164.68,164.45,164.52,68252.0
14:05,164.64,164.64,164.45,164.59,49520.0
14:06,164.57,164.65,164.38,164.63,61131.0
14:07,164.63,164.71,164.57,164.58,59504.0
14:08,164.6,164.66,164.51,164.58,47252.0
14:09,164.47,164.64,164.42,164.6,66604.0
14:10,164.45,164.48,164.34,164.48,72297.0
14:11,164.26,164.48,164.24,164.44,52903.0
14:12,164.41,164.44,164.09,164.26,85789.0
14:13,164.47,164.63,164.36,164.39,67507.0
14:14,164.35,164.49,164.33,164.47,50004.0
14:15,164.46,164.48,164.33,164.34,44209.0
14:16,164.26,164.46,164.2,164.43,56129.0
14:17,164.1,164.28,164.04,164.26,75261.0
14:18,163.94,164.14,163.88,164.12,127170.0
14:19,164.12,164.14,163.88,163.95,63431.0
14:20,164.1,164.14,163.98,164.14,52748.0
14:21,164.02,164.22,164.02,164.11,44796.0
14:22,163.88,164.05,163.77,164.04,60578.0
14:23,163.88,163.99,163.83,163.91,53091.0
14:24,163.88,163.96,163.8,163.88,54486.0
14:25,163.66,163.92,163.52,163.91,82807.0
14:26,163.9,163.9,163.56,163.66,82496.0
14:27,163.83,163.91,163.7,163.89,51239.0
14:28,163.87,163.98,163.84,163.84,46266.0
14:29,163.87,163.94,163.72,163.88,57732.0
14:30,164.13,164.14,163.81,163.88,86943.0
14:31,164.13,164.19,164.0,164.11,70166.0
14:32,164.21,164.35,164.06,164.12,92833.0
14:33,164.25,164.34,164.18,164.21,55368.0
14:34,164.16,164.25,164.02,164.23,72985.0
14:35,164.03,164.17,163.98,164.16,46920.0
14:36,164.12,164.28,164.0,164.02,87148.0
14:37,164.03,164.15,164.0,164.14,48590.0
14:38,164.06,164.16,163.96,164.01,60900.0
14:39,164.21,164.22,164.01,164.06,50971.0
14:40,164.04,164.22,163.95,164.21,45390.0
14:41,164.08,164.13,163.84,164.02,51688.0
14:42,164.2,164.2,164.02,164.11,44372.0
14:43,164.16,164.28,164.04,164.21,46894.0
14:44,164.11,164.16,164.04,164.13,30544.0
14:45,164.43,164.47,164.08,164.1,79778.0
14:46,164.3,164.5,164.3,164.46,74160.0
14:47,164.23,164.36,164.17,164.31,51775.0
14:48,164.3,164.37,164.23,164.23,49399.0
14:49,164.33,164.4,164.3,164.3,44491.0
14:50,164.18,164.35,164.12,164.32,56706.0
14:51,164.19,164.24,164.14,164.2,28040.0
14:52,164.13,164.21,164.11,164.19,25407.0
14:53,164.15,164.17,164.04,164.14,29754.0
14:54,164.36,164.38,164.13,164.17,49895.0
14:55,164.35,164.37,164.24,164.37,25174.0
14:56,164.42,164.53,164.32,164.36,60321.0
14:57,164.21,164.42,164.18,164.38,48102.0
14:58,164.11,164.2,163.96,164.2,69842.0
14:59,164.22,164.33,164.13,164.13,38560.0
15:00,164.48,164.53,164.14,164.17,58606.0
15:01,164.43,164.62,164.4,164.5,48844.0
15:02,164.22,164.49,164.19,164.47,44364.0
15:03,164.06,164.22,164.01,164.21,60236.0
15:04,164.47,164.47,164.04,164.05,66291.0
15:05,164.5,164.58,164.41,164.44,53856.0
15:06,164.68,164.7,164.45,164.53,67740.0
15:07,164.51,164.66,164.46,164.66,45463.0
15:08,164.58,164.65,164.49,164.5,39317.0
15:09,164.54,164.59,164.48,164.57,26750.0
15:10,164.51,164.54,164.43,164.54,28129.0
15:11,164.49,164.53,164.45,164.49,23048.0
15:12,164.51,164.55,164.45,164.51,30215.0
15:13,164.42,164.59,164.36,164.54,86119.0
15:14,164.49,164.54,164.43,164.43,30647.0
15:15,164.48,164.56,164.44,164.49,25931.0
15:16,164.52,164.56,164.43,164.46,32203.0
15:17,164.37,164.52,164.36,164.52,37775.0
15:18,164.55,164.56,164.39,164.4,35840.0
15:19,164.57,164.65,164.49,164.54,54135.0
15:20,164.52,164.57,164.46,164.57,21329.0
15:21,164.43,164.61,164.4,164.53,42645.0
15:22,164.25,164.47,164.24,164.41,57481.0
15:23,164.42,164.47,164.21,164.25,60209.0
15:24,164.39,164.49,164.38,164.41,31255.0
15:25,164.36,164.49,164.33,164.39,24724.0
15:26,164.35,164.36,164.25,164.35,38566.0
15:27,164.38,164.42,164.31,164.34,28683.0
15:28,164.45,164.46,164.34,164.37,26880.0
15:29,164.38,164.47,164.32,164.42,24103.0
15:30,164.24,164.42,164.22,164.37,70094.0
15:31,164.17,164.29,164.13,164.23,41995.0
15:32,164.04,164.25,164.04,164.17,53993.0
15:33,163.94,164.13,163.93,164.05,59507.0
15:34,163.96,164.08,163.9,163.97,61616.0
15:35,163.84,163.98,163.72,163.97,52452.0
15:36,163.92,163.96,163.72,163.86,36912.0
15:37,164.04,164.04,163.89,163.97,40741.0
15:38,164.18,164.24,164.0,164.01,45972.0
15:39,164.25,164.34,164.18,164.19,35827.0
15:40,164.35,164.38,164.18,164.26,48137.0
15:41,164.35,164.48,164.25,164.38,58657.0
15:42,164.36,164.38,164.23,164.35,50337.0
15:43,164.25,164.38,164.25,164.35,21877.0
15:44,164.29,164.32,164.24,164.3,23828.0
15:45,164.42,164.46,164.2,164.27,52395.0
15:46,164.48,164.58,164.4,164.41,89996.0
15:47,164.33,164.53,164.33,164.5,47021.0
15:48,164.52,164.55,164.35,164.35,59457.0
15:49,164.49,164.61,164.46,164.5,31657.0
15:50,164.72,164.73,164.49,164.49,53785.0
15:51,164.8,164.81,164.4,164.71,115974.0
15:52,164.78,165.14,164.76,164.8,195523.0
15:53,164.35,164.8,164.35,164.8,99605.0
15:54,164.56,164.59,164.3,164.35,67022.0
15:55,164.61,164.72,164.53,164.58,66682.0
15:56,164.62,164.7,164.51,164.62,58710.0
15:57,164.69,164.76,164.43,164.6,49829.0
15:58,164.71,164.75,164.58,164.68,42522.0
15:59,164.71,164.94,164.66,164.71,101708.0
16:00,164.87,164.97,164.73,164.73,62594.0
16:01,164.83,165.04,164.81,164.9,56540.0
16:02,164.73,164.86,164.66,164.82,51111.0
16:03,164.89,164.96,164.69,164.75,67827.0
16:04,165.03,165.07,164.89,164.93,63870.0
16:05,164.95,165.05,164.9,165.01,44018.0
16:06,164.92,165.02,164.85,164.96,46003.0
16:07,165.01,165.07,164.91,164.91,60647.0
16:08,164.89,165.08,164.86,165.04,51693.0
16:09,165.02,165.07,164.9,164.9,60015.0
16:10,164.95,165.05,164.92,165.03,43164.0
16:11,164.93,164.99,164.85,164.94,43027.0
16:12,164.95,164.96,164.84,164.93,51671.0
16:13,164.84,164.97,164.83,164.96,37664.0
16:14,164.77,164.86,164.75,164.84,47629.0
16:15,165.06,165.08,164.76,164.77,45855.0
16:16,164.95,165.11,164.95,165.08,56907.0
16:17,164.98,165.17,164.96,164.96,49429.0
16:18,164.83,165.0,164.78,164.98,45466.0
16:19,164.74,164.86,164.74,164.82,42775.0
16:20,164.6,164.79,164.57,164.71,71433.0
16:21,164.84,164.86,164.58,164.6,61946.0
16:22,164.85,164.93,164.8,164.85,48667.0
16:23,164.87,164.89,164.79,164.84,51009.0
16:24,164.71,164.89,164.7,164.86,51727.0
16:25,164.6,164.7,164.57,164.7,43166.0
16:26,164.6,164.69,164.48,164.59,64144.0
16:27,164.7,164.8,164.63,164.63,66885.0
16:28,164.67,164.74,164.65,164.7,30669.0
16:29,164.71,164.76,164.64,164.67,31745.0
16:30,164.56,164.69,164.5,164.69,83371.0
16:31,164.72,164.74,164.57,164.57,40058.0
16:32,164.71,164.73,164.64,164.73,39943.0
16:33,164.88,164.99,164.69,164.71,124186.0
16:34,164.83,164.91,164.8,164.88,48042.0
16:35,164.86,164.91,164.77,164.84,48772.0
16:36,164.99,165.04,164.89,164.89,120157.0
16:37,165.05,165.07,164.89,164.97,62949.0
16:38,164.98,165.11,164.94,165.06,51289.0
16:39,164.93,164.98,164.88,164.96,47541.0
16:40,164.82,164.91,164.75,164.91,83810.0
16:41,164.91,164.91,164.77,164.83,63515.0
16:42,164.74,164.9,164.71,164.9,55937.0
16:43,164.87,164.9,164.69,164.74,62699.0
16:44,164.89,164.95,164.87,164.88,49865.0
16:45,164.98,165.0,164.88,164.91,62751.0
16:46,165.0,165.04,164.93,165.0,59013.0
16:47,164.91,165.04,164.85,165.01,67619.0
16:48,165.04,165.04,164.9,164.93,50979.0
16:49,165.05,165.12,164.98,165.03,87878.0
16:50,162.37,165.12,162.16,165.03,946128.0
16:51,162.74,162.86,162.03,162.4,467937.0
16:52,162.71,162.9,162.42,162.76,261421.0
16:53,162.82,163.0,162.53,162.69,11379854.0
16:54,162.36,163.4,162.22,162.81,1.0
16:55,162.84,162.93,161.33,162.4,591514.0
16:56,162.54,163.05,162.32,162.82,271362.0
16:57,162.4,162.59,162.17,162.55,317592.0
16:58,162.4,162.46,162.34,162.4,393801.0
16:59,162.18,162.45,162.03,162.4,826502.0
