Time,Close,High,Low,Open,Volume
09:30,166.43,167.46,166.04,167.24,1832572.0
09:31,166.18,166.8,165.9,166.42,311886.0
09:32,166.4,166.79,165.96,166.23,460048.0
09:33,166.61,166.79,166.02,166.03,608211.0
09:34,166.19,166.69,166.1,166.64,188347.0
09:35,166.0,166.58,165.81,166.17,276271.0
09:36,165.09,166.13,165.01,166.02,463226.0
09:37,165.65,165.96,164.96,165.06,405016.0
09:38,166.02,166.07,165.49,165.64,180180.0
09:39,165.49,166.05,165.05,165.94,257570.0
09:40,165.65,165.65,165.15,165.46,201427.0
09:41,165.68,165.99,165.52,165.62,219918.0
09:42,165.64,165.79,165.47,165.7,138354.0
09:43,165.66,166.18,165.56,165.61,302899.0
09:44,165.82,165.98,165.64,165.68,141800.0
09:45,165.81,166.15,165.65,165.77,1.0
09:46,166.31,166.32,165.79,165.81,1974422.0
09:47,166.12,166.33,165.92,166.33,198345.0
09:48,166.25,166.45,166.05,166.13,167102.0
09:49,165.78,166.31,165.67,166.27,191581.0
09:50,165.89,165.95,165.66,165.8,163668.0
09:51,165.92,165.98,165.47,165.88,216255.0
09:52,165.56,165.96,165.47,165.91,143850.0
09:53,165.8,165.93,165.52,165.57,133690.0
09:54,165.72,165.82,165.5,165.79,146967.0
09:55,165.79,165.93,165.58,165.72,139029.0
09:56,165.81,165.92,165.5,165.81,187093.0
09:57,166.2,166.26,165.61,165.81,231823.0
09:58,165.86,166.28,165.84,166.2,149653.0
09:59,166.06,166.14,165.82,165.85,149220.0
10:00,165.18,166.1,165.15,166.08,314038.0
10:01,165.13,165.36,164.96,165.17,317892.0
10:02,165.4,165.48,165.32,165.36,191844.0
10:03,165.57,165.58,165.38,165.43,155575.0
10:04,165.32,165.6,165.21,165.58,157858.0
10:05,165.29,165.74,165.25,165.27,232764.0
10:06,165.5,165.64,165.28,165.29,127293.0
10:07,165.59,165.75,165.43,165.5,107281.0
10:08,165.42,165.68,165.38,165.59,127822.0
10:09,165.24,165.6,165.15,165.42,162332.0
10:10,164.94,165.47,164.88,165.23,252657.0
10:11,165.25,165.35,164.93,164.93,163706.0
10:12,165.06,165.35,165.06,165.26,126751.0
10:13,164.63,165.06,164.61,165.05,245732.0
10:14,164.56,164.74,164.37,164.62,278627.0
10:15,165.04,165.08,164.55,164.58,161597.0
10:16,165.01,165.15,164.82,165.03,183857.0
10:17,165.4,165.48,165.02,165.03,188822.0
10:18,165.17,165.44,165.15,165.4,108662.0
10:19,164.82,165.27,164.81,165.2,119611.0
10:20,164.71,164.93,164.66,164.83,163150.0
10:21,164.82,164.92,164.68,164.69,173901.0
10:22,164.33,164.84,164.31,164.84,280061.0
10:23,164.01,164.62,164.01,164.33,220554.0
10:24,164.1,164.2,163.9,164.05,305214.0
10:25,164.08,164.28,163.99,164.09,169722.0
10:26,164.2,164.28,163.95,164.09,174462.0
10:27,163.6,164.18,163.22,164.12,351979.0
10:28,163.53,163.73,163.5,163.59,196006.0
10:29,163.65,163.84,163.51,163.52,273252.0
10:30,163.9,163.92,163.54,163.62,188353.0
10:31,163.86,163.96,163.61,163.87,183936.0
10:32,164.17,164.31,163.81,163.81,217620.0
10:33,164.11,164.36,164.07,164.14,232598.0
10:34,164.24,164.27,163.99,164.11,146081.0
10:35,164.68,164.69,164.22,164.22,215629.0
10:36,164.76,164.81,164.53,164.69,158458.0
10:37,164.76,164.87,164.65,164.76,140000.0
10:38,164.61,164.88,164.57,164.78,155480.0
10:39,164.74,164.83,164.61,164.61,129406.0
10:40,164.72,164.85,164.68,164.75,111478.0
10:41,164.74,164.82,164.5,164.74,140817.0
10:42,164.86,164.89,164.76,164.76,106097.0
10:43,164.74,164.88,164.72,164.85,63172.0
10:44,164.71,164.86,164.7,164.73,107236.0
10:45,164.69,164.85,164.67,164.7,112812.0
10:46,164.62,164.82,164.54,164.72,101223.0
10:47,164.64,164.68,164.51,164.61,78028.0
10:48,164.64,164.69,164.52,164.6,125676.0
10:49,164.65,164.7,164.53,164.6,173324.0
10:50,164.29,164.7,164.27,164.66,125818.0
10:51,163.96,164.33,163.96,164.3,164449.0
10:52,164.04,164.07,163.9,163.96,151034.0
10:53,163.95,164.13,163.78,163.99,170991.0
10:54,164.12,164.22,163.93,163.93,164292.0
10:55,163.95,164.22,163.89,164.13,123660.0
10:56,164.2,164.24,163.91,163.92,117071.0
10:57,164.28,164.49,164.2,164.2,121810.0
10:58,164.16,164.4,164.16,164.27,105283.0
10:59,164.3,164.35,164.16,164.17,79447.0
11:00,164.39,164.48,164.2,164.25,111203.0
11:01,164.24,164.42,164.16,164.39,78477.0
11:02,164.05,164.27,164.03,164.23,123909.0
11:03,164.08,164.27,164.06,164.08,79209.0
11:04,164.06,164.18,164.04,164.09,60268.0
11:05,164.36,164.36,164.04,164.09,87465.0
11:06,164.54,164.56,164.34,164.35,116791.0
11:07,164.59,164.65,164.51,164.55,90494.0
11:08,164.62,164.75,164.58,164.62,108841.0
11:09,164.55,164.75,164.52,164.65,80617.0
11:10,164.74,164.75,164.54,164.54,74632.0
11:11,164.69,164.83,164.61,164.75,106166.0
11:12,164.77,164.83,164.65,164.71,61351.0
11:13,164.69,164.79,164.57,164.77,84199.0
11:14,164.68,164.73,164.61,164.67,61278.0
11:15,164.91,164.92,164.65,164.68,92617.0
11:16,165.32,165.33,164.89,164.91,189252.0
11:17,165.27,165.32,165.16,165.31,118811.0
11:18,165.27,165.34,165.22,165.27,88784.0
11:19,165.39,165.43,165.34,165.36,1.0
11:20,165.49,165.59,165.4,165.41,153460.0
11:21,165.5,165.73,165.48,165.5,142840.0
11:22,165.16,165.52,165.16,165.51,151459.0
11:23,165.29,165.32,165.07,165.16,62645.0
11:24,165.3,165.55,165.26,165.29,95245.0
11:25,165.49,165.53,165.3,165.3,65217.0
11:26,165.65,165.7,165.47,165.47,83507.0
11:27,165.57,165.64,165.45,165.64,56641.0
11:28,165.66,165.68,165.57,165.57,48238.0
11:29,165.7,165.74,165.53,165.65,54083.0
11:30,165.78,165.83,165.61,165.73,72978.0
11:31,165.83,165.87,165.74,165.78,61211.0
11:32,165.83,165.89,165.79,165.84,70400.0
11:33,165.89,165.95,165.85,165.86,49297.0
11:34,165.93,166.06,165.9,165.98,6029530.0
11:35,165.92,166.07,165.86,165.93,116077.0
11:36,165.78,165.99,165.74,165.91,119748.0
11:37,166.01,166.05,165.64,165.78,228073.0
11:38,165.76,166.05,165.71,166.0,119558.0
11:39,165.62,165.8,165.59,165.76,113980.0
11:40,165.34,165.63,165.29,165.62,105324.0
11:41,165.26,165.35,165.15,165.33,113753.0
11:42,165.14,165.29,165.06,165.25,77817.0
11:43,165.29,165.32,165.11,165.15,98778.0
11:44,165.21,165.32,165.19,165.29,79052.0
11:45,165.09,165.24,165.08,165.23,53971.0
11:46,164.99,164.99,164.85,164.85,117019.0
11:47,165.29,165.3,164.97,164.99,92056.0
11:48,165.46,165.47,165.21,165.29,112442.0
11:49,165.44,165.46,165.37,165.43,55236.0
11:50,165.36,165.54,165.3,165.44,92292.0
11:51,165.42,165.51,165.36,165.36,36687.0
11:52,165.54,165.61,165.44,165.44,68818.0
11:53,165.47,165.58,165.42,165.54,36500.0
11:54,165.53,165.6,165.4,165.44,40214.0
11:55,165.54,165.58,165.45,165.52,36019.0
11:56,165.5,165.59,165.49,165.57,39048.0
11:57,165.72,165.74,165.46,165.51,104403.0
11:58,165.72,165.78,165.7,165.74,75127.0
11:59,165.82,165.83,165.66,165.71,65009.0
12:00,165.96,165.97,165.79,165.8,93221.0
12:01,166.08,166.08,165.87,165.95,129095.0
12:02,166.1,166.12,165.95,166.06,106009.0
12:03,166.24,166.25,166.05,166.11,139611.0
12:04,166.26,166.34,166.24,166.24,130842.0
12:05,166.08,166.32,166.05,166.28,101733.0
12:06,166.05,166.14,165.98,166.08,82393.0
12:07,166.12,166.24,166.05,166.07,39965.0
12:08,166.22,166.25,166.08,166.13,48374.0
12:09,166.18,166.31,166.14,166.23,67892.0
12:10,166.23,166.27,166.13,166.13,35080.0
12:11,166.21,166.25,166.18,166.23,21905.0
12:12,166.19,166.31,166.14,166.22,68471.0
12:13,166.11,166.23,166.1,166.23,46621.0
12:14,165.97,166.2,165.96,166.12,61738.0
12:15,165.98,166.09,165.95,165.99,72184.0
12:16,165.87,165.98,165.85,165.96,75121.0
12:17,165.83,165.89,165.81,165.87,42969.0
12:18,165.77,165.87,165.67,165.82,62089.0
12:19,166.0,166.03,165.72,165.74,59189.0
12:20,165.98,166.01,165.9,165.99,56632.0
12:21,166.04,166.13,165.96,166.0,58156.0
12:22,166.02,166.13,165.98,166.04,49417.0
12:23,166.02,166.07,166.0,166.02,38605.0
12:24,165.92,166.02,165.86,166.02,44374.0
12:25,165.97,166.02,165.89,165.92,43191.0
12:26,166.0,166.11,165.93,165.96,52455.0
12:27,165.9,166.04,165.85,166.03,45482.0
12:28,165.95,165.96,165.85,165.91,116319.0
12:29,165.89,165.98,165.87,165.96,29021.0
12:30,165.96,166.05,165.88,165.92,41134.0
12:31,166.03,166.1,165.92,165.98,44219.0
12:32,166.19,166.2,166.0,166.05,77113.0
12:33,166.06,166.24,165.98,166.2,64047.0
12:34,165.74,166.08,165.71,166.06,103463.0
12:35,165.79,165.87,165.72,165.74,71325.0
12:36,165.89,165.9,165.67,165.79,54324.0
12:37,165.84,165.94,165.76,165.9,40224.0
12:38,165.83,165.87,165.8,165.83,25672.0
12:39,165.88,165.99,165.81,165.83,56146.0
12:40,165.79,165.93,165.71,165.88,54042.0
12:41,165.58,165.83,165.55,165.78,69034.0
12:42,165.68,165.7,165.56,165.58,40842.0
12:43,165.67,165.74,165.65,165.68,34217.0
12:44,165.67,165.8,165.67,165.68,30502.0
12:45,165.36,165.68,165.35,165.66,119106.0
12:46,165.35,165.44,165.35,165.38,47110.0
12:47,165.4,165.44,165.3,165.37,72257.0
12:48,165.38,165.45,165.3,165.42,66465.0
12:49,165.36,165.48,165.33,165.38,34265.0
12:50,165.21,165.34,165.14,165.33,85174.0
12:51,165.07,165.33,165.06,165.23,58887.0
12:52,165.04,165.12,164.99,165.08,121025.0
12:53,165.14,165.18,165.01,165.04,50616.0
12:54,165.18,165.25,165.15,165.17,48735.0
12:55,165.17,165.19,165.05,165.15,60357.0
12:56,165.23,165.24,165.11,165.17,38934.0
12:57,165.35,165.36,165.22,165.23,55327.0
12:58,165.34,165.44,165.3,165.36,60972.0
12:59,165.18,165.34,165.09,165.32,46324.0
13:00,165.13,165.23,165.1,165.18,45483.0
13:01,165.03,165.17,164.98,165.13,87283.0
13:02,165.12,165.23,165.04,165.04,45135.0
13:03,165.11,165.18,165.06,165.12,29051.0
13:04,165.12,165.14,165.05,165.09,27953.0
13:05,165.13,165.26,165.06,165.14,57818.0
13:06,165.19,165.2,165.07,165.12,38936.0
13:07,165.33,165.38,165.25,165.3,60196.0
13:08,165.4,165.45,165.25,165.33,40367.0
13:09,165.48,165.48,165.34,165.4,56661.0
13:10,165.38,165.56,165.36,165.47,54513.0
13:11,165.25,165.49,165.24,165.39,43589.0
13:12,165.34,165.38,165.24,165.26,35125.0
13:13,165.32,165.34,165.27,165.32,21046.0
13:14,165.3,165.32,165.2,165.32,30379.0
13:15,165.28,165.32,165.26,165.29,35039.0
13:16,165.27,165.29,165.21,165.28,35158.0
13:17,165.1,165.28,165.03,165.27,87487.0
13:18,164.79,165.12,164.77,165.07,105915.0
13:19,164.79,164.83,164.62,164.8,130981.0
13:20,164.76,164.86,164.68,164.77,70666.0
13:21,164.73,164.85,164.72,164.76,72018.0
13:22,164.88,164.93,164.7,164.75,56472.0
13:23,164.74,164.98,164.7,164.87,78856.0
13:24,164.8,164.84,164.73,164.73,34926.0
13:25,165.11,165.11,164.8,164.8,57729.0
13:26,164.97,165.13,164.95,165.1,78674.0
13:27,164.9,165.0,164.9,164.97,48525.0
13:28,164.8,164.99,164.75,164.9,43854.0
13:29,164.63,164.8,164.6,164.78,112221.0
13:30,164.78,164.86,164.63,164.63,80715.0
13:31,164.77,164.78,164.65,164.75,55952.0
13:32,164.72,164.8,164.65,164.75,41141.0
13:33,164.78,164.84,164.72,164.72,25843.0
13:34,164.75,164.84,164.71,164.79,28679.0
13:35,164.81,164.81,164.68,164.75,48726.0
13:36,164.85,164.86,164.75,164.83,40640.0
13:37,164.83,164.96,164.81,164.83,49623.0
13:38,164.92,164.95,164.81,164.84,48009.0
13:39,165.02,165.02,164.91,164.93,99497.0
13:40,165.03,165.04,164.86,165.02,57468.0
13:41,164.73,165.02,164.72,165.02,63173.0
13:42,164.69,164.84,164.64,164.74,66709.0
13:43,164.88,164.88,164.68,164.7,43799.0
13:44,164.92,165.0,164.84,164.87,88913.0
13:45,164.9,165.14,164.89,164.93,173790.0
13:46,164.92,164.96,164.82,164.93,59350.0
13:47,164.92,164.95,164.87,164.93,34255.0
13:48,164.82,164.95,164.82,164.89,33829.0
13:49,164.76,164.93,164.75,164.83,45036.0
13:50,164.8,164.9,164.75,164.75,37998.0
13:51,164.86,164.91,164.74,164.83,54455.0
13:52,164.96,165.07,164.86,164.87,58549.0
13:53,164.88,164.96,164.81,164.96,53532.0
13:54,164.93,164.96,164.78,164.9,48074.0
13:55,164.83,164.94,164.8,164.94,36223.0
13:56,164.9,164.94,164.81,164.82,38522.0
13:57,165.12,165.14,164.89,164.9,70159.0
13:58,165.37,165.37,165.08,165.08,70955.0
13:59,165.21,165.38,165.18,165.34,88605.0
14:00,165.18,165.29,165.18,165.22,55942.0
14:01,164.95,165.15,164.93,165.15,65562.0
14:02,164.56,164.95,164.55,164.95,199612.0
14:03,164.55,164.81,164.48,164.74,221442.0
14:04,164.54,164.67,164.4,164.52,243273.0
14:05,164.74,164.75,164.39,164.51,140009.0
14:06,164.8,164.83,164.67,164.77,87142.0
14:07,164.82,164.9,164.77,164.88,75728.0
14:08,164.64,164.82,164.57,164.82,71955.0
14:09,164.56,164.7,164.5,164.63,94398.0
14:10,164.69,164.8,164.52,164.54,84386.0
14:11,164.9,164.95,164.69,164.72,86594.0
14:12,164.76,164.94,164.67,164.89,57896.0
14:13,164.88,164.89,164.76,164.77,37351.0
14:14,164.82,164.88,164.77,164.87,40659.0
14:15,164.8,164.92,164.78,164.86,39026.0
14:16,164.89,164.99,164.8,164.82,51849.0
14:17,165.03,165.12,164.9,164.9,71296.0
14:18,164.95,165.05,164.88,165.03,49485.0
14:19,164.94,165.04,164.9,164.96,33248.0
14:20,164.92,164.94,164.81,164.92,34517.0
14:21,164.9,165.01,164.86,164.95,25469.0
14:22,164.94,164.99,164.89,164.9,31262.0
14:23,164.99,165.04,164.93,164.94,41567.0
14:24,164.91,165.02,164.91,165.0,51923.0
14:25,165.0,165.03,164.89,164.91,42054.0
14:26,164.7,165.0,164.68,164.99,53123.0
14:27,164.64,164.72,164.57,164.71,74908.0
14:28,164.71,164.73,164.63,164.64,27148.0
14:29,164.68,164.73,164.57,164.71,62422.0
14:30,164.68,164.78,164.68,164.68,38991.0
14:31,164.68,164.8,164.65,164.67,36964.0
14:32,164.66,164.73,164.64,164.67,40754.0
14:33,164.7,164.7,164.62,164.66,27762.0
14:34,164.8,164.87,164.7,164.7,33405.0
14:35,164.77,164.81,164.67,164.81,35254.0
14:36,164.8,164.84,164.74,164.77,32506.0
14:37,164.74,164.86,164.73,164.8,42089.0
14:38,164.79,164.84,164.74,164.74,26248.0
14:39,164.85,164.87,164.79,164.82,40554.0
14:40,164.88,164.89,164.83,164.84,18835.0
14:41,164.95,164.95,164.79,164.86,58932.0
14:42,164.99,165.01,164.9,164.96,47956.0
14:43,164.92,165.0,164.91,164.99,29809.0
14:44,164.86,164.93,164.84,164.92,42877.0
14:45,164.96,164.98,164.8,164.85,33273.0
14:46,164.9,164.99,164.9,164.98,27508.0
14:47,164.82,164.91,164.79,164.91,30872.0
14:48,164.71,164.84,164.71,164.82,27067.0
14:49,164.63,164.76,164.63,164.74,47296.0
14:50,164.63,164.75,164.62,164.66,50186.0
14:51,164.62,164.68,164.59,164.62,41152.0
14:52,164.57,164.66,164.52,164.62,57899.0
14:53,164.6,164.67,164.53,164.57,56557.0
14:54,164.76,164.77,164.52,164.6,62583.0
14:55,164.9,164.91,164.73,164.75,68290.0
14:56,164.87,164.92,164.81,164.91,52807.0
14:57,164.85,164.92,164.85,164.87,31396.0
14:58,164.92,164.95,164.81,164.87,41345.0
14:59,164.87,164.97,164.84,164.91,34330.0
15:00,164.81,164.92,164.78,164.88,42311.0
15:01,164.78,164.83,164.75,164.82,55869.0
15:02,164.65,164.8,164.64,164.79,34771.0
15:03,164.61,164.69,164.54,164.65,48547.0
15:04,164.68,164.7,164.57,164.6,53206.0
15:05,164.69,164.72,164.66,164.7,29605.0
15:06,165.02,165.06,164.68,164.69,92154.0
15:07,165.08,165.1,164.97,165.04,81717.0
15:08,164.98,165.1,164.96,165.09,50880.0
15:09,165.0,165.02,164.95,164.96,42093.0
15:10,165.12,165.15,164.96,165.0,62031.0
15:11,165.11,165.16,165.07,165.12,48402.0
15:12,165.09,165.14,165.04,165.1,54178.0
15:13,165.09,165.14,165.06,165.1,52819.0
15:14,164.95,165.09,164.93,165.08,57257.0
15:15,164.85,164.97,164.78,164.96,50538.0
15:16,164.82,164.94,164.82,164.86,44019.0
15:17,164.94,164.99,164.83,164.83,49596.0
15:18,164.99,165.0,164.92,164.92,30640.0
15:19,164.93,165.04,164.9,164.98,43233.0
15:20,164.81,165.02,164.81,164.94,42628.0
15:21,164.88,164.9,164.8,164.82,60313.0
15:22,165.04,165.06,164.85,164.89,46453.0
15:23,165.08,165.1,164.99,165.03,43470.0
15:24,165.04,165.08,164.97,165.07,33059.0
15:25,165.13,165.18,165.05,165.05,74207.0
15:26,165.0,165.14,165.0,165.14,51371.0
15:27,164.96,165.02,164.91,165.01,50636.0
15:28,165.08,165.13,165.02,165.02,49560.0
15:29,165.05,165.14,165.03,165.08,53742.0
15:30,165.11,165.15,165.02,165.05,41167.0
15:31,165.21,165.21,165.06,165.12,74945.0
15:32,165.15,165.21,165.12,165.21,39372.0
15:33,165.07,165.16,165.06,165.1,60510.0
15:34,164.95,165.1,164.93,165.07,53491.0
15:35,164.88,164.97,164.85,164.95,72776.0
15:36,164.85,164.91,164.78,164.91,39078.0
15:37,164.88,164.9,164.84,164.85,52021.0
15:38,164.93,164.97,164.84,164.88,91659.0
15:39,165.01,165.01,164.92,164.93,70049.0
15:40,164.97,165.06,164.92,165.02,68741.0
15:41,164.93,164.97,164.87,164.96,57741.0
15:42,164.82,164.93,164.81,164.93,36412.0
15:43,164.95,164.99,164.8,164.83,46388.0
15:44,164.91,164.98,164.9,164.97,29551.0
15:45,164.91,164.97,164.83,164.92,46505.0
15:46,164.91,164.92,164.85,164.91,48783.0
15:47,164.87,164.97,164.85,164.92,55547.0
15:48,164.85,164.87,164.79,164.84,64253.0
15:49,164.88,164.9,164.77,164.84,116513.0
15:50,164.65,164.89,164.53,164.89,204208.0
15:51,164.55,164.71,164.52,164.62,141039.0
15:52,164.69,164.75,164.62,164.62,145351.0
15:53,164.64,164.74,164.56,164.7,112852.0
15:54,164.75,164.78,164.6,164.62,134239.0
15:55,164.61,164.88,164.57,164.79,163518.0
15:56,164.55,164.63,164.53,164.59,150393.0
15:57,164.65,164.68,164.49,164.56,197225.0
15:58,164.43,164.64,164.42,164.64,327600.0
15:59,164.34,164.52,164.34,164.43,544521.0
