Time,Close,High,Low,Open,Volume
09:30,170.57,171.89,170.49,170.49,1672527.0
09:31,170.99,171.37,170.0,170.56,326570.0
09:32,171.54,171.86,170.95,170.96,194619.0
09:33,171.15,171.83,171.03,171.53,161219.0
09:34,171.37,172.1,171.01,171.07,188261.0
09:35,171.69,172.01,171.11,171.42,205404.0
09:36,172.04,172.27,171.68,171.69,180518.0
09:37,172.23,172.71,172.04,172.04,202873.0
09:38,171.43,172.29,171.05,172.24,252909.0
09:39,172.07,172.1,171.32,171.46,167088.0
09:40,172.57,172.7,171.99,172.02,142455.0
09:41,172.57,172.71,172.3,172.52,130994.0
09:42,172.53,172.7,172.15,172.58,134366.0
09:43,173.02,173.28,172.51,172.52,169443.0
09:44,172.53,173.05,172.23,173.03,125222.0
09:45,172.98,173.1,172.42,172.52,130646.0
09:46,172.84,173.35,172.7,172.95,125068.0
09:47,173.37,173.58,172.81,172.85,123849.0
09:48,173.25,173.28,172.74,173.26,103623.0
09:49,173.61,173.68,173.18,173.24,130608.0
09:50,173.85,174.0,173.48,173.64,121787.0
09:51,174.0,174.24,173.66,173.85,161067.0
09:52,173.6,174.06,173.11,173.98,188542.0
09:53,173.51,173.74,172.95,173.57,123187.0
09:54,173.68,173.83,173.44,173.49,103490.0
09:55,173.52,173.81,173.33,173.68,108996.0
09:56,172.67,173.52,172.34,173.52,172340.0
09:57,172.89,173.16,172.46,172.63,149814.0
09:58,172.99,173.16,172.65,172.86,78064.0
09:59,173.09,173.33,172.8,173.0,97456.0
10:00,172.66,173.3,172.38,173.11,115231.0
10:01,172.31,172.76,171.9,172.73,150163.0
10:02,172.19,172.55,171.96,172.32,93737.0
10:03,171.72,172.52,171.61,172.15,112731.0
10:04,171.38,171.79,171.01,171.71,128604.0
10:05,171.79,171.93,171.28,171.36,134471.0
10:06,171.78,172.09,171.63,171.76,108125.0
10:07,171.08,171.79,170.53,171.79,182171.0
10:08,170.27,171.15,170.25,171.15,130786.0
10:09,170.34,170.34,169.86,170.29,245174.0
10:10,170.74,170.88,170.32,170.34,138329.0
10:11,171.23,171.46,170.54,170.71,178203.0
10:12,171.51,171.74,171.07,171.24,149961.0
10:13,171.46,171.51,170.92,171.51,118754.0
10:14,171.26,171.45,171.03,171.4,59667.0
10:15,171.3,171.45,171.16,171.3,82452.0
10:16,171.26,171.44,170.82,171.26,82795.0
10:17,170.84,171.3,170.64,171.28,110965.0
10:18,170.27,171.12,170.25,170.85,97224.0
10:19,169.95,170.53,169.83,170.25,141367.0
10:20,170.53,170.67,169.95,170.02,150215.0
10:21,170.35,170.53,170.06,170.48,93557.0
10:22,170.68,170.83,170.1,170.3,112910.0
10:23,171.08,171.3,170.7,170.7,115399.0
10:24,170.95,171.41,170.85,171.03,99552.0
10:25,170.59,171.01,170.43,171.01,87896.0
10:26,170.8,171.0,170.52,170.59,83587.0
10:27,170.96,171.14,170.78,170.81,85490.0
10:28,171.46,171.46,170.93,170.95,86863.0
10:29,171.38,171.74,171.36,171.48,147005.0
10:30,171.43,171.75,171.18,171.38,111295.0
10:31,171.39,171.62,171.32,171.41,90056.0
10:32,170.89,171.38,170.71,171.34,109690.0
10:33,170.47,170.91,170.35,170.91,109094.0
10:34,170.71,170.75,170.41,170.46,94127.0
10:35,171.02,171.07,170.5,170.7,85016.0
10:36,170.81,171.02,170.62,171.02,61103.0
10:37,170.65,171.08,170.57,170.78,73868.0
10:38,170.38,170.83,170.33,170.66,91627.0
10:39,170.35,170.49,170.24,170.42,49068.0
10:40,170.36,170.46,170.1,170.38,127252.0
10:41,170.47,170.86,170.33,170.36,92860.0
10:42,170.62,170.73,170.2,170.46,92623.0
10:43,171.08,171.15,170.5,170.65,95186.0
10:44,171.6,171.64,171.06,171.06,113879.0
10:45,171.27,171.7,171.27,171.59,84059.0
10:46,171.31,171.54,171.04,171.28,94883.0
10:47,171.38,171.5,171.27,171.31,56478.0
10:48,171.85,171.85,171.39,171.39,94163.0
10:49,171.13,171.85,170.87,171.82,147239.0
10:50,171.08,171.47,171.08,171.15,72393.0
10:51,171.16,171.4,171.04,171.12,61109.0
10:52,171.23,171.26,170.85,171.15,90468.0
10:53,171.71,171.92,171.23,171.23,96118.0
10:54,171.57,171.94,171.46,171.75,74893.0
10:55,171.5,171.7,171.36,171.57,55290.0
10:56,171.4,171.63,171.25,171.54,79973.0
10:57,171.06,171.45,170.92,171.42,99809.0
10:58,171.15,171.37,171.02,171.1,60868.0
10:59,171.49,171.54,171.12,171.19,69177.0
11:00,171.67,171.71,171.49,171.52,60410.0
11:01,170.97,171.68,170.86,171.67,100225.0
11:02,170.95,171.07,170.74,170.96,70283.0
11:03,170.83,171.02,170.58,171.01,95754.0
11:04,171.19,171.26,170.83,170.83,63800.0
11:05,170.97,171.23,170.88,171.18,42595.0
11:06,170.57,170.96,170.38,170.96,91537.0
11:07,170.74,170.93,170.59,170.59,62989.0
11:08,170.39,170.73,170.36,170.72,66586.0
11:09,170.52,170.6,170.16,170.35,86291.0
11:10,170.85,170.93,170.53,170.53,53713.0
11:11,170.81,170.92,170.72,170.84,54702.0
11:12,170.4,170.89,170.4,170.88,58064.0
11:13,170.6,170.65,170.44,170.44,41098.0
11:14,170.54,170.56,170.14,170.56,90057.0
11:15,170.15,170.52,170.02,170.52,78385.0
11:16,169.94,170.23,169.89,170.15,168340.0
11:17,170.58,170.6,169.86,169.9,142932.0
11:18,170.46,170.71,170.35,170.55,93823.0
11:19,170.41,170.53,170.26,170.41,84273.0
11:20,170.59,170.61,170.11,170.35,81173.0
11:21,170.33,170.59,170.28,170.57,39418.0
11:22,170.88,170.89,170.35,170.36,91025.0
11:23,170.87,171.2,170.82,170.88,101610.0
11:24,170.99,171.15,170.85,170.88,61005.0
11:25,171.02,171.02,170.78,171.0,54669.0
11:26,171.42,171.42,171.03,171.03,80069.0
11:27,171.84,171.94,171.32,171.4,98581.0
11:28,171.96,172.14,171.67,171.86,108811.0
11:29,172.21,172.24,171.93,171.96,71682.0
11:30,172.4,172.46,172.22,172.24,102640.0
11:31,172.43,172.63,172.38,172.42,79832.0
11:32,172.54,172.78,172.34,172.44,100431.0
11:33,172.23,172.54,172.1,172.52,89704.0
11:34,172.41,172.44,172.09,172.24,82950.0
11:35,172.4,172.45,172.08,172.41,64526.0
11:36,172.6,172.67,172.29,172.37,68348.0
11:37,172.9,172.91,172.56,172.62,72021.0
11:38,172.7,172.9,172.64,172.9,65130.0
11:39,172.89,172.98,172.64,172.67,56449.0
11:40,173.2,173.25,172.87,172.88,90277.0
11:41,173.15,173.44,173.05,173.24,69264.0
11:42,173.11,173.24,172.95,173.19,82244.0
11:43,172.96,173.13,172.94,173.1,54956.0
11:44,172.86,173.0,172.74,172.97,58033.0
11:45,172.96,173.1,172.78,172.86,75495.0
11:46,173.05,173.14,172.98,172.98,42185.0
11:47,172.89,173.22,172.85,173.03,52155.0
11:48,172.91,173.02,172.86,172.89,44490.0
11:49,172.81,173.01,172.75,172.93,55115.0
11:50,173.03,173.08,172.87,172.88,81973.0
11:51,173.05,173.1,172.93,173.03,40242.0
11:52,173.11,173.24,172.98,173.04,47935.0
11:53,173.16,173.3,173.07,173.12,44521.0
11:54,173.19,173.24,173.11,173.14,33806.0
11:55,172.97,173.15,172.85,173.14,55097.0
11:56,173.2,173.25,172.88,172.97,51436.0
11:57,173.15,173.31,173.09,173.21,61268.0
11:58,173.28,173.33,173.11,173.14,34816.0
11:59,173.66,173.74,173.29,173.29,129815.0
12:00,173.38,173.71,173.3,173.68,79944.0
12:01,173.3,173.46,173.15,173.38,67711.0
12:02,173.26,173.47,173.23,173.27,52717.0
12:03,173.16,173.36,173.12,173.28,58764.0
12:04,173.26,173.28,173.12,173.21,42395.0
12:05,173.19,173.38,173.1,173.28,52902.0
12:06,173.23,173.23,172.95,173.17,63703.0
12:07,173.33,173.51,173.23,173.26,72648.0
12:08,173.37,173.39,173.13,173.29,42428.0
12:09,173.4,173.47,173.36,173.37,28243.0
12:10,173.14,173.43,173.1,173.4,38863.0
12:11,173.06,173.19,172.94,173.11,39485.0
12:12,173.1,173.11,172.91,173.05,48474.0
12:13,173.21,173.35,173.14,173.14,54184.0
12:14,173.1,173.27,173.04,173.16,32625.0
12:15,173.08,173.12,172.74,173.1,79368.0
12:16,173.26,173.29,173.02,173.09,48355.0
12:17,173.12,173.25,172.96,173.22,46520.0
12:18,172.96,173.06,172.88,173.06,32341.0
12:19,172.9,173.01,172.59,172.94,87058.0
12:20,172.94,173.03,172.78,172.92,42135.0
12:21,172.79,172.97,172.65,172.97,74748.0
12:22,173.05,173.16,172.75,172.8,56473.0
12:23,173.26,173.26,172.9,173.03,69576.0
12:24,173.02,173.24,173.0,173.23,49367.0
12:25,172.94,173.07,172.8,173.02,46735.0
12:26,173.03,173.06,172.87,172.92,42016.0
12:27,172.96,173.01,172.82,173.01,39581.0
12:28,172.76,173.02,172.71,172.97,30640.0
12:29,173.13,173.17,172.78,172.8,46003.0
12:30,172.95,173.17,172.79,173.13,56479.0
12:31,172.67,172.96,172.62,172.96,51952.0
12:32,172.66,172.71,172.56,172.65,51626.0
12:33,172.87,172.9,172.52,172.63,52980.0
12:34,173.03,173.13,172.88,172.9,58017.0
12:35,173.15,173.31,173.01,173.05,78395.0
12:36,172.92,173.12,172.84,173.12,45907.0
12:37,172.72,172.99,172.67,172.95,47818.0
12:38,172.72,172.79,172.56,172.69,41484.0
12:39,172.74,172.85,172.52,172.75,63578.0
12:40,172.35,172.77,172.3,172.73,71993.0
12:41,172.25,172.4,172.16,172.36,90702.0
12:42,172.54,172.65,172.19,172.27,78626.0
12:43,172.55,172.65,172.37,172.51,36015.0
12:44,172.44,172.59,172.31,172.55,38060.0
12:45,171.99,172.46,171.84,172.44,132517.0
12:46,172.03,172.15,171.82,171.97,89873.0
12:47,172.02,172.13,171.85,172.04,48146.0
12:48,171.98,172.06,171.84,172.06,29267.0
12:49,172.25,172.35,171.81,171.89,73213.0
12:50,172.07,172.34,171.98,172.2,32216.0
12:51,171.77,172.01,171.73,172.01,53530.0
12:52,171.73,171.77,171.61,171.75,52093.0
12:53,171.82,171.98,171.71,171.74,47447.0
12:54,171.58,171.82,171.52,171.82,43323.0
12:55,171.54,171.62,171.44,171.6,45021.0
12:56,171.57,171.6,171.4,171.54,59686.0
12:57,171.71,171.72,171.43,171.57,66169.0
12:58,171.72,171.74,171.6,171.71,42121.0
12:59,171.38,171.68,171.31,171.68,69689.0
13:00,171.29,171.44,171.25,171.38,43833.0
13:01,171.24,171.3,171.19,171.3,51719.0
13:02,171.13,171.27,171.07,171.26,55571.0
13:03,171.3,171.37,171.14,171.19,63066.0
13:04,171.5,171.5,171.22,171.23,52850.0
13:05,171.25,171.57,171.18,171.47,68744.0
13:06,171.43,171.54,171.17,171.21,53745.0
13:07,171.23,171.34,171.11,171.34,27452.0
13:08,171.16,171.24,170.99,171.24,43156.0
13:09,171.24,171.28,171.04,171.18,69247.0
13:10,171.53,171.74,171.21,171.21,78356.0
13:11,171.24,171.52,171.09,171.52,51490.0
13:12,171.2,171.26,171.06,171.22,51390.0
13:13,171.25,171.35,171.06,171.21,52466.0
13:14,171.41,171.47,171.33,171.33,41306.0
13:15,171.07,171.43,171.04,171.42,74968.0
13:16,171.31,171.31,171.03,171.06,48439.0
13:17,171.55,171.64,171.31,171.32,54817.0
13:18,171.52,171.57,171.29,171.53,38202.0
13:19,171.51,171.59,171.45,171.54,34316.0
13:20,171.5,171.62,171.36,171.55,54297.0
13:21,171.74,171.88,171.48,171.5,64677.0
13:22,171.49,171.76,171.41,171.76,46602.0
13:23,171.34,171.47,171.26,171.46,32783.0
13:24,171.34,171.38,171.16,171.31,37716.0
13:25,171.43,171.53,171.37,171.38,27924.0
13:26,171.49,171.52,171.34,171.46,30898.0
13:27,171.36,171.54,171.24,171.49,24811.0
13:28,171.26,171.35,171.03,171.35,74166.0
13:29,171.26,171.45,171.22,171.26,41442.0
13:30,171.15,171.27,171.07,171.21,32794.0
13:31,170.93,171.16,170.88,171.14,71450.0
13:32,171.03,171.08,170.85,170.93,53959.0
13:33,170.88,170.98,170.82,170.97,51844.0
13:34,170.85,170.95,170.76,170.89,30567.0
13:35,170.92,170.92,170.64,170.85,50317.0
13:36,170.93,171.07,170.86,171.0,41466.0
13:37,171.07,171.11,170.88,170.93,39993.0
13:38,171.18,171.31,171.08,171.09,47688.0
13:39,171.15,171.19,171.01,171.16,46290.0
13:40,171.07,171.18,171.05,171.14,31277.0
13:41,171.09,171.11,170.88,171.08,38249.0
13:42,171.35,171.44,171.08,171.08,56053.0
13:43,171.09,171.33,171.01,171.33,64260.0
13:44,171.29,171.4,171.12,171.12,35213.0
13:45,171.45,171.47,171.21,171.33,46918.0
13:46,171.7,171.74,171.34,171.46,82262.0
13:47,171.95,171.97,171.63,171.65,67736.0
13:48,171.93,172.08,171.9,171.97,59296.0
13:49,171.53,171.93,171.46,171.92,58200.0
13:50,171.47,171.66,171.38,171.61,48102.0
13:51,171.21,171.48,171.03,171.46,72058.0
13:52,170.89,171.26,170.84,171.21,81368.0
13:53,171.11,171.13,170.88,170.9,56773.0
13:54,170.84,171.11,170.79,171.11,36778.0
13:55,170.21,170.82,170.17,170.82,111445.0
13:56,170.11,170.37,170.07,170.2,76126.0
13:57,169.75,170.24,169.73,170.07,122083.0
13:58,169.58,169.77,169.39,169.77,105486.0
13:59,169.59,169.8,169.46,169.55,105174.0
14:00,169.72,169.73,169.38,169.57,77311.0
14:01,169.38,169.7,169.34,169.7,54244.0
14:02,169.04,169.34,168.76,169.32,174194.0
14:03,168.56,169.05,168.45,169.04,123923.0
14:04,168.64,168.69,168.36,168.57,127611.0
14:05,168.5,168.71,168.49,168.65,65132.0
14:06,168.94,169.02,168.48,168.5,89933.0
14:07,168.98,169.0,168.76,168.9,75401.0
14:08,169.32,169.46,168.96,168.99,126264.0
14:09,169.12,169.42,169.11,169.3,96189.0
14:10,168.87,169.25,168.87,169.15,97414.0
14:11,169.24,169.36,168.88,168.88,97362.0
14:12,169.32,169.47,169.24,169.25,66108.0
14:13,169.24,169.37,169.14,169.3,73880.0
14:14,169.13,169.31,168.94,169.24,61030.0
14:15,168.94,169.25,168.93,169.18,65703.0
14:16,168.71,168.93,168.58,168.92,107990.0
14:17,168.73,168.94,168.68,168.76,63030.0
14:18,168.45,168.72,168.41,168.72,64189.0
14:19,168.73,168.75,168.4,168.49,127128.0
14:20,168.72,168.85,168.61,168.73,45099.0
14:21,168.72,168.76,168.62,168.71,31793.0
14:22,168.62,168.92,168.53,168.73,67561.0
14:23,168.5,168.71,168.49,168.62,86143.0
14:24,168.72,168.75,168.49,168.49,51582.0
14:25,168.33,168.87,168.3,168.71,9599285.0
14:26,168.33,168.51,168.13,168.34,1.0
14:27,168.24,168.47,168.14,168.33,65981.0
14:28,168.28,168.32,167.96,168.22,114119.0
14:29,168.77,168.83,168.3,168.3,113099.0
14:30,168.84,169.15,168.7,168.75,91801.0
14:31,168.58,168.8,168.51,168.8,64254.0
14:32,168.29,168.62,168.21,168.59,64612.0
14:33,168.24,168.49,168.23,168.3,55216.0
14:34,168.34,168.37,167.96,168.22,84855.0
14:35,168.32,168.41,168.22,168.36,49935.0
14:36,168.4,168.48,168.21,168.34,55325.0
14:37,168.15,168.48,168.09,168.4,63243.0
14:38,167.86,168.21,167.83,168.16,90029.0
14:39,167.85,168.1,167.8,167.89,62542.0
14:40,168.16,168.18,167.73,167.87,81020.0
14:41,168.09,168.2,168.0,168.18,51220.0
14:42,168.11,168.16,167.95,168.09,43356.0
14:43,168.18,168.28,168.02,168.09,53799.0
14:44,168.5,168.54,168.17,168.18,58449.0
14:45,168.32,168.68,168.29,168.56,73109.0
14:46,168.06,168.4,168.0,168.36,51100.0
14:47,168.0,168.13,167.84,168.07,57612.0
14:48,168.14,168.2,167.88,167.99,59520.0
14:49,168.47,168.49,168.03,168.17,81371.0
14:50,168.65,168.78,168.42,168.42,82587.0
14:51,168.61,168.78,168.36,168.71,73548.0
14:52,168.37,168.72,168.37,168.63,51284.0
14:53,168.19,168.54,168.19,168.4,64007.0
14:54,168.33,168.46,168.12,168.23,119720.0
14:55,168.42,168.42,168.09,168.31,52612.0
14:56,168.07,168.45,168.02,168.45,60460.0
14:57,168.11,168.14,167.9,168.06,59209.0
14:58,168.34,168.47,168.1,168.1,82627.0
14:59,168.18,168.31,168.02,168.26,55871.0
15:00,168.25,168.43,168.12,168.23,51895.0
15:01,167.85,168.31,167.84,168.24,62769.0
15:02,167.9,168.03,167.72,167.86,80933.0
15:03,167.8,168.05,167.68,167.85,81014.0
15:04,168.21,168.31,167.88,167.88,88791.0
15:05,168.66,168.88,168.15,168.2,118019.0
15:06,168.8,168.98,168.64,168.65,96042.0
15:07,168.63,168.77,168.54,168.76,72394.0
15:08,168.86,168.95,168.62,168.62,74819.0
15:09,168.82,168.85,168.43,168.85,110067.0
15:10,169.16,169.41,168.78,168.8,136790.0
15:11,169.33,169.37,169.03,169.18,84802.0
15:12,169.24,169.56,169.14,169.29,115415.0
15:13,169.21,169.42,169.2,169.26,60474.0
15:14,168.82,169.23,168.81,169.23,96981.0
15:15,169.19,169.3,168.61,168.84,114479.0
15:16,169.46,169.53,169.11,169.15,87241.0
15:17,169.49,169.53,169.21,169.43,84079.0
15:18,169.72,169.81,169.47,169.49,117316.0
15:19,169.38,169.72,169.3,169.72,140231.0
15:20,169.58,169.62,169.31,169.35,72975.0
15:21,169.43,169.76,169.22,169.54,75769.0
15:22,169.52,169.55,169.35,169.45,66963.0
15:23,169.78,169.84,169.47,169.49,98588.0
15:24,169.78,169.89,169.63,169.75,80867.0
15:25,169.78,169.93,169.61,169.79,78422.0
15:26,169.86,170.1,169.69,169.79,116558.0
15:27,169.76,170.01,169.71,169.87,68623.0
15:28,169.63,169.77,169.55,169.77,80632.0
15:29,169.77,169.83,169.54,169.63,78885.0
15:30,169.92,169.98,169.78,169.81,83176.0
15:31,169.45,170.02,169.45,169.94,77655.0
15:32,169.45,169.78,169.41,169.46,73158.0
15:33,169.43,169.51,169.2,169.45,103813.0
15:34,169.37,169.57,169.19,169.43,92167.0
15:35,169.66,169.75,169.34,169.39,82678.0
15:36,169.74,169.77,169.49,169.6,63525.0
15:37,169.42,169.75,169.42,169.73,67031.0
15:38,169.25,169.57,169.18,169.42,67782.0
15:39,169.1,169.38,169.08,169.21,63237.0
15:40,169.39,169.46,169.07,169.08,87783.0
15:41,169.27,169.43,169.13,169.36,48486.0
15:42,169.53,169.58,169.28,169.31,57558.0
15:43,169.17,169.52,169.06,169.52,61096.0
15:44,169.65,169.67,169.22,169.22,76420.0
15:45,169.72,169.94,169.54,169.66,105091.0
15:46,170.14,170.14,169.63,169.72,117319.0
15:47,170.31,170.31,170.09,170.12,115869.0
15:48,170.32,170.37,170.14,170.3,77807.0
15:49,170.17,170.42,170.17,170.3,85362.0
15:50,170.65,170.65,170.08,170.28,121935.0
15:51,170.7,170.93,170.65,170.65,132732.0
15:52,170.76,170.93,170.61,170.71,103591.0
15:53,170.52,170.82,170.38,170.77,120789.0
15:54,170.63,170.69,170.37,170.52,135842.0
15:55,171.55,171.55,170.61,170.65,206016.0
15:56,171.27,171.62,171.16,171.55,181504.0
15:57,171.02,171.26,170.97,171.25,153904.0
15:58,171.17,171.17,170.98,171.03,157936.0
15:59,171.21,171.32,170.95,171.2,499599.0
